0 0.377218 0.415091 0.378852 0.428746 0.383754 0.444153 0.386788 0.448704 0.390056 0.450630 0.398926 0.450105 0.421569 0.444503 0.437208 0.437500 0.457049 0.424545 0.478525 0.406338 0.492297 0.391106 0.499533 0.380952 0.511204 0.355217 0.514239 0.345238 0.514939 0.327031 0.511438 0.307423 0.506069 0.286415 0.498366 0.277836 0.485294 0.272584 0.477591 0.271183 0.468021 0.271008 0.450747 0.274160 0.446078 0.275735 0.429972 0.284839 0.419468 0.295693 0.404062 0.307073 0.394024 0.320903 0.386088 0.338585 0.383987 0.349965 0.381886 0.355742 0.379785 0.369048 0.377684 0.401261 0.377218 0.415091
0 0.541783 0.099090 0.546218 0.106968 0.550187 0.111695 0.567694 0.124125 0.577965 0.130602 0.605976 0.144608 0.622316 0.148459 0.635854 0.148810 0.648459 0.147584 0.673669 0.140581 0.685574 0.133754 0.692577 0.127976 0.698179 0.118172 0.698880 0.112570 0.696312 0.102591 0.691176 0.095413 0.686275 0.091562 0.679272 0.088410 0.665733 0.083859 0.643791 0.077906 0.640289 0.077731 0.619981 0.072829 0.590803 0.071604 0.577031 0.071779 0.571195 0.072829 0.560691 0.076506 0.549486 0.082983 0.546218 0.086134 0.542017 0.092962 0.541783 0.099090
0 0.670635 0.609069 0.670868 0.612920 0.673669 0.616772 0.681839 0.623775 0.696312 0.628501 0.717554 0.632353 0.727124 0.635329 0.744164 0.637605 0.753268 0.637955 0.760271 0.637430 0.772876 0.638480 0.775910 0.637605 0.785714 0.637080 0.803922 0.634454 0.810224 0.632703 0.821195 0.627626 0.829832 0.624825 0.838469 0.620273 0.852241 0.611345 0.857376 0.604692 0.866246 0.597164 0.868347 0.592787 0.872082 0.587885 0.887955 0.571078 0.891457 0.564076 0.893091 0.557423 0.892157 0.554272 0.888189 0.548669 0.882820 0.545518 0.876517 0.538690 0.873016 0.536239 0.861111 0.532388 0.834734 0.527136 0.814659 0.525910 0.794351 0.526961 0.782213 0.529412 0.765640 0.535539 0.762138 0.536239 0.753968 0.540441 0.746732 0.542717 0.732493 0.550245 0.726891 0.554447 0.723156 0.556197 0.716853 0.561800 0.710784 0.568803 0.699346 0.578256 0.696779 0.581583 0.688842 0.587185 0.680205 0.595063 0.671802 0.606793 0.670635 0.609069
0 0.705882 0.698179 0.708217 0.713410 0.713119 0.724090 0.716620 0.738095 0.721755 0.751225 0.736695 0.776085 0.764006 0.806022 0.778711 0.818803 0.793184 0.828782 0.803922 0.834734 0.812792 0.838410 0.824697 0.842787 0.837768 0.845238 0.847806 0.848214 0.856909 0.852066 0.862979 0.853641 0.877451 0.854517 0.892157 0.853992 0.900794 0.851891 0.907563 0.849440 0.910831 0.847339 0.920168 0.839111 0.923903 0.831408 0.924837 0.821078 0.923436 0.800245 0.919234 0.786765 0.906162 0.761380 0.878618 0.716737 0.873483 0.710084 0.861345 0.698004 0.859711 0.695378 0.855509 0.692052 0.852474 0.688200 0.846872 0.684349 0.838702 0.676120 0.827498 0.670518 0.824463 0.668242 0.813025 0.663690 0.810691 0.661064 0.806956 0.660539 0.793184 0.655987 0.770308 0.652311 0.754902 0.653011 0.737862 0.657563 0.726190 0.662815 0.712185 0.679097 0.706816 0.689251 0.705882 0.698179
0 0.490196 0.717262 0.493464 0.728466 0.496732 0.733718 0.507003 0.745098 0.512605 0.750000 0.528945 0.759804 0.540383 0.764006 0.547619 0.767682 0.581466 0.775035 0.591970 0.778711 0.605742 0.778711 0.609244 0.780287 0.615079 0.778536 0.619981 0.778536 0.623249 0.779762 0.633987 0.780462 0.637255 0.779412 0.651261 0.778186 0.671335 0.775035 0.685808 0.771534 0.699113 0.765931 0.707049 0.758578 0.708450 0.755077 0.709851 0.748775 0.708683 0.734652 0.710084 0.727591 0.709851 0.723739 0.708917 0.720063 0.704715 0.714811 0.697946 0.709384 0.692577 0.703081 0.687208 0.700980 0.667834 0.688550 0.651261 0.681197 0.630252 0.674895 0.585434 0.670868 0.573996 0.670518 0.538515 0.675070 0.521709 0.679972 0.505135 0.688550 0.494631 0.698179 0.492063 0.702906 0.490430 0.709559 0.490196 0.717262
0 0.332166 0.640581 0.341036 0.672794 0.341970 0.678746 0.345005 0.685224 0.346872 0.692927 0.358777 0.716912 0.362278 0.722864 0.366013 0.726541 0.368581 0.730567 0.369514 0.734419 0.371849 0.738095 0.387021 0.752276 0.401027 0.758228 0.407563 0.759629 0.422035 0.759804 0.429272 0.759104 0.438375 0.756127 0.444911 0.751576 0.448179 0.747549 0.462418 0.734944 0.468254 0.727941 0.470355 0.724090 0.477358 0.697479 0.476891 0.674720 0.474090 0.657563 0.469655 0.647059 0.461718 0.633403 0.454015 0.622724 0.441877 0.598389 0.428338 0.578256 0.421802 0.574405 0.414799 0.572479 0.401261 0.571779 0.384454 0.572829 0.369514 0.577556 0.355742 0.586835 0.341970 0.603291 0.334500 0.619398 0.332400 0.630427 0.332166 0.640581
0 0.009337 0.456583 0.014006 0.470413 0.037815 0.505252 0.049953 0.518557 0.067227 0.532213 0.075397 0.540266 0.084967 0.547444 0.102241 0.555147 0.108777 0.557073 0.112745 0.559524 0.119048 0.560399 0.130486 0.559874 0.137021 0.557248 0.151494 0.544818 0.160598 0.532913 0.165966 0.523459 0.170168 0.511905 0.172035 0.497199 0.172035 0.494223 0.170401 0.489471 0.169935 0.474265 0.165733 0.459909 0.159897 0.449230 0.156629 0.446254 0.148226 0.433999 0.141923 0.427696 0.126984 0.415966 0.112278 0.409489 0.102474 0.403186 0.098739 0.402311 0.088469 0.397059 0.073996 0.394083 0.052988 0.399160 0.030345 0.401611 0.026377 0.402661 0.021242 0.407563 0.015173 0.415266 0.011671 0.423669 0.009337 0.435399 0.009337 0.456583
0 0.107143 0.400910 0.108310 0.401961 0.112745 0.405287 0.116713 0.406338 0.126517 0.410889 0.135387 0.413165 0.143791 0.413690 0.147059 0.414566 0.150794 0.413690 0.161064 0.414216 0.168301 0.413690 0.179972 0.412115 0.192110 0.409489 0.213819 0.400910 0.215920 0.397584 0.220355 0.396534 0.223856 0.394783 0.242530 0.379552 0.246965 0.373599 0.269141 0.349265 0.269374 0.345063 0.274043 0.338410 0.282913 0.321078 0.286648 0.310749 0.286881 0.306548 0.289449 0.296744 0.290149 0.288515 0.290149 0.285714 0.287348 0.275910 0.279879 0.267157 0.275444 0.264356 0.268908 0.258403 0.241130 0.252101 0.227124 0.252101 0.203081 0.260854 0.192577 0.267857 0.188142 0.272759 0.177871 0.278711 0.166900 0.288340 0.159897 0.297444 0.155696 0.300245 0.153128 0.304797 0.149860 0.307773 0.146125 0.316176 0.140990 0.324405 0.137255 0.328081 0.133754 0.333683 0.128151 0.345413 0.116246 0.366071 0.113912 0.368697 0.109711 0.383754 0.107143 0.400910
0 0.464519 0.242647 0.466153 0.250350 0.468254 0.255077 0.475957 0.264006 0.481092 0.268032 0.498133 0.276786 0.506536 0.283613 0.510271 0.287990 0.515873 0.290441 0.532680 0.295693 0.546685 0.297094 0.557423 0.296569 0.577965 0.292192 0.588936 0.287115 0.595005 0.282913 0.607843 0.263831 0.609944 0.258929 0.611811 0.249475 0.611578 0.241246 0.610644 0.237920 0.607843 0.230217 0.601541 0.220063 0.600607 0.216912 0.594304 0.208508 0.581466 0.195903 0.573296 0.191352 0.553455 0.183648 0.536181 0.179797 0.521942 0.180672 0.515406 0.181898 0.507703 0.185049 0.504435 0.189076 0.501634 0.188200 0.495331 0.189426 0.490430 0.191527 0.478992 0.202031 0.469188 0.215336 0.466620 0.221113 0.464519 0.233018 0.464519 0.242647
0 0.717087 0.227941 0.723856 0.231793 0.727124 0.232143 0.730859 0.233894 0.734360 0.234069 0.737628 0.235644 0.741830 0.235819 0.751401 0.237920 0.765873 0.237920 0.769374 0.235994 0.774043 0.237570 0.778945 0.241597 0.803455 0.244923 0.810924 0.244573 0.814893 0.242822 0.819328 0.244398 0.827731 0.245623 0.836601 0.244573 0.846172 0.244923 0.852474 0.243522 0.862512 0.238796 0.869748 0.236870 0.874883 0.234244 0.898926 0.226541 0.912698 0.224090 0.932540 0.221814 0.939542 0.218662 0.944678 0.215161 0.950514 0.209559 0.956583 0.199230 0.958683 0.186625 0.957983 0.178922 0.956583 0.174895 0.953081 0.169468 0.949813 0.167017 0.945378 0.165791 0.932306 0.159489 0.908263 0.153887 0.894024 0.152136 0.859010 0.153536 0.821195 0.157738 0.809991 0.161239 0.802521 0.165091 0.796218 0.166141 0.793184 0.165616 0.773810 0.174370 0.750467 0.181548 0.738095 0.189076 0.734360 0.192927 0.730859 0.193627 0.728058 0.195903 0.721755 0.202906 0.721522 0.205007 0.719421 0.208683 0.716620 0.210959 0.712418 0.219713 0.717087 0.227941
0 0.028711 0.823704 0.029879 0.831057 0.032446 0.838585 0.035948 0.844013 0.040850 0.848739 0.043651 0.850490 0.049953 0.852066 0.088702 0.849790 0.094538 0.848214 0.126984 0.845238 0.140990 0.843137 0.159897 0.838761 0.183473 0.832458 0.213819 0.820903 0.234127 0.810924 0.246265 0.803571 0.257937 0.793067 0.265406 0.783964 0.267507 0.779762 0.268441 0.764181 0.265640 0.753676 0.261905 0.747899 0.253501 0.741071 0.244631 0.736870 0.231326 0.733368 0.221055 0.732668 0.192344 0.732668 0.170635 0.733193 0.147526 0.734769 0.124650 0.742122 0.116013 0.743697 0.105509 0.746674 0.094071 0.752451 0.081232 0.757003 0.066060 0.764531 0.050187 0.777136 0.040616 0.786590 0.035014 0.794818 0.028945 0.810574 0.028711 0.823704
0 0.391923 0.828782 0.393791 0.844363 0.397526 0.859244 0.410598 0.887605 0.425070 0.911940 0.432073 0.921744 0.454015 0.946078 0.462652 0.953782 0.477824 0.964111 0.490196 0.969538 0.507470 0.974265 0.522409 0.976366 0.529412 0.976015 0.532680 0.975140 0.534314 0.973915 0.539916 0.965336 0.544818 0.953431 0.546919 0.943452 0.547619 0.931022 0.546685 0.914216 0.547619 0.907388 0.545518 0.890406 0.541317 0.866071 0.538749 0.859594 0.531513 0.828256 0.524043 0.810574 0.521709 0.807948 0.517040 0.798494 0.506303 0.783789 0.492997 0.770833 0.484127 0.764356 0.477824 0.761029 0.463819 0.756127 0.453315 0.753501 0.449113 0.753151 0.434641 0.759279 0.428338 0.760504 0.411765 0.762080 0.408263 0.764356 0.400327 0.772234 0.397993 0.776085 0.393791 0.786940 0.391457 0.799370 0.391923 0.828782
0 0.196078 0.505427 0.199346 0.514531 0.201447 0.517857 0.207983 0.536765 0.209617 0.539916 0.224323 0.554097 0.237862 0.560924 0.249066 0.563901 0.261905 0.564776 0.272642 0.564251 0.282446 0.562325 0.296685 0.555672 0.310691 0.538866 0.316760 0.526085 0.318161 0.519433 0.317460 0.505777 0.312092 0.488095 0.303688 0.474090 0.300654 0.471639 0.296919 0.466737 0.283613 0.457283 0.272176 0.453782 0.258637 0.448179 0.244631 0.448704 0.240430 0.451331 0.234827 0.452906 0.234594 0.455299 0.232026 0.456933 0.225724 0.458158 0.224323 0.459034 0.220355 0.459209 0.209851 0.465686 0.202848 0.474265 0.199113 0.480742 0.195612 0.492122 0.196078 0.505427
1 0.000000 0.099790 0.000000 0.234069 0.007003 0.232843 0.022409 0.222689 0.026377 0.222339 0.028945 0.219713 0.030579 0.214461 0.030112 0.197929 0.032213 0.186625 0.035481 0.177521 0.041317 0.167892 0.043884 0.161415 0.045051 0.155287 0.044585 0.150560 0.040850 0.140931 0.029879 0.122899 0.015873 0.108543 0.012138 0.105567 0.001634 0.099790 0.000000 0.099790
1 0.087302 0.122724 0.090570 0.129902 0.093137 0.131127 0.105275 0.132703 0.114613 0.135154 0.122316 0.141282 0.135154 0.146884 0.136788 0.150910 0.141923 0.153186 0.145658 0.155987 0.147059 0.158263 0.154295 0.163515 0.157796 0.162465 0.159664 0.160189 0.164799 0.156513 0.190243 0.129902 0.192577 0.120448 0.192577 0.112570 0.190009 0.101541 0.183007 0.086310 0.178571 0.081057 0.172969 0.076681 0.170401 0.075805 0.164566 0.070903 0.158030 0.069153 0.154295 0.067227 0.143324 0.065476 0.126751 0.067227 0.115313 0.070903 0.106443 0.075105 0.098739 0.081408 0.094071 0.087360 0.089169 0.098915 0.087302 0.106268 0.087302 0.122724
1 0.040616 0.178221 0.039449 0.182248 0.039449 0.189076 0.041317 0.193627 0.042250 0.204307 0.052054 0.228641 0.057890 0.237920 0.061158 0.240196 0.062558 0.242297 0.070728 0.247549 0.081466 0.245623 0.084967 0.244048 0.091970 0.244398 0.108543 0.249475 0.115780 0.253852 0.123483 0.261029 0.131886 0.271534 0.135854 0.277836 0.142390 0.301821 0.144024 0.303046 0.151027 0.302871 0.168067 0.285189 0.177171 0.276961 0.178805 0.273634 0.180205 0.266457 0.179505 0.246849 0.178338 0.241597 0.176937 0.222689 0.172502 0.200455 0.171335 0.196078 0.166433 0.185924 0.161531 0.179272 0.154062 0.165966 0.143791 0.156513 0.133287 0.150910 0.132120 0.147409 0.130252 0.145833 0.112512 0.135679 0.102241 0.133053 0.084967 0.131828 0.077731 0.132528 0.064659 0.135329 0.055556 0.140231 0.052988 0.142857 0.049720 0.148459 0.044818 0.161239 0.042017 0.172094 0.040149 0.175070 0.040616 0.178221
1 0.158964 0.171744 0.171569 0.194853 0.175303 0.208508 0.178571 0.211835 0.189309 0.201856 0.202148 0.194153 0.215920 0.188375 0.231092 0.184349 0.258637 0.181898 0.263072 0.176296 0.269141 0.162990 0.275210 0.147234 0.278011 0.136555 0.280112 0.117822 0.279412 0.111345 0.276377 0.105742 0.263772 0.101891 0.257470 0.101541 0.249066 0.099790 0.237862 0.102066 0.229458 0.105742 0.224790 0.109594 0.220588 0.110994 0.207516 0.119398 0.181373 0.139531 0.172502 0.150910 0.161998 0.161239 0.158964 0.166141 0.158964 0.171744
1 0.221989 0.105217 0.223156 0.105917 0.232260 0.103817 0.239729 0.100840 0.248366 0.098915 0.261905 0.100665 0.274043 0.103992 0.278011 0.107668 0.280345 0.112395 0.280579 0.121148 0.279178 0.129202 0.279178 0.130602 0.280345 0.131828 0.301354 0.132178 0.309057 0.133228 0.323063 0.132353 0.331933 0.132703 0.341970 0.129027 0.343371 0.123249 0.343371 0.113620 0.341970 0.101891 0.338702 0.093662 0.334500 0.090861 0.329365 0.084734 0.319094 0.077206 0.298086 0.070203 0.285481 0.067402 0.274510 0.066877 0.252801 0.070028 0.241130 0.075805 0.236928 0.079132 0.230392 0.082633 0.223623 0.091036 0.222456 0.095238 0.221989 0.105217
1 0.262372 0.182248 0.265173 0.182948 0.315826 0.187500 0.323996 0.189426 0.333100 0.189426 0.345005 0.187675 0.346405 0.185749 0.345705 0.180672 0.346172 0.174895 0.343838 0.168417 0.342670 0.158088 0.333100 0.151085 0.320495 0.139706 0.313259 0.134979 0.303221 0.133053 0.290616 0.132353 0.280112 0.133578 0.278245 0.137080 0.273343 0.154062 0.262605 0.178746 0.262372 0.182248
1 0.345938 0.130777 0.347572 0.137430 0.350607 0.140406 0.352241 0.143732 0.354342 0.140581 0.364379 0.133754 0.369514 0.132528 0.374650 0.133228 0.379785 0.135154 0.383754 0.138130 0.394958 0.142332 0.403361 0.147409 0.408964 0.149335 0.425070 0.157913 0.435808 0.158263 0.451214 0.162640 0.456116 0.165091 0.457049 0.164741 0.457750 0.160014 0.456583 0.153887 0.454949 0.150910 0.449813 0.133053 0.436041 0.106092 0.433240 0.103641 0.429505 0.098039 0.416433 0.082458 0.404528 0.069853 0.400327 0.067227 0.396125 0.062850 0.387021 0.058473 0.376050 0.055672 0.371615 0.055147 0.362979 0.055672 0.355742 0.060749 0.354108 0.063550 0.347806 0.077556 0.343838 0.095938 0.345938 0.130777
1 0.397526 0.064776 0.404995 0.069853 0.424136 0.090861 0.436508 0.107318 0.441877 0.119923 0.447479 0.128326 0.449580 0.130777 0.452848 0.131127 0.464519 0.120098 0.466853 0.116947 0.471289 0.110119 0.473623 0.101891 0.473623 0.091737 0.471755 0.077031 0.469655 0.071078 0.463352 0.060574 0.449580 0.049545 0.440710 0.046394 0.427638 0.045693 0.424136 0.046218 0.412698 0.050070 0.403128 0.055672 0.397526 0.060749 0.397292 0.061975 0.397526 0.064776
1 0.475257 0.098564 0.474323 0.102241 0.471989 0.109244 0.467787 0.116422 0.456816 0.127801 0.453315 0.128501 0.452148 0.129377 0.453081 0.137605 0.454715 0.139006 0.457049 0.139531 0.469655 0.136380 0.476891 0.136380 0.484360 0.137430 0.493931 0.139881 0.498366 0.140231 0.501167 0.139706 0.502801 0.138305 0.512372 0.114496 0.514472 0.100140 0.512138 0.091912 0.506069 0.083508 0.496265 0.077381 0.488095 0.074930 0.479925 0.074055 0.473623 0.075280 0.471989 0.077556 0.475257 0.098564
1 0.344771 0.168417 0.347806 0.175945 0.347572 0.182423 0.350607 0.187675 0.350607 0.189076 0.355976 0.192577 0.363445 0.194503 0.370915 0.198179 0.378151 0.204657 0.381653 0.210084 0.382820 0.223389 0.384921 0.227416 0.387955 0.230742 0.400794 0.238445 0.408030 0.239321 0.419468 0.243873 0.427404 0.249825 0.432306 0.251401 0.435808 0.253676 0.438842 0.256478 0.445845 0.260504 0.457750 0.269083 0.464052 0.269783 0.470355 0.267507 0.472222 0.265931 0.472923 0.262080 0.468954 0.257178 0.465686 0.251225 0.464052 0.242997 0.463585 0.234069 0.465219 0.223915 0.467787 0.216387 0.475023 0.205007 0.485528 0.194853 0.490430 0.188901 0.471055 0.173669 0.465686 0.171218 0.459150 0.166667 0.442810 0.160889 0.439542 0.160714 0.435574 0.159489 0.431839 0.159664 0.426004 0.158789 0.418067 0.155987 0.415500 0.153887 0.410364 0.152136 0.393791 0.142857 0.387255 0.139706 0.383287 0.138831 0.379785 0.136380 0.373249 0.133578 0.368581 0.133578 0.365313 0.134454 0.354108 0.141807 0.349673 0.147409 0.345005 0.157738 0.344771 0.168417
1 0.179272 0.224440 0.181139 0.241947 0.184174 0.248074 0.189076 0.254027 0.195612 0.256478 0.206349 0.256653 0.210317 0.255777 0.218954 0.252276 0.221055 0.249475 0.221289 0.248074 0.213352 0.240721 0.208917 0.233193 0.207283 0.227591 0.207283 0.223214 0.207983 0.219888 0.210551 0.215161 0.217554 0.208683 0.220355 0.207283 0.224556 0.206758 0.247899 0.196254 0.262372 0.196254 0.265873 0.197829 0.272409 0.199055 0.274977 0.198179 0.288282 0.196954 0.303688 0.198004 0.317460 0.203431 0.325397 0.205357 0.335668 0.206758 0.344538 0.210609 0.349907 0.212010 0.359010 0.217087 0.364613 0.218662 0.376517 0.225840 0.380252 0.226015 0.381186 0.222164 0.380719 0.210259 0.378618 0.206232 0.374650 0.201681 0.366013 0.195728 0.359010 0.194153 0.350607 0.190476 0.345938 0.189601 0.329365 0.189776 0.307190 0.185924 0.288049 0.184699 0.283147 0.183824 0.271709 0.184349 0.262138 0.182948 0.257703 0.183648 0.231326 0.184699 0.223623 0.186099 0.216853 0.188375 0.199580 0.196078 0.191877 0.201155 0.181606 0.210084 0.179505 0.215161 0.179272 0.224440
1 0.209384 0.230042 0.211251 0.234594 0.215453 0.241071 0.220822 0.245448 0.223856 0.249650 0.229925 0.251050 0.239963 0.250350 0.246965 0.251050 0.251401 0.253852 0.258637 0.255077 0.262138 0.254377 0.269608 0.257178 0.275677 0.261905 0.286415 0.272234 0.290383 0.280637 0.292017 0.290091 0.294818 0.293417 0.300187 0.296919 0.334734 0.310749 0.354809 0.311275 0.373483 0.312675 0.397059 0.306022 0.401027 0.303571 0.412232 0.292542 0.419701 0.283088 0.421569 0.274685 0.420635 0.266632 0.417134 0.262255 0.415966 0.255077 0.410831 0.251225 0.406863 0.244923 0.387021 0.231443 0.364146 0.218662 0.345472 0.210259 0.335201 0.206758 0.315359 0.202906 0.299953 0.197304 0.287115 0.196254 0.282680 0.196254 0.278711 0.197129 0.275910 0.195903 0.271008 0.197829 0.268441 0.197829 0.265406 0.197304 0.258637 0.194328 0.255135 0.196604 0.247899 0.196604 0.245098 0.197304 0.240896 0.200280 0.231793 0.202381 0.218721 0.208683 0.210551 0.217087 0.209150 0.223214 0.209384 0.230042
1 0.455415 0.147234 0.460084 0.165266 0.463119 0.168417 0.486228 0.183648 0.487862 0.186099 0.489729 0.187150 0.491363 0.187675 0.498133 0.186625 0.502568 0.184174 0.517040 0.180147 0.529645 0.179447 0.532213 0.178571 0.533147 0.174895 0.522409 0.157738 0.512605 0.148109 0.501401 0.141106 0.491830 0.139531 0.481092 0.136555 0.469888 0.136204 0.464753 0.137080 0.456349 0.140581 0.455649 0.141632 0.455415 0.147234
1 0.536181 0.178922 0.553455 0.183123 0.573529 0.191176 0.580532 0.194853 0.591970 0.204482 0.594071 0.203606 0.596172 0.201155 0.599673 0.199055 0.602941 0.198179 0.609711 0.198004 0.616480 0.200630 0.624416 0.207808 0.630019 0.211134 0.635387 0.207808 0.638189 0.199580 0.637955 0.187850 0.635387 0.178746 0.623716 0.164741 0.617880 0.160539 0.612512 0.158263 0.605275 0.156338 0.595472 0.155112 0.580999 0.155812 0.571429 0.157563 0.559757 0.161415 0.549720 0.165966 0.540149 0.172269 0.537115 0.175595 0.536181 0.178922
1 0.637955 0.188375 0.638655 0.196429 0.636555 0.206408 0.635154 0.208683 0.632820 0.210259 0.632353 0.213410 0.642857 0.228466 0.644024 0.232668 0.648926 0.242472 0.651261 0.243873 0.663866 0.237745 0.667367 0.234419 0.671102 0.219363 0.668301 0.203431 0.668067 0.195903 0.669001 0.193102 0.668301 0.189076 0.666200 0.185924 0.660598 0.181723 0.653828 0.178046 0.646825 0.176296 0.637021 0.175420 0.635154 0.177171 0.637955 0.188375
1 0.593137 0.206583 0.608543 0.231092 0.611345 0.238971 0.612045 0.243697 0.611811 0.252451 0.608543 0.262955 0.595705 0.283088 0.598739 0.285714 0.611811 0.286415 0.619514 0.284139 0.625817 0.281162 0.637021 0.277836 0.640056 0.276085 0.641223 0.258578 0.642624 0.255077 0.647993 0.248424 0.648226 0.243522 0.642624 0.229692 0.638422 0.222164 0.633287 0.217787 0.630486 0.212885 0.620682 0.205007 0.617180 0.201155 0.612745 0.199755 0.609477 0.197829 0.598973 0.199055 0.594304 0.203081 0.593371 0.205532 0.593137 0.206583
1 0.641923 0.272759 0.643791 0.276261 0.660598 0.278186 0.674837 0.283613 0.682773 0.284314 0.686508 0.289916 0.693277 0.295693 0.695845 0.300245 0.697012 0.308824 0.696078 0.322829 0.694678 0.330182 0.688142 0.347689 0.682306 0.357318 0.681373 0.363095 0.683940 0.364671 0.685341 0.366597 0.688142 0.367647 0.704248 0.377451 0.713352 0.379552 0.723389 0.380427 0.726657 0.379727 0.734127 0.379727 0.748366 0.376050 0.752334 0.374300 0.765406 0.363095 0.769141 0.355917 0.772642 0.342962 0.772176 0.325455 0.769141 0.312500 0.760738 0.292542 0.755836 0.284489 0.735528 0.257703 0.727124 0.251225 0.719655 0.248424 0.713352 0.244398 0.692810 0.237395 0.684174 0.236169 0.664799 0.238971 0.651261 0.245798 0.648693 0.248424 0.643557 0.257528 0.642157 0.262430 0.641923 0.272759
1 0.515873 0.336310 0.513772 0.350490 0.509337 0.362745 0.505135 0.369573 0.503268 0.375700 0.498366 0.383754 0.495565 0.390231 0.496499 0.393557 0.499300 0.395658 0.510738 0.397234 0.516106 0.396884 0.518908 0.395133 0.549020 0.337885 0.559290 0.323880 0.565593 0.317052 0.584267 0.301120 0.597572 0.294643 0.604575 0.289741 0.601307 0.288515 0.591737 0.288340 0.581699 0.291317 0.577498 0.293417 0.567460 0.296218 0.563959 0.296569 0.561158 0.297794 0.546919 0.299195 0.543651 0.300245 0.539449 0.300070 0.535948 0.302171 0.534547 0.304097 0.530112 0.305672 0.524743 0.309524 0.515406 0.317752 0.515873 0.336310
1 0.612045 0.428746 0.644024 0.433824 0.659197 0.438200 0.664566 0.440651 0.665966 0.440301 0.672502 0.435924 0.685574 0.424720 0.693744 0.415441 0.696078 0.411940 0.696779 0.408088 0.699580 0.404412 0.700980 0.397409 0.696312 0.380077 0.693044 0.379202 0.693744 0.378501 0.693277 0.376050 0.684874 0.369748 0.678805 0.367472 0.675303 0.369048 0.662232 0.387080 0.656162 0.394433 0.650560 0.399685 0.646125 0.405812 0.641923 0.409489 0.638422 0.411239 0.625350 0.420693 0.615313 0.425420 0.612045 0.428746
1 0.720588 0.248074 0.726657 0.250175 0.735761 0.257878 0.740196 0.262605 0.750000 0.277136 0.753735 0.280987 0.763539 0.297794 0.768908 0.310749 0.772409 0.315476 0.776377 0.309349 0.780345 0.293067 0.784314 0.286415 0.789916 0.266282 0.788282 0.262080 0.782913 0.253852 0.781046 0.251576 0.770075 0.243347 0.759104 0.240021 0.741597 0.239146 0.723856 0.242822 0.720588 0.244398 0.720588 0.248074
1 0.835668 0.147584 0.839169 0.150210 0.841970 0.153887 0.845005 0.155112 0.851774 0.153711 0.869748 0.153361 0.878151 0.152311 0.894024 0.151786 0.921335 0.155987 0.935808 0.160364 0.949580 0.166492 0.952148 0.166141 0.953081 0.164916 0.950047 0.160714 0.942810 0.154062 0.930906 0.146884 0.911298 0.139881 0.901261 0.137430 0.886555 0.136380 0.865780 0.137080 0.852941 0.140581 0.836601 0.146709 0.835668 0.147584
1 0.779178 0.308473 0.780812 0.312325 0.791083 0.319678 0.800654 0.324055 0.810924 0.326681 0.818394 0.327381 0.832400 0.327031 0.844149 0.325280 0.852474 0.325455 0.859010 0.323179 0.868114 0.322129 0.876517 0.318803 0.885154 0.313200 0.900560 0.307248 0.916433 0.305322 0.922035 0.305497 0.928338 0.308123 0.932540 0.307248 0.935574 0.307598 0.956583 0.301471 0.959617 0.299195 0.963352 0.298319 0.984594 0.287465 0.987862 0.284839 0.994631 0.281338 0.998133 0.278011 0.999767 0.278011 0.999767 0.223564 0.968487 0.221464 0.951914 0.222164 0.945845 0.221113 0.914332 0.224790 0.897759 0.228291 0.889122 0.231443 0.887255 0.233193 0.879552 0.234244 0.871849 0.237920 0.852708 0.244923 0.846405 0.246499 0.841503 0.246849 0.824697 0.254377 0.822012 0.257616 0.816993 0.258578 0.807190 0.267682 0.798553 0.273109 0.782446 0.292367 0.779412 0.303746 0.779178 0.308473
1 0.843137 0.375175 0.843604 0.384454 0.844771 0.390406 0.847572 0.393732 0.875117 0.413165 0.885854 0.422269 0.890756 0.425245 0.897059 0.427346 0.899160 0.425070 0.904295 0.412815 0.909897 0.404412 0.913399 0.400735 0.925537 0.391632 0.931606 0.388305 0.946078 0.383228 0.954482 0.382353 0.966853 0.379552 0.968487 0.377276 0.967320 0.356092 0.964286 0.347339 0.953548 0.327556 0.949813 0.322829 0.935574 0.312850 0.921802 0.307073 0.915033 0.306022 0.900794 0.307773 0.893791 0.310049 0.881886 0.316352 0.869514 0.325455 0.866246 0.328957 0.860644 0.337710 0.854342 0.343838 0.851541 0.348389 0.848039 0.355567 0.847572 0.359769 0.843838 0.369748 0.843137 0.375175
1 0.951447 0.321254 0.952614 0.324405 0.970355 0.358193 0.974090 0.360294 0.980159 0.366597 0.985994 0.370448 0.995098 0.373424 0.999767 0.374125 0.999767 0.280637 0.998366 0.280637 0.974790 0.293242 0.958217 0.303746 0.956116 0.306548 0.951681 0.317402 0.951447 0.321254
1 0.775210 0.340336 0.775677 0.349090 0.779879 0.355917 0.786415 0.373074 0.793417 0.376050 0.805322 0.377976 0.821195 0.382003 0.830999 0.387080 0.838469 0.389706 0.841503 0.389181 0.842670 0.384629 0.842437 0.371148 0.845472 0.363095 0.847339 0.354867 0.853408 0.343838 0.859477 0.338060 0.866246 0.328431 0.866013 0.324580 0.862512 0.324055 0.852474 0.326155 0.841970 0.325980 0.831699 0.327731 0.818627 0.328081 0.807890 0.326856 0.788049 0.318978 0.784080 0.316176 0.782680 0.314251 0.779412 0.313375 0.776611 0.320378 0.775210 0.340336
1 0.900794 0.432073 0.904528 0.443102 0.918534 0.454832 0.927404 0.459909 0.931839 0.463410 0.939776 0.466036 0.951681 0.471814 0.964052 0.475490 0.970355 0.478466 0.988095 0.482143 0.999767 0.481968 0.999767 0.380952 0.988095 0.379202 0.984127 0.379902 0.973856 0.379727 0.968954 0.381127 0.949113 0.383403 0.938842 0.386029 0.929972 0.389706 0.917834 0.398109 0.910598 0.404587 0.905929 0.411590 0.901027 0.425070 0.900794 0.432073
1 0.732026 0.387255 0.736928 0.390756 0.748366 0.390756 0.768908 0.392682 0.789683 0.395658 0.803688 0.401085 0.822362 0.406513 0.831232 0.411765 0.836134 0.413340 0.845238 0.418592 0.850140 0.420168 0.859477 0.426120 0.863212 0.429447 0.873716 0.435049 0.876284 0.439426 0.881186 0.442752 0.889356 0.452906 0.900794 0.462360 0.910598 0.474440 0.918301 0.488971 0.929272 0.486870 0.932306 0.485644 0.936275 0.482668 0.939309 0.477766 0.939776 0.473915 0.939776 0.470238 0.936975 0.466912 0.930672 0.464286 0.922269 0.458158 0.918301 0.456232 0.914799 0.452906 0.909430 0.450105 0.903595 0.443978 0.897759 0.431723 0.880252 0.417367 0.860177 0.402661 0.842204 0.391982 0.831466 0.387430 0.821195 0.382003 0.813025 0.380777 0.803688 0.377626 0.785247 0.375875 0.771475 0.375350 0.755836 0.376401 0.744631 0.379377 0.735528 0.383578 0.732026 0.387255
0 0.512372 0.432073 0.514472 0.434349 0.518207 0.436625 0.529645 0.441352 0.543417 0.444853 0.557656 0.438725 0.563725 0.436975 0.566527 0.435049 0.572362 0.433298 0.577965 0.432073 0.583333 0.432248 0.591970 0.431197 0.603408 0.428571 0.610411 0.427696 0.613445 0.424720 0.616246 0.425420 0.630019 0.417542 0.644258 0.406513 0.664799 0.383403 0.673436 0.370623 0.680906 0.356092 0.687442 0.346464 0.693511 0.331583 0.695612 0.318277 0.696078 0.306548 0.695378 0.300770 0.693277 0.296394 0.690476 0.293242 0.678805 0.285714 0.673436 0.284314 0.664799 0.280462 0.653361 0.278186 0.642157 0.278186 0.630252 0.280637 0.616246 0.286765 0.605509 0.289216 0.594304 0.296919 0.578898 0.305322 0.568161 0.314251 0.566527 0.317052 0.563725 0.319328 0.556489 0.328081 0.546919 0.341912 0.522409 0.389706 0.516573 0.407738 0.512372 0.424720 0.512372 0.432073
1 0.919468 0.504377 0.918301 0.513305 0.911531 0.532563 0.913165 0.536064 0.939309 0.548319 0.950514 0.555497 0.963585 0.566527 0.971755 0.575455 0.980159 0.592087 0.980859 0.595588 0.984360 0.601015 0.998133 0.605917 0.999767 0.605917 0.999767 0.498424 0.986228 0.492472 0.972689 0.489146 0.953081 0.485819 0.945612 0.485819 0.942110 0.486520 0.939076 0.485469 0.934874 0.488095 0.928571 0.488796 0.924603 0.490196 0.919234 0.494573 0.919468 0.504377
1 0.834500 0.627276 0.844304 0.635329 0.852007 0.645483 0.855976 0.648109 0.859477 0.649335 0.859944 0.651085 0.865546 0.654062 0.869514 0.658789 0.882820 0.666492 0.895892 0.672969 0.910364 0.678746 0.919701 0.680497 0.933473 0.684524 0.938609 0.685049 0.956583 0.684524 0.990663 0.675245 0.994398 0.671744 0.996032 0.668943 0.997199 0.665266 0.997199 0.659839 0.995565 0.648284 0.983427 0.605742 0.972689 0.578256 0.967087 0.570903 0.960084 0.564251 0.942110 0.550595 0.927638 0.543592 0.914566 0.538690 0.907796 0.537990 0.901727 0.540616 0.898459 0.542717 0.890523 0.550245 0.893324 0.555847 0.893557 0.559918 0.892390 0.564426 0.887488 0.573004 0.883754 0.577731 0.872782 0.588585 0.866713 0.597514 0.858543 0.604692 0.853641 0.610819 0.845238 0.617122 0.836601 0.622199 0.834500 0.624825 0.834500 0.627276
1 0.857376 0.689251 0.860878 0.694153 0.861345 0.696254 0.872082 0.707108 0.876517 0.713410 0.878852 0.715336 0.901027 0.751576 0.904762 0.755427 0.907330 0.756127 0.917834 0.755252 0.925070 0.753501 0.934174 0.752451 0.946078 0.749125 0.957049 0.740021 0.963819 0.735469 0.973623 0.731968 0.984594 0.730742 0.987862 0.727591 0.988329 0.724440 0.990196 0.722164 0.994398 0.720238 0.998133 0.716387 0.999767 0.716387 0.999767 0.671394 0.998133 0.671394 0.997199 0.674020 0.994631 0.674370 0.989262 0.677346 0.971522 0.682423 0.953081 0.685049 0.938842 0.685399 0.929272 0.684174 0.917834 0.680672 0.911998 0.680147 0.904762 0.678396 0.874416 0.664041 0.873016 0.662290 0.869748 0.661765 0.866246 0.667017 0.860177 0.682073 0.857376 0.689251
1 0.899160 0.882703 0.901027 0.890231 0.904062 0.897584 0.921569 0.929272 0.924370 0.932423 0.932073 0.937850 0.935808 0.939426 0.945145 0.939251 0.953081 0.937500 0.962418 0.933999 0.970121 0.932248 0.977358 0.929272 0.991130 0.921919 0.998133 0.916492 0.999767 0.916492 0.999767 0.731968 0.995331 0.732493 0.990896 0.731793 0.987862 0.732668 0.970355 0.734419 0.963119 0.737395 0.954715 0.743522 0.947012 0.750875 0.937442 0.761204 0.933007 0.768032 0.928338 0.772234 0.925537 0.776085 0.925303 0.779937 0.923436 0.782738 0.922736 0.786239 0.925070 0.795868 0.926237 0.812850 0.926237 0.823529 0.923669 0.835609 0.920635 0.840511 0.911765 0.848739 0.908030 0.851366 0.904295 0.852416 0.899860 0.855042 0.898226 0.861345 0.899160 0.882703
1 0.562792 0.637955 0.564192 0.646884 0.563959 0.651261 0.570495 0.666141 0.572596 0.668592 0.574697 0.669468 0.581699 0.669643 0.598739 0.671744 0.610411 0.672094 0.618814 0.673494 0.633520 0.674545 0.655229 0.681898 0.661531 0.685399 0.668067 0.687675 0.688609 0.700455 0.692577 0.699755 0.699813 0.684349 0.703782 0.670518 0.702848 0.654062 0.700280 0.640406 0.697479 0.635504 0.694211 0.631828 0.692110 0.630252 0.686508 0.628326 0.679038 0.624475 0.670635 0.616772 0.667600 0.612745 0.667600 0.609244 0.672969 0.602241 0.673903 0.599265 0.672969 0.595588 0.669234 0.591912 0.653828 0.580882 0.640056 0.573354 0.633987 0.571779 0.629318 0.572654 0.623716 0.571604 0.607843 0.571429 0.602241 0.572304 0.591737 0.576155 0.576331 0.587885 0.572129 0.595063 0.569094 0.598389 0.566293 0.603116 0.564192 0.609069 0.562792 0.619223 0.562792 0.637955
1 0.419701 0.571429 0.428805 0.577556 0.439076 0.591562 0.442577 0.594188 0.446312 0.595413 0.467320 0.599090 0.472689 0.597164 0.494631 0.595588 0.515873 0.589286 0.525910 0.583859 0.531279 0.581933 0.537582 0.577381 0.539916 0.576506 0.553922 0.563550 0.561158 0.556197 0.568394 0.544118 0.579832 0.518908 0.576797 0.515231 0.570962 0.511029 0.562558 0.502801 0.549253 0.492472 0.544585 0.490021 0.542717 0.486870 0.530812 0.477241 0.527077 0.470763 0.528011 0.464461 0.527311 0.462710 0.522409 0.462185 0.504902 0.466562 0.498133 0.471639 0.487628 0.476015 0.481326 0.479692 0.462185 0.494748 0.454248 0.506828 0.446312 0.522409 0.428105 0.548845 0.419935 0.567577 0.419701 0.571429
1 0.377451 0.484769 0.378852 0.491071 0.381186 0.496499 0.382586 0.504902 0.383987 0.506828 0.387255 0.508578 0.390523 0.509279 0.395892 0.508403 0.415033 0.507703 0.432073 0.504377 0.462885 0.492297 0.470728 0.485539 0.491363 0.470588 0.497199 0.464286 0.501634 0.456232 0.503968 0.446604 0.503735 0.440826 0.504902 0.431723 0.502334 0.414916 0.500700 0.411415 0.497432 0.407563 0.491130 0.403186 0.488095 0.402486 0.484127 0.402836 0.450280 0.430147 0.432540 0.440301 0.413632 0.446954 0.401261 0.449930 0.387021 0.451155 0.383287 0.456232 0.377684 0.480392 0.377451 0.484769
1 0.274743 0.623074 0.277311 0.626926 0.277544 0.630077 0.279412 0.632353 0.286415 0.636555 0.303221 0.640056 0.318627 0.640756 0.329132 0.639006 0.330999 0.636204 0.331232 0.629202 0.333333 0.619573 0.339402 0.606092 0.350140 0.591562 0.356909 0.585084 0.369981 0.576506 0.383754 0.572304 0.390523 0.571429 0.414799 0.571604 0.418301 0.569328 0.425770 0.551296 0.430906 0.541842 0.435574 0.536415 0.444678 0.522409 0.445845 0.515406 0.443044 0.507878 0.440476 0.504727 0.439309 0.503852 0.436275 0.503852 0.429505 0.505952 0.419001 0.507178 0.411531 0.508929 0.393557 0.509804 0.390756 0.510504 0.387021 0.510154 0.384220 0.508929 0.381186 0.504902 0.378852 0.494748 0.377684 0.492997 0.376517 0.491772 0.373716 0.490896 0.355976 0.496148 0.345705 0.500875 0.330299 0.513130 0.317460 0.529587 0.315126 0.535364 0.308824 0.545518 0.297852 0.557073 0.292017 0.567402 0.290850 0.572304 0.286181 0.581583 0.275444 0.612570 0.274743 0.623074
1 0.164099 0.449580 0.164332 0.453431 0.170168 0.470063 0.174136 0.474615 0.174603 0.477241 0.179272 0.478992 0.192344 0.480392 0.195612 0.479867 0.198413 0.478116 0.213352 0.461310 0.220588 0.458333 0.222456 0.458683 0.223856 0.459909 0.226891 0.456583 0.231092 0.457283 0.232260 0.456583 0.231559 0.453606 0.241363 0.447654 0.247666 0.446604 0.252101 0.446954 0.255369 0.446429 0.282913 0.455707 0.286181 0.455182 0.295285 0.451155 0.304622 0.444503 0.317227 0.437150 0.324463 0.431373 0.327731 0.427171 0.334500 0.420518 0.338702 0.417542 0.348039 0.407738 0.355042 0.393908 0.359010 0.377451 0.358543 0.369748 0.356909 0.363095 0.354342 0.359419 0.348973 0.354692 0.338469 0.347864 0.334734 0.346464 0.325163 0.345238 0.310691 0.346814 0.292951 0.350840 0.282913 0.354342 0.278011 0.357318 0.275910 0.359594 0.265173 0.358894 0.262138 0.360469 0.255135 0.366246 0.250233 0.374125 0.242764 0.381303 0.220121 0.397409 0.218721 0.400035 0.210084 0.403011 0.197479 0.410539 0.195145 0.412815 0.190710 0.419818 0.183707 0.426996 0.176471 0.432423 0.169234 0.442577 0.165266 0.446254 0.164099 0.449580
1 0.000000 0.293592 0.000000 0.393382 0.001634 0.393382 0.004202 0.396183 0.018674 0.400385 0.030579 0.400210 0.038515 0.398985 0.044351 0.399160 0.060924 0.396359 0.071429 0.392157 0.084734 0.385154 0.089169 0.382003 0.091737 0.378676 0.110878 0.364496 0.114146 0.357668 0.123483 0.346639 0.136321 0.324580 0.141223 0.307248 0.135621 0.279062 0.125350 0.264356 0.122082 0.262080 0.118347 0.257178 0.109477 0.250700 0.105742 0.249300 0.095472 0.246674 0.087535 0.246148 0.074930 0.248775 0.066993 0.248950 0.064192 0.249650 0.056022 0.253852 0.028011 0.272759 0.000000 0.293592
1 0.000000 0.235294 0.000000 0.292367 0.001634 0.292367 0.015173 0.283789 0.031746 0.270833 0.043651 0.262605 0.048319 0.258578 0.049253 0.255602 0.047152 0.251926 0.042717 0.247724 0.027311 0.239671 0.012138 0.235119 0.002801 0.235119 0.000000 0.235294
1 0.267274 0.352416 0.268908 0.355217 0.276611 0.355042 0.279879 0.354517 0.289216 0.351190 0.300187 0.349090 0.304155 0.347514 0.324463 0.344363 0.331466 0.345063 0.338469 0.347164 0.355742 0.358894 0.364379 0.353466 0.365546 0.352241 0.366013 0.349615 0.363679 0.343487 0.359010 0.337185 0.356443 0.331408 0.346405 0.320028 0.339636 0.314426 0.334500 0.312675 0.324230 0.307423 0.316993 0.305147 0.303688 0.299195 0.300420 0.298669 0.293651 0.294643 0.292250 0.295168 0.290850 0.297269 0.288982 0.306548 0.285247 0.317402 0.274743 0.339111 0.268207 0.349090 0.267274 0.352416
1 0.406162 0.243347 0.407796 0.246674 0.411064 0.250350 0.414566 0.252101 0.415733 0.255077 0.418301 0.257703 0.420868 0.257878 0.423436 0.259279 0.422269 0.265756 0.424136 0.272759 0.421569 0.278536 0.421569 0.283088 0.420635 0.284489 0.414799 0.289566 0.407563 0.298144 0.404062 0.300420 0.400327 0.304272 0.391223 0.308123 0.387021 0.308648 0.376751 0.312500 0.373249 0.313200 0.362745 0.312850 0.360878 0.314076 0.363912 0.316702 0.374183 0.329132 0.380019 0.334909 0.383520 0.337185 0.387021 0.335434 0.391690 0.324230 0.401261 0.309699 0.443744 0.276611 0.446312 0.274860 0.454949 0.272409 0.454015 0.268908 0.450514 0.265056 0.434407 0.253326 0.430439 0.251576 0.419935 0.244748 0.412698 0.242472 0.411298 0.241246 0.404995 0.240021 0.402428 0.241246 0.406162 0.243347
1 0.299720 0.456583 0.306956 0.470413 0.320728 0.484944 0.332633 0.493522 0.342204 0.497024 0.349206 0.497549 0.368581 0.490896 0.371148 0.487570 0.372316 0.483368 0.376517 0.478116 0.381419 0.459734 0.385154 0.450630 0.377918 0.428922 0.376284 0.411765 0.378385 0.370273 0.380252 0.362920 0.380019 0.355042 0.371615 0.354517 0.366713 0.355217 0.357843 0.359419 0.357376 0.363095 0.359711 0.373074 0.359244 0.380427 0.358077 0.383578 0.358310 0.387430 0.355275 0.397759 0.349907 0.407738 0.345005 0.411239 0.340103 0.417017 0.331466 0.424370 0.323063 0.433473 0.310458 0.442577 0.304622 0.445728 0.300654 0.449580 0.300420 0.450805 0.299720 0.456583
1 0.528245 0.470588 0.529178 0.471989 0.533380 0.473389 0.534547 0.477591 0.538515 0.480567 0.541317 0.484594 0.556723 0.497549 0.563025 0.501926 0.570028 0.508929 0.582633 0.518908 0.597339 0.533263 0.606909 0.540441 0.617647 0.547094 0.626751 0.554797 0.633754 0.556373 0.640756 0.556898 0.651027 0.559349 0.658964 0.562150 0.688842 0.568452 0.703081 0.567927 0.709384 0.565826 0.712885 0.563725 0.717787 0.558999 0.726190 0.552696 0.757470 0.536415 0.759104 0.533263 0.759104 0.530462 0.755836 0.515231 0.748133 0.508929 0.740196 0.504552 0.719888 0.487745 0.705182 0.470413 0.699113 0.460609 0.691643 0.456408 0.686975 0.454657 0.677638 0.448529 0.662465 0.442227 0.657796 0.439076 0.650794 0.436800 0.640523 0.434874 0.633520 0.432773 0.623249 0.431548 0.609944 0.431022 0.605976 0.429972 0.600140 0.431548 0.591970 0.431548 0.589402 0.432248 0.584967 0.431022 0.564192 0.436800 0.560458 0.439251 0.549720 0.443277 0.542717 0.447479 0.534080 0.455182 0.529412 0.462885 0.528711 0.466036 0.528245 0.470588
1 0.696078 0.439951 0.699113 0.451856 0.703081 0.463585 0.710084 0.474440 0.720822 0.487570 0.729925 0.495798 0.739729 0.502976 0.753968 0.511380 0.762138 0.518032 0.770775 0.523284 0.775677 0.525210 0.778711 0.527311 0.781979 0.527836 0.786415 0.527661 0.798086 0.525210 0.828431 0.524685 0.852474 0.528887 0.864379 0.531513 0.873016 0.534489 0.883987 0.543592 0.890289 0.546043 0.893791 0.544643 0.908030 0.534139 0.914799 0.520833 0.917834 0.503852 0.916900 0.488445 0.912932 0.479692 0.905462 0.468662 0.889122 0.452381 0.886788 0.448704 0.873249 0.436099 0.866246 0.432423 0.859010 0.425770 0.846639 0.419818 0.837535 0.414041 0.810691 0.402486 0.789449 0.396183 0.753968 0.391807 0.730626 0.390931 0.712885 0.396884 0.706816 0.401436 0.698179 0.417892 0.696312 0.426646 0.696078 0.439951
1 0.182773 0.627101 0.181839 0.630077 0.182073 0.645133 0.185574 0.661765 0.190243 0.671394 0.199113 0.682248 0.209851 0.692577 0.222923 0.700280 0.237628 0.704832 0.241363 0.705007 0.248133 0.707633 0.258403 0.706583 0.260738 0.703782 0.264472 0.690651 0.273343 0.674370 0.296452 0.657913 0.295285 0.651436 0.298086 0.640581 0.294118 0.638831 0.288749 0.637955 0.280112 0.634104 0.275677 0.629727 0.274043 0.623775 0.275444 0.609244 0.282213 0.589461 0.290383 0.571429 0.290616 0.567402 0.292250 0.564076 0.291783 0.563375 0.288982 0.562150 0.271242 0.565301 0.251634 0.565301 0.241363 0.562850 0.223856 0.556022 0.220588 0.559174 0.214519 0.568102 0.203782 0.580182 0.196078 0.586485 0.191643 0.591737 0.189309 0.595588 0.185808 0.605917 0.182773 0.619748 0.182773 0.627101
1 0.120448 0.579307 0.123716 0.592437 0.126284 0.595588 0.128618 0.596989 0.140523 0.599965 0.171802 0.602241 0.174370 0.598389 0.192577 0.588585 0.206583 0.575805 0.214052 0.567227 0.220822 0.557598 0.221755 0.553746 0.209150 0.540791 0.197712 0.513305 0.194911 0.504902 0.193978 0.498775 0.195845 0.487745 0.195845 0.483894 0.194444 0.482668 0.185574 0.481092 0.181373 0.481443 0.175770 0.480217 0.172502 0.481268 0.171102 0.487745 0.172502 0.497899 0.171102 0.511555 0.165500 0.525560 0.156396 0.539916 0.149160 0.547269 0.134220 0.558824 0.128618 0.560399 0.119748 0.561625 0.118347 0.563375 0.120448 0.579307
1 0.012372 0.553746 0.004202 0.563200 0.002568 0.566352 0.001634 0.567402 0.000000 0.567402 0.000000 0.692752 0.001634 0.692752 0.003968 0.695028 0.008870 0.697829 0.019141 0.700280 0.026377 0.699930 0.035247 0.697479 0.050654 0.695728 0.053688 0.696254 0.063025 0.692577 0.067694 0.689951 0.081466 0.678922 0.086368 0.670518 0.095705 0.664916 0.099907 0.658088 0.115079 0.622724 0.118814 0.608018 0.119748 0.587185 0.116713 0.564951 0.114146 0.561275 0.109244 0.557598 0.098739 0.553922 0.095705 0.551996 0.084967 0.547794 0.064659 0.532563 0.057656 0.525385 0.050420 0.520833 0.042951 0.520658 0.037815 0.522059 0.035014 0.523985 0.015640 0.547444 0.012372 0.553746
1 0.000000 0.459559 0.000000 0.564776 0.001634 0.564776 0.005135 0.560749 0.033847 0.523810 0.036415 0.521884 0.039449 0.520833 0.045985 0.520308 0.048086 0.519258 0.035247 0.502801 0.025910 0.488620 0.017740 0.478641 0.012838 0.469888 0.008637 0.457108 0.005135 0.457283 0.000000 0.459559
1 0.000000 0.713585 0.000000 0.752451 0.001867 0.752451 0.008637 0.755427 0.014239 0.755952 0.050187 0.755252 0.077965 0.748950 0.095238 0.741772 0.112979 0.730742 0.116246 0.729517 0.136555 0.713410 0.140056 0.710084 0.165266 0.678922 0.176004 0.658438 0.180205 0.647409 0.180672 0.619223 0.178571 0.613971 0.176471 0.613095 0.176004 0.608718 0.172035 0.605742 0.161298 0.602066 0.143791 0.601891 0.129552 0.598389 0.122082 0.598739 0.119748 0.603817 0.119048 0.610119 0.115546 0.623950 0.102007 0.654412 0.101307 0.658088 0.096172 0.665616 0.092204 0.668242 0.090103 0.671919 0.084034 0.676821 0.082633 0.679097 0.072829 0.687150 0.056956 0.695728 0.046685 0.695903 0.045518 0.697479 0.039683 0.696779 0.036415 0.698354 0.026144 0.700980 0.018207 0.700980 0.015873 0.700280 0.011671 0.700805 0.008637 0.699930 0.007236 0.701681 0.000000 0.713585
1 0.459384 0.609244 0.460084 0.609944 0.462652 0.609244 0.466620 0.611870 0.470355 0.611345 0.472689 0.606268 0.474090 0.605217 0.475957 0.606092 0.477358 0.610644 0.483660 0.610469 0.487395 0.608894 0.494398 0.609944 0.503501 0.612570 0.509104 0.615896 0.512138 0.616071 0.515640 0.617647 0.517040 0.619223 0.515873 0.623249 0.512138 0.627976 0.508637 0.630427 0.497666 0.642507 0.491363 0.647409 0.478058 0.662815 0.476891 0.665266 0.478992 0.700280 0.477824 0.706232 0.475724 0.709734 0.473389 0.720413 0.471522 0.723915 0.471055 0.727766 0.472456 0.730917 0.476657 0.734594 0.484360 0.736695 0.486228 0.736520 0.491597 0.734944 0.492997 0.733894 0.493231 0.730742 0.488796 0.720413 0.488562 0.711660 0.490196 0.702906 0.495098 0.694503 0.510271 0.683648 0.518207 0.679972 0.537115 0.674020 0.554155 0.671043 0.557890 0.668592 0.560924 0.661239 0.562792 0.651786 0.561158 0.619398 0.558824 0.614496 0.546919 0.597689 0.543651 0.593662 0.536881 0.588410 0.532913 0.583508 0.529412 0.583333 0.518674 0.588410 0.497899 0.595238 0.473156 0.598739 0.471289 0.600140 0.465453 0.601716 0.464753 0.603379 0.459851 0.608368 0.459384 0.609244
1 0.574697 0.529587 0.569561 0.542892 0.562325 0.555322 0.556956 0.561450 0.549720 0.567402 0.543651 0.574580 0.543651 0.578081 0.550420 0.582458 0.570728 0.587885 0.574463 0.587185 0.577965 0.585434 0.591036 0.575980 0.602941 0.570203 0.610177 0.560749 0.612045 0.555497 0.615780 0.550245 0.609944 0.543417 0.584500 0.521884 0.581466 0.519958 0.577965 0.523985 0.574697 0.529587
1 0.531746 0.814251 0.532913 0.816176 0.534080 0.828606 0.543184 0.866597 0.547152 0.873249 0.549020 0.880252 0.552054 0.886905 0.557423 0.910539 0.558357 0.918768 0.563492 0.931197 0.570962 0.945028 0.576797 0.953606 0.584967 0.962360 0.588235 0.964636 0.592670 0.965861 0.599440 0.966562 0.609944 0.965861 0.618814 0.964111 0.630252 0.959034 0.643091 0.950455 0.661765 0.933648 0.671802 0.921744 0.675537 0.915966 0.680205 0.904237 0.681373 0.897934 0.685808 0.890931 0.689542 0.861345 0.689076 0.849265 0.684407 0.824755 0.677404 0.804797 0.675303 0.796218 0.668301 0.779762 0.665266 0.777311 0.661998 0.776786 0.644958 0.779587 0.608077 0.779587 0.598739 0.778536 0.591970 0.776961 0.581699 0.776085 0.549953 0.768557 0.543651 0.771008 0.539449 0.775910 0.533847 0.793768 0.531979 0.806548 0.531746 0.814251
1 0.687442 0.905287 0.689076 0.921394 0.690943 0.923845 0.691176 0.928922 0.692577 0.932248 0.696078 0.936099 0.716387 0.946078 0.724556 0.949230 0.734594 0.951856 0.755135 0.953782 0.765873 0.953256 0.783147 0.950455 0.796452 0.946604 0.805089 0.942577 0.810458 0.939426 0.824463 0.928922 0.831933 0.918768 0.835668 0.911940 0.848973 0.883929 0.857610 0.862920 0.858310 0.855742 0.855509 0.853116 0.847339 0.848915 0.838002 0.846113 0.830065 0.844888 0.803688 0.834909 0.792717 0.829307 0.779178 0.819853 0.767740 0.809699 0.763539 0.807073 0.760271 0.801821 0.754202 0.796744 0.738796 0.779587 0.737628 0.778711 0.734127 0.778361 0.724090 0.786590 0.711718 0.802171 0.708917 0.807248 0.705882 0.816352 0.702614 0.820903 0.701447 0.832283 0.698179 0.844888 0.698179 0.849615 0.696078 0.853466 0.694444 0.862395 0.695378 0.873249 0.693277 0.876926 0.693277 0.879902 0.691176 0.883403 0.688375 0.896884 0.687442 0.905287
1 0.695845 0.700805 0.698179 0.706408 0.703081 0.710259 0.704482 0.707283 0.703315 0.695903 0.706349 0.689251 0.706349 0.685574 0.711251 0.678046 0.717554 0.672094 0.721522 0.666667 0.730392 0.659314 0.749767 0.653186 0.755135 0.651961 0.769141 0.650910 0.771942 0.651786 0.776144 0.651611 0.783380 0.654412 0.792250 0.655287 0.798553 0.656688 0.817694 0.664216 0.831466 0.671744 0.836368 0.673494 0.844538 0.679097 0.852241 0.687675 0.855742 0.686625 0.859711 0.679097 0.863912 0.668242 0.865546 0.661590 0.865079 0.658263 0.861811 0.654587 0.854108 0.649335 0.845705 0.639356 0.831466 0.625525 0.824930 0.627101 0.807190 0.634104 0.793417 0.636380 0.769374 0.638480 0.758870 0.637255 0.754902 0.637955 0.746032 0.637955 0.731793 0.636555 0.724790 0.637080 0.712418 0.664566 0.704715 0.675070 0.695845 0.698354 0.695845 0.700805
1 0.260738 0.721289 0.263305 0.735994 0.271942 0.755252 0.278011 0.763130 0.307656 0.793067 0.316527 0.804447 0.331232 0.818102 0.345472 0.827031 0.348506 0.828081 0.355742 0.828081 0.363679 0.825105 0.373249 0.819328 0.380486 0.813725 0.387722 0.804972 0.390289 0.797094 0.391923 0.785364 0.396592 0.773985 0.401027 0.769258 0.403128 0.765231 0.401261 0.761204 0.386088 0.752101 0.373950 0.741422 0.367180 0.734244 0.366480 0.730917 0.360411 0.721289 0.343604 0.687325 0.343838 0.685399 0.340803 0.678046 0.334967 0.654412 0.331933 0.652836 0.325163 0.652136 0.310458 0.654237 0.300420 0.658263 0.279645 0.670518 0.274043 0.675245 0.265873 0.689251 0.260971 0.708859 0.260738 0.721289
1 0.625350 0.557598 0.635854 0.569153 0.658964 0.583158 0.675303 0.595763 0.679739 0.593838 0.683473 0.589811 0.695378 0.581758 0.699346 0.577206 0.707283 0.571078 0.706583 0.569153 0.704482 0.568277 0.695845 0.569153 0.686275 0.567227 0.678338 0.566527 0.662232 0.562850 0.655229 0.560399 0.639823 0.556548 0.637255 0.556022 0.633987 0.556548 0.630019 0.553922 0.626050 0.554272 0.625350 0.554972 0.625350 0.557598
1 0.030345 0.207283 0.031746 0.217262 0.034314 0.224440 0.038515 0.230217 0.040149 0.235644 0.040850 0.244223 0.050187 0.253852 0.053688 0.253676 0.066760 0.248249 0.067460 0.244748 0.062092 0.240021 0.054622 0.231268 0.043884 0.209209 0.041783 0.199755 0.041083 0.176996 0.041242 0.169487 0.036415 0.177871 0.032913 0.186625 0.030579 0.200105 0.030345 0.207283
1 0.039683 0.137430 0.046685 0.152486 0.052288 0.143032 0.058357 0.137955 0.070962 0.133228 0.087535 0.131478 0.090103 0.130077 0.086835 0.124475 0.086134 0.112570 0.084967 0.107493 0.083100 0.109244 0.074230 0.109944 0.060458 0.114846 0.044585 0.125000 0.038982 0.132178 0.039683 0.137430
1 0.333291 0.143188 0.334094 0.143188 0.334094 0.142677 0.333291 0.142677 0.333291 0.143188
1 0.313259 0.133578 0.314893 0.137080 0.318394 0.138130 0.321895 0.140406 0.330999 0.148634 0.341970 0.157038 0.343838 0.156162 0.345472 0.154762 0.348739 0.147759 0.349206 0.144783 0.348039 0.140581 0.345472 0.136380 0.331699 0.133228 0.316760 0.133053 0.313259 0.133578
1 0.681373 0.227941 0.683240 0.234244 0.709851 0.241947 0.717087 0.242647 0.720588 0.241597 0.726657 0.237745 0.727824 0.235119 0.729925 0.234244 0.728058 0.233718 0.727358 0.230742 0.725490 0.231618 0.718254 0.227766 0.714052 0.223915 0.712885 0.220238 0.722689 0.202556 0.729925 0.193978 0.736228 0.188901 0.737862 0.187675 0.741130 0.188375 0.744164 0.185049 0.751867 0.180847 0.762138 0.177696 0.765406 0.175945 0.769141 0.175770 0.772642 0.173845 0.778945 0.172269 0.786648 0.168242 0.789683 0.168067 0.796919 0.165266 0.800187 0.165266 0.812092 0.159489 0.827965 0.155987 0.834267 0.158613 0.838702 0.157913 0.840336 0.155462 0.838702 0.149860 0.831466 0.147234 0.827731 0.148109 0.824230 0.147059 0.815593 0.149335 0.799953 0.150385 0.792250 0.153186 0.781279 0.154412 0.777077 0.156863 0.771942 0.157038 0.758637 0.160889 0.754902 0.161064 0.748599 0.164391 0.745798 0.164916 0.730859 0.170868 0.717087 0.178221 0.701214 0.190476 0.687908 0.206408 0.684407 0.218137 0.682540 0.220413 0.681373 0.227941
1 0.786415 0.286590 0.788515 0.283438 0.789916 0.282913 0.792484 0.278361 0.798319 0.272759 0.816293 0.260329 0.824230 0.256828 0.829599 0.252451 0.839169 0.248074 0.832400 0.246324 0.820495 0.246849 0.814426 0.248074 0.808123 0.250875 0.791783 0.264006 0.786181 0.280287 0.786415 0.286590
1 0.667834 0.203782 0.672736 0.217962 0.674603 0.220413 0.678805 0.222164 0.682073 0.222164 0.685574 0.217787 0.687442 0.210434 0.691877 0.202381 0.698880 0.194328 0.700660 0.191782 0.702848 0.189076 0.718240 0.175994 0.702258 0.180791 0.695845 0.184349 0.679272 0.188901 0.672269 0.189776 0.669001 0.192577 0.667834 0.195903 0.667834 0.203782
1 0.126050 0.414741 0.136555 0.421394 0.143557 0.427521 0.147059 0.432248 0.149393 0.433999 0.157563 0.445378 0.161298 0.448004 0.165733 0.444153 0.176704 0.431197 0.190476 0.418417 0.190243 0.412640 0.186275 0.411590 0.165966 0.414566 0.142857 0.414741 0.130486 0.413690 0.126517 0.414041 0.126050 0.414741
1 0.089636 0.383403 0.089636 0.387430 0.091737 0.394783 0.093137 0.397234 0.095472 0.398985 0.102007 0.401261 0.103175 0.401085 0.105742 0.389706 0.112278 0.369748 0.111811 0.367647 0.109244 0.366947 0.106209 0.368347 0.095005 0.376576 0.091970 0.380077 0.089636 0.383403
1 0.000000 0.393732 0.000000 0.447654 0.005135 0.447304 0.006769 0.446254 0.007703 0.443452 0.008403 0.432073 0.013305 0.416842 0.017507 0.410889 0.024043 0.404412 0.023810 0.400910 0.019141 0.399335 0.008403 0.397759 0.003968 0.395833 0.001634 0.393732 0.000000 0.393732