1 0.293184 0.032038 0.296218 0.033789 0.300654 0.046744 0.308590 0.062675 0.313725 0.067752 0.315126 0.070203 0.323529 0.077731 0.325397 0.080532 0.331466 0.085084 0.336134 0.085959 0.341503 0.090686 0.349206 0.095588 0.362745 0.101716 0.369748 0.104342 0.386788 0.107843 0.397526 0.111345 0.403128 0.110294 0.412698 0.110469 0.432306 0.108894 0.456349 0.103641 0.471289 0.097339 0.511438 0.068452 0.517740 0.062150 0.533380 0.041492 0.535948 0.035364 0.541783 0.025910 0.541783 0.018557 0.539449 0.010154 0.538282 0.000000 0.298786 0.000000 0.299720 0.005427 0.298086 0.008228 0.298553 0.012430 0.297386 0.021592 0.294118 0.022759 0.293184 0.021183 0.292484 0.023634 0.293184 0.032038
1 0.003268 0.128852 0.002101 0.129727 0.000000 0.129727 0.000000 0.130777 0.003735 0.130427 0.005369 0.130952 0.006069 0.132178 0.008637 0.133578 0.010971 0.142157 0.015173 0.146183 0.026144 0.154237 0.046919 0.161765 0.073063 0.160539 0.083333 0.162290 0.091737 0.166317 0.095938 0.167542 0.102241 0.168592 0.114379 0.168592 0.127218 0.167892 0.139823 0.164916 0.157563 0.157038 0.171569 0.148985 0.183707 0.138831 0.192344 0.126225 0.194911 0.119923 0.196078 0.108894 0.194911 0.098564 0.189309 0.095238 0.186975 0.090861 0.181139 0.085259 0.175070 0.082633 0.168301 0.080357 0.163165 0.079657 0.146825 0.075455 0.129085 0.073704 0.115546 0.071429 0.093137 0.070553 0.081232 0.071078 0.063959 0.073529 0.043417 0.080357 0.037115 0.083683 0.029412 0.085959 0.018908 0.091737 0.010971 0.097689 0.003735 0.105917 0.001867 0.112745 0.003268 0.128852
1 0.000000 0.184699 0.000000 0.230217 0.001867 0.230392 0.017507 0.245623 0.029412 0.262605 0.032913 0.264006 0.037582 0.260679 0.052521 0.253151 0.057656 0.251401 0.068161 0.249475 0.077965 0.248775 0.082866 0.247549 0.090103 0.243347 0.105742 0.237570 0.111111 0.234244 0.114146 0.223564 0.114379 0.218838 0.113679 0.207283 0.111345 0.196078 0.108543 0.189076 0.103641 0.180497 0.096872 0.172794 0.088702 0.166317 0.080999 0.162815 0.075163 0.161940 0.054388 0.162815 0.038282 0.166141 0.026611 0.169643 0.017274 0.174545 0.012138 0.175945 0.000000 0.184699
1 0.000000 0.231443 0.000000 0.352591 0.001634 0.352591 0.002801 0.351190 0.006303 0.349615 0.011204 0.348389 0.015640 0.345413 0.018674 0.339461 0.022176 0.335609 0.027544 0.332108 0.032213 0.325280 0.033613 0.321429 0.033613 0.316527 0.031279 0.304622 0.031513 0.298144 0.035247 0.286415 0.032680 0.272584 0.030812 0.267157 0.026377 0.259104 0.016106 0.244748 0.001634 0.231443 0.000000 0.231443
1 0.046452 0.050245 0.050187 0.059349 0.056489 0.067752 0.062325 0.071954 0.071662 0.071954 0.088702 0.070203 0.102474 0.070203 0.123249 0.072129 0.133053 0.073704 0.141457 0.074055 0.164799 0.078782 0.168067 0.077731 0.169468 0.075980 0.171335 0.067402 0.171569 0.056723 0.168768 0.046919 0.163866 0.036765 0.152428 0.020833 0.144491 0.013655 0.140289 0.011204 0.137488 0.007878 0.126284 0.002276 0.125350 0.000000 0.071895 0.000000 0.071429 0.001926 0.063492 0.007878 0.056956 0.015406 0.049953 0.026786 0.046685 0.034664 0.045752 0.039566 0.046452 0.050245
1 0.000000 0.000000 0.000000 0.029412 0.004669 0.030637 0.015406 0.031863 0.023109 0.032038 0.035714 0.030112 0.044818 0.027311 0.050654 0.022059 0.056489 0.013655 0.064893 0.004202 0.068394 0.001576 0.068394 0.000000 0.000000 0.000000
1 0.000000 0.035539 0.000000 0.108543 0.001634 0.108543 0.003501 0.103992 0.012838 0.094713 0.028945 0.085084 0.029645 0.081758 0.028711 0.074580 0.021008 0.059174 0.009804 0.043943 0.001634 0.035539 0.000000 0.035539
1 0.173203 0.078081 0.175303 0.079832 0.182073 0.083508 0.193511 0.085959 0.214753 0.093137 0.237862 0.104517 0.239729 0.103466 0.240663 0.102066 0.240196 0.092787 0.237162 0.081583 0.235528 0.067577 0.236461 0.052696 0.240430 0.036765 0.241130 0.029412 0.237395 0.029237 0.221055 0.025210 0.206116 0.024860 0.200747 0.025735 0.190710 0.025735 0.189076 0.025210 0.186275 0.029762 0.185574 0.033088 0.182306 0.034664 0.180672 0.037465 0.177171 0.050770 0.175303 0.053746 0.173436 0.064251 0.173203 0.078081
1 0.235994 0.070028 0.237628 0.082108 0.240663 0.095413 0.248366 0.111695 0.251401 0.110819 0.256536 0.105217 0.264706 0.099790 0.276844 0.092787 0.287815 0.088410 0.292951 0.085084 0.289449 0.082808 0.286648 0.078081 0.284547 0.070553 0.280345 0.033088 0.278945 0.000000 0.267974 0.000000 0.267134 0.002381 0.260037 0.007528 0.247666 0.022234 0.243231 0.029062 0.239496 0.039566 0.236228 0.057423 0.235994 0.070028
1 0.176471 0.000000 0.176471 0.001751 0.183007 0.015056 0.183707 0.018207 0.185341 0.019433 0.184641 0.022584 0.187675 0.025910 0.185341 0.028887 0.182306 0.029412 0.182306 0.030812 0.185574 0.030462 0.188609 0.029062 0.192577 0.028887 0.194211 0.027836 0.206349 0.025210 0.219888 0.025210 0.235994 0.029412 0.237862 0.032388 0.241130 0.031162 0.246499 0.022409 0.255836 0.011730 0.257003 0.006653 0.255369 0.000000 0.176471 0.000000
1 0.116013 0.215686 0.116013 0.221289 0.113679 0.230567 0.114846 0.234244 0.116947 0.234419 0.132353 0.231618 0.145658 0.231793 0.158964 0.233718 0.172269 0.237570 0.177171 0.237570 0.177871 0.234244 0.174370 0.224090 0.173903 0.212360 0.174603 0.206408 0.179505 0.189951 0.183707 0.176646 0.188375 0.165966 0.196545 0.156338 0.203548 0.150910 0.204715 0.147409 0.192577 0.143732 0.186041 0.143382 0.182073 0.143908 0.177404 0.146183 0.171102 0.151261 0.162232 0.156162 0.144258 0.164391 0.134220 0.167192 0.126517 0.170868 0.123483 0.175070 0.116713 0.192052 0.114146 0.195903 0.116013 0.215686
1 0.032913 0.299895 0.033380 0.307248 0.034781 0.311275 0.035481 0.317927 0.037815 0.324405 0.046218 0.335609 0.053688 0.342087 0.060691 0.344888 0.063959 0.347339 0.066293 0.347339 0.070962 0.349090 0.084267 0.351891 0.112745 0.360644 0.116713 0.361345 0.129785 0.360469 0.137021 0.358718 0.140523 0.356443 0.150560 0.338761 0.156162 0.332458 0.173669 0.308473 0.197946 0.287815 0.211951 0.279762 0.211718 0.272234 0.208217 0.264531 0.201214 0.254552 0.196779 0.250525 0.186275 0.243347 0.178571 0.239671 0.173436 0.238796 0.158030 0.234244 0.144024 0.232143 0.133754 0.231793 0.127684 0.233018 0.123249 0.234944 0.112979 0.236169 0.091503 0.244048 0.080065 0.250875 0.071895 0.257703 0.067694 0.258929 0.064426 0.260854 0.053688 0.269608 0.050187 0.270833 0.047852 0.272759 0.046218 0.275910 0.037348 0.285889 0.033613 0.296569 0.032913 0.299895
1 0.000000 0.355217 0.000000 0.443978 0.001634 0.443978 0.017040 0.449755 0.043184 0.455707 0.057190 0.457458 0.071195 0.457633 0.092437 0.456408 0.101541 0.454482 0.117414 0.449580 0.126284 0.444853 0.132820 0.442577 0.129085 0.410889 0.133053 0.375875 0.130252 0.372024 0.124416 0.368172 0.108777 0.361169 0.102241 0.358894 0.092437 0.356968 0.081466 0.353116 0.070728 0.351015 0.064659 0.350315 0.042951 0.350315 0.037115 0.351716 0.032446 0.351891 0.025910 0.351015 0.009337 0.353291 0.000000 0.355217
1 0.000000 0.445203 0.000000 0.512430 0.015640 0.514356 0.022409 0.510679 0.028711 0.504202 0.062092 0.477066 0.065593 0.473915 0.066293 0.470238 0.061158 0.462710 0.055089 0.458508 0.040149 0.455882 0.014939 0.449930 0.002101 0.445203 0.000000 0.445203
1 0.000000 0.557423 0.000000 0.629727 0.015173 0.625875 0.023576 0.622549 0.025444 0.620273 0.019608 0.605392 0.003268 0.570378 0.001401 0.557423 0.000000 0.557423
1 0.000000 0.513655 0.000000 0.552871 0.001634 0.552871 0.003035 0.542892 0.009337 0.527486 0.014706 0.518732 0.014939 0.515581 0.014006 0.514881 0.004202 0.513480 0.000000 0.513655
1 0.003501 0.564426 0.007003 0.578256 0.022876 0.614671 0.026144 0.619048 0.027077 0.623249 0.042017 0.651436 0.046919 0.657563 0.052521 0.668242 0.063959 0.683824 0.069094 0.688901 0.070962 0.692577 0.073938 0.694809 0.083333 0.706583 0.097339 0.720063 0.119981 0.735119 0.133053 0.741772 0.154762 0.749650 0.163866 0.750875 0.175537 0.750700 0.181606 0.749825 0.201214 0.743347 0.234360 0.729342 0.250700 0.718137 0.264239 0.707283 0.276377 0.692927 0.282913 0.682073 0.290383 0.661765 0.294818 0.641632 0.291783 0.615666 0.291783 0.600315 0.292717 0.592612 0.291783 0.581408 0.284314 0.549720 0.275910 0.529937 0.270775 0.523284 0.268908 0.522409 0.266106 0.523109 0.261671 0.522759 0.253735 0.523634 0.237628 0.522584 0.221055 0.518732 0.203081 0.511380 0.183240 0.499475 0.172502 0.491246 0.168067 0.486695 0.163632 0.484244 0.147292 0.467262 0.137021 0.450105 0.130019 0.450280 0.109944 0.453957 0.095705 0.458508 0.080065 0.466036 0.070028 0.471989 0.057190 0.481968 0.047619 0.490546 0.033380 0.501576 0.031279 0.504377 0.025444 0.508578 0.020308 0.514006 0.014239 0.522409 0.012605 0.526611 0.009804 0.529587 0.006769 0.536239 0.003501 0.550945 0.003501 0.564426
0 0.131186 0.418592 0.133754 0.434174 0.137488 0.442227 0.138189 0.447304 0.140990 0.452206 0.142390 0.457108 0.146825 0.464286 0.153128 0.471989 0.174837 0.491947 0.178571 0.494048 0.185341 0.499825 0.201914 0.509629 0.209851 0.513480 0.224090 0.518207 0.234360 0.520833 0.247666 0.522234 0.262605 0.522234 0.275910 0.521183 0.292017 0.514356 0.310458 0.498950 0.318627 0.490371 0.329132 0.476190 0.333567 0.472339 0.336368 0.467962 0.340336 0.464111 0.344304 0.454482 0.352474 0.446254 0.352708 0.442577 0.355976 0.434524 0.359010 0.421744 0.365313 0.402136 0.369514 0.391982 0.373249 0.387080 0.376517 0.379202 0.378151 0.355742 0.376984 0.348564 0.371382 0.335434 0.365546 0.328081 0.362979 0.327031 0.358310 0.323354 0.341737 0.316527 0.322129 0.305672 0.301120 0.290441 0.288282 0.279237 0.275677 0.271008 0.269141 0.269958 0.258170 0.269783 0.243931 0.271008 0.230392 0.273985 0.213585 0.280637 0.196779 0.289916 0.187442 0.297969 0.183707 0.300245 0.170168 0.314251 0.158497 0.331933 0.147292 0.346289 0.138889 0.362570 0.137021 0.367472 0.135387 0.379902 0.133287 0.386380 0.130952 0.404062 0.131186 0.418592
0 0.234594 0.160714 0.235528 0.189251 0.238796 0.207983 0.241363 0.211134 0.242297 0.216912 0.245798 0.227416 0.251634 0.239846 0.260271 0.251926 0.265640 0.257003 0.273343 0.266457 0.304622 0.291667 0.321195 0.303922 0.338235 0.313550 0.359244 0.321954 0.387021 0.327381 0.405929 0.327556 0.415033 0.326681 0.420168 0.325455 0.427638 0.322654 0.431839 0.320203 0.440009 0.308123 0.449813 0.297094 0.454248 0.293242 0.462185 0.276261 0.465686 0.262955 0.466620 0.255427 0.466620 0.235119 0.462885 0.209559 0.460317 0.198880 0.447246 0.168768 0.436041 0.150910 0.434874 0.147409 0.415733 0.127801 0.399627 0.114846 0.394024 0.111345 0.372316 0.106092 0.335201 0.090861 0.330766 0.086660 0.318394 0.084909 0.310458 0.084559 0.286415 0.089461 0.272642 0.095763 0.258170 0.105742 0.255836 0.109244 0.251634 0.112745 0.244631 0.122549 0.240663 0.133403 0.240196 0.136905 0.238095 0.140756 0.237862 0.144608 0.235994 0.150035 0.234594 0.160714
0 0.450047 0.161590 0.451447 0.171744 0.453081 0.178046 0.456349 0.182598 0.463819 0.203256 0.466387 0.215861 0.466853 0.224090 0.472222 0.241071 0.478992 0.254552 0.485294 0.263305 0.496265 0.273810 0.505602 0.284314 0.515640 0.291492 0.522409 0.293943 0.529645 0.295693 0.533147 0.295868 0.540850 0.298144 0.553688 0.303221 0.560924 0.306898 0.573063 0.307948 0.586368 0.307773 0.598273 0.305672 0.626050 0.295868 0.630252 0.293768 0.644258 0.283964 0.652661 0.276436 0.667600 0.254727 0.672969 0.236695 0.674370 0.227591 0.675303 0.220588 0.675537 0.199230 0.671569 0.175420 0.666433 0.157213 0.663866 0.151085 0.661298 0.137080 0.655462 0.129902 0.654528 0.122899 0.650560 0.118697 0.644024 0.108543 0.629318 0.092087 0.622082 0.086134 0.613679 0.083158 0.580299 0.068803 0.546452 0.065126 0.539683 0.064951 0.522176 0.067927 0.511671 0.071078 0.500000 0.077906 0.485294 0.089461 0.480859 0.092087 0.478291 0.095238 0.473623 0.098739 0.466387 0.107493 0.460084 0.120098 0.454949 0.133578 0.450514 0.155462 0.450047 0.161590
0 0.663632 0.140756 0.671802 0.165441 0.674837 0.184699 0.677171 0.192402 0.683473 0.203081 0.685808 0.205532 0.687908 0.210609 0.697712 0.221989 0.703782 0.227766 0.717787 0.238270 0.721522 0.239846 0.726657 0.243347 0.764472 0.262430 0.773576 0.266282 0.790383 0.271534 0.796452 0.272584 0.800420 0.272409 0.814192 0.275210 0.842204 0.276611 0.865546 0.272409 0.876984 0.271709 0.880019 0.270833 0.893791 0.265931 0.902428 0.261905 0.915266 0.254202 0.918534 0.251401 0.921802 0.250000 0.925537 0.245798 0.928571 0.244223 0.935574 0.238270 0.940243 0.231618 0.947012 0.224090 0.950747 0.217612 0.954482 0.207108 0.955649 0.200630 0.956349 0.182073 0.955182 0.175070 0.950980 0.161064 0.941176 0.140406 0.933473 0.127276 0.919701 0.107318 0.910831 0.098564 0.900560 0.086310 0.894725 0.081583 0.889823 0.076155 0.880299 0.069013 0.873950 0.062850 0.858077 0.052521 0.854342 0.050945 0.852241 0.049020 0.846172 0.047444 0.840336 0.044118 0.832400 0.041141 0.817694 0.036765 0.804855 0.035364 0.793417 0.035364 0.778945 0.037640 0.772176 0.039916 0.758403 0.042192 0.730159 0.051821 0.719421 0.057248 0.713119 0.061975 0.708217 0.064076 0.706583 0.066001 0.690943 0.077206 0.686975 0.082633 0.677871 0.092087 0.669935 0.105742 0.665500 0.119398 0.663866 0.132528 0.663632 0.140756
0 0.540383 0.000000 0.540383 0.004202 0.541317 0.011905 0.549020 0.030987 0.555322 0.041842 0.567460 0.056022 0.571895 0.058648 0.584500 0.068978 0.591970 0.073179 0.612278 0.081408 0.622782 0.084209 0.644024 0.084734 0.661064 0.082983 0.679038 0.078957 0.685574 0.076506 0.692810 0.072654 0.704949 0.063901 0.726424 0.051471 0.741363 0.046744 0.753501 0.041667 0.756536 0.038690 0.761905 0.029937 0.764472 0.027311 0.770542 0.013831 0.773109 0.000000 0.540383 0.000000
1 0.540149 0.000000 0.540383 0.008403 0.545985 0.024860 0.555322 0.042192 0.567227 0.056373 0.573218 0.060166 0.583333 0.068277 0.594771 0.074580 0.619514 0.083683 0.631419 0.084734 0.644491 0.084734 0.661298 0.083158 0.668067 0.081057 0.679739 0.078957 0.692577 0.072829 0.705649 0.063550 0.729225 0.050595 0.740896 0.046919 0.752568 0.042192 0.755836 0.039566 0.761905 0.030112 0.764472 0.027661 0.770308 0.014881 0.772642 0.000000 0.540149 0.000000
1 0.781746 0.000000 0.781746 0.001576 0.784314 0.015581 0.792484 0.028361 0.796919 0.032738 0.809991 0.035539 0.821195 0.036765 0.834734 0.041667 0.838469 0.042192 0.845472 0.045868 0.851774 0.047794 0.858543 0.051471 0.876284 0.064076 0.883287 0.070728 0.891923 0.076681 0.893791 0.079307 0.904528 0.088936 0.914566 0.090686 0.929272 0.091036 0.952848 0.088235 0.963352 0.085434 0.973856 0.081057 0.985061 0.074580 0.990896 0.068978 0.999767 0.058123 0.999767 0.000000 0.781746 0.000000
1 0.917134 0.102416 0.922269 0.108368 0.924837 0.113620 0.935107 0.127626 0.947946 0.151436 0.955415 0.171569 0.957983 0.188550 0.955415 0.208508 0.947479 0.225315 0.934874 0.240196 0.924837 0.247899 0.917600 0.255077 0.918534 0.258578 0.920635 0.261905 0.921335 0.266106 0.927171 0.271534 0.928571 0.274160 0.929972 0.273634 0.936041 0.277136 0.934407 0.279062 0.935574 0.280812 0.940710 0.281688 0.938842 0.284664 0.939076 0.286765 0.946545 0.286940 0.949580 0.286239 0.960317 0.291317 0.970588 0.293592 0.998133 0.303746 0.999767 0.303746 0.999767 0.062325 0.998133 0.062325 0.994631 0.065126 0.993231 0.067752 0.985294 0.075105 0.967087 0.085259 0.953315 0.089636 0.942344 0.090686 0.936975 0.091912 0.926937 0.091912 0.922502 0.092787 0.918301 0.094713 0.917367 0.098739 0.917134 0.102416
0 0.605742 0.364671 0.603408 0.390056 0.603408 0.404587 0.605509 0.421569 0.607843 0.425420 0.609244 0.432248 0.613445 0.442927 0.617414 0.450280 0.622082 0.456408 0.623249 0.460084 0.632820 0.474265 0.637722 0.479517 0.640523 0.484069 0.647292 0.490721 0.668301 0.506303 0.680205 0.513480 0.696078 0.521359 0.704482 0.524510 0.716853 0.527836 0.731326 0.528011 0.738095 0.527311 0.747899 0.525035 0.761905 0.519608 0.766573 0.516632 0.775910 0.512955 0.779412 0.509629 0.787348 0.504902 0.797152 0.496324 0.813259 0.477416 0.826097 0.451331 0.832866 0.429447 0.835668 0.408263 0.836134 0.383228 0.834967 0.374125 0.827731 0.345763 0.827031 0.338235 0.824930 0.332808 0.822362 0.321254 0.815593 0.307073 0.808590 0.294993 0.796919 0.280812 0.783147 0.271359 0.779412 0.270483 0.769374 0.265231 0.761905 0.262605 0.741130 0.251751 0.731092 0.248249 0.724323 0.247024 0.717320 0.246674 0.702381 0.247899 0.689776 0.250175 0.674837 0.255427 0.669234 0.258578 0.664799 0.262955 0.654528 0.276961 0.645892 0.284664 0.633987 0.292542 0.625117 0.299895 0.612278 0.328606 0.608077 0.341912 0.607143 0.352591 0.605509 0.358193 0.605742 0.364671
0 0.356676 0.452731 0.355976 0.456933 0.358543 0.472689 0.364613 0.487395 0.367647 0.491772 0.370215 0.497899 0.375350 0.505252 0.378618 0.508053 0.382353 0.512955 0.402894 0.527486 0.417600 0.532738 0.426004 0.534664 0.433707 0.535714 0.457983 0.536239 0.476424 0.535014 0.491130 0.531863 0.511905 0.523634 0.519608 0.519258 0.523810 0.515931 0.531513 0.512430 0.541783 0.505252 0.553922 0.495098 0.575397 0.470763 0.585434 0.457983 0.597806 0.435224 0.601074 0.418943 0.601074 0.411239 0.599673 0.404237 0.600840 0.397759 0.602241 0.355567 0.599206 0.345588 0.593137 0.335609 0.587768 0.328782 0.554855 0.306022 0.539916 0.299370 0.519141 0.294293 0.512138 0.293067 0.498833 0.294293 0.480159 0.298144 0.466853 0.303396 0.450280 0.313200 0.442344 0.319503 0.434407 0.323529 0.419935 0.335609 0.410131 0.342437 0.403361 0.348389 0.401027 0.352066 0.397059 0.355567 0.381186 0.376576 0.369514 0.397409 0.360411 0.423494 0.356443 0.442227 0.356209 0.447129 0.356676 0.452731
1 0.294118 0.614671 0.296685 0.633929 0.298786 0.644258 0.306723 0.672094 0.311391 0.682248 0.315593 0.688200 0.320962 0.699055 0.330299 0.712010 0.338235 0.724965 0.341737 0.732668 0.361578 0.762780 0.375350 0.777136 0.391223 0.789391 0.400560 0.794818 0.404762 0.798144 0.418067 0.804797 0.428571 0.807948 0.435808 0.811450 0.442110 0.812150 0.445145 0.811099 0.456816 0.802871 0.469421 0.789741 0.491597 0.759454 0.500700 0.741422 0.507703 0.713761 0.513539 0.671218 0.514006 0.662815 0.513072 0.653887 0.510738 0.640931 0.499300 0.598214 0.494631 0.585959 0.491830 0.574930 0.486228 0.560749 0.484127 0.557423 0.470355 0.540441 0.467554 0.539041 0.464286 0.538340 0.449580 0.538515 0.442810 0.537465 0.433007 0.537290 0.414799 0.533438 0.397759 0.526436 0.394024 0.522584 0.390289 0.520658 0.381653 0.513831 0.369748 0.500525 0.362278 0.500000 0.356909 0.500875 0.341737 0.506478 0.338702 0.508754 0.327264 0.518382 0.314659 0.535364 0.307656 0.550420 0.300887 0.568277 0.296685 0.584734 0.294585 0.598564 0.294118 0.614671
1 0.711718 0.544293 0.714753 0.559349 0.714986 0.564776 0.717787 0.574930 0.722923 0.602766 0.726424 0.612395 0.734827 0.623249 0.741130 0.633578 0.747899 0.641982 0.770775 0.678746 0.774743 0.683298 0.779412 0.690651 0.790149 0.702556 0.792484 0.706408 0.807190 0.719888 0.810691 0.721814 0.816527 0.727241 0.827965 0.735119 0.838469 0.740196 0.841970 0.742997 0.857376 0.749475 0.865780 0.751401 0.869981 0.753151 0.880719 0.755252 0.891690 0.756828 0.899393 0.757178 0.916667 0.756303 0.935341 0.751225 0.950514 0.743697 0.963819 0.732843 0.968487 0.727941 0.978992 0.713410 0.982493 0.706583 0.985994 0.693803 0.986695 0.684524 0.986695 0.674545 0.983660 0.647584 0.974790 0.613095 0.961251 0.578606 0.936041 0.535889 0.930205 0.527836 0.923669 0.521183 0.918534 0.513480 0.902428 0.494748 0.893791 0.487745 0.876050 0.475315 0.873483 0.472514 0.862979 0.465861 0.845005 0.461134 0.839169 0.460609 0.831466 0.460959 0.828198 0.462535 0.824463 0.462885 0.820962 0.465686 0.820028 0.469013 0.810691 0.483368 0.804155 0.490896 0.795518 0.499650 0.776144 0.514531 0.767507 0.518908 0.748133 0.526961 0.744631 0.526961 0.730626 0.529937 0.723389 0.529762 0.716853 0.530812 0.712652 0.536239 0.711951 0.538866 0.711718 0.544293
1 0.504202 0.571604 0.505836 0.592437 0.508403 0.609419 0.511438 0.615896 0.511905 0.626926 0.514706 0.644083 0.518908 0.658088 0.529645 0.678571 0.536181 0.688375 0.553455 0.706583 0.563259 0.714286 0.572829 0.720413 0.586134 0.727416 0.592204 0.730042 0.612745 0.736695 0.630952 0.739321 0.644258 0.738971 0.654528 0.736345 0.661531 0.735469 0.667834 0.733018 0.678338 0.727416 0.686275 0.720588 0.697012 0.706408 0.703782 0.693627 0.714286 0.661765 0.718954 0.640931 0.720822 0.613270 0.719188 0.598739 0.713819 0.575105 0.706116 0.529237 0.704248 0.527136 0.699580 0.523985 0.685574 0.518207 0.678571 0.514181 0.674136 0.512780 0.654995 0.498775 0.638189 0.484069 0.626517 0.468487 0.623016 0.465336 0.607376 0.461835 0.587302 0.462185 0.584967 0.462710 0.580766 0.466036 0.573063 0.476015 0.567694 0.480742 0.559757 0.491422 0.546919 0.502976 0.532913 0.513130 0.515640 0.523109 0.513539 0.526611 0.509570 0.540441 0.504902 0.563550 0.504202 0.571604
1 0.002101 0.759454 0.000000 0.760504 0.000000 0.883053 0.002334 0.886029 0.011905 0.911239 0.031513 0.942052 0.046685 0.959559 0.052054 0.963761 0.057890 0.969888 0.064192 0.974265 0.067927 0.975665 0.074697 0.981092 0.084734 0.985644 0.094538 0.988095 0.116480 0.987745 0.126751 0.985469 0.137255 0.981618 0.157330 0.972514 0.161765 0.968662 0.171102 0.963585 0.185808 0.951681 0.196779 0.939951 0.206816 0.926646 0.213819 0.915791 0.220822 0.902486 0.228291 0.883228 0.232260 0.867472 0.232260 0.848915 0.230859 0.842437 0.232726 0.801120 0.236928 0.768908 0.235994 0.754727 0.232493 0.737745 0.230626 0.735469 0.227358 0.734419 0.218954 0.737220 0.192577 0.748249 0.178338 0.751926 0.161298 0.751751 0.147059 0.748424 0.144491 0.746849 0.133053 0.742647 0.119748 0.735994 0.110411 0.729692 0.106909 0.728116 0.099907 0.722689 0.095705 0.720588 0.084267 0.708683 0.080999 0.706583 0.080065 0.703782 0.076797 0.699230 0.069561 0.692227 0.067460 0.688550 0.064426 0.686275 0.063259 0.686275 0.060691 0.686625 0.056022 0.688901 0.039449 0.702731 0.022409 0.721989 0.018908 0.727591 0.015873 0.730742 0.007236 0.744573 0.002101 0.759454
1 0.234827 0.864321 0.235994 0.873249 0.239496 0.887605 0.248133 0.911064 0.254669 0.923319 0.269141 0.945903 0.278245 0.957458 0.282446 0.961485 0.297152 0.971113 0.312558 0.977766 0.324463 0.981793 0.337535 0.982843 0.345705 0.982318 0.359244 0.979342 0.372782 0.973739 0.386555 0.965336 0.394024 0.959559 0.408497 0.945378 0.421802 0.925245 0.433240 0.902136 0.438375 0.886905 0.443277 0.862745 0.443044 0.848564 0.441877 0.842087 0.442344 0.820903 0.437908 0.813725 0.411064 0.802346 0.396359 0.793768 0.380952 0.783088 0.366013 0.768908 0.360177 0.762080 0.348506 0.745273 0.341737 0.734769 0.336601 0.723915 0.331466 0.717437 0.312325 0.685924 0.309524 0.682773 0.307423 0.681723 0.303922 0.682248 0.292951 0.688725 0.274743 0.702381 0.257236 0.729867 0.249767 0.744923 0.241597 0.765406 0.236695 0.792192 0.234827 0.814076 0.234827 0.864321
1 0.444911 0.828081 0.446312 0.852241 0.452381 0.887430 0.460084 0.908088 0.473156 0.930497 0.479692 0.939776 0.490896 0.950630 0.504202 0.960959 0.515406 0.967962 0.532446 0.975140 0.553688 0.979517 0.560691 0.979867 0.567694 0.978641 0.581466 0.973214 0.602708 0.957458 0.615313 0.944853 0.624183 0.933298 0.631653 0.922269 0.638422 0.909839 0.643557 0.897409 0.649160 0.878501 0.651494 0.862920 0.651961 0.844888 0.651261 0.835084 0.638422 0.751751 0.637021 0.748599 0.637021 0.744573 0.631186 0.741772 0.613679 0.737920 0.592437 0.730917 0.573296 0.721814 0.562792 0.714636 0.560458 0.713761 0.550887 0.706057 0.548319 0.702556 0.535014 0.689251 0.529412 0.681898 0.524977 0.680497 0.522409 0.676996 0.518908 0.675245 0.518441 0.677521 0.514939 0.682073 0.514706 0.685749 0.512838 0.689601 0.512838 0.693102 0.511438 0.696078 0.510738 0.704307 0.505135 0.732843 0.499533 0.748074 0.490196 0.764181 0.479225 0.777486 0.471289 0.789741 0.466853 0.793943 0.464286 0.797794 0.448646 0.811099 0.445612 0.815301 0.444911 0.828081
1 0.641690 0.752801 0.645191 0.772059 0.646359 0.783964 0.653361 0.813084 0.653828 0.823704 0.659664 0.844013 0.660831 0.852416 0.673203 0.881127 0.687908 0.902136 0.702381 0.918067 0.714986 0.928746 0.737628 0.942577 0.744865 0.945378 0.758403 0.948529 0.770075 0.948704 0.783147 0.947479 0.795752 0.944678 0.800420 0.942752 0.810924 0.937325 0.817927 0.932248 0.831466 0.918242 0.835901 0.912290 0.846872 0.887955 0.851307 0.869048 0.852241 0.860119 0.852241 0.833158 0.849440 0.800420 0.845705 0.782913 0.836835 0.755952 0.836601 0.751401 0.834267 0.747374 0.833800 0.743522 0.831466 0.739146 0.824230 0.734069 0.821195 0.732843 0.813259 0.726891 0.798086 0.713761 0.789916 0.705357 0.778945 0.692577 0.765406 0.672619 0.755369 0.659489 0.751634 0.656513 0.748599 0.655637 0.734127 0.654937 0.720588 0.657038 0.718021 0.659489 0.714286 0.668067 0.711485 0.678571 0.706816 0.688901 0.706349 0.692752 0.704015 0.696078 0.700514 0.704307 0.695845 0.711835 0.692110 0.714986 0.688375 0.720763 0.683473 0.725840 0.674603 0.732318 0.665733 0.736345 0.661298 0.737220 0.656629 0.739671 0.654062 0.739846 0.651027 0.738971 0.647759 0.739846 0.641690 0.744048 0.641690 0.752801
1 0.945379 0.816599 0.945853 0.816599 0.945853 0.815827 0.945379 0.815827 0.945379 0.816599
1 0.840103 0.758578 0.848973 0.786415 0.853408 0.810574 0.855042 0.832633 0.854575 0.838936 0.855742 0.845588 0.857843 0.848389 0.862512 0.860469 0.869514 0.874125 0.883053 0.895483 0.897292 0.913165 0.909664 0.925245 0.922269 0.935574 0.937208 0.946078 0.959851 0.957808 0.971522 0.962010 0.974090 0.964111 0.977358 0.965336 0.984360 0.966562 0.988329 0.968487 0.999767 0.969013 0.999767 0.703256 0.987628 0.696604 0.985761 0.699580 0.984360 0.706583 0.976657 0.720238 0.962418 0.735819 0.954015 0.742297 0.943978 0.748599 0.928105 0.754552 0.914799 0.757528 0.896359 0.758228 0.874416 0.755252 0.857143 0.750175 0.847106 0.746499 0.845472 0.745273 0.841970 0.744923 0.840103 0.748424 0.840103 0.758578
1 0.838469 0.353116 0.835668 0.362570 0.839169 0.388901 0.836368 0.428746 0.841036 0.437150 0.852007 0.450805 0.858310 0.455707 0.865546 0.463060 0.873483 0.469188 0.876284 0.472514 0.897759 0.488796 0.905929 0.493873 0.914099 0.497199 0.922736 0.502276 0.929505 0.504377 0.935808 0.507528 0.941643 0.508578 0.952848 0.512430 0.967087 0.515931 0.976891 0.517332 0.983660 0.517507 0.991597 0.517332 0.999767 0.515581 0.999767 0.306022 0.973623 0.295868 0.953548 0.290966 0.939309 0.289916 0.932306 0.288515 0.907330 0.292192 0.885387 0.299370 0.876517 0.304622 0.868114 0.310749 0.854108 0.324405 0.843838 0.338761 0.838702 0.349265 0.838469 0.353116
1 0.173903 0.220413 0.175303 0.227241 0.178571 0.233894 0.178805 0.237745 0.183007 0.240896 0.187442 0.242822 0.201447 0.253501 0.211718 0.268732 0.213585 0.276611 0.217087 0.277486 0.223623 0.274335 0.234594 0.271008 0.237628 0.268557 0.235761 0.261730 0.232726 0.255777 0.229458 0.246148 0.223389 0.221814 0.219888 0.185924 0.220121 0.178571 0.223156 0.164391 0.229225 0.153361 0.234360 0.147759 0.235528 0.141632 0.234360 0.139531 0.227591 0.140756 0.206349 0.150035 0.199113 0.154762 0.192110 0.161415 0.187208 0.168067 0.185808 0.171569 0.174136 0.208859 0.173903 0.220413
1 0.220355 0.182773 0.222689 0.217262 0.229925 0.248599 0.237628 0.266106 0.236928 0.269083 0.241130 0.270308 0.267274 0.268382 0.272409 0.269608 0.275910 0.269433 0.270308 0.261730 0.260271 0.251926 0.250467 0.237745 0.240430 0.213235 0.235528 0.191877 0.234827 0.157563 0.235761 0.154062 0.234360 0.151085 0.235061 0.148284 0.234360 0.140581 0.233660 0.141982 0.230859 0.142682 0.229692 0.143732 0.232960 0.147234 0.232726 0.150560 0.230159 0.151961 0.225023 0.161590 0.222222 0.168417 0.221289 0.174720 0.220355 0.182773
1 0.928571 0.522409 0.946545 0.551296 0.961251 0.577031 0.964519 0.584384 0.975023 0.610819 0.981326 0.632003 0.984360 0.645833 0.985994 0.648459 0.998133 0.659664 0.999767 0.659664 0.999767 0.517682 0.983894 0.518207 0.974556 0.517332 0.962652 0.515231 0.935341 0.508578 0.931373 0.508754 0.928571 0.515406 0.928571 0.522409
1 0.279178 0.000000 0.281746 0.049895 0.285948 0.077031 0.289916 0.085084 0.292017 0.086310 0.295985 0.086485 0.308123 0.084209 0.313025 0.084034 0.320962 0.084384 0.331466 0.085959 0.332400 0.084909 0.329832 0.083859 0.328665 0.081583 0.322129 0.075105 0.317227 0.071429 0.309524 0.061800 0.302054 0.048319 0.299953 0.042717 0.298086 0.027136 0.299953 0.000000 0.279178 0.000000
1 0.187442 0.090511 0.196312 0.097689 0.197246 0.102066 0.197246 0.111520 0.194678 0.123074 0.185341 0.136905 0.184641 0.140581 0.207049 0.147059 0.217087 0.144083 0.230859 0.137080 0.230392 0.134454 0.232493 0.129377 0.234360 0.127626 0.235994 0.127451 0.240663 0.124300 0.245565 0.116246 0.245565 0.112745 0.241130 0.106793 0.238796 0.106793 0.236695 0.105917 0.227591 0.099615 0.213352 0.092437 0.193044 0.086660 0.187208 0.086485 0.185574 0.087885 0.187442 0.090511
1 0.126517 0.000000 0.126517 0.001576 0.130719 0.003151 0.142857 0.011730 0.155696 0.024510 0.170401 0.047269 0.171802 0.053221 0.175303 0.051296 0.176937 0.046744 0.179272 0.035889 0.179972 0.026786 0.179272 0.011905 0.174603 0.000000 0.126517 0.000000
1 0.789683 0.272409 0.792484 0.273810 0.793184 0.275910 0.795985 0.278011 0.805556 0.288515 0.810691 0.295343 0.814192 0.298144 0.831232 0.301646 0.836368 0.301821 0.852474 0.300245 0.859711 0.297969 0.865546 0.294818 0.873016 0.292017 0.888189 0.282038 0.894024 0.276436 0.896359 0.272409 0.899860 0.269783 0.903128 0.265406 0.900794 0.264006 0.894024 0.265581 0.891690 0.267332 0.876284 0.271884 0.845938 0.276261 0.817694 0.275560 0.806956 0.274510 0.797386 0.272409 0.790850 0.272234 0.789683 0.272409
1 0.028711 0.076331 0.029879 0.082283 0.031046 0.083508 0.032913 0.083859 0.035948 0.082983 0.042250 0.079832 0.053221 0.077031 0.057890 0.074580 0.053221 0.067402 0.045285 0.060049 0.028711 0.058824 0.023343 0.060574 0.028711 0.076331
1 0.032913 0.273109 0.035481 0.280987 0.036415 0.283088 0.039683 0.283088 0.041317 0.280112 0.046919 0.273985 0.064659 0.261029 0.070495 0.258578 0.074463 0.255952 0.079832 0.251401 0.075163 0.248775 0.067460 0.248775 0.056956 0.251225 0.042484 0.258053 0.035948 0.262430 0.032680 0.266807 0.032913 0.273109
1 0.515406 0.067752 0.519841 0.067577 0.533380 0.064951 0.539749 0.064601 0.549020 0.064951 0.577965 0.068277 0.580532 0.067577 0.559290 0.047969 0.551354 0.036064 0.546919 0.027661 0.543417 0.023985 0.530812 0.046394 0.527311 0.050245 0.521475 0.059174 0.516573 0.064076 0.515406 0.067752
1 0.756769 0.039566 0.757236 0.040441 0.758403 0.040966 0.764006 0.040616 0.772409 0.039391 0.790850 0.035189 0.794585 0.033088 0.781979 0.012080 0.779645 0.004027 0.777778 0.002801 0.776144 0.000000 0.767507 0.021183 0.763772 0.028361 0.757937 0.036765 0.756769 0.039566