0 0.282913 0.095763 0.285714 0.102941 0.289216 0.108193 0.300187 0.117122 0.313492 0.124125 0.328198 0.130077 0.349206 0.134979 0.365546 0.136730 0.403128 0.137080 0.411064 0.134629 0.430439 0.132703 0.441176 0.130077 0.468254 0.119573 0.488329 0.110819 0.498133 0.104867 0.505602 0.098739 0.512605 0.085434 0.511204 0.078081 0.505836 0.067577 0.505135 0.064076 0.502801 0.063725 0.491363 0.057248 0.481326 0.054272 0.477124 0.051120 0.462885 0.045518 0.441410 0.038866 0.429038 0.035889 0.422502 0.035014 0.410131 0.034664 0.391457 0.032913 0.369514 0.034139 0.346405 0.039041 0.338936 0.039741 0.331699 0.041842 0.311158 0.049720 0.301821 0.055322 0.292017 0.063725 0.285948 0.073179 0.282446 0.084559 0.282913 0.095763
0 0.303688 0.201856 0.305089 0.207108 0.309757 0.218487 0.314893 0.227241 0.320962 0.235119 0.323296 0.237745 0.330299 0.242647 0.336601 0.245798 0.348973 0.250175 0.362745 0.252976 0.369981 0.253326 0.387955 0.252626 0.401027 0.249650 0.415033 0.241772 0.425070 0.233894 0.431139 0.227591 0.435341 0.221814 0.441410 0.210084 0.443044 0.197129 0.443044 0.188725 0.435808 0.167892 0.424603 0.157563 0.417134 0.146884 0.413866 0.143732 0.407796 0.140756 0.401494 0.139181 0.377918 0.137605 0.352241 0.137955 0.348739 0.137255 0.342204 0.138130 0.338002 0.139706 0.328431 0.145133 0.317460 0.153011 0.313959 0.157213 0.311391 0.161239 0.308824 0.167892 0.303922 0.185749 0.303688 0.201856
0 0.512138 0.176120 0.513539 0.193277 0.516807 0.204482 0.521475 0.213848 0.521242 0.216912 0.522642 0.218838 0.525132 0.218838 0.529178 0.220588 0.532213 0.225490 0.541083 0.231793 0.549720 0.236345 0.557890 0.238971 0.570962 0.240896 0.591036 0.239671 0.602708 0.237395 0.612745 0.234244 0.619748 0.229342 0.626751 0.227591 0.635621 0.222689 0.639589 0.221289 0.654295 0.208333 0.664799 0.193803 0.671802 0.178396 0.674370 0.164041 0.674603 0.146884 0.669468 0.120098 0.666200 0.111870 0.660598 0.101891 0.656162 0.089986 0.652194 0.084384 0.644024 0.077556 0.640523 0.076155 0.636788 0.072829 0.632120 0.070728 0.630252 0.070028 0.615079 0.068452 0.603564 0.069153 0.591503 0.067927 0.588469 0.068627 0.564192 0.080707 0.552521 0.090861 0.549253 0.094713 0.541083 0.106092 0.537115 0.113445 0.532446 0.119223 0.516807 0.147759 0.512838 0.161064 0.512372 0.166842 0.512138 0.176120
0 0.812325 0.171569 0.814192 0.178746 0.820028 0.193452 0.834034 0.214811 0.857843 0.237395 0.876050 0.252626 0.885154 0.257003 0.904528 0.264181 0.925070 0.268557 0.939076 0.268032 0.949580 0.265931 0.954015 0.264006 0.961018 0.259454 0.964986 0.255777 0.971522 0.246499 0.980859 0.223389 0.987162 0.196429 0.988329 0.185574 0.988095 0.169818 0.985061 0.157913 0.978525 0.139181 0.965219 0.119048 0.949580 0.105567 0.940476 0.100840 0.921802 0.093312 0.904762 0.089811 0.885621 0.089986 0.868347 0.093312 0.858777 0.097514 0.843838 0.105567 0.830065 0.117472 0.823296 0.125875 0.818627 0.133403 0.817927 0.136905 0.812792 0.147234 0.811391 0.152836 0.812325 0.171569
0 0.552054 0.383754 0.557656 0.393732 0.564192 0.398810 0.574230 0.403011 0.584267 0.410189 0.596172 0.415791 0.608310 0.419293 0.615079 0.419818 0.619748 0.422269 0.637255 0.422619 0.661064 0.420868 0.678805 0.416141 0.692577 0.410364 0.699113 0.405812 0.707049 0.402486 0.720121 0.394958 0.725724 0.390406 0.735994 0.377451 0.739262 0.369748 0.740196 0.366597 0.740196 0.359419 0.738796 0.348739 0.737162 0.345413 0.734127 0.342437 0.719888 0.336134 0.713585 0.334384 0.706816 0.333859 0.696312 0.331408 0.685341 0.327906 0.672736 0.325105 0.660364 0.320728 0.645425 0.318803 0.633053 0.318803 0.616947 0.320903 0.605976 0.323529 0.584967 0.333158 0.564893 0.348564 0.557190 0.358543 0.552988 0.369573 0.553221 0.373249 0.551587 0.377801 0.552054 0.383754
0 0.364846 0.404412 0.365780 0.428746 0.368581 0.434349 0.369748 0.443102 0.376517 0.462535 0.383520 0.473915 0.387021 0.478116 0.390523 0.480217 0.398226 0.480742 0.424837 0.477766 0.428805 0.476366 0.450514 0.476015 0.457049 0.476190 0.460084 0.477241 0.473623 0.478992 0.480859 0.478992 0.487628 0.476891 0.491130 0.474440 0.494631 0.468487 0.498133 0.466387 0.505135 0.460259 0.509804 0.449930 0.514939 0.433999 0.523576 0.415441 0.527778 0.397934 0.530345 0.377626 0.528478 0.362570 0.526377 0.355742 0.519141 0.343838 0.513539 0.338936 0.498599 0.327906 0.494631 0.327031 0.486228 0.323004 0.477591 0.320728 0.470588 0.319678 0.466620 0.319853 0.453782 0.317402 0.442344 0.317577 0.427638 0.321078 0.411531 0.327381 0.404762 0.331583 0.397292 0.336835 0.389122 0.345238 0.381419 0.355917 0.380252 0.359244 0.377918 0.361870 0.373950 0.369398 0.371382 0.381828 0.366013 0.397409 0.364846 0.404412
0 0.524043 0.550070 0.527544 0.557248 0.538749 0.568803 0.548086 0.575805 0.552521 0.577031 0.560691 0.576331 0.567460 0.574405 0.580766 0.573179 0.592204 0.573354 0.602007 0.571078 0.607610 0.569328 0.609010 0.568102 0.612745 0.568102 0.636321 0.561800 0.653361 0.553396 0.661298 0.546744 0.669935 0.535714 0.684641 0.519433 0.693511 0.512955 0.702148 0.503501 0.706583 0.500700 0.711251 0.495973 0.714286 0.492647 0.717087 0.487220 0.719421 0.480917 0.721522 0.469538 0.721055 0.459384 0.718954 0.453081 0.715219 0.446254 0.707049 0.435574 0.700514 0.430497 0.687908 0.423845 0.675770 0.419118 0.671569 0.419118 0.658497 0.422269 0.645191 0.423319 0.636555 0.423144 0.618814 0.425770 0.605742 0.431723 0.584967 0.443978 0.563959 0.464111 0.551821 0.481092 0.547619 0.491422 0.531046 0.522584 0.524276 0.543768 0.524043 0.550070
0 0.012838 0.330182 0.014239 0.341912 0.017274 0.352066 0.024276 0.366947 0.043417 0.388480 0.057423 0.396008 0.064192 0.401085 0.101774 0.411590 0.109711 0.411590 0.130019 0.408789 0.144024 0.403536 0.146825 0.401611 0.154528 0.391807 0.160131 0.382878 0.171335 0.370973 0.173436 0.366071 0.174603 0.360294 0.174837 0.351015 0.172269 0.329132 0.168067 0.322304 0.164099 0.310749 0.158497 0.300595 0.153595 0.296043 0.149160 0.290441 0.141457 0.277836 0.132820 0.268732 0.119281 0.259104 0.116246 0.256127 0.111111 0.253852 0.102474 0.248074 0.091970 0.246849 0.078431 0.243873 0.074930 0.243347 0.067227 0.243697 0.056022 0.244573 0.050187 0.245798 0.044818 0.250700 0.039216 0.252451 0.031046 0.258403 0.021709 0.268908 0.018207 0.275735 0.015173 0.286590 0.012838 0.307073 0.012838 0.330182
0 0.266340 0.633053 0.267974 0.645833 0.270542 0.652836 0.273109 0.664566 0.278945 0.678571 0.286648 0.691176 0.293417 0.699405 0.297152 0.701681 0.300887 0.706408 0.311625 0.713410 0.320962 0.721113 0.327731 0.724440 0.334967 0.726891 0.352241 0.731443 0.369748 0.734769 0.383754 0.735119 0.401261 0.730042 0.408030 0.727416 0.421569 0.718838 0.427404 0.713936 0.433007 0.706933 0.434641 0.703431 0.438375 0.692577 0.439309 0.685924 0.439776 0.671394 0.434174 0.633578 0.425770 0.613620 0.415966 0.598039 0.403361 0.586485 0.385387 0.573354 0.367414 0.564426 0.356209 0.562325 0.327731 0.561099 0.315126 0.563375 0.311858 0.565301 0.300187 0.568102 0.285714 0.579657 0.277778 0.591036 0.270308 0.606793 0.266573 0.625700 0.266340 0.633053
0 0.437908 0.644433 0.439076 0.651261 0.442110 0.658088 0.452614 0.672094 0.456583 0.675245 0.458217 0.678571 0.460084 0.679972 0.469421 0.685749 0.478992 0.689601 0.486228 0.691527 0.494631 0.695903 0.504669 0.699580 0.515640 0.702381 0.524743 0.703431 0.529645 0.705182 0.543184 0.707108 0.555789 0.707283 0.579599 0.709559 0.589636 0.709559 0.630019 0.706057 0.640289 0.704132 0.657330 0.702731 0.672035 0.700105 0.685341 0.694153 0.694911 0.686450 0.700514 0.678746 0.702148 0.673845 0.709617 0.664916 0.713352 0.654587 0.711951 0.640231 0.707516 0.630427 0.693978 0.612220 0.677171 0.598214 0.665266 0.590686 0.649860 0.583683 0.636555 0.580882 0.629785 0.580357 0.617180 0.577381 0.609944 0.577031 0.600140 0.575280 0.577965 0.574580 0.570495 0.575105 0.557656 0.578606 0.549720 0.579132 0.546452 0.577906 0.539449 0.578782 0.520542 0.583333 0.515873 0.585434 0.501401 0.589636 0.482960 0.597339 0.466620 0.605567 0.457516 0.612220 0.443511 0.625875 0.437908 0.633053 0.437908 0.644433
0 0.289216 0.887955 0.290383 0.893382 0.295985 0.901085 0.299953 0.905112 0.318161 0.918067 0.331466 0.924195 0.336134 0.925070 0.341503 0.927521 0.358777 0.931548 0.373716 0.932598 0.376284 0.933298 0.394258 0.932948 0.410598 0.930847 0.424837 0.931197 0.443978 0.928046 0.453315 0.925595 0.463352 0.924370 0.491130 0.918242 0.517274 0.908964 0.540149 0.897584 0.548319 0.891106 0.556022 0.881303 0.560458 0.862745 0.560691 0.855742 0.550887 0.838585 0.544118 0.832458 0.532913 0.819153 0.526377 0.812850 0.503501 0.800770 0.498133 0.798845 0.463352 0.797094 0.442577 0.799720 0.419935 0.805147 0.404295 0.810574 0.384454 0.820028 0.366480 0.826856 0.329365 0.846289 0.314893 0.855392 0.299720 0.866422 0.295985 0.869923 0.290850 0.876926 0.289449 0.880602 0.289216 0.887955
0 0.529178 0.967262 0.531979 0.974965 0.534314 0.977941 0.539916 0.982493 0.550654 0.988270 0.568627 0.999825 0.710317 0.999825 0.710551 0.998074 0.717320 0.995973 0.727358 0.990371 0.731326 0.988971 0.741130 0.987745 0.765406 0.975665 0.772409 0.970413 0.774510 0.967962 0.781279 0.963410 0.788282 0.954132 0.791317 0.946429 0.792250 0.937325 0.793184 0.935749 0.792951 0.930672 0.793884 0.928746 0.787582 0.921218 0.788049 0.915091 0.784080 0.905112 0.777077 0.897059 0.769141 0.890056 0.762605 0.886029 0.744865 0.878676 0.737628 0.876050 0.730626 0.874650 0.699580 0.871849 0.675070 0.871148 0.644958 0.872024 0.629785 0.875000 0.608543 0.881828 0.590570 0.890406 0.558590 0.910539 0.552521 0.915266 0.544351 0.923845 0.536181 0.934524 0.533147 0.939426 0.531279 0.944503 0.529178 0.957283 0.529178 0.967262
0 0.141223 0.901436 0.144024 0.914741 0.152194 0.932248 0.159897 0.944328 0.175070 0.961310 0.188375 0.971464 0.197479 0.976366 0.201681 0.979692 0.217087 0.988796 0.223856 0.991246 0.227124 0.991597 0.229925 0.993172 0.249533 0.997724 0.250700 0.998249 0.250700 0.999825 0.294818 0.999825 0.295285 0.997899 0.305556 0.995798 0.313725 0.990196 0.324463 0.986520 0.332633 0.980917 0.338936 0.974965 0.340336 0.970413 0.340103 0.966211 0.338702 0.960084 0.336368 0.954832 0.325397 0.939076 0.323063 0.933999 0.319094 0.929097 0.311858 0.916667 0.300731 0.907621 0.289683 0.895133 0.287348 0.890581 0.285714 0.880602 0.269141 0.869048 0.255369 0.862570 0.234594 0.854867 0.221522 0.853641 0.192577 0.856092 0.182073 0.858543 0.178571 0.860119 0.175303 0.860469 0.170868 0.861870 0.161298 0.866597 0.154762 0.871499 0.145892 0.883578 0.141690 0.895833 0.141223 0.901436
1 0.669935 0.112920 0.678338 0.154762 0.686741 0.171569 0.688375 0.185924 0.693277 0.196254 0.701681 0.210259 0.716153 0.223564 0.723623 0.229167 0.742063 0.230567 0.770542 0.235469 0.782680 0.238445 0.789916 0.239146 0.804622 0.234769 0.828431 0.220238 0.831466 0.216912 0.830999 0.213585 0.828665 0.208333 0.818161 0.191877 0.810924 0.171919 0.809991 0.164624 0.810224 0.150735 0.820962 0.126751 0.820495 0.123074 0.813025 0.114321 0.807890 0.105567 0.800420 0.098564 0.776844 0.084034 0.744865 0.067577 0.737162 0.065126 0.730859 0.061625 0.720588 0.057773 0.717087 0.057773 0.703081 0.060749 0.689309 0.070553 0.681139 0.078081 0.675303 0.088235 0.670868 0.098564 0.670168 0.105567 0.669935 0.112920
1 0.424603 0.150910 0.425303 0.153887 0.427638 0.155287 0.428338 0.157913 0.430906 0.159839 0.437442 0.167892 0.440710 0.175420 0.442577 0.183473 0.444444 0.186099 0.445845 0.192052 0.445145 0.200805 0.446078 0.202731 0.449813 0.205532 0.452148 0.208859 0.456116 0.210084 0.463819 0.209734 0.466853 0.211134 0.473623 0.212535 0.481092 0.212185 0.492997 0.210434 0.503268 0.207983 0.513305 0.204307 0.514239 0.203081 0.514239 0.199055 0.512372 0.191001 0.510971 0.175770 0.512138 0.159839 0.514472 0.152311 0.519841 0.140581 0.526144 0.130427 0.533380 0.116246 0.532213 0.114846 0.522642 0.112920 0.513772 0.113095 0.496499 0.111345 0.490896 0.112045 0.470121 0.119573 0.464286 0.122549 0.453548 0.126576 0.436508 0.136555 0.425070 0.146008 0.424603 0.150910
1 0.402194 0.255777 0.403595 0.259804 0.419468 0.279412 0.432306 0.301296 0.435808 0.305147 0.446078 0.307773 0.459851 0.301646 0.482726 0.292892 0.508403 0.285014 0.517740 0.284314 0.530345 0.284489 0.545752 0.286415 0.551120 0.286064 0.553688 0.286765 0.554155 0.281513 0.552988 0.276261 0.552988 0.266632 0.555556 0.258403 0.561158 0.248599 0.561391 0.244573 0.558123 0.241246 0.545051 0.235469 0.532680 0.227941 0.528478 0.223214 0.525910 0.221814 0.520075 0.221289 0.515873 0.221989 0.505602 0.221639 0.500000 0.220938 0.490663 0.218137 0.484360 0.217787 0.456349 0.226541 0.439076 0.228116 0.435808 0.227591 0.433940 0.229342 0.432073 0.229867 0.428105 0.234069 0.415500 0.243697 0.402428 0.251576 0.402194 0.255777
1 0.157330 0.238095 0.160831 0.245273 0.164332 0.249650 0.174837 0.257353 0.178571 0.258929 0.195845 0.261029 0.202614 0.264181 0.205882 0.264881 0.221522 0.264531 0.290149 0.268732 0.293184 0.268207 0.301587 0.258053 0.307423 0.253501 0.321195 0.246324 0.326797 0.244748 0.325864 0.241246 0.318627 0.235469 0.306022 0.213761 0.302754 0.199930 0.303688 0.179622 0.302754 0.176646 0.297619 0.174895 0.275910 0.175945 0.239729 0.179622 0.224090 0.182948 0.196078 0.190476 0.182073 0.198179 0.176471 0.202206 0.168768 0.212535 0.160831 0.217787 0.157330 0.223564 0.156863 0.226541 0.157330 0.238095
1 0.555089 0.279412 0.556956 0.286064 0.564192 0.301646 0.573763 0.315651 0.578198 0.324405 0.581232 0.328081 0.584967 0.330882 0.588002 0.330532 0.606676 0.322654 0.615780 0.320028 0.629552 0.318102 0.644491 0.317927 0.660831 0.319328 0.662932 0.318277 0.659430 0.303396 0.658030 0.285189 0.660364 0.274510 0.663399 0.266632 0.666667 0.260154 0.668534 0.258929 0.670635 0.255252 0.665500 0.251401 0.646592 0.245098 0.636321 0.240196 0.623249 0.237045 0.619048 0.236870 0.616246 0.235994 0.612512 0.236169 0.592437 0.240546 0.577264 0.241071 0.569561 0.242822 0.564426 0.247374 0.559524 0.254027 0.554855 0.266106 0.555089 0.279412
1 0.659197 0.292892 0.661064 0.309174 0.666200 0.321078 0.675537 0.324930 0.685808 0.327031 0.689076 0.326331 0.690943 0.328081 0.696078 0.330532 0.699580 0.330707 0.703081 0.332108 0.719888 0.335784 0.733660 0.341211 0.739262 0.347689 0.741830 0.356443 0.742764 0.363796 0.743697 0.365721 0.745565 0.366772 0.763072 0.371324 0.776377 0.372899 0.809290 0.372199 0.813025 0.371324 0.824697 0.371849 0.827965 0.370973 0.834034 0.370973 0.842204 0.369573 0.845238 0.370448 0.848739 0.370448 0.852241 0.373074 0.855509 0.370798 0.859244 0.371674 0.863912 0.371324 0.866246 0.372024 0.869048 0.369573 0.873249 0.370273 0.880019 0.368347 0.888655 0.364496 0.890990 0.362745 0.894958 0.357318 0.897759 0.349790 0.900093 0.346814 0.901961 0.342087 0.903128 0.327556 0.899627 0.314601 0.892624 0.300245 0.887021 0.293067 0.873249 0.279062 0.867180 0.275560 0.864613 0.272584 0.852241 0.263130 0.819328 0.250350 0.814426 0.249125 0.810691 0.247199 0.801821 0.246148 0.775444 0.237920 0.763072 0.235469 0.738095 0.232318 0.716853 0.232843 0.705415 0.236520 0.694211 0.243347 0.684641 0.247899 0.674136 0.255252 0.665033 0.265406 0.660131 0.276261 0.659197 0.283088 0.659197 0.292892
1 0.812558 0.248074 0.817694 0.248249 0.842670 0.259104 0.852241 0.261029 0.856909 0.265756 0.867180 0.271884 0.873016 0.277311 0.876751 0.282738 0.883520 0.290091 0.889122 0.295168 0.900794 0.312675 0.907796 0.315301 0.914332 0.313901 0.921802 0.310574 0.930205 0.308648 0.953548 0.298494 0.974090 0.291492 0.979225 0.288515 0.990196 0.284139 0.994398 0.280462 0.999767 0.278361 0.999767 0.251401 0.997899 0.251401 0.987862 0.246849 0.984360 0.243873 0.980626 0.243697 0.977358 0.242647 0.974090 0.243522 0.971522 0.248599 0.964986 0.256303 0.957516 0.262430 0.952614 0.264706 0.942577 0.267857 0.934174 0.268557 0.918067 0.266982 0.914799 0.265581 0.904295 0.264006 0.894024 0.259454 0.890523 0.258929 0.879785 0.254902 0.870682 0.248950 0.866713 0.244923 0.862979 0.242822 0.858077 0.237745 0.852241 0.234594 0.848739 0.233894 0.841737 0.233543 0.831466 0.236345 0.814426 0.244748 0.812558 0.248074
1 0.929505 0.317752 0.925537 0.321078 0.932073 0.325630 0.937442 0.331583 0.941643 0.337885 0.945612 0.340161 0.957750 0.330882 0.964519 0.328431 0.978758 0.325805 0.999767 0.324930 0.999767 0.292192 0.997899 0.292192 0.988095 0.288866 0.984127 0.288515 0.980626 0.289566 0.954015 0.299195 0.935808 0.307073 0.933240 0.309524 0.929739 0.310749 0.927871 0.314076 0.929505 0.317752
1 0.778711 0.387080 0.781513 0.391282 0.786181 0.393382 0.797035 0.393557 0.799720 0.394258 0.798786 0.396534 0.798786 0.400735 0.800420 0.403011 0.805089 0.404587 0.816760 0.406513 0.840103 0.416667 0.851541 0.423319 0.869514 0.437850 0.873483 0.439951 0.877218 0.437850 0.879085 0.434874 0.883520 0.430672 0.886088 0.425420 0.892857 0.379027 0.895658 0.369048 0.901027 0.362745 0.902194 0.359069 0.904995 0.358368 0.911531 0.354867 0.918067 0.353291 0.929505 0.352766 0.932540 0.351891 0.939076 0.345413 0.936975 0.333333 0.935808 0.331232 0.929972 0.326681 0.922035 0.322304 0.911298 0.318452 0.904762 0.317052 0.902428 0.317227 0.901494 0.317577 0.903128 0.320378 0.904295 0.330182 0.902894 0.344713 0.898459 0.352591 0.898459 0.355917 0.895892 0.359594 0.889589 0.365196 0.883287 0.367822 0.879552 0.368522 0.876751 0.370098 0.873249 0.370098 0.866013 0.371499 0.786181 0.373424 0.781279 0.374650 0.778945 0.376401 0.778711 0.387080
1 0.688609 0.422094 0.696078 0.426996 0.701447 0.429447 0.704015 0.432248 0.707983 0.434874 0.714052 0.442227 0.721055 0.455182 0.722923 0.463585 0.722923 0.470938 0.719655 0.484769 0.720355 0.494573 0.727591 0.499125 0.755602 0.510504 0.762605 0.511905 0.770775 0.514706 0.781746 0.515406 0.786181 0.516982 0.793417 0.517857 0.809991 0.518732 0.816060 0.519783 0.838702 0.518557 0.845705 0.516982 0.855275 0.513480 0.865079 0.506127 0.867414 0.502626 0.869981 0.495798 0.875350 0.488445 0.877918 0.481268 0.879785 0.471639 0.878618 0.456057 0.873716 0.446254 0.866713 0.438200 0.860177 0.431197 0.845705 0.420343 0.827264 0.412640 0.824930 0.411064 0.815826 0.407738 0.811158 0.406338 0.800187 0.405112 0.796685 0.404062 0.767792 0.403887 0.756069 0.403011 0.751867 0.404412 0.744631 0.403887 0.731793 0.405287 0.723156 0.405287 0.718954 0.404587 0.716853 0.402136 0.713819 0.402311 0.703081 0.406513 0.698880 0.409314 0.693511 0.411239 0.690943 0.413690 0.687442 0.414741 0.688609 0.422094
1 0.291550 0.281688 0.293417 0.289916 0.293184 0.300595 0.294818 0.305322 0.295752 0.316176 0.299953 0.325105 0.313725 0.339286 0.320728 0.344013 0.330532 0.347164 0.346639 0.354692 0.362745 0.363971 0.369514 0.366422 0.373249 0.366071 0.376050 0.362920 0.378852 0.356092 0.381886 0.352591 0.386088 0.345238 0.388889 0.341912 0.396825 0.335259 0.410131 0.327031 0.418534 0.323004 0.431139 0.319503 0.436275 0.317402 0.436741 0.313550 0.426704 0.293067 0.413399 0.272584 0.408730 0.267682 0.399160 0.260329 0.394491 0.257528 0.387021 0.254727 0.384454 0.254202 0.369514 0.254727 0.362745 0.254027 0.348973 0.251050 0.331466 0.245448 0.328198 0.246148 0.321195 0.247899 0.314659 0.250525 0.302988 0.258053 0.292484 0.272409 0.291783 0.276436 0.291550 0.281688
1 0.178805 0.311975 0.177171 0.320903 0.178805 0.342087 0.181839 0.342437 0.185107 0.345238 0.186275 0.347514 0.189776 0.349790 0.198296 0.350665 0.200630 0.351453 0.203081 0.353992 0.204949 0.353641 0.206816 0.352066 0.216620 0.354342 0.220355 0.357143 0.226657 0.359069 0.228758 0.360644 0.234127 0.362745 0.237628 0.362745 0.243464 0.357668 0.257236 0.351190 0.269374 0.346464 0.286648 0.346113 0.295985 0.344188 0.306956 0.343838 0.310224 0.343137 0.312092 0.341912 0.310691 0.338410 0.307423 0.335959 0.295051 0.316877 0.293884 0.306548 0.290850 0.299545 0.270775 0.293592 0.267974 0.292017 0.265640 0.289391 0.255135 0.286590 0.227358 0.285189 0.213819 0.288165 0.203315 0.289566 0.200047 0.291492 0.189076 0.295518 0.181606 0.300070 0.178805 0.306548 0.178805 0.311975
1 0.233660 0.377101 0.235994 0.390756 0.239262 0.398284 0.244631 0.406338 0.251401 0.414741 0.267974 0.432423 0.272876 0.435574 0.274510 0.437675 0.286181 0.446604 0.291083 0.449055 0.296452 0.453606 0.304855 0.458683 0.310691 0.459559 0.323996 0.464111 0.327264 0.464636 0.335901 0.469013 0.352941 0.470063 0.358777 0.473214 0.362512 0.471814 0.372549 0.474440 0.375817 0.473915 0.378151 0.472689 0.378618 0.467437 0.371615 0.455532 0.364613 0.429447 0.363912 0.400560 0.364846 0.395308 0.367880 0.387430 0.369748 0.376225 0.367647 0.369573 0.358310 0.362745 0.345938 0.355392 0.331699 0.348389 0.314426 0.343662 0.308357 0.344538 0.299020 0.344538 0.285481 0.346464 0.272409 0.346639 0.268441 0.347339 0.261671 0.349965 0.244164 0.358018 0.240196 0.361695 0.234827 0.369923 0.233894 0.372724 0.233660 0.377101
1 0.175070 0.364671 0.172736 0.370973 0.164099 0.379902 0.154062 0.393908 0.146125 0.402486 0.141223 0.405462 0.130252 0.409314 0.105275 0.412115 0.102708 0.411415 0.098739 0.411590 0.091737 0.408613 0.080766 0.405812 0.070962 0.401961 0.066293 0.402136 0.064192 0.400910 0.060458 0.400910 0.060458 0.404412 0.064659 0.411765 0.071195 0.418943 0.077498 0.423319 0.084734 0.426646 0.091036 0.427521 0.110177 0.428221 0.123483 0.429972 0.143091 0.433824 0.163866 0.440651 0.175537 0.446779 0.182073 0.449230 0.220355 0.446604 0.230859 0.444678 0.237628 0.442577 0.241597 0.440651 0.250467 0.432948 0.252101 0.428922 0.252334 0.421218 0.249300 0.414741 0.240430 0.402311 0.232493 0.386204 0.227358 0.382003 0.211951 0.372549 0.196779 0.365196 0.189076 0.363095 0.184174 0.363095 0.178338 0.361870 0.175070 0.364671
1 0.000000 0.309174 0.000000 0.457633 0.001401 0.457633 0.013072 0.452381 0.016807 0.451506 0.027077 0.442577 0.035247 0.432423 0.036881 0.429447 0.038515 0.421919 0.038282 0.410189 0.039449 0.405637 0.042017 0.401085 0.042951 0.396008 0.042951 0.393207 0.041083 0.388305 0.034080 0.377976 0.023810 0.366772 0.017040 0.352941 0.012372 0.338410 0.011438 0.331758 0.011905 0.321779 0.010971 0.317052 0.011905 0.313200 0.010037 0.309874 0.004435 0.308999 0.000000 0.309174
1 0.100607 0.248249 0.106909 0.251926 0.119281 0.258228 0.138655 0.274860 0.150794 0.293592 0.159664 0.302346 0.166900 0.315476 0.169234 0.323179 0.171802 0.326506 0.176704 0.314601 0.177638 0.303571 0.177171 0.295343 0.172269 0.280462 0.162232 0.267332 0.147292 0.253501 0.140756 0.249475 0.133287 0.246324 0.130252 0.245448 0.120215 0.244923 0.104575 0.245798 0.100607 0.247549 0.100607 0.248249
1 0.444211 0.314076 0.445145 0.315301 0.470588 0.318978 0.485294 0.322129 0.491830 0.324055 0.497899 0.328256 0.505836 0.332283 0.520542 0.343662 0.524510 0.350315 0.529412 0.362570 0.532913 0.380777 0.539683 0.383578 0.543184 0.383228 0.547852 0.381127 0.550654 0.373950 0.552521 0.363445 0.556489 0.356968 0.565126 0.347164 0.580532 0.334909 0.582166 0.331583 0.559757 0.293417 0.556489 0.290091 0.553455 0.288515 0.539916 0.286239 0.524977 0.284839 0.511438 0.285364 0.493464 0.289741 0.485528 0.292542 0.470822 0.299195 0.453315 0.305847 0.447012 0.310224 0.444211 0.314076
1 0.671569 0.181373 0.670635 0.184874 0.663165 0.198354 0.656863 0.206408 0.645658 0.217787 0.634454 0.224965 0.626984 0.228291 0.619748 0.230392 0.614613 0.234244 0.619514 0.236520 0.623249 0.236345 0.637955 0.240371 0.641223 0.242122 0.664799 0.250175 0.670401 0.252976 0.675070 0.252451 0.684874 0.245973 0.693277 0.242472 0.705882 0.234769 0.713352 0.232143 0.720355 0.230742 0.719188 0.229867 0.718021 0.226716 0.715219 0.224615 0.707750 0.216211 0.701447 0.210959 0.688375 0.189251 0.683707 0.176471 0.678571 0.173144 0.671569 0.181373
1 0.525210 0.413690 0.516807 0.431723 0.514239 0.441352 0.511905 0.445378 0.507937 0.457458 0.505135 0.462010 0.495798 0.470588 0.492063 0.477416 0.487628 0.480742 0.491363 0.484244 0.513305 0.492297 0.518441 0.495798 0.525210 0.507178 0.529412 0.520833 0.532913 0.516982 0.536415 0.510854 0.537582 0.506653 0.543417 0.497899 0.551587 0.480917 0.561158 0.466737 0.583567 0.444153 0.595472 0.436975 0.599673 0.432248 0.589636 0.414916 0.581466 0.411765 0.565126 0.401961 0.556489 0.394783 0.550187 0.387430 0.539916 0.384629 0.533380 0.383754 0.530579 0.386380 0.525210 0.413690
1 0.246965 0.540091 0.246032 0.542542 0.244631 0.543417 0.243697 0.546919 0.247899 0.548494 0.248366 0.553746 0.249767 0.557248 0.257236 0.569328 0.264472 0.575805 0.277311 0.582983 0.279412 0.583508 0.282446 0.581933 0.294818 0.570553 0.301587 0.566352 0.316060 0.560924 0.321895 0.560749 0.325163 0.559524 0.329832 0.558999 0.341270 0.560924 0.359244 0.561800 0.369748 0.563725 0.376284 0.567927 0.380252 0.569153 0.383287 0.571604 0.392390 0.575280 0.401027 0.582458 0.404762 0.583683 0.411531 0.582983 0.437442 0.576856 0.449813 0.575805 0.490896 0.564776 0.505369 0.559699 0.512605 0.555672 0.520775 0.548669 0.521709 0.543067 0.526844 0.530462 0.527544 0.522584 0.524276 0.508578 0.521242 0.501576 0.518207 0.497374 0.512138 0.492997 0.477358 0.481443 0.467320 0.478992 0.453315 0.477416 0.432306 0.477066 0.411765 0.480742 0.363445 0.486870 0.348973 0.489846 0.344771 0.489671 0.334267 0.490896 0.327731 0.491947 0.322362 0.493697 0.307423 0.496148 0.303688 0.498074 0.296919 0.499650 0.265640 0.511555 0.252101 0.522584 0.251401 0.525035 0.248599 0.528186 0.247199 0.533613 0.245331 0.536415 0.246965 0.540091
1 0.216153 0.505777 0.222689 0.518732 0.227358 0.520833 0.244631 0.525910 0.248133 0.525560 0.255836 0.518032 0.265640 0.511380 0.285247 0.503676 0.310458 0.495448 0.334967 0.490021 0.358777 0.487745 0.360177 0.486695 0.361345 0.484069 0.359244 0.482143 0.327264 0.469538 0.324463 0.466912 0.320962 0.466387 0.314893 0.463235 0.300887 0.460434 0.285948 0.459384 0.268441 0.459734 0.251167 0.462885 0.239963 0.466737 0.230859 0.470763 0.226424 0.473915 0.219421 0.480917 0.215686 0.495273 0.216153 0.505777
1 0.015873 0.484594 0.021242 0.492997 0.027778 0.500175 0.036181 0.506653 0.058357 0.518908 0.065126 0.521359 0.071195 0.524685 0.095705 0.534139 0.105509 0.536239 0.109477 0.536415 0.133520 0.530637 0.144258 0.525560 0.168067 0.519258 0.191877 0.516106 0.200280 0.516282 0.210317 0.517682 0.213585 0.516632 0.214519 0.515581 0.215219 0.511905 0.214052 0.507178 0.213585 0.497724 0.217554 0.481268 0.216387 0.477416 0.196078 0.462535 0.192810 0.461835 0.185341 0.454482 0.182540 0.453431 0.169701 0.445028 0.158263 0.439951 0.145191 0.435574 0.130252 0.432073 0.112278 0.429447 0.090103 0.428221 0.077965 0.426646 0.060224 0.429447 0.045285 0.433999 0.032446 0.441176 0.026611 0.445903 0.016106 0.461660 0.015873 0.484594
1 0.111111 0.568102 0.112512 0.575805 0.114846 0.581408 0.126517 0.599790 0.133520 0.609944 0.137955 0.613620 0.143324 0.620448 0.147526 0.624475 0.150794 0.625700 0.157563 0.630602 0.164332 0.637080 0.177171 0.644958 0.186975 0.652836 0.216853 0.666317 0.227358 0.668592 0.230859 0.671744 0.233660 0.671218 0.248133 0.675070 0.268674 0.676821 0.273343 0.675245 0.274043 0.671569 0.270775 0.657213 0.269841 0.654062 0.267040 0.650735 0.266106 0.646008 0.264706 0.630777 0.267274 0.612570 0.271942 0.602591 0.274276 0.595238 0.276611 0.591737 0.277544 0.585084 0.263383 0.575689 0.257003 0.569678 0.250700 0.561099 0.248133 0.555497 0.241130 0.547619 0.239963 0.544468 0.239963 0.539916 0.241597 0.537640 0.242063 0.535189 0.240896 0.529062 0.238095 0.525910 0.230392 0.524510 0.227124 0.522584 0.220588 0.520658 0.211718 0.519433 0.203081 0.517332 0.185341 0.517682 0.158964 0.522409 0.142157 0.527661 0.128618 0.535714 0.121148 0.543067 0.116013 0.550070 0.112278 0.557073 0.111111 0.568102
1 0.076564 0.595063 0.083800 0.610819 0.088002 0.615896 0.098739 0.624650 0.118503 0.636671 0.126517 0.643908 0.129552 0.645658 0.143557 0.650560 0.147526 0.652836 0.163399 0.656863 0.168067 0.659139 0.182306 0.660189 0.184407 0.658964 0.186275 0.654937 0.185574 0.653186 0.179972 0.648985 0.178805 0.647234 0.175303 0.646709 0.167367 0.640756 0.161064 0.635154 0.159430 0.632703 0.154762 0.629202 0.151027 0.627976 0.147292 0.625175 0.134220 0.611870 0.125584 0.600490 0.111111 0.574755 0.109711 0.567052 0.111811 0.555847 0.115313 0.549545 0.122082 0.540266 0.129552 0.536415 0.127684 0.534139 0.122549 0.534314 0.105742 0.539391 0.095005 0.546744 0.091737 0.549895 0.078431 0.567402 0.076331 0.581758 0.076564 0.595063
1 0.000000 0.484244 0.000000 0.575105 0.013539 0.577381 0.025910 0.577906 0.043184 0.576681 0.057190 0.574055 0.077965 0.565826 0.090336 0.549545 0.098273 0.543417 0.101541 0.539741 0.100840 0.538340 0.098506 0.536064 0.092904 0.534314 0.081933 0.529062 0.060224 0.520483 0.056489 0.517857 0.041550 0.510679 0.031746 0.504202 0.022876 0.497024 0.015406 0.486169 0.008403 0.482668 0.000000 0.484244
1 0.651727 0.581583 0.661531 0.588410 0.665266 0.589461 0.678571 0.597164 0.691176 0.606793 0.697946 0.614496 0.703081 0.622899 0.707750 0.627801 0.714519 0.639706 0.717554 0.650910 0.723856 0.655462 0.735994 0.659839 0.750233 0.663515 0.772176 0.667192 0.797619 0.668943 0.817227 0.671569 0.827965 0.671744 0.833800 0.671043 0.862512 0.665966 0.869048 0.660714 0.875117 0.657913 0.880486 0.654237 0.883520 0.650385 0.894958 0.640931 0.903828 0.630077 0.906396 0.619748 0.907096 0.612920 0.905696 0.597339 0.895425 0.577906 0.890056 0.570728 0.863445 0.552171 0.859477 0.550245 0.848739 0.546218 0.838235 0.544818 0.828898 0.540791 0.818394 0.538866 0.803688 0.534314 0.779178 0.532563 0.751634 0.534314 0.745331 0.536064 0.723623 0.535714 0.700514 0.539216 0.687442 0.539391 0.682073 0.538690 0.677591 0.540441 0.671802 0.540266 0.666433 0.543592 0.658030 0.554272 0.652661 0.571429 0.651727 0.581583
1 0.911998 0.692577 0.915266 0.700805 0.918067 0.713761 0.919701 0.717087 0.925070 0.724790 0.935107 0.732493 0.953081 0.740721 0.966620 0.743172 0.988562 0.741947 0.999767 0.739671 0.999767 0.645658 0.991830 0.644608 0.977124 0.639181 0.970355 0.638305 0.949580 0.628326 0.946078 0.629377 0.938609 0.636029 0.927871 0.650560 0.925770 0.655287 0.921335 0.661415 0.914799 0.674720 0.912232 0.688200 0.911998 0.692577
1 0.835201 0.676471 0.833333 0.678571 0.836134 0.682248 0.840803 0.684699 0.848739 0.692577 0.856209 0.698179 0.858777 0.698880 0.864846 0.698179 0.880252 0.698179 0.907096 0.694853 0.909664 0.693277 0.910598 0.691702 0.912465 0.679447 0.915266 0.670693 0.917367 0.665616 0.926004 0.650910 0.927171 0.647934 0.926471 0.644083 0.918768 0.635854 0.914799 0.633578 0.908497 0.632353 0.904528 0.632703 0.895892 0.641982 0.887255 0.647759 0.878852 0.656688 0.863212 0.666492 0.852474 0.669468 0.841503 0.670693 0.837302 0.672444 0.836134 0.673669 0.835201 0.676471
1 0.718721 0.750000 0.719888 0.753852 0.722689 0.757003 0.731793 0.762605 0.744631 0.766982 0.768908 0.773109 0.793417 0.778186 0.800887 0.780637 0.810224 0.781688 0.813725 0.780987 0.824463 0.780637 0.831466 0.779237 0.845705 0.773985 0.849673 0.771534 0.855509 0.769258 0.863212 0.763130 0.869748 0.755252 0.874183 0.748074 0.874883 0.740546 0.873950 0.730917 0.871615 0.723039 0.862045 0.709559 0.858777 0.703606 0.838235 0.685049 0.824230 0.677171 0.817694 0.675945 0.815126 0.676646 0.810924 0.675770 0.808590 0.676120 0.803688 0.673845 0.799720 0.675945 0.796685 0.673845 0.793884 0.675945 0.789916 0.674895 0.788982 0.676296 0.782913 0.678922 0.779645 0.678046 0.771942 0.678046 0.755135 0.681197 0.737395 0.687500 0.736228 0.689076 0.737162 0.704657 0.735294 0.713585 0.728992 0.728641 0.723856 0.736169 0.721989 0.741947 0.719655 0.744748 0.718721 0.750000
1 0.521709 0.799020 0.522409 0.805322 0.525910 0.807948 0.527544 0.810749 0.535714 0.818627 0.543184 0.828431 0.550420 0.835084 0.557656 0.836835 0.563725 0.839286 0.567694 0.839461 0.574230 0.841036 0.582400 0.841211 0.599673 0.839811 0.605275 0.838585 0.612512 0.835609 0.626984 0.834384 0.635154 0.832283 0.642157 0.827031 0.652428 0.816877 0.668768 0.805847 0.674136 0.800420 0.678805 0.797969 0.686041 0.791842 0.705649 0.770133 0.714519 0.754552 0.721522 0.739846 0.723389 0.733718 0.732960 0.716912 0.735061 0.710609 0.735994 0.703431 0.735294 0.695553 0.730859 0.677521 0.727358 0.668067 0.722222 0.663340 0.721289 0.661415 0.719888 0.660714 0.713585 0.661765 0.711718 0.662815 0.706349 0.668943 0.696779 0.685749 0.691410 0.689076 0.686275 0.694153 0.681373 0.696604 0.661765 0.702906 0.641457 0.705182 0.637021 0.704832 0.630252 0.706933 0.599440 0.710084 0.595005 0.709734 0.580999 0.710784 0.572829 0.713410 0.572596 0.716912 0.569795 0.721464 0.557656 0.737920 0.545985 0.748074 0.543417 0.752451 0.535247 0.761029 0.532213 0.766982 0.526611 0.772584 0.526144 0.780987 0.522409 0.789741 0.521709 0.799020
1 0.331933 0.765406 0.332633 0.777136 0.348039 0.799895 0.355742 0.805497 0.360411 0.806898 0.369748 0.808999 0.390523 0.810749 0.397759 0.810574 0.426937 0.801821 0.438142 0.799370 0.457283 0.796218 0.477591 0.794818 0.486695 0.789741 0.498133 0.786590 0.503968 0.783964 0.526144 0.766282 0.531746 0.758053 0.546685 0.741422 0.554155 0.730217 0.557423 0.722339 0.559757 0.714111 0.559524 0.712185 0.557656 0.709559 0.554622 0.708683 0.543417 0.708158 0.530112 0.706057 0.503501 0.700455 0.487395 0.693277 0.478992 0.690826 0.466153 0.685749 0.458917 0.682073 0.453548 0.676821 0.449580 0.675245 0.445612 0.677871 0.442110 0.682073 0.442344 0.685574 0.440710 0.688025 0.438142 0.699405 0.433940 0.707283 0.423203 0.718838 0.408497 0.727941 0.386788 0.735469 0.372082 0.736695 0.362745 0.734594 0.358543 0.734594 0.345238 0.732318 0.341970 0.732493 0.341270 0.734419 0.342904 0.736345 0.342904 0.738971 0.339636 0.744398 0.339636 0.747286 0.338235 0.749300 0.335434 0.750175 0.333800 0.751576 0.332633 0.758053 0.331933 0.765406
1 0.643557 0.831583 0.647292 0.836660 0.650093 0.839286 0.655462 0.842087 0.657563 0.845238 0.661531 0.847514 0.688142 0.861520 0.696078 0.864321 0.706116 0.870098 0.718721 0.871148 0.723389 0.872724 0.734360 0.874300 0.761671 0.883754 0.770542 0.890056 0.782680 0.900910 0.785014 0.901611 0.786415 0.903011 0.789916 0.900910 0.796685 0.904412 0.823296 0.906338 0.841270 0.904937 0.852007 0.902311 0.857143 0.898634 0.873016 0.890756 0.875584 0.887255 0.880252 0.883929 0.887488 0.875175 0.892390 0.862745 0.892624 0.847164 0.890756 0.838235 0.885854 0.830532 0.868814 0.813725 0.844771 0.800770 0.816760 0.790791 0.807423 0.785014 0.800420 0.781863 0.791083 0.779062 0.774743 0.776085 0.751634 0.770483 0.730626 0.768908 0.727824 0.769958 0.709851 0.770308 0.706583 0.771709 0.701681 0.777486 0.691877 0.786064 0.688609 0.790791 0.668534 0.808123 0.649627 0.821078 0.644491 0.827906 0.643557 0.831583
1 0.553455 0.842087 0.557656 0.847339 0.562092 0.855742 0.562092 0.863270 0.560458 0.868172 0.560691 0.873775 0.563959 0.878151 0.567927 0.880777 0.571195 0.883578 0.572596 0.886029 0.574697 0.887255 0.577731 0.891690 0.577965 0.894083 0.584967 0.891982 0.589869 0.889006 0.601307 0.884104 0.619281 0.877451 0.630019 0.874475 0.642624 0.872024 0.665033 0.870273 0.667134 0.869748 0.668768 0.867822 0.668768 0.855742 0.667134 0.853466 0.654528 0.845238 0.650560 0.845938 0.647059 0.844013 0.641457 0.839286 0.637021 0.833859 0.633053 0.833508 0.613679 0.836134 0.604108 0.839461 0.586835 0.842612 0.573529 0.841912 0.567927 0.840336 0.560224 0.839636 0.557423 0.838761 0.553688 0.839461 0.553455 0.842087
1 0.258170 0.859769 0.259337 0.862570 0.263072 0.864146 0.279645 0.874825 0.286415 0.878151 0.289916 0.876401 0.293884 0.870798 0.302288 0.863095 0.314192 0.855917 0.327965 0.846113 0.369514 0.824580 0.369514 0.820903 0.367180 0.818803 0.352474 0.813725 0.349206 0.814076 0.344771 0.808298 0.338936 0.805672 0.335434 0.808648 0.331699 0.809699 0.327965 0.809699 0.321662 0.810924 0.307190 0.811099 0.302754 0.812325 0.295285 0.816877 0.283847 0.827381 0.278945 0.830532 0.262372 0.853116 0.258403 0.855917 0.258170 0.859769
1 0.087302 0.880252 0.088702 0.882878 0.091503 0.884279 0.102241 0.884979 0.123716 0.883228 0.129318 0.881828 0.134687 0.882353 0.140756 0.881478 0.144258 0.880077 0.146359 0.876751 0.151027 0.874475 0.156863 0.868172 0.163399 0.863971 0.170168 0.861345 0.188609 0.856092 0.203081 0.853641 0.217320 0.852416 0.223856 0.852941 0.233427 0.852416 0.235761 0.851716 0.237395 0.849440 0.242063 0.847514 0.252101 0.840861 0.255369 0.842612 0.260504 0.838936 0.262372 0.838410 0.265640 0.838936 0.267274 0.836134 0.269141 0.835084 0.268207 0.832283 0.269141 0.830882 0.272409 0.829482 0.275910 0.829132 0.277077 0.825980 0.280345 0.824580 0.280112 0.822041 0.284781 0.815476 0.288282 0.808473 0.289449 0.800245 0.289216 0.786590 0.287348 0.779412 0.283613 0.771359 0.273810 0.760854 0.268674 0.756828 0.261671 0.756828 0.251867 0.759454 0.246732 0.759454 0.237862 0.761730 0.223856 0.762430 0.212185 0.764881 0.203782 0.771008 0.191643 0.783263 0.171335 0.806548 0.164332 0.816877 0.158730 0.821078 0.156396 0.824580 0.151727 0.828081 0.145658 0.835434 0.116013 0.855042 0.108543 0.859244 0.097572 0.862745 0.091970 0.865371 0.087068 0.870623 0.087302 0.880252
1 0.001867 0.772059 0.000000 0.772234 0.000000 0.874825 0.004902 0.876926 0.009337 0.877801 0.015173 0.878676 0.024043 0.878852 0.040383 0.877451 0.061391 0.874300 0.070728 0.872199 0.078665 0.868697 0.085434 0.868172 0.098273 0.862395 0.104342 0.860819 0.110177 0.858193 0.145191 0.834734 0.147993 0.830882 0.164799 0.814251 0.166433 0.810749 0.200747 0.770658 0.206116 0.765406 0.212185 0.755427 0.214753 0.748249 0.214986 0.744223 0.216620 0.741246 0.216853 0.735644 0.215453 0.730567 0.217554 0.727416 0.209617 0.720238 0.196312 0.712885 0.190476 0.707458 0.187675 0.703256 0.185341 0.701856 0.175770 0.700980 0.153128 0.701856 0.141923 0.703957 0.133754 0.703782 0.126517 0.704482 0.112745 0.708508 0.102007 0.714111 0.095238 0.716211 0.073063 0.727941 0.061391 0.732668 0.057190 0.733543 0.048786 0.737745 0.009804 0.764531 0.001867 0.772059
1 0.000000 0.617822 0.000000 0.762605 0.004902 0.764006 0.008403 0.763831 0.011204 0.762255 0.027778 0.749650 0.051821 0.734944 0.070962 0.727241 0.077264 0.723915 0.081466 0.720413 0.084267 0.713936 0.088936 0.698354 0.094071 0.667017 0.094071 0.661064 0.090336 0.630077 0.086835 0.619748 0.081466 0.614146 0.077498 0.614846 0.071195 0.613796 0.056723 0.609244 0.040383 0.608368 0.025444 0.609769 0.011905 0.612745 0.000000 0.617822
1 0.187675 0.694678 0.189542 0.699230 0.196078 0.709734 0.202848 0.714461 0.206116 0.715511 0.217087 0.723564 0.229458 0.728466 0.234127 0.729517 0.241130 0.729692 0.260504 0.725665 0.277311 0.724090 0.283147 0.722339 0.290616 0.718137 0.296919 0.714111 0.299720 0.710259 0.296919 0.703081 0.287582 0.694853 0.284080 0.688550 0.281746 0.686099 0.279412 0.681022 0.275910 0.677696 0.258403 0.676996 0.240663 0.673845 0.227591 0.669643 0.213119 0.666141 0.189309 0.655637 0.188375 0.657563 0.188609 0.669468 0.186975 0.683999 0.187675 0.694678
1 0.088002 0.713410 0.086134 0.716912 0.088469 0.717962 0.114379 0.706933 0.126050 0.704132 0.140523 0.703256 0.148459 0.701681 0.171102 0.700280 0.182073 0.700980 0.183707 0.699580 0.184407 0.696078 0.185808 0.676120 0.185574 0.665966 0.178805 0.661940 0.142857 0.652136 0.141923 0.650910 0.133520 0.649685 0.122316 0.660539 0.114146 0.672969 0.105976 0.677696 0.101774 0.681548 0.099673 0.684699 0.094538 0.687675 0.091737 0.692227 0.089869 0.702731 0.088002 0.706583 0.088002 0.713410
1 0.037348 0.605917 0.039216 0.607318 0.043417 0.608193 0.054855 0.608718 0.070962 0.612745 0.081699 0.612920 0.082166 0.608894 0.076564 0.594188 0.076097 0.586835 0.077731 0.572479 0.076797 0.568277 0.074463 0.567577 0.058357 0.574405 0.048786 0.575805 0.041083 0.577906 0.038749 0.581232 0.037348 0.594538 0.037348 0.605917
1 0.385854 0.952906 0.390056 0.959209 0.397526 0.965161 0.404995 0.969888 0.411531 0.972864 0.428571 0.978116 0.464753 0.980392 0.474556 0.980392 0.483894 0.977766 0.487628 0.977591 0.494164 0.975140 0.505369 0.973739 0.508637 0.972514 0.511905 0.969713 0.515406 0.969013 0.521942 0.964286 0.525910 0.962710 0.529412 0.950105 0.530112 0.943627 0.531979 0.938901 0.535714 0.932598 0.549020 0.917017 0.556489 0.910014 0.560224 0.907913 0.562092 0.904237 0.568394 0.900910 0.569795 0.897409 0.566993 0.893732 0.568627 0.891457 0.568394 0.889531 0.560224 0.881828 0.557190 0.881303 0.552054 0.888305 0.544351 0.895833 0.540149 0.897409 0.531746 0.903011 0.520308 0.908613 0.495331 0.916842 0.487862 0.919993 0.475257 0.922794 0.429505 0.931197 0.410364 0.931373 0.403361 0.933123 0.390756 0.934874 0.387955 0.937675 0.386555 0.942402 0.385854 0.952906
1 0.296685 0.758053 0.299953 0.769958 0.303455 0.778361 0.306489 0.783263 0.313959 0.791667 0.317694 0.794293 0.331699 0.799370 0.343137 0.799720 0.345472 0.800420 0.341737 0.790616 0.338469 0.785714 0.336134 0.783789 0.331933 0.776261 0.331699 0.764006 0.333567 0.751576 0.336601 0.747899 0.341503 0.739146 0.346872 0.735644 0.352708 0.734244 0.348506 0.733018 0.345472 0.730742 0.334500 0.728116 0.327031 0.724965 0.319795 0.721289 0.310691 0.715161 0.307190 0.714461 0.305089 0.716912 0.299720 0.727766 0.296452 0.737045 0.296685 0.758053
1 0.217087 0.751926 0.215920 0.754902 0.215920 0.758578 0.217787 0.759979 0.221755 0.760854 0.237862 0.760854 0.248133 0.758578 0.256069 0.757703 0.269374 0.753852 0.278011 0.746849 0.284314 0.739671 0.292250 0.725665 0.294118 0.719713 0.296919 0.716912 0.296685 0.714811 0.296218 0.716211 0.293651 0.716912 0.292250 0.719013 0.286415 0.720763 0.277544 0.724965 0.261671 0.727416 0.250934 0.728291 0.238562 0.730567 0.230859 0.730567 0.227591 0.729167 0.223156 0.728817 0.220822 0.730742 0.222456 0.733193 0.222222 0.735119 0.219655 0.737745 0.218254 0.744398 0.216387 0.748074 0.217087 0.751926