0 0.466853 0.366246 0.469655 0.380252 0.472222 0.387430 0.480626 0.396008 0.486695 0.399860 0.491130 0.401611 0.502334 0.402311 0.516340 0.399510 0.527544 0.394783 0.550654 0.372549 0.558357 0.367297 0.562092 0.362745 0.565359 0.355917 0.563259 0.349615 0.563025 0.339286 0.563959 0.329832 0.567694 0.321254 0.567460 0.317402 0.564659 0.309349 0.559290 0.300245 0.553922 0.293768 0.540149 0.285889 0.536648 0.285014 0.529879 0.284664 0.517974 0.286239 0.507470 0.289566 0.501401 0.292542 0.494631 0.297969 0.486695 0.305847 0.478992 0.314951 0.473623 0.323004 0.470588 0.331583 0.466853 0.350140 0.466853 0.366246
0 0.293651 0.390581 0.295518 0.398109 0.300654 0.402836 0.309757 0.407913 0.327965 0.420693 0.331466 0.422444 0.335901 0.425945 0.343137 0.433648 0.352474 0.438375 0.386321 0.447304 0.397292 0.449055 0.411298 0.449055 0.421802 0.447304 0.432073 0.444328 0.456583 0.439426 0.462418 0.437150 0.472222 0.430147 0.476190 0.425245 0.477591 0.421919 0.477824 0.417892 0.475724 0.411415 0.470822 0.403711 0.457750 0.389706 0.452148 0.386204 0.450280 0.383578 0.446312 0.381653 0.442577 0.377626 0.429038 0.367997 0.416433 0.361695 0.401961 0.355392 0.389589 0.351190 0.387021 0.349615 0.371148 0.347864 0.352941 0.347864 0.345472 0.348739 0.342437 0.349965 0.338235 0.349615 0.327731 0.351716 0.317694 0.355217 0.307190 0.361169 0.298786 0.369573 0.294118 0.381478 0.293651 0.390581
0 0.336835 0.508578 0.338235 0.514006 0.343371 0.522584 0.345705 0.529762 0.361111 0.541317 0.369281 0.545693 0.376517 0.548144 0.383287 0.549370 0.400794 0.549895 0.418067 0.548144 0.435574 0.545343 0.439309 0.543242 0.447012 0.541317 0.457283 0.537115 0.473389 0.527486 0.484827 0.518032 0.489963 0.511204 0.495565 0.505602 0.498366 0.500700 0.510037 0.491246 0.518674 0.480917 0.526844 0.467612 0.528478 0.460959 0.527544 0.456758 0.524977 0.453606 0.519141 0.449230 0.512372 0.445553 0.498133 0.439951 0.462418 0.440301 0.441176 0.443452 0.428805 0.446254 0.408497 0.452031 0.400560 0.455357 0.384220 0.464111 0.374183 0.468487 0.362512 0.475315 0.355976 0.479867 0.347806 0.487920 0.341737 0.495623 0.338235 0.501576 0.337068 0.505602 0.336835 0.508578
0 0.477358 0.547794 0.478291 0.550420 0.482726 0.555497 0.488562 0.559349 0.492997 0.563725 0.495331 0.564776 0.508170 0.569328 0.522876 0.572479 0.536415 0.574405 0.557656 0.575455 0.564893 0.573880 0.591970 0.572304 0.605275 0.569503 0.618581 0.568277 0.625117 0.566702 0.640523 0.559874 0.658263 0.556197 0.665966 0.550245 0.670635 0.539041 0.672035 0.533088 0.671802 0.529587 0.669001 0.522584 0.665500 0.518032 0.658497 0.513305 0.651027 0.509629 0.647526 0.509104 0.644491 0.507528 0.633987 0.504552 0.616246 0.500700 0.587768 0.499125 0.553455 0.503151 0.517040 0.514181 0.502801 0.521008 0.491130 0.529762 0.482493 0.533789 0.479692 0.536239 0.477824 0.541141 0.477358 0.547794
0 0.584034 0.595588 0.586835 0.610294 0.592204 0.623074 0.601774 0.640406 0.609711 0.650910 0.624650 0.665616 0.633520 0.671919 0.636088 0.672619 0.645892 0.679097 0.650794 0.681373 0.654528 0.685224 0.678571 0.694678 0.691643 0.696078 0.697012 0.695553 0.713819 0.697479 0.727124 0.695378 0.734127 0.693277 0.749533 0.682948 0.753035 0.678746 0.757003 0.667892 0.757470 0.663340 0.756303 0.657738 0.748133 0.642157 0.741363 0.632353 0.734827 0.624825 0.714519 0.607493 0.700514 0.598039 0.686041 0.589636 0.672269 0.584734 0.661765 0.583333 0.644024 0.579657 0.616013 0.576331 0.605976 0.574405 0.598506 0.574580 0.591970 0.576506 0.586134 0.580882 0.584267 0.583508 0.584034 0.595588
0 0.687442 0.328081 0.687908 0.334559 0.693044 0.341737 0.700980 0.347864 0.712885 0.353291 0.722456 0.355917 0.737395 0.358193 0.748133 0.357843 0.761905 0.355392 0.801587 0.345588 0.812558 0.340861 0.831466 0.334209 0.853641 0.317577 0.860411 0.306373 0.864613 0.290091 0.863679 0.286239 0.860177 0.279412 0.852708 0.272059 0.845005 0.266807 0.834734 0.261730 0.831466 0.260679 0.817927 0.259454 0.793417 0.259454 0.774977 0.263831 0.764939 0.267157 0.746499 0.276961 0.724090 0.291141 0.718721 0.295518 0.709617 0.300420 0.702614 0.305847 0.694444 0.314076 0.691877 0.321604 0.688142 0.326506 0.687442 0.328081
0 0.284080 0.654762 0.285948 0.659314 0.292017 0.666667 0.304855 0.675945 0.343604 0.696429 0.362278 0.703782 0.376984 0.707808 0.393091 0.710259 0.408497 0.710434 0.414332 0.709734 0.418301 0.710259 0.424370 0.709209 0.428805 0.709909 0.442577 0.708333 0.463819 0.700105 0.474790 0.693978 0.482960 0.686099 0.488095 0.678571 0.491130 0.668592 0.490196 0.657388 0.486695 0.650735 0.483427 0.647059 0.476891 0.641807 0.463119 0.633578 0.449346 0.627626 0.437675 0.624300 0.428105 0.620623 0.423903 0.620098 0.418067 0.617997 0.399860 0.615546 0.387255 0.612745 0.372782 0.612395 0.362745 0.613270 0.334967 0.620273 0.320962 0.622374 0.317227 0.623599 0.309991 0.626576 0.291550 0.639706 0.286415 0.646008 0.284314 0.650735 0.284080 0.654762
0 0.106443 0.643207 0.108077 0.647584 0.111111 0.652136 0.119281 0.656863 0.126284 0.657213 0.131419 0.656162 0.133520 0.654237 0.140523 0.655112 0.143557 0.654062 0.146203 0.654062 0.152428 0.656513 0.157796 0.661590 0.168301 0.667367 0.177171 0.668943 0.199813 0.669468 0.223623 0.665966 0.235528 0.662990 0.253035 0.655987 0.265406 0.652311 0.276144 0.647059 0.281279 0.643207 0.284781 0.641807 0.290616 0.636905 0.295518 0.617122 0.295752 0.612745 0.292717 0.605392 0.289683 0.600840 0.276611 0.589636 0.264006 0.582633 0.252334 0.577906 0.234827 0.574405 0.228758 0.573880 0.213585 0.570903 0.205182 0.571078 0.191410 0.572829 0.170168 0.577906 0.155696 0.583508 0.142390 0.591036 0.133287 0.596639 0.119048 0.607668 0.106676 0.627801 0.106443 0.643207
0 0.161998 0.292892 0.162932 0.296744 0.166667 0.304272 0.168534 0.310574 0.174837 0.322304 0.182540 0.331057 0.192577 0.340161 0.197946 0.343312 0.203081 0.345238 0.210317 0.345588 0.235061 0.344013 0.243931 0.341737 0.248133 0.341562 0.255369 0.339111 0.262138 0.334384 0.270075 0.324755 0.273810 0.317752 0.276144 0.307423 0.275910 0.300245 0.270542 0.283438 0.262605 0.272059 0.256069 0.265931 0.248599 0.261380 0.240663 0.257878 0.231092 0.254727 0.220355 0.252276 0.211485 0.251401 0.201447 0.251401 0.196779 0.252276 0.171569 0.265581 0.165500 0.272584 0.162232 0.285014 0.161998 0.292892
0 0.405696 0.179972 0.407796 0.186099 0.411298 0.193277 0.419468 0.201331 0.432073 0.207808 0.452381 0.210259 0.463819 0.209384 0.477358 0.207633 0.485061 0.205357 0.498133 0.200455 0.511905 0.191527 0.518441 0.185749 0.523810 0.179797 0.526611 0.175245 0.529178 0.165266 0.529178 0.160714 0.527311 0.155112 0.522176 0.149860 0.515640 0.145133 0.512138 0.144258 0.504202 0.140056 0.494865 0.137430 0.481559 0.135854 0.466853 0.136380 0.446078 0.140756 0.439076 0.140931 0.429038 0.146359 0.413632 0.159314 0.407563 0.167717 0.405929 0.172269 0.405696 0.179972
0 0.564893 0.345588 0.566760 0.352066 0.570962 0.358018 0.578431 0.363796 0.591737 0.366246 0.603175 0.367122 0.612512 0.365371 0.620448 0.362220 0.629552 0.360294 0.638422 0.357493 0.647759 0.352416 0.657407 0.344830 0.665966 0.339461 0.670168 0.333333 0.675537 0.318627 0.677171 0.311625 0.675303 0.298669 0.672969 0.293417 0.664799 0.287815 0.658030 0.285189 0.644024 0.281863 0.633520 0.281162 0.625817 0.281688 0.619048 0.282563 0.609010 0.285364 0.599673 0.290266 0.585901 0.300070 0.577264 0.308473 0.570028 0.318978 0.564893 0.332808 0.564893 0.345588
0 0.255135 0.439951 0.259104 0.456232 0.266807 0.470413 0.273810 0.477416 0.280812 0.484244 0.292717 0.493172 0.310224 0.502101 0.314192 0.503676 0.323763 0.505602 0.330299 0.505427 0.334734 0.504027 0.340336 0.495098 0.353408 0.480567 0.357610 0.474265 0.356209 0.459034 0.352941 0.449755 0.346172 0.438901 0.336368 0.427521 0.325397 0.419643 0.320028 0.416842 0.301821 0.404762 0.279645 0.395133 0.272409 0.393908 0.261671 0.394433 0.258637 0.395308 0.256769 0.397409 0.256069 0.405637 0.257003 0.410889 0.254902 0.425070 0.255135 0.439951
1 0.291550 0.227416 0.292951 0.233894 0.295752 0.241071 0.296218 0.254027 0.297386 0.257703 0.298786 0.259104 0.299953 0.259804 0.307423 0.259804 0.325397 0.258578 0.328898 0.259629 0.334267 0.264181 0.338469 0.266632 0.350840 0.266982 0.355742 0.265056 0.359244 0.259979 0.361345 0.253676 0.367647 0.243172 0.382353 0.227066 0.388189 0.222164 0.398693 0.216387 0.417367 0.209909 0.418768 0.203081 0.410598 0.194678 0.407563 0.188550 0.399160 0.182073 0.390990 0.178922 0.387021 0.176296 0.373716 0.174545 0.366013 0.174895 0.344071 0.180322 0.324463 0.188200 0.309991 0.195378 0.302754 0.202731 0.297619 0.209909 0.292717 0.220238 0.291783 0.224265 0.291550 0.227416
1 0.158263 0.258929 0.160364 0.265056 0.164799 0.269958 0.178338 0.260154 0.185808 0.257353 0.196078 0.251926 0.201681 0.250875 0.207750 0.250875 0.220588 0.252101 0.233894 0.255077 0.246732 0.259804 0.261671 0.269958 0.265640 0.274335 0.268908 0.275385 0.272176 0.272934 0.275677 0.272234 0.280345 0.269433 0.289916 0.261905 0.293651 0.254902 0.294351 0.251751 0.293884 0.240021 0.290850 0.230567 0.287582 0.225315 0.274276 0.215861 0.269608 0.213410 0.255135 0.208333 0.233660 0.209909 0.223856 0.211310 0.216853 0.213235 0.202148 0.219013 0.192577 0.223739 0.185574 0.229342 0.180906 0.237745 0.180672 0.241071 0.179505 0.243347 0.176937 0.245448 0.164566 0.251401 0.159197 0.255952 0.158263 0.258929
1 0.513772 0.200805 0.512838 0.203256 0.515406 0.206933 0.520542 0.210084 0.532213 0.212535 0.574463 0.211134 0.584967 0.208683 0.592437 0.202031 0.603875 0.194328 0.609944 0.192577 0.619981 0.188025 0.628151 0.185749 0.631419 0.183648 0.635154 0.179797 0.637255 0.174895 0.632586 0.162115 0.628852 0.145658 0.628151 0.137605 0.626751 0.134104 0.623716 0.133053 0.615780 0.132878 0.605976 0.135329 0.585434 0.138480 0.570728 0.143382 0.562325 0.147584 0.553221 0.153361 0.542951 0.161415 0.536415 0.167717 0.516807 0.189251 0.514472 0.192577 0.513772 0.195378 0.513772 0.200805
1 0.353175 0.290266 0.358777 0.306723 0.366947 0.313550 0.372549 0.316702 0.376284 0.317927 0.380719 0.317577 0.388889 0.314951 0.428805 0.306197 0.430906 0.303746 0.424837 0.293067 0.423203 0.286765 0.423436 0.279237 0.426237 0.265406 0.430205 0.256127 0.434874 0.248775 0.440243 0.242472 0.446078 0.237920 0.452148 0.234769 0.459617 0.231793 0.463585 0.231968 0.465686 0.230742 0.465686 0.226541 0.460784 0.219013 0.456349 0.215161 0.449346 0.211134 0.429972 0.208508 0.424370 0.208333 0.408263 0.212885 0.391223 0.220413 0.383520 0.226190 0.379085 0.230742 0.369048 0.242472 0.364613 0.248950 0.360177 0.258403 0.359711 0.261380 0.358077 0.263655 0.355275 0.265581 0.355742 0.269258 0.353641 0.277836 0.353175 0.290266
1 0.473389 0.227241 0.474090 0.227766 0.484360 0.227591 0.487862 0.228817 0.497432 0.228291 0.500233 0.229517 0.501401 0.230917 0.508870 0.230217 0.512138 0.231268 0.518908 0.231793 0.522642 0.234244 0.526144 0.234769 0.531279 0.238095 0.539683 0.247899 0.540850 0.251576 0.543651 0.255602 0.546452 0.257178 0.549953 0.255777 0.555322 0.250350 0.560458 0.247199 0.574230 0.244573 0.583333 0.241246 0.581232 0.237220 0.560924 0.229517 0.557190 0.229167 0.552521 0.227066 0.529645 0.221464 0.516106 0.220063 0.487628 0.219888 0.481092 0.221814 0.477358 0.221814 0.473856 0.224440 0.473389 0.227241
1 0.423903 0.286415 0.425070 0.292367 0.430205 0.300945 0.431373 0.304447 0.435808 0.308824 0.439076 0.310924 0.444911 0.311975 0.454715 0.312150 0.459851 0.313025 0.477358 0.313025 0.481559 0.310574 0.495798 0.296218 0.502334 0.291317 0.514472 0.286239 0.529178 0.283088 0.533147 0.283088 0.534314 0.282388 0.538515 0.276611 0.542717 0.265581 0.542951 0.258228 0.541317 0.251401 0.533613 0.241071 0.528711 0.235994 0.518674 0.232843 0.511671 0.229167 0.507937 0.228992 0.505135 0.230042 0.499300 0.229517 0.490896 0.230042 0.485061 0.228992 0.467554 0.229867 0.464753 0.231618 0.457283 0.233543 0.449113 0.236695 0.439076 0.244048 0.434174 0.250175 0.429739 0.257528 0.424136 0.276085 0.423903 0.286415
1 0.579599 0.224265 0.580999 0.231268 0.582866 0.234769 0.585201 0.236870 0.591503 0.240021 0.595472 0.239496 0.599440 0.240896 0.602241 0.241071 0.619514 0.247899 0.623950 0.247899 0.625817 0.245448 0.625584 0.233894 0.627918 0.216912 0.636555 0.195553 0.637722 0.190126 0.637021 0.187500 0.630252 0.187150 0.623483 0.188550 0.607143 0.193978 0.602708 0.196078 0.592904 0.202731 0.583800 0.211134 0.579832 0.220063 0.579599 0.224265
1 0.511204 0.210434 0.513305 0.216387 0.514939 0.217437 0.524043 0.220413 0.552521 0.227416 0.561158 0.228817 0.577965 0.235294 0.580766 0.234244 0.580999 0.230742 0.579599 0.223039 0.582166 0.213585 0.581466 0.211660 0.556723 0.211835 0.540149 0.213410 0.532213 0.213410 0.521008 0.211660 0.511671 0.209034 0.511204 0.210434
1 0.485994 0.205007 0.471055 0.208333 0.451681 0.210084 0.453782 0.211485 0.454715 0.213410 0.462652 0.219188 0.466853 0.226541 0.470355 0.226366 0.471989 0.223214 0.477591 0.220588 0.490430 0.218662 0.508870 0.218662 0.510971 0.216912 0.509570 0.211660 0.505135 0.203782 0.501634 0.201155 0.495098 0.201506 0.485994 0.205007
1 0.540149 0.279762 0.542017 0.285364 0.552754 0.292017 0.559757 0.300070 0.565593 0.308999 0.567694 0.313725 0.570728 0.314426 0.583567 0.301296 0.602241 0.288165 0.612979 0.283789 0.622549 0.281513 0.629085 0.280637 0.639356 0.280637 0.644024 0.279412 0.641223 0.277311 0.637955 0.271884 0.631886 0.265406 0.622782 0.251050 0.609244 0.244223 0.602007 0.242122 0.594538 0.241246 0.584500 0.241422 0.580532 0.242122 0.567460 0.245973 0.560691 0.247199 0.556956 0.249125 0.551354 0.255252 0.542017 0.270483 0.540850 0.273985 0.540149 0.279762
1 0.626517 0.245273 0.628618 0.253326 0.634687 0.265756 0.649393 0.280287 0.661298 0.283964 0.672502 0.285539 0.693044 0.283789 0.699580 0.282213 0.702381 0.280637 0.709851 0.278361 0.712185 0.276611 0.721055 0.265581 0.725490 0.255077 0.727358 0.244923 0.727591 0.234944 0.724790 0.213410 0.720822 0.205182 0.713585 0.198704 0.701214 0.190126 0.690943 0.180147 0.686975 0.174720 0.682540 0.171569 0.679038 0.170168 0.668067 0.169818 0.658497 0.167717 0.650794 0.168067 0.644024 0.170518 0.637722 0.188901 0.637722 0.192927 0.631186 0.207108 0.626517 0.225840 0.626517 0.245273
1 0.674603 0.290441 0.678105 0.302871 0.678805 0.310749 0.681373 0.312675 0.689076 0.315826 0.692577 0.315301 0.701447 0.306197 0.708450 0.300770 0.714986 0.297269 0.727358 0.288690 0.736228 0.283964 0.745798 0.276786 0.755602 0.272584 0.758403 0.268908 0.749066 0.264181 0.727124 0.255952 0.724090 0.258754 0.721755 0.266106 0.717787 0.272234 0.710084 0.278887 0.706583 0.280987 0.692810 0.285014 0.685574 0.284839 0.678571 0.286064 0.675303 0.288515 0.674603 0.290441
1 0.728758 0.233018 0.727824 0.249475 0.728758 0.255427 0.747432 0.263480 0.753035 0.264881 0.758403 0.267682 0.762138 0.267157 0.791783 0.258578 0.791783 0.255077 0.785948 0.250350 0.765173 0.241597 0.755135 0.238620 0.744398 0.232843 0.737162 0.226891 0.731559 0.219363 0.730859 0.217262 0.727591 0.216562 0.728758 0.233018
1 0.832866 0.334909 0.834267 0.335784 0.840103 0.338410 0.845705 0.338936 0.855742 0.341387 0.864613 0.346989 0.869981 0.351716 0.872082 0.345938 0.886088 0.324405 0.887255 0.321254 0.887021 0.306373 0.886088 0.301646 0.881653 0.291842 0.878385 0.289391 0.874416 0.288165 0.868814 0.288165 0.866246 0.288515 0.864846 0.289566 0.864146 0.294643 0.861111 0.300245 0.858543 0.310399 0.856209 0.314426 0.850140 0.321078 0.834267 0.331933 0.832866 0.334909
1 0.744398 0.403011 0.743697 0.415791 0.745098 0.419118 0.758637 0.421569 0.766106 0.421043 0.782213 0.418242 0.793884 0.417017 0.800420 0.415791 0.803455 0.414391 0.810458 0.413515 0.814893 0.408613 0.829365 0.380077 0.835201 0.372724 0.847572 0.362745 0.848739 0.360994 0.855509 0.358368 0.867647 0.358543 0.869748 0.357143 0.869748 0.355042 0.865780 0.348915 0.859711 0.344363 0.853641 0.341387 0.831466 0.337010 0.824930 0.337885 0.774510 0.354867 0.767040 0.360119 0.757703 0.369223 0.747432 0.382178 0.744631 0.386905 0.743931 0.389881 0.744398 0.403011
1 0.631186 0.379902 0.631653 0.383403 0.641923 0.397934 0.646359 0.410189 0.646825 0.419468 0.645658 0.427696 0.640756 0.439076 0.640756 0.442577 0.646359 0.449405 0.654295 0.456583 0.661765 0.462185 0.668768 0.465511 0.687208 0.466211 0.699580 0.464636 0.713585 0.459559 0.721522 0.455357 0.728525 0.449930 0.734827 0.441527 0.739029 0.431723 0.742530 0.418592 0.743231 0.397409 0.738562 0.383403 0.733660 0.376576 0.716853 0.364146 0.705882 0.359419 0.699113 0.355217 0.690943 0.351366 0.682306 0.348039 0.669935 0.345238 0.668301 0.343662 0.661298 0.345063 0.659430 0.347339 0.656863 0.348214 0.647292 0.355392 0.637255 0.369573 0.635621 0.373775 0.633053 0.376576 0.631186 0.379902
1 0.664799 0.508929 0.665966 0.515406 0.668067 0.518908 0.670635 0.520133 0.675303 0.528887 0.676937 0.525735 0.679661 0.525502 0.688842 0.530287 0.696078 0.533088 0.706116 0.534664 0.713352 0.534314 0.716853 0.531688 0.725957 0.520133 0.743931 0.504027 0.758170 0.495448 0.775677 0.488095 0.791550 0.484769 0.804155 0.484244 0.805089 0.483543 0.806022 0.480742 0.804388 0.474615 0.802754 0.460478 0.804155 0.446254 0.802988 0.441702 0.796685 0.438025 0.779879 0.435574 0.770308 0.435574 0.765173 0.435924 0.755369 0.438025 0.752334 0.439601 0.740896 0.442227 0.738562 0.443978 0.734360 0.445203 0.729225 0.450805 0.722689 0.455882 0.704715 0.464811 0.699113 0.469013 0.689542 0.481443 0.676937 0.493347 0.672736 0.498950 0.666900 0.503151 0.665500 0.506303 0.664799 0.508929
1 0.804155 0.465161 0.805322 0.473915 0.807423 0.481268 0.810458 0.483368 0.817460 0.485119 0.826564 0.489321 0.833100 0.493172 0.837535 0.497024 0.839869 0.500350 0.845705 0.515406 0.847339 0.517157 0.852708 0.518557 0.859477 0.516457 0.867414 0.511555 0.887255 0.492997 0.893324 0.484419 0.899627 0.478291 0.908263 0.466562 0.919701 0.446078 0.922736 0.431723 0.925770 0.424720 0.923903 0.401261 0.920168 0.390756 0.915966 0.383403 0.909664 0.373950 0.903828 0.368697 0.889589 0.360994 0.873483 0.357843 0.866947 0.359244 0.862045 0.359069 0.852241 0.360644 0.849206 0.362045 0.841036 0.368172 0.831466 0.377976 0.813025 0.414566 0.806723 0.437675 0.804388 0.451506 0.804155 0.465161
1 0.888655 0.494573 0.889356 0.501926 0.890523 0.504902 0.897526 0.512780 0.915733 0.523284 0.925537 0.530987 0.942110 0.539391 0.946078 0.540441 0.953081 0.539566 0.959617 0.536415 0.984127 0.504727 0.985528 0.498599 0.986928 0.475140 0.986461 0.470413 0.982960 0.460959 0.974556 0.445903 0.963352 0.432598 0.957283 0.428221 0.945145 0.424545 0.928338 0.424895 0.925303 0.426996 0.923203 0.431723 0.921569 0.442752 0.919468 0.449405 0.902661 0.476366 0.892390 0.487745 0.890289 0.491071 0.888655 0.494573
1 0.688842 0.588410 0.691877 0.591737 0.709384 0.603641 0.712185 0.604692 0.719188 0.610469 0.720822 0.612745 0.731793 0.620973 0.737162 0.623599 0.748133 0.619573 0.762838 0.611695 0.775677 0.606618 0.780579 0.603817 0.803455 0.589286 0.817460 0.577031 0.829599 0.561800 0.839169 0.543067 0.844304 0.529237 0.845472 0.518908 0.844771 0.515756 0.842437 0.512080 0.839869 0.501751 0.833333 0.494748 0.824463 0.489496 0.817460 0.486345 0.807656 0.484769 0.798319 0.484769 0.783147 0.486695 0.776144 0.488445 0.761671 0.494048 0.751634 0.500000 0.743931 0.505252 0.728058 0.519083 0.724556 0.522584 0.712652 0.538340 0.705182 0.549895 0.698179 0.566352 0.693277 0.574405 0.689076 0.583859 0.688842 0.588410
1 0.806256 0.592087 0.808123 0.595938 0.813959 0.603291 0.832400 0.618697 0.841970 0.629202 0.845472 0.631127 0.849206 0.632003 0.858777 0.629902 0.865780 0.631127 0.876050 0.630252 0.887021 0.628151 0.893557 0.625875 0.910364 0.613971 0.916200 0.608193 0.922269 0.600665 0.933707 0.583508 0.936275 0.571429 0.936508 0.560749 0.933007 0.549020 0.929272 0.541667 0.922969 0.534314 0.915733 0.528711 0.901961 0.521183 0.894258 0.517857 0.883520 0.513655 0.869514 0.514181 0.866013 0.515406 0.859477 0.519258 0.851074 0.521534 0.847339 0.523634 0.841036 0.540266 0.831933 0.558648 0.822362 0.572654 0.809991 0.584909 0.806956 0.589286 0.806256 0.592087
1 0.741597 0.630252 0.754669 0.652661 0.758170 0.661239 0.758637 0.669118 0.757236 0.675595 0.753968 0.680672 0.743231 0.689251 0.742997 0.691352 0.742997 0.692752 0.749066 0.703782 0.751167 0.710434 0.752568 0.720763 0.756536 0.737920 0.758637 0.741422 0.764006 0.745973 0.778945 0.751050 0.790383 0.752101 0.793184 0.751225 0.802988 0.750525 0.807656 0.749300 0.815593 0.746324 0.823996 0.741597 0.839402 0.730917 0.843838 0.724615 0.848039 0.720413 0.854108 0.710084 0.857376 0.696078 0.857610 0.682248 0.853408 0.661239 0.848039 0.647234 0.841270 0.636730 0.836835 0.627276 0.830999 0.619748 0.823529 0.612745 0.816760 0.608718 0.803688 0.604692 0.795985 0.604167 0.789916 0.604867 0.787582 0.605917 0.777311 0.608018 0.767274 0.611695 0.758170 0.615896 0.752568 0.619398 0.742764 0.628151 0.741597 0.630252
1 0.853408 0.659139 0.856909 0.674545 0.858310 0.686099 0.858077 0.695378 0.854809 0.710609 0.848973 0.720588 0.844538 0.723739 0.841503 0.727241 0.840103 0.730917 0.841737 0.731793 0.851774 0.730042 0.858543 0.727591 0.866246 0.723739 0.873016 0.719013 0.879785 0.716912 0.882353 0.714986 0.890990 0.706057 0.897759 0.701155 0.899627 0.698179 0.908730 0.689251 0.913632 0.681548 0.916433 0.675420 0.917134 0.671744 0.916200 0.661239 0.908263 0.640581 0.901027 0.631653 0.897292 0.629027 0.893324 0.628501 0.873249 0.631127 0.855976 0.635329 0.854342 0.637080 0.853175 0.640406 0.858225 0.648322 0.850140 0.650560 0.853408 0.659139
1 0.547852 0.808824 0.549253 0.817927 0.553455 0.823704 0.560458 0.829132 0.566527 0.832108 0.570728 0.833158 0.582166 0.832633 0.598506 0.833333 0.608777 0.839636 0.614613 0.840161 0.619748 0.838585 0.644024 0.835609 0.651727 0.832283 0.661998 0.825280 0.673669 0.810749 0.679038 0.798144 0.680906 0.786415 0.679505 0.782213 0.675303 0.775910 0.671802 0.771884 0.665033 0.767157 0.660131 0.762605 0.652194 0.750525 0.647993 0.746324 0.644258 0.743873 0.638889 0.742822 0.634220 0.742297 0.625584 0.742647 0.609010 0.744923 0.602241 0.746499 0.590336 0.751050 0.580766 0.756828 0.570261 0.765231 0.564192 0.772584 0.552521 0.790091 0.548319 0.799720 0.547852 0.808824
1 0.545985 0.703081 0.548086 0.706758 0.552288 0.720063 0.552988 0.728116 0.551354 0.738971 0.548786 0.747549 0.548553 0.752626 0.546218 0.758053 0.542484 0.778186 0.540850 0.783964 0.538982 0.786415 0.543184 0.790266 0.547152 0.788515 0.550187 0.788340 0.552988 0.786064 0.569561 0.764706 0.586134 0.751751 0.597106 0.747374 0.609477 0.743697 0.614146 0.741246 0.614846 0.737920 0.622316 0.722339 0.624416 0.713060 0.625350 0.703431 0.623716 0.696254 0.620215 0.690476 0.616947 0.687150 0.609244 0.683298 0.596639 0.682423 0.584967 0.682948 0.579365 0.684699 0.567694 0.686625 0.555556 0.692577 0.545752 0.699405 0.545985 0.703081
1 0.425070 0.766106 0.429505 0.779412 0.432306 0.780812 0.439776 0.781162 0.443277 0.782038 0.453548 0.786940 0.468021 0.799545 0.479692 0.815651 0.483894 0.818803 0.487395 0.819678 0.494631 0.818978 0.508637 0.814076 0.518908 0.808473 0.527778 0.800420 0.535948 0.790266 0.542017 0.777661 0.545752 0.755777 0.547386 0.752276 0.551587 0.734594 0.552521 0.723389 0.546919 0.705532 0.541317 0.695728 0.534781 0.688550 0.525677 0.682948 0.518441 0.681197 0.513305 0.680847 0.506769 0.681373 0.490663 0.680672 0.488562 0.681373 0.476891 0.693627 0.454949 0.705182 0.445612 0.707983 0.443511 0.709559 0.432306 0.727241 0.425070 0.749650 0.425070 0.766106
1 0.578665 0.670693 0.571195 0.682073 0.571429 0.683473 0.572596 0.684349 0.574930 0.684524 0.584734 0.682423 0.597339 0.682423 0.609477 0.683298 0.613445 0.684349 0.619048 0.688200 0.620915 0.690651 0.625350 0.699580 0.626751 0.705182 0.630252 0.705532 0.631653 0.703606 0.633053 0.688550 0.635621 0.680497 0.636788 0.678571 0.638325 0.677601 0.638845 0.677081 0.638889 0.677171 0.638189 0.675245 0.627159 0.668724 0.618347 0.661765 0.609244 0.651961 0.605742 0.650560 0.598506 0.649510 0.591970 0.647059 0.590336 0.647759 0.578665 0.670693
1 0.629785 0.566352 0.609244 0.571078 0.609477 0.574580 0.612745 0.575805 0.619514 0.576506 0.623016 0.577906 0.644491 0.579657 0.654295 0.581758 0.665500 0.582808 0.679038 0.586310 0.682306 0.588060 0.685574 0.587535 0.692577 0.574755 0.695145 0.567577 0.691410 0.563901 0.685808 0.562150 0.672035 0.560399 0.658263 0.557248 0.641923 0.560574 0.629785 0.566352
1 0.566993 0.630252 0.571195 0.635679 0.574463 0.638480 0.577965 0.640406 0.582633 0.641457 0.588469 0.645133 0.595005 0.647584 0.601774 0.649335 0.605742 0.648985 0.606209 0.647234 0.601307 0.640231 0.591036 0.622899 0.588702 0.616947 0.587302 0.615721 0.584967 0.614846 0.582400 0.618172 0.578198 0.621499 0.573529 0.623074 0.568161 0.626751 0.566993 0.630252
1 0.425770 0.598564 0.425770 0.609944 0.426704 0.613270 0.430205 0.619398 0.438375 0.623424 0.456349 0.629552 0.464052 0.633053 0.477824 0.641457 0.487862 0.650210 0.491130 0.651961 0.493931 0.652486 0.498133 0.650735 0.501867 0.651085 0.504902 0.650560 0.529178 0.644608 0.546218 0.638480 0.561391 0.631303 0.570962 0.623950 0.580766 0.618697 0.583333 0.616246 0.584734 0.613095 0.584967 0.607493 0.581933 0.596113 0.575163 0.589111 0.568394 0.583859 0.560458 0.579832 0.552288 0.576856 0.520775 0.573004 0.500467 0.567927 0.490430 0.567577 0.480859 0.568452 0.459851 0.572654 0.456583 0.574580 0.448880 0.577381 0.440243 0.582633 0.427171 0.595413 0.425770 0.598564
1 0.263539 0.578081 0.264939 0.581232 0.275444 0.587010 0.286181 0.596113 0.290383 0.597864 0.296685 0.599440 0.314192 0.601891 0.316293 0.601541 0.348739 0.610119 0.364146 0.611520 0.377451 0.611345 0.383754 0.610994 0.390289 0.609594 0.406629 0.602766 0.415500 0.600665 0.421569 0.598389 0.435808 0.585084 0.440943 0.578256 0.443044 0.571254 0.443044 0.567577 0.440243 0.559174 0.436041 0.550595 0.432306 0.548144 0.424136 0.547794 0.397993 0.550770 0.383053 0.550070 0.376517 0.548845 0.363912 0.543943 0.354342 0.538165 0.348506 0.533088 0.345238 0.532213 0.341503 0.533964 0.328198 0.535889 0.324463 0.535364 0.317460 0.536239 0.313959 0.537640 0.306489 0.538340 0.293651 0.542542 0.287348 0.546043 0.273576 0.555672 0.270308 0.559874 0.265173 0.564076 0.264006 0.573354 0.263539 0.578081
1 0.233660 0.696954 0.236695 0.703606 0.240663 0.706758 0.249066 0.710784 0.251634 0.712885 0.272409 0.721113 0.279412 0.722339 0.293651 0.727766 0.300420 0.729517 0.304155 0.731443 0.315126 0.734244 0.317460 0.735819 0.322829 0.736695 0.335201 0.741422 0.347806 0.742647 0.362745 0.742822 0.370682 0.737745 0.374650 0.736345 0.379785 0.733193 0.393324 0.728466 0.397759 0.728466 0.404295 0.727241 0.411064 0.720588 0.415733 0.713410 0.414332 0.711660 0.407563 0.712010 0.400560 0.710959 0.390523 0.710609 0.387255 0.709559 0.376751 0.708508 0.361811 0.704307 0.359244 0.702381 0.346172 0.698004 0.339169 0.694853 0.331232 0.689776 0.324463 0.686800 0.301587 0.673845 0.288515 0.664216 0.282913 0.656513 0.279412 0.656688 0.272642 0.659314 0.256069 0.667367 0.248133 0.672619 0.244631 0.674020 0.236695 0.682248 0.233894 0.688550 0.233660 0.696954
1 0.133287 0.665091 0.135154 0.670168 0.141923 0.679272 0.143324 0.686450 0.147526 0.693452 0.155229 0.701155 0.162698 0.711835 0.175770 0.724440 0.184174 0.730917 0.193978 0.737920 0.202148 0.742122 0.211951 0.746148 0.230626 0.750525 0.240196 0.751751 0.248599 0.751401 0.262372 0.752451 0.286648 0.746674 0.297619 0.741246 0.302988 0.734419 0.298553 0.730742 0.288749 0.726541 0.264939 0.718838 0.261905 0.716737 0.243931 0.709384 0.236228 0.704132 0.232726 0.696254 0.232726 0.691702 0.234360 0.685574 0.236928 0.680497 0.239029 0.678746 0.239963 0.675070 0.237628 0.671919 0.234127 0.669468 0.228525 0.667717 0.222222 0.667542 0.200514 0.671394 0.188609 0.671394 0.175070 0.670168 0.162232 0.666317 0.150560 0.657738 0.147526 0.656688 0.140523 0.657913 0.135154 0.661415 0.133287 0.665091
1 0.353408 0.768908 0.356443 0.773810 0.358077 0.779412 0.373016 0.791842 0.383053 0.797794 0.387021 0.797444 0.393557 0.790791 0.402661 0.784314 0.411064 0.782038 0.422035 0.781513 0.428338 0.779412 0.428105 0.775735 0.424837 0.766106 0.424370 0.753852 0.426004 0.744573 0.429038 0.734069 0.430672 0.731268 0.431139 0.727416 0.429272 0.726541 0.425770 0.726541 0.407330 0.728116 0.394258 0.730042 0.386088 0.732493 0.380719 0.735469 0.373483 0.737920 0.362278 0.745623 0.357376 0.751576 0.354342 0.758403 0.353408 0.768908
1 0.133053 0.568452 0.133987 0.570903 0.133520 0.574580 0.134921 0.582283 0.136555 0.586485 0.140756 0.589286 0.168768 0.577731 0.190243 0.571954 0.203548 0.569853 0.210084 0.570028 0.213352 0.568803 0.220588 0.553046 0.221989 0.542017 0.219655 0.539741 0.202148 0.534664 0.194444 0.531162 0.192344 0.529412 0.188842 0.528711 0.169001 0.515231 0.164799 0.514006 0.160831 0.514006 0.149393 0.521884 0.143557 0.529412 0.136555 0.543768 0.133287 0.558473 0.133053 0.568452
1 0.152194 0.501926 0.156162 0.508228 0.161531 0.512955 0.171569 0.516282 0.186041 0.526611 0.192577 0.529062 0.202848 0.534664 0.216853 0.538690 0.237395 0.541492 0.255602 0.541842 0.263072 0.539566 0.276844 0.537990 0.283147 0.538515 0.286415 0.539741 0.293184 0.539916 0.324230 0.528887 0.326331 0.526961 0.332166 0.517682 0.334267 0.512255 0.334034 0.508578 0.331699 0.506653 0.317694 0.504727 0.307423 0.501225 0.300187 0.497899 0.280812 0.484769 0.269141 0.473564 0.266106 0.471639 0.237862 0.464111 0.214052 0.462535 0.195612 0.463410 0.179739 0.470063 0.175770 0.472164 0.171335 0.476015 0.167600 0.477066 0.155929 0.486169 0.152894 0.489496 0.151727 0.492122 0.152194 0.501926
1 0.219655 0.557423 0.214986 0.567577 0.216620 0.570378 0.220355 0.571779 0.241130 0.574580 0.251401 0.577031 0.258403 0.579657 0.261905 0.579657 0.262838 0.578431 0.266106 0.563901 0.268441 0.562500 0.276144 0.553571 0.291083 0.543067 0.285948 0.539741 0.271709 0.538866 0.254202 0.541667 0.226891 0.540966 0.224090 0.541842 0.223156 0.543592 0.219655 0.557423
1 0.002101 0.501926 0.000000 0.503676 0.000000 0.561975 0.001867 0.562325 0.003968 0.567752 0.009570 0.574230 0.011905 0.578957 0.027311 0.596464 0.039683 0.606443 0.048319 0.610819 0.060458 0.613620 0.065826 0.613445 0.075163 0.614671 0.084967 0.613796 0.096639 0.609944 0.102474 0.606968 0.112278 0.599090 0.117180 0.590861 0.119748 0.581933 0.119514 0.576331 0.120448 0.571429 0.119748 0.560399 0.116246 0.546744 0.110177 0.535889 0.102708 0.527836 0.091270 0.519083 0.085201 0.516457 0.079599 0.511380 0.068394 0.504552 0.052288 0.497024 0.037348 0.493697 0.032680 0.491947 0.029645 0.489846 0.022642 0.488620 0.011905 0.488445 0.008403 0.489846 0.003501 0.494748 0.002101 0.501926
1 0.048786 0.422969 0.049253 0.428571 0.050420 0.431197 0.057890 0.439776 0.069094 0.449930 0.074463 0.453606 0.084967 0.457983 0.102941 0.460784 0.108543 0.462360 0.129785 0.464461 0.137955 0.464461 0.144024 0.463936 0.154995 0.461310 0.157796 0.460084 0.161998 0.456583 0.155229 0.452031 0.150093 0.450105 0.147526 0.445378 0.143091 0.442577 0.137955 0.429622 0.138422 0.421569 0.142857 0.413165 0.152428 0.404062 0.158263 0.400910 0.158030 0.397409 0.151027 0.394433 0.136555 0.391457 0.118581 0.390756 0.109711 0.389531 0.094071 0.390056 0.082166 0.391632 0.070962 0.395483 0.059057 0.403186 0.052521 0.410014 0.049253 0.415266 0.048786 0.422969
1 0.138655 0.428746 0.140523 0.435749 0.142857 0.440651 0.147759 0.444678 0.150794 0.449755 0.168534 0.458683 0.177638 0.460434 0.184407 0.460259 0.187208 0.460959 0.189076 0.462360 0.192577 0.462535 0.200047 0.461835 0.237628 0.462010 0.253035 0.456408 0.256069 0.454307 0.256536 0.449405 0.254902 0.443627 0.253968 0.426471 0.255602 0.411239 0.253268 0.407038 0.249533 0.404062 0.234360 0.398810 0.208217 0.393557 0.185341 0.393032 0.175537 0.394258 0.165266 0.397584 0.154062 0.403186 0.143091 0.412815 0.138889 0.422094 0.138655 0.428746
1 0.111811 0.348564 0.115780 0.355917 0.121849 0.362745 0.137722 0.374650 0.147292 0.377451 0.151727 0.377626 0.154062 0.378501 0.172035 0.379202 0.174136 0.378151 0.177171 0.374300 0.177404 0.363445 0.180205 0.358368 0.189076 0.351015 0.194444 0.348564 0.196078 0.345588 0.193978 0.341912 0.185107 0.334384 0.174370 0.322304 0.168534 0.311450 0.164566 0.300595 0.158030 0.291492 0.154762 0.289916 0.148226 0.289041 0.139356 0.291667 0.131886 0.296919 0.126517 0.302871 0.117180 0.317402 0.112745 0.330357 0.111111 0.338410 0.111811 0.348564
1 0.178338 0.374650 0.177404 0.376751 0.183940 0.390406 0.189076 0.392157 0.195612 0.392682 0.207049 0.392157 0.216387 0.394608 0.235528 0.398109 0.242764 0.400910 0.248366 0.401611 0.251634 0.403011 0.255135 0.398810 0.256536 0.395308 0.261905 0.393032 0.275910 0.393032 0.288982 0.395833 0.290383 0.395658 0.292250 0.393908 0.293651 0.379377 0.297619 0.369748 0.296452 0.367997 0.291083 0.364671 0.279412 0.359769 0.271242 0.357668 0.268207 0.355917 0.259337 0.353641 0.248133 0.349440 0.244398 0.349265 0.237628 0.346814 0.226424 0.345938 0.198880 0.347689 0.189076 0.351366 0.183240 0.355742 0.180439 0.359244 0.177871 0.365546 0.178338 0.374650
1 0.252334 0.345938 0.253268 0.348915 0.259337 0.352241 0.276844 0.358368 0.296452 0.366772 0.300187 0.365721 0.301821 0.363445 0.307890 0.358718 0.318394 0.352241 0.319094 0.348739 0.329832 0.329307 0.340336 0.316702 0.342437 0.309874 0.344538 0.293242 0.343137 0.282038 0.339169 0.272059 0.332633 0.264181 0.328198 0.260679 0.324930 0.259629 0.317460 0.259629 0.303922 0.261380 0.291550 0.266106 0.280812 0.272759 0.272409 0.276085 0.270775 0.279237 0.270775 0.282213 0.272642 0.288866 0.274977 0.293417 0.276611 0.302871 0.274743 0.317752 0.270075 0.326681 0.266573 0.330707 0.261204 0.335784 0.252568 0.341912 0.252334 0.345938
1 0.326331 0.349090 0.327965 0.351015 0.331699 0.349440 0.334734 0.350665 0.338702 0.351015 0.356909 0.347164 0.362979 0.347339 0.366246 0.348214 0.374183 0.347864 0.386788 0.349790 0.394491 0.352066 0.400794 0.355217 0.409197 0.358018 0.429972 0.368522 0.435808 0.372549 0.439076 0.373599 0.441643 0.370623 0.449580 0.365546 0.456583 0.363270 0.463352 0.362920 0.464286 0.361870 0.468721 0.333333 0.473856 0.321078 0.474323 0.317577 0.470355 0.315651 0.463585 0.314601 0.459617 0.315476 0.456349 0.314251 0.453548 0.315126 0.440243 0.312325 0.436041 0.310749 0.432073 0.308123 0.430205 0.307948 0.421335 0.308648 0.393791 0.313725 0.381653 0.317927 0.373716 0.319853 0.358310 0.326856 0.350607 0.332108 0.344304 0.334734 0.338002 0.340511 0.335434 0.344363 0.330999 0.346814 0.327965 0.345938 0.326564 0.347689 0.326331 0.349090
1 0.321662 0.348739 0.321895 0.350665 0.327264 0.350840 0.331232 0.349440 0.335201 0.346639 0.342904 0.337360 0.359244 0.327031 0.364613 0.324580 0.369048 0.321078 0.368114 0.317577 0.362512 0.311275 0.359244 0.309699 0.354575 0.310399 0.347572 0.313550 0.338235 0.320728 0.331699 0.327906 0.323529 0.342437 0.321662 0.348739
1 0.528011 0.409489 0.529178 0.421394 0.531279 0.428571 0.535247 0.435574 0.542951 0.444853 0.549953 0.450630 0.567227 0.460959 0.571429 0.462535 0.577498 0.463936 0.584967 0.464636 0.594304 0.464111 0.602241 0.462710 0.615546 0.458333 0.631419 0.448179 0.638189 0.440651 0.641457 0.435749 0.645191 0.427871 0.646359 0.419293 0.645658 0.408263 0.641457 0.398109 0.629085 0.382003 0.623016 0.377626 0.616947 0.374475 0.603408 0.369398 0.574463 0.366422 0.570495 0.368522 0.567227 0.367822 0.557190 0.370623 0.553221 0.373249 0.547152 0.379727 0.533380 0.390231 0.528711 0.398985 0.528011 0.409489
1 0.439776 0.373249 0.441410 0.376751 0.445612 0.380252 0.450980 0.382703 0.457750 0.388655 0.460084 0.391982 0.470588 0.402136 0.478291 0.415091 0.478758 0.420168 0.477824 0.423494 0.472923 0.430147 0.465686 0.435749 0.466620 0.437850 0.471055 0.439251 0.481793 0.438550 0.500000 0.440126 0.505369 0.441877 0.520308 0.448704 0.529412 0.457108 0.539916 0.455357 0.545285 0.453081 0.545752 0.449580 0.537815 0.440826 0.530345 0.428746 0.526844 0.415266 0.526144 0.397409 0.522876 0.397934 0.519841 0.399685 0.510271 0.400910 0.505135 0.402311 0.495565 0.402486 0.490663 0.401436 0.483427 0.398284 0.479692 0.395833 0.471989 0.387430 0.467320 0.373249 0.466620 0.365896 0.464052 0.363270 0.457049 0.363270 0.453081 0.364321 0.443044 0.369748 0.439776 0.373249
1 0.496032 0.505077 0.496965 0.506653 0.508637 0.515231 0.512138 0.515231 0.523810 0.510854 0.550887 0.502801 0.582166 0.498775 0.600607 0.498599 0.612512 0.499475 0.629318 0.502626 0.640756 0.506127 0.643791 0.506653 0.647759 0.506303 0.651727 0.503326 0.659430 0.495098 0.666200 0.486169 0.668534 0.477766 0.667834 0.467087 0.659197 0.461485 0.643791 0.448179 0.637021 0.445553 0.633520 0.447479 0.630019 0.450630 0.623483 0.453782 0.616013 0.458683 0.606909 0.462010 0.599206 0.463936 0.592204 0.464811 0.583100 0.464811 0.574230 0.463585 0.568394 0.461835 0.557190 0.456057 0.551120 0.454657 0.536181 0.456933 0.532446 0.457983 0.529879 0.459734 0.527311 0.469013 0.523810 0.475840 0.512605 0.490546 0.503735 0.498424 0.497899 0.501751 0.496032 0.505077
1 0.671102 0.539741 0.668067 0.547094 0.663165 0.553746 0.663632 0.557073 0.675537 0.560574 0.687908 0.561099 0.692577 0.562325 0.696078 0.562150 0.699346 0.558824 0.706349 0.546744 0.707983 0.541842 0.709851 0.539916 0.709617 0.536415 0.703315 0.535714 0.695612 0.533613 0.678805 0.525735 0.675070 0.526261 0.672969 0.528711 0.671102 0.539741
1 0.441410 0.551296 0.443744 0.554272 0.454248 0.565301 0.458217 0.567577 0.460084 0.569853 0.467087 0.570728 0.494865 0.564951 0.496032 0.564076 0.492530 0.561275 0.486695 0.558473 0.484360 0.556548 0.481326 0.557423 0.477124 0.554097 0.477124 0.549895 0.476190 0.547794 0.477124 0.540266 0.479692 0.535539 0.494398 0.527661 0.501634 0.522409 0.501867 0.520308 0.503735 0.519083 0.501634 0.519083 0.498133 0.517332 0.487628 0.518732 0.481793 0.521709 0.473856 0.528711 0.470355 0.529412 0.462185 0.535014 0.456349 0.537815 0.441643 0.543242 0.439309 0.546218 0.441410 0.551296
1 0.093838 0.477591 0.095472 0.481092 0.109244 0.493172 0.129318 0.502451 0.151027 0.507878 0.153128 0.507003 0.154062 0.505427 0.151961 0.498950 0.151961 0.491071 0.154295 0.488095 0.161765 0.481092 0.164566 0.480042 0.168534 0.477066 0.176471 0.473915 0.179505 0.470238 0.186041 0.467437 0.190710 0.463410 0.179038 0.460784 0.164799 0.459209 0.157096 0.461660 0.134921 0.464986 0.124416 0.464811 0.111811 0.463585 0.105042 0.465686 0.100140 0.469188 0.095938 0.470763 0.094071 0.473039 0.093838 0.477591
1 0.081232 0.512080 0.084500 0.515056 0.091737 0.520308 0.100373 0.525210 0.110644 0.535889 0.117647 0.548669 0.120915 0.559699 0.122082 0.571078 0.126517 0.572829 0.130486 0.572479 0.132120 0.571078 0.134687 0.549895 0.138189 0.540091 0.143324 0.530637 0.148693 0.523634 0.158497 0.515581 0.157330 0.512080 0.154295 0.509629 0.144491 0.507003 0.126751 0.504902 0.109244 0.505252 0.095238 0.506653 0.082400 0.511204 0.081232 0.512080
1 0.091737 0.636730 0.096405 0.644958 0.104342 0.652661 0.107610 0.653011 0.109244 0.651786 0.106443 0.644433 0.106209 0.633053 0.107610 0.627101 0.114846 0.613796 0.121615 0.605917 0.127684 0.601891 0.138889 0.592262 0.135154 0.587010 0.131653 0.585959 0.126284 0.586310 0.116246 0.595063 0.114146 0.599965 0.102708 0.608193 0.095005 0.612570 0.091503 0.627101 0.091737 0.636730
1 0.292017 0.602416 0.293417 0.605917 0.295752 0.609419 0.296452 0.615196 0.292017 0.633228 0.292250 0.637080 0.292951 0.637255 0.296685 0.635329 0.306256 0.627976 0.317694 0.622549 0.345005 0.616772 0.348973 0.616947 0.352241 0.616246 0.352474 0.612570 0.349673 0.612920 0.342204 0.609244 0.324230 0.604517 0.301120 0.601366 0.293651 0.601190 0.292484 0.601716 0.292017 0.602416
1 0.398226 0.609244 0.398926 0.612570 0.403828 0.616246 0.411765 0.617122 0.414799 0.618697 0.418301 0.617997 0.421569 0.620098 0.423436 0.619748 0.425537 0.617997 0.427404 0.619923 0.429038 0.620273 0.428805 0.617997 0.425537 0.612220 0.426237 0.606968 0.425303 0.603817 0.424136 0.602766 0.421335 0.602241 0.414799 0.603992 0.407796 0.604167 0.399860 0.608193 0.398226 0.609244
1 0.999767 0.456404 0.999767 0.525564 1.000000 0.525564 1.000000 0.456404 0.999767 0.456404
1 0.633987 0.692927 0.635154 0.705707 0.637488 0.716912 0.643324 0.735119 0.646125 0.740721 0.651494 0.747374 0.661298 0.762255 0.673203 0.771884 0.683707 0.786940 0.692577 0.793242 0.699580 0.795868 0.702848 0.796043 0.713352 0.794293 0.720121 0.791141 0.731092 0.784314 0.739262 0.777486 0.752334 0.762605 0.756769 0.755777 0.760271 0.748074 0.760271 0.744573 0.754902 0.737570 0.753735 0.734244 0.751401 0.717087 0.748366 0.703782 0.741363 0.691352 0.735294 0.692402 0.729925 0.694853 0.717087 0.697304 0.706116 0.697479 0.693978 0.696604 0.682540 0.694503 0.678338 0.694503 0.671802 0.690651 0.651961 0.683824 0.650560 0.681898 0.644725 0.679622 0.640756 0.676996 0.637955 0.678922 0.634921 0.686625 0.633987 0.692927
1 0.295752 0.746499 0.293184 0.748249 0.296218 0.749125 0.300887 0.752101 0.312325 0.764181 0.328198 0.773985 0.339402 0.777836 0.352007 0.780287 0.354575 0.779937 0.356209 0.778887 0.356676 0.773459 0.354108 0.766982 0.354575 0.757528 0.358077 0.750525 0.367414 0.741246 0.368814 0.738445 0.370215 0.737745 0.366246 0.737570 0.364613 0.738971 0.358543 0.741422 0.355742 0.740896 0.351774 0.742122 0.345005 0.741947 0.333100 0.740546 0.324463 0.737570 0.312092 0.734769 0.307190 0.734419 0.306489 0.735994 0.300420 0.740371 0.295752 0.746499
1 0.492392 0.662204 0.489496 0.678746 0.490430 0.679622 0.495098 0.680497 0.506205 0.680109 0.521008 0.681373 0.528711 0.683999 0.533613 0.686975 0.539916 0.693452 0.543184 0.695728 0.546919 0.695728 0.550654 0.694328 0.566060 0.685749 0.572596 0.679447 0.582633 0.663690 0.590103 0.647584 0.587302 0.646359 0.582400 0.642507 0.577731 0.641282 0.571195 0.637430 0.567927 0.633403 0.567460 0.630252 0.564192 0.630252 0.538049 0.641807 0.512605 0.649160 0.499533 0.651261 0.488625 0.652074 0.492392 0.662204
1 0.427723 0.709794 0.434630 0.716862 0.437455 0.716627 0.441176 0.710959 0.442810 0.709909 0.439025 0.708381 0.431373 0.710609 0.427723 0.709794
1 0.674136 0.327556 0.670168 0.336134 0.668301 0.339286 0.660598 0.345763 0.661298 0.346289 0.672035 0.345763 0.678571 0.346814 0.697479 0.353992 0.711718 0.360819 0.717787 0.364496 0.734360 0.377101 0.736228 0.377451 0.737862 0.380777 0.739496 0.366772 0.741130 0.362920 0.739496 0.359419 0.730626 0.358368 0.713585 0.353992 0.700047 0.347689 0.690476 0.340686 0.686975 0.334384 0.686275 0.331758 0.686741 0.326856 0.690476 0.317577 0.680906 0.314251 0.678805 0.314251 0.676937 0.316702 0.674136 0.327556
1 0.738796 0.433473 0.735994 0.439076 0.737395 0.441877 0.744631 0.440826 0.761204 0.435399 0.765640 0.434874 0.769141 0.433473 0.770542 0.432073 0.771008 0.421744 0.769841 0.421218 0.756769 0.421569 0.744631 0.419293 0.741363 0.424545 0.738796 0.433473
1 0.112745 0.387255 0.116713 0.389531 0.141690 0.391982 0.154762 0.395658 0.157796 0.397934 0.164332 0.397409 0.171102 0.394783 0.179272 0.392857 0.184174 0.390581 0.180672 0.383053 0.178571 0.380602 0.150560 0.378676 0.144958 0.377451 0.137021 0.374475 0.133053 0.374475 0.129318 0.375700 0.120215 0.380427 0.113212 0.386555 0.112745 0.387255
1 0.352007 0.446078 0.356443 0.457108 0.358310 0.474440 0.359244 0.475665 0.370215 0.470588 0.374650 0.467612 0.383520 0.463936 0.392624 0.458333 0.401494 0.454657 0.404528 0.454482 0.408730 0.453081 0.404528 0.449580 0.391223 0.448529 0.376050 0.444328 0.355742 0.440476 0.353175 0.441702 0.352241 0.444328 0.352007 0.446078
1 0.999767 0.528808 0.999767 0.577061 1.000000 0.577061 1.000000 0.528808 0.999767 0.528808
1 0.999767 0.540579 0.999767 0.622218 1.000000 0.622218 1.000000 0.540579 0.999767 0.540579