0 0.140523 0.262681 0.142157 0.275906 0.144491 0.280797 0.146592 0.289674 0.154528 0.304167 0.168301 0.321014 0.172035 0.324457 0.183940 0.332790 0.192344 0.336232 0.205415 0.338949 0.214753 0.339130 0.223389 0.337681 0.248133 0.328442 0.250000 0.323732 0.255836 0.322283 0.277778 0.308877 0.282213 0.306884 0.318627 0.276449 0.338469 0.252174 0.347572 0.234601 0.351541 0.220471 0.352007 0.211232 0.352007 0.202174 0.348273 0.187138 0.347806 0.175000 0.345705 0.166848 0.337535 0.147464 0.328198 0.131341 0.322829 0.126993 0.316060 0.119746 0.305089 0.111413 0.299253 0.109058 0.292484 0.105072 0.275677 0.098913 0.259337 0.096739 0.251634 0.096558 0.241130 0.097645 0.218254 0.103623 0.204482 0.111232 0.192577 0.119746 0.185107 0.129710 0.174370 0.141486 0.160831 0.162138 0.150327 0.188949 0.144725 0.209964 0.142157 0.224094 0.140990 0.239130 0.140523 0.262681
0 0.367880 0.259239 0.376517 0.284058 0.390756 0.309601 0.401494 0.319565 0.406396 0.322101 0.410831 0.326087 0.418534 0.330616 0.424837 0.332246 0.432773 0.332428 0.439309 0.331522 0.443978 0.329710 0.446779 0.327717 0.453315 0.325000 0.457750 0.321014 0.464286 0.317754 0.473856 0.310507 0.480859 0.302355 0.491597 0.292029 0.495331 0.286051 0.501167 0.279710 0.508403 0.269384 0.520075 0.250362 0.522176 0.244022 0.527311 0.234783 0.530112 0.227717 0.537115 0.206159 0.541550 0.182971 0.542250 0.162862 0.541550 0.147101 0.537115 0.127899 0.530812 0.112862 0.526611 0.105435 0.518908 0.096739 0.511905 0.092029 0.502568 0.087681 0.498133 0.086413 0.493931 0.086232 0.489029 0.081884 0.486803 0.079260 0.485994 0.070109 0.484240 0.064144 0.482702 0.061160 0.480908 0.059171 0.480011 0.059370 0.479755 0.059072 0.475270 0.059072 0.474373 0.060265 0.473984 0.060567 0.473346 0.061052 0.472896 0.061052 0.471682 0.063249 0.476295 0.066033 0.478291 0.072216 0.479370 0.076475 0.477961 0.078265 0.476493 0.078844 0.474694 0.080239 0.473796 0.081635 0.467320 0.080254 0.460551 0.079710 0.452848 0.080254 0.449580 0.081522 0.442344 0.082246 0.435574 0.084420 0.416900 0.097283 0.400327 0.112681 0.386555 0.133514 0.368347 0.175000 0.363912 0.195290 0.362745 0.212319 0.362979 0.230435 0.367880 0.259239
0 0.540149 0.208152 0.541783 0.231703 0.545985 0.261957 0.548553 0.272826 0.559290 0.305072 0.570495 0.324457 0.574230 0.327174 0.577965 0.333333 0.588469 0.342391 0.613212 0.359783 0.626984 0.365942 0.637722 0.368659 0.645658 0.369565 0.650794 0.371014 0.661298 0.371558 0.680439 0.367572 0.701447 0.365399 0.710084 0.363768 0.720121 0.356341 0.722689 0.351993 0.726424 0.338043 0.729692 0.329529 0.736228 0.300000 0.739963 0.265580 0.739729 0.254710 0.740896 0.245109 0.740663 0.215399 0.739496 0.202536 0.737862 0.199457 0.735061 0.188949 0.728992 0.174457 0.724556 0.166848 0.711718 0.149819 0.704715 0.144746 0.699346 0.139674 0.695612 0.137500 0.678805 0.128442 0.664566 0.122464 0.647993 0.118659 0.635621 0.116848 0.605742 0.116486 0.602007 0.118116 0.595005 0.119203 0.584500 0.123913 0.571195 0.132428 0.562792 0.140580 0.556723 0.151812 0.553922 0.154529 0.549253 0.164493 0.544118 0.181884 0.541083 0.196920 0.540149 0.208152
0 0.601541 0.455254 0.602941 0.481159 0.604809 0.490399 0.613445 0.514855 0.622549 0.529710 0.633520 0.544746 0.636788 0.546558 0.648926 0.557609 0.666200 0.568478 0.681839 0.575725 0.688842 0.577717 0.696078 0.581522 0.709617 0.584601 0.716620 0.586957 0.740896 0.590399 0.767040 0.590036 0.782680 0.587862 0.793651 0.584239 0.796919 0.583877 0.810691 0.578261 0.825163 0.569565 0.829365 0.560688 0.830766 0.550181 0.826797 0.482138 0.829365 0.460145 0.828198 0.448188 0.825163 0.438406 0.819328 0.425181 0.810691 0.412138 0.796685 0.398007 0.776377 0.384601 0.762372 0.377717 0.741363 0.370652 0.720588 0.367572 0.702614 0.367210 0.694911 0.367754 0.686041 0.369565 0.678571 0.369746 0.661531 0.374275 0.649627 0.378986 0.633754 0.388043 0.619514 0.400362 0.611811 0.411413 0.605275 0.424819 0.602474 0.440036 0.601541 0.455254
0 0.700514 0.099638 0.704248 0.115399 0.708683 0.121196 0.710551 0.126630 0.712652 0.128261 0.714519 0.131341 0.722689 0.136413 0.723856 0.138225 0.727824 0.138949 0.729458 0.140580 0.729925 0.144022 0.734827 0.144928 0.740430 0.148188 0.765173 0.158877 0.772642 0.159964 0.782913 0.162862 0.807656 0.164312 0.816760 0.163587 0.841970 0.159058 0.859010 0.155072 0.862512 0.153623 0.867180 0.153080 0.876050 0.149638 0.886088 0.143659 0.895892 0.141304 0.919935 0.130072 0.925303 0.125725 0.929739 0.123732 0.937208 0.118297 0.947246 0.107428 0.952614 0.094928 0.953548 0.081522 0.952148 0.070652 0.947012 0.055978 0.934174 0.037681 0.923903 0.030072 0.918067 0.024638 0.895892 0.013587 0.890289 0.011594 0.883987 0.010507 0.879785 0.008696 0.861578 0.005072 0.841503 0.003804 0.816993 0.006703 0.789683 0.014312 0.768441 0.021920 0.753268 0.029167 0.748366 0.032246 0.744631 0.033333 0.737162 0.037681 0.716620 0.053261 0.708917 0.064130 0.703782 0.073551 0.701214 0.089855 0.700514 0.099638
0 0.135387 0.436413 0.136788 0.442029 0.137722 0.453080 0.143557 0.470290 0.148926 0.482428 0.152894 0.496377 0.157096 0.502174 0.163399 0.515580 0.173903 0.533152 0.181373 0.542391 0.195612 0.557246 0.220588 0.577355 0.225023 0.579529 0.237628 0.582065 0.259104 0.583152 0.276144 0.579710 0.297152 0.571920 0.303922 0.567754 0.312092 0.561957 0.317227 0.556159 0.324463 0.550906 0.334267 0.525725 0.345938 0.505072 0.352241 0.491304 0.354108 0.484239 0.353641 0.477174 0.354575 0.473913 0.353175 0.442572 0.345472 0.411957 0.337302 0.390942 0.331699 0.379891 0.310691 0.351993 0.296919 0.343116 0.279645 0.337319 0.269141 0.335507 0.262372 0.335688 0.255135 0.334239 0.242530 0.333514 0.234360 0.334783 0.229225 0.337138 0.221055 0.339312 0.206583 0.341667 0.200980 0.345652 0.192577 0.349094 0.189776 0.351268 0.179038 0.356522 0.176704 0.359601 0.168301 0.364855 0.161064 0.371920 0.155929 0.379167 0.151961 0.383152 0.147292 0.390580 0.138655 0.410870 0.137488 0.417935 0.135387 0.436413
0 0.320728 0.591304 0.323996 0.609239 0.328898 0.622826 0.336134 0.637138 0.348506 0.651449 0.363212 0.662319 0.372782 0.667210 0.380486 0.670109 0.394024 0.672645 0.404295 0.671014 0.408730 0.669022 0.418768 0.666486 0.432540 0.660688 0.442344 0.655254 0.452848 0.647464 0.464052 0.641123 0.485761 0.623188 0.495565 0.613768 0.500700 0.610507 0.509804 0.601812 0.514706 0.598551 0.521709 0.590761 0.530112 0.583877 0.544118 0.567572 0.551120 0.555435 0.555322 0.543297 0.557423 0.530978 0.558123 0.515036 0.556256 0.495290 0.554388 0.487319 0.551120 0.477174 0.546685 0.468659 0.533847 0.451630 0.525210 0.442572 0.511671 0.433152 0.501634 0.427899 0.494631 0.426993 0.487628 0.423913 0.483427 0.423188 0.483427 0.420471 0.486695 0.418297 0.489029 0.414855 0.486461 0.411232 0.484594 0.410507 0.483193 0.410870 0.474556 0.416667 0.470121 0.418297 0.463352 0.422283 0.457516 0.423370 0.439542 0.424819 0.425303 0.428623 0.404762 0.440399 0.396825 0.446558 0.394725 0.450000 0.389122 0.453804 0.379785 0.464312 0.374650 0.466848 0.363679 0.480435 0.353641 0.494746 0.338002 0.521920 0.328665 0.543297 0.323063 0.562862 0.320728 0.574457 0.320728 0.591304
0 0.292017 0.853080 0.293417 0.880797 0.295518 0.901449 0.299253 0.912138 0.300187 0.918659 0.313959 0.948551 0.320728 0.956884 0.331466 0.964493 0.342204 0.968478 0.349206 0.972283 0.365780 0.974457 0.383520 0.973188 0.386088 0.971739 0.398926 0.967572 0.414566 0.959601 0.435808 0.946377 0.453081 0.934239 0.456349 0.932790 0.471755 0.919203 0.479692 0.907609 0.485061 0.902174 0.491597 0.890580 0.501634 0.866304 0.507003 0.847645 0.509337 0.835326 0.510037 0.820652 0.508637 0.815399 0.508870 0.810145 0.511204 0.786594 0.516340 0.759239 0.515406 0.751812 0.515873 0.748007 0.513539 0.731341 0.509570 0.717572 0.505135 0.708696 0.500000 0.702174 0.492997 0.695471 0.485994 0.690217 0.470355 0.682065 0.453315 0.676812 0.446078 0.675543 0.441643 0.675543 0.418301 0.677717 0.414099 0.679710 0.407563 0.679348 0.403595 0.680254 0.377918 0.691667 0.376284 0.691667 0.369748 0.694384 0.363212 0.699094 0.355509 0.702899 0.346172 0.709783 0.340336 0.715217 0.320028 0.736051 0.313025 0.746014 0.306022 0.758696 0.300187 0.775543 0.299020 0.781884 0.297386 0.797826 0.296218 0.800725 0.292951 0.837681 0.292017 0.853080
0 0.075864 0.865761 0.076564 0.880254 0.077498 0.887500 0.081466 0.903442 0.091970 0.926449 0.097572 0.936232 0.118814 0.956159 0.126517 0.960507 0.133287 0.962500 0.147993 0.963043 0.158030 0.961594 0.171335 0.958514 0.193044 0.950725 0.213352 0.940942 0.217554 0.937862 0.221755 0.936051 0.241597 0.922283 0.255836 0.909420 0.266106 0.897645 0.269141 0.893478 0.279178 0.873188 0.288049 0.846739 0.290149 0.835145 0.291083 0.815942 0.295518 0.786413 0.295285 0.782971 0.298319 0.768659 0.301587 0.761775 0.302988 0.755797 0.303688 0.737138 0.302521 0.723551 0.298086 0.709058 0.295518 0.703261 0.290383 0.695471 0.283847 0.688587 0.268441 0.676993 0.255836 0.669928 0.248833 0.667029 0.241363 0.665036 0.227358 0.663043 0.220355 0.663043 0.203081 0.664312 0.192810 0.667391 0.189076 0.667029 0.184174 0.671920 0.179272 0.675362 0.172269 0.682971 0.168067 0.686232 0.164566 0.687862 0.151961 0.697826 0.128151 0.713043 0.106443 0.724275 0.099206 0.730978 0.090103 0.744928 0.080999 0.771558 0.077498 0.789855 0.076097 0.817391 0.075864 0.865761
1 0.815359 0.394384 0.821429 0.410870 0.823996 0.414312 0.827498 0.423732 0.830065 0.439130 0.832400 0.442572 0.831933 0.446014 0.835201 0.448551 0.839869 0.456522 0.841036 0.460870 0.857610 0.483152 0.867880 0.494928 0.886788 0.513768 0.901727 0.526268 0.918534 0.538043 0.933007 0.544384 0.939076 0.548188 0.954949 0.552717 0.968254 0.557971 0.977358 0.559420 0.981092 0.561594 0.991830 0.563406 0.999767 0.563406 0.999767 0.360145 0.984127 0.349457 0.974556 0.345109 0.970822 0.341486 0.966853 0.340761 0.956583 0.334783 0.934874 0.328080 0.908030 0.322283 0.899160 0.321558 0.887255 0.322645 0.870215 0.326993 0.861578 0.330254 0.859477 0.331703 0.855742 0.332065 0.847572 0.338768 0.843137 0.340399 0.837768 0.345471 0.832866 0.347645 0.825163 0.355797 0.820728 0.362138 0.817694 0.370290 0.815593 0.382790 0.815359 0.394384
1 0.179505 0.095290 0.182306 0.098188 0.196312 0.104710 0.203081 0.109964 0.224323 0.101087 0.231793 0.098913 0.242063 0.097101 0.251634 0.096377 0.262138 0.096739 0.273109 0.098007 0.280112 0.099638 0.284547 0.101087 0.289916 0.104167 0.294351 0.104891 0.309524 0.113406 0.322596 0.124638 0.327965 0.130254 0.330532 0.131703 0.334967 0.139130 0.338469 0.140942 0.344771 0.137319 0.352708 0.127355 0.356209 0.118478 0.359010 0.106522 0.358543 0.095290 0.352474 0.082246 0.347339 0.077355 0.338002 0.070652 0.327264 0.065580 0.324230 0.063406 0.313959 0.060507 0.302988 0.058152 0.285247 0.056522 0.268908 0.056522 0.251867 0.057971 0.241130 0.059783 0.237395 0.061775 0.226657 0.064130 0.214519 0.069565 0.199346 0.080435 0.187442 0.084964 0.183940 0.089130 0.180205 0.092029 0.179739 0.094022 0.179505 0.095290
1 0.348273 0.078442 0.352241 0.081341 0.355275 0.088406 0.357610 0.091667 0.359244 0.096196 0.359711 0.102717 0.358543 0.112319 0.354342 0.125000 0.351307 0.130797 0.347106 0.136051 0.345472 0.140036 0.343371 0.140580 0.351074 0.142029 0.355509 0.144203 0.369748 0.146014 0.373016 0.147101 0.376751 0.147101 0.380486 0.144203 0.388889 0.126630 0.392390 0.121196 0.403128 0.108152 0.411765 0.099819 0.420868 0.092935 0.435107 0.083877 0.441877 0.081522 0.444444 0.064312 0.448646 0.050362 0.439309 0.046196 0.421802 0.042935 0.407330 0.043116 0.390990 0.046558 0.375350 0.053442 0.358310 0.063768 0.351074 0.070652 0.348273 0.074819 0.348039 0.076812 0.348273 0.078442
1 0.019841 0.140399 0.019608 0.143297 0.017974 0.146377 0.015173 0.147464 0.015640 0.150906 0.017507 0.151812 0.019374 0.155978 0.021709 0.164855 0.032680 0.180072 0.040149 0.186232 0.042717 0.190217 0.049253 0.196739 0.053455 0.198913 0.056022 0.201449 0.067927 0.207246 0.071195 0.208152 0.073063 0.206522 0.074230 0.203442 0.075397 0.182065 0.078665 0.161413 0.082166 0.149457 0.086835 0.140217 0.089169 0.137681 0.090336 0.133333 0.092204 0.130435 0.097106 0.124457 0.109244 0.113587 0.110644 0.110507 0.112979 0.109239 0.100373 0.105254 0.085434 0.102717 0.060691 0.103986 0.041550 0.110145 0.032446 0.118297 0.030812 0.121920 0.026844 0.125543 0.019841 0.140399
1 0.075397 0.221558 0.076564 0.234783 0.079132 0.248188 0.083567 0.262500 0.097106 0.287319 0.112745 0.302174 0.124183 0.307609 0.133520 0.318297 0.146125 0.319928 0.150560 0.321377 0.161998 0.320471 0.163165 0.319022 0.162932 0.316848 0.158497 0.311775 0.151261 0.299638 0.148459 0.296377 0.143557 0.282971 0.140056 0.261413 0.140056 0.248913 0.142157 0.220109 0.152194 0.182065 0.162932 0.157428 0.174837 0.140217 0.186275 0.127899 0.190009 0.122283 0.200047 0.114130 0.200747 0.113043 0.200047 0.109420 0.193511 0.104167 0.188375 0.102717 0.185808 0.100906 0.175770 0.096920 0.167600 0.095290 0.146825 0.096196 0.134921 0.098913 0.129085 0.100906 0.116246 0.108877 0.112745 0.110326 0.096872 0.126268 0.091503 0.133514 0.090570 0.137319 0.087768 0.140399 0.084967 0.146196 0.080065 0.161413 0.075397 0.188587 0.075397 0.221558
1 0.002490 0.152597 0.000000 0.153261 0.000000 0.200725 0.007937 0.205435 0.015640 0.213949 0.018908 0.215036 0.032680 0.207790 0.045051 0.199819 0.047619 0.196014 0.040616 0.187500 0.038049 0.185507 0.033147 0.177899 0.022876 0.166304 0.018674 0.154348 0.018207 0.144746 0.015406 0.143841 0.009570 0.147283 0.002490 0.152597
1 0.035481 0.262319 0.036415 0.269203 0.038049 0.271014 0.042717 0.283877 0.052288 0.297101 0.071429 0.313406 0.074463 0.315399 0.080766 0.317029 0.094771 0.316486 0.102007 0.315217 0.106443 0.315399 0.114613 0.317572 0.122782 0.318478 0.130252 0.318659 0.131419 0.317754 0.130252 0.314493 0.127218 0.310688 0.123016 0.307246 0.119281 0.306341 0.116013 0.303623 0.112045 0.302174 0.096872 0.288043 0.082633 0.261413 0.077498 0.244928 0.074463 0.220290 0.072596 0.216848 0.070962 0.216304 0.063959 0.219203 0.049486 0.226630 0.043884 0.230978 0.039449 0.236775 0.035714 0.248188 0.035481 0.262319
1 0.000000 0.203804 0.000000 0.271558 0.008403 0.275000 0.010504 0.276993 0.016340 0.284783 0.018908 0.290036 0.024977 0.297464 0.028945 0.307246 0.029412 0.317572 0.030345 0.315942 0.032913 0.315580 0.036881 0.311413 0.040149 0.301812 0.041083 0.291123 0.040149 0.282971 0.036415 0.275181 0.033847 0.263587 0.033380 0.244384 0.019374 0.219928 0.010271 0.209964 0.005135 0.205616 0.001634 0.203804 0.000000 0.203804
1 0.000000 0.272464 0.000000 0.371558 0.001634 0.371558 0.008403 0.362862 0.013305 0.355072 0.014939 0.348732 0.018441 0.341667 0.021942 0.338406 0.025910 0.332790 0.028711 0.318478 0.028478 0.307428 0.026144 0.300181 0.011905 0.278623 0.008403 0.275181 0.005135 0.273188 0.002334 0.272464 0.000000 0.272464
1 0.580766 0.115399 0.578198 0.119565 0.575630 0.126630 0.577264 0.127899 0.590570 0.120833 0.595238 0.119203 0.612278 0.115761 0.637021 0.115942 0.643557 0.117572 0.651727 0.118478 0.657096 0.120109 0.660364 0.119565 0.659430 0.115761 0.646125 0.104529 0.641223 0.101630 0.623016 0.094384 0.615546 0.093478 0.604809 0.094022 0.591970 0.095833 0.585901 0.098732 0.583567 0.102536 0.580766 0.115399
1 0.662698 0.119928 0.667834 0.123188 0.673203 0.124819 0.692344 0.134601 0.708917 0.146014 0.720588 0.146014 0.728291 0.144022 0.728058 0.140580 0.724090 0.136413 0.720355 0.135870 0.717087 0.134058 0.712652 0.130072 0.709617 0.123188 0.704015 0.115036 0.701914 0.108514 0.701214 0.101346 0.702148 0.084420 0.705415 0.070471 0.707750 0.065217 0.711718 0.059420 0.718487 0.052355 0.727358 0.046377 0.733193 0.040036 0.736695 0.037681 0.741130 0.036413 0.740896 0.034964 0.734127 0.034420 0.723856 0.037681 0.720121 0.040399 0.713819 0.042935 0.703315 0.049094 0.694444 0.056703 0.682306 0.070652 0.677871 0.077536 0.663165 0.116486 0.662698 0.119928
1 0.712652 0.150906 0.714519 0.152355 0.717320 0.157609 0.720355 0.159964 0.725023 0.166304 0.731559 0.178261 0.732493 0.182246 0.736928 0.191486 0.740663 0.205072 0.741597 0.226812 0.740663 0.265399 0.737862 0.292935 0.735061 0.309964 0.729692 0.330797 0.730859 0.334964 0.744398 0.332609 0.761905 0.326812 0.767974 0.323007 0.778711 0.318116 0.786648 0.310145 0.794118 0.283514 0.798553 0.259420 0.802988 0.230797 0.802988 0.211594 0.799253 0.197826 0.790850 0.183696 0.783380 0.174638 0.769608 0.162500 0.752101 0.154348 0.734360 0.148551 0.716387 0.147283 0.714286 0.148188 0.712885 0.150181 0.712652 0.150906
1 0.799953 0.282971 0.802288 0.293841 0.810224 0.307609 0.827965 0.322464 0.834034 0.324275 0.838235 0.322645 0.842204 0.322464 0.852241 0.325725 0.862979 0.326630 0.874416 0.324638 0.877918 0.323007 0.887255 0.321014 0.904995 0.319928 0.906629 0.317935 0.905929 0.298188 0.906863 0.283877 0.911064 0.266667 0.924603 0.231341 0.929038 0.223913 0.938842 0.202717 0.949580 0.185870 0.946078 0.178623 0.938142 0.172826 0.921802 0.163406 0.910831 0.159420 0.893791 0.155797 0.873483 0.156341 0.859010 0.159783 0.830999 0.173551 0.820028 0.182065 0.812792 0.189312 0.806022 0.203080 0.804388 0.209964 0.803688 0.235507 0.799720 0.259783 0.799953 0.282971
1 0.906396 0.301449 0.906863 0.311957 0.907796 0.317572 0.909897 0.321196 0.934174 0.326993 0.939076 0.328986 0.955415 0.333333 0.966853 0.339312 0.975257 0.341304 0.977824 0.342754 0.977824 0.345471 0.982726 0.346920 0.989729 0.352355 0.993231 0.353623 0.995331 0.355797 0.999767 0.356884 0.999767 0.140217 0.994631 0.141304 0.984127 0.146558 0.968954 0.160688 0.949580 0.187319 0.939076 0.204167 0.930205 0.223913 0.925070 0.232246 0.914799 0.258152 0.911064 0.268659 0.908497 0.279348 0.907096 0.292029 0.906396 0.301449
1 0.950747 0.057246 0.950747 0.060870 0.955415 0.077536 0.955882 0.082065 0.960084 0.091486 0.961951 0.098551 0.963119 0.106884 0.963352 0.119746 0.964753 0.126268 0.972456 0.138225 0.980859 0.146920 0.987395 0.144203 0.993697 0.140399 0.997899 0.138587 0.999767 0.138587 0.999767 0.017754 0.998133 0.017754 0.984594 0.024275 0.966853 0.035688 0.959617 0.042572 0.951914 0.053804 0.950747 0.057246
1 0.954015 0.088406 0.951914 0.098370 0.947479 0.107246 0.940943 0.115217 0.923203 0.128804 0.895892 0.142029 0.883287 0.146014 0.869048 0.152536 0.843371 0.159420 0.828665 0.161232 0.824930 0.163225 0.814659 0.164855 0.814893 0.168297 0.817694 0.169565 0.824463 0.175181 0.827264 0.174819 0.846872 0.164493 0.855742 0.161413 0.858543 0.159601 0.870215 0.156522 0.887955 0.155072 0.904062 0.157065 0.908730 0.158514 0.925303 0.165036 0.939309 0.171920 0.941410 0.167754 0.943511 0.166304 0.947712 0.160688 0.953782 0.149819 0.957283 0.141848 0.961251 0.126993 0.961951 0.112681 0.959851 0.106341 0.960084 0.097826 0.958683 0.092029 0.956116 0.086413 0.954015 0.088406
1 0.713352 0.366304 0.720588 0.366304 0.740196 0.369746 0.757703 0.374819 0.769374 0.380072 0.784080 0.388768 0.799720 0.400000 0.803688 0.404348 0.807890 0.407246 0.817460 0.419928 0.820728 0.421196 0.821195 0.422464 0.820495 0.415217 0.817694 0.404167 0.814659 0.397464 0.813492 0.390580 0.814893 0.377355 0.818627 0.364493 0.822362 0.357609 0.830766 0.348188 0.839869 0.341848 0.841737 0.338406 0.832866 0.327174 0.811391 0.312319 0.806956 0.310507 0.796685 0.308514 0.789916 0.308333 0.780112 0.318297 0.770075 0.323551 0.756303 0.330254 0.738095 0.334964 0.727358 0.343659 0.725023 0.350725 0.721289 0.357790 0.714519 0.363043 0.713352 0.366304
1 0.526844 0.439312 0.528011 0.442572 0.546218 0.465036 0.552988 0.477717 0.556956 0.491848 0.559290 0.505072 0.559524 0.512319 0.562092 0.519203 0.567927 0.521739 0.581466 0.523551 0.595938 0.523007 0.609010 0.520471 0.610878 0.519022 0.611578 0.512138 0.603408 0.487681 0.601307 0.474819 0.600373 0.452536 0.603875 0.428623 0.608077 0.417210 0.618347 0.401087 0.626517 0.392935 0.635621 0.385507 0.651027 0.376630 0.650093 0.373188 0.644024 0.370652 0.640523 0.370652 0.628151 0.366848 0.615780 0.361413 0.598973 0.351087 0.584267 0.339855 0.579599 0.335507 0.573529 0.327899 0.570728 0.326630 0.567694 0.327899 0.564192 0.330978 0.549720 0.346377 0.538982 0.362500 0.534781 0.371377 0.531279 0.383333 0.527077 0.410688 0.526844 0.439312
1 0.479225 0.307246 0.481793 0.314674 0.484594 0.318841 0.494865 0.324638 0.511905 0.329891 0.528945 0.332428 0.536881 0.332609 0.560458 0.328804 0.563959 0.327717 0.568161 0.324638 0.568161 0.321196 0.559057 0.306341 0.555322 0.296558 0.545985 0.265761 0.541783 0.238768 0.539916 0.215036 0.537815 0.213043 0.536181 0.213225 0.528945 0.234239 0.517274 0.256522 0.508637 0.270471 0.502101 0.279891 0.490430 0.294203 0.480859 0.304167 0.479225 0.307246
1 0.332400 0.376087 0.333100 0.379891 0.345005 0.405978 0.354108 0.439130 0.355742 0.452899 0.355509 0.465399 0.356443 0.477355 0.357376 0.481341 0.359244 0.482971 0.369748 0.472283 0.372782 0.467572 0.383520 0.459239 0.393557 0.448007 0.406629 0.437862 0.416900 0.432609 0.421802 0.429167 0.427404 0.426993 0.433240 0.425000 0.440710 0.423551 0.459851 0.422283 0.467554 0.419022 0.484827 0.408877 0.488095 0.409239 0.490430 0.411232 0.490896 0.415036 0.487628 0.421739 0.494631 0.425181 0.501634 0.426449 0.508403 0.430797 0.512138 0.431341 0.513772 0.429529 0.517740 0.411232 0.520775 0.390399 0.521475 0.367754 0.518674 0.341848 0.515173 0.334420 0.512838 0.331703 0.487862 0.322283 0.483193 0.319203 0.477358 0.310326 0.455182 0.325181 0.441877 0.331703 0.432306 0.333333 0.425537 0.333152 0.417134 0.330978 0.410131 0.326268 0.406863 0.325000 0.394024 0.313949 0.390056 0.312319 0.374650 0.320652 0.365079 0.326993 0.347572 0.343659 0.339636 0.355254 0.336134 0.362500 0.333800 0.370109 0.332400 0.376087
1 0.340803 0.151087 0.344538 0.155616 0.345472 0.161051 0.347339 0.164312 0.349206 0.178623 0.354108 0.193116 0.352474 0.196014 0.353408 0.201630 0.353641 0.215036 0.353408 0.220652 0.351541 0.223913 0.351541 0.227899 0.349206 0.233877 0.337302 0.255435 0.331466 0.262319 0.328898 0.266667 0.315359 0.281341 0.303688 0.290399 0.296685 0.296920 0.289916 0.301449 0.287582 0.303804 0.286181 0.307065 0.292250 0.313406 0.302988 0.319928 0.320962 0.325362 0.334967 0.326993 0.345472 0.326993 0.362745 0.324638 0.369748 0.322101 0.378618 0.317572 0.384921 0.314130 0.389356 0.310688 0.388889 0.307065 0.378151 0.290036 0.372082 0.274275 0.364613 0.249094 0.360878 0.227536 0.361811 0.199638 0.364146 0.185326 0.368814 0.169746 0.375350 0.154529 0.375817 0.150906 0.373716 0.149094 0.367880 0.147101 0.349206 0.143659 0.342204 0.145109 0.340570 0.147101 0.340803 0.151087
1 0.255836 0.331703 0.257003 0.332790 0.276611 0.335507 0.282913 0.337138 0.294585 0.341304 0.306723 0.348007 0.312325 0.352536 0.327965 0.373370 0.331466 0.371920 0.345238 0.342210 0.342670 0.331522 0.338936 0.328080 0.334967 0.328080 0.318161 0.325543 0.310224 0.323188 0.305556 0.320652 0.299486 0.318659 0.294585 0.315761 0.286415 0.309058 0.282913 0.307790 0.261905 0.320833 0.259804 0.322826 0.256069 0.324275 0.255836 0.331703
1 0.171802 0.360145 0.187675 0.350543 0.191877 0.348913 0.193744 0.347101 0.196312 0.346558 0.204482 0.341848 0.197012 0.338406 0.189076 0.336413 0.186508 0.336775 0.180205 0.345290 0.177171 0.347464 0.171802 0.357065 0.171802 0.360145
1 0.129552 0.469746 0.130952 0.477355 0.137255 0.484783 0.147759 0.489855 0.149393 0.487862 0.148459 0.484058 0.146592 0.480978 0.146359 0.477174 0.142857 0.471014 0.139356 0.460326 0.137021 0.445833 0.133987 0.442029 0.129318 0.455072 0.129552 0.469746
1 0.000000 0.374819 0.000000 0.490399 0.001867 0.490580 0.003268 0.493116 0.010037 0.498188 0.012838 0.501630 0.025210 0.507246 0.036415 0.510870 0.042951 0.511594 0.050420 0.511232 0.057423 0.509783 0.067694 0.505978 0.075864 0.500181 0.085901 0.495471 0.101074 0.485507 0.111811 0.477355 0.122316 0.466304 0.123249 0.464312 0.126517 0.462681 0.129318 0.451087 0.132586 0.442391 0.136555 0.414674 0.139589 0.404167 0.148926 0.384964 0.164566 0.365942 0.168301 0.359601 0.169001 0.355254 0.165500 0.348732 0.157796 0.338949 0.152428 0.334058 0.142857 0.327355 0.133520 0.323007 0.122782 0.319928 0.106209 0.317754 0.095005 0.317754 0.074930 0.319384 0.061858 0.323732 0.058123 0.326449 0.052988 0.327536 0.043417 0.333333 0.028245 0.344384 0.010738 0.361413 0.000000 0.374819
1 0.030345 0.567572 0.032913 0.568659 0.037348 0.565942 0.049953 0.561051 0.052988 0.558877 0.067927 0.553080 0.090803 0.546014 0.104809 0.543297 0.108310 0.541848 0.115546 0.540761 0.119981 0.541123 0.123249 0.540580 0.155229 0.541123 0.178338 0.545833 0.179739 0.544928 0.179972 0.543116 0.174837 0.536594 0.167367 0.524638 0.156629 0.505254 0.151027 0.492572 0.137021 0.485326 0.129552 0.476993 0.126050 0.475362 0.123249 0.475725 0.121382 0.476993 0.109244 0.481159 0.085201 0.497645 0.067227 0.507428 0.060224 0.512138 0.058123 0.516304 0.049953 0.525362 0.042484 0.536413 0.038515 0.545471 0.035948 0.548913 0.032680 0.557790 0.030345 0.567572
1 0.001867 0.592029 0.000000 0.592210 0.000000 0.765399 0.004435 0.765580 0.011905 0.764855 0.015173 0.761957 0.020308 0.760326 0.022642 0.758696 0.032913 0.756884 0.037582 0.754529 0.051821 0.749457 0.057890 0.745833 0.071429 0.740761 0.083800 0.734058 0.087768 0.730978 0.096639 0.726993 0.102241 0.725362 0.129318 0.710507 0.144491 0.701268 0.164799 0.686594 0.171802 0.681159 0.186741 0.666667 0.207750 0.638768 0.212652 0.630254 0.220355 0.612681 0.221989 0.601993 0.221989 0.594384 0.220822 0.588587 0.218021 0.580978 0.213352 0.573732 0.182073 0.548732 0.172035 0.545471 0.153361 0.541848 0.145191 0.541304 0.135154 0.541667 0.128151 0.540942 0.117414 0.541486 0.081933 0.548913 0.068394 0.553623 0.054622 0.560145 0.050187 0.561232 0.042951 0.564674 0.022642 0.575181 0.012372 0.582246 0.001867 0.592029
1 0.221755 0.581522 0.223856 0.596920 0.222456 0.616667 0.224556 0.630254 0.226891 0.638043 0.230626 0.646196 0.241363 0.657790 0.240430 0.661413 0.242764 0.661957 0.246732 0.664855 0.256303 0.668116 0.272642 0.678804 0.280579 0.682971 0.293184 0.692572 0.296919 0.692029 0.300654 0.693478 0.305789 0.694022 0.317927 0.693841 0.331466 0.691848 0.336368 0.690036 0.343838 0.685870 0.352941 0.678986 0.358077 0.671739 0.360411 0.664493 0.359477 0.661232 0.356443 0.660507 0.355042 0.659420 0.344771 0.649094 0.337302 0.640217 0.330299 0.628623 0.325397 0.616486 0.323996 0.611413 0.323996 0.605435 0.321895 0.598913 0.320261 0.582971 0.320028 0.573732 0.322596 0.557971 0.321429 0.555072 0.317460 0.557609 0.311158 0.564130 0.297852 0.572645 0.278245 0.579891 0.259337 0.583514 0.238329 0.582971 0.223856 0.580435 0.222456 0.580978 0.221755 0.581522
1 0.443978 0.657609 0.444211 0.659601 0.449113 0.668659 0.452614 0.671739 0.456583 0.674275 0.467554 0.676993 0.468254 0.678623 0.472222 0.679891 0.475257 0.682246 0.480159 0.684420 0.480859 0.685688 0.487862 0.688043 0.492997 0.691667 0.496965 0.696196 0.500233 0.698188 0.501634 0.700362 0.503735 0.700181 0.509104 0.704348 0.508403 0.706884 0.509804 0.710145 0.512138 0.712319 0.522642 0.715217 0.525677 0.717391 0.531046 0.716667 0.534080 0.715036 0.536415 0.715942 0.536881 0.713225 0.534080 0.709601 0.533380 0.706522 0.531513 0.704529 0.529645 0.699638 0.526144 0.697886 0.522876 0.685507 0.521008 0.683152 0.517974 0.673551 0.515406 0.659420 0.513305 0.655978 0.512838 0.652536 0.514006 0.637138 0.516807 0.618659 0.524043 0.595652 0.522876 0.593841 0.518908 0.595471 0.517040 0.598188 0.457283 0.646739 0.446078 0.654529 0.443978 0.657609
1 0.512372 0.828261 0.515406 0.859783 0.520308 0.882609 0.523810 0.894022 0.527311 0.901087 0.529412 0.907971 0.536648 0.921558 0.547852 0.936775 0.563725 0.953080 0.568861 0.957428 0.574463 0.960688 0.578665 0.962138 0.582866 0.964855 0.589869 0.966667 0.594304 0.968659 0.612512 0.971739 0.623483 0.971739 0.629318 0.972464 0.643091 0.971196 0.653595 0.967754 0.672269 0.960688 0.683007 0.953986 0.699813 0.940580 0.710551 0.929710 0.716853 0.921196 0.723856 0.910145 0.727824 0.901087 0.732493 0.883696 0.734594 0.870109 0.734360 0.848913 0.721989 0.759058 0.720588 0.755978 0.716853 0.757428 0.710551 0.767935 0.707983 0.769746 0.698413 0.773732 0.691643 0.775725 0.675070 0.777536 0.654062 0.776449 0.633987 0.772464 0.622316 0.769203 0.598506 0.760326 0.595705 0.758333 0.588469 0.755254 0.582166 0.750725 0.573996 0.746196 0.559057 0.734964 0.546685 0.723007 0.543417 0.722826 0.536415 0.729891 0.526611 0.744022 0.520308 0.758514 0.517040 0.768659 0.512138 0.799638 0.512372 0.828261
1 0.724556 0.751630 0.724790 0.762681 0.725957 0.766123 0.727824 0.790036 0.729225 0.794746 0.729225 0.802899 0.737162 0.845471 0.744398 0.876087 0.753501 0.904891 0.760271 0.921920 0.761905 0.929891 0.768207 0.942935 0.772409 0.948188 0.787815 0.955435 0.799953 0.959058 0.811858 0.959601 0.822596 0.959058 0.827965 0.959964 0.838002 0.958333 0.853175 0.954529 0.855742 0.953080 0.862745 0.951812 0.879552 0.946558 0.887722 0.942572 0.906396 0.930978 0.922035 0.915942 0.930205 0.904529 0.939076 0.888587 0.943744 0.876630 0.947246 0.862862 0.950747 0.845833 0.953548 0.821558 0.952614 0.792210 0.949346 0.773007 0.941643 0.744565 0.935808 0.730978 0.931139 0.723188 0.928805 0.719928 0.925070 0.717210 0.920401 0.719565 0.907796 0.728442 0.901494 0.730435 0.894491 0.734783 0.880486 0.739493 0.876284 0.740036 0.873249 0.741486 0.849440 0.744565 0.824230 0.742935 0.814192 0.740580 0.810924 0.738406 0.807423 0.737500 0.805789 0.736051 0.799720 0.734420 0.797852 0.730616 0.793417 0.730072 0.792484 0.728442 0.782680 0.720290 0.776377 0.709420 0.773343 0.706159 0.767974 0.694022 0.765406 0.692029 0.763305 0.691667 0.758637 0.693297 0.744631 0.704891 0.736695 0.717029 0.724556 0.751630
1 0.946779 0.755435 0.948880 0.762138 0.955649 0.796558 0.955415 0.827899 0.954482 0.838768 0.956349 0.863406 0.967320 0.889493 0.975257 0.914855 0.980859 0.928442 0.991130 0.946739 0.997899 0.955797 0.999767 0.955978 0.999767 0.692754 0.994631 0.692754 0.991363 0.693659 0.980159 0.699094 0.969655 0.707065 0.963585 0.712862 0.955649 0.722826 0.950980 0.731159 0.947012 0.748188 0.946779 0.755435
1 0.950747 0.564130 0.952381 0.574457 0.956583 0.591848 0.958450 0.596014 0.963119 0.619384 0.961251 0.651268 0.972689 0.664493 0.980392 0.671739 0.998133 0.685326 0.999767 0.685326 0.999767 0.564130 0.994398 0.564674 0.992063 0.563768 0.982493 0.562500 0.963352 0.557065 0.956583 0.555978 0.954015 0.557065 0.951681 0.560688 0.950747 0.564130
1 0.737162 0.602355 0.743697 0.629710 0.746265 0.633696 0.749300 0.645290 0.755602 0.657428 0.763539 0.682065 0.767274 0.689493 0.767974 0.692754 0.777311 0.710507 0.782446 0.718116 0.788282 0.724638 0.800654 0.733877 0.804155 0.735145 0.810224 0.739312 0.824463 0.742572 0.846405 0.743659 0.862278 0.742391 0.887722 0.736413 0.897292 0.732609 0.915500 0.721920 0.925303 0.713949 0.936041 0.701268 0.944678 0.689312 0.948646 0.682065 0.957283 0.661232 0.959150 0.654348 0.961951 0.633696 0.960784 0.612681 0.957750 0.598370 0.947712 0.567935 0.942577 0.557609 0.937208 0.549275 0.927638 0.543297 0.917600 0.538949 0.897876 0.525272 0.883287 0.513043 0.880252 0.508877 0.869748 0.499638 0.865780 0.497645 0.852241 0.494384 0.836134 0.494746 0.831466 0.496377 0.830299 0.497826 0.831232 0.511413 0.830532 0.514493 0.831232 0.525543 0.830532 0.530797 0.832166 0.539493 0.831466 0.542572 0.832633 0.546196 0.832166 0.553986 0.828898 0.565217 0.827264 0.568116 0.823763 0.571377 0.803688 0.582428 0.789916 0.587319 0.783147 0.588949 0.771709 0.590399 0.747899 0.590942 0.737862 0.591667 0.737162 0.592572 0.737162 0.602355
1 0.514706 0.653442 0.521709 0.681703 0.527544 0.695109 0.533147 0.702717 0.538282 0.712500 0.550654 0.727174 0.563959 0.738406 0.577965 0.748370 0.581232 0.749457 0.598973 0.760507 0.605509 0.763406 0.609244 0.763768 0.619748 0.767754 0.622549 0.768116 0.627684 0.770652 0.647059 0.774819 0.660131 0.776630 0.675070 0.777174 0.693511 0.774638 0.708217 0.768659 0.713585 0.761957 0.717554 0.754348 0.721989 0.749457 0.728992 0.734058 0.734594 0.717391 0.736461 0.702717 0.737628 0.678442 0.740663 0.647464 0.739729 0.626449 0.734594 0.606703 0.726190 0.591304 0.722222 0.589493 0.695378 0.581884 0.685808 0.577717 0.677638 0.575362 0.671569 0.572283 0.661531 0.566848 0.648226 0.557971 0.630486 0.542391 0.624650 0.538949 0.613912 0.537138 0.609477 0.535507 0.595005 0.536594 0.578665 0.541667 0.569795 0.545471 0.563259 0.550725 0.558123 0.559058 0.551120 0.562500 0.536181 0.578623 0.531279 0.585688 0.525444 0.591848 0.526377 0.595833 0.524743 0.597645 0.523810 0.601812 0.520075 0.609783 0.517507 0.619746 0.515640 0.632971 0.514706 0.653442
1 0.444211 0.075725 0.444444 0.078080 0.442942 0.081627 0.451722 0.080322 0.460316 0.079307 0.468162 0.080467 0.473019 0.080902 0.477876 0.077712 0.478623 0.073073 0.476008 0.066693 0.472645 0.064229 0.472832 0.060169 0.479371 0.058429 0.484415 0.063069 0.486843 0.074523 0.487778 0.081192 0.493382 0.085687 0.512605 0.092572 0.519141 0.096739 0.525210 0.102717 0.531513 0.112319 0.538282 0.126993 0.541317 0.141123 0.543184 0.144928 0.553455 0.143478 0.560458 0.140217 0.570728 0.130254 0.575397 0.124275 0.582166 0.109058 0.584967 0.094022 0.584967 0.084058 0.583100 0.074275 0.578665 0.063225 0.565593 0.045652 0.559524 0.039493 0.553688 0.034964 0.541783 0.027717 0.532913 0.024275 0.520308 0.022101 0.509337 0.021739 0.487628 0.025000 0.478058 0.027899 0.466853 0.033696 0.456816 0.043116 0.450747 0.050362 0.445612 0.064130 0.444211 0.075725
1 0.059991 0.747464 0.052754 0.749275 0.000000 0.766848 0.000000 0.911594 0.001634 0.911594 0.005602 0.908152 0.013772 0.898007 0.058123 0.852536 0.068627 0.839493 0.071895 0.832790 0.073063 0.827899 0.075397 0.794928 0.077498 0.779348 0.084967 0.749638 0.085201 0.744565 0.082166 0.738768 0.077965 0.739312 0.059991 0.747464