0 0.307190 0.443277 0.306256 0.446078 0.306956 0.449230 0.305556 0.466036 0.304855 0.507878 0.302521 0.539041 0.307890 0.581758 0.309524 0.584909 0.311858 0.595238 0.317227 0.601541 0.317460 0.613445 0.320962 0.627976 0.329599 0.650560 0.333333 0.654237 0.334967 0.664391 0.348273 0.685749 0.353408 0.692577 0.359477 0.696429 0.365780 0.706583 0.373950 0.711134 0.374883 0.713235 0.382120 0.719713 0.387021 0.722689 0.394024 0.728466 0.399627 0.731092 0.402428 0.734419 0.411064 0.737045 0.413399 0.736870 0.416433 0.739146 0.416433 0.741071 0.418768 0.744398 0.425770 0.746148 0.428571 0.748074 0.434641 0.749825 0.442810 0.750875 0.444911 0.754202 0.448646 0.756653 0.460551 0.760854 0.547386 0.776261 0.550187 0.777486 0.567694 0.778011 0.570962 0.779062 0.575163 0.779062 0.585668 0.780812 0.595472 0.780112 0.597106 0.778711 0.599984 0.777836 0.619514 0.776961 0.634454 0.773284 0.639122 0.771534 0.640523 0.770308 0.644024 0.769958 0.647759 0.767157 0.659897 0.762080 0.668067 0.756127 0.671802 0.755252 0.672736 0.753501 0.680283 0.748891 0.691643 0.739321 0.699580 0.727941 0.706583 0.712710 0.707983 0.706057 0.710084 0.703081 0.710317 0.699405 0.711718 0.696429 0.712418 0.685574 0.714286 0.678746 0.715686 0.668067 0.716387 0.654412 0.714519 0.651611 0.714753 0.643908 0.717554 0.640581 0.720121 0.630427 0.721755 0.613095 0.721522 0.609594 0.719888 0.606092 0.720822 0.602066 0.719655 0.598739 0.721755 0.589286 0.724323 0.585259 0.724556 0.580707 0.726891 0.574580 0.728291 0.563200 0.732026 0.550770 0.737628 0.514706 0.737862 0.501225 0.736228 0.498950 0.735994 0.491246 0.737395 0.488095 0.737162 0.476891 0.738796 0.467437 0.738796 0.459034 0.736928 0.446078 0.733427 0.435924 0.727591 0.411415 0.725023 0.407213 0.724556 0.400910 0.721055 0.396183 0.720355 0.392157 0.711018 0.369748 0.682306 0.325280 0.672269 0.316527 0.656162 0.300245 0.651727 0.297619 0.644258 0.291141 0.640990 0.286415 0.637722 0.284839 0.629318 0.278186 0.620448 0.272409 0.612745 0.268557 0.603641 0.262080 0.588469 0.255602 0.584967 0.255077 0.580999 0.252626 0.560458 0.246148 0.533380 0.242122 0.504902 0.241597 0.484594 0.244223 0.473856 0.246324 0.449346 0.254727 0.445378 0.257528 0.435341 0.261380 0.430906 0.263831 0.426937 0.264881 0.422736 0.267857 0.413632 0.272059 0.407796 0.275735 0.403828 0.276436 0.400794 0.273810 0.397526 0.275560 0.394958 0.280462 0.391923 0.282913 0.383754 0.285189 0.374883 0.293592 0.364146 0.301120 0.355042 0.309874 0.348506 0.314251 0.344304 0.321078 0.331466 0.335959 0.327498 0.341912 0.315593 0.371499 0.314192 0.380777 0.309757 0.394783 0.308357 0.403887 0.306489 0.437850 0.307190 0.443277
1 0.648926 0.287115 0.654062 0.293417 0.663165 0.300945 0.664799 0.303746 0.671335 0.310749 0.677871 0.314426 0.679272 0.317402 0.685808 0.323354 0.690476 0.331583 0.700980 0.345763 0.703081 0.351891 0.706349 0.354692 0.709851 0.361695 0.711251 0.362745 0.729925 0.400910 0.730392 0.408263 0.732026 0.411064 0.734127 0.421919 0.738796 0.435924 0.739963 0.442752 0.742297 0.446078 0.742530 0.450105 0.744631 0.457283 0.748133 0.461485 0.768441 0.463235 0.782913 0.462885 0.785481 0.462010 0.789916 0.462710 0.799720 0.461310 0.807656 0.461134 0.831232 0.456933 0.842204 0.453782 0.970121 0.409314 0.975257 0.406688 0.977358 0.406513 0.982026 0.403711 0.992764 0.401261 0.994865 0.399160 0.997432 0.390756 0.996732 0.376225 0.997899 0.365546 0.999767 0.364496 0.999767 0.077381 0.994631 0.076856 0.989029 0.078606 0.980159 0.079307 0.957049 0.088060 0.952848 0.088585 0.933707 0.094013 0.928338 0.098039 0.925537 0.096989 0.921102 0.098039 0.853641 0.125350 0.845705 0.130252 0.829365 0.137080 0.824697 0.140756 0.806723 0.148634 0.799720 0.150385 0.792717 0.155462 0.774743 0.163340 0.765873 0.169993 0.758637 0.173494 0.751167 0.178922 0.737162 0.186625 0.730859 0.188901 0.703081 0.208508 0.692577 0.216912 0.689076 0.221113 0.686741 0.225840 0.682773 0.230217 0.678805 0.232843 0.675770 0.239846 0.663399 0.251751 0.653595 0.268382 0.649627 0.272409 0.648693 0.276436 0.648926 0.287115
1 0.527311 0.987745 0.529412 0.995798 0.531746 0.999825 0.999767 0.999825 0.999767 0.806197 0.994631 0.806373 0.984827 0.811800 0.980859 0.812675 0.977124 0.814951 0.949580 0.824930 0.935574 0.827906 0.911765 0.829307 0.896825 0.828431 0.887255 0.826681 0.883520 0.826681 0.876050 0.825280 0.873716 0.823529 0.836601 0.808824 0.833567 0.806723 0.827498 0.804447 0.816527 0.796043 0.810691 0.793242 0.803455 0.787990 0.794118 0.783263 0.789916 0.778711 0.782680 0.775035 0.779178 0.774160 0.773810 0.775385 0.756069 0.787290 0.729225 0.810924 0.720588 0.815126 0.711018 0.823704 0.699580 0.831057 0.691410 0.838410 0.689309 0.841387 0.678805 0.845238 0.674603 0.848389 0.649160 0.862745 0.641923 0.867997 0.630252 0.873074 0.619281 0.880252 0.605742 0.886730 0.594304 0.895833 0.584734 0.905637 0.576331 0.912465 0.569094 0.921394 0.562558 0.927521 0.557190 0.934874 0.549253 0.942577 0.538749 0.956408 0.532213 0.967437 0.528245 0.980567 0.527311 0.987745
1 0.191643 0.275910 0.193277 0.278711 0.193511 0.281162 0.192810 0.297094 0.191410 0.300945 0.190476 0.313725 0.191176 0.331408 0.192577 0.334384 0.193044 0.342262 0.196545 0.355567 0.200280 0.363095 0.202381 0.370798 0.205649 0.376751 0.206349 0.379902 0.214286 0.390056 0.216387 0.394783 0.220355 0.398284 0.223623 0.403536 0.230859 0.410714 0.251634 0.428571 0.275444 0.443978 0.288282 0.449580 0.296685 0.452031 0.300420 0.455007 0.302054 0.453431 0.302988 0.450280 0.303688 0.442402 0.302521 0.428571 0.305089 0.417192 0.306489 0.397059 0.313259 0.373249 0.315359 0.362745 0.318161 0.358894 0.322596 0.345413 0.328898 0.334559 0.341970 0.319503 0.346405 0.312325 0.376050 0.287990 0.383754 0.282913 0.388422 0.280812 0.391690 0.278186 0.393557 0.275035 0.397526 0.272059 0.400093 0.271008 0.404062 0.267682 0.410831 0.264706 0.414332 0.262255 0.417834 0.261204 0.420868 0.261204 0.425303 0.263305 0.442577 0.256478 0.449580 0.251576 0.458917 0.248074 0.467087 0.246499 0.475023 0.244048 0.491597 0.241597 0.495565 0.240196 0.504902 0.238620 0.543651 0.240546 0.567694 0.245098 0.574697 0.247724 0.580065 0.244748 0.579132 0.241071 0.580065 0.238620 0.581466 0.237745 0.580065 0.235119 0.581232 0.230742 0.580065 0.228116 0.579832 0.223739 0.574463 0.214636 0.570028 0.209209 0.565126 0.206232 0.561158 0.199755 0.558590 0.191877 0.546919 0.179447 0.543651 0.178221 0.539449 0.174895 0.526377 0.168067 0.521709 0.166492 0.508403 0.157038 0.484360 0.142682 0.474790 0.139006 0.465453 0.137255 0.456349 0.133578 0.425537 0.126225 0.411998 0.124825 0.397059 0.125525 0.387955 0.127101 0.380252 0.127276 0.362745 0.130952 0.335201 0.140056 0.324697 0.142157 0.303922 0.150385 0.286648 0.155987 0.274510 0.162640 0.256536 0.170518 0.251401 0.173845 0.225724 0.193102 0.216853 0.202206 0.212185 0.208683 0.199580 0.233894 0.193044 0.258578 0.192577 0.266457 0.191410 0.269083 0.191643 0.275910
1 0.000000 0.000000 0.000000 0.223739 0.001867 0.224790 0.001867 0.227416 0.004435 0.230042 0.014006 0.237745 0.024977 0.242997 0.034080 0.249475 0.036415 0.252276 0.043184 0.255252 0.049953 0.259629 0.054622 0.261730 0.063959 0.264356 0.073996 0.265056 0.088235 0.269433 0.111578 0.271884 0.124183 0.271884 0.144258 0.269433 0.145658 0.268908 0.146359 0.266807 0.149393 0.265581 0.154528 0.265581 0.157796 0.264356 0.167367 0.263130 0.178805 0.259279 0.185574 0.256127 0.186975 0.255077 0.187675 0.251926 0.190476 0.248424 0.190943 0.244573 0.193044 0.240896 0.194678 0.234244 0.199346 0.227241 0.203315 0.216912 0.206116 0.213410 0.209150 0.206758 0.215920 0.199580 0.218954 0.195028 0.234127 0.183473 0.241130 0.175420 0.266807 0.161415 0.276144 0.158613 0.284314 0.153186 0.293417 0.148634 0.306022 0.144433 0.310458 0.143732 0.328198 0.135854 0.331466 0.135329 0.343137 0.128151 0.348739 0.126926 0.352241 0.123950 0.353175 0.120098 0.359010 0.111695 0.363212 0.098915 0.362979 0.095063 0.366246 0.088410 0.369281 0.071779 0.373950 0.057423 0.374416 0.051296 0.374416 0.042542 0.373016 0.032563 0.366246 0.009629 0.362045 0.005077 0.360177 0.000000 0.000000 0.000000
1 0.696312 0.182248 0.697479 0.189251 0.701447 0.202556 0.703315 0.203782 0.720355 0.193627 0.726190 0.188725 0.744164 0.180322 0.750934 0.175420 0.756769 0.172969 0.770075 0.163690 0.779412 0.158613 0.782680 0.157738 0.797386 0.149160 0.811158 0.144083 0.818161 0.140581 0.824697 0.135854 0.827498 0.135329 0.833333 0.132353 0.838936 0.130602 0.851774 0.123599 0.893091 0.106618 0.907796 0.102591 0.918301 0.097514 0.921335 0.097164 0.925303 0.098739 0.926937 0.095413 0.930906 0.093838 0.983427 0.077206 0.991830 0.075630 0.997899 0.073179 0.999767 0.073179 0.999767 0.000000 0.855042 0.000000 0.794351 0.028361 0.792484 0.028186 0.788515 0.034489 0.786881 0.035014 0.779412 0.034839 0.775210 0.036239 0.776844 0.039391 0.763072 0.064251 0.760271 0.065301 0.751867 0.078081 0.746499 0.083508 0.734594 0.101891 0.729692 0.104867 0.719655 0.119923 0.716387 0.126926 0.713585 0.129902 0.711018 0.136204 0.707750 0.140231 0.706116 0.148109 0.702148 0.154587 0.697246 0.172794 0.696312 0.182248
1 0.745331 0.603291 0.737162 0.633403 0.738329 0.637255 0.736695 0.640406 0.736461 0.643908 0.733427 0.647409 0.734360 0.678746 0.735761 0.681373 0.735294 0.686099 0.737628 0.696254 0.739729 0.699055 0.742530 0.708158 0.744865 0.719713 0.751634 0.734594 0.753735 0.735994 0.758637 0.746499 0.775910 0.764181 0.810458 0.789916 0.834967 0.805322 0.845705 0.810574 0.856909 0.814251 0.863212 0.817577 0.869281 0.819678 0.887021 0.823004 0.893791 0.824930 0.911064 0.826856 0.936041 0.824930 0.963119 0.817752 0.971522 0.813901 0.978058 0.811800 0.994164 0.803922 0.997899 0.799020 0.999767 0.798845 0.999767 0.417717 0.998133 0.417717 0.994631 0.413866 0.991830 0.414566 0.987628 0.414391 0.984594 0.415791 0.980159 0.415266 0.973389 0.416141 0.952381 0.421043 0.924837 0.429097 0.916200 0.432948 0.901961 0.437500 0.891457 0.441877 0.886555 0.445028 0.871849 0.451155 0.865780 0.455007 0.855976 0.456583 0.848739 0.461835 0.838469 0.466912 0.836368 0.469538 0.831699 0.471464 0.815359 0.484244 0.811391 0.490021 0.805322 0.494923 0.802988 0.498775 0.800187 0.501050 0.798786 0.504552 0.789683 0.514356 0.784547 0.522409 0.780579 0.531513 0.776377 0.536064 0.770075 0.547444 0.767507 0.550245 0.766573 0.553396 0.757470 0.566176 0.751867 0.578431 0.749767 0.588410 0.747432 0.591737 0.745331 0.603291
1 0.084500 0.665441 0.085901 0.675070 0.089636 0.678046 0.097106 0.689076 0.101074 0.692577 0.106209 0.695903 0.129552 0.706408 0.143091 0.710784 0.164332 0.715511 0.176237 0.719713 0.188842 0.722864 0.195612 0.723039 0.213352 0.725315 0.246499 0.725840 0.256069 0.725315 0.261905 0.724440 0.265173 0.723214 0.272409 0.722514 0.282913 0.719013 0.290616 0.717262 0.297386 0.714461 0.325163 0.699930 0.336134 0.692927 0.340103 0.689251 0.341970 0.685574 0.339402 0.678571 0.334267 0.671043 0.328898 0.656338 0.325864 0.651786 0.322596 0.640581 0.318861 0.632178 0.305089 0.582108 0.302521 0.564776 0.300187 0.537290 0.302521 0.497024 0.302521 0.459559 0.300420 0.457458 0.296685 0.455532 0.269141 0.442927 0.257937 0.436625 0.251634 0.431548 0.244631 0.429272 0.242530 0.429797 0.229925 0.434524 0.214286 0.442402 0.186508 0.463060 0.180672 0.468312 0.170635 0.479692 0.160831 0.493697 0.150093 0.506127 0.140523 0.520833 0.136088 0.525910 0.135387 0.529237 0.126284 0.542017 0.123716 0.546919 0.119048 0.551996 0.116246 0.559524 0.111578 0.567577 0.109711 0.574230 0.107376 0.577906 0.088936 0.633403 0.088469 0.637080 0.086835 0.640056 0.084734 0.651961 0.084500 0.665441
1 0.001867 0.322479 0.000000 0.322654 0.000000 0.451681 0.001867 0.452031 0.003501 0.456583 0.010504 0.464111 0.026377 0.473915 0.035948 0.476541 0.046685 0.480917 0.077965 0.486520 0.084967 0.485994 0.106443 0.481968 0.112979 0.479517 0.116013 0.479167 0.151027 0.465511 0.169001 0.456057 0.183240 0.449930 0.194444 0.442752 0.195845 0.440651 0.201914 0.436800 0.210084 0.429097 0.224790 0.418242 0.225957 0.415441 0.225724 0.411239 0.215453 0.399335 0.209851 0.389881 0.202148 0.379727 0.191877 0.354342 0.188609 0.342437 0.186741 0.325980 0.186741 0.302346 0.187908 0.288165 0.187208 0.279412 0.185574 0.276611 0.179972 0.273459 0.175070 0.268908 0.160831 0.268382 0.140756 0.273109 0.125817 0.275035 0.091503 0.273284 0.068394 0.267507 0.055789 0.267507 0.050187 0.269258 0.027544 0.289041 0.011438 0.306548 0.005836 0.314076 0.001867 0.322479
1 0.460551 0.029412 0.462652 0.035889 0.465920 0.040091 0.469188 0.040441 0.477358 0.043417 0.482960 0.044468 0.484127 0.045343 0.486461 0.045343 0.490663 0.047619 0.513679 0.055602 0.526611 0.064426 0.536648 0.073004 0.542017 0.076155 0.543184 0.078256 0.546685 0.080882 0.567694 0.089461 0.571429 0.089636 0.572362 0.091912 0.574463 0.092612 0.577965 0.092262 0.581232 0.093487 0.595472 0.093662 0.596872 0.091387 0.605042 0.087360 0.609477 0.088060 0.620215 0.086134 0.626751 0.088410 0.628151 0.086835 0.633053 0.085259 0.637255 0.086134 0.641923 0.085084 0.650794 0.082108 0.654062 0.078782 0.658964 0.075630 0.664799 0.074580 0.666667 0.073179 0.669701 0.072304 0.682073 0.071078 0.686741 0.068803 0.697712 0.060749 0.707983 0.051821 0.723856 0.042367 0.728058 0.038690 0.741363 0.031688 0.753968 0.020833 0.774743 0.006127 0.777311 0.002101 0.777544 0.000000 0.472456 0.000000 0.472456 0.001576 0.468021 0.009279 0.465219 0.012080 0.464986 0.014531 0.461251 0.019083 0.460784 0.021709 0.460551 0.029412
1 0.338936 0.817577 0.344304 0.844888 0.346872 0.852241 0.356676 0.873074 0.361111 0.877626 0.368114 0.887780 0.376284 0.897409 0.390289 0.912115 0.395425 0.916141 0.398226 0.921043 0.405696 0.928746 0.428338 0.942927 0.436275 0.946954 0.448880 0.949930 0.453081 0.950105 0.458917 0.948880 0.467554 0.948179 0.488562 0.943452 0.505602 0.937150 0.508870 0.935049 0.518441 0.933298 0.541783 0.923494 0.560458 0.910539 0.570962 0.905812 0.574463 0.906162 0.578198 0.904062 0.589169 0.893207 0.592904 0.890581 0.609244 0.881478 0.616246 0.876225 0.623016 0.873424 0.630019 0.868873 0.636788 0.866422 0.658030 0.853641 0.663399 0.849090 0.668301 0.847164 0.679272 0.839636 0.699580 0.824405 0.701447 0.820903 0.712185 0.811275 0.716853 0.803922 0.722222 0.798669 0.724790 0.793417 0.725957 0.787465 0.729225 0.782913 0.729925 0.779412 0.734360 0.776261 0.742530 0.762080 0.744164 0.754027 0.748599 0.742297 0.748366 0.737745 0.744631 0.731618 0.736461 0.709734 0.728758 0.696078 0.727358 0.694853 0.724556 0.695378 0.720355 0.692577 0.716620 0.699055 0.714519 0.706232 0.711485 0.709734 0.707750 0.716562 0.707283 0.720763 0.704949 0.724265 0.701914 0.734069 0.694911 0.742297 0.678571 0.755602 0.675070 0.756828 0.658108 0.766923 0.633520 0.776786 0.619514 0.779762 0.609244 0.780812 0.595472 0.783613 0.584734 0.784314 0.554155 0.780637 0.543651 0.777836 0.535014 0.776786 0.512605 0.772059 0.498133 0.769608 0.490663 0.769608 0.484127 0.767507 0.476657 0.767332 0.467087 0.764356 0.456583 0.762605 0.447712 0.758578 0.434174 0.754377 0.428805 0.751576 0.415966 0.746849 0.406629 0.741422 0.403128 0.737745 0.397993 0.735294 0.392390 0.730742 0.382820 0.725140 0.373249 0.717612 0.369514 0.716211 0.363445 0.727766 0.360878 0.730742 0.360177 0.734244 0.357376 0.738095 0.354575 0.744398 0.343137 0.785189 0.340803 0.789741 0.339169 0.800245 0.338936 0.817577