0 0.264706 0.498074 0.265873 0.502451 0.274977 0.515756 0.290850 0.528361 0.299953 0.533964 0.306956 0.536765 0.323063 0.540966 0.333800 0.542542 0.341970 0.545343 0.345238 0.545693 0.362278 0.550420 0.376284 0.551296 0.404528 0.547969 0.414799 0.544643 0.432306 0.542017 0.456349 0.535714 0.468021 0.534314 0.491130 0.527836 0.495098 0.525385 0.505135 0.521884 0.514706 0.516457 0.523109 0.509804 0.530812 0.504902 0.547386 0.487045 0.549020 0.484069 0.549720 0.478992 0.547619 0.471639 0.539216 0.459209 0.533147 0.453256 0.518908 0.442402 0.512372 0.439076 0.488095 0.429797 0.470355 0.425420 0.449113 0.422619 0.418067 0.421394 0.404062 0.422269 0.384454 0.424895 0.372549 0.425245 0.357143 0.427521 0.342904 0.428046 0.327731 0.430147 0.318161 0.432423 0.296685 0.439251 0.293184 0.440826 0.275210 0.453256 0.273109 0.460259 0.268441 0.466912 0.264706 0.480042 0.264706 0.498074
0 0.571662 0.557423 0.579132 0.573529 0.580299 0.578081 0.582400 0.581758 0.591270 0.589636 0.623249 0.600840 0.630252 0.600665 0.633287 0.601716 0.639823 0.602066 0.655618 0.601716 0.670168 0.603466 0.682306 0.603817 0.695845 0.601366 0.708217 0.601366 0.720355 0.600140 0.733894 0.597689 0.741830 0.595238 0.750233 0.594188 0.769141 0.589636 0.788049 0.583683 0.798786 0.579307 0.810691 0.576155 0.821195 0.571078 0.824463 0.570553 0.838469 0.564776 0.852474 0.556548 0.866713 0.544293 0.871849 0.535889 0.873249 0.529062 0.872082 0.522409 0.869981 0.520308 0.865546 0.511905 0.860411 0.507178 0.848973 0.499300 0.838469 0.494923 0.810691 0.487920 0.784314 0.485294 0.760037 0.483894 0.722456 0.484769 0.693978 0.487395 0.685574 0.489846 0.672035 0.492122 0.661531 0.495973 0.644024 0.499825 0.626517 0.504902 0.616480 0.508578 0.602241 0.515056 0.592204 0.520483 0.585901 0.525035 0.581232 0.529237 0.576097 0.535714 0.572829 0.541842 0.571662 0.546043 0.571662 0.557423
0 0.240896 0.641106 0.242764 0.652136 0.244398 0.655812 0.251167 0.665266 0.258637 0.671919 0.277077 0.682248 0.284080 0.685574 0.300187 0.691001 0.307190 0.694503 0.312092 0.695553 0.314192 0.696779 0.327965 0.700980 0.355976 0.706583 0.376517 0.708683 0.397292 0.709909 0.415500 0.709209 0.420635 0.707808 0.442577 0.705707 0.467320 0.700280 0.473856 0.698354 0.484360 0.693627 0.488562 0.690301 0.496732 0.686625 0.504435 0.681548 0.509337 0.676821 0.515873 0.672094 0.525910 0.656688 0.531279 0.639881 0.531046 0.633578 0.529645 0.630077 0.526377 0.624475 0.521242 0.618873 0.513072 0.611520 0.498133 0.604167 0.477358 0.598739 0.473856 0.596814 0.376984 0.576506 0.356209 0.574230 0.344538 0.573880 0.328198 0.574580 0.311858 0.577206 0.303455 0.577556 0.280812 0.584909 0.272409 0.589986 0.260971 0.598915 0.254669 0.605742 0.244631 0.622199 0.241130 0.633403 0.240896 0.641106
0 0.111811 0.394083 0.112745 0.404587 0.115780 0.411590 0.120448 0.418067 0.129318 0.425420 0.147526 0.433648 0.163866 0.436275 0.198880 0.439251 0.224090 0.439951 0.240663 0.438901 0.255369 0.439076 0.276377 0.437325 0.285714 0.435924 0.290149 0.433473 0.303221 0.431197 0.310224 0.429272 0.327965 0.427171 0.331933 0.426120 0.345938 0.420868 0.350140 0.418242 0.352474 0.417892 0.363445 0.411590 0.370682 0.408438 0.390990 0.393557 0.403595 0.376926 0.408964 0.366772 0.410131 0.362745 0.410598 0.355392 0.409430 0.348915 0.404295 0.344363 0.380019 0.335084 0.345938 0.326681 0.337068 0.325805 0.327498 0.323704 0.303455 0.320203 0.286648 0.316702 0.283147 0.317577 0.268441 0.316877 0.261905 0.315651 0.252334 0.315651 0.248366 0.314601 0.234360 0.315826 0.223156 0.315476 0.220355 0.314251 0.213585 0.317052 0.209150 0.317052 0.205649 0.318277 0.199580 0.318803 0.181606 0.324405 0.175070 0.326856 0.162932 0.332983 0.151027 0.340161 0.139823 0.349090 0.126517 0.362395 0.116013 0.379202 0.112979 0.387780 0.111811 0.394083
0 0.205882 0.256478 0.204015 0.258578 0.206349 0.260504 0.208217 0.259629 0.211251 0.261730 0.211718 0.265231 0.215219 0.271008 0.224323 0.278361 0.233660 0.283438 0.237395 0.284489 0.241130 0.286940 0.255836 0.290791 0.265873 0.295168 0.275910 0.297969 0.279645 0.298144 0.282913 0.299545 0.286181 0.299720 0.313959 0.306373 0.361111 0.309699 0.385387 0.309349 0.408030 0.307073 0.415733 0.304447 0.427171 0.299020 0.450047 0.290966 0.461018 0.279587 0.464986 0.272934 0.465686 0.269083 0.464986 0.259454 0.461485 0.251576 0.455415 0.244923 0.442577 0.236695 0.429505 0.229517 0.423436 0.227416 0.415266 0.223214 0.374416 0.209034 0.352474 0.203081 0.332166 0.199405 0.304855 0.197654 0.279178 0.199230 0.265640 0.201331 0.242997 0.207808 0.230859 0.214111 0.219188 0.223564 0.214286 0.230742 0.212885 0.235469 0.211251 0.237745 0.205882 0.256478
0 0.200280 0.157738 0.203081 0.174895 0.205182 0.179447 0.218021 0.194153 0.220121 0.195903 0.224323 0.196954 0.227124 0.201331 0.241363 0.205882 0.247666 0.205357 0.258403 0.202031 0.275444 0.198704 0.288515 0.197479 0.309804 0.197129 0.341270 0.199055 0.343838 0.196078 0.346172 0.195203 0.352007 0.194328 0.366480 0.188725 0.372782 0.187500 0.390523 0.181373 0.418301 0.167367 0.422736 0.163340 0.426004 0.157913 0.427404 0.147934 0.425770 0.139706 0.422969 0.133053 0.420635 0.130602 0.418534 0.125700 0.413165 0.120098 0.390523 0.104517 0.362979 0.097514 0.344771 0.095938 0.323063 0.095938 0.296685 0.098214 0.262138 0.105042 0.251634 0.108193 0.230626 0.116597 0.215219 0.125175 0.205415 0.133578 0.202614 0.136905 0.200047 0.145483 0.200280 0.157738
0 0.581699 0.213761 0.584967 0.225140 0.592437 0.235469 0.602007 0.241422 0.616246 0.246674 0.627218 0.249650 0.637955 0.251576 0.661298 0.252801 0.682306 0.250525 0.696779 0.247199 0.730859 0.234944 0.741363 0.230567 0.750700 0.225665 0.755602 0.224265 0.775910 0.215861 0.791550 0.206583 0.793417 0.204657 0.804155 0.197654 0.810691 0.194678 0.813959 0.191352 0.817694 0.189601 0.832400 0.177696 0.837302 0.171919 0.839169 0.167367 0.841970 0.164741 0.842437 0.157913 0.836601 0.148284 0.830999 0.143908 0.823996 0.139706 0.810458 0.136905 0.809524 0.135679 0.807190 0.135154 0.800602 0.133804 0.794389 0.133471 0.789216 0.132703 0.787582 0.131828 0.783960 0.132306 0.781075 0.131806 0.777525 0.132638 0.772643 0.131806 0.767318 0.131640 0.760883 0.132306 0.755779 0.132472 0.751341 0.131640 0.746459 0.131307 0.741134 0.132472 0.736030 0.133304 0.728930 0.133804 0.724048 0.134136 0.720719 0.134136 0.714728 0.135801 0.705408 0.137132 0.700749 0.138297 0.695423 0.138796 0.690098 0.139961 0.684874 0.141457 0.661531 0.148810 0.640289 0.157213 0.612745 0.170518 0.598739 0.178922 0.588002 0.189251 0.581466 0.202556 0.581699 0.213761
1 0.499533 0.693452 0.500467 0.695203 0.503735 0.697654 0.506303 0.702381 0.511905 0.706583 0.561625 0.721289 0.578665 0.727766 0.591503 0.729867 0.602474 0.730042 0.618581 0.731793 0.661998 0.730742 0.683007 0.728466 0.706583 0.723564 0.715219 0.720413 0.727358 0.717262 0.735061 0.714111 0.761204 0.700105 0.768207 0.694853 0.777544 0.685924 0.784080 0.676471 0.786648 0.665266 0.785481 0.654587 0.781279 0.640406 0.775444 0.633578 0.762372 0.625700 0.720588 0.612570 0.685808 0.606092 0.674837 0.605917 0.657330 0.603641 0.638189 0.603466 0.605742 0.601716 0.577731 0.604692 0.567460 0.606968 0.560924 0.609944 0.553688 0.611870 0.538515 0.618697 0.529879 0.625000 0.529178 0.627276 0.532213 0.633053 0.532680 0.641457 0.526611 0.660014 0.514706 0.674720 0.511905 0.677521 0.504902 0.682248 0.499300 0.688550 0.499533 0.693452
1 0.510504 0.814426 0.515640 0.831583 0.527544 0.847689 0.535948 0.854167 0.542951 0.856968 0.557190 0.861169 0.577965 0.865546 0.582166 0.865196 0.586134 0.866071 0.605742 0.867472 0.627918 0.866947 0.651261 0.865371 0.689309 0.861695 0.728058 0.853466 0.762372 0.842262 0.774977 0.835784 0.781279 0.833333 0.789916 0.828256 0.814426 0.811450 0.824930 0.800245 0.834500 0.785539 0.839636 0.769083 0.838702 0.751401 0.833567 0.743697 0.824697 0.738796 0.807656 0.733894 0.793184 0.732143 0.789683 0.731092 0.767740 0.729692 0.751167 0.730042 0.738095 0.728466 0.718176 0.727941 0.698646 0.726541 0.689309 0.727591 0.683707 0.728992 0.662932 0.731268 0.650327 0.731268 0.625117 0.732668 0.602708 0.731793 0.591970 0.732143 0.583333 0.737745 0.586134 0.747724 0.583567 0.761730 0.580766 0.766457 0.572129 0.776611 0.563492 0.784664 0.554388 0.790441 0.550654 0.791842 0.539916 0.798669 0.517507 0.807073 0.512838 0.810049 0.510971 0.812500 0.510504 0.814426
1 0.780812 0.638655 0.783847 0.647234 0.787348 0.660889 0.787582 0.666317 0.785481 0.675245 0.778711 0.685574 0.767274 0.696429 0.750934 0.706933 0.739262 0.712885 0.730626 0.715861 0.727358 0.717962 0.710084 0.723039 0.708683 0.723915 0.709851 0.725665 0.715920 0.726891 0.737317 0.727416 0.751167 0.728817 0.773810 0.728992 0.779178 0.729867 0.789216 0.730217 0.807656 0.732843 0.817927 0.735644 0.830299 0.740546 0.837068 0.746499 0.840336 0.753326 0.840570 0.767507 0.841970 0.770483 0.848739 0.770833 0.859477 0.770133 0.873016 0.767332 0.880019 0.766982 0.894024 0.763130 0.908964 0.756127 0.915266 0.751576 0.918301 0.745623 0.919935 0.735294 0.918768 0.721113 0.912698 0.703256 0.908730 0.695903 0.905462 0.691352 0.897292 0.683298 0.892390 0.677171 0.877218 0.664566 0.858777 0.654937 0.837068 0.645483 0.824463 0.642157 0.799953 0.637430 0.786881 0.635679 0.782213 0.635679 0.779178 0.636730 0.780812 0.638655
1 0.648926 0.877276 0.647292 0.887430 0.650560 0.901261 0.653828 0.909489 0.659897 0.918592 0.670401 0.927521 0.674837 0.933298 0.688609 0.943627 0.692810 0.946078 0.697246 0.947129 0.704015 0.950280 0.710084 0.951681 0.730626 0.954132 0.738562 0.954307 0.750233 0.953431 0.768674 0.950105 0.775210 0.947654 0.782446 0.946429 0.795285 0.940826 0.810691 0.937325 0.815126 0.934874 0.834734 0.926821 0.852007 0.918417 0.857143 0.914741 0.862045 0.912815 0.880719 0.898284 0.888422 0.890581 0.896359 0.880252 0.903828 0.866422 0.906396 0.859069 0.908964 0.849090 0.909197 0.835784 0.908497 0.827906 0.905696 0.817402 0.899160 0.807073 0.893791 0.800420 0.885154 0.793242 0.880252 0.790441 0.872549 0.787815 0.859477 0.785714 0.846405 0.785014 0.838235 0.785714 0.834967 0.787290 0.825397 0.800945 0.815593 0.811099 0.796218 0.825455 0.770775 0.839461 0.760738 0.843838 0.751401 0.846464 0.739496 0.851190 0.714986 0.857493 0.675303 0.864146 0.666200 0.864496 0.654062 0.866071 0.650560 0.868347 0.648459 0.873249 0.648926 0.877276
1 0.372082 0.856793 0.375117 0.876401 0.381653 0.889006 0.386321 0.893908 0.400794 0.904412 0.418067 0.911940 0.439309 0.918943 0.473856 0.926821 0.512605 0.930322 0.532680 0.930672 0.545985 0.929797 0.566993 0.926821 0.585434 0.922969 0.609944 0.911590 0.626050 0.901436 0.634687 0.894083 0.642390 0.881478 0.645658 0.873775 0.646359 0.869573 0.644024 0.866422 0.637955 0.867297 0.613445 0.867997 0.587768 0.867122 0.570261 0.864671 0.557423 0.862045 0.542717 0.857668 0.532680 0.852941 0.524743 0.845938 0.514239 0.830882 0.511905 0.820728 0.507703 0.813375 0.505836 0.812500 0.501634 0.813025 0.493231 0.816352 0.468954 0.823529 0.428338 0.830007 0.397759 0.830532 0.379785 0.829482 0.376284 0.830882 0.373483 0.834734 0.371615 0.842962 0.372082 0.856793
1 0.700280 0.605742 0.703081 0.607143 0.710551 0.609244 0.727124 0.612220 0.749767 0.619048 0.763305 0.624300 0.770075 0.627626 0.772876 0.630252 0.779412 0.633053 0.792717 0.634979 0.805556 0.635154 0.810924 0.634804 0.814659 0.633403 0.817460 0.633929 0.823763 0.633578 0.849440 0.630077 0.876050 0.624650 0.880719 0.622724 0.890523 0.620448 0.915500 0.610644 0.921335 0.606968 0.929505 0.603291 0.949580 0.588761 0.961951 0.574930 0.968721 0.563025 0.972222 0.550595 0.972456 0.539916 0.971522 0.537290 0.965686 0.528536 0.957516 0.522409 0.942344 0.516982 0.938842 0.516632 0.931139 0.514356 0.920168 0.512955 0.903595 0.512255 0.877918 0.512780 0.870682 0.514181 0.868814 0.515056 0.868581 0.516632 0.869048 0.519258 0.873716 0.525910 0.873716 0.533088 0.872549 0.539216 0.865546 0.547269 0.860644 0.550595 0.858310 0.553221 0.840570 0.564601 0.810924 0.576506 0.770542 0.589636 0.748366 0.595238 0.722689 0.599440 0.714052 0.601541 0.703081 0.602241 0.701914 0.603291 0.700280 0.605742
1 0.387488 0.574405 0.387488 0.576681 0.387722 0.577906 0.389356 0.578606 0.400794 0.580882 0.411531 0.584034 0.428105 0.586660 0.452848 0.592962 0.470121 0.595763 0.491130 0.601716 0.507236 0.607843 0.523109 0.618347 0.524977 0.617822 0.526377 0.613620 0.540850 0.598389 0.554155 0.581057 0.557890 0.574230 0.559290 0.567402 0.561625 0.564251 0.564426 0.557423 0.565359 0.550070 0.562792 0.545693 0.558824 0.541842 0.539916 0.533613 0.525910 0.530462 0.519608 0.529937 0.505135 0.529237 0.490896 0.529762 0.484594 0.530812 0.470121 0.535014 0.457283 0.537465 0.441410 0.541842 0.431839 0.545343 0.429038 0.547269 0.421802 0.549370 0.418301 0.552171 0.410364 0.555847 0.388889 0.572304 0.387488 0.574405
1 0.645191 0.442577 0.655929 0.447829 0.665266 0.453431 0.679739 0.466036 0.682306 0.470413 0.683940 0.471639 0.686975 0.478116 0.689076 0.487570 0.691877 0.488270 0.695612 0.487220 0.702848 0.486870 0.707983 0.485469 0.721289 0.484244 0.763772 0.483368 0.804155 0.486345 0.825163 0.490371 0.848739 0.496849 0.856909 0.491071 0.866246 0.480742 0.871382 0.470763 0.873016 0.464636 0.873950 0.453081 0.871849 0.445903 0.866480 0.438550 0.858077 0.432248 0.849907 0.427871 0.830532 0.421569 0.816760 0.418592 0.793417 0.415091 0.767040 0.413340 0.753035 0.413340 0.726190 0.414216 0.708917 0.416141 0.699113 0.417892 0.689309 0.420868 0.685341 0.421218 0.682073 0.422794 0.678571 0.422969 0.675070 0.424720 0.672269 0.425245 0.646125 0.439251 0.645191 0.442577
1 0.522409 0.443978 0.524743 0.446954 0.531979 0.451331 0.538282 0.457108 0.539683 0.459909 0.545518 0.466562 0.550187 0.477416 0.549720 0.484594 0.547152 0.489671 0.535014 0.501225 0.533147 0.505077 0.526144 0.508403 0.524743 0.510329 0.515173 0.517507 0.508870 0.519783 0.505602 0.522234 0.500467 0.524510 0.499533 0.526261 0.500934 0.527486 0.504902 0.528536 0.516573 0.528711 0.527778 0.529937 0.541783 0.533438 0.556489 0.539041 0.562558 0.542892 0.564426 0.545518 0.566293 0.546043 0.568161 0.546043 0.570261 0.544468 0.572596 0.537990 0.578665 0.530287 0.584267 0.525035 0.590570 0.520483 0.603175 0.513655 0.617180 0.507353 0.637255 0.500525 0.676704 0.490196 0.682540 0.489321 0.686741 0.487745 0.687208 0.483543 0.683473 0.473214 0.679272 0.467087 0.672035 0.459384 0.651027 0.446429 0.634220 0.441176 0.630019 0.438725 0.602474 0.431898 0.578198 0.431022 0.555556 0.433648 0.529412 0.438725 0.520075 0.442577 0.522409 0.443978
1 0.024043 0.808123 0.026144 0.813725 0.029178 0.817752 0.030579 0.831583 0.032213 0.835259 0.038982 0.843137 0.043184 0.846289 0.050654 0.850140 0.067694 0.854692 0.078198 0.854517 0.084267 0.855917 0.095938 0.856793 0.102241 0.858018 0.112745 0.861695 0.130019 0.863796 0.137255 0.863620 0.147526 0.864496 0.150794 0.866246 0.158450 0.865371 0.176237 0.865196 0.213819 0.862395 0.226424 0.859244 0.234360 0.858193 0.248366 0.854342 0.282680 0.841211 0.286648 0.839111 0.297152 0.830532 0.305322 0.825630 0.309290 0.821254 0.308123 0.817402 0.292951 0.811800 0.283754 0.805777 0.278245 0.801120 0.271709 0.793067 0.262138 0.773109 0.263072 0.772409 0.262838 0.768732 0.263772 0.765581 0.263305 0.747724 0.264006 0.745273 0.262138 0.742822 0.248833 0.738620 0.214286 0.736345 0.180672 0.735119 0.164332 0.733543 0.154062 0.731793 0.147526 0.731968 0.137255 0.734244 0.130019 0.734944 0.118581 0.738620 0.112745 0.739496 0.087535 0.748950 0.073529 0.756478 0.067927 0.758578 0.049953 0.771534 0.035714 0.784489 0.025910 0.800595 0.024743 0.804097 0.024043 0.808123
1 0.151494 0.870273 0.161998 0.878326 0.182073 0.887080 0.209851 0.895308 0.246499 0.899335 0.264939 0.900210 0.307190 0.900560 0.324463 0.898985 0.339169 0.895483 0.353175 0.891106 0.360411 0.888130 0.365780 0.884979 0.370215 0.880602 0.372316 0.876751 0.372316 0.869748 0.369281 0.854867 0.369514 0.849732 0.373016 0.831408 0.369514 0.829307 0.364379 0.829132 0.359944 0.827906 0.339402 0.825630 0.331699 0.822829 0.324463 0.822129 0.317927 0.820028 0.313725 0.819853 0.310458 0.821254 0.306723 0.825280 0.297386 0.831408 0.292717 0.835784 0.281279 0.842612 0.269141 0.846639 0.256769 0.852066 0.234360 0.858718 0.228058 0.859419 0.216620 0.862395 0.202381 0.863971 0.149860 0.866071 0.151494 0.870273
1 0.066527 0.682423 0.070028 0.690826 0.077965 0.700280 0.092437 0.710959 0.105275 0.717612 0.119514 0.723389 0.140756 0.728641 0.151961 0.729867 0.174837 0.733894 0.223389 0.736169 0.251867 0.735469 0.255369 0.733718 0.258637 0.734769 0.259104 0.734069 0.272176 0.729517 0.275677 0.727591 0.289449 0.717262 0.308590 0.705707 0.310224 0.703606 0.311158 0.700280 0.309524 0.697654 0.306022 0.695378 0.289683 0.688375 0.282680 0.686450 0.273109 0.681723 0.252568 0.668242 0.246265 0.660364 0.242297 0.653536 0.240196 0.645308 0.239496 0.635504 0.237862 0.632703 0.216853 0.628501 0.204015 0.626751 0.186041 0.625000 0.156629 0.623950 0.127451 0.628852 0.121849 0.630777 0.109711 0.633403 0.095238 0.639706 0.085434 0.645658 0.077264 0.651961 0.070028 0.661415 0.066527 0.673144 0.066527 0.682423
1 0.086601 0.582108 0.090103 0.591211 0.095238 0.598739 0.097806 0.599265 0.102007 0.601541 0.110177 0.606968 0.120915 0.611695 0.138655 0.617472 0.148226 0.619048 0.154995 0.621324 0.168067 0.623424 0.207983 0.626401 0.217320 0.628326 0.228525 0.629552 0.237628 0.631828 0.240196 0.628852 0.244164 0.619748 0.256069 0.602591 0.263305 0.595763 0.280345 0.584209 0.297152 0.578431 0.306956 0.576331 0.314426 0.575980 0.324697 0.573529 0.342670 0.572654 0.355742 0.573880 0.366246 0.574055 0.371849 0.575105 0.376050 0.574930 0.378385 0.571254 0.380952 0.558824 0.380019 0.553746 0.376517 0.552346 0.373483 0.552696 0.362278 0.551471 0.331699 0.542717 0.316293 0.540266 0.299486 0.534664 0.287815 0.527661 0.278245 0.520133 0.270775 0.512605 0.265173 0.503852 0.262138 0.500700 0.244865 0.497024 0.228992 0.495098 0.201681 0.496499 0.178805 0.499125 0.151027 0.506828 0.133520 0.513305 0.112045 0.523810 0.101541 0.531688 0.096405 0.536415 0.090570 0.543943 0.087535 0.549895 0.085668 0.556723 0.086601 0.582108
1 0.707516 0.327906 0.723389 0.346113 0.724790 0.348564 0.726424 0.355567 0.725724 0.366246 0.721055 0.378326 0.711485 0.392857 0.699346 0.404412 0.698880 0.407913 0.700280 0.409664 0.703782 0.411940 0.707983 0.413340 0.717554 0.413866 0.746732 0.412815 0.787348 0.413866 0.791317 0.413690 0.799486 0.411590 0.816060 0.408789 0.847806 0.401261 0.869281 0.392332 0.873016 0.390406 0.883520 0.381828 0.888655 0.373775 0.889823 0.367647 0.888889 0.355217 0.886321 0.348915 0.877684 0.337185 0.868114 0.331232 0.864379 0.327031 0.859477 0.324230 0.847806 0.319678 0.838002 0.316877 0.827731 0.315126 0.817927 0.312325 0.803922 0.310749 0.772409 0.310749 0.753968 0.312850 0.744631 0.312675 0.733193 0.314076 0.727358 0.315826 0.723856 0.315476 0.704482 0.321078 0.700980 0.324405 0.707516 0.327906
1 0.475724 0.425245 0.485061 0.427696 0.515406 0.439076 0.532913 0.438200 0.536415 0.436800 0.549953 0.434524 0.553221 0.433298 0.579132 0.430672 0.595472 0.430672 0.601541 0.431373 0.625584 0.436625 0.637021 0.433999 0.644491 0.433648 0.651027 0.431723 0.654295 0.430322 0.656162 0.428396 0.661298 0.426996 0.673436 0.421919 0.695145 0.408263 0.698880 0.405287 0.702148 0.400560 0.706349 0.397584 0.712885 0.390931 0.721755 0.375875 0.725957 0.363445 0.725023 0.350840 0.721289 0.341387 0.714753 0.334209 0.710551 0.331408 0.706816 0.327556 0.692577 0.320028 0.685808 0.318102 0.677871 0.317052 0.660598 0.317227 0.630019 0.320728 0.596639 0.328256 0.588469 0.331408 0.574930 0.334909 0.560691 0.339811 0.551587 0.352591 0.542250 0.363796 0.501167 0.400560 0.495565 0.404587 0.489262 0.410889 0.483894 0.415266 0.480392 0.417017 0.475724 0.421394 0.475724 0.425245
1 0.137255 0.452731 0.138189 0.460084 0.146825 0.481968 0.151494 0.488095 0.155696 0.491772 0.168301 0.498424 0.174136 0.498950 0.199346 0.495623 0.229458 0.494223 0.244631 0.495798 0.258637 0.499300 0.261905 0.499300 0.263072 0.498424 0.263539 0.496324 0.263072 0.482668 0.265173 0.471989 0.272876 0.455882 0.275910 0.453957 0.279178 0.449930 0.293184 0.439601 0.302521 0.436275 0.309057 0.435574 0.313725 0.433123 0.318394 0.432073 0.317460 0.430847 0.310224 0.430497 0.302521 0.431548 0.293884 0.433999 0.286181 0.435224 0.282213 0.436800 0.253268 0.439601 0.240430 0.439426 0.234360 0.440476 0.189776 0.439076 0.148226 0.435224 0.146359 0.436275 0.143091 0.440126 0.138422 0.448354 0.137255 0.452731
1 0.380952 0.334909 0.383520 0.336835 0.387488 0.337535 0.407796 0.344888 0.409664 0.347339 0.411064 0.352416 0.411064 0.363095 0.402894 0.380252 0.399393 0.383578 0.391690 0.394083 0.372782 0.408438 0.359244 0.416141 0.352007 0.418768 0.350140 0.421919 0.353175 0.424720 0.355509 0.425595 0.369748 0.424020 0.388889 0.423319 0.414099 0.420518 0.443978 0.421569 0.464519 0.423669 0.470588 0.422794 0.490663 0.408613 0.537815 0.367122 0.550887 0.352066 0.558590 0.341562 0.561858 0.331758 0.562558 0.323529 0.560924 0.316702 0.555089 0.308298 0.551354 0.304972 0.539683 0.297094 0.532913 0.293768 0.522409 0.290616 0.512372 0.289916 0.498833 0.287290 0.490896 0.287465 0.453782 0.291317 0.430439 0.299020 0.412932 0.307073 0.403595 0.312850 0.383754 0.327556 0.380019 0.331408 0.380952 0.334909
1 0.456816 0.286415 0.456816 0.289741 0.457516 0.289916 0.460551 0.290091 0.463585 0.289216 0.474323 0.288690 0.490196 0.286765 0.501867 0.286940 0.516807 0.289916 0.526377 0.290966 0.540383 0.297269 0.552754 0.305322 0.558824 0.311800 0.562558 0.319853 0.563025 0.324755 0.561858 0.335784 0.562325 0.336835 0.564192 0.337710 0.585434 0.330532 0.621849 0.321954 0.643557 0.318277 0.671335 0.316176 0.677871 0.315126 0.686275 0.308824 0.691410 0.300245 0.691176 0.293067 0.685808 0.286415 0.678571 0.281338 0.660598 0.272234 0.637021 0.265931 0.584267 0.258403 0.581466 0.258228 0.575397 0.259804 0.567694 0.258754 0.564426 0.259629 0.552988 0.259454 0.533613 0.262255 0.518674 0.263480 0.513772 0.265056 0.487395 0.269783 0.470355 0.275560 0.466853 0.275210 0.459851 0.282563 0.456816 0.286415
1 0.200980 0.317577 0.203081 0.318277 0.213352 0.316877 0.228058 0.316877 0.239262 0.315476 0.264472 0.316001 0.271942 0.317752 0.295518 0.318803 0.307423 0.321078 0.327965 0.323179 0.376050 0.332808 0.377918 0.332458 0.387021 0.324755 0.387722 0.321254 0.383754 0.319153 0.375117 0.316877 0.373016 0.314251 0.361578 0.311099 0.309057 0.305672 0.288515 0.301471 0.282913 0.299720 0.265640 0.297269 0.244398 0.298494 0.234594 0.299895 0.221055 0.303221 0.217087 0.304447 0.206583 0.310224 0.202614 0.313901 0.200980 0.317577
1 0.665033 0.272584 0.678571 0.279762 0.682073 0.283088 0.686975 0.285889 0.690009 0.290091 0.692810 0.297619 0.691877 0.302171 0.687675 0.310574 0.687908 0.313025 0.689309 0.315301 0.696078 0.319153 0.703081 0.320378 0.710317 0.319853 0.761905 0.310749 0.797152 0.309524 0.803688 0.308123 0.805789 0.306898 0.824697 0.301646 0.827965 0.299720 0.834267 0.298319 0.838235 0.296218 0.855509 0.291317 0.866480 0.285539 0.876751 0.278361 0.890289 0.270483 0.902194 0.255077 0.905229 0.247024 0.907330 0.237570 0.906396 0.234594 0.902428 0.230042 0.893557 0.223739 0.884921 0.219538 0.873249 0.215861 0.866713 0.216036 0.863212 0.214811 0.844771 0.213936 0.817694 0.215336 0.788515 0.218487 0.771942 0.219188 0.750934 0.226891 0.741830 0.231443 0.682306 0.252976 0.675537 0.257703 0.665266 0.268908 0.665033 0.272584
1 0.369748 0.206583 0.372782 0.206933 0.390523 0.214286 0.400794 0.216912 0.413399 0.221464 0.442577 0.235469 0.449580 0.239671 0.457983 0.246148 0.466853 0.257178 0.473389 0.259979 0.484360 0.259979 0.493697 0.257878 0.498599 0.257878 0.506769 0.255777 0.512605 0.255252 0.519141 0.253326 0.532680 0.252276 0.539916 0.250175 0.550887 0.248599 0.560458 0.244748 0.570028 0.237570 0.571895 0.234419 0.578431 0.216211 0.579599 0.203256 0.577965 0.196254 0.574463 0.189251 0.568394 0.181548 0.560458 0.175595 0.553922 0.171744 0.549720 0.170168 0.546452 0.167717 0.522876 0.157388 0.511905 0.154237 0.493931 0.152311 0.477358 0.152661 0.464052 0.154412 0.415500 0.170518 0.391923 0.182248 0.376517 0.195028 0.371148 0.203081 0.369748 0.206583
1 0.393791 0.105742 0.408497 0.114846 0.415966 0.121148 0.420401 0.126401 0.424370 0.133754 0.428105 0.143908 0.428105 0.154762 0.429038 0.157738 0.431839 0.160014 0.442344 0.160189 0.460084 0.154587 0.470822 0.152661 0.487395 0.151436 0.498366 0.151961 0.520075 0.154762 0.529178 0.153711 0.540850 0.150035 0.554388 0.143732 0.568394 0.138655 0.574230 0.134104 0.588002 0.127801 0.591036 0.125700 0.602241 0.115371 0.610878 0.105567 0.615546 0.092962 0.616246 0.084559 0.613212 0.077731 0.606209 0.070378 0.596639 0.063200 0.580999 0.056373 0.571429 0.053922 0.546919 0.050770 0.524276 0.049020 0.510971 0.049195 0.494398 0.051471 0.468021 0.056373 0.443744 0.063550 0.430439 0.069853 0.414799 0.078782 0.400093 0.091562 0.392390 0.101891 0.393791 0.105742
1 0.168067 0.078431 0.166900 0.089811 0.167367 0.095763 0.170168 0.102416 0.173669 0.106443 0.179972 0.111169 0.194444 0.117997 0.212418 0.124125 0.216853 0.123249 0.238796 0.112395 0.252101 0.107493 0.275444 0.102066 0.303688 0.096639 0.323063 0.095413 0.352241 0.095588 0.364146 0.096989 0.383754 0.102066 0.390523 0.101716 0.402894 0.086134 0.406396 0.071779 0.405696 0.064251 0.404528 0.060924 0.402194 0.055847 0.399160 0.052346 0.394491 0.048845 0.387021 0.044993 0.366246 0.037115 0.337535 0.030112 0.275910 0.020658 0.252568 0.018908 0.243931 0.018908 0.231793 0.020483 0.220355 0.021008 0.208683 0.023985 0.192810 0.029587 0.180906 0.035364 0.175070 0.040091 0.171569 0.044818 0.167134 0.057773 0.168067 0.078431
1 0.524043 0.157913 0.536181 0.161940 0.562092 0.175770 0.568161 0.180497 0.572829 0.185399 0.577965 0.195553 0.581466 0.199930 0.587535 0.188375 0.592670 0.182773 0.599440 0.177171 0.610878 0.171744 0.609711 0.168417 0.601307 0.163866 0.581232 0.156688 0.563959 0.152836 0.546919 0.150735 0.539449 0.151436 0.530112 0.154412 0.524510 0.157563 0.524043 0.157913
1 0.572362 0.235469 0.566060 0.240721 0.564192 0.241246 0.563025 0.243172 0.560691 0.244748 0.561158 0.248775 0.563259 0.250350 0.568161 0.251050 0.577965 0.249650 0.584967 0.247024 0.595472 0.244573 0.597572 0.241597 0.596172 0.239496 0.593838 0.238270 0.582866 0.223915 0.581466 0.219888 0.577965 0.218487 0.572362 0.235469
1 0.265173 0.769783 0.271008 0.789916 0.275677 0.796744 0.279412 0.800420 0.292717 0.810924 0.307190 0.816176 0.309991 0.816352 0.313725 0.818277 0.341503 0.824755 0.372782 0.828081 0.384687 0.828081 0.403361 0.829482 0.426471 0.828957 0.449580 0.826506 0.459851 0.824755 0.474556 0.821078 0.505135 0.811450 0.518674 0.806373 0.530579 0.800770 0.540149 0.797619 0.560224 0.785539 0.570495 0.776436 0.579599 0.765581 0.582633 0.759279 0.584500 0.751751 0.582866 0.737570 0.574463 0.729692 0.567227 0.725140 0.551821 0.719538 0.525444 0.712185 0.509104 0.709034 0.500934 0.708683 0.494631 0.706758 0.470822 0.702031 0.463352 0.702556 0.442810 0.707283 0.432773 0.708158 0.426471 0.707983 0.418534 0.709909 0.404762 0.710609 0.394491 0.710609 0.358543 0.707633 0.328431 0.702031 0.318161 0.703256 0.304155 0.709909 0.296685 0.714986 0.292250 0.716912 0.279178 0.726716 0.275210 0.730392 0.267040 0.743172 0.264939 0.750000 0.265173 0.769783
1 0.173203 0.250875 0.173903 0.262255 0.181606 0.275910 0.194911 0.287990 0.210084 0.297969 0.216853 0.301120 0.224323 0.301821 0.244398 0.298144 0.258637 0.297969 0.265640 0.296919 0.262838 0.295343 0.261905 0.293417 0.258637 0.292892 0.255135 0.291141 0.244164 0.287990 0.241363 0.286064 0.234127 0.283789 0.223856 0.277136 0.220355 0.276085 0.213585 0.268732 0.211251 0.261204 0.206349 0.254902 0.211718 0.246674 0.214519 0.244748 0.211951 0.241422 0.213119 0.237920 0.212652 0.234069 0.217787 0.225315 0.223623 0.219188 0.227124 0.217437 0.232726 0.212360 0.238095 0.209909 0.239029 0.206408 0.234360 0.204657 0.227124 0.204132 0.205182 0.207983 0.195845 0.212360 0.189076 0.218487 0.185341 0.224090 0.173903 0.247724 0.173203 0.250875
1 0.530579 0.612745 0.532913 0.617297 0.536648 0.617822 0.552521 0.611345 0.571662 0.605392 0.584967 0.604342 0.606676 0.600840 0.612745 0.600665 0.617414 0.598915 0.609010 0.596989 0.605509 0.595063 0.598739 0.593312 0.591503 0.590161 0.588936 0.588235 0.570728 0.561099 0.569561 0.556022 0.567460 0.553922 0.563959 0.559699 0.563025 0.563550 0.560224 0.567402 0.559057 0.574580 0.554855 0.581057 0.548319 0.590161 0.531513 0.609244 0.530579 0.612745
1 0.466853 0.273810 0.470588 0.274160 0.493464 0.268032 0.508170 0.265931 0.518908 0.263305 0.532446 0.261905 0.546919 0.259454 0.557190 0.258578 0.578431 0.259279 0.587768 0.258578 0.583100 0.257003 0.580532 0.254727 0.568627 0.250875 0.560691 0.248950 0.555322 0.248950 0.538749 0.251401 0.530579 0.253852 0.508403 0.256478 0.500934 0.258228 0.491363 0.258929 0.486461 0.260329 0.471989 0.262080 0.468021 0.263130 0.466853 0.264356 0.466853 0.273810