0 0.124416 0.890056 0.128151 0.899335 0.135387 0.911239 0.139356 0.914741 0.142624 0.919643 0.148459 0.923669 0.162698 0.937675 0.170868 0.942402 0.174603 0.946779 0.194678 0.957633 0.199580 0.961310 0.203081 0.961835 0.213352 0.965686 0.216853 0.965861 0.226891 0.968662 0.248599 0.971113 0.259104 0.971113 0.276844 0.968312 0.289683 0.964986 0.307190 0.957283 0.315593 0.949930 0.321662 0.942402 0.330065 0.911064 0.328665 0.901436 0.322829 0.891807 0.320261 0.889006 0.316760 0.886905 0.303455 0.875875 0.296218 0.873074 0.291783 0.869748 0.275677 0.867122 0.257470 0.860819 0.240196 0.852591 0.234127 0.848739 0.227358 0.846113 0.206349 0.843487 0.192344 0.843662 0.183240 0.844713 0.164799 0.848389 0.150794 0.853817 0.133520 0.863095 0.130019 0.866597 0.126050 0.872374 0.124183 0.876401 0.123249 0.881653 0.124416 0.890056
0 0.336835 0.662465 0.338469 0.669293 0.341036 0.673494 0.348739 0.678922 0.364846 0.682423 0.377451 0.682948 0.401027 0.681373 0.435808 0.672969 0.439076 0.671394 0.450280 0.668242 0.457983 0.664741 0.475724 0.653186 0.480626 0.651085 0.482726 0.648985 0.488329 0.646183 0.494631 0.641282 0.512605 0.624650 0.521242 0.612920 0.528478 0.598915 0.528945 0.584559 0.526377 0.577731 0.510271 0.563375 0.505135 0.560574 0.498133 0.558123 0.487628 0.556197 0.467320 0.559874 0.455649 0.563550 0.446078 0.567227 0.442110 0.569503 0.435574 0.568627 0.419234 0.576506 0.397292 0.584209 0.392157 0.586835 0.377218 0.598389 0.374183 0.602766 0.362512 0.612920 0.351074 0.626751 0.346639 0.633578 0.338235 0.650910 0.337535 0.654762 0.336835 0.662465
0 0.597572 0.616071 0.596172 0.619748 0.597106 0.622899 0.604575 0.634454 0.610878 0.639881 0.619048 0.645308 0.630486 0.650385 0.640523 0.655987 0.658730 0.663866 0.679272 0.676296 0.685341 0.678046 0.697012 0.683999 0.713352 0.688375 0.733427 0.690301 0.750467 0.689776 0.768441 0.686975 0.779645 0.684349 0.792484 0.680147 0.809290 0.671744 0.817927 0.665266 0.825864 0.655987 0.833100 0.640056 0.834034 0.634279 0.833567 0.629552 0.830065 0.619923 0.822596 0.609069 0.812325 0.601015 0.805556 0.597164 0.790149 0.590686 0.765406 0.581583 0.754669 0.576856 0.745565 0.574930 0.734127 0.571429 0.715920 0.567927 0.704949 0.567577 0.697246 0.566527 0.673203 0.566702 0.667600 0.567927 0.661064 0.568102 0.644258 0.572479 0.630952 0.577906 0.620215 0.583508 0.609944 0.591737 0.598973 0.605742 0.597572 0.616071
0 0.599907 0.526436 0.605742 0.540791 0.616713 0.553746 0.620215 0.556723 0.627218 0.559699 0.633053 0.560924 0.654995 0.558648 0.662465 0.556898 0.668301 0.556723 0.683007 0.553396 0.688375 0.551471 0.699346 0.549895 0.703315 0.548494 0.709851 0.548494 0.713819 0.547619 0.734360 0.546394 0.749066 0.542542 0.764006 0.538340 0.782913 0.529762 0.804155 0.516457 0.815126 0.506303 0.826564 0.491422 0.831699 0.480567 0.834267 0.466562 0.831466 0.453256 0.824930 0.443277 0.819094 0.437500 0.810691 0.431548 0.796218 0.425420 0.784314 0.422794 0.765173 0.422094 0.752801 0.425245 0.737162 0.427171 0.707049 0.434349 0.683240 0.441527 0.671802 0.446078 0.644024 0.459384 0.633520 0.466387 0.619281 0.478641 0.613679 0.485819 0.605509 0.497899 0.601074 0.508578 0.599907 0.514706 0.599907 0.526436
0 0.686275 0.787115 0.686741 0.789916 0.689076 0.794293 0.694678 0.800070 0.701447 0.804447 0.710317 0.807598 0.723623 0.810399 0.730392 0.811099 0.749066 0.811800 0.762138 0.811275 0.766340 0.811800 0.775910 0.809349 0.779645 0.809699 0.800187 0.806548 0.822362 0.800245 0.833100 0.795868 0.839169 0.794468 0.857143 0.783789 0.864613 0.778011 0.877918 0.764706 0.883287 0.755077 0.886788 0.744923 0.887021 0.738095 0.885854 0.731092 0.883053 0.726190 0.882586 0.723739 0.878852 0.719188 0.861811 0.705007 0.852941 0.700805 0.842204 0.698004 0.824697 0.696604 0.806956 0.697479 0.800420 0.699580 0.793417 0.700455 0.786181 0.703431 0.776844 0.705007 0.773810 0.706583 0.747199 0.715511 0.736695 0.719713 0.719188 0.729692 0.702848 0.743172 0.694911 0.752976 0.691643 0.757528 0.689076 0.763480 0.686041 0.774685 0.686275 0.787115
0 0.468487 0.817752 0.469421 0.821078 0.472689 0.825805 0.480859 0.831408 0.494631 0.836485 0.502101 0.838410 0.525444 0.841912 0.533613 0.842087 0.537348 0.841211 0.539449 0.841912 0.546919 0.842262 0.568161 0.840686 0.588235 0.836485 0.598973 0.833333 0.611345 0.827031 0.616246 0.825980 0.626284 0.818978 0.638655 0.808824 0.651727 0.792717 0.657096 0.778711 0.658964 0.768207 0.659197 0.754377 0.654762 0.744573 0.651027 0.740196 0.633520 0.727066 0.629552 0.725665 0.626284 0.725490 0.623249 0.723739 0.619048 0.723915 0.616480 0.722864 0.602474 0.722689 0.588002 0.724615 0.565126 0.728291 0.543184 0.733368 0.531979 0.737745 0.508637 0.749475 0.493931 0.761380 0.483427 0.771884 0.477591 0.779412 0.476424 0.783263 0.475257 0.784139 0.471055 0.793417 0.470822 0.796919 0.468954 0.800245 0.468254 0.806723 0.468487 0.817752
0 0.676237 0.383754 0.677871 0.390756 0.685808 0.395483 0.702148 0.402836 0.727591 0.412815 0.737862 0.415091 0.744631 0.417542 0.759337 0.418943 0.765406 0.418242 0.775677 0.419643 0.782913 0.419468 0.796919 0.416667 0.817460 0.409839 0.834967 0.402486 0.866013 0.383754 0.887955 0.366772 0.892157 0.361695 0.896592 0.352941 0.900327 0.335434 0.899160 0.328606 0.893091 0.317577 0.892390 0.314076 0.887255 0.306548 0.875817 0.297969 0.855976 0.290441 0.831466 0.286765 0.816993 0.286239 0.779879 0.289741 0.759337 0.293242 0.744631 0.298144 0.739029 0.301996 0.733427 0.304622 0.726424 0.310399 0.720121 0.313725 0.717787 0.317227 0.705882 0.327206 0.684174 0.355917 0.678805 0.368697 0.676471 0.377801 0.676237 0.383754
0 0.665966 0.264181 0.669935 0.272409 0.674603 0.278361 0.685574 0.285889 0.709851 0.294293 0.721055 0.294818 0.730392 0.296569 0.744865 0.296744 0.762138 0.291667 0.781513 0.288340 0.799020 0.286415 0.824463 0.285189 0.829365 0.284139 0.840103 0.279762 0.854342 0.269958 0.874883 0.249825 0.883987 0.236520 0.888889 0.227416 0.891457 0.216737 0.890990 0.203081 0.888655 0.196078 0.881186 0.188375 0.872316 0.181898 0.865780 0.178221 0.852708 0.174195 0.842670 0.173144 0.817694 0.175245 0.786648 0.180147 0.751634 0.188200 0.748366 0.189076 0.741363 0.192752 0.730859 0.195903 0.713819 0.203256 0.704482 0.210084 0.696078 0.214111 0.692110 0.217787 0.683473 0.223739 0.670168 0.236870 0.666667 0.243873 0.665733 0.249825 0.665966 0.264181
0 0.660131 0.130077 0.675303 0.154587 0.679038 0.155812 0.684174 0.160714 0.689309 0.164216 0.698179 0.168592 0.709150 0.172269 0.717087 0.173494 0.730859 0.179447 0.757937 0.185749 0.761905 0.185399 0.788982 0.178746 0.828198 0.172969 0.846639 0.172444 0.859244 0.173494 0.866480 0.169293 0.880952 0.158438 0.888189 0.150210 0.891457 0.144608 0.892624 0.140756 0.893324 0.127801 0.892624 0.119048 0.889356 0.110469 0.889122 0.105917 0.883754 0.098739 0.874183 0.091562 0.863212 0.087360 0.859010 0.084734 0.848973 0.081758 0.831933 0.078081 0.820962 0.077381 0.811391 0.075280 0.802054 0.075980 0.798786 0.075805 0.794118 0.074230 0.781513 0.074580 0.774276 0.074055 0.745798 0.076681 0.736228 0.078256 0.718721 0.082458 0.714986 0.085434 0.698646 0.091387 0.688842 0.096113 0.677404 0.103641 0.666900 0.112570 0.661531 0.119573 0.659897 0.124650 0.660131 0.130077
0 0.288282 0.165441 0.291317 0.172094 0.293884 0.173144 0.304155 0.171744 0.306489 0.173669 0.307423 0.175420 0.304388 0.178746 0.305322 0.182248 0.312558 0.193102 0.315359 0.199405 0.317694 0.201681 0.328198 0.206933 0.334734 0.208508 0.345005 0.209909 0.349206 0.209559 0.356909 0.210959 0.383520 0.211310 0.408964 0.213060 0.428571 0.208859 0.441643 0.202906 0.451914 0.195728 0.461951 0.186099 0.467787 0.178922 0.474090 0.167192 0.476190 0.157913 0.476190 0.143382 0.472222 0.131303 0.468721 0.125350 0.460317 0.116246 0.449346 0.109069 0.442577 0.105392 0.436041 0.103291 0.428105 0.102766 0.424837 0.101716 0.415033 0.100490 0.400560 0.099965 0.370682 0.103641 0.359244 0.105917 0.317927 0.121499 0.307190 0.128326 0.295985 0.139706 0.288282 0.155287 0.288282 0.165441
0 0.355976 0.377276 0.358310 0.387080 0.362045 0.393908 0.370448 0.400560 0.386555 0.408613 0.394024 0.411064 0.404062 0.412815 0.458683 0.414566 0.477591 0.413690 0.498133 0.409489 0.511438 0.405287 0.525444 0.397934 0.540383 0.387255 0.543884 0.382703 0.547152 0.380077 0.561625 0.359244 0.565359 0.348389 0.565826 0.334559 0.561391 0.325455 0.555089 0.318277 0.553688 0.314601 0.543417 0.311099 0.541783 0.307248 0.537582 0.303746 0.527311 0.298669 0.515640 0.295868 0.505369 0.294818 0.485528 0.295518 0.467320 0.297969 0.434174 0.305847 0.418067 0.311450 0.387955 0.328081 0.380019 0.334559 0.369281 0.345413 0.361578 0.359769 0.358777 0.367297 0.355976 0.377276
0 0.314426 0.463410 0.323529 0.473915 0.327031 0.476015 0.328198 0.477591 0.331699 0.479167 0.334734 0.481968 0.351074 0.488445 0.380252 0.497024 0.407563 0.506828 0.425537 0.511029 0.438609 0.512955 0.467320 0.512430 0.482726 0.510329 0.488562 0.508228 0.494631 0.507353 0.510530 0.499320 0.515147 0.496585 0.516573 0.494923 0.525444 0.487745 0.525444 0.485644 0.528754 0.474701 0.531746 0.459909 0.526611 0.446604 0.518908 0.437675 0.497899 0.425945 0.470355 0.417367 0.456583 0.415791 0.433707 0.415091 0.419935 0.413866 0.405229 0.414041 0.397526 0.415266 0.384220 0.418768 0.380252 0.417892 0.377451 0.418768 0.373249 0.418768 0.369748 0.421043 0.358543 0.424020 0.341737 0.429972 0.328431 0.437500 0.320028 0.445028 0.317460 0.449405 0.315126 0.456583 0.314426 0.463410
0 0.235528 0.525385 0.236695 0.532913 0.243231 0.540441 0.253501 0.548669 0.262605 0.554797 0.265640 0.557773 0.269841 0.558999 0.278478 0.566001 0.288282 0.571429 0.312558 0.582108 0.321429 0.584034 0.341737 0.587535 0.347806 0.588060 0.355742 0.587710 0.362278 0.588761 0.394024 0.584209 0.416900 0.576155 0.430439 0.569503 0.436275 0.564601 0.441410 0.557248 0.440243 0.552696 0.438375 0.550420 0.440243 0.548669 0.442577 0.549545 0.443744 0.547794 0.443744 0.536239 0.439076 0.525910 0.428338 0.514531 0.403128 0.506653 0.373016 0.495798 0.356909 0.491246 0.346172 0.487395 0.338702 0.485819 0.330999 0.485469 0.304155 0.488270 0.274510 0.494573 0.258170 0.501225 0.247432 0.507703 0.240196 0.514356 0.236461 0.520133 0.235528 0.525385
0 0.202848 0.818452 0.207750 0.826856 0.213819 0.834384 0.225257 0.843312 0.235294 0.847864 0.251401 0.856618 0.268674 0.863620 0.282913 0.867122 0.295985 0.868522 0.299720 0.867997 0.304855 0.868522 0.313259 0.867472 0.318161 0.867822 0.328198 0.865721 0.359244 0.855742 0.368581 0.850840 0.377451 0.842612 0.383520 0.838936 0.388189 0.834909 0.394258 0.828782 0.397059 0.824755 0.402194 0.814076 0.403128 0.799370 0.401727 0.794468 0.398459 0.790091 0.395425 0.782913 0.389823 0.777136 0.382586 0.772059 0.373249 0.767857 0.355976 0.762955 0.350373 0.763130 0.324463 0.768732 0.306489 0.770483 0.290616 0.770308 0.258870 0.764531 0.248133 0.764006 0.233427 0.771183 0.213585 0.786415 0.209150 0.791842 0.205182 0.798845 0.203315 0.803746 0.202848 0.808824 0.202848 0.818452
0 0.158030 0.133228 0.159897 0.144083 0.164099 0.154412 0.169234 0.161239 0.175303 0.171919 0.182306 0.178221 0.189309 0.182773 0.196312 0.183473 0.234594 0.171218 0.247899 0.168768 0.267274 0.167542 0.278945 0.159664 0.287115 0.152661 0.295518 0.138130 0.299720 0.133228 0.304155 0.129552 0.308123 0.123775 0.310924 0.112920 0.310924 0.100665 0.308590 0.092437 0.306022 0.089111 0.304155 0.084209 0.297619 0.075980 0.290383 0.069678 0.277778 0.063025 0.261905 0.058123 0.250233 0.056373 0.233427 0.056548 0.220121 0.057948 0.203081 0.061800 0.187908 0.069328 0.176937 0.076681 0.169001 0.084384 0.163632 0.091912 0.158497 0.105392 0.157330 0.111695 0.158030 0.133228
1 0.294818 0.071078 0.303455 0.080707 0.311858 0.097164 0.314192 0.100140 0.327498 0.090511 0.334034 0.088410 0.344071 0.082983 0.370915 0.073179 0.394024 0.065651 0.404528 0.062850 0.419468 0.060049 0.429505 0.059874 0.432073 0.060574 0.435808 0.060224 0.445612 0.061450 0.448880 0.061275 0.450047 0.060574 0.448646 0.057073 0.443511 0.050245 0.432540 0.041842 0.428105 0.039391 0.416667 0.034839 0.401027 0.031338 0.379785 0.030112 0.372549 0.030987 0.362979 0.033789 0.359244 0.033964 0.352241 0.035714 0.348273 0.037465 0.345238 0.037815 0.334500 0.042542 0.324230 0.048144 0.301354 0.063200 0.295518 0.067577 0.295285 0.068452 0.294818 0.071078
1 0.313259 0.116772 0.314426 0.120098 0.316760 0.121324 0.328431 0.117647 0.352708 0.107843 0.363212 0.104867 0.385854 0.101190 0.403828 0.099965 0.415033 0.100490 0.435107 0.103116 0.440476 0.104517 0.458217 0.114496 0.461718 0.117297 0.468021 0.124125 0.471989 0.130427 0.476891 0.144083 0.477591 0.152486 0.476424 0.164391 0.477358 0.165791 0.480859 0.165616 0.483427 0.164391 0.491597 0.162640 0.500467 0.158789 0.510037 0.152661 0.520075 0.141457 0.524043 0.131828 0.525677 0.123249 0.524743 0.112395 0.520542 0.101366 0.508870 0.088060 0.498833 0.080357 0.477591 0.069678 0.460551 0.064076 0.449813 0.061975 0.429038 0.060049 0.418768 0.060399 0.405929 0.062850 0.380252 0.070028 0.345005 0.082808 0.331933 0.089636 0.327731 0.091036 0.316527 0.098389 0.314192 0.100840 0.313259 0.103291 0.313259 0.116772
1 0.474323 0.067752 0.499066 0.079307 0.507937 0.086660 0.517974 0.096814 0.521475 0.102591 0.525444 0.115896 0.524977 0.129902 0.522409 0.137955 0.524276 0.140931 0.525910 0.141982 0.532913 0.141982 0.566293 0.137080 0.571429 0.135679 0.574230 0.134104 0.574697 0.130077 0.572596 0.126751 0.570962 0.125350 0.567694 0.124650 0.565826 0.123074 0.560458 0.116246 0.556723 0.108718 0.556022 0.101015 0.558357 0.094363 0.566060 0.084209 0.574463 0.077031 0.586368 0.069328 0.602007 0.063550 0.609944 0.061450 0.611345 0.060049 0.611811 0.057073 0.605976 0.046218 0.598506 0.037640 0.593604 0.034664 0.581466 0.030112 0.572362 0.029587 0.563025 0.027836 0.554855 0.027661 0.547152 0.028711 0.532913 0.032038 0.508403 0.040616 0.490896 0.049895 0.474556 0.064251 0.474323 0.065476 0.474323 0.067752
1 0.556022 0.106092 0.556956 0.109419 0.562558 0.118347 0.568627 0.125000 0.571195 0.126401 0.576564 0.131478 0.584967 0.136555 0.588235 0.135504 0.598506 0.127451 0.613445 0.119748 0.623016 0.116772 0.630252 0.115371 0.635621 0.114846 0.645892 0.117997 0.653828 0.125000 0.657796 0.126926 0.661064 0.120273 0.665733 0.113445 0.674370 0.105567 0.681839 0.099965 0.696312 0.091737 0.708217 0.086835 0.713352 0.085959 0.717554 0.081408 0.713352 0.077731 0.696078 0.069853 0.690476 0.068978 0.685574 0.066527 0.666900 0.061275 0.651261 0.058648 0.636788 0.058473 0.616013 0.060224 0.602474 0.063375 0.591737 0.067227 0.585668 0.069678 0.578198 0.074230 0.572362 0.078256 0.563259 0.087185 0.559991 0.091912 0.556256 0.100140 0.556022 0.106092
1 0.685341 0.067577 0.689542 0.067752 0.693277 0.068803 0.712185 0.076856 0.716853 0.080007 0.719888 0.081057 0.724323 0.080882 0.743231 0.077031 0.768908 0.074405 0.770542 0.071954 0.770542 0.070903 0.766340 0.066001 0.761905 0.062675 0.751167 0.058824 0.748133 0.056898 0.741597 0.055847 0.723623 0.055847 0.706583 0.058298 0.702148 0.059874 0.696078 0.060749 0.686275 0.064251 0.685341 0.067577
1 0.797152 0.072829 0.795518 0.074580 0.804388 0.074230 0.825864 0.076681 0.844771 0.080007 0.855275 0.083333 0.873249 0.090861 0.882353 0.097164 0.887021 0.102241 0.890523 0.104517 0.898693 0.102591 0.902894 0.100840 0.904553 0.100727 0.906597 0.100556 0.910460 0.099706 0.913640 0.099364 0.921365 0.097999 0.922502 0.096639 0.939776 0.084909 0.942110 0.081408 0.941176 0.077906 0.936275 0.069678 0.929739 0.062850 0.921802 0.057773 0.911298 0.053922 0.890990 0.051996 0.881886 0.051996 0.867180 0.053221 0.862045 0.052871 0.859244 0.053746 0.850607 0.053922 0.838235 0.056723 0.827731 0.060049 0.815126 0.065301 0.806489 0.067402 0.797386 0.071254 0.797152 0.072829
1 0.927044 0.093907 0.922273 0.096805 0.940009 0.096289 0.946078 0.095413 0.957983 0.095588 0.972222 0.099440 0.983427 0.104867 0.986928 0.109244 0.996965 0.118347 0.998133 0.121148 0.999767 0.121148 0.999767 0.067927 0.994631 0.067577 0.987628 0.068627 0.956583 0.077381 0.953548 0.079307 0.942810 0.083683 0.932042 0.090497 0.927044 0.093907
1 0.889589 0.109244 0.892157 0.112920 0.894024 0.126751 0.893324 0.140931 0.890990 0.147759 0.887955 0.152311 0.882353 0.158263 0.863679 0.172094 0.860878 0.175245 0.866947 0.177346 0.870915 0.179797 0.885621 0.190826 0.889356 0.195028 0.891923 0.199580 0.894024 0.210609 0.897526 0.211134 0.914566 0.198354 0.932773 0.188200 0.959851 0.175595 0.977358 0.169993 0.989729 0.164916 0.997666 0.152836 0.999767 0.151611 0.999767 0.122724 0.997899 0.122549 0.996732 0.119223 0.984360 0.105042 0.974090 0.100665 0.970665 0.099533 0.957942 0.096123 0.949536 0.095441 0.943044 0.095763 0.936508 0.095763 0.932724 0.096294 0.929771 0.096805 0.923436 0.097164 0.897526 0.102766 0.890289 0.105917 0.889589 0.109244
1 0.871382 0.269083 0.874183 0.278711 0.880252 0.286415 0.883754 0.288690 0.890056 0.290616 0.904295 0.291842 0.912465 0.291842 0.952381 0.285364 0.956816 0.285189 0.964052 0.283438 0.991830 0.279762 0.999767 0.277661 0.999767 0.166141 0.990896 0.166492 0.967320 0.173669 0.949813 0.180497 0.939309 0.185399 0.913866 0.199405 0.893324 0.215511 0.889122 0.228992 0.883987 0.238445 0.874416 0.251576 0.871382 0.257528 0.871382 0.269083
1 0.897059 0.359419 0.898693 0.362570 0.901961 0.366772 0.905929 0.369923 0.911298 0.373424 0.921802 0.377626 0.935341 0.384279 0.954482 0.391282 0.977358 0.397759 0.993697 0.401261 0.999767 0.400385 0.999767 0.302171 0.993697 0.301120 0.986461 0.301296 0.966620 0.303046 0.953315 0.305147 0.927871 0.312500 0.915033 0.318803 0.911298 0.320903 0.902661 0.328081 0.901727 0.340861 0.899860 0.349965 0.897292 0.356618 0.897059 0.359419
1 0.785948 0.421744 0.796685 0.424370 0.804388 0.427521 0.814893 0.433648 0.823296 0.440301 0.829832 0.448529 0.832866 0.455182 0.834967 0.462885 0.837068 0.465161 0.847106 0.466737 0.873716 0.466387 0.880019 0.465336 0.883754 0.463235 0.894024 0.460434 0.901961 0.457283 0.916433 0.448704 0.928805 0.439076 0.936741 0.429622 0.943044 0.417542 0.944444 0.410014 0.944211 0.404237 0.941877 0.397409 0.936975 0.389531 0.929505 0.383578 0.918534 0.378852 0.914799 0.376225 0.903828 0.372024 0.894258 0.370098 0.889589 0.370448 0.887021 0.369748 0.853175 0.392682 0.828665 0.406162 0.814426 0.411239 0.811858 0.412815 0.801120 0.415266 0.791083 0.418417 0.789916 0.419818 0.786415 0.420693 0.785948 0.421744
1 0.703081 0.432423 0.706116 0.433473 0.719888 0.431197 0.722456 0.429797 0.728291 0.428746 0.737628 0.425770 0.745798 0.425245 0.758403 0.423144 0.761905 0.421744 0.758637 0.419993 0.753035 0.419643 0.748133 0.417892 0.741597 0.417192 0.716853 0.409314 0.710084 0.408789 0.706583 0.411239 0.703081 0.415791 0.703081 0.432423
1 0.908730 0.508754 0.910598 0.519783 0.915266 0.532738 0.918301 0.537640 0.925303 0.544468 0.930439 0.547969 0.934874 0.549195 0.942577 0.550070 0.957516 0.550070 0.978525 0.544468 0.999767 0.537115 0.999767 0.422969 0.994865 0.423144 0.984594 0.424895 0.969655 0.430497 0.964753 0.433473 0.953782 0.438375 0.934874 0.451331 0.921802 0.466387 0.916433 0.476366 0.908964 0.501225 0.908730 0.508754
1 0.833800 0.473039 0.831699 0.482843 0.824930 0.494573 0.822362 0.498599 0.809991 0.512430 0.793417 0.524335 0.783847 0.529937 0.761671 0.539916 0.746965 0.543242 0.743931 0.544818 0.736928 0.546744 0.736695 0.550245 0.743464 0.555147 0.761905 0.562500 0.768207 0.563725 0.773109 0.566001 0.780345 0.567402 0.783847 0.569328 0.789449 0.570378 0.798086 0.570903 0.814192 0.573704 0.843371 0.575455 0.866013 0.575455 0.893791 0.569503 0.897059 0.566702 0.911998 0.557248 0.922269 0.549370 0.924603 0.546569 0.922736 0.543242 0.916433 0.536239 0.912232 0.528887 0.909430 0.519433 0.907330 0.506653 0.908964 0.495273 0.911998 0.484769 0.914099 0.480917 0.914332 0.477416 0.906396 0.474090 0.897993 0.471814 0.876517 0.469013 0.864146 0.468137 0.847339 0.468312 0.838235 0.468662 0.836134 0.469713 0.833800 0.473039
1 0.944211 0.415616 0.937208 0.429272 0.931606 0.436625 0.925070 0.442227 0.922269 0.446078 0.923903 0.450455 0.928571 0.453957 0.951681 0.439251 0.966620 0.432423 0.969655 0.430147 0.978525 0.426646 0.999767 0.421043 0.999767 0.402486 0.973856 0.398109 0.966853 0.396008 0.963352 0.395833 0.959851 0.397584 0.956583 0.397409 0.955649 0.398810 0.953081 0.399685 0.946078 0.405637 0.944211 0.415616
1 0.877684 0.609594 0.879785 0.616246 0.886788 0.624300 0.894725 0.630252 0.904062 0.635154 0.928805 0.644083 0.934874 0.644608 0.949580 0.644258 0.952614 0.644958 0.959851 0.644608 0.967320 0.643207 0.974090 0.643032 0.995331 0.638655 0.998133 0.635854 0.999767 0.635854 0.999767 0.540441 0.994631 0.539916 0.974090 0.545868 0.965686 0.549020 0.954715 0.551296 0.943044 0.550595 0.938842 0.550945 0.929038 0.549195 0.925303 0.550070 0.914099 0.556373 0.896825 0.568452 0.889356 0.576155 0.883987 0.583158 0.881419 0.588235 0.878852 0.595763 0.878151 0.602066 0.877684 0.609594
1 0.781746 0.584909 0.783613 0.588585 0.803688 0.595763 0.816760 0.603992 0.824230 0.610819 0.832866 0.623249 0.833800 0.627276 0.834267 0.638480 0.825630 0.657038 0.816527 0.668067 0.808123 0.672969 0.802054 0.675245 0.806022 0.678746 0.812792 0.680497 0.841270 0.681197 0.855742 0.679622 0.873483 0.675420 0.883520 0.671919 0.897292 0.665091 0.916667 0.650735 0.918768 0.647584 0.919701 0.643908 0.916433 0.640756 0.903128 0.635504 0.890289 0.628501 0.884454 0.623950 0.878852 0.617122 0.876517 0.610119 0.876517 0.607318 0.877218 0.598564 0.880252 0.588761 0.880486 0.584559 0.876751 0.581232 0.873016 0.582108 0.870915 0.581758 0.866246 0.579657 0.862745 0.579657 0.859244 0.577206 0.856676 0.578081 0.852241 0.576856 0.806956 0.575630 0.793884 0.579832 0.785948 0.580357 0.783847 0.581408 0.781746 0.584909
1 0.782213 0.688025 0.790149 0.691352 0.789916 0.694153 0.784547 0.696078 0.786415 0.695728 0.786648 0.697479 0.787582 0.697654 0.790383 0.697654 0.794118 0.696604 0.803688 0.696604 0.805789 0.694853 0.808590 0.694503 0.815359 0.695728 0.824697 0.695553 0.839169 0.696429 0.851774 0.698704 0.859477 0.701681 0.862045 0.702031 0.877451 0.702031 0.901961 0.699580 0.925537 0.694153 0.935808 0.689426 0.948646 0.681548 0.957516 0.670518 0.959617 0.666317 0.961251 0.664916 0.962185 0.661415 0.957049 0.657738 0.932540 0.650385 0.929505 0.648634 0.928571 0.647059 0.925303 0.645483 0.921802 0.645658 0.917600 0.650735 0.904762 0.660364 0.895191 0.666141 0.881653 0.672619 0.871615 0.675945 0.860177 0.678396 0.855742 0.678571 0.848739 0.680497 0.836601 0.681197 0.810458 0.680147 0.807423 0.679797 0.803221 0.678046 0.800187 0.678396 0.789216 0.681898 0.780812 0.685574 0.782213 0.688025
1 0.936741 0.729517 0.938842 0.736345 0.942577 0.741071 0.956816 0.751751 0.971055 0.758403 0.977358 0.763305 0.987862 0.764181 0.991130 0.765056 0.999767 0.765231 0.999767 0.672269 0.995098 0.672619 0.987862 0.674370 0.984127 0.674195 0.981326 0.676296 0.972689 0.679797 0.957049 0.689776 0.951914 0.693978 0.942110 0.704832 0.939076 0.710084 0.936508 0.720763 0.936741 0.729517
1 0.863912 0.704832 0.864146 0.706408 0.869048 0.709209 0.872549 0.713235 0.881653 0.720938 0.885621 0.728466 0.887955 0.741947 0.885387 0.751751 0.877684 0.766106 0.874183 0.769783 0.869281 0.772584 0.864379 0.778011 0.853408 0.786415 0.854575 0.787990 0.868347 0.791141 0.893791 0.793943 0.922502 0.793067 0.933007 0.791141 0.943978 0.787290 0.946078 0.785889 0.949580 0.785539 0.959617 0.781513 0.972222 0.769433 0.976190 0.762080 0.973856 0.761204 0.968954 0.757528 0.959617 0.753852 0.953548 0.749825 0.949813 0.746324 0.942110 0.741071 0.937442 0.734594 0.936041 0.727766 0.936275 0.719713 0.938375 0.709034 0.940476 0.704482 0.942577 0.703256 0.943978 0.699580 0.942577 0.697304 0.938842 0.697829 0.935574 0.696078 0.932540 0.696954 0.928571 0.695553 0.902194 0.700630 0.886788 0.701681 0.881419 0.702906 0.862278 0.703081 0.863912 0.704832
1 0.961018 0.782738 0.961718 0.784489 0.965686 0.793067 0.970588 0.800420 0.982026 0.807773 0.991597 0.810749 0.999767 0.811625 0.999767 0.765406 0.992997 0.765231 0.984360 0.763480 0.980392 0.764531 0.969888 0.772234 0.961718 0.780987 0.961018 0.782738
1 0.832400 0.800245 0.834034 0.801120 0.841970 0.803746 0.848506 0.804272 0.868347 0.810224 0.869748 0.811450 0.880486 0.812325 0.893324 0.814951 0.917134 0.816176 0.936275 0.815826 0.942577 0.814251 0.958995 0.806139 0.963585 0.805497 0.966853 0.803922 0.968721 0.800595 0.963352 0.786765 0.959851 0.782038 0.956349 0.782563 0.951681 0.784839 0.936741 0.789741 0.931839 0.792192 0.911765 0.794293 0.889823 0.793592 0.887021 0.792717 0.883520 0.792717 0.880019 0.791492 0.870682 0.791317 0.859477 0.789741 0.856209 0.788515 0.852241 0.788866 0.844538 0.792192 0.839869 0.795343 0.834500 0.796569 0.832633 0.799720 0.832400 0.800245
1 0.607843 0.831408 0.611578 0.833333 0.615780 0.834384 0.624572 0.835084 0.644024 0.838235 0.668067 0.844363 0.689076 0.847689 0.709617 0.847514 0.734127 0.842962 0.739029 0.840861 0.741130 0.840686 0.752801 0.834559 0.757236 0.833158 0.763305 0.828957 0.769841 0.822654 0.776844 0.813550 0.775910 0.811099 0.774043 0.810924 0.751401 0.811975 0.737162 0.811975 0.725724 0.810924 0.702148 0.805322 0.691176 0.797969 0.686041 0.789741 0.684641 0.782913 0.685107 0.772409 0.687208 0.765756 0.690943 0.758578 0.690710 0.755077 0.661298 0.753151 0.659664 0.754902 0.660364 0.765581 0.659430 0.776436 0.657096 0.783438 0.651494 0.794643 0.639589 0.809174 0.633053 0.813901 0.627918 0.818803 0.616947 0.826331 0.609477 0.828081 0.607843 0.831408
1 0.731559 0.845413 0.736461 0.846639 0.750000 0.848739 0.769841 0.849090 0.780812 0.846989 0.796919 0.841211 0.808590 0.833683 0.815126 0.824405 0.817694 0.814426 0.817694 0.810224 0.815359 0.806022 0.813725 0.804797 0.809991 0.804797 0.779178 0.810749 0.776144 0.813725 0.774276 0.817752 0.771008 0.821954 0.763772 0.828782 0.751167 0.836134 0.741363 0.840336 0.734127 0.842087 0.731559 0.845413
1 0.705882 0.692577 0.694444 0.701681 0.676704 0.710959 0.664332 0.715336 0.651261 0.718487 0.633520 0.720413 0.633520 0.723389 0.635621 0.725140 0.636555 0.727241 0.644725 0.733018 0.653128 0.740721 0.658964 0.749125 0.661531 0.751225 0.681839 0.754027 0.692344 0.753151 0.696312 0.750350 0.704715 0.740196 0.712185 0.733718 0.726190 0.724790 0.737395 0.718838 0.762605 0.709909 0.765873 0.707808 0.770775 0.706583 0.773810 0.703256 0.774043 0.699405 0.772876 0.693277 0.771242 0.689251 0.768908 0.687850 0.747666 0.690651 0.730626 0.690651 0.727591 0.689776 0.723623 0.689951 0.714286 0.688725 0.707516 0.689251 0.705882 0.692577
1 0.492297 0.668417 0.497899 0.680672 0.504202 0.686450 0.511204 0.689951 0.516340 0.693627 0.542484 0.703081 0.552054 0.705182 0.566993 0.710084 0.575397 0.711134 0.584500 0.713235 0.588469 0.715511 0.612278 0.719363 0.633520 0.720063 0.664566 0.715336 0.679505 0.709909 0.687442 0.704832 0.692810 0.702556 0.699813 0.697479 0.707750 0.689251 0.704715 0.686800 0.695612 0.683824 0.689542 0.680497 0.680906 0.677346 0.675070 0.673845 0.668768 0.671394 0.664799 0.668417 0.661531 0.667367 0.656629 0.663340 0.640289 0.656513 0.613212 0.641982 0.606676 0.637430 0.601307 0.631127 0.597339 0.623599 0.597106 0.619573 0.595472 0.617822 0.580999 0.617472 0.557423 0.620798 0.542017 0.624300 0.529412 0.628676 0.514706 0.636905 0.511905 0.639181 0.498599 0.651961 0.496965 0.654237 0.496732 0.656162 0.492764 0.661239 0.492297 0.668417
1 0.491363 0.553922 0.494164 0.555497 0.505836 0.559349 0.508403 0.561450 0.511671 0.562675 0.520075 0.569853 0.528245 0.579132 0.531046 0.584559 0.530579 0.588585 0.532446 0.591036 0.539916 0.593662 0.545285 0.596464 0.566293 0.602416 0.569328 0.603992 0.584034 0.607143 0.594771 0.608543 0.597106 0.607318 0.610878 0.590511 0.626751 0.579132 0.632820 0.576155 0.649860 0.570553 0.661765 0.567577 0.680906 0.566001 0.707750 0.566702 0.709851 0.566527 0.712185 0.564076 0.711251 0.556548 0.707516 0.550245 0.706349 0.549720 0.699580 0.551471 0.688842 0.552346 0.682540 0.554447 0.677638 0.554797 0.654762 0.559174 0.635154 0.560924 0.629785 0.560749 0.625350 0.559524 0.616480 0.554272 0.604809 0.540791 0.598973 0.526261 0.598739 0.515581 0.598039 0.514356 0.595472 0.513130 0.574697 0.511555 0.557423 0.511905 0.546218 0.513305 0.536181 0.516632 0.528245 0.518382 0.519141 0.521709 0.509104 0.527136 0.498599 0.536064 0.494631 0.541842 0.491830 0.550245 0.491363 0.553922
1 0.521008 0.439251 0.528478 0.447654 0.533380 0.455182 0.535714 0.461660 0.540149 0.468137 0.541083 0.470938 0.538982 0.481092 0.535481 0.487570 0.524977 0.495973 0.521942 0.497024 0.519764 0.498591 0.516119 0.500597 0.511016 0.503150 0.509801 0.505703 0.528478 0.508228 0.570962 0.509629 0.594304 0.511730 0.598739 0.510854 0.607143 0.494398 0.612045 0.487045 0.618581 0.478992 0.627918 0.469888 0.640056 0.461310 0.660598 0.450105 0.679505 0.442577 0.681839 0.440826 0.688375 0.438200 0.692577 0.437675 0.694444 0.435924 0.692810 0.431898 0.690710 0.430147 0.686741 0.423494 0.683240 0.419643 0.679272 0.415966 0.671802 0.411940 0.662232 0.408613 0.657096 0.408438 0.652428 0.407213 0.642530 0.407213 0.634454 0.406162 0.611345 0.408613 0.587768 0.409839 0.560924 0.415791 0.528011 0.429097 0.525210 0.430672 0.520308 0.435574 0.521008 0.439251
1 0.561858 0.324755 0.566060 0.331758 0.566993 0.337010 0.566993 0.346814 0.565593 0.352416 0.561391 0.361345 0.554855 0.369573 0.548086 0.380777 0.545285 0.383228 0.539216 0.391632 0.538282 0.394083 0.539683 0.397409 0.542484 0.399685 0.549953 0.402836 0.560224 0.404587 0.563725 0.405987 0.577498 0.408964 0.584967 0.408789 0.588002 0.407913 0.601541 0.408613 0.626284 0.406162 0.632353 0.404937 0.645191 0.405287 0.650560 0.404762 0.655696 0.403011 0.670868 0.395308 0.674370 0.390756 0.674837 0.376401 0.681373 0.358543 0.691176 0.344013 0.700047 0.334909 0.704248 0.328081 0.704482 0.324405 0.698413 0.313200 0.691877 0.305847 0.688842 0.303922 0.686975 0.298845 0.685808 0.297794 0.674136 0.298319 0.671569 0.293417 0.668067 0.293067 0.666667 0.291842 0.656162 0.287990 0.651494 0.287115 0.633287 0.287815 0.616246 0.291317 0.591970 0.299020 0.577498 0.306022 0.574697 0.308298 0.568861 0.311275 0.565359 0.312500 0.558824 0.317577 0.561858 0.324755
1 0.507703 0.257528 0.514006 0.259979 0.515406 0.262080 0.512138 0.264531 0.508637 0.264356 0.507470 0.265581 0.505602 0.275385 0.500000 0.289391 0.500934 0.291842 0.506536 0.293768 0.520308 0.295518 0.532213 0.299370 0.538749 0.302871 0.541550 0.305847 0.548319 0.310049 0.550420 0.310399 0.553922 0.308999 0.557190 0.308999 0.564426 0.311275 0.593137 0.297794 0.600840 0.294993 0.609711 0.292017 0.624416 0.289041 0.640523 0.284489 0.653361 0.275560 0.659664 0.267682 0.663165 0.265581 0.664799 0.261555 0.662698 0.258228 0.664099 0.256478 0.665266 0.245098 0.667367 0.238620 0.670868 0.233894 0.672502 0.229867 0.678571 0.225665 0.679505 0.223739 0.678338 0.223039 0.674837 0.223915 0.671335 0.221814 0.670168 0.213235 0.671802 0.209909 0.669468 0.206758 0.668768 0.199580 0.665500 0.194328 0.661998 0.192752 0.658263 0.189076 0.647059 0.186275 0.633520 0.184524 0.626517 0.184524 0.619048 0.185574 0.602241 0.189076 0.581466 0.195903 0.579832 0.197129 0.567694 0.201856 0.564659 0.204307 0.553455 0.209559 0.533147 0.223039 0.524043 0.230392 0.515873 0.237920 0.509804 0.247549 0.505836 0.251751 0.507703 0.257528
1 0.568394 0.175245 0.569328 0.177346 0.569561 0.187325 0.571195 0.199230 0.574463 0.199230 0.588002 0.192752 0.600373 0.188901 0.622316 0.184174 0.628385 0.183648 0.637488 0.184174 0.650794 0.186275 0.659664 0.189076 0.661531 0.191001 0.664799 0.191352 0.667134 0.193803 0.669935 0.200455 0.671102 0.209384 0.669701 0.217437 0.670401 0.220413 0.673203 0.223915 0.673203 0.227591 0.674370 0.229167 0.675303 0.229167 0.694911 0.213410 0.695612 0.206057 0.693978 0.199580 0.684407 0.182248 0.669234 0.148284 0.665500 0.141282 0.656396 0.128151 0.649860 0.121148 0.644024 0.117122 0.636555 0.115196 0.619981 0.117472 0.612278 0.120623 0.598973 0.127801 0.584967 0.139006 0.578431 0.147234 0.573763 0.156688 0.569561 0.169118 0.568394 0.175245
1 0.689776 0.189251 0.694211 0.199230 0.696312 0.206232 0.696545 0.210084 0.697712 0.211310 0.699580 0.211660 0.703548 0.210084 0.712652 0.203606 0.720822 0.200455 0.725724 0.197654 0.735061 0.194153 0.740430 0.193102 0.747432 0.189776 0.752334 0.189076 0.753735 0.185749 0.714986 0.174720 0.709851 0.174020 0.706583 0.174545 0.700747 0.177346 0.693277 0.182073 0.690009 0.185924 0.689776 0.189251
1 0.511204 0.152661 0.497199 0.161415 0.498833 0.162290 0.504669 0.162990 0.518908 0.162990 0.525910 0.164741 0.541083 0.173144 0.556489 0.197654 0.557190 0.204307 0.560691 0.204657 0.570028 0.199230 0.570495 0.195378 0.568861 0.187150 0.569328 0.168067 0.576797 0.149860 0.583333 0.140931 0.582633 0.138831 0.577498 0.135679 0.571895 0.138130 0.567227 0.137955 0.546919 0.139881 0.529412 0.142507 0.522409 0.145133 0.518908 0.145483 0.511204 0.152661
1 0.466620 0.181548 0.451447 0.197304 0.433473 0.207808 0.416900 0.213410 0.418301 0.214461 0.425070 0.216387 0.436041 0.218312 0.449113 0.221989 0.479458 0.233018 0.494398 0.242647 0.501634 0.251050 0.505135 0.250700 0.508403 0.244398 0.520308 0.232143 0.537582 0.218838 0.556256 0.206583 0.556723 0.199580 0.554388 0.189076 0.549953 0.183648 0.548319 0.179972 0.546218 0.178746 0.541317 0.173319 0.530579 0.166667 0.522409 0.164041 0.514006 0.163165 0.500233 0.163340 0.498133 0.162815 0.478992 0.167017 0.473856 0.169468 0.466620 0.181548
1 0.266807 0.283438 0.268441 0.289916 0.272409 0.294293 0.278945 0.297619 0.307190 0.304622 0.317694 0.305672 0.356443 0.313725 0.383287 0.320553 0.394258 0.321954 0.397759 0.321254 0.411298 0.313550 0.418534 0.310574 0.437675 0.304272 0.474090 0.295868 0.490663 0.294468 0.494398 0.293242 0.499066 0.287640 0.503035 0.279587 0.504202 0.273985 0.504435 0.265231 0.501401 0.258578 0.500467 0.251401 0.495798 0.244748 0.484360 0.236520 0.469655 0.230042 0.462418 0.227941 0.449113 0.222689 0.433707 0.219013 0.426004 0.218312 0.421335 0.216387 0.384220 0.212185 0.362512 0.212360 0.349440 0.214286 0.327965 0.219713 0.316993 0.223564 0.312325 0.226541 0.303221 0.230567 0.286181 0.242297 0.276377 0.251751 0.268674 0.265231 0.267040 0.271709 0.266807 0.283438
1 0.161531 0.234244 0.163165 0.240196 0.170635 0.258053 0.174603 0.263831 0.180205 0.268908 0.194678 0.276611 0.203548 0.278536 0.223856 0.279937 0.230859 0.278887 0.251867 0.272409 0.265173 0.270658 0.271475 0.258053 0.277778 0.249300 0.293184 0.236345 0.312092 0.224615 0.314659 0.220588 0.314659 0.202906 0.311858 0.194853 0.303688 0.182423 0.302754 0.179797 0.302754 0.178221 0.303688 0.178046 0.305322 0.175070 0.302988 0.173845 0.300654 0.174545 0.285948 0.175595 0.282446 0.174545 0.279645 0.171569 0.275910 0.170518 0.266807 0.169118 0.257470 0.168768 0.248366 0.169468 0.231326 0.172619 0.205182 0.181373 0.198413 0.183999 0.191410 0.188025 0.182306 0.195028 0.169468 0.208158 0.164566 0.216737 0.161998 0.227241 0.161531 0.234244
1 0.181839 0.339461 0.179972 0.348915 0.183940 0.373599 0.186275 0.376401 0.189076 0.382528 0.194911 0.387780 0.202848 0.390406 0.210551 0.390406 0.224090 0.387780 0.237862 0.382878 0.246499 0.381303 0.265873 0.372024 0.282446 0.366422 0.290149 0.363095 0.311158 0.345763 0.320728 0.331408 0.323063 0.320903 0.321895 0.312850 0.318161 0.307248 0.303221 0.304972 0.279645 0.299020 0.270075 0.293943 0.266807 0.289741 0.265873 0.286415 0.265873 0.272234 0.265406 0.271534 0.261204 0.271534 0.244398 0.275210 0.223856 0.282563 0.207983 0.290791 0.202848 0.295168 0.197479 0.296919 0.194911 0.298845 0.192110 0.299720 0.191410 0.300945 0.193044 0.303746 0.189076 0.304622 0.187208 0.310574 0.185107 0.313725 0.182073 0.324055 0.181839 0.339461
1 0.195845 0.432073 0.196545 0.435224 0.202148 0.439776 0.217087 0.447479 0.225957 0.448704 0.232260 0.450805 0.283147 0.450105 0.293184 0.448704 0.306956 0.445203 0.314426 0.444503 0.320962 0.442227 0.327264 0.437325 0.344071 0.427871 0.361111 0.422094 0.369514 0.418417 0.378151 0.411239 0.379318 0.407913 0.375350 0.404412 0.366246 0.399160 0.361111 0.394783 0.357143 0.389181 0.355509 0.383228 0.355042 0.375875 0.359244 0.363445 0.358777 0.361345 0.355976 0.359244 0.345705 0.357668 0.325864 0.358718 0.311391 0.360644 0.290383 0.364671 0.265406 0.373249 0.251867 0.379902 0.235994 0.390056 0.206116 0.417892 0.197479 0.428746 0.195845 0.432073
1 0.171335 0.494923 0.172969 0.498249 0.192810 0.516457 0.209384 0.527661 0.220588 0.531513 0.226424 0.534489 0.234127 0.535189 0.236928 0.532913 0.234827 0.529587 0.235061 0.521709 0.238796 0.515056 0.247899 0.506828 0.260271 0.499650 0.275677 0.494048 0.293417 0.489846 0.324230 0.484769 0.328665 0.485119 0.331933 0.484244 0.323529 0.476716 0.320962 0.473039 0.315359 0.467962 0.312558 0.463761 0.311158 0.457983 0.309057 0.456232 0.296685 0.452906 0.290149 0.451856 0.269141 0.450630 0.248133 0.450630 0.233894 0.452206 0.216153 0.455707 0.206116 0.458333 0.198179 0.462010 0.180672 0.473739 0.179038 0.476891 0.176471 0.478641 0.173436 0.482318 0.171335 0.489496 0.171335 0.494923
1 0.172969 0.618873 0.173436 0.626401 0.175070 0.634979 0.178105 0.640231 0.199580 0.654237 0.230626 0.663515 0.237628 0.665441 0.240896 0.665616 0.244631 0.667017 0.248833 0.666141 0.267040 0.668242 0.275910 0.668417 0.287815 0.667542 0.314192 0.663690 0.327965 0.660189 0.333100 0.657913 0.336134 0.653536 0.340803 0.640756 0.344071 0.634979 0.354809 0.619573 0.359244 0.616071 0.362512 0.611169 0.365313 0.608543 0.366947 0.605742 0.367414 0.602241 0.363212 0.595238 0.362512 0.591737 0.359944 0.590336 0.352474 0.588936 0.345238 0.588936 0.314426 0.583333 0.300420 0.578081 0.282913 0.569503 0.275910 0.568277 0.268908 0.568627 0.258870 0.569503 0.241130 0.572479 0.220822 0.578081 0.215453 0.580882 0.206349 0.584209 0.192344 0.591912 0.183473 0.598389 0.175303 0.610119 0.173669 0.613971 0.172969 0.618873
1 0.201447 0.730567 0.202614 0.741246 0.208683 0.750350 0.216853 0.756653 0.220355 0.758228 0.237395 0.761380 0.264472 0.764706 0.286881 0.769083 0.303455 0.769958 0.313259 0.769433 0.338235 0.765056 0.359244 0.758228 0.374883 0.750000 0.387488 0.741422 0.394024 0.735994 0.401027 0.727591 0.405229 0.720763 0.409197 0.711835 0.409664 0.699580 0.408730 0.695903 0.405696 0.690826 0.401027 0.686099 0.397526 0.683824 0.393791 0.682773 0.391223 0.683473 0.382586 0.683473 0.369281 0.684699 0.347339 0.679447 0.340103 0.675770 0.337302 0.670868 0.335901 0.666141 0.333800 0.663866 0.331699 0.662990 0.320962 0.663866 0.277544 0.669468 0.251167 0.677346 0.245331 0.681898 0.239262 0.683648 0.232960 0.686975 0.213119 0.702556 0.207516 0.710259 0.202614 0.720413 0.201447 0.730567
1 0.409664 0.695903 0.410831 0.702206 0.410598 0.710259 0.407330 0.719363 0.401261 0.728992 0.397059 0.733894 0.395892 0.737920 0.397292 0.740196 0.404528 0.744748 0.411531 0.747549 0.418067 0.749125 0.422502 0.748775 0.432306 0.752976 0.456349 0.758403 0.473856 0.760854 0.491363 0.760854 0.494631 0.759629 0.498677 0.756769 0.510271 0.746674 0.515873 0.745098 0.531279 0.737045 0.541783 0.733018 0.564659 0.727241 0.572129 0.723214 0.574463 0.721464 0.575864 0.718838 0.576797 0.713410 0.574697 0.711835 0.567460 0.710784 0.524043 0.697654 0.503501 0.686975 0.496032 0.679622 0.491363 0.668768 0.490896 0.665616 0.484827 0.664041 0.462652 0.666141 0.456583 0.667542 0.448179 0.670868 0.407796 0.681373 0.405696 0.682423 0.404062 0.685574 0.409664 0.695903
1 0.372316 0.852241 0.373016 0.860294 0.375117 0.863620 0.380252 0.868347 0.390523 0.872199 0.401027 0.874475 0.410831 0.875700 0.419935 0.875350 0.429038 0.876050 0.453315 0.873950 0.463819 0.872024 0.484360 0.869923 0.493231 0.867297 0.501167 0.866071 0.518908 0.859944 0.522409 0.857493 0.526377 0.856268 0.529412 0.853291 0.533147 0.852241 0.539916 0.846113 0.540383 0.844713 0.539916 0.843487 0.538049 0.842787 0.528245 0.842612 0.522642 0.841387 0.509804 0.840161 0.491597 0.835959 0.479225 0.831232 0.471989 0.825980 0.470588 0.824055 0.468021 0.817927 0.468954 0.799895 0.473156 0.788165 0.478525 0.777836 0.482493 0.772759 0.486695 0.769083 0.485294 0.765931 0.483660 0.765056 0.466387 0.768207 0.456583 0.771183 0.435341 0.779237 0.415733 0.788515 0.404295 0.796043 0.403595 0.798845 0.403828 0.810924 0.402428 0.817227 0.400093 0.821779 0.394958 0.829307 0.388655 0.836134 0.380952 0.841912 0.373249 0.849090 0.372316 0.852241
1 0.510504 0.866246 0.515173 0.867997 0.528711 0.868347 0.574230 0.864671 0.581699 0.863270 0.619748 0.859069 0.630252 0.856443 0.633053 0.854517 0.640523 0.852241 0.648926 0.841912 0.646825 0.840161 0.640756 0.838235 0.613212 0.834384 0.605742 0.832108 0.602007 0.832458 0.587768 0.837360 0.568161 0.841036 0.546685 0.843137 0.542717 0.845588 0.537115 0.850840 0.526844 0.857143 0.518441 0.860819 0.511905 0.862745 0.510504 0.866246
1 0.860644 0.289916 0.862745 0.290616 0.865313 0.293242 0.872782 0.295868 0.877684 0.298669 0.886555 0.305497 0.893091 0.315301 0.894258 0.318627 0.900794 0.326155 0.904528 0.325105 0.906863 0.322654 0.921102 0.313901 0.922269 0.311275 0.921335 0.303746 0.914799 0.294468 0.908030 0.292717 0.890056 0.292017 0.883987 0.291141 0.875817 0.288340 0.873249 0.286415 0.870215 0.287990 0.866013 0.287290 0.861345 0.289216 0.860644 0.289916
1 0.699113 0.314426 0.706583 0.325455 0.719421 0.314601 0.728525 0.307948 0.730626 0.307248 0.736461 0.302171 0.740663 0.300245 0.740196 0.299020 0.738329 0.297619 0.731559 0.296569 0.719421 0.295168 0.714286 0.295693 0.708917 0.298494 0.699346 0.310399 0.699113 0.314426
1 0.436275 0.519083 0.443744 0.532563 0.443978 0.540791 0.446779 0.549545 0.445378 0.554797 0.442810 0.557073 0.436275 0.567577 0.439309 0.568277 0.474090 0.557248 0.489262 0.554972 0.490663 0.553746 0.491363 0.549020 0.494398 0.543067 0.500700 0.534489 0.515173 0.523985 0.525910 0.518732 0.535714 0.515581 0.538515 0.512080 0.533147 0.510154 0.515173 0.508228 0.511671 0.506828 0.505135 0.508929 0.500000 0.511555 0.494631 0.516106 0.490663 0.517332 0.487628 0.516807 0.485761 0.513130 0.482960 0.512080 0.442110 0.514356 0.437442 0.515581 0.436508 0.516807 0.436275 0.519083
1 0.529412 0.597164 0.528945 0.599615 0.520308 0.615721 0.510738 0.628501 0.503268 0.633754 0.492997 0.644083 0.484594 0.648634 0.479925 0.653536 0.477124 0.654062 0.474790 0.656162 0.463585 0.661239 0.464519 0.662815 0.466387 0.663515 0.473389 0.663165 0.480159 0.661239 0.484127 0.661064 0.494631 0.654237 0.500934 0.647234 0.520075 0.631828 0.528245 0.627801 0.537815 0.624475 0.549953 0.621674 0.560224 0.618697 0.561391 0.617822 0.566993 0.605742 0.565126 0.602416 0.554622 0.599615 0.539449 0.594188 0.532446 0.592787 0.529412 0.597164
1 0.929972 0.647409 0.939076 0.651786 0.952614 0.655287 0.955882 0.655462 0.959384 0.657913 0.963119 0.659314 0.972689 0.660889 0.999767 0.668067 0.999767 0.637955 0.971522 0.643032 0.956583 0.644258 0.929972 0.643908 0.929972 0.647409
1 0.906597 0.052695 0.922969 0.058298 0.925537 0.060749 0.929272 0.062325 0.933940 0.066527 0.940009 0.074930 0.942577 0.082458 0.947479 0.081583 0.962885 0.074580 0.962418 0.071078 0.956816 0.062675 0.949580 0.056723 0.940476 0.053746 0.929089 0.053036 0.921819 0.052695 0.914549 0.051672 0.906597 0.052695