0 0.148459 0.349790 0.150327 0.362920 0.154528 0.378501 0.164799 0.404237 0.173903 0.421394 0.183473 0.432248 0.185107 0.435574 0.209851 0.457808 0.214052 0.460084 0.223856 0.467612 0.244164 0.477416 0.250467 0.479692 0.279645 0.487570 0.297386 0.488620 0.317460 0.487745 0.324463 0.486345 0.338469 0.480567 0.349206 0.474440 0.353641 0.469888 0.357843 0.456583 0.358077 0.451331 0.355509 0.441176 0.355042 0.435574 0.353175 0.432948 0.352474 0.429622 0.345238 0.362745 0.340803 0.348915 0.337768 0.342262 0.328431 0.328256 0.317227 0.314251 0.309057 0.307073 0.289683 0.293242 0.268908 0.284139 0.255135 0.280462 0.248366 0.279412 0.225490 0.278011 0.210317 0.278711 0.203081 0.280112 0.190476 0.285014 0.183007 0.289216 0.163866 0.303746 0.159897 0.307073 0.155462 0.314076 0.149860 0.328081 0.148459 0.349790
0 0.366713 0.387780 0.367647 0.392507 0.367180 0.399160 0.368347 0.411765 0.369748 0.418592 0.372782 0.425070 0.374650 0.431723 0.381419 0.441352 0.394491 0.453782 0.400560 0.457108 0.414332 0.468312 0.423903 0.473039 0.442577 0.480042 0.447712 0.480217 0.456116 0.482493 0.471055 0.482493 0.477124 0.480917 0.491130 0.471989 0.492997 0.470238 0.494164 0.467087 0.498133 0.465686 0.505836 0.457283 0.507703 0.452731 0.512605 0.448704 0.517274 0.435574 0.527077 0.421218 0.532680 0.401085 0.534781 0.387080 0.533147 0.364782 0.533847 0.346814 0.535714 0.332283 0.534781 0.324580 0.532913 0.320903 0.531513 0.314076 0.527311 0.306197 0.517274 0.292542 0.511671 0.288165 0.509337 0.284664 0.503035 0.278711 0.483894 0.270308 0.462652 0.256303 0.454248 0.254552 0.439076 0.252976 0.425303 0.254377 0.415733 0.257003 0.408730 0.261905 0.402194 0.264356 0.391690 0.272759 0.385154 0.279587 0.380486 0.286590 0.376517 0.296394 0.375584 0.304622 0.370448 0.320728 0.366246 0.349790 0.366713 0.387780
0 0.451214 0.223915 0.456583 0.241246 0.465219 0.255252 0.469188 0.257528 0.473623 0.262080 0.480859 0.267507 0.488095 0.271008 0.508637 0.277311 0.530579 0.277486 0.548553 0.274685 0.557190 0.271534 0.560458 0.271008 0.578198 0.263130 0.597106 0.249825 0.624416 0.233894 0.640523 0.221639 0.654762 0.207633 0.659430 0.201681 0.662932 0.195728 0.666667 0.185924 0.669234 0.169293 0.667834 0.147409 0.659430 0.131303 0.651727 0.122899 0.634921 0.111520 0.630252 0.109594 0.616246 0.106092 0.606209 0.105217 0.595238 0.105567 0.591970 0.106443 0.581232 0.107143 0.573529 0.109069 0.560458 0.110994 0.557423 0.113095 0.538982 0.119223 0.529412 0.124300 0.496032 0.145833 0.484360 0.156338 0.480392 0.158964 0.471755 0.168242 0.457516 0.188901 0.451914 0.205882 0.451214 0.223915
0 0.670868 0.152136 0.672736 0.160189 0.672736 0.168417 0.674603 0.185399 0.679272 0.196078 0.689076 0.209209 0.692810 0.213585 0.704949 0.224440 0.725023 0.233368 0.732960 0.237920 0.741830 0.241246 0.747899 0.242997 0.756069 0.243873 0.779412 0.248249 0.804388 0.247724 0.817927 0.245973 0.831232 0.241597 0.838235 0.238095 0.841036 0.235294 0.848973 0.232143 0.856365 0.224498 0.862512 0.220763 0.868114 0.213060 0.871849 0.202906 0.872082 0.181373 0.870915 0.174720 0.866480 0.161940 0.859711 0.148810 0.845472 0.132353 0.831699 0.121499 0.817460 0.113095 0.802754 0.106443 0.793417 0.103641 0.784080 0.101891 0.762372 0.099790 0.748133 0.099615 0.727358 0.103641 0.720588 0.103817 0.711951 0.108543 0.703315 0.111870 0.698413 0.115371 0.690476 0.119398 0.683007 0.125700 0.675070 0.136730 0.671335 0.147759 0.670868 0.152136
0 0.727124 0.331583 0.735761 0.354517 0.736695 0.359244 0.742530 0.366947 0.742997 0.370448 0.750700 0.384454 0.764939 0.401085 0.769841 0.404762 0.772876 0.408263 0.776144 0.409664 0.785948 0.416141 0.800187 0.421043 0.807656 0.422269 0.824930 0.423319 0.830999 0.421919 0.835201 0.422094 0.845005 0.420343 0.859010 0.415791 0.873483 0.408263 0.887488 0.397934 0.894491 0.390581 0.905696 0.375175 0.911998 0.361870 0.916433 0.343312 0.916433 0.331057 0.914332 0.307248 0.908497 0.286590 0.900327 0.272584 0.888189 0.257353 0.882120 0.253151 0.879785 0.250525 0.873016 0.246674 0.852241 0.238620 0.848506 0.238270 0.846639 0.237045 0.844771 0.236870 0.838002 0.240721 0.834967 0.241422 0.823996 0.246849 0.798786 0.249475 0.785014 0.250000 0.780812 0.251050 0.772642 0.255602 0.760271 0.263655 0.748833 0.272409 0.737862 0.286239 0.733193 0.297269 0.730626 0.298845 0.729458 0.300945 0.727358 0.307248 0.726424 0.316702 0.727124 0.331583
0 0.535481 0.374300 0.538282 0.390581 0.548786 0.408613 0.556489 0.418242 0.570962 0.429797 0.580065 0.435049 0.592204 0.443452 0.602241 0.447479 0.608077 0.448354 0.619748 0.446604 0.630019 0.443803 0.633287 0.442227 0.642390 0.432948 0.679505 0.400035 0.685107 0.393032 0.687675 0.391106 0.707983 0.366246 0.720588 0.342087 0.723856 0.324755 0.725724 0.305322 0.724090 0.289216 0.720822 0.280987 0.706349 0.260329 0.693044 0.249475 0.685107 0.244748 0.671802 0.238796 0.661298 0.235294 0.653595 0.234244 0.636088 0.233543 0.628852 0.234594 0.622316 0.236870 0.598739 0.250700 0.586835 0.258578 0.579132 0.265406 0.552288 0.307423 0.545051 0.322129 0.541317 0.327906 0.535948 0.344713 0.535247 0.351541 0.535481 0.374300
0 0.419468 0.637605 0.425770 0.664741 0.427871 0.667717 0.432306 0.678746 0.435341 0.682248 0.440476 0.692402 0.450980 0.706933 0.462418 0.719888 0.472689 0.728817 0.481326 0.734769 0.487395 0.737570 0.492997 0.741246 0.502334 0.744223 0.519141 0.747024 0.522409 0.746324 0.523576 0.744573 0.534781 0.736169 0.537115 0.732843 0.547619 0.722864 0.558824 0.707983 0.568161 0.693102 0.580532 0.664741 0.584267 0.658438 0.584267 0.654412 0.587535 0.644083 0.590570 0.624125 0.589869 0.620098 0.591970 0.615721 0.592437 0.601190 0.590803 0.585609 0.585901 0.571078 0.578665 0.555497 0.572362 0.545343 0.565593 0.536765 0.548786 0.522584 0.538982 0.515756 0.532213 0.511730 0.522642 0.508929 0.510971 0.508053 0.502801 0.509104 0.480859 0.510154 0.478291 0.511730 0.467554 0.513480 0.454949 0.518382 0.448880 0.522409 0.438609 0.536590 0.428571 0.561099 0.426237 0.573004 0.422502 0.584909 0.419001 0.615721 0.419468 0.637605
0 0.233660 0.649685 0.235294 0.661415 0.237628 0.670168 0.238095 0.678922 0.239963 0.684874 0.243697 0.692752 0.251401 0.702381 0.257003 0.707458 0.267974 0.714286 0.282446 0.718487 0.291317 0.719538 0.301354 0.719713 0.317927 0.717437 0.324697 0.715336 0.328198 0.713060 0.341737 0.708158 0.365546 0.692927 0.370215 0.688901 0.374416 0.686450 0.380252 0.680497 0.392390 0.665791 0.402194 0.651786 0.415266 0.619573 0.416200 0.615371 0.418534 0.592437 0.418067 0.584734 0.419234 0.578957 0.417834 0.573179 0.418067 0.567052 0.417134 0.562675 0.414099 0.550420 0.410364 0.543417 0.408030 0.536239 0.402661 0.529062 0.394258 0.520308 0.385854 0.515756 0.374883 0.507178 0.366246 0.502801 0.359244 0.500175 0.352241 0.499300 0.341970 0.496849 0.334267 0.498424 0.324230 0.499125 0.310691 0.501926 0.290383 0.508228 0.286181 0.510504 0.271008 0.522409 0.258637 0.537115 0.249533 0.550595 0.244631 0.562150 0.239496 0.578081 0.235761 0.595588 0.234127 0.611695 0.233660 0.633929 0.233660 0.649685
0 0.058357 0.559699 0.059757 0.568102 0.063492 0.580882 0.066993 0.588585 0.072829 0.596639 0.075630 0.602241 0.084734 0.614146 0.106209 0.627976 0.122549 0.634804 0.126751 0.637780 0.144491 0.644258 0.152661 0.646183 0.163399 0.647234 0.179272 0.646884 0.186508 0.645658 0.192344 0.643908 0.207283 0.633578 0.212418 0.627626 0.216853 0.620448 0.221055 0.616597 0.223623 0.612745 0.226424 0.605392 0.232960 0.597164 0.235761 0.589811 0.237395 0.579307 0.240896 0.567752 0.246732 0.553046 0.256303 0.536239 0.258403 0.525910 0.257937 0.514706 0.256303 0.504902 0.249066 0.490546 0.243231 0.483368 0.241597 0.479167 0.230859 0.472514 0.225023 0.470238 0.217554 0.465686 0.211018 0.460084 0.202148 0.453957 0.189076 0.442752 0.181606 0.439251 0.177638 0.438375 0.162232 0.436450 0.154062 0.436625 0.147526 0.435049 0.142857 0.436975 0.137955 0.437500 0.127918 0.440301 0.124883 0.442227 0.109244 0.445028 0.107843 0.446779 0.105275 0.448179 0.098506 0.449405 0.090336 0.454307 0.077731 0.466036 0.069328 0.481443 0.064192 0.497549 0.063025 0.509279 0.060458 0.519433 0.059757 0.533438 0.058123 0.543067 0.058357 0.559699
0 0.632820 0.455882 0.633520 0.471989 0.636088 0.487920 0.640756 0.498249 0.652194 0.513480 0.659430 0.520133 0.668301 0.526611 0.686741 0.533613 0.706583 0.537465 0.710084 0.538690 0.737862 0.539391 0.748599 0.538340 0.767507 0.534314 0.782913 0.528536 0.799020 0.519783 0.810691 0.509279 0.819328 0.498074 0.826097 0.482668 0.827031 0.477766 0.827031 0.463585 0.825630 0.449755 0.822829 0.439251 0.815359 0.426471 0.811391 0.424020 0.797619 0.421744 0.784547 0.416492 0.772409 0.409664 0.766573 0.404412 0.758637 0.398810 0.754902 0.396709 0.748366 0.394608 0.730859 0.393207 0.707983 0.394433 0.682306 0.401261 0.676937 0.404412 0.661531 0.417717 0.658030 0.421919 0.652661 0.425245 0.647292 0.430147 0.635854 0.443277 0.633520 0.452206 0.632820 0.455882
1 0.059757 0.130602 0.061158 0.141106 0.072129 0.178571 0.073296 0.179447 0.078431 0.180322 0.082166 0.178922 0.103875 0.175945 0.122782 0.176120 0.137255 0.177521 0.154995 0.180847 0.161531 0.176646 0.175537 0.173319 0.186275 0.172094 0.190243 0.170518 0.192110 0.168768 0.193044 0.158438 0.194211 0.154587 0.200980 0.139531 0.208917 0.130077 0.211251 0.123249 0.212185 0.114671 0.208217 0.103116 0.204482 0.097164 0.199813 0.091036 0.193744 0.084909 0.184874 0.078081 0.165966 0.068978 0.147759 0.065826 0.134220 0.065476 0.118114 0.067402 0.108543 0.070028 0.098739 0.073704 0.084967 0.082633 0.075864 0.090161 0.070028 0.096639 0.064893 0.105217 0.061625 0.112745 0.060458 0.119223 0.059757 0.130602
1 0.211951 0.124650 0.213352 0.126401 0.217087 0.125000 0.224790 0.119048 0.244631 0.110819 0.253268 0.109244 0.262372 0.106618 0.284314 0.103817 0.317694 0.107143 0.322596 0.109244 0.334734 0.111870 0.340103 0.114146 0.341970 0.115721 0.345238 0.115721 0.346405 0.112395 0.338936 0.095588 0.333800 0.088235 0.329132 0.083508 0.307423 0.068978 0.290616 0.065476 0.286648 0.062675 0.287348 0.056898 0.286181 0.055147 0.283147 0.056022 0.282213 0.057073 0.281746 0.062325 0.280112 0.064951 0.269141 0.067227 0.265406 0.067052 0.256069 0.069853 0.248833 0.074055 0.243931 0.078081 0.234127 0.088410 0.230908 0.092380 0.230908 0.095582 0.229266 0.096814 0.226966 0.097553 0.225724 0.099265 0.224090 0.101891 0.221055 0.103291 0.218487 0.109069 0.216153 0.111345 0.211951 0.122374 0.211951 0.124650
1 0.352241 0.097514 0.355976 0.097164 0.356909 0.099090 0.354575 0.101891 0.353175 0.109419 0.350140 0.114846 0.351074 0.119048 0.356909 0.123074 0.367180 0.132703 0.369748 0.136905 0.372549 0.136555 0.377684 0.122724 0.385387 0.110469 0.388655 0.106618 0.394258 0.102941 0.399627 0.097339 0.405696 0.092787 0.418067 0.085434 0.421802 0.084384 0.431373 0.079832 0.443511 0.077906 0.441410 0.074405 0.435574 0.072479 0.422969 0.070553 0.407563 0.070378 0.394024 0.073004 0.383287 0.077381 0.373483 0.083508 0.365546 0.089811 0.359244 0.091737 0.357143 0.094013 0.351541 0.095413 0.352241 0.097514
1 0.373950 0.156688 0.376050 0.165966 0.378618 0.171744 0.383520 0.179097 0.390990 0.186625 0.395425 0.188901 0.403361 0.195203 0.413399 0.199580 0.421569 0.201506 0.435341 0.203256 0.449580 0.202381 0.453081 0.199580 0.458217 0.186975 0.466620 0.173845 0.475490 0.163340 0.495331 0.145483 0.504902 0.139706 0.509804 0.135154 0.518674 0.130602 0.530345 0.121674 0.534314 0.119573 0.535014 0.115721 0.532913 0.110819 0.530345 0.108718 0.523576 0.097864 0.518908 0.092612 0.509337 0.084909 0.499300 0.080007 0.483660 0.075805 0.470822 0.074930 0.461485 0.075105 0.446078 0.077381 0.442577 0.077206 0.432073 0.079657 0.424837 0.082283 0.411064 0.089286 0.403828 0.094013 0.395658 0.101716 0.388655 0.106793 0.379318 0.119748 0.374650 0.133053 0.373483 0.139706 0.373950 0.156688
1 0.511671 0.084909 0.513772 0.088235 0.523810 0.097689 0.533380 0.109944 0.536648 0.116947 0.540149 0.117647 0.563492 0.109244 0.570261 0.092962 0.580999 0.077906 0.578198 0.076155 0.573063 0.074405 0.561391 0.072129 0.539449 0.072129 0.529879 0.073880 0.523576 0.076331 0.514472 0.081057 0.512605 0.083333 0.511671 0.084909
1 0.565126 0.106443 0.567694 0.108368 0.594771 0.105217 0.606209 0.104692 0.618814 0.106268 0.634454 0.110644 0.647012 0.118312 0.659197 0.129202 0.668301 0.146008 0.671802 0.141632 0.676937 0.131127 0.683240 0.123599 0.689776 0.118522 0.702848 0.110819 0.707750 0.109244 0.713352 0.105742 0.712652 0.099265 0.711251 0.095238 0.701681 0.078081 0.695145 0.069678 0.682073 0.060574 0.671569 0.055147 0.660831 0.052521 0.647993 0.051120 0.632353 0.051821 0.619281 0.054622 0.613912 0.056548 0.599206 0.064076 0.588936 0.071254 0.581232 0.078081 0.579365 0.081583 0.570962 0.091912 0.567460 0.098915 0.565126 0.106443
1 0.722456 0.102416 0.723623 0.102941 0.748133 0.098915 0.763072 0.099265 0.782913 0.100840 0.797619 0.104342 0.814192 0.110469 0.815126 0.110119 0.816060 0.109069 0.814659 0.103116 0.819328 0.060574 0.819328 0.057248 0.818394 0.055672 0.813959 0.054622 0.802288 0.053922 0.788049 0.055497 0.765640 0.062500 0.755602 0.066702 0.743931 0.074755 0.738095 0.080532 0.733894 0.083508 0.729458 0.088585 0.727358 0.091737 0.726424 0.095063 0.723156 0.098915 0.722456 0.102416
1 0.816760 0.100140 0.818861 0.111520 0.820495 0.113270 0.831466 0.119748 0.846405 0.131653 0.854108 0.140056 0.863445 0.152836 0.872082 0.173669 0.873716 0.184699 0.873483 0.200630 0.875350 0.204482 0.884454 0.208333 0.893324 0.210784 0.897759 0.213235 0.916200 0.215861 0.935808 0.216737 0.949813 0.215161 0.957516 0.212710 0.960084 0.213235 0.963819 0.212360 0.967787 0.205882 0.971522 0.203431 0.975957 0.197654 0.979458 0.191352 0.980392 0.187500 0.984827 0.181197 0.987628 0.173845 0.989262 0.172094 0.993931 0.151261 0.997432 0.119923 0.999767 0.117647 0.999767 0.000000 0.862745 0.000000 0.862278 0.001926 0.849673 0.008228 0.846405 0.010854 0.835434 0.022409 0.830999 0.029412 0.827264 0.036239 0.822129 0.050595 0.820495 0.056898 0.817927 0.078081 0.816760 0.100140
0 0.193277 0.160889 0.193277 0.168417 0.197946 0.178746 0.202614 0.185749 0.206583 0.189251 0.208217 0.193102 0.212885 0.195903 0.215686 0.200105 0.222222 0.201506 0.237628 0.208333 0.259104 0.213585 0.289216 0.216036 0.297619 0.216036 0.324697 0.212535 0.334734 0.208158 0.348273 0.200105 0.367647 0.193978 0.373483 0.190126 0.378852 0.182073 0.379552 0.178922 0.379085 0.175420 0.375584 0.169293 0.373016 0.158613 0.371382 0.141457 0.366246 0.133403 0.351541 0.120623 0.339169 0.113796 0.320962 0.108193 0.303455 0.105217 0.282913 0.103817 0.266807 0.105917 0.254669 0.109419 0.242764 0.111695 0.237628 0.113796 0.234594 0.115896 0.225490 0.119223 0.212185 0.128326 0.203081 0.137780 0.201214 0.140231 0.194444 0.155812 0.193277 0.160889
1 0.289916 0.272234 0.289916 0.276436 0.286181 0.282738 0.288515 0.289741 0.291083 0.293242 0.295518 0.295518 0.312558 0.308298 0.329599 0.327381 0.339402 0.343137 0.342904 0.350490 0.346405 0.363270 0.348506 0.366947 0.359010 0.370623 0.362745 0.370973 0.364613 0.369573 0.365313 0.366246 0.365079 0.349265 0.367180 0.339286 0.366713 0.334734 0.370682 0.318102 0.371382 0.311099 0.373249 0.308123 0.375350 0.300595 0.376050 0.293242 0.384454 0.279062 0.391223 0.272059 0.400560 0.265406 0.404062 0.261555 0.411298 0.259804 0.414799 0.256303 0.432073 0.252276 0.440243 0.252101 0.457516 0.253501 0.458917 0.252801 0.459384 0.251225 0.458450 0.247549 0.453782 0.238796 0.448413 0.222514 0.443277 0.216387 0.433240 0.208158 0.429038 0.205182 0.410131 0.199405 0.401027 0.195378 0.397993 0.194678 0.380019 0.193627 0.373249 0.194503 0.362045 0.197304 0.345238 0.202731 0.322596 0.216737 0.306489 0.235819 0.304388 0.240196 0.299486 0.246324 0.292951 0.258929 0.289916 0.272234
1 0.200047 0.223915 0.202381 0.227416 0.204949 0.234069 0.205415 0.241246 0.202848 0.254902 0.200514 0.262080 0.198179 0.268207 0.190943 0.279412 0.191410 0.280637 0.195845 0.280812 0.207049 0.277836 0.226564 0.276961 0.253035 0.278361 0.262838 0.280287 0.265406 0.281513 0.268908 0.281162 0.276144 0.272584 0.277077 0.262255 0.276611 0.251751 0.275444 0.244748 0.269841 0.230567 0.262605 0.216912 0.252334 0.213936 0.246965 0.211310 0.233427 0.207983 0.220355 0.201856 0.215453 0.201506 0.213352 0.202031 0.212185 0.204832 0.209617 0.206408 0.211485 0.209384 0.209251 0.208921 0.207931 0.209912 0.206349 0.211310 0.201214 0.217437 0.199813 0.220413 0.200047 0.223915
1 0.001867 0.221464 0.000000 0.221639 0.000000 0.336835 0.004902 0.337885 0.008637 0.337885 0.018441 0.341036 0.023343 0.340861 0.025910 0.341912 0.035714 0.341211 0.040616 0.341912 0.056489 0.340686 0.060691 0.338585 0.064426 0.338585 0.070962 0.336660 0.078198 0.337010 0.087768 0.335434 0.112512 0.328782 0.117880 0.326506 0.120682 0.323529 0.131419 0.321254 0.157563 0.307773 0.183940 0.286064 0.190009 0.279062 0.197946 0.265756 0.201914 0.255077 0.202848 0.243347 0.204015 0.239146 0.201214 0.228291 0.197712 0.222339 0.193277 0.219188 0.188609 0.210609 0.185808 0.202031 0.179972 0.194328 0.171802 0.188901 0.153595 0.181548 0.140056 0.179097 0.116013 0.176471 0.091270 0.178571 0.068161 0.183298 0.052054 0.188725 0.038749 0.194853 0.030345 0.199930 0.025910 0.201506 0.012138 0.212535 0.004902 0.217087 0.001867 0.221464
1 0.000000 0.098214 0.000000 0.218312 0.001401 0.218312 0.019841 0.204482 0.037582 0.194328 0.050887 0.188375 0.069094 0.182073 0.071195 0.178746 0.060691 0.142157 0.058357 0.124300 0.055789 0.119748 0.051821 0.117472 0.042951 0.109944 0.033380 0.104517 0.016106 0.098915 0.003035 0.098039 0.000000 0.098214
1 0.862745 0.223214 0.856209 0.229167 0.852474 0.230742 0.847339 0.234769 0.852241 0.237920 0.859244 0.239671 0.873483 0.246148 0.884921 0.254202 0.891690 0.260854 0.898926 0.269958 0.906863 0.282388 0.912232 0.294818 0.914799 0.306022 0.917367 0.332108 0.916433 0.352416 0.918768 0.353291 0.925303 0.350665 0.928805 0.350490 0.935574 0.348214 0.941954 0.344830 0.946078 0.338585 0.947012 0.334209 0.949580 0.330182 0.950047 0.327906 0.948646 0.324230 0.950747 0.318452 0.950747 0.309699 0.951681 0.305672 0.950980 0.295693 0.951447 0.271008 0.950747 0.257528 0.947712 0.246148 0.943044 0.236345 0.939542 0.231443 0.931839 0.222689 0.923669 0.217437 0.922035 0.216737 0.917600 0.216737 0.899160 0.214111 0.886788 0.210434 0.876751 0.206583 0.873016 0.208333 0.862745 0.223214
1 0.991363 0.164916 0.989729 0.170168 0.985761 0.179272 0.979692 0.188901 0.974323 0.199755 0.970121 0.204307 0.960084 0.211485 0.947946 0.214636 0.931839 0.216912 0.932073 0.220413 0.938842 0.228466 0.943511 0.231618 0.956349 0.235119 0.961018 0.235469 0.962885 0.234944 0.968954 0.237745 0.984827 0.240021 0.991130 0.240196 0.999767 0.238095 0.999767 0.123775 0.998133 0.123775 0.991363 0.164916
1 0.952848 0.331758 0.954482 0.344888 0.958217 0.354692 0.965219 0.367647 0.974090 0.375700 0.998133 0.391807 0.999767 0.391807 0.999767 0.239321 0.998133 0.239321 0.995098 0.241246 0.993231 0.243347 0.983427 0.250175 0.972689 0.260504 0.968021 0.268732 0.964286 0.273284 0.957983 0.290091 0.953548 0.324405 0.952848 0.331758
1 0.846872 0.432073 0.855509 0.460084 0.859010 0.463585 0.861578 0.471639 0.866013 0.476716 0.867180 0.481268 0.871148 0.487920 0.884220 0.503326 0.906863 0.519783 0.917600 0.525910 0.922035 0.528186 0.938142 0.533964 0.966853 0.540791 0.981559 0.541842 0.994865 0.541492 0.999767 0.540266 0.999767 0.394433 0.997899 0.394258 0.996265 0.391632 0.970822 0.375175 0.956816 0.370273 0.953081 0.367997 0.942110 0.364321 0.922269 0.360819 0.918301 0.360819 0.913866 0.362920 0.903828 0.380602 0.900560 0.383578 0.891923 0.394783 0.873249 0.409314 0.859244 0.416667 0.849907 0.420343 0.847572 0.421919 0.847106 0.423845 0.846872 0.432073
1 0.739496 0.564251 0.740663 0.567927 0.743697 0.573704 0.758637 0.616246 0.771709 0.643908 0.785948 0.665616 0.791083 0.672094 0.798553 0.679797 0.806723 0.686625 0.814192 0.691352 0.821429 0.694328 0.826797 0.695028 0.852474 0.695553 0.859244 0.694328 0.884454 0.685574 0.893791 0.681548 0.908730 0.671744 0.924136 0.654762 0.931373 0.643908 0.937442 0.629202 0.940009 0.613445 0.940243 0.601891 0.939309 0.589286 0.934874 0.564251 0.930439 0.550070 0.924837 0.538515 0.922736 0.532038 0.920868 0.529412 0.918534 0.527486 0.910598 0.523810 0.881419 0.502276 0.869748 0.488620 0.866246 0.485819 0.852241 0.480917 0.836835 0.479692 0.831232 0.479692 0.829132 0.480392 0.827965 0.481443 0.824230 0.491422 0.820028 0.499475 0.808590 0.513130 0.798086 0.521359 0.789916 0.526786 0.786181 0.527836 0.776611 0.532563 0.754435 0.538690 0.744164 0.540266 0.742063 0.543067 0.741363 0.554797 0.739729 0.560224 0.739496 0.564251
1 0.578431 0.550245 0.589402 0.574405 0.593137 0.588235 0.608777 0.613620 0.616713 0.622199 0.622782 0.631478 0.632820 0.637955 0.640523 0.644433 0.665033 0.660714 0.671335 0.663340 0.678805 0.668592 0.692810 0.673669 0.709851 0.677171 0.721055 0.677346 0.734127 0.675070 0.742297 0.671919 0.749533 0.664741 0.755836 0.651436 0.757470 0.643207 0.757470 0.637255 0.755602 0.619398 0.749533 0.595063 0.746032 0.584909 0.734360 0.559174 0.724090 0.541667 0.720121 0.540091 0.707983 0.539216 0.689076 0.535364 0.669001 0.527836 0.662232 0.523284 0.649860 0.512255 0.640756 0.500000 0.637488 0.498599 0.633754 0.498249 0.630019 0.498599 0.623950 0.500525 0.606909 0.507353 0.599206 0.511380 0.593371 0.515581 0.587068 0.522409 0.582633 0.529412 0.579132 0.541317 0.578431 0.550245
1 0.533847 0.432948 0.538282 0.448179 0.539916 0.450980 0.539916 0.453081 0.552288 0.469363 0.553688 0.470063 0.555322 0.473915 0.577965 0.489321 0.591270 0.495623 0.598273 0.498074 0.612745 0.501576 0.616246 0.501576 0.636788 0.495273 0.637021 0.493522 0.634454 0.485469 0.631886 0.464723 0.632586 0.444853 0.629785 0.443803 0.620215 0.448004 0.615780 0.449055 0.608077 0.449230 0.601307 0.447479 0.591737 0.442927 0.588235 0.440126 0.569795 0.429972 0.559290 0.422444 0.552521 0.415441 0.543184 0.399685 0.539916 0.395833 0.536648 0.394783 0.532680 0.408438 0.533847 0.432948
1 0.376050 0.444853 0.381186 0.461310 0.382820 0.472164 0.387255 0.481793 0.388655 0.487570 0.396592 0.499650 0.402661 0.505777 0.411064 0.510504 0.425770 0.514881 0.438142 0.516807 0.449813 0.516807 0.453315 0.516106 0.477124 0.508754 0.478992 0.500875 0.481092 0.498775 0.484360 0.497374 0.491363 0.501050 0.504435 0.491772 0.519608 0.473739 0.521709 0.468137 0.526611 0.459559 0.529645 0.445903 0.532913 0.439776 0.531046 0.419993 0.530579 0.418417 0.529412 0.417892 0.527778 0.421919 0.524977 0.425245 0.524276 0.428396 0.516573 0.439251 0.514239 0.445903 0.508403 0.452731 0.502334 0.462185 0.495565 0.466562 0.492764 0.470763 0.488095 0.475490 0.481559 0.479517 0.475957 0.481968 0.469888 0.483193 0.457283 0.482843 0.449113 0.480392 0.442110 0.479867 0.428571 0.475315 0.419935 0.470238 0.413165 0.467962 0.407796 0.464811 0.402661 0.460259 0.393324 0.453957 0.390523 0.450455 0.384921 0.445728 0.383520 0.442577 0.378385 0.437850 0.376517 0.434874 0.375117 0.437325 0.376050 0.444853
1 0.043184 0.366246 0.047152 0.370448 0.050187 0.376576 0.058123 0.388305 0.065826 0.404062 0.068861 0.414566 0.070261 0.425945 0.069561 0.449230 0.067227 0.462710 0.064659 0.470413 0.063025 0.480567 0.057190 0.491597 0.053688 0.501401 0.056022 0.508228 0.057656 0.509979 0.060691 0.508578 0.066293 0.484419 0.076331 0.465686 0.083567 0.457983 0.089869 0.452906 0.097572 0.448880 0.106443 0.446078 0.109010 0.441176 0.110878 0.439426 0.119281 0.437500 0.123249 0.438901 0.126984 0.439251 0.143791 0.434524 0.147292 0.432773 0.172269 0.436625 0.179038 0.436800 0.181373 0.435399 0.179972 0.432073 0.169701 0.417192 0.156396 0.387780 0.148226 0.360994 0.147292 0.352416 0.144491 0.348739 0.126751 0.338060 0.119748 0.332108 0.116013 0.331232 0.105976 0.332283 0.087535 0.337185 0.073763 0.339811 0.067227 0.341912 0.063725 0.345413 0.050887 0.354167 0.047152 0.359419 0.042951 0.362395 0.043184 0.366246
1 0.000000 0.340161 0.000000 0.556373 0.001401 0.556373 0.018908 0.544293 0.026611 0.537465 0.041083 0.519783 0.048086 0.509804 0.060924 0.481443 0.064893 0.466562 0.067460 0.460259 0.068394 0.454132 0.067927 0.442402 0.069094 0.433473 0.068161 0.418417 0.065126 0.404412 0.057423 0.388655 0.046685 0.371148 0.042484 0.366422 0.037815 0.359069 0.033847 0.356618 0.030579 0.352416 0.024043 0.346989 0.018674 0.343487 0.013772 0.341737 0.002334 0.340161 0.000000 0.340161
1 0.929505 0.536239 0.930439 0.539041 0.929739 0.543417 0.933940 0.553746 0.940476 0.587360 0.941176 0.594013 0.940943 0.621849 0.941877 0.625700 0.953081 0.636905 0.966620 0.647234 0.986461 0.664916 0.998133 0.673319 0.999767 0.673319 0.999767 0.542367 0.970822 0.541667 0.951447 0.538515 0.942810 0.536064 0.933240 0.535014 0.930439 0.535539 0.929505 0.536239
1 0.857610 0.724090 0.861578 0.742647 0.864146 0.770658 0.867180 0.775210 0.868114 0.779412 0.870682 0.783438 0.882820 0.800070 0.894024 0.813375 0.908497 0.827906 0.925537 0.840161 0.937675 0.847164 0.946078 0.850665 0.952848 0.854692 0.970588 0.862920 0.982260 0.865196 0.991130 0.868172 0.999767 0.867822 0.999767 0.674720 0.980159 0.660889 0.972923 0.653887 0.950980 0.636555 0.942577 0.628852 0.939076 0.630077 0.936508 0.636730 0.929972 0.647234 0.928571 0.650910 0.916667 0.665266 0.909664 0.672094 0.901261 0.678396 0.887021 0.685749 0.856443 0.695903 0.853641 0.698529 0.857610 0.724090
1 0.669935 0.706758 0.671569 0.711485 0.674370 0.726891 0.682306 0.751401 0.684407 0.761730 0.694444 0.792017 0.698880 0.800770 0.702381 0.810749 0.729925 0.847164 0.744631 0.860469 0.751401 0.863095 0.758403 0.864671 0.770075 0.864671 0.783380 0.862745 0.792717 0.860294 0.811391 0.852941 0.822596 0.845938 0.831466 0.839111 0.838469 0.832283 0.850840 0.814776 0.855509 0.803922 0.858543 0.792892 0.861578 0.773459 0.861578 0.758578 0.856676 0.724440 0.851541 0.703081 0.848973 0.698704 0.845472 0.696604 0.824230 0.695553 0.814893 0.692752 0.810691 0.689426 0.805556 0.686800 0.791317 0.673845 0.772642 0.648634 0.765640 0.641982 0.763772 0.644083 0.758637 0.645658 0.757703 0.651261 0.750700 0.664916 0.742297 0.672619 0.730859 0.676821 0.723623 0.677696 0.720588 0.678746 0.713119 0.678571 0.702848 0.676996 0.689076 0.672969 0.682073 0.672444 0.678338 0.674020 0.675070 0.678571 0.669935 0.695903 0.669935 0.706758
1 0.500700 0.765231 0.502568 0.780287 0.518908 0.822129 0.532913 0.847339 0.542717 0.860644 0.552521 0.871674 0.556723 0.877976 0.573763 0.889181 0.580065 0.891982 0.588469 0.893382 0.602474 0.892507 0.606676 0.891282 0.619048 0.889881 0.645425 0.879202 0.654528 0.871499 0.665033 0.859594 0.671802 0.849965 0.679038 0.835959 0.683007 0.823179 0.684641 0.814601 0.685574 0.794468 0.685574 0.786415 0.682773 0.761905 0.671102 0.722864 0.666667 0.703256 0.664099 0.696254 0.658030 0.685749 0.654528 0.681197 0.648226 0.675245 0.643324 0.671218 0.636788 0.667367 0.616480 0.659664 0.605976 0.658088 0.591503 0.658438 0.585201 0.659489 0.577965 0.672269 0.574930 0.681022 0.569094 0.693452 0.563492 0.701155 0.557656 0.711485 0.548319 0.722689 0.539683 0.730567 0.537582 0.733718 0.527311 0.741071 0.513305 0.744923 0.511671 0.744398 0.504435 0.745273 0.501634 0.749475 0.500934 0.753676 0.500700 0.765231
1 0.318394 0.820028 0.319795 0.838585 0.321195 0.845588 0.327965 0.865896 0.335434 0.871324 0.341737 0.873249 0.359244 0.876576 0.382353 0.875175 0.397292 0.872199 0.414566 0.866772 0.428338 0.861169 0.442810 0.853116 0.457983 0.841737 0.467787 0.832283 0.478992 0.817927 0.488796 0.802171 0.498133 0.782913 0.499300 0.773284 0.499533 0.745623 0.498133 0.744223 0.491363 0.741947 0.485294 0.737045 0.470588 0.728116 0.455649 0.713761 0.447479 0.702906 0.443511 0.699230 0.442577 0.696604 0.437442 0.689251 0.436741 0.686450 0.430205 0.676120 0.424603 0.664391 0.421802 0.654412 0.418534 0.652136 0.414566 0.651786 0.406162 0.654062 0.401261 0.656513 0.397059 0.660539 0.391923 0.668943 0.386321 0.674195 0.379318 0.683123 0.359010 0.698880 0.345005 0.707808 0.333800 0.713410 0.330532 0.716912 0.324230 0.744398 0.318627 0.806723 0.318394 0.820028
1 0.129552 0.819328 0.131653 0.835434 0.135154 0.845413 0.140289 0.853116 0.144258 0.856618 0.157096 0.861870 0.165733 0.862745 0.184407 0.860469 0.206583 0.853641 0.221055 0.846989 0.232493 0.839461 0.240663 0.835084 0.253968 0.824580 0.269374 0.810924 0.286415 0.791492 0.302521 0.767507 0.307190 0.762605 0.317227 0.747374 0.321895 0.742297 0.327264 0.723915 0.327031 0.718662 0.326097 0.716737 0.321195 0.716562 0.314659 0.718662 0.304388 0.720063 0.291317 0.720238 0.283147 0.719363 0.275910 0.716737 0.268441 0.715336 0.266106 0.714111 0.256536 0.707808 0.248133 0.699755 0.242997 0.692752 0.237162 0.678922 0.237862 0.675245 0.234360 0.664391 0.233660 0.658964 0.232493 0.628852 0.232026 0.626926 0.230859 0.626050 0.227124 0.626926 0.216853 0.631828 0.191643 0.647584 0.176704 0.661590 0.165733 0.675070 0.156863 0.688550 0.149860 0.702906 0.143324 0.721289 0.140289 0.734069 0.139356 0.743347 0.137255 0.751401 0.131653 0.785889 0.129785 0.803922 0.129552 0.819328
1 0.010738 0.686625 0.004202 0.694153 0.001867 0.699055 0.000000 0.699230 0.000000 0.843487 0.007703 0.846814 0.019141 0.849615 0.023109 0.849790 0.036415 0.847514 0.047386 0.843137 0.061391 0.835784 0.086835 0.818277 0.102941 0.804447 0.115313 0.791492 0.127684 0.782913 0.132120 0.775560 0.139356 0.734769 0.142857 0.719713 0.147292 0.706408 0.160364 0.679097 0.164566 0.674895 0.171802 0.665091 0.173903 0.660539 0.177871 0.657738 0.181606 0.650910 0.178805 0.648810 0.176004 0.649685 0.171335 0.649510 0.168301 0.650210 0.165033 0.648459 0.152428 0.647059 0.144024 0.645308 0.119048 0.635154 0.099206 0.624125 0.089402 0.619573 0.084734 0.618873 0.081466 0.620098 0.068861 0.630077 0.064192 0.632353 0.052054 0.642507 0.039683 0.654937 0.035481 0.657738 0.031746 0.662815 0.025444 0.668067 0.018674 0.675420 0.010738 0.686625
1 0.493697 0.505952 0.498133 0.508403 0.504435 0.507528 0.515873 0.507178 0.526611 0.509104 0.533380 0.511380 0.554388 0.525910 0.572596 0.543242 0.574463 0.546218 0.576797 0.544993 0.578898 0.536765 0.581933 0.529412 0.586835 0.520833 0.597339 0.511029 0.605509 0.505252 0.603408 0.501401 0.590570 0.496849 0.584034 0.493522 0.574697 0.487395 0.563959 0.481968 0.556723 0.477241 0.553922 0.476190 0.546218 0.476366 0.541317 0.475665 0.522409 0.476015 0.519141 0.477066 0.514706 0.480742 0.506303 0.491246 0.498599 0.496849 0.495798 0.498074 0.492530 0.501225 0.493697 0.505952
1 0.585901 0.655112 0.587768 0.656688 0.603408 0.656688 0.609244 0.655987 0.612745 0.650560 0.616947 0.640931 0.619981 0.630602 0.619281 0.626751 0.608077 0.613270 0.598739 0.598389 0.595472 0.596289 0.594071 0.597864 0.591970 0.614846 0.590336 0.619398 0.591036 0.621849 0.590570 0.630077 0.585901 0.652311 0.585901 0.655112
1 0.042250 0.519608 0.039216 0.522234 0.031746 0.533789 0.027778 0.537815 0.019841 0.545168 0.011438 0.549370 0.001867 0.557773 0.000000 0.557948 0.000000 0.637605 0.002801 0.638655 0.016573 0.647934 0.029178 0.653186 0.035948 0.655112 0.041550 0.651261 0.049486 0.643207 0.061858 0.632878 0.066060 0.630602 0.076331 0.622899 0.083800 0.616246 0.077031 0.607143 0.067694 0.591211 0.064893 0.588761 0.059757 0.574580 0.058123 0.567927 0.056256 0.550770 0.056489 0.542892 0.058357 0.531513 0.058357 0.515406 0.053688 0.506828 0.050187 0.508053 0.042250 0.519608
1 0.345705 0.494923 0.347806 0.497374 0.361578 0.500350 0.369748 0.504027 0.375350 0.507178 0.386321 0.515756 0.393791 0.519258 0.402661 0.528011 0.409897 0.539041 0.416433 0.553571 0.418301 0.564251 0.421802 0.574755 0.425070 0.568452 0.427171 0.559349 0.428805 0.557073 0.433473 0.544293 0.438375 0.534839 0.447246 0.522409 0.448179 0.518908 0.445145 0.517682 0.425303 0.515056 0.416900 0.512780 0.411064 0.510854 0.407796 0.508403 0.404295 0.507003 0.395892 0.498599 0.391457 0.491947 0.386555 0.480042 0.383520 0.476190 0.380252 0.474615 0.370682 0.474265 0.359477 0.475490 0.355509 0.479342 0.352708 0.484944 0.347572 0.491422 0.345705 0.494923
1 0.247199 0.484419 0.249300 0.486870 0.251401 0.492297 0.258637 0.502626 0.265406 0.505952 0.272176 0.507178 0.279412 0.509979 0.283380 0.509979 0.304155 0.502101 0.313959 0.500525 0.317460 0.499125 0.334967 0.497199 0.343137 0.494923 0.345238 0.493522 0.352708 0.482668 0.353875 0.478992 0.355742 0.476716 0.356443 0.473039 0.355742 0.470063 0.354108 0.471814 0.352241 0.472514 0.350840 0.475140 0.346172 0.478116 0.338469 0.480917 0.334034 0.483368 0.325630 0.485994 0.299587 0.488971 0.273343 0.486520 0.265640 0.484244 0.255369 0.482668 0.251867 0.480917 0.247432 0.480917 0.247199 0.484419
1 0.118347 0.328081 0.120915 0.331408 0.128385 0.338060 0.139823 0.345763 0.147292 0.348214 0.150560 0.324930 0.152661 0.317752 0.154762 0.314076 0.154995 0.310049 0.154295 0.309699 0.150794 0.311275 0.133987 0.320203 0.126517 0.322829 0.123016 0.323354 0.119048 0.327031 0.118347 0.328081
1 0.019141 0.343312 0.020775 0.345413 0.039683 0.360819 0.043417 0.361169 0.054155 0.351015 0.057890 0.348739 0.064426 0.342962 0.068161 0.341912 0.068161 0.341387 0.067460 0.340336 0.063959 0.339811 0.040850 0.342262 0.022876 0.341211 0.014006 0.341737 0.019141 0.343312
1 0.158964 0.182248 0.161298 0.183824 0.170401 0.187500 0.180205 0.193452 0.185107 0.199055 0.189309 0.208683 0.192577 0.210259 0.203081 0.198880 0.206583 0.192752 0.202614 0.185749 0.193044 0.172794 0.188842 0.172444 0.184407 0.173669 0.178571 0.173669 0.175303 0.174720 0.169701 0.175245 0.161298 0.178746 0.159430 0.181022 0.158964 0.182248
1 0.638422 0.230742 0.640523 0.231793 0.659897 0.233894 0.676937 0.240021 0.691176 0.247549 0.700980 0.254727 0.708217 0.261380 0.722222 0.281688 0.727358 0.297794 0.730859 0.296569 0.739729 0.282038 0.750000 0.270483 0.763772 0.259804 0.777311 0.251751 0.776611 0.249825 0.774510 0.248074 0.764006 0.246324 0.755836 0.244048 0.742997 0.242122 0.735528 0.239496 0.724556 0.233543 0.716853 0.231092 0.711485 0.228466 0.699346 0.220588 0.686741 0.207633 0.682306 0.201155 0.678805 0.198529 0.661531 0.204307 0.647059 0.216912 0.639122 0.227416 0.638422 0.230742