1 0.332166 0.169118 0.334034 0.175070 0.341970 0.185749 0.348506 0.191527 0.352941 0.191352 0.369281 0.187850 0.380252 0.187150 0.399160 0.184699 0.428805 0.185224 0.463585 0.191001 0.485294 0.175420 0.484594 0.171744 0.472456 0.160539 0.469888 0.155987 0.468487 0.150035 0.468487 0.142507 0.471055 0.133228 0.480859 0.120448 0.489029 0.113620 0.496265 0.109069 0.498833 0.105917 0.483427 0.098739 0.473856 0.096113 0.459851 0.094013 0.453081 0.093312 0.445612 0.094188 0.427638 0.098039 0.407796 0.108018 0.390523 0.115371 0.383520 0.119398 0.369748 0.123950 0.362745 0.128676 0.344538 0.145658 0.343137 0.148459 0.334967 0.157913 0.332400 0.165791 0.332166 0.169118
1 0.469188 0.151085 0.472222 0.159314 0.479458 0.166842 0.487862 0.172969 0.492764 0.172619 0.504202 0.169643 0.522409 0.167892 0.555322 0.169118 0.568161 0.170343 0.581466 0.173319 0.591970 0.174545 0.603408 0.176821 0.616246 0.181197 0.619981 0.181373 0.621849 0.180847 0.623016 0.179097 0.620448 0.173494 0.618581 0.162115 0.620682 0.147759 0.626050 0.135854 0.634454 0.124125 0.639122 0.119748 0.640289 0.116071 0.634921 0.112395 0.622782 0.107843 0.601774 0.101716 0.595472 0.100490 0.564659 0.096464 0.550187 0.096289 0.535714 0.097689 0.520308 0.101015 0.501167 0.106443 0.499300 0.107318 0.497666 0.109419 0.494398 0.110119 0.482960 0.118873 0.478758 0.123074 0.471522 0.132878 0.468954 0.140406 0.469188 0.151085
1 0.619514 0.165441 0.620448 0.171744 0.625117 0.182073 0.641923 0.189951 0.646825 0.193978 0.651027 0.196254 0.657330 0.197654 0.664799 0.194853 0.673203 0.188725 0.680205 0.184699 0.691176 0.179622 0.704949 0.174545 0.714986 0.172794 0.727358 0.169468 0.747666 0.166141 0.765640 0.164391 0.786181 0.161064 0.817460 0.159839 0.819094 0.157913 0.817227 0.154237 0.797852 0.131303 0.794585 0.125875 0.790149 0.113270 0.789683 0.099090 0.788282 0.097514 0.782213 0.095238 0.769374 0.093137 0.745098 0.090336 0.724790 0.088936 0.713352 0.088761 0.692344 0.091562 0.676704 0.096814 0.657796 0.105917 0.640523 0.118172 0.638889 0.120973 0.633520 0.126401 0.624416 0.140231 0.621615 0.146534 0.619748 0.154062 0.619514 0.165441
1 0.791083 0.112745 0.796218 0.126751 0.806956 0.141457 0.814192 0.149685 0.820962 0.155112 0.824697 0.153011 0.829832 0.146709 0.837535 0.140756 0.848973 0.134279 0.866013 0.128151 0.886088 0.123775 0.909197 0.122899 0.924837 0.124300 0.957283 0.129202 0.991130 0.139531 0.995098 0.139531 0.999767 0.137780 0.999767 0.136555 0.985761 0.119398 0.983660 0.115721 0.979225 0.102591 0.978992 0.094713 0.980392 0.085084 0.985294 0.071078 0.981326 0.066877 0.970355 0.062500 0.963585 0.061275 0.924136 0.059699 0.870215 0.060049 0.855509 0.061099 0.834500 0.060574 0.814192 0.063200 0.807190 0.066001 0.799253 0.074405 0.793184 0.085084 0.790616 0.096289 0.791083 0.112745
1 0.204248 0.192752 0.208917 0.203081 0.216620 0.213585 0.223856 0.219013 0.227591 0.219013 0.236228 0.216737 0.248133 0.214986 0.259337 0.214111 0.303922 0.213585 0.322129 0.202381 0.331699 0.198529 0.334967 0.196429 0.345705 0.192577 0.344771 0.189251 0.334734 0.177171 0.331466 0.169643 0.331699 0.164566 0.334267 0.157563 0.343137 0.147409 0.343137 0.144083 0.330532 0.141807 0.314426 0.141106 0.272642 0.145483 0.256769 0.148284 0.250467 0.150210 0.229692 0.158789 0.217087 0.165616 0.207516 0.174020 0.203548 0.183298 0.204248 0.192752
1 0.286415 0.241947 0.287348 0.244748 0.290850 0.249125 0.311858 0.258403 0.314192 0.261204 0.324230 0.266807 0.327965 0.270133 0.341970 0.262255 0.353175 0.258228 0.366013 0.255252 0.383520 0.252276 0.401027 0.250350 0.427404 0.248775 0.453315 0.249125 0.481092 0.253676 0.484127 0.253676 0.486928 0.251576 0.486928 0.248074 0.472456 0.234419 0.465453 0.219888 0.462652 0.207983 0.462885 0.199405 0.463819 0.196604 0.462885 0.192927 0.455882 0.190301 0.425537 0.185224 0.407563 0.184874 0.382820 0.186625 0.366013 0.188901 0.338235 0.195903 0.322596 0.202906 0.302288 0.216387 0.289683 0.230567 0.286881 0.237920 0.286415 0.241947
1 0.196078 0.248074 0.199113 0.257528 0.201914 0.262605 0.208917 0.270483 0.213352 0.273985 0.216620 0.274860 0.223856 0.273985 0.232493 0.271359 0.265640 0.267682 0.283380 0.268207 0.320728 0.273459 0.324463 0.273284 0.326564 0.269083 0.323063 0.266807 0.321195 0.264531 0.316060 0.262780 0.310924 0.257878 0.292717 0.250525 0.287348 0.244748 0.287115 0.237570 0.290616 0.228992 0.295051 0.223389 0.302754 0.216912 0.299720 0.214286 0.285714 0.213585 0.258170 0.214461 0.246965 0.215336 0.234360 0.217787 0.219421 0.222689 0.209851 0.226716 0.204015 0.230742 0.199113 0.235644 0.196312 0.241947 0.196078 0.248074
1 0.186741 0.308473 0.187908 0.314251 0.189076 0.317402 0.194678 0.325805 0.205415 0.335084 0.217087 0.341387 0.219888 0.342087 0.234827 0.339461 0.245331 0.335959 0.261905 0.332458 0.268908 0.331232 0.272409 0.331583 0.297386 0.327031 0.329365 0.326681 0.345472 0.329132 0.350840 0.331583 0.352708 0.331583 0.360644 0.328081 0.354342 0.324580 0.352241 0.321254 0.349206 0.319328 0.345238 0.314776 0.330999 0.303922 0.327731 0.298319 0.324463 0.289741 0.322829 0.277661 0.317694 0.274510 0.299020 0.270483 0.276144 0.268207 0.264006 0.268382 0.250700 0.269258 0.237628 0.271008 0.223623 0.274685 0.213585 0.278186 0.201447 0.285539 0.193511 0.293242 0.188842 0.299370 0.187442 0.303571 0.186741 0.308473
1 0.324930 0.283088 0.327965 0.296394 0.333800 0.305147 0.338936 0.308298 0.340570 0.310924 0.358777 0.328081 0.361811 0.329482 0.365313 0.329832 0.389823 0.328081 0.411765 0.325105 0.428571 0.318978 0.445845 0.315826 0.452381 0.314951 0.474556 0.315301 0.478992 0.314601 0.479458 0.313901 0.477591 0.310749 0.472689 0.304797 0.468954 0.297794 0.469655 0.285014 0.471755 0.279237 0.475023 0.274335 0.481793 0.266632 0.487395 0.261730 0.491363 0.259454 0.491830 0.258403 0.483894 0.255077 0.449813 0.249650 0.441176 0.249650 0.436741 0.250350 0.420401 0.249650 0.397292 0.251401 0.363212 0.256303 0.349440 0.259979 0.336835 0.265406 0.327965 0.272059 0.325864 0.276085 0.324930 0.283088
1 0.469888 0.296919 0.470588 0.300245 0.472923 0.304447 0.476424 0.307073 0.479925 0.312500 0.486928 0.318102 0.490430 0.319503 0.494631 0.322829 0.498133 0.322654 0.508170 0.319503 0.522409 0.313725 0.529645 0.312325 0.543417 0.310574 0.550654 0.308824 0.574697 0.307948 0.595938 0.309174 0.622782 0.314776 0.635854 0.319328 0.673903 0.339636 0.679038 0.339111 0.683707 0.337010 0.699580 0.332983 0.703081 0.331408 0.705649 0.328081 0.699813 0.324405 0.680906 0.309874 0.673436 0.302171 0.666433 0.291667 0.663866 0.283789 0.663165 0.272409 0.664799 0.265406 0.668768 0.256653 0.670401 0.255077 0.669701 0.251576 0.658030 0.246148 0.653128 0.245798 0.637255 0.241947 0.612979 0.238796 0.609244 0.237745 0.578198 0.234944 0.553455 0.236695 0.528945 0.241246 0.515640 0.245273 0.500467 0.252976 0.489963 0.259804 0.477124 0.272584 0.472222 0.279412 0.469888 0.287465 0.469888 0.296919
1 0.664332 0.272584 0.665733 0.286239 0.668301 0.293242 0.675303 0.303571 0.684407 0.311800 0.703081 0.325105 0.711018 0.329132 0.714052 0.329832 0.724556 0.329832 0.738562 0.328782 0.769141 0.324930 0.808824 0.322129 0.834967 0.322304 0.852241 0.323880 0.860411 0.323880 0.865546 0.322654 0.867180 0.321078 0.867414 0.319328 0.866713 0.314426 0.862512 0.304622 0.861811 0.300420 0.862278 0.290616 0.865079 0.283438 0.870448 0.273634 0.880719 0.261730 0.898226 0.248775 0.901494 0.244748 0.898459 0.240721 0.894725 0.237570 0.884454 0.230742 0.876751 0.227066 0.870682 0.222864 0.848739 0.213936 0.841970 0.212185 0.825397 0.210959 0.803455 0.211835 0.772176 0.215161 0.714286 0.223739 0.695612 0.229692 0.683940 0.236520 0.677171 0.243347 0.673203 0.249300 0.669468 0.259104 0.665500 0.266106 0.664332 0.272584
1 0.863679 0.303746 0.869748 0.316176 0.879318 0.325105 0.884687 0.328256 0.890523 0.330357 0.893557 0.330707 0.912232 0.320028 0.920168 0.316527 0.929739 0.312850 0.947246 0.307598 0.956583 0.305322 0.969188 0.303571 0.999767 0.301120 0.999767 0.226891 0.992297 0.225665 0.979692 0.225140 0.959617 0.227241 0.941643 0.230742 0.922269 0.237570 0.911298 0.242647 0.903828 0.246499 0.890523 0.255252 0.879318 0.264706 0.868114 0.279237 0.863212 0.293067 0.863679 0.303746
1 0.646125 0.376401 0.647526 0.380952 0.652194 0.387255 0.655929 0.389706 0.660131 0.394783 0.675303 0.404587 0.685808 0.406863 0.701214 0.413165 0.710084 0.417717 0.717087 0.422969 0.734360 0.425070 0.747899 0.422269 0.764706 0.417367 0.780579 0.414216 0.798786 0.411940 0.828431 0.410189 0.844304 0.410889 0.866713 0.413165 0.877451 0.414566 0.893324 0.417892 0.900560 0.416842 0.902428 0.415091 0.900794 0.411590 0.898226 0.410014 0.891923 0.402836 0.886788 0.398634 0.880252 0.390406 0.874883 0.381303 0.872082 0.373424 0.871849 0.363796 0.875350 0.353992 0.882586 0.342787 0.888889 0.336835 0.889823 0.334734 0.887488 0.332458 0.883754 0.330707 0.866246 0.326506 0.842904 0.323704 0.810691 0.323004 0.759804 0.326331 0.706583 0.332983 0.678571 0.340511 0.662932 0.348739 0.650327 0.359244 0.647526 0.362570 0.646125 0.367472 0.646125 0.376401
1 0.469188 0.369923 0.470822 0.376401 0.473389 0.381127 0.479458 0.388130 0.487862 0.396534 0.491597 0.398109 0.507937 0.408438 0.512372 0.409839 0.519141 0.409839 0.554622 0.400035 0.576797 0.397409 0.591036 0.397234 0.619748 0.398459 0.661765 0.402486 0.664799 0.400910 0.650560 0.387080 0.646359 0.379727 0.644258 0.373424 0.644958 0.366071 0.648926 0.358543 0.652194 0.355567 0.672502 0.341912 0.669001 0.338235 0.651027 0.326856 0.638422 0.320553 0.623249 0.315301 0.609711 0.311800 0.595705 0.309699 0.581466 0.308648 0.559757 0.308999 0.550187 0.310049 0.546452 0.311099 0.542484 0.310749 0.535714 0.311450 0.524743 0.313375 0.507703 0.319853 0.496032 0.325455 0.487862 0.332458 0.476190 0.346639 0.470822 0.355742 0.469421 0.362220 0.469188 0.369923
1 0.303922 0.376576 0.304622 0.383754 0.306489 0.388655 0.316527 0.402661 0.334500 0.416141 0.338469 0.417367 0.341970 0.419643 0.345238 0.419818 0.374183 0.405112 0.387021 0.401786 0.390756 0.401786 0.408730 0.399160 0.439309 0.397234 0.460551 0.397059 0.484594 0.398985 0.489029 0.397409 0.487395 0.396709 0.482260 0.390581 0.478992 0.388480 0.475490 0.383403 0.472222 0.380602 0.468954 0.373074 0.468487 0.362745 0.469655 0.357318 0.472689 0.350490 0.479692 0.340861 0.486928 0.333158 0.492530 0.328957 0.493931 0.324580 0.488562 0.320378 0.480626 0.316702 0.470588 0.315301 0.452614 0.315651 0.429038 0.319678 0.417367 0.323354 0.414799 0.324755 0.406863 0.326506 0.390990 0.328782 0.376517 0.329482 0.352708 0.334034 0.333333 0.341912 0.321662 0.348564 0.313492 0.355742 0.309991 0.360294 0.305556 0.369748 0.303922 0.376576
1 0.192344 0.376225 0.197012 0.386380 0.202848 0.393908 0.216153 0.405462 0.220355 0.407388 0.229925 0.407213 0.250934 0.404762 0.269608 0.404412 0.290149 0.403011 0.310691 0.403361 0.313025 0.402136 0.313725 0.400910 0.305556 0.387430 0.303922 0.380952 0.304155 0.372899 0.309757 0.359594 0.312558 0.356092 0.322362 0.347339 0.330065 0.342787 0.338469 0.339986 0.343137 0.337010 0.347806 0.335609 0.348739 0.334909 0.348506 0.331583 0.345472 0.329132 0.332633 0.326856 0.302288 0.326506 0.294585 0.327206 0.280112 0.329832 0.275210 0.331933 0.265173 0.332458 0.248366 0.335609 0.241597 0.337185 0.230626 0.341562 0.227358 0.341737 0.217087 0.344363 0.198646 0.354692 0.194911 0.357843 0.191877 0.362745 0.192344 0.376225
1 0.158730 0.445728 0.161765 0.458859 0.161298 0.464111 0.163866 0.463410 0.175303 0.477766 0.187442 0.487745 0.195845 0.491597 0.202381 0.491071 0.211251 0.488270 0.240430 0.482493 0.270308 0.480567 0.287782 0.479867 0.307423 0.480392 0.320261 0.481618 0.330766 0.483543 0.334734 0.483543 0.341270 0.485294 0.343838 0.484419 0.331699 0.469888 0.327264 0.457458 0.327731 0.450280 0.329832 0.443102 0.333800 0.435224 0.341036 0.425245 0.341036 0.421744 0.316760 0.404762 0.311391 0.403711 0.296685 0.403536 0.255602 0.404937 0.228291 0.408088 0.208450 0.411940 0.192344 0.416141 0.174837 0.422969 0.163632 0.431373 0.159197 0.440126 0.158730 0.445728
1 0.328431 0.456583 0.334500 0.471464 0.348039 0.484419 0.351074 0.485469 0.355976 0.489846 0.362745 0.493522 0.373950 0.493522 0.383520 0.491947 0.390990 0.491772 0.398693 0.490021 0.404528 0.489846 0.426471 0.486870 0.441643 0.486695 0.457983 0.487570 0.463119 0.488445 0.469888 0.488095 0.470822 0.487745 0.470355 0.484244 0.466153 0.480742 0.463119 0.476891 0.461485 0.471113 0.462885 0.463936 0.467554 0.452731 0.474556 0.441702 0.487162 0.428396 0.501867 0.418943 0.510504 0.414916 0.512838 0.411415 0.510504 0.410714 0.498366 0.403711 0.491130 0.400910 0.463819 0.397409 0.434641 0.397759 0.407096 0.399860 0.397759 0.400910 0.395191 0.402486 0.390756 0.403711 0.373716 0.406338 0.362045 0.411239 0.350607 0.417892 0.344304 0.423319 0.337068 0.432248 0.333333 0.438725 0.330065 0.446254 0.328665 0.453081 0.328431 0.456583
1 0.462418 0.470588 0.465686 0.478641 0.471289 0.483718 0.472923 0.486520 0.480859 0.493347 0.501167 0.505777 0.524276 0.515756 0.529645 0.517332 0.532680 0.517507 0.536181 0.519083 0.539916 0.519258 0.546452 0.518207 0.572362 0.512955 0.593137 0.511029 0.603875 0.510329 0.632353 0.510154 0.639823 0.511029 0.647759 0.510679 0.651261 0.511555 0.655929 0.508578 0.651261 0.503676 0.649160 0.499825 0.648693 0.496499 0.649860 0.491071 0.654062 0.482843 0.659430 0.476366 0.664099 0.469013 0.668301 0.464461 0.684407 0.451506 0.690243 0.448004 0.692577 0.447479 0.696312 0.444153 0.703081 0.440476 0.707049 0.439776 0.710084 0.437500 0.713352 0.436450 0.718954 0.432073 0.717787 0.428571 0.714986 0.424545 0.706583 0.418417 0.692110 0.411415 0.669701 0.404937 0.644958 0.401611 0.628385 0.400735 0.609944 0.398810 0.605275 0.399160 0.595938 0.397934 0.566993 0.399160 0.546685 0.402486 0.529645 0.407038 0.514706 0.412815 0.511905 0.415266 0.504669 0.418067 0.493231 0.425245 0.487628 0.429097 0.475257 0.441702 0.466153 0.456232 0.462885 0.467437 0.462418 0.470588
1 0.650327 0.494573 0.650327 0.498249 0.651494 0.500875 0.655929 0.506303 0.664799 0.513655 0.672736 0.517332 0.675303 0.519608 0.691877 0.524860 0.695845 0.527311 0.703081 0.530112 0.711251 0.531162 0.716853 0.530462 0.744398 0.521709 0.769374 0.515931 0.792717 0.511905 0.803922 0.511380 0.809757 0.509804 0.829599 0.507878 0.874883 0.509804 0.877918 0.510504 0.911531 0.512605 0.913165 0.512080 0.914799 0.509104 0.914799 0.508578 0.911531 0.508403 0.908497 0.505077 0.904528 0.503676 0.902194 0.501225 0.892157 0.496148 0.875117 0.481968 0.865546 0.470238 0.861111 0.462885 0.858543 0.456408 0.858077 0.450875 0.859244 0.446254 0.862045 0.442052 0.867180 0.437850 0.870915 0.433473 0.876751 0.429272 0.882353 0.427521 0.886788 0.425070 0.894491 0.422969 0.896359 0.421569 0.893557 0.419118 0.890289 0.417892 0.871382 0.414391 0.854575 0.412990 0.845238 0.411239 0.833800 0.410714 0.816527 0.411064 0.785948 0.414041 0.766573 0.417542 0.733427 0.427696 0.712885 0.437150 0.706116 0.441877 0.696545 0.445203 0.684874 0.452906 0.683007 0.455532 0.676704 0.459209 0.668067 0.466562 0.661531 0.474090 0.658964 0.479167 0.652194 0.488796 0.650327 0.494573
1 0.859010 0.453256 0.860878 0.460084 0.869514 0.474615 0.883287 0.488095 0.897759 0.497724 0.907563 0.503151 0.926237 0.510329 0.946312 0.519958 0.960784 0.522934 0.970121 0.525385 0.972456 0.526961 0.976891 0.528361 0.994631 0.532563 0.998133 0.530637 0.999767 0.530637 0.999767 0.405812 0.987862 0.405462 0.959851 0.407038 0.929272 0.411415 0.911531 0.416141 0.906863 0.418417 0.897292 0.421218 0.894491 0.423319 0.887488 0.425420 0.872082 0.433824 0.860878 0.445378 0.859244 0.450805 0.859010 0.453256
1 0.380435 0.562101 0.380760 0.562101 0.380760 0.561919 0.380435 0.561919 0.380435 0.562101
1 0.281513 0.564601 0.285014 0.574755 0.288982 0.578606 0.292717 0.583859 0.305556 0.596113 0.320728 0.604867 0.328431 0.605917 0.345472 0.604517 0.359711 0.602241 0.373249 0.601716 0.408263 0.602066 0.425303 0.602941 0.435808 0.602591 0.437208 0.603992 0.440710 0.604867 0.452848 0.605567 0.456583 0.606968 0.462885 0.607668 0.467554 0.607493 0.470355 0.606968 0.470822 0.605742 0.468954 0.603291 0.468021 0.599440 0.465453 0.594888 0.463585 0.588585 0.463119 0.581583 0.465920 0.573704 0.475957 0.557948 0.481559 0.551471 0.489963 0.545168 0.502101 0.536940 0.524510 0.525910 0.528011 0.523109 0.528478 0.521884 0.527778 0.519083 0.526144 0.518032 0.500233 0.506478 0.476891 0.492297 0.470355 0.489671 0.462418 0.489146 0.453315 0.487570 0.422035 0.487745 0.414099 0.489146 0.397292 0.490721 0.380719 0.494048 0.373483 0.494748 0.359477 0.498775 0.355509 0.499125 0.329832 0.508053 0.326564 0.509979 0.313959 0.514531 0.300887 0.522234 0.292951 0.528536 0.282913 0.543417 0.280812 0.551471 0.281513 0.564601
1 0.166200 0.529587 0.167134 0.533613 0.170168 0.540616 0.175070 0.547094 0.180672 0.553746 0.189309 0.560749 0.202148 0.569153 0.210084 0.573179 0.216620 0.575455 0.221755 0.575805 0.247666 0.573880 0.251634 0.574230 0.262838 0.573529 0.272642 0.574055 0.277778 0.573529 0.279879 0.573004 0.281513 0.571078 0.279879 0.555147 0.281046 0.546394 0.287348 0.535189 0.292951 0.527661 0.308590 0.516807 0.319328 0.512080 0.321195 0.510504 0.334500 0.506653 0.348739 0.501401 0.352241 0.501050 0.358777 0.497724 0.360644 0.496148 0.361111 0.494573 0.354575 0.490196 0.347806 0.487220 0.341970 0.485644 0.331933 0.484594 0.325163 0.482668 0.318161 0.481618 0.285481 0.479867 0.237395 0.483193 0.218721 0.486695 0.196312 0.493697 0.189309 0.497549 0.176237 0.507703 0.170635 0.513480 0.166667 0.521183 0.166200 0.529587
1 0.464052 0.585434 0.465219 0.590336 0.469188 0.600140 0.475490 0.608894 0.482960 0.616246 0.494631 0.623424 0.509337 0.630252 0.542484 0.638831 0.551821 0.640406 0.553455 0.641457 0.559991 0.641282 0.586601 0.636555 0.630952 0.630777 0.671802 0.626576 0.677638 0.625000 0.678805 0.623074 0.676471 0.621674 0.670401 0.615196 0.660831 0.601366 0.659197 0.595063 0.662232 0.581758 0.665266 0.574055 0.670168 0.565476 0.677638 0.556373 0.683007 0.550945 0.704015 0.536765 0.704482 0.535714 0.702848 0.532913 0.694911 0.527836 0.674837 0.520133 0.665733 0.515581 0.658263 0.513831 0.645658 0.512605 0.635621 0.512430 0.624883 0.511029 0.609244 0.511029 0.577731 0.513130 0.565826 0.514881 0.539683 0.521008 0.536648 0.522584 0.529412 0.524685 0.504669 0.536239 0.484360 0.550245 0.476891 0.557423 0.475023 0.561625 0.468954 0.568277 0.464286 0.582108 0.464052 0.585434
1 0.663165 0.586485 0.665033 0.588585 0.662465 0.590686 0.661531 0.595588 0.665733 0.599265 0.667367 0.609244 0.672502 0.611345 0.674136 0.616422 0.678105 0.619923 0.689542 0.627276 0.710084 0.636730 0.720355 0.640581 0.727124 0.641282 0.731092 0.644083 0.755135 0.651786 0.817694 0.670343 0.821662 0.670518 0.831466 0.673669 0.888889 0.685049 0.893791 0.686625 0.905462 0.688025 0.914566 0.690126 0.935341 0.692402 0.944444 0.692402 0.952848 0.693452 0.958683 0.692752 0.965453 0.692927 0.979225 0.694678 0.983894 0.693978 0.994631 0.693978 0.998133 0.692402 0.999767 0.692402 0.999767 0.536415 0.990430 0.533964 0.987862 0.532563 0.963585 0.525035 0.941877 0.521359 0.932306 0.518732 0.929038 0.518908 0.907563 0.514706 0.876984 0.511029 0.863679 0.511380 0.849673 0.509804 0.820261 0.509979 0.805556 0.512255 0.796452 0.512430 0.776611 0.515406 0.748133 0.521534 0.737628 0.524510 0.724790 0.528711 0.706583 0.536239 0.691877 0.546744 0.690943 0.548494 0.685574 0.551646 0.679739 0.557073 0.668067 0.572304 0.662932 0.584734 0.663165 0.586485
1 0.260971 0.662465 0.262372 0.668592 0.266807 0.678221 0.272642 0.685399 0.287115 0.698004 0.297152 0.704482 0.300420 0.707458 0.313025 0.714461 0.320962 0.717437 0.335201 0.721289 0.342670 0.724440 0.362512 0.729692 0.386321 0.731268 0.401261 0.731443 0.414566 0.733018 0.422736 0.733193 0.443277 0.735994 0.445845 0.735469 0.447246 0.734244 0.446312 0.722864 0.447712 0.716737 0.454715 0.704832 0.464753 0.694328 0.487162 0.674545 0.494631 0.669293 0.504202 0.664041 0.511905 0.660889 0.519841 0.656162 0.540850 0.647584 0.541783 0.644083 0.539916 0.641982 0.535481 0.639356 0.525444 0.635679 0.507937 0.630602 0.493697 0.624125 0.487628 0.620798 0.477124 0.612395 0.473623 0.611169 0.460551 0.609594 0.448646 0.606268 0.432306 0.604167 0.404995 0.602416 0.376284 0.602241 0.355976 0.603116 0.342204 0.605917 0.322362 0.608018 0.307423 0.612570 0.293184 0.618522 0.281513 0.626751 0.272176 0.635329 0.262838 0.647584 0.261204 0.653711 0.260971 0.662465
1 0.105509 0.651085 0.108543 0.658438 0.112745 0.665266 0.119281 0.672794 0.133287 0.682423 0.143791 0.686450 0.157563 0.690476 0.175303 0.694328 0.179272 0.694678 0.181839 0.693978 0.185808 0.696078 0.188142 0.696429 0.195378 0.696429 0.213352 0.693978 0.217787 0.691702 0.255135 0.682073 0.263772 0.678922 0.263539 0.675245 0.259570 0.665441 0.259104 0.655637 0.260504 0.649335 0.264006 0.643207 0.272642 0.633228 0.288282 0.620798 0.293184 0.617472 0.314426 0.609244 0.318161 0.606968 0.318861 0.605742 0.303221 0.595413 0.295752 0.588761 0.291317 0.583333 0.282680 0.575105 0.279879 0.574405 0.257003 0.574230 0.213352 0.577031 0.207983 0.578782 0.195612 0.580357 0.185808 0.582458 0.161298 0.589636 0.147059 0.595063 0.133520 0.602066 0.127918 0.605742 0.119748 0.613095 0.107843 0.633228 0.105742 0.641807 0.105509 0.651085
0 0.447246 0.725140 0.448179 0.730392 0.454248 0.741071 0.460551 0.748249 0.466853 0.752801 0.470121 0.753676 0.472923 0.756127 0.483660 0.761730 0.494865 0.769433 0.514239 0.776961 0.525677 0.779412 0.539449 0.784314 0.546218 0.785364 0.551120 0.785364 0.553455 0.786239 0.558357 0.785889 0.570728 0.788690 0.577731 0.789391 0.603408 0.789041 0.625117 0.786239 0.637255 0.785889 0.641223 0.784839 0.658730 0.782913 0.684174 0.776961 0.689776 0.774860 0.695145 0.773985 0.713352 0.768732 0.727124 0.763305 0.731326 0.760504 0.734594 0.759629 0.754902 0.748074 0.782913 0.723214 0.788049 0.714811 0.790383 0.709034 0.792017 0.703606 0.792484 0.694503 0.789449 0.682073 0.785481 0.675245 0.782446 0.665966 0.775910 0.660364 0.737628 0.648459 0.733894 0.646359 0.727358 0.644783 0.700980 0.635329 0.689309 0.629902 0.675770 0.628151 0.660831 0.628326 0.608777 0.634104 0.580999 0.638305 0.564192 0.641982 0.547152 0.648284 0.539683 0.649860 0.522409 0.656688 0.519141 0.658789 0.511438 0.661415 0.506069 0.664916 0.501867 0.666667 0.488329 0.675420 0.478758 0.684524 0.464286 0.695728 0.462185 0.698704 0.457516 0.702731 0.456116 0.706583 0.451914 0.710084 0.447946 0.718838 0.447246 0.725140
1 0.236228 0.797444 0.237862 0.803396 0.240663 0.806022 0.243231 0.811450 0.247199 0.815126 0.250000 0.819328 0.272876 0.836310 0.290850 0.846289 0.316760 0.858894 0.319094 0.860994 0.357843 0.877451 0.382586 0.884804 0.397526 0.888655 0.424837 0.892857 0.429038 0.892682 0.433240 0.893908 0.468021 0.894783 0.494164 0.892857 0.500233 0.891106 0.518674 0.888130 0.526377 0.885329 0.528945 0.883228 0.537348 0.881127 0.554622 0.875175 0.563025 0.870798 0.567694 0.869748 0.573996 0.866597 0.580065 0.862395 0.582866 0.861345 0.588469 0.856793 0.592437 0.852591 0.594071 0.849090 0.598273 0.843662 0.602941 0.825105 0.602941 0.816877 0.601074 0.807248 0.598973 0.800420 0.595005 0.792367 0.588235 0.790616 0.569328 0.789916 0.557190 0.787115 0.553455 0.787290 0.550654 0.786415 0.546685 0.786940 0.503035 0.773634 0.494865 0.770133 0.485294 0.763831 0.480159 0.761730 0.476891 0.759279 0.464753 0.752801 0.458217 0.747724 0.453081 0.741246 0.449346 0.738095 0.429038 0.735119 0.393091 0.732493 0.376751 0.732318 0.368581 0.733193 0.362512 0.734769 0.355275 0.734944 0.331933 0.741246 0.327965 0.741422 0.324930 0.742647 0.313492 0.744748 0.296919 0.749650 0.283847 0.755427 0.273810 0.758578 0.260971 0.764881 0.251401 0.772059 0.243931 0.779412 0.238796 0.786590 0.236461 0.793242 0.236228 0.797444
1 0.085668 0.775910 0.086368 0.779412 0.091503 0.790266 0.098273 0.797794 0.108777 0.806022 0.123016 0.812150 0.147059 0.819153 0.165033 0.821954 0.174370 0.821254 0.193978 0.817402 0.234127 0.812675 0.238329 0.811275 0.239262 0.810574 0.234594 0.797094 0.234594 0.793242 0.235994 0.788515 0.246265 0.775385 0.261905 0.763130 0.267974 0.759804 0.297152 0.748599 0.321195 0.741597 0.355042 0.734244 0.356209 0.733193 0.359244 0.732493 0.360878 0.730742 0.331933 0.720588 0.321662 0.718487 0.306956 0.712185 0.284547 0.696954 0.278245 0.691702 0.269141 0.682073 0.265406 0.680672 0.221522 0.691527 0.218487 0.692577 0.214286 0.696254 0.206583 0.695378 0.170168 0.708683 0.165266 0.711485 0.161531 0.712535 0.156396 0.716036 0.151027 0.717437 0.122782 0.730217 0.109944 0.737570 0.094304 0.750525 0.088936 0.758754 0.086134 0.768557 0.085668 0.775910
1 0.045985 0.918592 0.047152 0.925245 0.053455 0.935924 0.062325 0.946078 0.080766 0.961485 0.098039 0.968838 0.116480 0.974265 0.140523 0.978641 0.189542 0.981618 0.220822 0.980042 0.262138 0.975140 0.288982 0.970938 0.301821 0.967262 0.327498 0.956758 0.350140 0.939776 0.359244 0.931373 0.367647 0.922094 0.374183 0.912115 0.376751 0.905637 0.378151 0.890581 0.376050 0.886029 0.373716 0.883403 0.363212 0.880602 0.335434 0.868697 0.320028 0.863445 0.314893 0.859069 0.309524 0.855917 0.288049 0.845763 0.271242 0.836310 0.250934 0.821779 0.249533 0.819853 0.241130 0.813200 0.237628 0.813025 0.231559 0.814601 0.213819 0.815826 0.200280 0.818277 0.185107 0.819853 0.151027 0.828606 0.135387 0.834209 0.112745 0.844713 0.111578 0.845413 0.111111 0.847339 0.108310 0.848915 0.109244 0.851541 0.100373 0.855217 0.098973 0.854167 0.095238 0.854692 0.091970 0.858018 0.087535 0.859244 0.085901 0.862045 0.081466 0.864146 0.067227 0.876751 0.060691 0.883754 0.051120 0.897409 0.048086 0.904412 0.046218 0.912290 0.045985 0.918592
1 0.383520 0.897234 0.386788 0.904237 0.390056 0.909664 0.396359 0.915966 0.418301 0.930322 0.442577 0.941352 0.446078 0.943627 0.474323 0.951856 0.488095 0.955007 0.515640 0.959034 0.518908 0.960084 0.553688 0.960434 0.584734 0.957633 0.599673 0.954307 0.624650 0.946429 0.629785 0.944328 0.642624 0.937150 0.654295 0.929272 0.671569 0.910889 0.678571 0.896884 0.681839 0.879377 0.681606 0.876751 0.678571 0.873950 0.668301 0.870798 0.664566 0.868522 0.656629 0.866246 0.648693 0.862045 0.633754 0.856443 0.628618 0.853992 0.621148 0.848564 0.612045 0.844538 0.609010 0.841737 0.605742 0.840511 0.602474 0.840511 0.600373 0.845238 0.590103 0.857843 0.586134 0.861345 0.581699 0.863095 0.575163 0.867997 0.544818 0.880602 0.537582 0.882353 0.515873 0.889706 0.491597 0.894608 0.450047 0.896008 0.421335 0.893732 0.410831 0.891282 0.404528 0.890756 0.393091 0.888480 0.389356 0.888480 0.383287 0.889706 0.383520 0.897234
1 0.600140 0.793592 0.602007 0.796569 0.601541 0.800245 0.603641 0.804622 0.605042 0.812500 0.605509 0.820028 0.604575 0.832283 0.605275 0.835084 0.608077 0.838585 0.619281 0.846289 0.628385 0.850140 0.630952 0.852416 0.636088 0.854342 0.647059 0.860294 0.658964 0.864146 0.661998 0.866246 0.678805 0.870798 0.688375 0.875350 0.716620 0.880077 0.748133 0.883228 0.783147 0.882178 0.838235 0.874825 0.859244 0.870798 0.887021 0.861345 0.898459 0.859244 0.909664 0.854167 0.919935 0.846113 0.927171 0.839286 0.937208 0.821078 0.939776 0.807423 0.937908 0.793242 0.935574 0.786590 0.924136 0.770308 0.916900 0.764356 0.899860 0.758754 0.861111 0.743347 0.841036 0.731968 0.830999 0.724965 0.820495 0.722339 0.807423 0.721113 0.803221 0.721639 0.799720 0.720413 0.792017 0.719363 0.789449 0.719363 0.786415 0.720413 0.785948 0.723564 0.783147 0.726891 0.775444 0.730917 0.753501 0.750875 0.737862 0.759279 0.724090 0.765406 0.702848 0.772759 0.664799 0.783088 0.656863 0.784314 0.647059 0.784839 0.640523 0.786239 0.619281 0.788165 0.605509 0.790791 0.600607 0.792892 0.600140 0.793592
1 0.682306 0.892507 0.685107 0.897409 0.699346 0.909489 0.709617 0.915791 0.716853 0.919293 0.720822 0.920168 0.723623 0.921919 0.744865 0.929797 0.757937 0.933298 0.765406 0.934174 0.772642 0.937675 0.781979 0.940126 0.814192 0.944328 0.828665 0.944853 0.838235 0.946078 0.855275 0.946429 0.894024 0.943452 0.900794 0.941001 0.914799 0.937500 0.927871 0.932773 0.943277 0.925245 0.951914 0.918768 0.959384 0.911765 0.965453 0.903186 0.968954 0.896008 0.970355 0.879377 0.968721 0.862570 0.965920 0.858894 0.965219 0.855742 0.950047 0.848039 0.935808 0.843312 0.932306 0.843137 0.928805 0.841912 0.914099 0.852241 0.899860 0.859769 0.859244 0.871674 0.841970 0.875000 0.835434 0.877101 0.831466 0.876576 0.803688 0.880602 0.800187 0.880427 0.782913 0.882703 0.757003 0.884279 0.744865 0.884279 0.739262 0.882878 0.712885 0.880427 0.705649 0.878676 0.689776 0.876401 0.685808 0.876751 0.684407 0.880427 0.682306 0.892507
1 0.927871 0.772409 0.937208 0.787815 0.940476 0.799195 0.940943 0.805497 0.940710 0.812675 0.938842 0.820728 0.936975 0.825280 0.930906 0.834909 0.930439 0.838585 0.931839 0.839811 0.972222 0.856268 0.991363 0.860819 0.999767 0.861345 0.999767 0.779062 0.982493 0.776961 0.952614 0.771008 0.932540 0.768032 0.927638 0.768908 0.927871 0.772409
1 0.968254 0.859419 0.971289 0.869923 0.971755 0.875525 0.971989 0.887372 0.970355 0.894083 0.970355 0.898284 0.972689 0.900560 0.981092 0.904412 0.998133 0.910714 0.999767 0.910714 0.999767 0.861169 0.987628 0.859944 0.980626 0.858543 0.970822 0.855392 0.968021 0.855742 0.968254 0.859419
1 0.647993 0.029762 0.649160 0.032738 0.651961 0.036239 0.659897 0.039741 0.665966 0.041141 0.673903 0.044468 0.687442 0.051996 0.693511 0.056548 0.697946 0.060049 0.704482 0.067227 0.711718 0.082983 0.713352 0.085084 0.715686 0.086310 0.723623 0.088060 0.730626 0.088761 0.762138 0.090511 0.765873 0.089111 0.774510 0.082983 0.778711 0.077556 0.781979 0.075280 0.788515 0.067577 0.790850 0.057773 0.790383 0.052346 0.785948 0.042542 0.776844 0.029237 0.769374 0.022059 0.763539 0.018032 0.741130 0.008754 0.724090 0.004552 0.710317 0.002976 0.688842 0.002626 0.681606 0.003151 0.668067 0.006653 0.658030 0.011730 0.652194 0.015581 0.648459 0.022584 0.647993 0.029762
1 0.767040 0.018908 0.776144 0.027136 0.783613 0.036940 0.791550 0.053396 0.789216 0.066877 0.782213 0.076155 0.779645 0.078081 0.777077 0.084559 0.777778 0.088585 0.779412 0.091036 0.780579 0.091912 0.786648 0.093312 0.789683 0.092087 0.791317 0.085434 0.799020 0.072654 0.803455 0.067402 0.806489 0.065301 0.814426 0.062325 0.818627 0.061625 0.834734 0.059349 0.845472 0.058824 0.850607 0.055322 0.857376 0.043592 0.861811 0.029587 0.861111 0.014706 0.855275 0.000000 0.776144 0.000000 0.775910 0.001926 0.770775 0.008754 0.767740 0.015931 0.767040 0.018908
1 0.586368 0.063725 0.587068 0.067927 0.596872 0.080007 0.604342 0.098915 0.612278 0.103817 0.627451 0.108368 0.640523 0.114146 0.644024 0.113620 0.647292 0.112220 0.660831 0.103466 0.682073 0.093838 0.696078 0.090161 0.709150 0.088410 0.710784 0.086310 0.710317 0.081583 0.704715 0.068452 0.700514 0.063200 0.693511 0.056548 0.685107 0.050770 0.675303 0.045693 0.666900 0.042192 0.657330 0.039566 0.644258 0.034139 0.634220 0.032213 0.626751 0.031688 0.619748 0.031688 0.612278 0.033964 0.598506 0.042717 0.591503 0.051296 0.587068 0.060749 0.586368 0.063725
1 0.435808 0.064251 0.438142 0.070728 0.443277 0.078256 0.449580 0.084909 0.459851 0.091912 0.482026 0.097864 0.497899 0.104867 0.505135 0.104692 0.532680 0.097514 0.543417 0.095938 0.566760 0.095938 0.595472 0.099615 0.597806 0.099265 0.599206 0.098214 0.599440 0.091562 0.595238 0.080007 0.582400 0.064251 0.562092 0.049020 0.557190 0.046218 0.550187 0.043943 0.546685 0.041492 0.543417 0.040266 0.534547 0.037815 0.530345 0.035539 0.514006 0.030637 0.511905 0.029237 0.505135 0.026961 0.496499 0.026436 0.484360 0.023459 0.478992 0.023284 0.470355 0.021709 0.467087 0.022059 0.457283 0.025560 0.453081 0.027836 0.448413 0.033263 0.444911 0.039916 0.438375 0.046744 0.435341 0.053571 0.435808 0.064251
1 0.360411 0.106618 0.362278 0.110469 0.366947 0.116071 0.369748 0.121674 0.373016 0.122549 0.397059 0.112570 0.420635 0.100665 0.433007 0.095763 0.439076 0.094713 0.441643 0.092262 0.438142 0.087535 0.429038 0.079132 0.411998 0.070028 0.404762 0.067927 0.401261 0.068978 0.397292 0.072654 0.392624 0.075105 0.379085 0.079482 0.366013 0.078957 0.363679 0.079657 0.360878 0.083859 0.359944 0.088235 0.360411 0.106618
1 0.217554 0.102591 0.221055 0.112745 0.225724 0.120798 0.232960 0.128151 0.239963 0.133754 0.249533 0.140756 0.258637 0.145483 0.266106 0.146183 0.316060 0.140931 0.333800 0.141632 0.342670 0.143032 0.345472 0.142332 0.355509 0.133053 0.365079 0.126225 0.367647 0.123074 0.364846 0.116422 0.359244 0.108543 0.338469 0.093838 0.327965 0.089811 0.310691 0.084734 0.303221 0.083508 0.294118 0.080882 0.288749 0.080357 0.280812 0.077906 0.267507 0.075805 0.258403 0.075455 0.248133 0.073880 0.234127 0.076331 0.231092 0.077556 0.222222 0.084034 0.218021 0.092087 0.217554 0.102591
1 0.246265 0.071254 0.248599 0.074055 0.259570 0.074580 0.271709 0.076155 0.303455 0.082633 0.318627 0.086660 0.337535 0.093137 0.349440 0.100140 0.353175 0.100140 0.357143 0.095238 0.358543 0.088761 0.359244 0.077906 0.343838 0.067402 0.330766 0.054097 0.324697 0.046218 0.320728 0.043943 0.300420 0.044118 0.285948 0.046043 0.275444 0.048845 0.268908 0.052696 0.261204 0.055497 0.252334 0.062150 0.247199 0.068627 0.246265 0.071254
1 0.318161 0.022934 0.320028 0.033088 0.322362 0.039916 0.331933 0.053746 0.347106 0.068978 0.355742 0.074580 0.366013 0.078081 0.373716 0.078957 0.380252 0.078782 0.387255 0.077031 0.395658 0.073004 0.402661 0.067577 0.408730 0.053571 0.410131 0.046919 0.409897 0.042542 0.406863 0.028536 0.402194 0.016807 0.395892 0.007178 0.391223 0.003151 0.389589 0.000000 0.319795 0.000000 0.317694 0.008929 0.318161 0.022934
1 0.441176 0.000000 0.441176 0.002101 0.442344 0.005252 0.446312 0.008929 0.451214 0.011555 0.456349 0.015581 0.461251 0.016982 0.467787 0.018557 0.491130 0.022059 0.518908 0.022934 0.525910 0.022059 0.540149 0.017857 0.546685 0.016632 0.560924 0.008403 0.566293 0.001751 0.566293 0.000000 0.441176 0.000000
1 0.570495 0.001576 0.564426 0.007878 0.556956 0.011905 0.552054 0.015581 0.554388 0.019433 0.553221 0.022584 0.557423 0.023634 0.559757 0.029412 0.568861 0.037290 0.580532 0.044118 0.584034 0.046919 0.586835 0.047619 0.591737 0.047619 0.594071 0.044993 0.605042 0.037290 0.616947 0.031688 0.626984 0.031162 0.637021 0.032213 0.640523 0.033263 0.643091 0.032738 0.644258 0.031513 0.645425 0.026436 0.649627 0.017157 0.656162 0.011380 0.667600 0.004902 0.668768 0.001751 0.668768 0.000000 0.570495 0.000000 0.570495 0.001576
1 0.390056 0.000000 0.390056 0.001576 0.392857 0.003501 0.398926 0.010154 0.401494 0.014356 0.412698 0.043768 0.423903 0.051120 0.428571 0.053396 0.431606 0.053746 0.433473 0.052521 0.438142 0.044818 0.442577 0.039741 0.447246 0.030812 0.453782 0.025560 0.459384 0.023109 0.462885 0.022409 0.464286 0.019433 0.453315 0.014531 0.444055 0.008287 0.440476 0.004202 0.439542 0.000000 0.390056 0.000000
1 0.243931 0.035364 0.244865 0.039916 0.250934 0.047969 0.259104 0.053396 0.265640 0.053396 0.274743 0.049545 0.288749 0.045693 0.306022 0.043943 0.318627 0.043943 0.320028 0.043242 0.320728 0.039216 0.316527 0.021709 0.315826 0.011730 0.317227 0.005077 0.314659 0.003676 0.292951 0.003852 0.284781 0.002976 0.276144 0.003501 0.265173 0.007528 0.253035 0.015056 0.247199 0.021183 0.244164 0.028887 0.243931 0.035364
1 0.862278 0.031162 0.857843 0.043768 0.850607 0.057073 0.852241 0.058824 0.856443 0.059699 0.921802 0.058473 0.924837 0.057248 0.930672 0.053046 0.935341 0.048144 0.939076 0.041492 0.944444 0.029937 0.949580 0.015406 0.950047 0.000000 0.871148 0.000000 0.870915 0.001926 0.866013 0.008578 0.865313 0.011204 0.862278 0.015756 0.862278 0.031162
1 0.937908 0.046744 0.939076 0.049720 0.949813 0.046043 0.965686 0.041842 0.976891 0.040616 0.984127 0.038866 0.996265 0.037815 0.997666 0.036064 0.995565 0.030112 0.992997 0.026261 0.992297 0.022759 0.992297 0.007878 0.985761 0.004377 0.978058 0.001926 0.977591 0.000000 0.950980 0.000000 0.950280 0.013480 0.948646 0.019433 0.944911 0.029937 0.939309 0.040441 0.937908 0.046744
1 0.822362 0.169293 0.825630 0.182423 0.827965 0.187325 0.843838 0.208333 0.847106 0.211310 0.850373 0.213060 0.870448 0.221113 0.873483 0.223739 0.883053 0.228291 0.904295 0.243347 0.912465 0.241071 0.929739 0.233718 0.946779 0.228817 0.976190 0.223915 0.999767 0.223564 0.999767 0.143732 0.956116 0.129902 0.925537 0.125175 0.911064 0.123599 0.893091 0.123775 0.873016 0.126751 0.855742 0.132353 0.840803 0.139356 0.830299 0.147584 0.824697 0.154587 0.822129 0.160714 0.822362 0.169293
1 0.652661 0.227416 0.654295 0.233894 0.658030 0.240896 0.661531 0.245273 0.667600 0.248775 0.671335 0.248950 0.679739 0.239496 0.687908 0.233018 0.707049 0.224790 0.719188 0.222339 0.730626 0.221464 0.740430 0.219363 0.802288 0.210959 0.826331 0.210259 0.841970 0.211485 0.843838 0.209909 0.835668 0.199055 0.829832 0.192927 0.827965 0.189601 0.822829 0.178571 0.820495 0.164916 0.819328 0.162640 0.817927 0.161415 0.803455 0.160539 0.789916 0.161415 0.734360 0.168417 0.715920 0.173144 0.705182 0.174895 0.695612 0.178396 0.676937 0.187325 0.664099 0.196429 0.657563 0.204307 0.653828 0.213585 0.652894 0.219363 0.652661 0.227416
1 0.464052 0.207633 0.466853 0.220588 0.473623 0.234069 0.478525 0.238270 0.480626 0.241597 0.484360 0.243873 0.487162 0.246849 0.494865 0.251926 0.497666 0.252801 0.505135 0.250175 0.515873 0.244398 0.534547 0.238971 0.544118 0.237745 0.553455 0.235644 0.560691 0.235994 0.578198 0.234594 0.588469 0.234944 0.608777 0.237220 0.633520 0.241422 0.640056 0.241772 0.650560 0.244223 0.656162 0.243873 0.656396 0.241071 0.653361 0.234419 0.651494 0.223623 0.652661 0.214811 0.656396 0.203256 0.655696 0.201856 0.650093 0.196604 0.640523 0.192227 0.634220 0.188200 0.626517 0.185049 0.623016 0.182598 0.615780 0.181723 0.595472 0.175595 0.581466 0.174020 0.567460 0.170868 0.539916 0.168592 0.513072 0.169468 0.501634 0.171043 0.487628 0.176120 0.477824 0.182423 0.465686 0.192752 0.464052 0.199930 0.464052 0.207633
1 0.873016 0.372899 0.875584 0.381303 0.883520 0.394083 0.890056 0.400910 0.894491 0.404062 0.897292 0.407913 0.907796 0.415441 0.911298 0.415616 0.927171 0.411064 0.959150 0.406162 0.989029 0.404587 0.999767 0.403361 0.999767 0.302871 0.988095 0.302871 0.968721 0.304447 0.954015 0.306723 0.932306 0.312500 0.913866 0.320203 0.900560 0.327381 0.892857 0.333508 0.888189 0.339111 0.885154 0.341211 0.876284 0.353992 0.873016 0.364321 0.873016 0.372899
1 0.980159 0.102941 0.984827 0.116422 0.988562 0.123249 0.994398 0.130252 0.996499 0.131653 0.998133 0.134454 0.999767 0.134454 0.999767 0.057248 0.998133 0.057248 0.993931 0.060574 0.987162 0.068277 0.982726 0.078431 0.979925 0.091912 0.980159 0.102941
1 0.929972 0.058473 0.932073 0.060574 0.943277 0.060049 0.963352 0.061450 0.977358 0.064951 0.984594 0.068452 0.987628 0.066702 0.993931 0.059349 0.998133 0.056197 0.999767 0.056197 0.999767 0.039391 0.994631 0.038515 0.984127 0.039041 0.961718 0.042542 0.945145 0.047969 0.929972 0.056723 0.929972 0.058473
1 0.992764 0.025910 0.995798 0.029412 0.997899 0.036239 0.999767 0.036590 0.999767 0.000000 0.997199 0.000000 0.992764 0.012080 0.992764 0.025910
1 0.717320 0.000000 0.717320 0.001576 0.722689 0.002626 0.729225 0.005252 0.739496 0.007878 0.757470 0.015581 0.765640 0.018032 0.771709 0.005777 0.775444 0.001576 0.775444 0.000000 0.717320 0.000000
1 0.492297 0.025910 0.493231 0.026261 0.498599 0.026436 0.507937 0.028536 0.510271 0.029937 0.531746 0.036064 0.545752 0.040966 0.550654 0.043592 0.556022 0.045343 0.563959 0.049720 0.578431 0.060399 0.581466 0.060924 0.584967 0.058473 0.585201 0.056548 0.583800 0.054097 0.582633 0.048494 0.575630 0.042017 0.553688 0.030637 0.548786 0.029587 0.546685 0.028011 0.532446 0.027136 0.522642 0.024510 0.501634 0.024510 0.492764 0.025385 0.492297 0.025910
1 0.816760 0.696078 0.819328 0.702731 0.826797 0.715511 0.836835 0.726366 0.855976 0.739496 0.890990 0.755077 0.939076 0.769258 0.942810 0.769433 0.980859 0.777311 0.994631 0.778711 0.999767 0.778361 0.999767 0.695728 0.994398 0.695203 0.985761 0.696078 0.967087 0.694328 0.946545 0.694678 0.931139 0.693277 0.883287 0.685049 0.876984 0.683824 0.873249 0.682248 0.842204 0.677521 0.827965 0.673319 0.818861 0.674720 0.818161 0.678746 0.816293 0.681723 0.816760 0.696078