0 0.350840 0.558824 0.350840 0.572304 0.353175 0.586835 0.352941 0.606268 0.354575 0.611695 0.354809 0.618873 0.355742 0.621674 0.355742 0.625175 0.347806 0.664741 0.347572 0.678571 0.348739 0.682073 0.348973 0.690126 0.350140 0.699580 0.353175 0.709209 0.355742 0.724265 0.359944 0.734419 0.368814 0.745973 0.375584 0.750350 0.376751 0.753326 0.382120 0.754727 0.387196 0.757216 0.390304 0.757604 0.401620 0.762624 0.402148 0.762605 0.411064 0.764006 0.422736 0.764006 0.438842 0.767857 0.444211 0.768207 0.449346 0.769958 0.463819 0.771534 0.482120 0.770833 0.492997 0.771183 0.505135 0.769258 0.520075 0.765406 0.529412 0.764181 0.546452 0.759454 0.549720 0.757878 0.556489 0.757353 0.569328 0.753501 0.574230 0.750875 0.582633 0.748249 0.603875 0.737045 0.627451 0.721989 0.659664 0.692577 0.671802 0.678746 0.686275 0.658088 0.693277 0.644608 0.701681 0.623950 0.714753 0.581232 0.724090 0.543242 0.728525 0.513305 0.729225 0.498424 0.728058 0.466737 0.726891 0.459384 0.727591 0.456057 0.725957 0.448004 0.727124 0.442752 0.726424 0.431548 0.723623 0.421744 0.723856 0.418242 0.720822 0.412115 0.721289 0.407213 0.720588 0.404237 0.713119 0.391106 0.709617 0.382353 0.705415 0.378326 0.700980 0.372024 0.690009 0.362395 0.680906 0.355742 0.673203 0.351716 0.664566 0.345763 0.659197 0.344188 0.653361 0.339986 0.651961 0.338060 0.647526 0.335434 0.639122 0.332983 0.627451 0.327556 0.621382 0.325805 0.612979 0.324580 0.605742 0.322479 0.585201 0.321254 0.571195 0.321779 0.567694 0.322829 0.546452 0.325630 0.531979 0.329482 0.529412 0.329132 0.508403 0.336134 0.491363 0.345063 0.489496 0.347514 0.486228 0.349440 0.472222 0.355217 0.462885 0.362045 0.459150 0.365721 0.452614 0.368873 0.450047 0.372374 0.440943 0.378676 0.426937 0.391632 0.419701 0.399685 0.411298 0.410889 0.407563 0.417367 0.403828 0.421394 0.397759 0.425595 0.393791 0.432598 0.391457 0.435399 0.387722 0.437850 0.381419 0.447654 0.370915 0.459209 0.363445 0.472864 0.355275 0.491947 0.350607 0.511380 0.348739 0.529062 0.349440 0.539566 0.348973 0.551296 0.350840 0.558824
1 0.142390 0.065651 0.147759 0.091036 0.148459 0.102416 0.156863 0.123249 0.159430 0.126751 0.161298 0.132528 0.165733 0.140581 0.177171 0.157913 0.180439 0.160539 0.186741 0.167367 0.189076 0.171218 0.196078 0.178396 0.200514 0.181373 0.204015 0.185574 0.219888 0.199405 0.228525 0.203957 0.241363 0.213060 0.259804 0.222864 0.272176 0.226541 0.275910 0.228291 0.295752 0.232843 0.310691 0.234769 0.332633 0.234244 0.342904 0.235469 0.359477 0.235294 0.370915 0.233193 0.380252 0.232318 0.383754 0.231268 0.392624 0.227416 0.403361 0.221464 0.413165 0.213585 0.418067 0.207808 0.421802 0.201681 0.430672 0.182423 0.445845 0.140581 0.450514 0.120448 0.454248 0.094888 0.460784 0.071254 0.464052 0.047094 0.463119 0.023109 0.458217 0.000000 0.150794 0.000000 0.150093 0.004727 0.147059 0.011380 0.141457 0.043067 0.142390 0.065651
1 0.000000 0.324930 0.000000 0.403887 0.001401 0.403887 0.002101 0.404762 0.002801 0.415091 0.005836 0.419293 0.007236 0.423319 0.012605 0.430147 0.019374 0.433824 0.022642 0.437325 0.028945 0.441527 0.032680 0.442052 0.038982 0.444328 0.051120 0.449755 0.066527 0.453957 0.072362 0.456758 0.080999 0.459384 0.094771 0.462535 0.098973 0.462360 0.103175 0.464636 0.128618 0.469013 0.147526 0.473915 0.171569 0.478466 0.217554 0.485644 0.229925 0.486695 0.238329 0.486345 0.240663 0.485644 0.248133 0.486345 0.251634 0.487745 0.254669 0.486345 0.259104 0.487395 0.265873 0.487745 0.267507 0.487220 0.275677 0.487570 0.307190 0.486695 0.325630 0.484944 0.341970 0.485294 0.349440 0.484419 0.355742 0.481968 0.359244 0.474090 0.370215 0.455707 0.376050 0.449580 0.382586 0.439251 0.390523 0.431548 0.397059 0.423319 0.403361 0.418242 0.415733 0.400210 0.425303 0.390581 0.427404 0.386905 0.435808 0.380252 0.440943 0.374825 0.446078 0.371849 0.453081 0.365546 0.466853 0.355917 0.480859 0.348915 0.494865 0.339986 0.505135 0.335084 0.509570 0.332108 0.519141 0.330532 0.525910 0.327206 0.539449 0.325455 0.546452 0.322304 0.547386 0.321254 0.546685 0.318803 0.543184 0.314426 0.540149 0.313200 0.529879 0.303571 0.526611 0.302171 0.513305 0.292367 0.503501 0.286239 0.480859 0.273985 0.477591 0.271359 0.472456 0.269783 0.470355 0.268382 0.442577 0.259629 0.406396 0.249825 0.385154 0.246499 0.376984 0.244398 0.369748 0.244398 0.359477 0.241422 0.327264 0.238796 0.320261 0.238971 0.311858 0.240721 0.299720 0.241422 0.297152 0.240546 0.287348 0.240196 0.272176 0.242297 0.265873 0.244398 0.261905 0.244223 0.256303 0.245448 0.241597 0.246674 0.233193 0.246324 0.179505 0.252451 0.161064 0.255602 0.137255 0.261029 0.130719 0.263130 0.077965 0.275560 0.070028 0.279587 0.050420 0.285714 0.046685 0.287815 0.036181 0.291667 0.021242 0.299720 0.012138 0.307073 0.010738 0.310574 0.006769 0.314601 0.000000 0.324930
1 0.108777 0.647759 0.110644 0.653011 0.111345 0.665091 0.114613 0.678221 0.117958 0.681606 0.119514 0.686450 0.123249 0.687150 0.125817 0.699580 0.130252 0.706758 0.142857 0.720413 0.159664 0.732843 0.160831 0.734419 0.167367 0.736695 0.182073 0.744923 0.186741 0.745623 0.194211 0.748599 0.203081 0.750000 0.224519 0.751996 0.217222 0.762517 0.231816 0.763780 0.241830 0.750875 0.250934 0.752626 0.268674 0.754027 0.282446 0.753501 0.296452 0.750525 0.306022 0.749475 0.313959 0.747374 0.345938 0.734244 0.352941 0.727591 0.352241 0.722339 0.351541 0.491071 0.349673 0.488445 0.348039 0.487745 0.342437 0.487395 0.321195 0.488270 0.312558 0.489671 0.302988 0.489321 0.269141 0.491246 0.266106 0.492297 0.261905 0.492122 0.254669 0.493172 0.248366 0.494748 0.237162 0.499125 0.233660 0.499650 0.218721 0.506828 0.208917 0.510154 0.194211 0.518382 0.183940 0.525210 0.171802 0.531513 0.157330 0.541667 0.151261 0.546744 0.148226 0.551120 0.140523 0.557073 0.137722 0.563375 0.137488 0.565914 0.135854 0.567752 0.133520 0.567227 0.129318 0.571078 0.125117 0.577731 0.123950 0.582633 0.120915 0.584909 0.114846 0.598389 0.112745 0.607143 0.109244 0.640056 0.108777 0.647759
1 0.327031 0.821078 0.329832 0.835784 0.332633 0.845413 0.338702 0.856618 0.341970 0.864671 0.345705 0.867822 0.348739 0.872199 0.353641 0.875700 0.355976 0.878852 0.375350 0.888305 0.380952 0.889706 0.383987 0.891282 0.396825 0.894258 0.410131 0.896183 0.445378 0.897759 0.453315 0.897934 0.457049 0.897234 0.462185 0.898109 0.633053 0.899335 0.661531 0.900210 0.669001 0.897584 0.674020 0.897409 0.678571 0.899685 0.689309 0.898985 0.706583 0.896183 0.718021 0.891632 0.730859 0.888655 0.738562 0.884979 0.768674 0.873775 0.779178 0.867122 0.790383 0.861870 0.804855 0.847689 0.820495 0.820378 0.834267 0.779587 0.836601 0.765581 0.835901 0.761204 0.838002 0.745098 0.835668 0.730917 0.831466 0.725665 0.827498 0.723915 0.820028 0.721289 0.806723 0.718137 0.803922 0.716387 0.766340 0.702206 0.748599 0.692227 0.736928 0.687150 0.733894 0.684524 0.724556 0.679622 0.696078 0.660539 0.692577 0.660364 0.689309 0.664741 0.685808 0.667017 0.678571 0.677171 0.672736 0.682423 0.665033 0.692052 0.651650 0.702614 0.630952 0.722339 0.619748 0.728641 0.612278 0.734944 0.594771 0.743873 0.584967 0.750350 0.580766 0.751751 0.574463 0.756127 0.564659 0.759279 0.550420 0.761204 0.546452 0.763655 0.532913 0.765931 0.526144 0.768382 0.522409 0.768557 0.519141 0.769783 0.508170 0.770658 0.501634 0.772934 0.486928 0.773810 0.477124 0.772584 0.474090 0.773459 0.466387 0.773634 0.463585 0.772934 0.449813 0.772409 0.440710 0.770308 0.435808 0.770133 0.420868 0.766106 0.405229 0.765756 0.395892 0.763130 0.386788 0.757178 0.379552 0.755427 0.370215 0.750525 0.367414 0.748074 0.365313 0.744748 0.361345 0.741422 0.359244 0.738095 0.355742 0.737220 0.340570 0.757878 0.337302 0.765581 0.334967 0.773634 0.332166 0.779587 0.331699 0.783964 0.330065 0.786765 0.327498 0.809349 0.327031 0.821078
1 0.697712 0.651085 0.700514 0.653887 0.702848 0.657913 0.706816 0.660889 0.709384 0.664216 0.717554 0.668943 0.730392 0.678922 0.740896 0.682773 0.744164 0.685574 0.755602 0.692577 0.769841 0.699580 0.776844 0.702031 0.779412 0.703782 0.789683 0.707458 0.797152 0.708859 0.799720 0.710784 0.809991 0.714111 0.814192 0.714461 0.819561 0.716211 0.838469 0.723039 0.846405 0.727591 0.862278 0.731968 0.870682 0.733018 0.873249 0.734244 0.876984 0.734244 0.891923 0.736870 0.900560 0.739671 0.904528 0.739496 0.914799 0.742472 0.925537 0.743522 0.932073 0.745798 0.939076 0.746499 0.952614 0.749650 0.969421 0.751050 0.977358 0.750525 0.985061 0.751050 0.994865 0.750000 0.998133 0.748424 0.999767 0.748424 0.999767 0.549195 0.997666 0.548669 0.988562 0.540266 0.979225 0.534139 0.973623 0.529412 0.935574 0.511380 0.928805 0.504902 0.922502 0.501576 0.910364 0.497199 0.905229 0.493873 0.900327 0.491772 0.885854 0.488095 0.864146 0.480042 0.842904 0.475140 0.834967 0.472514 0.813492 0.468487 0.802988 0.465511 0.797152 0.464811 0.779412 0.464811 0.776144 0.463585 0.755602 0.462535 0.751167 0.462885 0.748599 0.462010 0.742764 0.461660 0.734360 0.463060 0.730859 0.466912 0.730392 0.470063 0.732260 0.473564 0.732260 0.484419 0.734127 0.487395 0.733427 0.498599 0.732026 0.501225 0.729225 0.532493 0.717787 0.583158 0.716387 0.585259 0.712185 0.599090 0.711951 0.603291 0.708917 0.612395 0.708450 0.616597 0.706349 0.619398 0.706816 0.622549 0.704015 0.626576 0.700980 0.633578 0.697712 0.643732 0.697712 0.651085
1 0.595238 0.000000 0.595238 0.002451 0.603408 0.028186 0.609711 0.040966 0.613212 0.045518 0.618814 0.057423 0.624416 0.064251 0.632353 0.071254 0.642390 0.077381 0.656396 0.091912 0.665966 0.103817 0.669468 0.109419 0.672969 0.112570 0.674837 0.116071 0.679972 0.119048 0.682073 0.123074 0.686041 0.124825 0.693511 0.131653 0.700980 0.141457 0.706816 0.146008 0.715375 0.150677 0.719655 0.154412 0.727124 0.158263 0.728992 0.158438 0.735994 0.161590 0.749300 0.168768 0.768674 0.175245 0.782446 0.178221 0.787582 0.179972 0.799720 0.181723 0.814192 0.182598 0.828665 0.181373 0.840570 0.178922 0.848739 0.178396 0.866013 0.172794 0.869281 0.170518 0.878618 0.166141 0.889900 0.159080 0.907563 0.144433 0.916200 0.134629 0.923903 0.122899 0.932540 0.106268 0.937675 0.088761 0.940476 0.071429 0.941176 0.060924 0.940476 0.051821 0.931606 0.008578 0.929505 0.004902 0.928805 0.000000 0.595238 0.000000
1 0.416900 0.231268 0.418301 0.234944 0.422269 0.240021 0.423669 0.244398 0.427871 0.247199 0.431139 0.250700 0.446078 0.257528 0.453548 0.259454 0.459150 0.262080 0.464286 0.262780 0.470588 0.264706 0.475257 0.266807 0.484360 0.271534 0.495565 0.279237 0.508637 0.286415 0.511671 0.287115 0.513539 0.289741 0.519491 0.293330 0.541550 0.309524 0.546685 0.313901 0.551120 0.319328 0.556956 0.320903 0.560458 0.320028 0.574463 0.319153 0.595238 0.319328 0.609477 0.320553 0.632120 0.327031 0.640523 0.331232 0.654295 0.335959 0.662932 0.342087 0.667134 0.343838 0.681139 0.352766 0.685341 0.356443 0.691176 0.359419 0.707516 0.374300 0.709851 0.375350 0.714052 0.375875 0.720355 0.373775 0.725957 0.364146 0.729692 0.359419 0.734594 0.348389 0.739029 0.331758 0.744865 0.289916 0.745331 0.281513 0.743464 0.255077 0.740430 0.237920 0.734127 0.216562 0.723156 0.195378 0.720121 0.186800 0.691176 0.140406 0.666667 0.112220 0.658263 0.104167 0.648459 0.097514 0.637722 0.087185 0.622782 0.077556 0.596872 0.070028 0.577731 0.067752 0.563959 0.064776 0.557423 0.062150 0.546919 0.060224 0.535481 0.059349 0.519141 0.060749 0.508403 0.063200 0.494865 0.067577 0.491363 0.069153 0.476190 0.079132 0.463352 0.088761 0.459617 0.094188 0.457049 0.103817 0.457516 0.109419 0.446779 0.151085 0.442344 0.161415 0.440009 0.171394 0.434641 0.182073 0.430672 0.193277 0.418067 0.216912 0.417134 0.223915 0.416900 0.231268
1 0.141457 0.999825 0.485294 0.999825 0.486228 0.994748 0.483894 0.983018 0.482493 0.967437 0.477358 0.943277 0.476190 0.939076 0.474090 0.935749 0.472689 0.928571 0.468954 0.918417 0.464286 0.910189 0.462185 0.904412 0.460084 0.902836 0.455415 0.901436 0.445845 0.902136 0.433940 0.901261 0.426004 0.899510 0.418534 0.899510 0.414799 0.898284 0.403828 0.897409 0.390756 0.895133 0.369981 0.888130 0.355742 0.881303 0.341737 0.867647 0.335434 0.856443 0.332166 0.852591 0.331466 0.848915 0.329365 0.846113 0.327731 0.841211 0.325630 0.828256 0.326097 0.820903 0.323763 0.817752 0.324230 0.813725 0.323063 0.812325 0.318861 0.811450 0.313492 0.811975 0.296685 0.817052 0.292017 0.820203 0.270075 0.830882 0.261438 0.837185 0.245331 0.846464 0.211951 0.873424 0.207750 0.879902 0.193044 0.897409 0.186508 0.907913 0.162932 0.939251 0.146825 0.972514 0.141690 0.993873 0.141457 0.999825
1 0.592204 0.999825 0.999767 0.999825 0.999767 0.945028 0.997899 0.944853 0.997432 0.939251 0.992297 0.933473 0.984827 0.928396 0.960784 0.914741 0.942577 0.907563 0.907330 0.899685 0.896592 0.899335 0.864146 0.896183 0.837768 0.895483 0.825630 0.896884 0.810458 0.896359 0.795285 0.897759 0.776844 0.898284 0.772642 0.899160 0.764939 0.899160 0.743464 0.901436 0.699813 0.911765 0.686741 0.916842 0.671802 0.924195 0.651027 0.939951 0.603175 0.980917 0.601541 0.983543 0.597106 0.987395 0.592437 0.995623 0.592204 0.999825
1 0.022409 0.871324 0.023576 0.880252 0.026844 0.887780 0.037348 0.902661 0.052288 0.916492 0.069328 0.924720 0.077031 0.929447 0.095238 0.934874 0.102241 0.936275 0.116480 0.938200 0.132353 0.939251 0.150794 0.938025 0.159197 0.936625 0.164099 0.933648 0.167834 0.929622 0.184174 0.906513 0.189076 0.900910 0.204248 0.877801 0.221989 0.862045 0.234827 0.853291 0.242530 0.846464 0.270075 0.829307 0.298319 0.814951 0.321429 0.807073 0.323763 0.803571 0.327031 0.784489 0.332400 0.767857 0.342670 0.748074 0.343137 0.744398 0.341970 0.743522 0.331699 0.744398 0.320962 0.748074 0.314192 0.749475 0.307423 0.752451 0.283147 0.756653 0.264939 0.756828 0.262372 0.756127 0.248133 0.756653 0.244398 0.755952 0.241830 0.756653 0.236461 0.756653 0.231007 0.766468 0.222586 0.767925 0.218051 0.767440 0.218487 0.756303 0.216853 0.754552 0.192344 0.750700 0.169234 0.741772 0.164799 0.738971 0.158964 0.736520 0.137021 0.718662 0.133754 0.716912 0.130486 0.716912 0.127218 0.719188 0.119748 0.727416 0.113445 0.737570 0.098273 0.755602 0.094538 0.758578 0.086134 0.770133 0.082633 0.772584 0.077031 0.779587 0.071895 0.784839 0.067460 0.787640 0.060691 0.795343 0.051587 0.808824 0.042484 0.818978 0.031046 0.835084 0.027778 0.841387 0.022642 0.857843 0.022409 0.871324
1 0.038982 0.545343 0.022876 0.560749 0.000000 0.574230 0.000000 0.802521 0.005135 0.804097 0.012838 0.801646 0.015640 0.799545 0.020542 0.798494 0.022176 0.796569 0.027311 0.796919 0.032213 0.799020 0.043651 0.797619 0.056956 0.791141 0.059524 0.787465 0.064192 0.786239 0.064893 0.784664 0.071429 0.780112 0.085668 0.766106 0.089169 0.759979 0.097572 0.751576 0.112745 0.733018 0.125584 0.713585 0.124416 0.706583 0.118347 0.698004 0.114613 0.689076 0.112745 0.687150 0.110411 0.686625 0.106909 0.677871 0.106676 0.669993 0.104108 0.655637 0.103641 0.636204 0.105042 0.623074 0.108077 0.608894 0.115546 0.582108 0.136788 0.554797 0.138422 0.550245 0.134687 0.546569 0.123249 0.541317 0.113679 0.537990 0.098039 0.535014 0.085201 0.533789 0.065826 0.534489 0.046919 0.539041 0.038982 0.545343
1 0.717087 0.390581 0.720355 0.397409 0.723623 0.401085 0.725257 0.411765 0.729225 0.427521 0.730159 0.449755 0.731559 0.456408 0.733427 0.457808 0.752101 0.460609 0.771709 0.460609 0.800187 0.462535 0.816760 0.464461 0.831232 0.469013 0.868114 0.478817 0.884921 0.484944 0.895658 0.487745 0.925770 0.500525 0.936975 0.508053 0.942344 0.510504 0.945378 0.512955 0.949580 0.514531 0.952848 0.516982 0.956349 0.517857 0.960784 0.520658 0.973623 0.526261 0.977124 0.526085 0.985994 0.522759 0.999767 0.513130 0.999767 0.324405 0.992997 0.320903 0.983894 0.317402 0.956116 0.309524 0.949580 0.308473 0.928338 0.307248 0.883754 0.311625 0.817227 0.326331 0.792951 0.336485 0.777077 0.341912 0.750700 0.355217 0.735528 0.366071 0.722456 0.376926 0.719888 0.382178 0.716853 0.385504 0.717087 0.390581
1 0.763072 0.217437 0.764006 0.227066 0.766807 0.234244 0.770775 0.240896 0.769841 0.253676 0.770308 0.263130 0.774743 0.270833 0.777544 0.278887 0.780345 0.283088 0.787582 0.291141 0.796685 0.297619 0.803455 0.299720 0.810691 0.303046 0.841503 0.312325 0.848506 0.313550 0.859477 0.313550 0.907096 0.306197 0.911531 0.306022 0.918768 0.304272 0.923203 0.301646 0.933707 0.297269 0.937442 0.293242 0.952148 0.283263 0.960084 0.276786 0.971055 0.265231 0.981326 0.252101 0.988562 0.238445 0.993697 0.222339 0.997432 0.206057 0.999767 0.202556 0.999767 0.139356 0.997899 0.139181 0.994865 0.126576 0.991830 0.122899 0.984594 0.107668 0.978758 0.098739 0.967787 0.084909 0.961485 0.080182 0.956816 0.074755 0.952148 0.072829 0.949813 0.070378 0.946078 0.070203 0.944444 0.071078 0.942810 0.077031 0.943044 0.081583 0.940476 0.088410 0.940243 0.094363 0.936741 0.099265 0.936275 0.105917 0.930906 0.116071 0.922736 0.126751 0.916900 0.137255 0.912465 0.140931 0.909197 0.145308 0.901027 0.151611 0.890289 0.161940 0.862745 0.175770 0.850607 0.179972 0.820962 0.183999 0.817694 0.185224 0.809991 0.185049 0.803688 0.183648 0.793651 0.182773 0.772176 0.178746 0.767974 0.182248 0.765406 0.190476 0.763305 0.204132 0.763072 0.217437
1 0.031279 0.111870 0.032913 0.115896 0.034781 0.125525 0.035714 0.155112 0.037348 0.162640 0.035247 0.180147 0.033847 0.204482 0.031279 0.217262 0.026611 0.230917 0.026844 0.235294 0.028478 0.238095 0.026844 0.241246 0.027311 0.245098 0.032680 0.255427 0.033380 0.262080 0.038049 0.269083 0.046919 0.273634 0.049953 0.276786 0.057190 0.278536 0.073763 0.272934 0.091970 0.269608 0.102474 0.266282 0.119748 0.263655 0.141223 0.257003 0.157563 0.253151 0.182306 0.249300 0.206816 0.247024 0.212185 0.245448 0.218254 0.244748 0.225257 0.241071 0.231793 0.228291 0.236461 0.223564 0.239729 0.216912 0.234594 0.210609 0.229925 0.208158 0.212418 0.195728 0.193744 0.178396 0.177171 0.160189 0.168768 0.147234 0.163866 0.141282 0.159197 0.133403 0.147526 0.105217 0.142390 0.079132 0.140523 0.073354 0.139823 0.064251 0.137021 0.056197 0.126284 0.055672 0.105742 0.058648 0.091970 0.061800 0.077731 0.066001 0.063025 0.074055 0.049253 0.083683 0.036181 0.096989 0.030812 0.105742 0.031279 0.111870
1 0.466853 0.908088 0.474090 0.925245 0.479925 0.945028 0.484827 0.970938 0.485294 0.979342 0.489029 0.999825 0.573763 0.999825 0.574230 0.997899 0.582400 0.995623 0.589169 0.991772 0.591970 0.988796 0.596172 0.981618 0.607376 0.970763 0.616246 0.964461 0.634921 0.948179 0.640523 0.944853 0.644024 0.940826 0.661298 0.926996 0.666200 0.921744 0.673669 0.908263 0.672969 0.903887 0.671569 0.902311 0.670168 0.901961 0.631419 0.901085 0.623483 0.899860 0.597106 0.897934 0.566993 0.898459 0.553688 0.900385 0.517274 0.898810 0.502801 0.898985 0.495331 0.899860 0.489963 0.899510 0.479225 0.900735 0.470355 0.900560 0.468721 0.901085 0.467087 0.903711 0.466853 0.908088
1 0.000000 0.420693 0.000000 0.570378 0.001634 0.570378 0.005369 0.568803 0.019608 0.560749 0.035247 0.546744 0.038515 0.542367 0.044818 0.536765 0.056489 0.520658 0.059524 0.512430 0.063492 0.506478 0.088469 0.480042 0.093137 0.473739 0.095705 0.467087 0.091737 0.464636 0.073763 0.459559 0.059991 0.454132 0.042951 0.448529 0.037348 0.445728 0.026144 0.442577 0.010504 0.431898 0.001634 0.420693 0.000000 0.420693
1 0.064426 0.508578 0.067460 0.515756 0.077264 0.525035 0.081933 0.527661 0.091970 0.530987 0.109244 0.534139 0.123716 0.538690 0.126517 0.540266 0.130486 0.540966 0.135154 0.543417 0.140523 0.544643 0.144024 0.543768 0.164566 0.532563 0.192810 0.514531 0.207983 0.507353 0.223856 0.501576 0.231326 0.498249 0.234594 0.495973 0.238329 0.494748 0.239496 0.491597 0.238095 0.490371 0.234594 0.490721 0.230859 0.489321 0.220121 0.488971 0.209851 0.486345 0.194678 0.484069 0.179272 0.480567 0.166200 0.479167 0.129785 0.470938 0.115079 0.469013 0.102241 0.467962 0.099673 0.469363 0.095238 0.473739 0.064426 0.508578
1 0.000000 0.000000 0.000000 0.063025 0.001867 0.063025 0.004902 0.064951 0.008637 0.068803 0.021008 0.074055 0.023576 0.076681 0.030579 0.078606 0.035948 0.082633 0.043184 0.085434 0.049953 0.080007 0.066993 0.069153 0.079599 0.063375 0.094538 0.058999 0.105742 0.056723 0.109711 0.055147 0.116013 0.053746 0.119981 0.053746 0.128151 0.050070 0.133520 0.049720 0.137021 0.046394 0.138655 0.043067 0.147759 0.000000 0.000000 0.000000