1 0.227124 0.460359 0.228992 0.477844 0.230859 0.485030 0.237162 0.498443 0.247666 0.512814 0.251167 0.520240 0.267740 0.537725 0.271942 0.541078 0.286415 0.547066 0.297386 0.547784 0.310924 0.545868 0.334500 0.540359 0.352241 0.534132 0.359244 0.530060 0.372549 0.520719 0.376984 0.516407 0.387488 0.511138 0.401027 0.500838 0.406629 0.493653 0.417600 0.484790 0.427171 0.470180 0.429972 0.461557 0.433007 0.439042 0.438375 0.418683 0.445378 0.402635 0.457983 0.383952 0.460084 0.379162 0.460317 0.362395 0.458217 0.345150 0.453548 0.329341 0.447246 0.314251 0.442577 0.307305 0.429272 0.291976 0.422035 0.286228 0.407563 0.278802 0.394258 0.276886 0.375350 0.275689 0.363445 0.277844 0.348973 0.282874 0.342670 0.285988 0.328198 0.295808 0.309757 0.311856 0.305789 0.314012 0.302754 0.317844 0.292250 0.326946 0.272642 0.352575 0.265173 0.364790 0.260037 0.370060 0.248133 0.390659 0.235294 0.418204 0.228291 0.447425 0.227124 0.460359
0 0.429972 0.484790 0.433707 0.511377 0.439076 0.530060 0.445845 0.546347 0.458450 0.570778 0.469421 0.588982 0.479925 0.602874 0.486928 0.610299 0.494631 0.616287 0.502101 0.621078 0.510738 0.623713 0.521475 0.622515 0.532680 0.619401 0.546685 0.612455 0.555089 0.606228 0.562792 0.599521 0.574930 0.585868 0.582166 0.574371 0.588936 0.560719 0.593371 0.542275 0.596639 0.516647 0.595938 0.493174 0.593838 0.466826 0.590103 0.449581 0.583100 0.425150 0.576797 0.407904 0.569094 0.393772 0.561625 0.382994 0.547386 0.368383 0.535948 0.361437 0.526844 0.358323 0.510971 0.356886 0.503268 0.357605 0.498133 0.359521 0.490430 0.360719 0.474556 0.369581 0.460551 0.383473 0.450514 0.397365 0.443044 0.411257 0.437908 0.425389 0.434407 0.438802 0.429972 0.475689 0.429972 0.484790
1 0.179505 0.681916 0.180672 0.689581 0.184407 0.699641 0.191643 0.710180 0.204015 0.720719 0.216853 0.727665 0.240896 0.733892 0.257937 0.731976 0.269841 0.728623 0.275910 0.725269 0.279412 0.724551 0.293184 0.712335 0.303688 0.704431 0.319328 0.685269 0.333567 0.661796 0.347106 0.612695 0.357143 0.588263 0.359010 0.562874 0.358077 0.556168 0.353875 0.543234 0.349440 0.538204 0.345238 0.537246 0.337302 0.540599 0.324463 0.544192 0.299486 0.548743 0.292951 0.548503 0.284781 0.547305 0.270075 0.541078 0.267274 0.539162 0.258403 0.529102 0.251634 0.525030 0.244865 0.529102 0.236228 0.536766 0.234827 0.539641 0.229225 0.545150 0.220822 0.557126 0.207983 0.577725 0.204248 0.586826 0.195378 0.600000 0.189076 0.615090 0.185574 0.626347 0.183473 0.637126 0.182773 0.647665 0.179972 0.660599 0.179505 0.681916
1 0.029178 0.571257 0.027778 0.578683 0.028711 0.584192 0.035014 0.598802 0.035948 0.602874 0.042484 0.608862 0.054155 0.616527 0.069795 0.624671 0.077965 0.626826 0.089169 0.626826 0.098739 0.624910 0.129785 0.611257 0.144258 0.603114 0.160131 0.590419 0.169468 0.585150 0.186041 0.571737 0.200747 0.556168 0.216387 0.534611 0.222456 0.527904 0.230392 0.515928 0.235761 0.505150 0.235061 0.498204 0.230392 0.489581 0.226891 0.473772 0.225257 0.470419 0.225957 0.454132 0.231092 0.425150 0.228291 0.418443 0.223623 0.411497 0.219655 0.407186 0.215686 0.405269 0.210084 0.400240 0.193044 0.393054 0.185574 0.391138 0.178805 0.390898 0.165500 0.392096 0.154062 0.394970 0.136788 0.401916 0.122316 0.411257 0.100607 0.427784 0.085668 0.440479 0.073529 0.453653 0.069094 0.460838 0.063725 0.467066 0.056723 0.478563 0.051354 0.484790 0.039216 0.506826 0.033147 0.522395 0.030345 0.532934 0.029178 0.539641 0.029879 0.542754 0.028245 0.561916 0.029178 0.571257
1 0.016573 0.428503 0.020775 0.446228 0.027544 0.460838 0.037115 0.471856 0.047619 0.478802 0.053688 0.479521 0.056489 0.477126 0.074230 0.452216 0.084734 0.440958 0.099673 0.427784 0.105742 0.423952 0.128385 0.405988 0.140523 0.398563 0.155929 0.393054 0.169001 0.390180 0.183707 0.389940 0.186275 0.388503 0.195845 0.375808 0.207516 0.348024 0.208917 0.342036 0.208450 0.320719 0.206349 0.314251 0.199813 0.300838 0.188609 0.289581 0.186508 0.284551 0.180672 0.282395 0.172736 0.276886 0.161531 0.274012 0.147526 0.274251 0.137021 0.276407 0.126751 0.280240 0.099206 0.295569 0.073529 0.313054 0.057423 0.328623 0.052521 0.335329 0.042484 0.354251 0.039916 0.357126 0.032913 0.369581 0.023810 0.389701 0.020075 0.403832 0.020075 0.408144 0.018207 0.411018 0.016807 0.419162 0.016573 0.428503
1 0.102474 0.723353 0.106209 0.744671 0.111811 0.761916 0.116947 0.769820 0.119514 0.777006 0.128852 0.789701 0.140756 0.800479 0.158730 0.807665 0.168534 0.812695 0.179505 0.813892 0.190476 0.811018 0.199580 0.806467 0.206816 0.800958 0.215219 0.791856 0.225490 0.776766 0.234594 0.759760 0.241830 0.737246 0.240663 0.735569 0.238095 0.734371 0.217320 0.729102 0.202848 0.720958 0.193511 0.713293 0.187908 0.707066 0.181139 0.692695 0.178571 0.681198 0.178105 0.672575 0.181606 0.644072 0.185574 0.622754 0.188842 0.612695 0.193044 0.603593 0.195378 0.591617 0.192577 0.589940 0.186508 0.588982 0.175070 0.588982 0.168534 0.590419 0.160831 0.595689 0.129785 0.612934 0.124883 0.617006 0.118347 0.633054 0.112512 0.654132 0.104342 0.690778 0.102241 0.704910 0.102474 0.723353
1 0.271242 0.789701 0.272642 0.803832 0.278945 0.821317 0.286415 0.830419 0.316993 0.850539 0.324463 0.851737 0.331699 0.851257 0.338702 0.850060 0.347339 0.846946 0.359244 0.838563 0.365079 0.833293 0.381419 0.814132 0.383053 0.810778 0.382353 0.807186 0.379552 0.805749 0.366013 0.793054 0.350607 0.770539 0.343604 0.755928 0.335434 0.714251 0.334267 0.686467 0.334967 0.671377 0.333567 0.668263 0.331466 0.667784 0.326331 0.677605 0.320261 0.685749 0.316760 0.688862 0.308357 0.700599 0.304855 0.703234 0.303922 0.705629 0.289916 0.715928 0.280112 0.727186 0.272642 0.761916 0.271475 0.773653 0.271242 0.789701
1 0.220822 0.383713 0.222923 0.403353 0.225023 0.407904 0.230626 0.415569 0.234127 0.416766 0.253035 0.379401 0.290616 0.327425 0.306723 0.312575 0.336835 0.288383 0.348273 0.281916 0.365780 0.275928 0.367414 0.274491 0.368114 0.272575 0.367414 0.251497 0.361111 0.216766 0.359244 0.211257 0.350373 0.194491 0.346405 0.188982 0.338469 0.182036 0.324463 0.176287 0.309057 0.177725 0.298319 0.181317 0.286415 0.187784 0.275210 0.195928 0.264939 0.206946 0.262372 0.212455 0.253735 0.222754 0.245565 0.237365 0.242530 0.244790 0.236228 0.265150 0.227358 0.299880 0.222456 0.334611 0.221055 0.361677 0.220822 0.383713
1 0.190476 0.241437 0.194911 0.260838 0.202848 0.275689 0.206349 0.279760 0.208450 0.285269 0.212885 0.291018 0.221522 0.299401 0.223856 0.301078 0.226190 0.300599 0.227824 0.297964 0.236228 0.261796 0.242297 0.243832 0.252334 0.223473 0.259337 0.214611 0.264239 0.205749 0.274043 0.195210 0.292250 0.183473 0.307190 0.177006 0.318394 0.176527 0.323063 0.174850 0.323996 0.171737 0.323296 0.148982 0.323763 0.143473 0.324930 0.140838 0.325163 0.132455 0.328898 0.115449 0.333333 0.106108 0.333567 0.102275 0.332633 0.100838 0.327965 0.098204 0.314192 0.093892 0.299486 0.093653 0.286181 0.096048 0.277544 0.098683 0.269608 0.102994 0.261671 0.105868 0.248133 0.117365 0.237162 0.124790 0.222456 0.140120 0.213119 0.153772 0.197946 0.179401 0.192344 0.200719 0.190476 0.225629 0.190476 0.241437
1 0.325630 0.168623 0.327031 0.174611 0.339169 0.180599 0.346405 0.186826 0.353408 0.195689 0.360177 0.210060 0.362979 0.213174 0.365780 0.214611 0.373016 0.216048 0.386321 0.217006 0.394024 0.216527 0.405462 0.214371 0.418768 0.208862 0.421802 0.206707 0.422269 0.204551 0.421102 0.196407 0.421102 0.177725 0.423903 0.160479 0.431839 0.138204 0.438609 0.128623 0.460784 0.104910 0.468954 0.097725 0.480392 0.091737 0.483193 0.088623 0.482260 0.077365 0.477358 0.065150 0.469888 0.050539 0.463352 0.042156 0.456583 0.037126 0.442344 0.031138 0.435107 0.029222 0.417600 0.028263 0.407796 0.029461 0.400560 0.030898 0.386788 0.036647 0.378852 0.042395 0.365546 0.055808 0.346172 0.078084 0.329365 0.118802 0.326331 0.138922 0.325630 0.168623
0 0.422269 0.196647 0.429272 0.231856 0.435808 0.249341 0.438842 0.254611 0.445145 0.262275 0.454015 0.268982 0.460551 0.272575 0.479458 0.279760 0.501401 0.282156 0.517974 0.280958 0.542951 0.270659 0.549020 0.266108 0.561158 0.255808 0.573529 0.241437 0.583333 0.227305 0.586601 0.220120 0.589402 0.210299 0.594304 0.182754 0.595005 0.168144 0.594071 0.147305 0.590570 0.130299 0.583100 0.113054 0.579365 0.107305 0.573296 0.100599 0.558590 0.091257 0.546218 0.084790 0.533613 0.081677 0.518207 0.081916 0.484360 0.091257 0.469188 0.098683 0.461485 0.105389 0.447479 0.120000 0.433940 0.136527 0.425303 0.157365 0.422502 0.175090 0.422269 0.196647
1 0.595705 0.161198 0.596172 0.178443 0.591503 0.205988 0.587768 0.220359 0.584500 0.227545 0.581466 0.230898 0.576097 0.239760 0.560224 0.258922 0.558824 0.262036 0.560224 0.273293 0.563259 0.279760 0.575397 0.287186 0.594304 0.301796 0.616246 0.321916 0.628852 0.336766 0.650794 0.367665 0.653595 0.369341 0.654528 0.373413 0.657796 0.373174 0.667134 0.356168 0.677171 0.343473 0.686275 0.334850 0.690943 0.327904 0.691877 0.313054 0.694444 0.296527 0.695378 0.275449 0.692810 0.245269 0.686741 0.214371 0.679972 0.195210 0.669935 0.177964 0.661765 0.167904 0.648693 0.157605 0.639356 0.152814 0.625350 0.149701 0.616246 0.150180 0.605509 0.152096 0.600140 0.154251 0.596405 0.157605 0.595705 0.161198
1 0.456583 0.335329 0.460084 0.348743 0.462185 0.373413 0.463352 0.375808 0.466853 0.375569 0.472689 0.369341 0.489729 0.360000 0.497899 0.357365 0.511204 0.355689 0.532680 0.358802 0.547152 0.366946 0.553688 0.372455 0.563259 0.383234 0.576797 0.405988 0.583567 0.423713 0.589402 0.442874 0.595238 0.468024 0.598739 0.470180 0.599907 0.466587 0.601774 0.465150 0.607376 0.455808 0.612745 0.450060 0.618114 0.440958 0.622549 0.436407 0.629552 0.431377 0.636321 0.423234 0.646592 0.413413 0.661298 0.404311 0.663866 0.400958 0.662232 0.393054 0.657096 0.380120 0.656863 0.376766 0.654062 0.373892 0.642390 0.355928 0.621148 0.328144 0.606676 0.313293 0.581933 0.292934 0.571895 0.286228 0.552521 0.276168 0.546919 0.272335 0.542250 0.272335 0.521709 0.280958 0.508637 0.283832 0.497666 0.282874 0.480859 0.283832 0.466620 0.303234 0.457750 0.320958 0.455649 0.326946 0.456583 0.335329
0 0.598973 0.515449 0.594538 0.546108 0.591270 0.557126 0.591270 0.563353 0.592904 0.573892 0.599907 0.602395 0.603641 0.613174 0.605275 0.623473 0.607610 0.628263 0.611578 0.651018 0.616246 0.665389 0.619748 0.673772 0.629785 0.692216 0.633053 0.696766 0.647526 0.710898 0.655462 0.715689 0.668301 0.718802 0.678805 0.717126 0.687675 0.714491 0.696312 0.709461 0.699346 0.708982 0.703782 0.706587 0.716153 0.696766 0.720355 0.694611 0.737395 0.680719 0.741597 0.675928 0.745565 0.668982 0.748366 0.666587 0.755369 0.655329 0.757937 0.647665 0.763072 0.639042 0.765873 0.630180 0.774977 0.584671 0.775910 0.571018 0.777311 0.565030 0.777778 0.550180 0.775677 0.537325 0.774510 0.501078 0.773109 0.497964 0.769841 0.481198 0.770542 0.473533 0.760738 0.439042 0.752801 0.425150 0.747666 0.418443 0.741830 0.412934 0.734360 0.408862 0.720355 0.402874 0.710084 0.400719 0.706349 0.399042 0.686041 0.397365 0.675070 0.399281 0.666433 0.402874 0.657796 0.408623 0.651961 0.411257 0.635854 0.425389 0.630019 0.435210 0.626517 0.435928 0.621382 0.439521 0.608077 0.460120 0.604108 0.472335 0.602474 0.474012 0.599206 0.480958 0.598273 0.487186 0.598973 0.515449
1 0.386555 0.901317 0.388422 0.915928 0.390289 0.921916 0.401494 0.945868 0.411064 0.959042 0.419468 0.968144 0.436741 0.974371 0.456349 0.975329 0.470822 0.971976 0.481092 0.968383 0.499533 0.957605 0.513539 0.943234 0.527077 0.920479 0.540850 0.888144 0.548786 0.860359 0.555089 0.818443 0.556256 0.774132 0.555089 0.765269 0.551120 0.750659 0.545752 0.737964 0.539916 0.731737 0.522176 0.720000 0.505369 0.714731 0.498133 0.714970 0.485061 0.731018 0.483660 0.734850 0.472689 0.751377 0.458450 0.776527 0.447946 0.789701 0.440710 0.796407 0.429505 0.805749 0.422736 0.809820 0.415733 0.811497 0.401261 0.812934 0.390289 0.812455 0.388189 0.813892 0.387021 0.821078 0.386555 0.854132 0.386555 0.901317
1 0.335434 0.681437 0.336134 0.713293 0.338936 0.725269 0.339169 0.731257 0.342204 0.747545 0.344304 0.755210 0.348273 0.764551 0.354575 0.775569 0.365546 0.791138 0.378385 0.803832 0.382353 0.805988 0.387255 0.810539 0.394024 0.811976 0.410831 0.811018 0.421569 0.808383 0.428571 0.805030 0.432540 0.800958 0.438142 0.797365 0.452614 0.782754 0.466153 0.762156 0.471522 0.751617 0.482726 0.733413 0.503268 0.703473 0.510971 0.681677 0.512605 0.671856 0.514006 0.653174 0.512138 0.633533 0.510738 0.626826 0.508870 0.624671 0.495798 0.617725 0.485761 0.609820 0.478291 0.602156 0.463585 0.581557 0.455649 0.567904 0.450747 0.556886 0.445145 0.549701 0.439309 0.547305 0.421802 0.544192 0.407563 0.545389 0.400794 0.547784 0.397526 0.548024 0.387488 0.554251 0.376751 0.564551 0.375350 0.567186 0.366480 0.576527 0.363212 0.581796 0.355742 0.595689 0.344071 0.628024 0.339169 0.647425 0.336601 0.668263 0.335434 0.681437
1 0.335434 0.707545 0.339636 0.727186 0.339169 0.730778 0.342204 0.748263 0.347106 0.762635 0.354575 0.775808 0.369281 0.795689 0.378618 0.804072 0.388889 0.811257 0.391457 0.811976 0.405229 0.811976 0.422035 0.808383 0.428338 0.805269 0.438375 0.797365 0.452848 0.782515 0.466153 0.762156 0.483193 0.732695 0.496032 0.715210 0.503735 0.702515 0.510738 0.682395 0.513539 0.662515 0.513772 0.645509 0.510504 0.626587 0.508870 0.624910 0.495098 0.617485 0.483427 0.607665 0.477591 0.601437 0.462185 0.579641 0.455649 0.568144 0.450747 0.557126 0.444678 0.549701 0.439542 0.547545 0.422035 0.544431 0.414099 0.544431 0.397526 0.548024 0.390289 0.552096 0.376984 0.564311 0.375350 0.567665 0.365780 0.577485 0.355742 0.595689 0.347106 0.618204 0.341270 0.637126 0.338936 0.648862 0.335434 0.681198 0.335434 0.707545
1 0.206116 0.811257 0.207983 0.821317 0.216387 0.842156 0.230159 0.860838 0.235994 0.867066 0.252801 0.872335 0.265640 0.873054 0.275210 0.872096 0.282913 0.869701 0.297852 0.862994 0.311391 0.852216 0.311391 0.848862 0.307656 0.845269 0.287815 0.832575 0.281279 0.825629 0.278711 0.821796 0.272876 0.807425 0.270542 0.789940 0.271475 0.765030 0.274043 0.747784 0.276844 0.738683 0.276611 0.734132 0.279412 0.731018 0.278478 0.728862 0.275210 0.728383 0.268908 0.729581 0.246032 0.736048 0.242997 0.737964 0.236228 0.757605 0.225724 0.778204 0.213352 0.796168 0.206583 0.803832 0.206116 0.811257
1 0.832400 0.421796 0.836368 0.435689 0.839169 0.455569 0.839402 0.470419 0.835434 0.492934 0.832166 0.502754 0.826564 0.514731 0.817927 0.527904 0.804622 0.542036 0.802288 0.543234 0.797152 0.549222 0.795051 0.550180 0.796685 0.553533 0.796685 0.557126 0.801120 0.564072 0.818861 0.583952 0.831232 0.602395 0.834034 0.605269 0.834967 0.607904 0.840336 0.613413 0.841737 0.617006 0.848039 0.623952 0.857376 0.630419 0.870215 0.637844 0.882586 0.641916 0.900794 0.643593 0.918301 0.640958 0.936041 0.629461 0.949580 0.618204 0.958683 0.606946 0.963119 0.598084 0.965686 0.582036 0.965686 0.573892 0.963819 0.560479 0.962185 0.550419 0.953081 0.525030 0.951914 0.519042 0.950280 0.516407 0.948880 0.508743 0.941176 0.492455 0.937208 0.481437 0.929505 0.467305 0.916200 0.446467 0.907796 0.437844 0.887255 0.422754 0.875117 0.417964 0.859244 0.415808 0.841270 0.415808 0.835668 0.416527 0.832633 0.418683 0.832400 0.421796
1 0.737628 0.685749 0.741830 0.687665 0.750467 0.693892 0.760037 0.703473 0.767040 0.713533 0.768908 0.720000 0.772409 0.726707 0.789916 0.730299 0.807190 0.731737 0.815126 0.729820 0.819328 0.726946 0.832400 0.708263 0.841737 0.684551 0.843838 0.678323 0.845705 0.663234 0.844304 0.640479 0.841503 0.623234 0.832866 0.605749 0.817927 0.585150 0.805789 0.571257 0.789683 0.554970 0.786415 0.552814 0.782213 0.552575 0.779412 0.553772 0.778945 0.554970 0.772876 0.606228 0.766106 0.633772 0.758170 0.650299 0.755369 0.658204 0.737862 0.682635 0.737628 0.685749
1 0.627684 0.808144 0.626284 0.816287 0.626751 0.822994 0.633520 0.855808 0.644024 0.882395 0.652194 0.898204 0.672969 0.945389 0.676704 0.950898 0.687675 0.961677 0.699580 0.966228 0.713119 0.969581 0.734360 0.969341 0.753501 0.958563 0.773343 0.937725 0.777077 0.932695 0.784314 0.919042 0.791783 0.897246 0.795285 0.870180 0.795051 0.859162 0.791783 0.841916 0.788282 0.831138 0.787348 0.820838 0.785481 0.814132 0.781746 0.759042 0.779412 0.751138 0.774977 0.742275 0.773343 0.733653 0.762605 0.709222 0.755836 0.700599 0.749533 0.694850 0.740196 0.689102 0.733427 0.687425 0.730859 0.687904 0.723856 0.692934 0.719188 0.697725 0.716620 0.698683 0.706583 0.706587 0.693044 0.713533 0.677638 0.718563 0.664099 0.719521 0.654295 0.717365 0.651027 0.719281 0.640523 0.738922 0.635854 0.752096 0.629552 0.779401 0.627218 0.796407 0.627684 0.808144
1 0.512372 0.629940 0.514706 0.642635 0.514706 0.664192 0.513072 0.678323 0.506769 0.699401 0.507236 0.702994 0.521475 0.714491 0.536259 0.724870 0.553688 0.740838 0.567460 0.750180 0.586835 0.760000 0.608077 0.765269 0.620682 0.765749 0.630019 0.764072 0.639356 0.737725 0.640289 0.731737 0.649860 0.716886 0.650093 0.713533 0.643091 0.708503 0.629552 0.694132 0.621148 0.680479 0.614846 0.665629 0.611345 0.654850 0.603408 0.618922 0.598039 0.601677 0.591970 0.572695 0.588469 0.564551 0.574930 0.587545 0.568861 0.595210 0.559524 0.604551 0.544585 0.615090 0.526377 0.622515 0.514939 0.624671 0.512605 0.626587 0.512372 0.629940
1 0.555789 0.819880 0.549486 0.861557 0.547386 0.871856 0.537348 0.900838 0.538282 0.922156 0.545518 0.945868 0.549953 0.954012 0.554388 0.959760 0.567460 0.967186 0.573296 0.969341 0.584034 0.971257 0.594304 0.970060 0.598973 0.970539 0.606676 0.965269 0.612278 0.963593 0.620215 0.958084 0.626517 0.955689 0.641457 0.940120 0.651494 0.926228 0.656629 0.915689 0.656396 0.911138 0.654528 0.906108 0.642857 0.882156 0.637488 0.866587 0.632586 0.856287 0.625584 0.825389 0.624183 0.815329 0.625817 0.804551 0.626284 0.789701 0.629085 0.776048 0.629318 0.769581 0.628385 0.768144 0.623716 0.766467 0.608310 0.766467 0.585434 0.761198 0.580999 0.761198 0.574463 0.765030 0.563959 0.773413 0.559057 0.779162 0.557656 0.784192 0.555789 0.819880
1 0.834034 0.404311 0.835201 0.405509 0.847339 0.412695 0.879552 0.417246 0.886788 0.420599 0.897059 0.428982 0.905929 0.434251 0.920635 0.437126 0.943044 0.437365 0.949580 0.436168 0.957750 0.433054 0.963352 0.429222 0.971289 0.417725 0.974556 0.409341 0.976424 0.400479 0.976657 0.390180 0.972689 0.366228 0.964519 0.344431 0.957516 0.331737 0.943044 0.314491 0.923203 0.297964 0.911531 0.290778 0.903828 0.284790 0.880952 0.274012 0.869514 0.271138 0.868114 0.272335 0.867880 0.274251 0.866713 0.296527 0.853408 0.365749 0.848039 0.381078 0.841503 0.390659 0.839169 0.395928 0.834500 0.401198 0.834034 0.404311
1 0.721289 0.308743 0.723156 0.321916 0.730159 0.324551 0.742997 0.327425 0.748599 0.329820 0.793651 0.368144 0.815593 0.390419 0.824463 0.402874 0.832400 0.401677 0.838469 0.395449 0.841036 0.389940 0.846872 0.381317 0.854108 0.360479 0.866246 0.293413 0.866947 0.279760 0.866947 0.272096 0.865780 0.269461 0.864379 0.258443 0.859711 0.239521 0.854108 0.223473 0.846639 0.208623 0.844538 0.206228 0.843604 0.203114 0.833333 0.189222 0.824463 0.181317 0.809057 0.173413 0.804155 0.172216 0.789449 0.173653 0.773576 0.178443 0.766573 0.181317 0.756536 0.188503 0.751167 0.193772 0.743464 0.203593 0.730859 0.230898 0.725724 0.251497 0.721755 0.281677 0.721289 0.308743
1 0.659430 0.380599 0.661298 0.387066 0.664799 0.395689 0.667600 0.399521 0.675303 0.399042 0.682073 0.396647 0.688609 0.396168 0.708683 0.397365 0.719421 0.401198 0.742764 0.412455 0.755369 0.427784 0.762838 0.442635 0.768441 0.460359 0.770308 0.469940 0.770542 0.480000 0.773810 0.490778 0.773343 0.495329 0.774743 0.500838 0.774510 0.506587 0.775910 0.515449 0.775210 0.521677 0.775677 0.536527 0.777544 0.546826 0.779645 0.550419 0.786881 0.550180 0.797619 0.545389 0.804388 0.540838 0.813025 0.532934 0.824930 0.516647 0.832866 0.499162 0.838235 0.474012 0.838702 0.461557 0.835434 0.435689 0.830999 0.418204 0.823296 0.402395 0.819328 0.396168 0.815593 0.391138 0.802288 0.377246 0.754902 0.335090 0.740896 0.327425 0.730392 0.324790 0.723156 0.324311 0.702848 0.327186 0.696078 0.330299 0.681606 0.341078 0.679272 0.344910 0.674837 0.348982 0.665266 0.362874 0.659664 0.378204 0.659430 0.380599
1 0.355275 0.540359 0.362045 0.560479 0.366480 0.567425 0.369281 0.570060 0.372782 0.568383 0.378151 0.561916 0.390056 0.551138 0.402894 0.545389 0.414332 0.543234 0.422269 0.543234 0.436041 0.545629 0.439309 0.547066 0.443511 0.547066 0.443511 0.542994 0.438375 0.530539 0.431373 0.504192 0.429038 0.485509 0.428805 0.472575 0.425070 0.475449 0.419935 0.482874 0.407563 0.493653 0.398926 0.502754 0.390523 0.509701 0.376517 0.518084 0.367880 0.524551 0.357143 0.533653 0.355509 0.537725 0.355275 0.540359
1 0.841737 0.630659 0.843137 0.632814 0.844304 0.638084 0.845238 0.659880 0.846172 0.663952 0.844071 0.679042 0.837068 0.696048 0.836601 0.699401 0.830766 0.711617 0.826564 0.716168 0.818394 0.728383 0.806489 0.733892 0.806723 0.737725 0.810924 0.744192 0.819094 0.765509 0.824697 0.771737 0.845005 0.778443 0.853641 0.779641 0.879785 0.778443 0.883520 0.774371 0.908964 0.737725 0.908730 0.733892 0.910364 0.728383 0.909664 0.716407 0.906863 0.713293 0.906863 0.709940 0.896592 0.679042 0.879785 0.646467 0.873483 0.640479 0.861578 0.634970 0.850607 0.627066 0.841737 0.623234 0.841737 0.630659
1 0.774510 0.735808 0.776844 0.744431 0.779879 0.749940 0.782213 0.760719 0.784547 0.782515 0.785948 0.808623 0.789916 0.835210 0.793184 0.843593 0.796919 0.869940 0.806956 0.866108 0.820495 0.854132 0.829832 0.838802 0.830766 0.827545 0.821195 0.776287 0.810924 0.745150 0.806956 0.739162 0.805556 0.734371 0.800187 0.731976 0.780112 0.729341 0.776144 0.729341 0.774510 0.730778 0.774510 0.735808
1 0.674370 0.182515 0.675303 0.185629 0.679505 0.192814 0.687675 0.215090 0.692577 0.240958 0.695612 0.271617 0.695145 0.294132 0.691643 0.322395 0.690243 0.327425 0.690710 0.328623 0.692810 0.329102 0.698179 0.326946 0.710784 0.324551 0.721055 0.321198 0.719655 0.307545 0.720355 0.305389 0.720822 0.279281 0.723156 0.261317 0.728758 0.236407 0.735061 0.220359 0.742297 0.205269 0.751401 0.192575 0.764706 0.181317 0.781513 0.174611 0.792484 0.171737 0.793184 0.168383 0.791783 0.164790 0.785714 0.157844 0.768674 0.146826 0.759337 0.143713 0.755135 0.141317 0.733660 0.140838 0.721755 0.142994 0.706116 0.151617 0.694211 0.160240 0.680672 0.172455 0.674603 0.179162 0.674370 0.182515
1 0.384454 0.255090 0.386088 0.272575 0.390756 0.275210 0.401494 0.276407 0.409430 0.278563 0.416667 0.281916 0.426237 0.288383 0.434641 0.295808 0.445145 0.308982 0.447712 0.312575 0.453081 0.325030 0.456583 0.323114 0.462185 0.310898 0.475724 0.288862 0.482260 0.282874 0.477358 0.280240 0.468487 0.277365 0.455649 0.270898 0.446779 0.264910 0.440243 0.257485 0.436741 0.252695 0.430439 0.237605 0.426237 0.221078 0.425303 0.213174 0.421802 0.209581 0.395425 0.220599 0.390990 0.227305 0.384921 0.251497 0.384454 0.255090