0 0.623716 0.182857 0.625817 0.192245 0.632586 0.206122 0.640056 0.215102 0.645658 0.219592 0.661298 0.227551 0.668301 0.228776 0.683473 0.227551 0.692344 0.224286 0.706349 0.216531 0.714052 0.208571 0.721289 0.198367 0.729692 0.180000 0.736928 0.157143 0.738095 0.147143 0.735294 0.133878 0.727591 0.119388 0.721289 0.112041 0.708450 0.102653 0.694678 0.096735 0.682540 0.094082 0.668301 0.093673 0.659897 0.095102 0.650794 0.098367 0.645658 0.102857 0.636788 0.112857 0.632820 0.120612 0.627451 0.138367 0.623716 0.162857 0.623716 0.182857
0 0.538515 0.324490 0.542250 0.345918 0.550654 0.365918 0.556022 0.373878 0.563259 0.382041 0.566293 0.384898 0.576564 0.388980 0.582166 0.390000 0.590336 0.390204 0.602241 0.388571 0.616246 0.381020 0.623950 0.371837 0.632353 0.356939 0.636088 0.345714 0.641457 0.324082 0.643791 0.307551 0.644024 0.292041 0.642157 0.279388 0.636788 0.267347 0.630019 0.258980 0.622316 0.251429 0.612979 0.245306 0.605976 0.242653 0.591737 0.241429 0.579132 0.243469 0.573063 0.246735 0.563959 0.254286 0.550654 0.271429 0.544351 0.286122 0.539916 0.300204 0.538515 0.324490
0 0.721522 0.244898 0.724556 0.255306 0.727824 0.272041 0.735528 0.293061 0.743931 0.308367 0.754669 0.321020 0.759337 0.324490 0.761204 0.328163 0.786415 0.343673 0.790149 0.343878 0.796919 0.346735 0.809057 0.348980 0.813959 0.349592 0.827965 0.348980 0.831466 0.348163 0.834967 0.345510 0.839169 0.344082 0.840570 0.341837 0.842904 0.340816 0.845005 0.341837 0.848739 0.341224 0.852708 0.334898 0.853408 0.316327 0.851074 0.300204 0.843838 0.265510 0.840803 0.256735 0.835201 0.245714 0.834267 0.241224 0.832166 0.237551 0.825397 0.228980 0.819795 0.224898 0.817460 0.221837 0.809991 0.216327 0.779412 0.206531 0.768207 0.205510 0.758403 0.206939 0.752568 0.208571 0.745098 0.212653 0.730392 0.223061 0.725023 0.229796 0.721755 0.237347 0.721522 0.244898
0 0.732726 0.502653 0.734827 0.518980 0.741830 0.536531 0.747199 0.545306 0.758637 0.556327 0.768441 0.562245 0.775910 0.564898 0.778478 0.565510 0.786648 0.565102 0.796919 0.561633 0.805789 0.554898 0.818861 0.540204 0.831232 0.522245 0.848506 0.494694 0.852708 0.489796 0.857610 0.477959 0.860177 0.470000 0.861811 0.460612 0.862045 0.444286 0.859944 0.432041 0.858077 0.426531 0.850607 0.413469 0.838002 0.401837 0.831699 0.398163 0.823529 0.396327 0.814659 0.394898 0.810691 0.395102 0.803221 0.396327 0.789916 0.400612 0.781279 0.408163 0.777544 0.416735 0.767040 0.434490 0.761671 0.440612 0.758637 0.442653 0.754435 0.448776 0.744631 0.456122 0.741830 0.460000 0.734827 0.480816 0.732960 0.494082 0.732726 0.502653
0 0.818394 0.613061 0.820028 0.628571 0.827965 0.650816 0.840103 0.666122 0.848739 0.672653 0.864146 0.678776 0.879785 0.682857 0.884921 0.682857 0.894024 0.680612 0.902428 0.675918 0.911064 0.666939 0.920401 0.650816 0.929739 0.626531 0.938142 0.595102 0.939076 0.575306 0.938375 0.567755 0.936275 0.559592 0.932773 0.549388 0.928805 0.542449 0.918301 0.529796 0.902194 0.515510 0.897292 0.513265 0.890523 0.511633 0.876751 0.510816 0.873483 0.512041 0.869281 0.511429 0.859010 0.513265 0.851541 0.516122 0.840803 0.525510 0.830766 0.542041 0.824930 0.557143 0.818627 0.590612 0.818394 0.613061
0 0.834967 0.220408 0.837068 0.228163 0.841970 0.239592 0.845705 0.240816 0.855742 0.249592 0.861345 0.251633 0.862979 0.253265 0.874883 0.255714 0.883053 0.255102 0.893791 0.252245 0.895425 0.251020 0.910131 0.238367 0.915266 0.232245 0.922269 0.221837 0.928571 0.209796 0.934874 0.192857 0.936975 0.178980 0.936041 0.169592 0.933940 0.161633 0.930672 0.154898 0.923203 0.145918 0.914566 0.139388 0.907096 0.135714 0.901027 0.133469 0.890756 0.131837 0.881886 0.131429 0.871615 0.132857 0.862979 0.136327 0.858077 0.139592 0.851307 0.145918 0.846639 0.153061 0.846405 0.179235 0.845238 0.193061 0.840336 0.207143 0.835201 0.217347 0.834967 0.220408
0 0.606676 0.515714 0.615079 0.538980 0.619514 0.546939 0.626984 0.556939 0.644258 0.586327 0.657330 0.603673 0.668067 0.612041 0.675070 0.613878 0.682306 0.613878 0.696545 0.610000 0.708683 0.602449 0.713819 0.597755 0.721289 0.588776 0.725257 0.581633 0.730159 0.567959 0.731559 0.548571 0.728992 0.533061 0.721289 0.508571 0.714986 0.497959 0.713585 0.494082 0.704015 0.483061 0.697712 0.473061 0.693044 0.468980 0.677638 0.463878 0.667600 0.458367 0.664566 0.455918 0.661298 0.451224 0.650560 0.451429 0.643557 0.453061 0.640523 0.454286 0.629785 0.464082 0.622316 0.470204 0.619048 0.471429 0.613679 0.476735 0.612979 0.480816 0.607610 0.494286 0.606443 0.501224 0.606676 0.515714
0 0.420401 0.498980 0.422736 0.508571 0.426704 0.515918 0.433240 0.521020 0.453081 0.528776 0.466853 0.527959 0.481793 0.523878 0.492997 0.518367 0.504902 0.510408 0.516807 0.499592 0.530112 0.481837 0.538049 0.468163 0.541317 0.464286 0.549020 0.449796 0.556723 0.428367 0.559057 0.414286 0.557890 0.402857 0.554622 0.396939 0.542484 0.384286 0.532680 0.377143 0.526844 0.374898 0.519374 0.373061 0.504902 0.373878 0.494164 0.376327 0.486461 0.379592 0.476424 0.385102 0.465219 0.393061 0.449580 0.411224 0.440710 0.429388 0.424370 0.469184 0.420635 0.487143 0.420401 0.498980
0 0.216853 0.373265 0.221755 0.380612 0.233193 0.388571 0.244631 0.391633 0.251401 0.392857 0.272876 0.392857 0.282913 0.389592 0.291317 0.385510 0.302288 0.382653 0.320962 0.384898 0.331699 0.382245 0.348273 0.374082 0.357610 0.368163 0.368114 0.359184 0.373016 0.353061 0.376284 0.345714 0.375117 0.328571 0.371849 0.323469 0.359711 0.314082 0.345705 0.309388 0.331466 0.306735 0.325163 0.306531 0.316527 0.306531 0.300654 0.308571 0.286648 0.311837 0.272642 0.316735 0.261905 0.322653 0.258403 0.323673 0.238796 0.334694 0.229692 0.342041 0.227824 0.345306 0.218721 0.355714 0.216153 0.361429 0.216853 0.373265
0 0.067460 0.349184 0.069094 0.368367 0.073063 0.386939 0.080065 0.405918 0.087302 0.413878 0.089869 0.418163 0.095238 0.422653 0.099673 0.428776 0.105742 0.433878 0.113445 0.437551 0.120215 0.438776 0.130252 0.437347 0.146359 0.433673 0.149160 0.431429 0.158263 0.418367 0.164099 0.402653 0.166900 0.390408 0.168768 0.363878 0.168768 0.354898 0.165266 0.337959 0.159664 0.324898 0.152194 0.313061 0.140990 0.302245 0.130252 0.294898 0.116713 0.291020 0.105509 0.291633 0.091970 0.295102 0.081699 0.300408 0.073763 0.313061 0.068394 0.327755 0.067460 0.349184
0 0.123483 0.527755 0.126517 0.539796 0.133053 0.548776 0.139356 0.555306 0.143324 0.557551 0.150794 0.560612 0.168768 0.561633 0.175303 0.559388 0.178571 0.559592 0.181373 0.557143 0.188142 0.554898 0.193744 0.551633 0.240896 0.515510 0.249066 0.507551 0.257236 0.497755 0.263772 0.484286 0.265873 0.474898 0.265406 0.469796 0.266106 0.466735 0.256069 0.435510 0.241597 0.425102 0.220355 0.419388 0.203548 0.420000 0.188842 0.424694 0.174837 0.435102 0.163399 0.445510 0.150327 0.459184 0.144258 0.466939 0.136088 0.479184 0.132586 0.487755 0.128618 0.494286 0.126050 0.501633 0.123483 0.514898 0.123483 0.527755
0 0.260271 0.443061 0.264006 0.456327 0.268441 0.466327 0.277311 0.477755 0.308123 0.502041 0.320962 0.509388 0.331933 0.510816 0.338702 0.510204 0.348739 0.507143 0.355275 0.503265 0.360644 0.498571 0.363679 0.491224 0.364846 0.482653 0.368814 0.475306 0.374883 0.466939 0.375817 0.462857 0.374650 0.452449 0.370915 0.442653 0.359477 0.423469 0.354342 0.417959 0.350373 0.410612 0.337535 0.397755 0.328898 0.392857 0.323996 0.388776 0.316527 0.386122 0.304155 0.383878 0.293184 0.385510 0.278711 0.393265 0.272409 0.398571 0.268207 0.404694 0.262138 0.417551 0.259804 0.428571 0.260271 0.443061
0 0.230859 0.175714 0.232493 0.178367 0.233193 0.182449 0.251401 0.190816 0.264939 0.193265 0.272642 0.193673 0.293184 0.191020 0.311391 0.183673 0.318627 0.179592 0.324697 0.173469 0.345705 0.142041 0.354342 0.123265 0.358310 0.112245 0.360878 0.099388 0.361111 0.090612 0.358077 0.077755 0.353175 0.070612 0.339169 0.062041 0.328431 0.058367 0.318861 0.056939 0.310691 0.057143 0.294118 0.060000 0.278945 0.066939 0.274977 0.069592 0.259337 0.084082 0.253735 0.091224 0.250934 0.096327 0.247199 0.105510 0.243931 0.117143 0.241830 0.128980 0.230859 0.168367 0.230859 0.175714
0 0.127218 0.058980 0.129552 0.078980 0.137488 0.098367 0.149860 0.112245 0.167834 0.124898 0.175303 0.128367 0.183007 0.130408 0.192110 0.131633 0.210084 0.131224 0.221755 0.124694 0.223389 0.122449 0.227358 0.120204 0.230859 0.116531 0.235528 0.108776 0.238329 0.095306 0.238329 0.085102 0.235294 0.070612 0.228291 0.056327 0.219655 0.046735 0.210084 0.038980 0.201914 0.034082 0.179739 0.025510 0.163866 0.023878 0.155696 0.024082 0.151261 0.025102 0.147526 0.024082 0.145658 0.027347 0.135621 0.034490 0.132120 0.038367 0.129085 0.043265 0.127218 0.051020 0.127218 0.058980
0 0.447246 0.078571 0.454715 0.110816 0.461951 0.126327 0.466387 0.131429 0.473856 0.135714 0.488095 0.139388 0.495331 0.140000 0.504202 0.139184 0.508637 0.137959 0.519841 0.132653 0.533380 0.121633 0.541783 0.109388 0.548319 0.095306 0.549720 0.086735 0.550187 0.062449 0.548086 0.046735 0.543651 0.032041 0.540616 0.026531 0.532446 0.018367 0.513539 0.010612 0.500000 0.010612 0.494631 0.011429 0.478992 0.018367 0.471989 0.022449 0.464986 0.028571 0.458217 0.036327 0.452381 0.047347 0.447246 0.066735 0.447246 0.078571
1 0.254435 0.196531 0.257003 0.199184 0.262138 0.207959 0.268908 0.206531 0.276611 0.203061 0.282913 0.198367 0.284080 0.196327 0.283147 0.194082 0.276066 0.194490 0.261438 0.193673 0.255135 0.194490 0.254435 0.195306 0.254435 0.196531
1 0.130952 0.293469 0.133053 0.296122 0.142624 0.302857 0.153128 0.313469 0.156629 0.318367 0.163866 0.332245 0.168301 0.347143 0.171802 0.350408 0.180906 0.336939 0.190009 0.327959 0.194911 0.324490 0.194911 0.322653 0.194678 0.321224 0.190476 0.318980 0.183240 0.312245 0.178105 0.305510 0.174837 0.297755 0.169468 0.275714 0.169001 0.261633 0.170401 0.244286 0.168534 0.240816 0.164799 0.242449 0.158730 0.247551 0.146125 0.253469 0.141223 0.257551 0.137021 0.267959 0.131419 0.290204 0.130952 0.293469
1 0.806489 0.560816 0.810691 0.571429 0.814893 0.579796 0.817460 0.582653 0.829365 0.544490 0.840103 0.526735 0.848273 0.518163 0.853175 0.514694 0.858777 0.512653 0.866480 0.512857 0.870215 0.511429 0.873483 0.512041 0.876984 0.510612 0.880952 0.511224 0.882586 0.510408 0.882820 0.508367 0.880252 0.504286 0.864379 0.491224 0.858777 0.491224 0.856209 0.495714 0.852708 0.494286 0.849440 0.495714 0.848039 0.498776 0.845238 0.500816 0.836601 0.513061 0.832633 0.521020 0.818861 0.541837 0.814659 0.546735 0.813492 0.549388 0.809057 0.553673 0.806723 0.558980 0.806489 0.560816
1 0.694678 0.470408 0.697712 0.472653 0.712185 0.491224 0.725957 0.519184 0.730392 0.536122 0.730626 0.541020 0.732726 0.546327 0.734127 0.547551 0.737628 0.547143 0.742530 0.544490 0.743231 0.542857 0.741363 0.536122 0.739262 0.533265 0.736928 0.527347 0.733427 0.515714 0.732260 0.499592 0.733660 0.484898 0.741130 0.459796 0.737628 0.460204 0.725023 0.465714 0.710551 0.468571 0.695378 0.469796 0.694678 0.470408
1 0.906863 0.515510 0.908730 0.519184 0.911298 0.522245 0.916433 0.526122 0.930906 0.544286 0.938609 0.565510 0.940009 0.578163 0.939076 0.592245 0.936975 0.602857 0.932073 0.618980 0.932540 0.624082 0.940009 0.632041 0.955182 0.641837 0.970588 0.653265 0.974323 0.653878 0.977124 0.655306 0.984594 0.656327 0.991130 0.658571 0.999767 0.658980 0.999767 0.537959 0.997899 0.537755 0.992063 0.527959 0.984360 0.521429 0.980859 0.521633 0.974790 0.526327 0.967087 0.529184 0.957049 0.528571 0.944444 0.524694 0.925303 0.513469 0.920868 0.511837 0.915033 0.507755 0.911298 0.509388 0.908263 0.512041 0.906863 0.515510
1 0.918768 0.655918 0.909197 0.670816 0.900327 0.678163 0.890523 0.681633 0.883520 0.685510 0.887722 0.723673 0.888889 0.729184 0.896592 0.748571 0.903828 0.762857 0.909430 0.770408 0.917367 0.777959 0.932073 0.787755 0.941643 0.792245 0.953081 0.794286 0.963819 0.791429 0.975490 0.782857 0.980626 0.776939 0.988329 0.762245 0.992063 0.745510 0.995098 0.711429 0.994631 0.703673 0.989496 0.684898 0.982726 0.670000 0.977824 0.663265 0.956583 0.643673 0.945845 0.636939 0.941877 0.635102 0.933007 0.633469 0.928805 0.633673 0.927638 0.634694 0.918768 0.655918
1 0.321195 0.387143 0.335201 0.395306 0.353175 0.413878 0.355509 0.418571 0.359244 0.422041 0.362745 0.422041 0.364379 0.415510 0.363445 0.399796 0.364613 0.392653 0.367414 0.383265 0.375350 0.366327 0.375117 0.362857 0.369514 0.358980 0.363445 0.364694 0.349206 0.374286 0.336601 0.381020 0.322362 0.385510 0.321195 0.387143
1 0.516807 0.602653 0.512372 0.612245 0.512372 0.616531 0.522409 0.631429 0.535714 0.639388 0.543417 0.642245 0.551354 0.643673 0.552521 0.643061 0.553221 0.640408 0.542484 0.613673 0.539683 0.600816 0.539449 0.591633 0.536415 0.588367 0.526611 0.583061 0.522409 0.582857 0.521475 0.584490 0.516807 0.602653
1 0.657796 0.631224 0.657096 0.636122 0.657796 0.640408 0.658497 0.638980 0.661531 0.637143 0.666667 0.629184 0.678805 0.619388 0.681373 0.616122 0.668534 0.612653 0.661531 0.608571 0.658030 0.607755 0.657563 0.608367 0.657796 0.631224
1 0.320028 0.512245 0.324463 0.518980 0.327965 0.528776 0.328898 0.536735 0.327264 0.546122 0.327965 0.549184 0.331933 0.546531 0.336601 0.541429 0.341737 0.539796 0.342437 0.538571 0.353175 0.531224 0.364379 0.526122 0.364613 0.522449 0.362979 0.516327 0.361811 0.501429 0.360411 0.500204 0.359244 0.500000 0.350607 0.506531 0.338469 0.510816 0.332400 0.511429 0.320962 0.510816 0.320028 0.512245
1 0.653128 0.392245 0.653361 0.411837 0.650794 0.428980 0.643324 0.446735 0.643091 0.449796 0.644024 0.450408 0.654995 0.449796 0.658030 0.448571 0.659664 0.446122 0.657563 0.428367 0.659897 0.407551 0.665266 0.383878 0.668301 0.380204 0.672736 0.369388 0.676937 0.362653 0.671802 0.361429 0.659197 0.364082 0.650794 0.362857 0.648926 0.365918 0.653128 0.392245
1 0.722456 0.308571 0.714519 0.326122 0.708450 0.334898 0.709617 0.336735 0.716153 0.335102 0.720355 0.332857 0.730392 0.329796 0.743697 0.327959 0.752801 0.327755 0.753501 0.327143 0.753735 0.324286 0.752334 0.321429 0.742063 0.306327 0.734360 0.292041 0.730626 0.288163 0.726891 0.291429 0.722456 0.308571
1 0.597339 0.207959 0.607376 0.227143 0.614613 0.231429 0.623249 0.238776 0.626517 0.237959 0.634687 0.225306 0.637255 0.222653 0.641690 0.220408 0.641690 0.219592 0.641457 0.216939 0.634921 0.210000 0.629318 0.201224 0.625584 0.192653 0.623016 0.182041 0.619748 0.182653 0.616947 0.186735 0.606209 0.192449 0.595938 0.199184 0.597339 0.207959
1 0.560458 0.412245 0.559057 0.423878 0.559290 0.429184 0.564192 0.448367 0.569328 0.456531 0.578198 0.466939 0.583567 0.471633 0.593137 0.477959 0.595238 0.478571 0.600607 0.478163 0.612745 0.474898 0.626984 0.464898 0.641457 0.450408 0.649860 0.431020 0.652894 0.412449 0.652661 0.391429 0.651027 0.376531 0.647759 0.364286 0.644024 0.355714 0.642157 0.354286 0.640523 0.351224 0.637021 0.348367 0.633520 0.352245 0.631653 0.358980 0.624416 0.373061 0.616713 0.381020 0.607843 0.386531 0.598739 0.389796 0.585901 0.390612 0.577264 0.389388 0.564192 0.384082 0.561158 0.390612 0.559290 0.397551 0.560458 0.412245
1 0.925537 0.268980 0.932773 0.278163 0.941410 0.295918 0.944444 0.303469 0.945845 0.310816 0.950980 0.327347 0.951681 0.333673 0.950980 0.345306 0.948880 0.349184 0.943978 0.366122 0.941877 0.369592 0.941176 0.376531 0.942577 0.376939 0.957049 0.366939 0.968021 0.353673 0.976190 0.340000 0.991130 0.320000 0.995098 0.310816 0.995798 0.306735 0.988796 0.288163 0.977591 0.273061 0.970121 0.267347 0.959617 0.263265 0.942577 0.259796 0.932540 0.263061 0.929505 0.265102 0.925537 0.268980
1 0.948880 0.381224 0.950514 0.381837 0.962185 0.381020 0.968254 0.382041 0.985294 0.389184 0.998133 0.397551 0.999767 0.397551 0.999767 0.371020 0.994398 0.370612 0.980859 0.367551 0.964519 0.369592 0.957983 0.372449 0.948413 0.379796 0.948880 0.381224
1 0.893557 0.391020 0.898459 0.410204 0.900794 0.428571 0.901727 0.422449 0.912932 0.401837 0.916200 0.397551 0.916667 0.393265 0.915500 0.388980 0.911998 0.386939 0.897292 0.385918 0.894725 0.386531 0.893791 0.387551 0.893557 0.391020
1 0.867414 0.491224 0.870915 0.494898 0.875584 0.498571 0.880252 0.500816 0.883520 0.501429 0.901261 0.494490 0.902894 0.491224 0.896359 0.471224 0.894024 0.459796 0.889122 0.470000 0.882820 0.477551 0.874183 0.484898 0.867647 0.487755 0.867414 0.491224
1 0.897059 0.471224 0.898459 0.477347 0.904295 0.491224 0.915500 0.506735 0.941877 0.522857 0.952614 0.527347 0.967087 0.528571 0.973856 0.526327 0.985994 0.517143 0.992764 0.510204 0.997432 0.502857 0.999767 0.502245 0.999767 0.399184 0.998133 0.399184 0.996265 0.396939 0.985528 0.390204 0.980392 0.388571 0.970355 0.382653 0.960551 0.381020 0.956816 0.382041 0.949580 0.381224 0.931839 0.385714 0.926937 0.388163 0.917367 0.396735 0.912465 0.404286 0.905929 0.417959 0.900794 0.431837 0.896825 0.456327 0.897059 0.471224
1 0.796919 0.395918 0.810691 0.394082 0.818394 0.394082 0.835201 0.397755 0.843604 0.405714 0.851541 0.411224 0.854575 0.414082 0.857610 0.419184 0.861578 0.421429 0.863445 0.423469 0.863679 0.425918 0.860644 0.426939 0.859711 0.428571 0.862745 0.445306 0.862278 0.463265 0.860644 0.470204 0.853408 0.487755 0.853875 0.491224 0.855976 0.493673 0.857376 0.493673 0.859244 0.495102 0.859244 0.493673 0.857610 0.492347 0.858543 0.490408 0.868347 0.489388 0.870215 0.487143 0.874183 0.485102 0.881886 0.478776 0.887955 0.471224 0.894491 0.456939 0.899160 0.431633 0.899627 0.417959 0.895425 0.396531 0.887488 0.374490 0.881419 0.365102 0.873249 0.356939 0.863912 0.353469 0.849206 0.351633 0.842204 0.352245 0.826097 0.363061 0.815593 0.367755 0.809757 0.371429 0.801821 0.381837 0.796452 0.393061 0.796919 0.395918
1 0.834734 0.244898 0.840336 0.254694 0.843604 0.263878 0.854108 0.314490 0.853641 0.328163 0.855742 0.331020 0.863679 0.292041 0.866713 0.281224 0.866480 0.270612 0.864379 0.264082 0.860177 0.258367 0.852708 0.251020 0.838235 0.240204 0.834967 0.239184 0.834267 0.240000 0.834734 0.244898
1 0.789216 0.356122 0.791317 0.364286 0.795051 0.366122 0.807190 0.367755 0.814893 0.366531 0.825163 0.363061 0.841970 0.351224 0.845705 0.345510 0.845238 0.344490 0.835201 0.348571 0.819795 0.350612 0.806723 0.349388 0.803922 0.348163 0.800420 0.348163 0.788982 0.345306 0.789216 0.356122
1 0.852941 0.342041 0.855742 0.348776 0.862745 0.351429 0.866480 0.351429 0.871615 0.353673 0.882353 0.364694 0.890523 0.377959 0.894258 0.379388 0.896825 0.381429 0.912232 0.385510 0.922035 0.385306 0.925537 0.384286 0.931373 0.381224 0.939776 0.373061 0.947012 0.355714 0.947712 0.350612 0.949580 0.347347 0.950514 0.343265 0.950980 0.331224 0.950047 0.324286 0.945145 0.310408 0.942810 0.300204 0.936508 0.285918 0.925537 0.268571 0.921569 0.265510 0.910364 0.260612 0.908030 0.258571 0.897759 0.255510 0.890523 0.255306 0.884687 0.257143 0.873016 0.262857 0.867414 0.268776 0.852941 0.342041
1 0.927171 0.213673 0.919468 0.226939 0.908263 0.240816 0.898693 0.248163 0.895658 0.251633 0.903128 0.256327 0.912932 0.259592 0.918067 0.262857 0.925303 0.265918 0.939776 0.258571 0.951914 0.249592 0.968254 0.235510 0.971755 0.227551 0.971755 0.217143 0.967787 0.210000 0.962418 0.203061 0.956349 0.198571 0.946078 0.194286 0.939076 0.192653 0.935341 0.194490 0.927171 0.213673
1 0.712885 0.105306 0.719888 0.110204 0.728992 0.121224 0.736461 0.136122 0.738329 0.146531 0.738095 0.153265 0.735994 0.162653 0.728291 0.183878 0.721989 0.197551 0.707516 0.216939 0.709851 0.221429 0.713352 0.224082 0.718254 0.225306 0.723856 0.224898 0.730626 0.221633 0.736461 0.216939 0.741363 0.209796 0.744631 0.210612 0.753268 0.207347 0.766106 0.204490 0.769374 0.202857 0.777778 0.185714 0.780112 0.179184 0.781746 0.170612 0.781979 0.161224 0.780112 0.140000 0.776377 0.124286 0.772642 0.114694 0.767274 0.105918 0.759570 0.098367 0.747899 0.092653 0.734360 0.091429 0.721055 0.095306 0.715686 0.097959 0.710317 0.102245 0.712885 0.105306
1 0.781279 0.143265 0.781513 0.161224 0.782913 0.167959 0.782680 0.173388 0.780112 0.182245 0.775677 0.188776 0.774510 0.195102 0.771942 0.199592 0.773109 0.202857 0.779412 0.206327 0.789449 0.208163 0.802054 0.212245 0.809991 0.215714 0.821195 0.223469 0.824697 0.224490 0.827965 0.223265 0.831699 0.220204 0.840336 0.206327 0.845472 0.189388 0.846172 0.182245 0.845705 0.154082 0.842437 0.140612 0.839402 0.137755 0.831466 0.125714 0.820028 0.119592 0.808123 0.116122 0.799720 0.116122 0.789216 0.118776 0.782213 0.122245 0.777544 0.126531 0.781279 0.143265
1 0.560458 0.220816 0.559991 0.227347 0.557190 0.239184 0.560691 0.239184 0.566527 0.235510 0.578431 0.230612 0.590103 0.227959 0.601074 0.227551 0.603641 0.226531 0.604342 0.224490 0.603641 0.220612 0.598039 0.209388 0.596405 0.201837 0.595238 0.200000 0.592204 0.199388 0.581466 0.199592 0.572129 0.196531 0.560691 0.189796 0.559290 0.191837 0.560458 0.220816
1 0.522876 0.282857 0.524510 0.286327 0.525910 0.286735 0.532913 0.293673 0.539683 0.296735 0.543884 0.284490 0.550887 0.270408 0.564659 0.253265 0.567927 0.251633 0.569561 0.249388 0.573996 0.247959 0.577965 0.245102 0.584734 0.242041 0.588702 0.242653 0.593137 0.241837 0.606209 0.242653 0.612979 0.244898 0.619748 0.249592 0.623016 0.245102 0.622549 0.239388 0.620448 0.236735 0.609711 0.230408 0.598739 0.227755 0.591970 0.227347 0.577498 0.230816 0.570495 0.233673 0.560924 0.239388 0.546218 0.251633 0.529412 0.269592 0.524977 0.276122 0.523810 0.279796 0.522876 0.282857
1 0.465453 0.303265 0.450280 0.317755 0.451681 0.320612 0.453315 0.352653 0.456349 0.365102 0.457750 0.376939 0.463352 0.390204 0.466853 0.390816 0.474556 0.384898 0.485528 0.378776 0.496732 0.374490 0.514706 0.372245 0.519374 0.372245 0.525910 0.373673 0.529412 0.374898 0.539916 0.382449 0.542717 0.383265 0.547852 0.383061 0.550187 0.384082 0.551587 0.381633 0.552988 0.372041 0.541783 0.346735 0.540616 0.341837 0.538749 0.332653 0.537582 0.318776 0.538282 0.303061 0.536648 0.297959 0.526377 0.288776 0.519841 0.285510 0.506303 0.281020 0.499066 0.280000 0.487862 0.280408 0.480626 0.285510 0.465453 0.303265
1 0.624183 0.251633 0.635387 0.263469 0.642624 0.277755 0.643791 0.282653 0.644958 0.294694 0.644725 0.307551 0.643557 0.317755 0.638889 0.338163 0.638422 0.342041 0.639356 0.345102 0.647526 0.358163 0.652894 0.361837 0.658964 0.362857 0.675537 0.360612 0.689309 0.352653 0.697946 0.346122 0.705882 0.338163 0.714286 0.325918 0.722222 0.308571 0.725957 0.288980 0.726190 0.278367 0.725023 0.265102 0.720355 0.245918 0.714052 0.230000 0.708683 0.222245 0.706116 0.219796 0.703315 0.218776 0.688842 0.226735 0.682306 0.228367 0.672502 0.229388 0.663632 0.228571 0.654295 0.225306 0.647292 0.221224 0.641223 0.220612 0.633520 0.227551 0.624183 0.244490 0.624183 0.251633
1 0.168768 0.387347 0.170401 0.396122 0.180439 0.426122 0.182073 0.428367 0.188609 0.423878 0.196779 0.420816 0.206116 0.418571 0.213352 0.418163 0.223856 0.418776 0.234360 0.421837 0.245098 0.426122 0.255135 0.433673 0.256769 0.432653 0.258637 0.429796 0.260738 0.417551 0.265640 0.407755 0.269374 0.397959 0.269141 0.396327 0.264706 0.394490 0.252101 0.393673 0.240896 0.391429 0.231793 0.387959 0.221289 0.380612 0.217554 0.374898 0.216387 0.369388 0.216153 0.361837 0.217554 0.357959 0.229925 0.341633 0.242530 0.332041 0.242297 0.329796 0.240196 0.327347 0.226424 0.323265 0.221755 0.320204 0.218021 0.320000 0.206816 0.321429 0.195845 0.325102 0.191410 0.327551 0.183940 0.334286 0.181139 0.337959 0.171102 0.354694 0.168768 0.376327 0.168768 0.387347
1 0.380019 0.342857 0.383053 0.360204 0.388655 0.369796 0.397526 0.377551 0.407563 0.383061 0.411998 0.384286 0.418768 0.384694 0.434641 0.380816 0.447012 0.374898 0.453548 0.370204 0.454715 0.367551 0.454949 0.362653 0.452614 0.349796 0.451914 0.320408 0.450280 0.316531 0.448646 0.316735 0.440476 0.323265 0.428805 0.327755 0.425537 0.329796 0.420168 0.331020 0.414566 0.331224 0.403361 0.329796 0.397993 0.327755 0.389823 0.323061 0.385621 0.319184 0.383520 0.315102 0.380952 0.315714 0.380019 0.319796 0.380019 0.342857
1 0.363912 0.407347 0.368114 0.432245 0.373249 0.443469 0.376984 0.458367 0.380252 0.461224 0.385387 0.455918 0.404062 0.440816 0.414799 0.430612 0.418301 0.428776 0.432306 0.416531 0.442577 0.411633 0.446078 0.411633 0.449346 0.409184 0.459384 0.397551 0.461251 0.393878 0.458217 0.382857 0.455649 0.376735 0.452848 0.373265 0.449580 0.373265 0.446312 0.375510 0.435107 0.380408 0.424603 0.383673 0.418768 0.384694 0.413399 0.384286 0.403361 0.381020 0.397059 0.377143 0.389122 0.370000 0.383520 0.361429 0.379785 0.363673 0.375117 0.368980 0.373483 0.373469 0.368581 0.381429 0.365313 0.390612 0.364146 0.398571 0.363912 0.407347
1 0.362745 0.512449 0.365313 0.525510 0.374650 0.540816 0.383520 0.547959 0.390289 0.551224 0.402894 0.554898 0.407796 0.558776 0.411064 0.559796 0.411298 0.560612 0.411765 0.556735 0.410131 0.553673 0.421802 0.551837 0.428805 0.548163 0.437442 0.542041 0.447479 0.532653 0.449346 0.529388 0.446312 0.526531 0.439076 0.524490 0.428805 0.517755 0.425537 0.514694 0.421102 0.504490 0.419935 0.497143 0.420868 0.482041 0.423903 0.470816 0.439776 0.430612 0.445845 0.419796 0.447712 0.411429 0.445145 0.411224 0.431606 0.417551 0.410598 0.434694 0.379318 0.463673 0.366947 0.481224 0.365079 0.486939 0.362745 0.501020 0.362745 0.512449
1 0.542717 0.463469 0.539449 0.466531 0.530812 0.481837 0.522409 0.492041 0.516807 0.500408 0.504669 0.511429 0.495798 0.517551 0.485528 0.522449 0.485528 0.526531 0.490196 0.541429 0.495331 0.553469 0.501634 0.562653 0.514939 0.576531 0.522642 0.582245 0.539916 0.589592 0.553688 0.589592 0.557190 0.588571 0.567460 0.585102 0.574697 0.578980 0.580532 0.567755 0.585201 0.554286 0.590803 0.527143 0.595238 0.515306 0.597106 0.503878 0.596172 0.492653 0.594538 0.487143 0.589636 0.477755 0.577264 0.467959 0.560691 0.447551 0.554155 0.444490 0.551821 0.445918 0.542717 0.463469
1 0.408964 0.602653 0.407796 0.606122 0.410131 0.623265 0.412465 0.630000 0.417600 0.637551 0.425303 0.645102 0.431839 0.647959 0.444678 0.651429 0.455882 0.651224 0.470121 0.647347 0.485761 0.638776 0.495565 0.630204 0.509337 0.616122 0.514239 0.607143 0.517274 0.598776 0.520308 0.585510 0.520075 0.581429 0.513772 0.576531 0.505369 0.568163 0.496265 0.556735 0.488329 0.539388 0.486695 0.532857 0.483894 0.527347 0.480626 0.525714 0.467554 0.528571 0.452848 0.529388 0.449346 0.533265 0.436508 0.543878 0.427404 0.550204 0.424136 0.553673 0.423669 0.557551 0.421102 0.564082 0.414566 0.577755 0.408497 0.598980 0.408964 0.602653
1 0.589169 0.540204 0.584034 0.560204 0.580999 0.568571 0.573529 0.581020 0.566760 0.586122 0.553455 0.590204 0.550420 0.588980 0.546218 0.589796 0.539683 0.587755 0.538982 0.588367 0.539683 0.590000 0.539683 0.599592 0.543184 0.614286 0.552054 0.636327 0.552288 0.640612 0.557423 0.650612 0.559991 0.652857 0.563959 0.659184 0.578198 0.673469 0.586835 0.678776 0.600607 0.684898 0.605042 0.685918 0.609711 0.685918 0.620215 0.683265 0.633987 0.675714 0.642857 0.667143 0.651494 0.654082 0.654528 0.647551 0.656396 0.638367 0.656162 0.633265 0.658030 0.627143 0.658030 0.605918 0.642857 0.585510 0.630252 0.563878 0.616480 0.543061 0.610878 0.536327 0.605742 0.534286 0.599206 0.533673 0.591737 0.534082 0.589402 0.535714 0.589169 0.540204
1 0.700747 0.619796 0.709851 0.656735 0.719655 0.682245 0.730859 0.699796 0.737862 0.705510 0.744631 0.707551 0.754435 0.708980 0.758403 0.708571 0.771709 0.704898 0.774977 0.702857 0.784080 0.699796 0.791783 0.693469 0.798553 0.686327 0.806022 0.672041 0.810458 0.654490 0.811391 0.630000 0.808357 0.610000 0.803922 0.592449 0.795752 0.571224 0.794351 0.569388 0.789916 0.564898 0.778945 0.566122 0.768207 0.562857 0.757236 0.556122 0.748833 0.548163 0.744865 0.546327 0.737628 0.547755 0.734360 0.549184 0.733193 0.550612 0.730626 0.568980 0.726657 0.581224 0.722689 0.588367 0.712885 0.600000 0.703081 0.606939 0.700514 0.609796 0.700747 0.619796
1 0.812325 0.640000 0.811391 0.653878 0.809057 0.665102 0.803455 0.679592 0.798319 0.687347 0.788515 0.697143 0.783847 0.700612 0.777544 0.703061 0.773576 0.706531 0.775910 0.723061 0.782680 0.748980 0.787348 0.761633 0.796919 0.777959 0.800887 0.783265 0.806489 0.788163 0.811158 0.790816 0.821429 0.794898 0.831933 0.795714 0.838469 0.794694 0.845005 0.792449 0.857143 0.785714 0.865780 0.778776 0.874650 0.767551 0.882353 0.751429 0.885621 0.738367 0.886321 0.728776 0.885854 0.716735 0.881653 0.685102 0.876284 0.682041 0.854809 0.675714 0.846872 0.671837 0.838936 0.665510 0.833567 0.659388 0.827264 0.650408 0.821195 0.638571 0.818627 0.637347 0.817460 0.635306 0.813959 0.636122 0.812325 0.640000
1 0.638189 0.721633 0.640756 0.740612 0.647059 0.756122 0.651494 0.759388 0.656629 0.769184 0.670168 0.781633 0.682073 0.788571 0.693744 0.791633 0.699113 0.792245 0.703548 0.791837 0.708683 0.790204 0.724090 0.777143 0.741597 0.751429 0.746965 0.737755 0.749066 0.728571 0.753501 0.718163 0.754669 0.710816 0.751634 0.708367 0.745098 0.707959 0.736695 0.705102 0.730626 0.700000 0.721989 0.687347 0.717320 0.678980 0.709150 0.657347 0.701447 0.625918 0.699113 0.620408 0.692110 0.619184 0.679038 0.621020 0.671569 0.626531 0.664566 0.633061 0.661064 0.640816 0.654295 0.652245 0.646825 0.670816 0.638889 0.706939 0.638189 0.721633
1 0.535014 0.727755 0.536881 0.734898 0.545051 0.753265 0.552288 0.762857 0.560224 0.769796 0.572129 0.777143 0.581933 0.780612 0.591503 0.782041 0.598973 0.781633 0.603875 0.778367 0.611578 0.769592 0.622782 0.751633 0.624416 0.745714 0.628852 0.737755 0.635154 0.722245 0.639823 0.690816 0.642157 0.680816 0.642390 0.673061 0.640523 0.672041 0.633987 0.675306 0.629552 0.679184 0.619514 0.684490 0.611578 0.686327 0.602241 0.685918 0.596872 0.684082 0.579132 0.673673 0.574697 0.668776 0.566760 0.662857 0.558123 0.650408 0.557190 0.649592 0.554155 0.650204 0.549486 0.657755 0.538749 0.689184 0.535948 0.705306 0.535247 0.718367 0.535014 0.727755
1 0.419701 0.677755 0.421569 0.685306 0.425303 0.696327 0.432540 0.707755 0.437675 0.721633 0.448880 0.738163 0.454482 0.744286 0.458683 0.751837 0.468487 0.763061 0.472689 0.765918 0.484594 0.768980 0.491597 0.768776 0.499533 0.767347 0.504902 0.764490 0.518908 0.750612 0.522409 0.744694 0.526611 0.739796 0.528711 0.735510 0.533380 0.723061 0.536648 0.689388 0.535247 0.678571 0.526611 0.645918 0.515406 0.623469 0.511905 0.619796 0.508637 0.618163 0.485994 0.639388 0.477591 0.644694 0.463352 0.650204 0.456583 0.651633 0.444211 0.651837 0.436275 0.649796 0.428571 0.646735 0.425303 0.646327 0.421569 0.654490 0.419701 0.667755 0.419701 0.677755
1 0.310691 0.688980 0.313259 0.702653 0.316993 0.713265 0.319795 0.717755 0.333800 0.749592 0.341270 0.763878 0.345705 0.769388 0.348739 0.775510 0.355742 0.781837 0.366947 0.787755 0.374416 0.788571 0.380486 0.788163 0.394258 0.783878 0.401261 0.778367 0.414799 0.764898 0.423669 0.745918 0.425770 0.738163 0.426937 0.728776 0.426704 0.703061 0.422502 0.692653 0.414332 0.662041 0.407796 0.647551 0.404995 0.643265 0.397526 0.634898 0.394024 0.634082 0.380719 0.645714 0.359711 0.657551 0.341270 0.664286 0.314192 0.666122 0.312558 0.668163 0.311158 0.673061 0.310691 0.688980
1 0.286648 0.651020 0.292484 0.657959 0.307190 0.664082 0.313959 0.665102 0.335201 0.664490 0.345238 0.662653 0.357843 0.657755 0.373950 0.649388 0.387955 0.638571 0.391457 0.634490 0.395892 0.631224 0.401494 0.624286 0.406396 0.616122 0.408263 0.595306 0.416667 0.568571 0.419001 0.564898 0.419468 0.561020 0.422269 0.557551 0.421802 0.555510 0.418301 0.554082 0.412932 0.557143 0.412932 0.559456 0.410442 0.561020 0.406863 0.560816 0.399627 0.554490 0.394258 0.551837 0.390289 0.551633 0.383287 0.548571 0.378852 0.545306 0.372782 0.539184 0.366246 0.527959 0.359244 0.528571 0.351774 0.532857 0.341737 0.540000 0.338702 0.541224 0.329599 0.548980 0.316993 0.564082 0.305322 0.589184 0.295518 0.605714 0.290616 0.616327 0.288282 0.624082 0.286181 0.636327 0.286648 0.651020
1 0.197246 0.693061 0.199346 0.704898 0.207983 0.722041 0.214986 0.729592 0.221055 0.734286 0.222456 0.736531 0.234360 0.743673 0.240430 0.745510 0.248599 0.745306 0.252801 0.744082 0.270308 0.725102 0.283613 0.707347 0.288982 0.697551 0.307656 0.668367 0.306256 0.664898 0.291550 0.658163 0.287582 0.653878 0.285247 0.647143 0.286415 0.626735 0.291783 0.610612 0.299020 0.595306 0.298319 0.592653 0.296685 0.592449 0.291783 0.596327 0.285014 0.598571 0.268908 0.606735 0.254902 0.610612 0.231793 0.618980 0.223389 0.622653 0.220121 0.625102 0.211485 0.640204 0.203081 0.658367 0.198880 0.673469 0.197479 0.682245 0.197246 0.693061
1 0.168768 0.595510 0.174370 0.611020 0.183240 0.621429 0.192344 0.625918 0.203081 0.625918 0.209384 0.624898 0.214052 0.623061 0.223623 0.621837 0.274276 0.603265 0.279645 0.599796 0.291783 0.594694 0.306022 0.582857 0.316527 0.563061 0.320962 0.556327 0.324463 0.553469 0.326097 0.548367 0.327264 0.538163 0.326564 0.526735 0.324697 0.520816 0.318861 0.512653 0.311391 0.506531 0.306956 0.504082 0.303688 0.501020 0.294818 0.497755 0.286181 0.496735 0.275677 0.496735 0.262605 0.501020 0.258637 0.501020 0.255369 0.502653 0.249300 0.508571 0.247899 0.511020 0.235761 0.520816 0.217320 0.534082 0.198880 0.548980 0.192344 0.553469 0.181839 0.557755 0.177171 0.561429 0.172269 0.571020 0.168768 0.585918 0.168768 0.595510
1 0.077498 0.568571 0.083100 0.581837 0.085434 0.584898 0.088936 0.598776 0.092204 0.603878 0.095938 0.612857 0.105509 0.627143 0.109244 0.630612 0.112979 0.632653 0.123016 0.635510 0.126050 0.636122 0.131419 0.635714 0.145191 0.631837 0.150093 0.628367 0.157563 0.624898 0.166433 0.617551 0.170168 0.612653 0.171569 0.609184 0.168301 0.597347 0.167600 0.588367 0.169001 0.578980 0.174136 0.564082 0.173436 0.562449 0.155229 0.561837 0.147993 0.560408 0.142157 0.557959 0.137955 0.555306 0.132353 0.550000 0.125117 0.539388 0.123016 0.531837 0.120215 0.531020 0.116480 0.533673 0.097106 0.540000 0.078198 0.550000 0.076797 0.555510 0.077498 0.568571
1 0.004669 0.504898 0.000000 0.505102 0.000000 0.632449 0.001634 0.632449 0.005602 0.630204 0.012138 0.624286 0.014706 0.623061 0.019374 0.618163 0.037348 0.593673 0.043184 0.587551 0.046452 0.581429 0.051120 0.575918 0.059757 0.560612 0.060458 0.557347 0.060458 0.553673 0.050654 0.552041 0.036881 0.547143 0.028945 0.539592 0.024276 0.532653 0.022409 0.522041 0.024043 0.515510 0.030112 0.504898 0.025910 0.501429 0.011905 0.501429 0.004669 0.504898
1 0.023576 0.526531 0.028945 0.539796 0.036648 0.546327 0.041317 0.548776 0.056489 0.552653 0.060691 0.552653 0.078665 0.548776 0.082633 0.547143 0.085201 0.544898 0.088469 0.544286 0.094071 0.540000 0.109711 0.535306 0.117880 0.531429 0.121615 0.528367 0.122549 0.526327 0.123249 0.512857 0.126284 0.499184 0.140056 0.471837 0.153595 0.455102 0.169701 0.439796 0.169701 0.438163 0.166900 0.435510 0.164332 0.434490 0.150560 0.434082 0.123249 0.438980 0.112979 0.441224 0.110644 0.442857 0.104108 0.444694 0.083567 0.454694 0.066060 0.466735 0.063025 0.470408 0.050187 0.481429 0.034080 0.500204 0.025210 0.515510 0.024043 0.520000 0.023576 0.526531
1 0.059991 0.431020 0.046452 0.440408 0.030579 0.447347 0.016106 0.450408 0.000000 0.451429 0.000000 0.496531 0.005135 0.496939 0.009104 0.498980 0.014006 0.499796 0.029412 0.501224 0.032913 0.500408 0.052521 0.478776 0.073763 0.461020 0.085201 0.453265 0.110177 0.442041 0.111811 0.440000 0.111811 0.438980 0.097572 0.430204 0.081933 0.429184 0.067460 0.427143 0.059991 0.431020
1 0.008170 0.329388 0.000000 0.331429 0.000000 0.450816 0.013305 0.450612 0.020308 0.449592 0.033380 0.445918 0.046919 0.439184 0.060458 0.430204 0.073763 0.419184 0.079365 0.407959 0.079365 0.404490 0.073763 0.391224 0.068627 0.369796 0.066993 0.356531 0.066760 0.340408 0.067694 0.332857 0.065826 0.328367 0.057190 0.320000 0.035948 0.320204 0.030345 0.321020 0.020775 0.323878 0.008170 0.329388
1 0.042951 0.277143 0.044818 0.282449 0.045752 0.289388 0.050187 0.302653 0.057190 0.317551 0.063959 0.324490 0.067460 0.326531 0.071195 0.319388 0.073296 0.312449 0.079599 0.302653 0.084967 0.297959 0.088235 0.296735 0.091114 0.293810 0.102007 0.292245 0.108777 0.290204 0.119514 0.290816 0.126751 0.293061 0.130019 0.291837 0.136555 0.266122 0.137255 0.256531 0.134687 0.254490 0.124463 0.254694 0.116246 0.252449 0.110177 0.245918 0.105042 0.235510 0.102007 0.224286 0.100607 0.205102 0.101074 0.198571 0.098973 0.194082 0.080766 0.194898 0.076331 0.195918 0.067460 0.201429 0.059057 0.210000 0.055322 0.216939 0.045518 0.242857 0.043184 0.259388 0.042951 0.277143
1 0.549253 0.095510 0.546919 0.101633 0.535014 0.122653 0.541550 0.151020 0.550187 0.172245 0.558824 0.185714 0.562092 0.189388 0.569094 0.194694 0.577965 0.198367 0.585434 0.199388 0.595472 0.198163 0.602708 0.195306 0.607376 0.191224 0.616013 0.187143 0.622082 0.180000 0.623716 0.154286 0.627218 0.133265 0.630252 0.126531 0.632120 0.116122 0.631886 0.108980 0.629552 0.102653 0.629318 0.098571 0.623483 0.083469 0.616246 0.070816 0.610411 0.065510 0.595472 0.057143 0.586368 0.056122 0.576564 0.057143 0.570495 0.058776 0.556489 0.066735 0.552288 0.071633 0.549253 0.095510
1 0.457516 0.170000 0.458450 0.173061 0.460784 0.174082 0.467087 0.174490 0.482260 0.180612 0.490896 0.187551 0.498833 0.200000 0.500233 0.203469 0.503968 0.226735 0.503268 0.238776 0.501401 0.248163 0.502334 0.250000 0.511438 0.255714 0.518674 0.257551 0.527778 0.258367 0.536648 0.257959 0.539916 0.256939 0.547852 0.249592 0.555789 0.240000 0.559524 0.227347 0.560458 0.221020 0.559057 0.200816 0.560458 0.189184 0.549020 0.171429 0.541783 0.154694 0.534080 0.124490 0.532680 0.123469 0.524743 0.130000 0.510738 0.137551 0.497199 0.140408 0.491130 0.140204 0.480859 0.138367 0.471755 0.135306 0.466853 0.131633 0.463585 0.130816 0.461251 0.133878 0.460551 0.145306 0.457516 0.160816 0.457516 0.170000
1 0.327498 0.257143 0.331933 0.304082 0.335201 0.306939 0.346405 0.309184 0.356676 0.312857 0.363912 0.316531 0.374650 0.325714 0.376751 0.330816 0.378618 0.326735 0.379318 0.313265 0.377684 0.305714 0.376284 0.286122 0.373249 0.284082 0.370448 0.284694 0.353525 0.284082 0.348739 0.281837 0.346405 0.279184 0.342904 0.270000 0.340570 0.257959 0.339169 0.254694 0.338702 0.247959 0.340570 0.241224 0.340803 0.218163 0.340336 0.216735 0.338702 0.215714 0.334034 0.223265 0.327498 0.241633 0.327498 0.257143
1 0.338936 0.252245 0.341503 0.265306 0.345238 0.276531 0.348506 0.281633 0.353175 0.283878 0.362045 0.284694 0.375117 0.284082 0.376984 0.281837 0.380719 0.262041 0.386088 0.244286 0.388422 0.237755 0.395892 0.223673 0.405696 0.208980 0.413866 0.198571 0.421335 0.191020 0.433473 0.181837 0.434641 0.178776 0.433473 0.171837 0.428805 0.163265 0.422269 0.156531 0.414799 0.153469 0.387021 0.154286 0.382120 0.155714 0.372549 0.161020 0.362745 0.169388 0.351074 0.186939 0.348739 0.189184 0.342670 0.202857 0.340570 0.212653 0.338936 0.252245
1 0.370448 0.128571 0.372549 0.138980 0.376751 0.147347 0.383754 0.152857 0.421802 0.152449 0.431139 0.149796 0.441877 0.145306 0.449346 0.140408 0.459150 0.130612 0.460784 0.126327 0.455415 0.115102 0.453548 0.109184 0.444444 0.067755 0.439542 0.065510 0.433707 0.064082 0.427638 0.064082 0.415733 0.065714 0.408263 0.067347 0.396592 0.074490 0.390523 0.079796 0.379552 0.094082 0.376284 0.099592 0.374183 0.104898 0.370682 0.120204 0.370448 0.128571
1 0.355042 0.123061 0.345938 0.142449 0.325864 0.172653 0.322829 0.176122 0.313725 0.183265 0.293184 0.192653 0.293417 0.196122 0.295752 0.200612 0.302521 0.206531 0.306956 0.208980 0.320962 0.211837 0.332633 0.212449 0.338469 0.211837 0.340336 0.210000 0.342670 0.197959 0.360878 0.171020 0.368814 0.162857 0.381886 0.154490 0.380252 0.151224 0.377218 0.148776 0.374416 0.144490 0.370448 0.135306 0.369514 0.125714 0.371849 0.110612 0.373483 0.106531 0.373249 0.104490 0.368581 0.103469 0.362979 0.104082 0.360878 0.105510 0.355042 0.123061
1 0.244164 0.296735 0.247432 0.307143 0.253268 0.314286 0.256303 0.320204 0.258403 0.322041 0.270542 0.316531 0.281046 0.312857 0.295752 0.308571 0.311391 0.306327 0.315359 0.304694 0.323296 0.292653 0.327965 0.279184 0.328431 0.271429 0.326564 0.259898 0.326797 0.244694 0.328665 0.234286 0.332166 0.224490 0.332166 0.220204 0.330532 0.216735 0.326797 0.214898 0.313725 0.212041 0.302521 0.208163 0.293184 0.200408 0.282680 0.201633 0.263305 0.210204 0.262838 0.213673 0.264939 0.220000 0.266340 0.231132 0.265173 0.248367 0.261204 0.262041 0.255836 0.274490 0.244631 0.294082 0.244164 0.296735
1 0.239262 0.082245 0.239729 0.091020 0.238796 0.100204 0.236695 0.108163 0.229225 0.120816 0.220355 0.126327 0.218254 0.128571 0.214519 0.130204 0.212185 0.133265 0.216620 0.150612 0.218254 0.154082 0.220121 0.167347 0.223156 0.178571 0.225490 0.181224 0.230159 0.182245 0.231092 0.182245 0.229925 0.173673 0.231793 0.160408 0.241597 0.130204 0.247199 0.104286 0.253268 0.091224 0.262138 0.080204 0.270075 0.074286 0.272176 0.071020 0.265406 0.066939 0.255602 0.065510 0.240896 0.066939 0.236228 0.070204 0.239262 0.082245
1 0.062558 0.166531 0.065359 0.171837 0.070495 0.178571 0.082866 0.186122 0.088235 0.188367 0.092670 0.188367 0.095005 0.189388 0.098506 0.188367 0.099440 0.185918 0.101774 0.162653 0.104342 0.154694 0.111111 0.142041 0.126751 0.122857 0.128618 0.116327 0.130486 0.113061 0.130719 0.105714 0.122782 0.102857 0.112278 0.101633 0.099440 0.103673 0.089869 0.108163 0.080299 0.116939 0.070495 0.127959 0.064192 0.141837 0.061625 0.151020 0.062558 0.166531
1 0.019608 0.185510 0.020775 0.196122 0.027311 0.213265 0.029412 0.214898 0.043417 0.209184 0.052288 0.208776 0.057190 0.210204 0.060691 0.208163 0.066060 0.201837 0.072129 0.197143 0.081232 0.193673 0.090570 0.193469 0.095938 0.192449 0.096172 0.189184 0.091270 0.189184 0.081466 0.186327 0.073296 0.181020 0.065359 0.172857 0.062092 0.165510 0.061158 0.150816 0.062792 0.143878 0.060924 0.141224 0.046685 0.147551 0.036181 0.153673 0.032680 0.156735 0.024743 0.167959 0.020308 0.178571 0.019608 0.185510
0 0.100607 0.192041 0.101774 0.195714 0.101541 0.211020 0.102708 0.223265 0.105275 0.234898 0.107610 0.240816 0.112045 0.248163 0.116246 0.251837 0.119981 0.253469 0.128618 0.254490 0.140289 0.253265 0.151027 0.248571 0.154295 0.247959 0.171569 0.235714 0.179739 0.222857 0.197946 0.189184 0.197012 0.186735 0.198880 0.175714 0.197946 0.161224 0.194911 0.144082 0.190710 0.135102 0.186275 0.132245 0.172736 0.127959 0.164099 0.123673 0.152894 0.115306 0.150794 0.112653 0.145425 0.115102 0.137255 0.117347 0.126517 0.124490 0.112745 0.140816 0.105509 0.153469 0.101307 0.168367 0.100607 0.192041
0 0.170168 0.273673 0.172969 0.289388 0.175070 0.296735 0.182306 0.310612 0.189309 0.317143 0.198880 0.321837 0.203081 0.321837 0.220355 0.318367 0.223389 0.316939 0.227591 0.313878 0.242530 0.295510 0.255602 0.273878 0.263772 0.251633 0.265873 0.235510 0.264239 0.220612 0.261905 0.210204 0.255135 0.198980 0.247432 0.192449 0.243931 0.191020 0.241363 0.188776 0.234827 0.185306 0.228058 0.183878 0.220822 0.183878 0.210084 0.186327 0.199580 0.192245 0.192110 0.202449 0.174136 0.235714 0.170168 0.256327 0.170168 0.273673
0 0.658263 0.425306 0.658730 0.439388 0.660831 0.449184 0.666200 0.456531 0.668301 0.458163 0.680439 0.464286 0.699346 0.469592 0.713352 0.468367 0.716853 0.466939 0.725724 0.465510 0.740896 0.458776 0.751401 0.449796 0.764939 0.435918 0.768908 0.430612 0.777311 0.414898 0.781046 0.404694 0.781979 0.394082 0.787115 0.376122 0.788982 0.364082 0.788049 0.355306 0.784080 0.344898 0.774510 0.337347 0.766106 0.333061 0.755135 0.329388 0.748599 0.328571 0.731326 0.330204 0.723623 0.332041 0.717554 0.335714 0.706816 0.339592 0.699346 0.346939 0.680672 0.360408 0.675303 0.366939 0.666900 0.383878 0.661531 0.401837 0.659897 0.411020 0.658263 0.425306
0 0.377684 0.295714 0.379318 0.305918 0.380952 0.310612 0.383987 0.314286 0.387255 0.320816 0.394024 0.325714 0.404528 0.329592 0.418534 0.330816 0.434641 0.325918 0.439776 0.323265 0.449580 0.316122 0.463819 0.303265 0.484594 0.278776 0.493231 0.264694 0.500000 0.250408 0.503268 0.232653 0.502801 0.223469 0.499300 0.202857 0.491597 0.188980 0.484360 0.182653 0.476891 0.178980 0.469888 0.176327 0.457516 0.175306 0.451447 0.175918 0.443277 0.178163 0.436741 0.181020 0.426471 0.187959 0.417367 0.195918 0.411298 0.202653 0.397526 0.221429 0.392157 0.231020 0.383520 0.254082 0.378385 0.276735 0.377684 0.295714