0 0.136364 0.196525 0.139219 0.206453 0.148025 0.219991 0.157306 0.228791 0.166825 0.235334 0.180152 0.241200 0.195621 0.245036 0.219181 0.246390 0.237744 0.249097 0.262256 0.249774 0.265350 0.250903 0.269158 0.250677 0.280819 0.245713 0.290576 0.245036 0.300095 0.246390 0.303665 0.245939 0.324607 0.236236 0.332223 0.231949 0.337220 0.227888 0.342932 0.220442 0.347216 0.209612 0.348168 0.204422 0.347216 0.189079 0.343884 0.181182 0.339124 0.174413 0.331509 0.167193 0.321990 0.161101 0.309852 0.155235 0.286292 0.150496 0.276059 0.147112 0.268682 0.145758 0.254879 0.140569 0.227749 0.134251 0.220133 0.133800 0.189672 0.135153 0.166349 0.143051 0.152308 0.152527 0.143503 0.161327 0.138981 0.168773 0.136364 0.182085 0.136364 0.196525
1 0.251547 0.275496 0.252261 0.276173 0.256069 0.276173 0.260590 0.274594 0.268206 0.273691 0.297001 0.275271 0.312470 0.281588 0.321276 0.287004 0.324607 0.285424 0.325321 0.270532 0.318658 0.258800 0.310566 0.252256 0.305093 0.249323 0.294860 0.246390 0.282009 0.246390 0.271775 0.250000 0.258210 0.261507 0.252261 0.273014 0.251547 0.275496
0 0.157544 0.345442 0.157544 0.356498 0.161114 0.372744 0.167063 0.384477 0.178724 0.399819 0.184674 0.405009 0.192765 0.409522 0.206330 0.414034 0.227273 0.417193 0.237506 0.416968 0.258924 0.414711 0.276535 0.409747 0.303665 0.397338 0.322228 0.385153 0.328415 0.378384 0.332699 0.371841 0.339838 0.357175 0.341742 0.345442 0.342694 0.321300 0.338410 0.307310 0.334603 0.300542 0.330319 0.295126 0.319610 0.285650 0.300095 0.276173 0.293908 0.275045 0.288672 0.275496 0.276059 0.273917 0.267968 0.273917 0.251309 0.277076 0.237744 0.282491 0.226559 0.289937 0.207520 0.300316 0.204664 0.302798 0.194907 0.306859 0.188720 0.308213 0.177772 0.312274 0.171823 0.317238 0.163494 0.327392 0.160162 0.335514 0.157544 0.345442
1 0.034983 0.337545 0.035935 0.345442 0.039743 0.350857 0.043789 0.349052 0.052356 0.340027 0.056640 0.337771 0.066873 0.333032 0.078296 0.329422 0.085673 0.328069 0.092575 0.327617 0.116611 0.331227 0.128272 0.334386 0.130652 0.335514 0.137078 0.341606 0.140171 0.342283 0.150881 0.339350 0.158020 0.333935 0.162542 0.325587 0.170871 0.314305 0.177059 0.299413 0.184674 0.287229 0.202523 0.266245 0.207520 0.261958 0.209662 0.255190 0.208472 0.250226 0.204902 0.247518 0.197049 0.247067 0.183008 0.243457 0.171585 0.238718 0.160638 0.232626 0.146835 0.221119 0.143741 0.220442 0.136840 0.221570 0.133508 0.223827 0.123513 0.226760 0.111851 0.232852 0.083770 0.251128 0.074250 0.257897 0.061161 0.270758 0.055450 0.278430 0.054022 0.282717 0.052118 0.284747 0.040933 0.307085 0.035221 0.328745 0.034983 0.337545
0 0.021180 0.405009 0.022608 0.409973 0.022370 0.415162 0.023560 0.417644 0.028558 0.462771 0.033317 0.477888 0.035459 0.488267 0.038791 0.495036 0.044503 0.502482 0.052118 0.508348 0.054498 0.512635 0.060209 0.516697 0.064017 0.518727 0.072822 0.519630 0.091861 0.519404 0.102332 0.517825 0.115897 0.511733 0.123513 0.506318 0.132318 0.498195 0.133746 0.493908 0.136840 0.493231 0.144693 0.484206 0.148739 0.477437 0.154926 0.463448 0.159924 0.446977 0.161828 0.414260 0.161114 0.393953 0.158258 0.376354 0.156592 0.373195 0.156354 0.369810 0.152308 0.361236 0.140409 0.344991 0.130176 0.336643 0.126606 0.334838 0.113041 0.331679 0.095669 0.328971 0.084722 0.328971 0.064731 0.334612 0.053308 0.340253 0.035935 0.359431 0.025702 0.376805 0.022370 0.386733 0.021418 0.393727 0.021180 0.405009
1 0.326987 0.278655 0.327701 0.283619 0.334365 0.296931 0.339838 0.304829 0.343408 0.313403 0.345788 0.334838 0.359353 0.345668 0.372204 0.352662 0.380771 0.354242 0.387197 0.353791 0.400286 0.351083 0.421466 0.351760 0.430033 0.351083 0.439077 0.347473 0.444074 0.343637 0.449786 0.334838 0.451690 0.328971 0.449786 0.311433 0.450024 0.285650 0.442884 0.272338 0.434793 0.263989 0.427178 0.259702 0.420038 0.253836 0.415278 0.251579 0.397430 0.246390 0.393860 0.244359 0.384341 0.243682 0.376963 0.241877 0.369586 0.242554 0.354831 0.245487 0.344360 0.250000 0.334127 0.258574 0.327463 0.267599 0.326987 0.278655
0 0.251071 0.456904 0.252261 0.462771 0.257734 0.470668 0.265112 0.477888 0.277963 0.485785 0.286292 0.488718 0.307235 0.493231 0.324845 0.495036 0.352451 0.493231 0.378391 0.486913 0.400762 0.478565 0.408377 0.474729 0.443360 0.448105 0.453356 0.438854 0.457877 0.435921 0.470490 0.422834 0.476440 0.411327 0.480248 0.393953 0.479534 0.387184 0.475488 0.377708 0.471918 0.371841 0.458591 0.360560 0.448834 0.356273 0.436459 0.353791 0.411947 0.352662 0.397192 0.353565 0.381247 0.356273 0.363636 0.361011 0.341266 0.368908 0.338410 0.367780 0.322148 0.386582 0.295812 0.401850 0.289862 0.403881 0.282247 0.408619 0.276535 0.410424 0.272489 0.412906 0.264636 0.420578 0.258686 0.429829 0.253451 0.440208 0.251309 0.449684 0.251071 0.456904
0 0.170395 0.499549 0.172061 0.515343 0.175393 0.529558 0.183246 0.553700 0.189196 0.567464 0.195859 0.578294 0.198239 0.580551 0.200143 0.585063 0.205140 0.591155 0.208710 0.597473 0.224655 0.616200 0.241076 0.631092 0.251785 0.638087 0.258686 0.641020 0.268206 0.642599 0.277487 0.639440 0.294146 0.628610 0.306997 0.624323 0.311518 0.620939 0.320324 0.609431 0.325321 0.598150 0.328891 0.574684 0.327463 0.554152 0.324845 0.543096 0.318182 0.529558 0.310090 0.518051 0.308187 0.513764 0.289148 0.493457 0.274393 0.485560 0.264874 0.479242 0.253689 0.467735 0.251309 0.464350 0.248929 0.458258 0.241314 0.451715 0.227273 0.444043 0.213708 0.440433 0.207996 0.440659 0.202999 0.442238 0.188006 0.453294 0.178010 0.466606 0.173489 0.477437 0.170633 0.490298 0.170395 0.499549
1 0.254165 0.692915 0.254879 0.704197 0.257496 0.724504 0.262018 0.742103 0.267968 0.762410 0.277963 0.784973 0.289148 0.806408 0.294622 0.810469 0.306997 0.814305 0.316992 0.816110 0.332461 0.824007 0.344122 0.830551 0.350547 0.835289 0.355783 0.840930 0.362208 0.844540 0.380295 0.840253 0.392194 0.832807 0.398620 0.825812 0.401951 0.820623 0.404807 0.800767 0.405283 0.775271 0.401000 0.736462 0.400524 0.723601 0.397430 0.705099 0.393622 0.692690 0.393860 0.688854 0.391004 0.684116 0.387911 0.675090 0.381009 0.664260 0.380295 0.660875 0.374108 0.652301 0.369586 0.649368 0.366968 0.645984 0.363160 0.644179 0.360543 0.639666 0.357449 0.637184 0.341504 0.629513 0.328177 0.625226 0.313898 0.624549 0.303903 0.626128 0.289148 0.632671 0.282009 0.638087 0.277011 0.640569 0.269396 0.647112 0.267016 0.651399 0.263684 0.654558 0.258448 0.664260 0.254641 0.675993 0.254165 0.692915
0 0.375535 0.616652 0.377201 0.624549 0.382199 0.631543 0.399810 0.641020 0.411471 0.645081 0.421704 0.646886 0.445264 0.647563 0.463827 0.646209 0.479296 0.641471 0.501904 0.629964 0.518801 0.618908 0.524750 0.613267 0.545931 0.598827 0.549976 0.593863 0.560447 0.585966 0.571157 0.574684 0.582104 0.559792 0.586863 0.546706 0.586625 0.528881 0.584722 0.525496 0.583294 0.519404 0.574726 0.508123 0.567587 0.503384 0.557116 0.498872 0.533079 0.494585 0.516897 0.492780 0.504998 0.493908 0.484293 0.499323 0.478106 0.502708 0.471680 0.504513 0.456925 0.511733 0.444312 0.520984 0.431461 0.533168 0.426464 0.536552 0.421228 0.543773 0.413613 0.548285 0.398858 0.562274 0.384103 0.581679 0.378153 0.596119 0.376011 0.604919 0.375535 0.616652
1 0.314612 0.501805 0.313898 0.505866 0.318420 0.525948 0.321514 0.530460 0.327939 0.534747 0.335079 0.538132 0.350785 0.541516 0.375773 0.543096 0.390052 0.540614 0.426940 0.526850 0.433841 0.522338 0.444074 0.517599 0.458591 0.506543 0.462875 0.504287 0.468824 0.495939 0.479058 0.485785 0.491671 0.468412 0.494050 0.463448 0.495716 0.456453 0.493337 0.452617 0.484293 0.445848 0.463113 0.434116 0.460019 0.435018 0.454069 0.439079 0.444788 0.448105 0.428129 0.459612 0.414802 0.470668 0.407187 0.475857 0.401000 0.478791 0.383627 0.484431 0.379581 0.486688 0.360543 0.491652 0.330081 0.495487 0.318658 0.495036 0.312708 0.497744 0.314612 0.501805
1 0.006426 0.596796 0.007139 0.602662 0.008567 0.605370 0.013565 0.610108 0.020942 0.614621 0.022608 0.616877 0.029272 0.621616 0.035459 0.625000 0.043313 0.627482 0.059971 0.626579 0.088291 0.620939 0.113755 0.610785 0.130890 0.600406 0.147073 0.588448 0.166111 0.572202 0.179438 0.557310 0.181342 0.553700 0.181104 0.550090 0.173013 0.523917 0.171823 0.515343 0.170633 0.512635 0.170157 0.488493 0.171109 0.481047 0.172537 0.477662 0.172299 0.473827 0.161590 0.469088 0.154450 0.467960 0.152308 0.470442 0.150167 0.476986 0.145645 0.483980 0.130652 0.501805 0.116135 0.512184 0.106140 0.517148 0.092813 0.519404 0.066873 0.519179 0.060685 0.516922 0.052594 0.510830 0.051880 0.508574 0.049024 0.506318 0.046406 0.505641 0.042837 0.506543 0.037839 0.513087 0.026178 0.537906 0.019515 0.549865 0.007139 0.582130 0.006426 0.596796
1 0.076154 0.627482 0.077582 0.637861 0.080676 0.641697 0.083770 0.651399 0.091623 0.666291 0.095431 0.669224 0.102570 0.671029 0.108758 0.674188 0.119943 0.675542 0.144455 0.674413 0.150881 0.673060 0.174679 0.663132 0.198715 0.654558 0.236792 0.644179 0.241314 0.640569 0.241552 0.633574 0.222513 0.615298 0.208948 0.599278 0.188244 0.567690 0.185150 0.559792 0.182294 0.556634 0.178486 0.559116 0.166825 0.572202 0.137554 0.596119 0.113993 0.611236 0.091385 0.620713 0.082818 0.623195 0.081866 0.624549 0.077106 0.625677 0.076154 0.627482
1 0.126606 0.722924 0.128034 0.728114 0.132556 0.736688 0.137078 0.739621 0.140647 0.737590 0.143265 0.732401 0.151594 0.723827 0.156354 0.717509 0.170633 0.704648 0.182294 0.696525 0.197049 0.689079 0.210614 0.684116 0.225131 0.681634 0.232270 0.681408 0.243455 0.683664 0.251547 0.687726 0.253451 0.682987 0.253927 0.673736 0.255593 0.668096 0.263208 0.651399 0.267254 0.647563 0.265588 0.645984 0.262256 0.645081 0.254641 0.644630 0.234174 0.645758 0.220371 0.649143 0.214898 0.651625 0.200619 0.654558 0.168967 0.666291 0.155402 0.673511 0.147787 0.679152 0.139219 0.688177 0.135412 0.692464 0.129938 0.701940 0.127082 0.713222 0.126606 0.722924
1 0.706806 0.348827 0.707044 0.354693 0.709186 0.363718 0.713232 0.370036 0.722275 0.374323 0.728463 0.378384 0.754641 0.399368 0.774393 0.400496 0.789624 0.398691 0.805807 0.394856 0.813184 0.391471 0.827939 0.382671 0.847454 0.362816 0.852927 0.351760 0.855307 0.337996 0.853879 0.333032 0.850071 0.327392 0.843884 0.320623 0.833651 0.311597 0.818182 0.291968 0.807949 0.285199 0.796525 0.281137 0.786530 0.279106 0.772013 0.278881 0.762494 0.280009 0.752499 0.282717 0.739172 0.289260 0.733936 0.293547 0.732032 0.297834 0.727987 0.316787 0.720609 0.331679 0.715612 0.338673 0.708234 0.345894 0.706806 0.348827
1 0.824369 0.439982 0.828177 0.453971 0.831271 0.459161 0.842456 0.472924 0.848881 0.477211 0.855545 0.478791 0.859353 0.478565 0.869110 0.477211 0.876963 0.474278 0.880057 0.474052 0.907663 0.458258 0.916230 0.451489 0.936221 0.432536 0.950500 0.415388 0.968586 0.382446 0.975726 0.363042 0.978820 0.341832 0.978582 0.317013 0.972870 0.299865 0.968586 0.292870 0.964303 0.287906 0.957877 0.284296 0.947882 0.280912 0.931699 0.280009 0.924560 0.281137 0.908853 0.287455 0.898858 0.293321 0.888386 0.300993 0.876487 0.312951 0.870776 0.317013 0.861733 0.328294 0.857687 0.335063 0.857925 0.338899 0.855783 0.344765 0.855545 0.349729 0.851261 0.359431 0.846978 0.365298 0.828891 0.383800 0.823893 0.417870 0.824369 0.439982
1 0.758924 0.407942 0.763922 0.414711 0.770823 0.428249 0.773679 0.437500 0.775583 0.449233 0.775345 0.463899 0.772965 0.472473 0.770823 0.476309 0.766064 0.482401 0.759638 0.488042 0.755593 0.493005 0.749881 0.496390 0.738696 0.499774 0.731080 0.500903 0.717040 0.500451 0.715136 0.501579 0.716564 0.512410 0.720609 0.528430 0.723703 0.532265 0.734174 0.535875 0.752023 0.535875 0.768920 0.534522 0.785340 0.527978 0.801523 0.516471 0.817230 0.506769 0.820324 0.501805 0.833651 0.486913 0.841028 0.474052 0.837458 0.467283 0.829129 0.457356 0.823655 0.442690 0.822703 0.418096 0.826511 0.391471 0.825321 0.386733 0.824131 0.386507 0.806997 0.395081 0.789624 0.399594 0.772727 0.401173 0.761304 0.400722 0.758210 0.403204 0.758924 0.407942
1 0.582342 0.355821 0.583532 0.360560 0.585198 0.362816 0.621371 0.382671 0.630176 0.389892 0.634936 0.398014 0.636126 0.400948 0.637078 0.414260 0.635174 0.421931 0.628986 0.433213 0.620181 0.439982 0.615421 0.446074 0.616373 0.449458 0.618991 0.453520 0.622085 0.456904 0.631842 0.464350 0.653974 0.478114 0.676107 0.488718 0.713470 0.500226 0.734412 0.500451 0.748453 0.495939 0.754879 0.493005 0.757972 0.488944 0.764398 0.483980 0.766778 0.480144 0.769396 0.477888 0.773441 0.470217 0.775583 0.456227 0.775107 0.445848 0.771299 0.430731 0.768920 0.424865 0.765350 0.420352 0.755593 0.402978 0.745121 0.393051 0.732984 0.383348 0.720609 0.375677 0.684912 0.361236 0.676107 0.361236 0.656830 0.363944 0.637078 0.363718 0.618277 0.357852 0.615897 0.355821 0.608758 0.352888 0.603522 0.347699 0.595669 0.344088 0.591861 0.344540 0.583770 0.353114 0.582342 0.355821
1 0.464779 0.432085 0.468824 0.435695 0.491433 0.449007 0.503094 0.453745 0.514993 0.457130 0.530224 0.458258 0.549500 0.461643 0.566635 0.461643 0.591623 0.456679 0.604236 0.452166 0.614707 0.446074 0.618753 0.440884 0.623037 0.438403 0.630890 0.430054 0.636126 0.418096 0.635888 0.405009 0.634698 0.400271 0.630176 0.390343 0.625416 0.387635 0.618277 0.381769 0.609472 0.376128 0.597811 0.371390 0.594241 0.368908 0.578534 0.361913 0.574488 0.361688 0.565683 0.386282 0.559020 0.392374 0.544741 0.399819 0.529272 0.401173 0.522132 0.400496 0.504760 0.395081 0.490957 0.387184 0.487863 0.384477 0.480723 0.381543 0.480248 0.397789 0.479296 0.400948 0.479772 0.403881 0.474298 0.418321 0.471680 0.422608 0.465731 0.428700 0.464779 0.432085
0 0.450976 0.310695 0.453118 0.323556 0.455259 0.328294 0.456449 0.335063 0.459781 0.343637 0.471204 0.365975 0.478820 0.376805 0.480961 0.381543 0.506426 0.395307 0.523084 0.400271 0.537125 0.400496 0.544741 0.398917 0.554022 0.394856 0.562113 0.389440 0.567349 0.379964 0.572584 0.362816 0.577582 0.335740 0.584484 0.312951 0.586863 0.297608 0.587339 0.284973 0.583056 0.264892 0.576154 0.248646 0.567587 0.237365 0.554022 0.223150 0.540695 0.214576 0.531414 0.211643 0.514993 0.211417 0.495954 0.216606 0.480961 0.228339 0.471442 0.237590 0.470014 0.241652 0.465731 0.248421 0.459781 0.262635 0.452166 0.289034 0.450976 0.310695
1 0.485483 0.495939 0.488101 0.496841 0.491195 0.495487 0.510471 0.492554 0.524512 0.492780 0.549262 0.496841 0.562589 0.500451 0.572584 0.506318 0.581390 0.515794 0.584246 0.516922 0.584960 0.520081 0.586387 0.521209 0.588529 0.525948 0.587577 0.528204 0.587339 0.534296 0.587339 0.540162 0.588529 0.542870 0.596145 0.535650 0.598525 0.532265 0.605188 0.518953 0.609472 0.507897 0.613517 0.488493 0.613041 0.474955 0.610900 0.463448 0.605902 0.453745 0.603522 0.453294 0.587101 0.458484 0.566635 0.462094 0.548786 0.462094 0.529034 0.458484 0.517611 0.458484 0.514755 0.459612 0.512375 0.462996 0.508805 0.465253 0.505236 0.469991 0.501428 0.473150 0.491433 0.487365 0.485721 0.493908 0.485483 0.495939
1 0.600190 0.536552 0.601856 0.539711 0.603046 0.550542 0.606378 0.564982 0.612803 0.580776 0.631128 0.611913 0.637316 0.618457 0.649215 0.625677 0.654450 0.626805 0.671823 0.633348 0.675631 0.633348 0.680390 0.634928 0.699667 0.633348 0.702761 0.631995 0.706330 0.631769 0.708234 0.629513 0.713470 0.626354 0.719419 0.618682 0.722275 0.609657 0.723227 0.597022 0.723227 0.567915 0.722513 0.549865 0.720609 0.532717 0.714660 0.508348 0.709900 0.500451 0.707044 0.498872 0.695859 0.495939 0.674679 0.488493 0.642313 0.472022 0.630176 0.464350 0.626130 0.462771 0.623037 0.462771 0.619705 0.463899 0.616611 0.469991 0.614469 0.491652 0.612327 0.502256 0.600428 0.534522 0.600190 0.536552
1 0.520704 0.620262 0.542837 0.646435 0.556640 0.667419 0.560447 0.666968 0.568777 0.659747 0.578534 0.654332 0.586387 0.647789 0.602570 0.631995 0.609948 0.623195 0.613279 0.616877 0.616373 0.608980 0.616849 0.601309 0.614231 0.595668 0.611614 0.581453 0.605902 0.569043 0.603046 0.566336 0.596145 0.562726 0.584960 0.559567 0.580676 0.562726 0.573774 0.572653 0.540219 0.604468 0.523084 0.616200 0.520704 0.620262
1 0.372204 0.634025 0.373632 0.640343 0.384817 0.654558 0.394336 0.662455 0.399334 0.668096 0.405759 0.678023 0.412185 0.692013 0.417420 0.700361 0.434317 0.718412 0.439315 0.722247 0.442884 0.723601 0.449786 0.729919 0.453118 0.731498 0.481675 0.740523 0.500238 0.741652 0.512613 0.740749 0.527844 0.736462 0.541885 0.728114 0.553308 0.709838 0.556640 0.685018 0.556640 0.675090 0.555212 0.668773 0.551404 0.660424 0.542837 0.647112 0.526178 0.626805 0.520704 0.623646 0.519039 0.621616 0.515469 0.621841 0.503094 0.630415 0.489053 0.638312 0.481675 0.641471 0.460971 0.647338 0.454545 0.648240 0.424560 0.648466 0.416468 0.646886 0.400286 0.641922 0.387435 0.635830 0.382913 0.632446 0.376725 0.625226 0.374584 0.626128 0.373156 0.628159 0.372204 0.634025
1 0.559020 0.687049 0.558068 0.697879 0.556164 0.706453 0.553308 0.713222 0.550214 0.716606 0.546168 0.723827 0.547358 0.727662 0.557116 0.734206 0.565683 0.738493 0.584722 0.744585 0.589481 0.744810 0.598762 0.747067 0.608520 0.747292 0.612803 0.748872 0.646835 0.754061 0.662304 0.753610 0.674203 0.752256 0.686816 0.748872 0.690386 0.747067 0.692527 0.744810 0.692051 0.737365 0.692765 0.734431 0.694907 0.729919 0.702285 0.720217 0.709662 0.714125 0.719419 0.708258 0.733936 0.702617 0.738458 0.699910 0.739886 0.697428 0.741314 0.689079 0.740600 0.675316 0.732032 0.661101 0.724179 0.653881 0.709900 0.645307 0.685864 0.640343 0.678486 0.639666 0.659210 0.638764 0.636840 0.639892 0.606140 0.644856 0.589005 0.650496 0.577820 0.655686 0.567349 0.662004 0.559971 0.668998 0.557592 0.672608 0.559020 0.687049
1 0.355069 0.637410 0.358163 0.638087 0.362684 0.644179 0.370300 0.649143 0.370776 0.650722 0.374108 0.652978 0.376487 0.657717 0.381485 0.662906 0.383627 0.669224 0.388386 0.675993 0.392670 0.685921 0.398144 0.705551 0.399572 0.714350 0.401951 0.744585 0.403379 0.750451 0.405759 0.772563 0.407663 0.775045 0.410043 0.775045 0.421942 0.770984 0.428843 0.766697 0.435983 0.759477 0.441694 0.748195 0.438363 0.743532 0.438601 0.737816 0.444074 0.731498 0.445502 0.727211 0.442408 0.723827 0.438839 0.722247 0.430271 0.715478 0.416944 0.700361 0.413137 0.694720 0.407663 0.682085 0.398858 0.668096 0.381009 0.651173 0.373394 0.641471 0.369586 0.638538 0.365778 0.638087 0.362446 0.636507 0.354831 0.636507 0.355069 0.637410
1 0.602570 0.794224 0.605426 0.810695 0.608996 0.821074 0.612565 0.828069 0.616373 0.827392 0.633270 0.815884 0.640409 0.813177 0.664683 0.808213 0.679200 0.807536 0.692527 0.805054 0.703475 0.804152 0.718229 0.800316 0.717277 0.795352 0.704664 0.771435 0.692527 0.754964 0.691099 0.751805 0.687768 0.750000 0.670633 0.753836 0.650881 0.754738 0.616611 0.749323 0.612803 0.749774 0.610424 0.752031 0.606616 0.761958 0.602808 0.785199 0.602570 0.794224
0 0.579724 0.891471 0.580914 0.901399 0.585436 0.915839 0.596145 0.931182 0.603998 0.937049 0.612565 0.941787 0.620419 0.944043 0.635650 0.944946 0.668253 0.943592 0.682532 0.941336 0.688958 0.938403 0.692765 0.937951 0.716564 0.929377 0.735840 0.920352 0.762970 0.902527 0.772965 0.892825 0.780581 0.887635 0.783198 0.884251 0.786768 0.876805 0.794146 0.867103 0.798191 0.855821 0.798191 0.824458 0.795812 0.814079 0.790100 0.805957 0.782960 0.802798 0.762018 0.800090 0.747739 0.799865 0.719895 0.801670 0.703237 0.804829 0.647549 0.811597 0.644217 0.813177 0.638030 0.814305 0.619229 0.825812 0.606378 0.836191 0.591623 0.852888 0.583294 0.868005 0.581390 0.876354 0.581628 0.880190 0.579962 0.885153 0.579724 0.891471
0 0.229415 0.853565 0.227035 0.863042 0.228225 0.865523 0.231794 0.890794 0.232984 0.894179 0.241790 0.911327 0.246073 0.918321 0.249167 0.920803 0.251309 0.925090 0.270823 0.947653 0.285578 0.961643 0.296050 0.967735 0.302237 0.969765 0.310804 0.974278 0.323417 0.982401 0.339362 0.988493 0.349119 0.990072 0.351975 0.991652 0.359353 0.993457 0.363160 0.993231 0.365778 0.994810 0.386959 0.991426 0.401475 0.987816 0.415278 0.979468 0.418372 0.976534 0.421942 0.969540 0.422180 0.959838 0.415516 0.936372 0.408377 0.919675 0.395288 0.896435 0.389576 0.889892 0.382199 0.877482 0.378867 0.869585 0.361733 0.847924 0.346502 0.833709 0.337696 0.828069 0.320086 0.819269 0.310566 0.816110 0.307235 0.815884 0.303665 0.814079 0.288196 0.810469 0.266540 0.811146 0.255117 0.814305 0.246311 0.819720 0.238220 0.827843 0.233460 0.835063 0.230366 0.844991 0.229415 0.853565
1 0.123989 0.786552 0.125416 0.791516 0.128986 0.797157 0.136602 0.807536 0.142075 0.809116 0.147073 0.814531 0.151356 0.815884 0.153736 0.818592 0.158734 0.820397 0.171823 0.828069 0.178486 0.830325 0.186816 0.829422 0.197287 0.826264 0.210138 0.819720 0.220847 0.807987 0.252737 0.776625 0.261542 0.765343 0.262970 0.761507 0.263922 0.755641 0.263446 0.750903 0.254879 0.720217 0.251785 0.689079 0.249643 0.687274 0.240838 0.683890 0.234174 0.682310 0.225845 0.682085 0.209186 0.685244 0.199191 0.689079 0.175869 0.701715 0.158020 0.717058 0.155878 0.720442 0.146359 0.730596 0.134698 0.747744 0.126606 0.763538 0.123751 0.772338 0.123989 0.786552
1 0.199667 0.859206 0.202523 0.880190 0.203950 0.883348 0.203713 0.887184 0.206330 0.890343 0.207044 0.897563 0.214422 0.914711 0.216802 0.917644 0.221264 0.919167 0.224655 0.921931 0.238220 0.923962 0.246549 0.923285 0.247739 0.921706 0.237030 0.904783 0.231080 0.890569 0.231080 0.886507 0.226083 0.863267 0.226321 0.858980 0.228701 0.852437 0.230129 0.842509 0.232508 0.835740 0.234412 0.834161 0.237744 0.827843 0.249881 0.816110 0.262018 0.811146 0.277963 0.809341 0.287006 0.809341 0.290338 0.807536 0.288196 0.805280 0.277963 0.787681 0.272489 0.774819 0.268682 0.770307 0.265826 0.768502 0.262256 0.769179 0.255910 0.776324 0.230129 0.799865 0.216088 0.816336 0.207758 0.830551 0.204664 0.839125 0.202999 0.841155 0.199905 0.855370 0.199667 0.859206
1 0.413613 0.848375 0.414564 0.862139 0.417420 0.874097 0.424084 0.891245 0.431461 0.904332 0.441456 0.918547 0.449548 0.927798 0.463113 0.940659 0.466683 0.942915 0.476440 0.946977 0.480723 0.947653 0.490243 0.947653 0.502142 0.944269 0.509757 0.937274 0.512137 0.933664 0.514279 0.927121 0.515469 0.905912 0.513565 0.861913 0.509995 0.845442 0.504046 0.831679 0.499524 0.814079 0.496906 0.807536 0.491195 0.798060 0.478106 0.782717 0.466683 0.777301 0.454069 0.773917 0.445978 0.774594 0.443598 0.776173 0.438839 0.775045 0.429319 0.779558 0.422894 0.786778 0.415992 0.800542 0.414327 0.813854 0.413613 0.848375
1 0.514517 0.837319 0.515469 0.853114 0.519277 0.876579 0.523560 0.893276 0.528558 0.907491 0.541409 0.929603 0.545931 0.935921 0.553784 0.944269 0.558782 0.948330 0.563541 0.950361 0.568777 0.951264 0.574964 0.950135 0.585198 0.942238 0.591861 0.938628 0.594955 0.937951 0.596859 0.935695 0.584008 0.914034 0.580676 0.904558 0.579486 0.888651 0.581152 0.874323 0.582580 0.868457 0.585911 0.861236 0.593289 0.849955 0.609710 0.831453 0.609472 0.828520 0.603998 0.814305 0.600428 0.800316 0.593051 0.788583 0.582104 0.778430 0.574488 0.774368 0.553546 0.773691 0.535935 0.780686 0.529034 0.785875 0.520704 0.800542 0.517373 0.810695 0.515469 0.821074 0.514517 0.837319
0 0.413375 0.846119 0.414089 0.859883 0.417182 0.873421 0.425036 0.893502 0.438601 0.914711 0.455021 0.933439 0.462875 0.940659 0.470490 0.944946 0.477392 0.947428 0.487863 0.947879 0.502380 0.944269 0.509995 0.937274 0.514279 0.928249 0.515707 0.907265 0.513803 0.862139 0.509995 0.844765 0.499762 0.814305 0.497144 0.807536 0.491433 0.798060 0.477868 0.782265 0.466921 0.777076 0.453594 0.773691 0.449548 0.773466 0.444550 0.774819 0.443122 0.776173 0.438839 0.775045 0.429319 0.779332 0.424084 0.784973 0.420514 0.791065 0.415992 0.800316 0.413851 0.820623 0.413375 0.846119
1 0.439077 0.759251 0.440505 0.761958 0.452404 0.769856 0.460495 0.773691 0.480723 0.780009 0.515707 0.783168 0.523560 0.782040 0.529272 0.782265 0.553070 0.772563 0.568301 0.772563 0.575202 0.770984 0.585911 0.763538 0.590671 0.759025 0.596383 0.752256 0.597335 0.748195 0.588291 0.745036 0.574488 0.742554 0.557830 0.735108 0.547120 0.727888 0.543313 0.726986 0.530462 0.735785 0.522846 0.738718 0.512613 0.741200 0.498096 0.741652 0.484293 0.740975 0.477392 0.739621 0.460495 0.733755 0.451690 0.732401 0.447406 0.737816 0.448596 0.739621 0.450738 0.740523 0.450738 0.741877 0.441456 0.750451 0.439315 0.755415 0.439077 0.759251
1 0.326273 0.545803 0.327939 0.553249 0.329843 0.565208 0.329605 0.578520 0.325083 0.601309 0.320324 0.611011 0.313660 0.619359 0.312946 0.622969 0.330795 0.624774 0.345312 0.629964 0.348881 0.630415 0.349833 0.629964 0.349357 0.626579 0.350785 0.625677 0.351737 0.622969 0.352927 0.622292 0.355783 0.623646 0.355783 0.619134 0.358401 0.617780 0.359353 0.615523 0.361495 0.615298 0.364588 0.597022 0.367920 0.585289 0.384103 0.554829 0.389814 0.546706 0.390528 0.543321 0.386959 0.542419 0.372918 0.544224 0.346740 0.541291 0.328415 0.535650 0.321038 0.532491 0.326273 0.545803
1 0.326273 0.545803 0.327701 0.552121 0.329843 0.565208 0.329605 0.578520 0.325083 0.601309 0.320562 0.610785 0.313660 0.619359 0.312946 0.622969 0.331033 0.624774 0.345550 0.629964 0.349357 0.630190 0.361495 0.614395 0.364588 0.596796 0.367682 0.585966 0.384103 0.554829 0.389814 0.546706 0.390766 0.543321 0.386721 0.542419 0.372680 0.544224 0.351023 0.541742 0.329843 0.536552 0.321038 0.532265 0.326273 0.545803
1 0.173727 0.312274 0.175393 0.313403 0.181580 0.310018 0.202523 0.303249 0.241552 0.280460 0.248453 0.277301 0.250119 0.275948 0.253927 0.267374 0.255593 0.265569 0.256782 0.258574 0.248453 0.253836 0.236792 0.253836 0.223941 0.256092 0.210614 0.261282 0.201095 0.268953 0.188720 0.282717 0.182056 0.292193 0.173727 0.309341 0.173727 0.312274
1 0.178486 0.412004 0.181342 0.422834 0.188720 0.430280 0.199191 0.436823 0.204902 0.438628 0.223941 0.439531 0.231080 0.437951 0.237744 0.433213 0.242504 0.431408 0.258686 0.418321 0.256782 0.416516 0.253451 0.416065 0.228939 0.417193 0.212518 0.414937 0.206092 0.414937 0.191099 0.409522 0.182294 0.403204 0.178486 0.402978 0.178486 0.412004
1 0.668967 0.223375 0.669205 0.227662 0.673489 0.237816 0.677535 0.244359 0.682294 0.246841 0.692765 0.248421 0.698477 0.250226 0.711804 0.257220 0.718705 0.263764 0.727273 0.275496 0.730842 0.277978 0.741076 0.280460 0.752261 0.280460 0.766064 0.277978 0.791052 0.277978 0.794622 0.277301 0.808187 0.269856 0.819372 0.260830 0.828415 0.249774 0.832699 0.240298 0.834365 0.232852 0.834365 0.227211 0.832461 0.219088 0.819610 0.202392 0.810328 0.193818 0.801047 0.188177 0.789386 0.181859 0.782723 0.180054 0.767254 0.179603 0.754879 0.180280 0.727511 0.185695 0.708472 0.193592 0.691099 0.202392 0.681580 0.208709 0.672537 0.216606 0.669919 0.220668 0.668967 0.223375
1 0.544027 0.148466 0.541647 0.157040 0.538077 0.165162 0.527130 0.183439 0.512613 0.203069 0.515469 0.207807 0.522132 0.209838 0.533317 0.210966 0.540219 0.212996 0.546882 0.216155 0.560209 0.226534 0.563779 0.230821 0.564731 0.233980 0.576154 0.246616 0.584960 0.263312 0.589005 0.264666 0.592575 0.267599 0.599000 0.267825 0.608520 0.266471 0.612327 0.267825 0.612803 0.269179 0.616135 0.267825 0.645883 0.248872 0.657782 0.232175 0.660162 0.227211 0.662066 0.216606 0.662304 0.208935 0.659686 0.194269 0.651832 0.181408 0.637554 0.164034 0.627320 0.154106 0.608996 0.139892 0.594955 0.132671 0.581628 0.127708 0.571395 0.125000 0.555688 0.123646 0.549262 0.124774 0.546406 0.126579 0.544027 0.148466
0 0.595431 0.321074 0.597097 0.325361 0.598287 0.335063 0.603760 0.345442 0.607568 0.349729 0.617801 0.356724 0.633270 0.362139 0.646359 0.363718 0.659448 0.362816 0.669205 0.361236 0.675631 0.358980 0.692289 0.355370 0.704664 0.347022 0.713470 0.339576 0.722751 0.325135 0.727273 0.314305 0.729653 0.304377 0.729891 0.290614 0.728225 0.282942 0.724179 0.272563 0.718467 0.264666 0.705854 0.254287 0.696573 0.250226 0.689196 0.248872 0.675155 0.247292 0.659448 0.247744 0.650643 0.250000 0.639457 0.254738 0.632556 0.258348 0.621847 0.266020 0.612803 0.275496 0.604950 0.285875 0.598525 0.299639 0.595669 0.310469 0.595431 0.321074
1 0.587815 0.282942 0.587339 0.298060 0.584722 0.313854 0.581390 0.322202 0.575916 0.344991 0.575916 0.349278 0.577582 0.351760 0.591861 0.341381 0.597335 0.338448 0.597335 0.330099 0.594717 0.320171 0.594955 0.309792 0.602570 0.285650 0.596859 0.278430 0.588529 0.270532 0.586149 0.272112 0.587815 0.282942
1 0.422894 0.254964 0.433603 0.262861 0.440505 0.269404 0.449310 0.282265 0.452880 0.283168 0.454545 0.275271 0.461923 0.255641 0.466921 0.245713 0.468110 0.239621 0.466921 0.238493 0.444074 0.249097 0.439553 0.250451 0.423132 0.252933 0.422894 0.254964
0 0.353403 0.182310 0.355783 0.191336 0.361257 0.206679 0.370062 0.223827 0.373632 0.227662 0.386721 0.238493 0.394098 0.242103 0.400762 0.243908 0.417896 0.250903 0.433603 0.251128 0.445740 0.248872 0.460019 0.242780 0.470490 0.236236 0.490719 0.217058 0.505712 0.206002 0.518087 0.193366 0.524274 0.185695 0.530224 0.174639 0.536649 0.165614 0.540933 0.155460 0.544741 0.134251 0.544503 0.125451 0.543313 0.119359 0.540695 0.110785 0.532366 0.092283 0.519039 0.078971 0.514517 0.075587 0.505474 0.070171 0.495002 0.067238 0.487387 0.066336 0.484293 0.064982 0.464541 0.065884 0.447406 0.070397 0.433365 0.076940 0.428605 0.077843 0.419086 0.082807 0.413137 0.088448 0.390290 0.104919 0.387911 0.108078 0.374822 0.120036 0.360781 0.139666 0.356259 0.150722 0.353641 0.165162 0.353403 0.182310
1 0.547120 0.050993 0.552118 0.064305 0.553308 0.070848 0.556640 0.074007 0.559257 0.082130 0.567825 0.101534 0.576392 0.113718 0.582104 0.126579 0.604236 0.135830 0.622799 0.149143 0.641837 0.167419 0.658020 0.188403 0.664683 0.190884 0.672299 0.190208 0.674917 0.188854 0.678724 0.189305 0.696097 0.181859 0.702761 0.177347 0.706568 0.176218 0.713470 0.171706 0.720371 0.164711 0.727511 0.150948 0.729415 0.138538 0.728701 0.125903 0.727035 0.119585 0.720609 0.104919 0.713946 0.092058 0.709662 0.087545 0.704902 0.078745 0.686578 0.054603 0.672299 0.043096 0.664921 0.034747 0.655402 0.027527 0.636364 0.016245 0.616373 0.009928 0.595431 0.008123 0.584008 0.009702 0.571395 0.013312 0.559733 0.022563 0.550452 0.036101 0.547834 0.043547 0.547120 0.050993
1 0.535935 0.098601 0.544503 0.122067 0.546644 0.125903 0.554022 0.123646 0.558544 0.123421 0.582580 0.126579 0.576868 0.118231 0.572822 0.109206 0.569491 0.105370 0.564017 0.096119 0.560923 0.094540 0.536649 0.092509 0.535459 0.093186 0.535935 0.098601
1 0.303665 0.248195 0.304617 0.249097 0.311756 0.252708 0.315802 0.256092 0.324607 0.265343 0.327939 0.265794 0.336744 0.255641 0.348644 0.247744 0.362446 0.243682 0.375773 0.242103 0.387197 0.243457 0.388624 0.241200 0.373394 0.228565 0.369586 0.227211 0.352927 0.228565 0.341742 0.227888 0.322465 0.238944 0.306759 0.244585 0.304141 0.247292 0.303665 0.248195
1 0.363160 0.615298 0.364112 0.623872 0.365778 0.629964 0.369824 0.635830 0.373870 0.625903 0.374108 0.610560 0.374822 0.606273 0.376725 0.602662 0.377439 0.595442 0.385769 0.578069 0.394336 0.566561 0.404331 0.555957 0.414802 0.546255 0.421704 0.541968 0.425988 0.536327 0.435269 0.529558 0.440267 0.523691 0.442646 0.522789 0.442408 0.520532 0.439077 0.520984 0.424084 0.528881 0.403379 0.536552 0.398620 0.538809 0.394336 0.542193 0.385769 0.553475 0.369348 0.581002 0.365778 0.591832 0.363636 0.601986 0.363160 0.615298
1 0.724417 0.590253 0.723941 0.604693 0.721799 0.617554 0.723465 0.619585 0.725607 0.620262 0.736792 0.622067 0.748691 0.621841 0.762018 0.618005 0.773441 0.610785 0.780105 0.604242 0.785816 0.595668 0.790338 0.584161 0.790576 0.574458 0.781533 0.553926 0.778201 0.536327 0.775821 0.534747 0.752499 0.536327 0.742742 0.535875 0.734174 0.534973 0.724179 0.532491 0.722751 0.533168 0.722275 0.534973 0.724417 0.590253
1 0.758924 0.655009 0.760114 0.668321 0.764160 0.673962 0.769634 0.678475 0.771537 0.682536 0.776059 0.688177 0.777487 0.693366 0.779629 0.695623 0.794622 0.700587 0.834365 0.706453 0.841266 0.709161 0.873156 0.725632 0.898858 0.718863 0.908853 0.714576 0.915754 0.710289 0.918848 0.709386 0.921704 0.710289 0.926464 0.697879 0.929557 0.694720 0.943122 0.668547 0.942884 0.662004 0.940743 0.654558 0.933841 0.642825 0.925750 0.635830 0.910995 0.626805 0.898144 0.614847 0.890528 0.612365 0.824607 0.598601 0.816992 0.599278 0.809139 0.601309 0.792004 0.607852 0.787482 0.610560 0.772013 0.623872 0.764160 0.637184 0.760114 0.646435 0.758924 0.655009
0 0.693955 0.745036 0.707282 0.765117 0.715850 0.772112 0.723703 0.780460 0.733222 0.787229 0.742980 0.793547 0.751547 0.797834 0.770585 0.799639 0.783674 0.801895 0.789624 0.804603 0.795098 0.809116 0.799619 0.810695 0.831985 0.811597 0.848406 0.810018 0.862446 0.806408 0.883865 0.785875 0.889338 0.782717 0.896002 0.773691 0.897668 0.769179 0.896002 0.755190 0.892194 0.747744 0.890766 0.745036 0.878629 0.732626 0.871014 0.726534 0.860543 0.720217 0.854593 0.717735 0.840076 0.709386 0.830319 0.706453 0.776535 0.698105 0.754879 0.699007 0.741076 0.701038 0.720133 0.708935 0.707758 0.716381 0.700143 0.723601 0.695383 0.731273 0.693717 0.736236 0.693955 0.745036
0 0.782485 0.550316 0.784388 0.557085 0.790576 0.570623 0.795812 0.577617 0.804379 0.585514 0.824369 0.597247 0.841742 0.602662 0.891956 0.612139 0.897668 0.612139 0.927891 0.604016 0.950976 0.590253 0.959305 0.582807 0.965731 0.575135 0.968586 0.569720 0.970728 0.558664 0.970014 0.550316 0.967634 0.542870 0.965255 0.540388 0.960971 0.532717 0.949310 0.521661 0.932413 0.511056 0.921942 0.507671 0.904569 0.504513 0.892194 0.503610 0.879819 0.504061 0.873394 0.502031 0.852213 0.502256 0.844836 0.503159 0.817468 0.509702 0.800333 0.518502 0.793432 0.523691 0.785816 0.531137 0.782009 0.539260 0.782485 0.550316
1 0.836982 0.487816 0.838172 0.491200 0.841980 0.500000 0.844122 0.501354 0.863160 0.501579 0.866492 0.500677 0.869824 0.501354 0.877201 0.499549 0.883627 0.502256 0.905759 0.503384 0.935745 0.509928 0.940029 0.506092 0.948358 0.492329 0.950500 0.487139 0.951928 0.477437 0.949310 0.459838 0.947882 0.457130 0.947882 0.453069 0.944550 0.444043 0.937173 0.437274 0.935507 0.436823 0.927653 0.440659 0.917896 0.450587 0.904331 0.461417 0.879105 0.474955 0.866492 0.478339 0.858401 0.478791 0.850547 0.478114 0.845312 0.475406 0.841980 0.474729 0.837220 0.483078 0.836982 0.487816
1 0.820324 0.293321 0.830319 0.307536 0.835317 0.312951 0.843408 0.319495 0.855783 0.334838 0.869015 0.318231 0.897430 0.293321 0.896478 0.289711 0.894098 0.286778 0.883151 0.278655 0.875773 0.275722 0.866254 0.274143 0.856021 0.274368 0.843408 0.277753 0.827939 0.284522 0.820562 0.289937 0.820324 0.293321
1 0.362922 0.848827 0.378629 0.868231 0.382675 0.876805 0.389576 0.888087 0.397430 0.896661 0.398858 0.895307 0.405521 0.881995 0.409329 0.869810 0.411947 0.857175 0.413375 0.794901 0.411233 0.782942 0.408139 0.776850 0.406473 0.779332 0.406473 0.794224 0.405283 0.808439 0.402665 0.821074 0.400286 0.825135 0.394336 0.831679 0.386959 0.837771 0.380771 0.840704 0.364112 0.845442 0.363160 0.847022 0.362922 0.848827