1 0.806022 0.161064 0.810224 0.169468 0.813959 0.183298 0.827965 0.188200 0.838469 0.197479 0.841970 0.199580 0.845005 0.199230 0.849206 0.195378 0.857843 0.181723 0.882586 0.151961 0.889589 0.141106 0.892624 0.133228 0.894491 0.122374 0.893091 0.108543 0.891690 0.105392 0.886321 0.098739 0.878385 0.090511 0.873016 0.088235 0.866246 0.086835 0.859244 0.086660 0.848739 0.087885 0.838469 0.091562 0.820728 0.101541 0.816993 0.105567 0.817227 0.122374 0.814893 0.134104 0.811858 0.143207 0.805322 0.155987 0.806022 0.161064
1 0.736695 0.091912 0.737628 0.095063 0.742764 0.106092 0.744865 0.118873 0.744631 0.129552 0.742997 0.139531 0.743464 0.141807 0.744631 0.142682 0.754202 0.141106 0.763461 0.140581 0.780812 0.143032 0.788282 0.145658 0.800187 0.153887 0.803688 0.154762 0.806489 0.150910 0.811858 0.140231 0.816527 0.121148 0.816527 0.109944 0.814659 0.100840 0.811858 0.094363 0.803922 0.084384 0.797152 0.079482 0.789683 0.076506 0.776611 0.073880 0.768207 0.073704 0.758403 0.075805 0.752568 0.077906 0.741830 0.084734 0.737395 0.090336 0.736695 0.091912
1 0.671335 0.064776 0.672736 0.073529 0.669701 0.095588 0.664566 0.109594 0.652194 0.133578 0.652661 0.136905 0.654762 0.137605 0.664099 0.134804 0.668301 0.134454 0.674837 0.132003 0.699580 0.135504 0.706349 0.138831 0.714052 0.144083 0.719188 0.149685 0.721289 0.153186 0.723856 0.154412 0.727124 0.153186 0.735294 0.147759 0.739729 0.144083 0.742297 0.139881 0.744164 0.127976 0.743931 0.115546 0.742063 0.105567 0.735294 0.090161 0.720588 0.071254 0.713585 0.064951 0.705882 0.059699 0.695845 0.056373 0.683240 0.054797 0.678571 0.054972 0.673436 0.057248 0.672269 0.058824 0.671335 0.064776
1 0.548553 0.098564 0.549253 0.099440 0.561158 0.102591 0.575864 0.107843 0.595938 0.121849 0.607376 0.134629 0.612979 0.142857 0.619748 0.156513 0.623249 0.159314 0.644258 0.143557 0.647993 0.139531 0.662932 0.111169 0.667367 0.098389 0.671335 0.070378 0.667600 0.057073 0.665266 0.052346 0.652194 0.035714 0.637955 0.026611 0.630252 0.022759 0.624650 0.021359 0.613679 0.019958 0.606676 0.020308 0.595938 0.022234 0.591737 0.023810 0.587068 0.027311 0.586134 0.028887 0.584034 0.045168 0.580999 0.055147 0.575630 0.066702 0.565593 0.080532 0.559290 0.087535 0.552988 0.091912 0.549720 0.095588 0.548553 0.098564
1 0.458217 0.056460 0.457049 0.064251 0.457983 0.072654 0.462652 0.088060 0.466853 0.096814 0.469421 0.100140 0.483660 0.109944 0.491830 0.111870 0.501401 0.111520 0.505135 0.110469 0.515173 0.105217 0.519141 0.104342 0.526611 0.101190 0.536415 0.098915 0.546685 0.097864 0.550187 0.093487 0.553688 0.091387 0.561858 0.083333 0.569094 0.074755 0.575163 0.065126 0.581466 0.050945 0.584034 0.040616 0.584967 0.015231 0.582866 0.006478 0.579365 0.001576 0.579365 0.000000 0.490196 0.000000 0.489029 0.002451 0.485761 0.004202 0.475023 0.013831 0.468021 0.022759 0.464052 0.029062 0.461251 0.035714 0.457750 0.050070 0.458217 0.056460
1 0.340103 0.136905 0.341737 0.143908 0.346872 0.152836 0.352241 0.158088 0.355742 0.157738 0.360177 0.152836 0.367880 0.148109 0.392857 0.139181 0.407796 0.136555 0.416200 0.136204 0.434874 0.137430 0.445612 0.139706 0.447712 0.139181 0.457049 0.123950 0.464986 0.102416 0.465219 0.098564 0.459384 0.082983 0.456116 0.067052 0.454248 0.063901 0.443744 0.053046 0.437908 0.049195 0.428338 0.044818 0.416667 0.042717 0.404762 0.042192 0.390289 0.045518 0.378852 0.049895 0.369748 0.054797 0.359477 0.064251 0.349907 0.077731 0.341970 0.101015 0.339636 0.118172 0.340103 0.136905
1 0.247432 0.153887 0.248133 0.155812 0.251401 0.157913 0.267507 0.154937 0.277778 0.154937 0.296919 0.159314 0.309524 0.164916 0.317227 0.167367 0.327731 0.162815 0.344304 0.158438 0.345472 0.157388 0.345938 0.154237 0.341503 0.145133 0.339636 0.138480 0.338702 0.117647 0.341503 0.099440 0.347806 0.078782 0.346405 0.076155 0.338702 0.070728 0.328198 0.067052 0.323529 0.066352 0.306256 0.065826 0.303221 0.064776 0.299953 0.064601 0.296685 0.065301 0.288749 0.069503 0.286181 0.072129 0.274743 0.077381 0.265173 0.084559 0.258637 0.092787 0.255135 0.098739 0.252801 0.110294 0.249533 0.119573 0.250000 0.123249 0.248599 0.126401 0.248833 0.130252 0.247899 0.132703 0.247432 0.153887
1 0.131419 0.134804 0.134921 0.155462 0.142857 0.175070 0.147526 0.182248 0.154295 0.189601 0.176704 0.177346 0.190476 0.172969 0.206349 0.172269 0.213352 0.173845 0.216853 0.175420 0.220355 0.174370 0.235061 0.165441 0.240196 0.161064 0.242530 0.155112 0.245331 0.137255 0.244631 0.120973 0.241130 0.106092 0.236228 0.096639 0.224090 0.080357 0.220588 0.077381 0.199346 0.065476 0.171335 0.066001 0.163399 0.069678 0.153595 0.076155 0.147292 0.084034 0.138655 0.098389 0.134687 0.109419 0.132353 0.122899 0.131419 0.134804
1 0.064659 0.165441 0.069094 0.172094 0.074230 0.176996 0.077498 0.177521 0.090336 0.177171 0.098506 0.179272 0.102708 0.179272 0.106909 0.175945 0.112045 0.173494 0.119514 0.172094 0.129785 0.168067 0.133287 0.158789 0.132820 0.148109 0.130719 0.140406 0.127451 0.137080 0.118581 0.134454 0.116480 0.133228 0.111345 0.132178 0.098506 0.131828 0.088235 0.133228 0.086134 0.134629 0.077965 0.137255 0.070728 0.143557 0.065826 0.150735 0.064659 0.155987 0.064659 0.165441
1 0.002568 0.184174 0.000000 0.184699 0.000000 0.251225 0.004902 0.253151 0.008637 0.251225 0.011671 0.243172 0.022642 0.228466 0.028011 0.219013 0.033147 0.213585 0.035247 0.209909 0.042717 0.202381 0.055089 0.192577 0.056489 0.189426 0.054622 0.185749 0.046919 0.180847 0.043417 0.179447 0.036648 0.178396 0.022176 0.176996 0.006303 0.182073 0.002568 0.184174
1 0.134687 0.171744 0.136321 0.174020 0.139589 0.185574 0.147526 0.191001 0.151027 0.192052 0.153595 0.188901 0.146125 0.179622 0.142157 0.173144 0.137021 0.159664 0.135854 0.161064 0.134921 0.165441 0.134687 0.171744
1 0.010504 0.248599 0.008870 0.251576 0.007236 0.252801 0.001867 0.265581 0.000000 0.265931 0.000000 0.299895 0.006769 0.307598 0.012138 0.312500 0.021942 0.318803 0.036415 0.324580 0.046452 0.326856 0.074930 0.327381 0.083100 0.326506 0.091970 0.324580 0.095705 0.322829 0.097572 0.321078 0.090103 0.304972 0.087068 0.291141 0.087068 0.276611 0.091503 0.261029 0.098273 0.248249 0.110878 0.229342 0.126284 0.212710 0.130719 0.209734 0.139356 0.201681 0.144958 0.198004 0.146125 0.196429 0.146359 0.192577 0.142390 0.189076 0.133987 0.185749 0.116246 0.183298 0.107843 0.182948 0.102474 0.181548 0.095005 0.181197 0.092437 0.182598 0.081232 0.184699 0.070962 0.188025 0.067460 0.190651 0.056956 0.193452 0.052288 0.195903 0.038049 0.207283 0.028011 0.219888 0.011671 0.244573 0.010504 0.248599
1 0.087302 0.290441 0.089869 0.303221 0.093137 0.310574 0.100140 0.322829 0.108777 0.330007 0.115780 0.334034 0.126984 0.337535 0.144258 0.336835 0.157563 0.333683 0.167834 0.330357 0.176471 0.326331 0.183007 0.321429 0.189309 0.318803 0.190243 0.317577 0.177871 0.304622 0.169468 0.290266 0.166200 0.276436 0.167134 0.261905 0.170635 0.246849 0.174370 0.236520 0.184874 0.214811 0.190943 0.204657 0.195845 0.198354 0.205182 0.188375 0.211251 0.183123 0.213585 0.182248 0.215453 0.178922 0.215219 0.175245 0.210317 0.174720 0.206816 0.173319 0.192110 0.173845 0.185574 0.175245 0.168768 0.182248 0.161998 0.186099 0.154528 0.192577 0.147993 0.194853 0.122549 0.216912 0.110644 0.230567 0.098506 0.249125 0.091737 0.261905 0.090103 0.265581 0.087535 0.277486 0.087302 0.290441
1 0.166900 0.277486 0.169701 0.289741 0.173903 0.297794 0.176471 0.300245 0.179739 0.305672 0.182306 0.307773 0.184174 0.311275 0.193744 0.318452 0.198179 0.320378 0.204715 0.324930 0.223389 0.328782 0.227591 0.328606 0.231092 0.327556 0.234827 0.328081 0.245331 0.325805 0.255602 0.322654 0.265873 0.318452 0.270542 0.315476 0.281279 0.307073 0.291083 0.301120 0.304622 0.290966 0.311625 0.285189 0.316527 0.279412 0.315826 0.276085 0.313492 0.272409 0.312558 0.268382 0.309524 0.262080 0.307656 0.241071 0.309991 0.224615 0.314192 0.205007 0.316527 0.198529 0.320962 0.189951 0.324930 0.185574 0.325630 0.182773 0.322596 0.175595 0.317694 0.170693 0.311858 0.167017 0.297386 0.160539 0.287348 0.157563 0.277544 0.156162 0.265640 0.156338 0.248133 0.160189 0.233193 0.167542 0.221755 0.175070 0.219188 0.177871 0.209617 0.185049 0.199813 0.194678 0.192810 0.203081 0.184874 0.216036 0.175070 0.235294 0.169935 0.251926 0.166667 0.269083 0.166900 0.277486
0 0.308590 0.248775 0.310691 0.262080 0.318627 0.279237 0.327031 0.286765 0.345005 0.295693 0.352474 0.298319 0.362045 0.300070 0.373483 0.300945 0.387021 0.299370 0.399393 0.296744 0.404295 0.293417 0.411765 0.290441 0.427171 0.281162 0.439776 0.276085 0.459617 0.265406 0.463352 0.264181 0.470822 0.258403 0.472923 0.253151 0.482726 0.238095 0.487162 0.227241 0.489029 0.217612 0.489963 0.196078 0.485761 0.175245 0.477358 0.161590 0.473623 0.158613 0.470355 0.154587 0.457283 0.145833 0.447246 0.140931 0.435574 0.138480 0.420868 0.137430 0.404062 0.138130 0.387722 0.141457 0.372782 0.146884 0.361111 0.153011 0.351774 0.160364 0.330299 0.180322 0.324697 0.187325 0.319328 0.196078 0.314192 0.209384 0.308824 0.239146 0.308590 0.248775
1 0.472689 0.154587 0.478992 0.160539 0.486928 0.175770 0.489496 0.182423 0.491597 0.195378 0.492063 0.209384 0.489496 0.228466 0.493231 0.238270 0.498366 0.243873 0.511204 0.252626 0.519608 0.256478 0.529178 0.259454 0.546452 0.262255 0.553922 0.260504 0.581933 0.245973 0.589402 0.238971 0.602708 0.223039 0.617414 0.199580 0.619981 0.193452 0.622316 0.182423 0.622082 0.167717 0.619281 0.157738 0.610177 0.139531 0.602708 0.129902 0.597106 0.124300 0.588936 0.117647 0.574930 0.108543 0.560924 0.103641 0.555089 0.102591 0.546919 0.099965 0.538515 0.099790 0.522642 0.103466 0.514706 0.106618 0.500233 0.114146 0.482260 0.132878 0.474323 0.147759 0.472689 0.154587
1 0.588469 0.244748 0.608310 0.246499 0.631653 0.256478 0.637722 0.260329 0.647526 0.269783 0.652661 0.264706 0.668067 0.253501 0.691176 0.241597 0.693978 0.237220 0.702848 0.227591 0.713352 0.211310 0.718254 0.199580 0.721989 0.185399 0.723156 0.176646 0.723156 0.166141 0.721989 0.157738 0.718954 0.151436 0.715453 0.146534 0.706816 0.139706 0.699346 0.136204 0.692577 0.134629 0.685574 0.133578 0.676937 0.133578 0.661064 0.136905 0.651261 0.140231 0.630486 0.154587 0.622782 0.161415 0.623716 0.176821 0.620448 0.195728 0.610644 0.213060 0.603875 0.223214 0.594071 0.236520 0.591737 0.237920 0.588936 0.241246 0.588469 0.244748
1 0.695145 0.241246 0.695845 0.241597 0.706583 0.242297 0.720355 0.244223 0.728758 0.245798 0.738095 0.249475 0.747199 0.257353 0.755135 0.271534 0.758637 0.271534 0.762372 0.269958 0.770308 0.264531 0.782913 0.250000 0.799486 0.227066 0.807890 0.209559 0.810924 0.197829 0.812092 0.185399 0.810691 0.175420 0.808123 0.167017 0.801821 0.156338 0.790616 0.147409 0.782913 0.144258 0.768908 0.141632 0.760971 0.141282 0.754669 0.141807 0.744631 0.144083 0.739963 0.146183 0.725023 0.157913 0.723623 0.161239 0.724323 0.175245 0.721522 0.191527 0.718954 0.199580 0.714286 0.210609 0.703548 0.227591 0.698413 0.233718 0.695378 0.238796 0.695145 0.241246
1 0.774043 0.262430 0.776844 0.263831 0.797152 0.263480 0.803455 0.264181 0.811625 0.266982 0.823296 0.274860 0.827965 0.280287 0.831466 0.282388 0.838002 0.277136 0.842670 0.270133 0.845938 0.264181 0.852474 0.248074 0.853875 0.237745 0.852941 0.223389 0.851074 0.216737 0.843371 0.202381 0.829132 0.190301 0.825163 0.187850 0.819328 0.185574 0.813959 0.184524 0.812792 0.185749 0.812092 0.193102 0.808357 0.209384 0.801821 0.224090 0.781513 0.252976 0.775210 0.258578 0.774043 0.262430
1 0.850607 0.214111 0.852941 0.221814 0.854108 0.235294 0.851307 0.253852 0.841737 0.271709 0.841737 0.273985 0.843137 0.275035 0.848273 0.275735 0.859477 0.275385 0.864846 0.276261 0.883287 0.283438 0.887021 0.283789 0.894258 0.278361 0.898693 0.273459 0.901027 0.269783 0.908730 0.251225 0.910364 0.241597 0.910131 0.236169 0.908964 0.230042 0.904995 0.220413 0.899393 0.212710 0.894958 0.208683 0.887021 0.202556 0.879085 0.199055 0.872316 0.197304 0.862278 0.196954 0.849206 0.199230 0.845238 0.202906 0.850607 0.214111
1 0.836601 0.294818 0.840336 0.309349 0.841036 0.315476 0.840570 0.322654 0.838936 0.334034 0.833333 0.351541 0.825864 0.367122 0.822129 0.370798 0.820962 0.373249 0.824463 0.374650 0.831699 0.374825 0.851307 0.378501 0.862512 0.382878 0.866246 0.382703 0.869514 0.380252 0.880719 0.366422 0.895191 0.337710 0.897526 0.331232 0.899393 0.321779 0.899393 0.307248 0.897993 0.302696 0.892857 0.292717 0.887488 0.287465 0.880719 0.283438 0.876050 0.281688 0.873016 0.279412 0.866480 0.277486 0.860644 0.276786 0.848739 0.276786 0.842204 0.277486 0.837768 0.278887 0.834034 0.281688 0.832633 0.282913 0.831933 0.285539 0.836601 0.294818
1 0.756769 0.301624 0.755369 0.311275 0.747432 0.338585 0.738095 0.355917 0.741363 0.357318 0.755135 0.354517 0.764706 0.354167 0.777778 0.356443 0.792250 0.361345 0.805322 0.370098 0.810691 0.376225 0.814192 0.377451 0.819561 0.373599 0.824930 0.366772 0.829365 0.359244 0.838469 0.333683 0.840103 0.318277 0.839869 0.312500 0.837302 0.299895 0.830532 0.284139 0.825630 0.278186 0.817694 0.270833 0.806723 0.265406 0.796685 0.263655 0.783613 0.264181 0.772409 0.265581 0.761438 0.271359 0.757003 0.276085 0.756769 0.301624
1 0.653595 0.290441 0.653828 0.298538 0.652661 0.308648 0.646592 0.325455 0.628618 0.355917 0.630019 0.357318 0.633754 0.357493 0.637255 0.356968 0.644024 0.354517 0.654295 0.353116 0.665033 0.352416 0.672969 0.353466 0.691877 0.360469 0.706816 0.369573 0.713585 0.372374 0.734594 0.359244 0.743231 0.345763 0.748833 0.332283 0.755135 0.306022 0.756069 0.285364 0.755135 0.275910 0.747666 0.259279 0.743931 0.254902 0.737862 0.250000 0.731092 0.247549 0.706583 0.243873 0.692577 0.243873 0.679972 0.247899 0.663165 0.257703 0.653828 0.265056 0.648926 0.272234 0.653595 0.290441
1 0.526611 0.303571 0.525910 0.318102 0.521242 0.338761 0.513072 0.355742 0.514472 0.358718 0.515640 0.359069 0.522642 0.356443 0.540383 0.352766 0.554155 0.351366 0.576797 0.357318 0.598973 0.369223 0.602474 0.370798 0.605742 0.371148 0.621148 0.361870 0.624183 0.359419 0.637955 0.338585 0.647993 0.319678 0.651727 0.308123 0.652894 0.295868 0.651494 0.283263 0.646125 0.271884 0.638655 0.262780 0.630486 0.257528 0.612745 0.248950 0.603408 0.247724 0.580999 0.248424 0.573763 0.251401 0.549953 0.263831 0.531979 0.278536 0.527311 0.283438 0.523576 0.289741 0.526611 0.303571
1 0.472779 0.317734 0.472786 0.317734 0.472786 0.316892 0.472779 0.316892 0.472779 0.317734
1 0.333800 0.409839 0.336835 0.428571 0.340103 0.436275 0.343604 0.439251 0.345005 0.443102 0.356209 0.451506 0.362745 0.453256 0.374183 0.452906 0.393324 0.450105 0.409897 0.443978 0.416200 0.441001 0.418534 0.438550 0.430672 0.433123 0.440009 0.424195 0.444911 0.417717 0.464052 0.397409 0.479692 0.383578 0.506536 0.363796 0.510738 0.359069 0.521475 0.332808 0.525677 0.308298 0.524977 0.299895 0.522642 0.293592 0.519841 0.288165 0.512605 0.279937 0.498133 0.272409 0.477358 0.269258 0.469188 0.268908 0.463352 0.269433 0.456349 0.271008 0.446078 0.274510 0.431139 0.280637 0.414566 0.290091 0.410598 0.291492 0.398926 0.298669 0.380952 0.312675 0.364846 0.329307 0.346872 0.355567 0.338469 0.376751 0.335668 0.386555 0.334267 0.398810 0.333800 0.409839
1 0.240196 0.387430 0.245098 0.403011 0.254669 0.417017 0.272176 0.428746 0.279645 0.431197 0.287582 0.432423 0.294351 0.432598 0.313025 0.431723 0.325163 0.429097 0.334034 0.428221 0.334734 0.419643 0.333333 0.406338 0.334734 0.389706 0.337068 0.379377 0.342904 0.362920 0.347572 0.353641 0.362278 0.331232 0.376284 0.315826 0.388422 0.305497 0.391923 0.300245 0.374183 0.302346 0.355509 0.300595 0.346872 0.297619 0.331699 0.290791 0.327965 0.290091 0.326564 0.290616 0.323996 0.292892 0.316760 0.295868 0.298319 0.305847 0.268674 0.327381 0.250233 0.347689 0.243464 0.360819 0.240896 0.371849 0.240196 0.387430
1 0.167834 0.380252 0.171802 0.393032 0.182073 0.407038 0.192577 0.416141 0.204949 0.422969 0.209617 0.424545 0.220121 0.426120 0.235994 0.425770 0.241597 0.424720 0.249066 0.422094 0.253735 0.418417 0.253035 0.415266 0.243931 0.401261 0.239729 0.387255 0.240196 0.372899 0.244164 0.359594 0.251401 0.345588 0.257003 0.339986 0.258870 0.337010 0.265640 0.330357 0.285948 0.314426 0.291083 0.312150 0.293184 0.310574 0.294118 0.308648 0.302054 0.303746 0.303455 0.300245 0.299720 0.298319 0.296685 0.297969 0.292484 0.300245 0.287115 0.304797 0.282913 0.306548 0.277544 0.311275 0.265406 0.319678 0.249066 0.325630 0.237862 0.328256 0.233660 0.327906 0.224090 0.329482 0.216853 0.328957 0.205415 0.325630 0.196078 0.320378 0.192577 0.320378 0.187908 0.324580 0.186275 0.328256 0.172502 0.348739 0.167834 0.362570 0.167834 0.380252
1 0.043651 0.394783 0.044585 0.401436 0.050187 0.410539 0.052171 0.411677 0.054855 0.415441 0.061158 0.418768 0.063959 0.421919 0.088469 0.423494 0.108543 0.422269 0.119748 0.420168 0.141223 0.405812 0.152894 0.401261 0.155929 0.399335 0.168301 0.395833 0.170401 0.394083 0.167367 0.380602 0.166900 0.368554 0.167600 0.360469 0.174136 0.344888 0.179739 0.337010 0.183007 0.330532 0.185808 0.328606 0.185574 0.326506 0.182773 0.325630 0.178571 0.326155 0.172969 0.329482 0.166900 0.331758 0.154762 0.334734 0.147759 0.337360 0.132353 0.338936 0.124883 0.338060 0.118814 0.336310 0.107843 0.330532 0.102241 0.325455 0.098739 0.325105 0.093838 0.328081 0.070728 0.346289 0.055789 0.362395 0.046919 0.376050 0.043884 0.387080 0.043651 0.394783
1 0.002334 0.328431 0.000000 0.330707 0.000000 0.429797 0.022876 0.431022 0.036415 0.429447 0.055322 0.425420 0.060691 0.423669 0.062792 0.421744 0.052988 0.414741 0.046685 0.406863 0.044818 0.402836 0.043184 0.394433 0.043184 0.388655 0.045518 0.378501 0.049486 0.370273 0.055322 0.362045 0.065126 0.351015 0.070728 0.345238 0.088469 0.332108 0.090103 0.329482 0.092670 0.327731 0.091036 0.326856 0.085901 0.326506 0.081232 0.326506 0.075397 0.327731 0.047152 0.327381 0.029412 0.322479 0.027311 0.321078 0.018674 0.318102 0.011671 0.317927 0.008870 0.317227 0.004902 0.320728 0.002334 0.324405 0.002334 0.328431
1 0.457983 0.122199 0.449813 0.136905 0.449813 0.140406 0.467320 0.151611 0.470588 0.153011 0.482493 0.131828 0.498133 0.117122 0.498833 0.114496 0.498133 0.113095 0.494865 0.113095 0.484127 0.110294 0.472923 0.103466 0.466853 0.098564 0.465219 0.101015 0.457983 0.122199
1 0.316060 0.168242 0.322829 0.174370 0.324697 0.177696 0.327965 0.180672 0.347572 0.164741 0.349206 0.161239 0.345005 0.160539 0.331466 0.162640 0.323529 0.164741 0.316993 0.167717 0.316060 0.168242
1 0.105976 0.180672 0.109244 0.181723 0.128385 0.183298 0.133287 0.184349 0.138655 0.184174 0.135854 0.171744 0.133287 0.169118 0.130019 0.169118 0.112745 0.173319 0.108543 0.174895 0.104108 0.178396 0.105976 0.180672
1 0.022876 0.431548 0.000000 0.430672 0.000000 0.542892 0.010738 0.544643 0.022642 0.544468 0.025677 0.543417 0.040383 0.534664 0.044585 0.532913 0.055322 0.526261 0.054155 0.522584 0.049953 0.517157 0.045051 0.506828 0.042250 0.491947 0.045051 0.474090 0.048553 0.464811 0.055556 0.439076 0.059524 0.432423 0.057423 0.428571 0.053455 0.427346 0.022876 0.431548
1 0.043184 0.490546 0.043651 0.498424 0.046218 0.508403 0.051821 0.519083 0.056022 0.523810 0.059991 0.526786 0.075397 0.533088 0.084734 0.535364 0.102474 0.535539 0.113912 0.529412 0.114613 0.525910 0.101774 0.515406 0.097339 0.508228 0.095472 0.501225 0.095005 0.494223 0.098039 0.479167 0.107843 0.447304 0.111345 0.437150 0.117880 0.425420 0.116947 0.422269 0.093604 0.423845 0.067227 0.423494 0.063259 0.425420 0.056022 0.439251 0.045985 0.473039 0.043884 0.484244 0.043184 0.490546
1 0.095705 0.498249 0.098273 0.508578 0.100140 0.512430 0.106209 0.519258 0.118347 0.527311 0.123249 0.528536 0.126284 0.530462 0.133754 0.533263 0.148693 0.535189 0.156629 0.535364 0.164799 0.534839 0.174370 0.532913 0.194211 0.526786 0.206116 0.521183 0.208450 0.518557 0.210784 0.513130 0.215920 0.491422 0.227824 0.456583 0.232493 0.446779 0.239496 0.435749 0.240196 0.431723 0.238796 0.428746 0.235761 0.427696 0.223389 0.427871 0.216853 0.426996 0.213585 0.425770 0.210084 0.425770 0.203081 0.423494 0.196312 0.419818 0.187908 0.413866 0.185808 0.411239 0.180672 0.407213 0.171802 0.396183 0.164332 0.397234 0.147292 0.404062 0.140523 0.407213 0.126984 0.415791 0.119048 0.423669 0.112512 0.436625 0.106443 0.452731 0.096405 0.488796 0.095705 0.498249
1 0.209617 0.534664 0.211251 0.542192 0.217087 0.551296 0.222222 0.556898 0.229925 0.561450 0.237395 0.563025 0.248133 0.563200 0.255135 0.562150 0.275910 0.555672 0.287115 0.545693 0.294351 0.540616 0.308590 0.533088 0.311391 0.530637 0.313259 0.525910 0.313025 0.518557 0.311158 0.508578 0.310924 0.495973 0.311858 0.486169 0.314192 0.474965 0.316060 0.468487 0.320028 0.460609 0.335901 0.435924 0.334967 0.431022 0.327965 0.429272 0.307190 0.433298 0.294351 0.433824 0.287348 0.433298 0.274276 0.430322 0.258403 0.420518 0.255135 0.420868 0.251867 0.423144 0.249066 0.425245 0.248833 0.426471 0.239729 0.437150 0.230626 0.453081 0.220121 0.481092 0.210084 0.519258 0.209617 0.534664
1 0.312558 0.512430 0.313959 0.521008 0.316760 0.530287 0.320495 0.539041 0.327965 0.552696 0.334500 0.561099 0.341737 0.567402 0.353641 0.575630 0.366480 0.582283 0.373249 0.582983 0.390056 0.576856 0.411998 0.560399 0.413399 0.557598 0.413632 0.553746 0.408730 0.540266 0.405929 0.526085 0.405696 0.505077 0.407096 0.490371 0.413632 0.471639 0.424136 0.449580 0.426237 0.442752 0.425770 0.441352 0.422736 0.439251 0.421335 0.439076 0.418301 0.440651 0.416200 0.442927 0.411298 0.443627 0.400794 0.449405 0.376284 0.453606 0.362045 0.454132 0.357610 0.453081 0.352708 0.450455 0.342904 0.442577 0.341737 0.438025 0.338469 0.436800 0.334967 0.439776 0.327965 0.449230 0.317694 0.467087 0.313959 0.479867 0.312092 0.492297 0.312558 0.512430
0 0.407330 0.524510 0.411298 0.543417 0.412932 0.545518 0.416900 0.556898 0.423436 0.563375 0.426237 0.567752 0.433473 0.574580 0.446312 0.582808 0.455415 0.585784 0.466853 0.588410 0.480392 0.586310 0.491597 0.583333 0.500000 0.579832 0.501634 0.577731 0.507236 0.575630 0.523810 0.558824 0.544118 0.540966 0.552288 0.530287 0.576797 0.505777 0.578665 0.501225 0.588702 0.488796 0.596872 0.476891 0.607376 0.458508 0.614613 0.438200 0.618581 0.416141 0.618814 0.405812 0.617880 0.397234 0.615780 0.390231 0.612278 0.383578 0.606909 0.376401 0.602007 0.372374 0.595472 0.368522 0.574697 0.358543 0.560691 0.354692 0.550887 0.353291 0.542951 0.353641 0.525677 0.356968 0.508403 0.364146 0.504669 0.366947 0.499300 0.369573 0.466620 0.396709 0.459384 0.403887 0.439076 0.428046 0.425070 0.451856 0.423436 0.456408 0.420868 0.459734 0.413866 0.474265 0.409430 0.487570 0.407563 0.500700 0.407330 0.524510
1 0.607610 0.376576 0.615546 0.387605 0.619281 0.400735 0.619514 0.415441 0.616713 0.435574 0.608543 0.458333 0.599440 0.474965 0.582866 0.498599 0.579365 0.501576 0.576331 0.507003 0.572129 0.510504 0.571195 0.512430 0.573529 0.515406 0.578665 0.519258 0.590336 0.524335 0.600840 0.527661 0.605509 0.528361 0.614846 0.528361 0.623483 0.527661 0.637021 0.524510 0.648693 0.519433 0.665266 0.508053 0.687208 0.488620 0.704482 0.465861 0.719188 0.443452 0.722456 0.435924 0.727358 0.418417 0.727824 0.403536 0.726657 0.397234 0.721289 0.385504 0.713585 0.375350 0.707750 0.370623 0.693277 0.361870 0.686275 0.358368 0.678571 0.355742 0.661998 0.353291 0.645425 0.355567 0.639589 0.357668 0.626517 0.360644 0.612278 0.368522 0.607610 0.373074 0.607610 0.376576
1 0.717554 0.380077 0.722689 0.386730 0.728291 0.398634 0.728758 0.410014 0.727591 0.420518 0.722923 0.436800 0.719421 0.444853 0.707750 0.462360 0.703315 0.466912 0.695145 0.481092 0.696078 0.482318 0.699813 0.482668 0.716620 0.480392 0.733193 0.480917 0.747432 0.485469 0.762838 0.492647 0.772642 0.499125 0.776144 0.500350 0.788515 0.491947 0.802521 0.478641 0.807890 0.470413 0.817460 0.451856 0.819094 0.445903 0.820261 0.435749 0.820495 0.410364 0.820028 0.397584 0.815126 0.381303 0.804622 0.370098 0.792250 0.362220 0.775910 0.356618 0.764006 0.354867 0.754669 0.355567 0.736695 0.360469 0.721055 0.369748 0.718021 0.373074 0.716620 0.376576 0.717554 0.380077
1 0.818861 0.390756 0.820261 0.398109 0.821195 0.420693 0.819795 0.444853 0.816293 0.456232 0.809290 0.467262 0.806956 0.473214 0.804155 0.477066 0.803221 0.480917 0.806723 0.482318 0.818627 0.482493 0.828431 0.483718 0.838235 0.485819 0.855742 0.491947 0.858310 0.491772 0.861345 0.488095 0.864846 0.485994 0.873249 0.477591 0.878618 0.466387 0.883520 0.448880 0.884454 0.443803 0.884921 0.425070 0.884220 0.418417 0.879552 0.403887 0.875117 0.396709 0.865079 0.386029 0.859244 0.382353 0.850840 0.379027 0.834967 0.375700 0.822129 0.374825 0.817694 0.376401 0.814426 0.380077 0.818861 0.390756
1 0.000000 0.567052 0.000000 0.653536 0.012372 0.654062 0.036415 0.652661 0.053922 0.647584 0.062092 0.643557 0.063025 0.636905 0.059057 0.624475 0.058357 0.616772 0.058590 0.607843 0.060924 0.595413 0.068861 0.578256 0.082166 0.559699 0.095705 0.543943 0.097339 0.539566 0.095238 0.537640 0.088702 0.536064 0.080299 0.535189 0.061158 0.528536 0.057190 0.528186 0.046919 0.533263 0.039683 0.535889 0.027077 0.543417 0.011905 0.555322 0.000000 0.567052
1 0.059290 0.612045 0.059757 0.623775 0.066760 0.642507 0.072829 0.647934 0.076797 0.653186 0.083800 0.658964 0.091970 0.663165 0.098506 0.665441 0.106209 0.666492 0.122549 0.664041 0.126517 0.664041 0.136088 0.658088 0.141223 0.653186 0.141457 0.650385 0.138889 0.644258 0.137021 0.634279 0.137255 0.619573 0.139823 0.608894 0.147059 0.591737 0.154062 0.581232 0.161298 0.573179 0.169468 0.566176 0.189542 0.552871 0.196078 0.549370 0.199580 0.548669 0.207516 0.543242 0.208450 0.537640 0.206583 0.522059 0.197246 0.526085 0.190009 0.527836 0.178571 0.532563 0.155929 0.536064 0.147292 0.535539 0.134454 0.533613 0.127451 0.531688 0.123716 0.529062 0.120915 0.528186 0.116246 0.528536 0.105509 0.535714 0.099907 0.540791 0.080065 0.563901 0.070028 0.577731 0.068161 0.582283 0.065826 0.585259 0.060458 0.599615 0.059290 0.612045
1 0.137955 0.636905 0.140289 0.645483 0.143324 0.651611 0.152661 0.662465 0.167367 0.671744 0.182073 0.677346 0.192810 0.677521 0.199580 0.676821 0.213352 0.674020 0.218721 0.670868 0.227358 0.668067 0.235761 0.662815 0.240430 0.657913 0.237862 0.637430 0.237862 0.629902 0.239729 0.615721 0.241597 0.609594 0.253735 0.586485 0.262138 0.575455 0.270542 0.561625 0.272176 0.560574 0.268908 0.559524 0.262372 0.561625 0.252101 0.563725 0.238796 0.564076 0.231326 0.562850 0.226657 0.561275 0.221755 0.557948 0.210317 0.544643 0.206349 0.545168 0.183940 0.556548 0.161298 0.573880 0.147526 0.591912 0.144024 0.598739 0.137955 0.619223 0.137955 0.636905
1 0.238796 0.637780 0.242997 0.657738 0.249300 0.668592 0.257703 0.678922 0.277778 0.693452 0.286648 0.697129 0.292951 0.698880 0.300420 0.699230 0.307190 0.698354 0.320962 0.695028 0.352474 0.676296 0.360177 0.670693 0.365079 0.665266 0.366480 0.662115 0.365546 0.639881 0.368581 0.621849 0.372316 0.609769 0.377451 0.598564 0.381653 0.584909 0.380019 0.583683 0.369514 0.583508 0.362979 0.581583 0.341270 0.567752 0.333100 0.560749 0.326331 0.551646 0.321895 0.542542 0.319094 0.539216 0.317694 0.535364 0.313959 0.532913 0.304622 0.536064 0.293417 0.542192 0.285481 0.548669 0.273109 0.560749 0.256769 0.583508 0.251401 0.591737 0.250233 0.595238 0.247432 0.598739 0.241363 0.612745 0.239262 0.626050 0.238796 0.637780
1 0.366480 0.649160 0.368114 0.665091 0.370215 0.671744 0.373016 0.676296 0.375117 0.682073 0.382353 0.693978 0.392857 0.704307 0.403595 0.711660 0.411298 0.714986 0.418301 0.716912 0.424603 0.717612 0.433007 0.717437 0.442344 0.716562 0.450747 0.714636 0.463819 0.708683 0.476891 0.699580 0.492997 0.685224 0.494865 0.682073 0.496965 0.680847 0.497666 0.673845 0.495098 0.654237 0.495331 0.642332 0.496965 0.634279 0.500000 0.595238 0.501634 0.588585 0.501401 0.584034 0.498366 0.582458 0.495331 0.582808 0.488095 0.586134 0.477358 0.588936 0.465686 0.589286 0.457049 0.587710 0.443511 0.582808 0.434174 0.577206 0.427171 0.571429 0.418768 0.561625 0.414799 0.559874 0.397059 0.572304 0.389589 0.579657 0.382353 0.590686 0.375817 0.603992 0.369281 0.622899 0.366713 0.638831 0.366480 0.649160
1 0.017740 0.748424 0.021942 0.757703 0.026377 0.762955 0.031979 0.766282 0.036181 0.767507 0.050187 0.769083 0.060924 0.768557 0.083333 0.762605 0.086601 0.761029 0.095238 0.759104 0.098739 0.757353 0.104108 0.755952 0.105275 0.754727 0.116246 0.717437 0.117180 0.691527 0.120215 0.678221 0.125350 0.668417 0.124650 0.666492 0.123016 0.665441 0.119748 0.665441 0.116013 0.666492 0.106443 0.667017 0.091737 0.664041 0.088002 0.661239 0.080532 0.657913 0.070728 0.647584 0.067694 0.646359 0.064426 0.647234 0.046452 0.667892 0.041083 0.675420 0.033847 0.688901 0.022409 0.717437 0.017974 0.738445 0.017740 0.748424
1 0.108077 0.762605 0.111578 0.777311 0.119514 0.786940 0.124183 0.791317 0.131186 0.794993 0.133520 0.797094 0.140990 0.800420 0.147526 0.802171 0.155929 0.802696 0.166433 0.801471 0.182073 0.797969 0.186975 0.794468 0.198413 0.789916 0.207983 0.784839 0.210084 0.782913 0.210784 0.779412 0.206349 0.773634 0.199580 0.762080 0.197246 0.755602 0.196078 0.744223 0.197479 0.732843 0.203548 0.710084 0.217554 0.679097 0.215453 0.675245 0.212885 0.674720 0.197012 0.678396 0.182073 0.678046 0.174837 0.675945 0.160831 0.668943 0.151961 0.662640 0.147759 0.657038 0.144024 0.654587 0.134921 0.660189 0.128151 0.666667 0.123016 0.674020 0.119281 0.683298 0.117180 0.694678 0.117414 0.715861 0.109711 0.741071 0.108077 0.754377 0.108077 0.762605
1 0.197012 0.748775 0.198413 0.757528 0.203081 0.768557 0.212885 0.780637 0.226190 0.790616 0.237628 0.795693 0.244631 0.797444 0.250934 0.798144 0.259804 0.797969 0.264472 0.797094 0.288282 0.788690 0.293184 0.785889 0.296919 0.782563 0.297619 0.766282 0.302754 0.734244 0.306256 0.722164 0.312325 0.709034 0.318861 0.699580 0.318394 0.697654 0.317460 0.696779 0.302754 0.700105 0.295285 0.699930 0.285481 0.697129 0.279178 0.694328 0.272642 0.690651 0.257003 0.678922 0.244631 0.662990 0.241130 0.660714 0.225490 0.671744 0.221055 0.679447 0.213585 0.689251 0.204482 0.709384 0.197712 0.734069 0.197012 0.748775
1 0.298553 0.768207 0.299020 0.787290 0.300420 0.797269 0.305789 0.817402 0.316060 0.831408 0.327498 0.839636 0.342204 0.845238 0.348506 0.846989 0.355275 0.847864 0.363679 0.847864 0.376517 0.846639 0.381186 0.844188 0.396359 0.839111 0.408730 0.832283 0.410364 0.829132 0.411298 0.813725 0.416900 0.786239 0.430439 0.751050 0.441176 0.732668 0.447946 0.723915 0.449580 0.720238 0.449346 0.717087 0.442344 0.716562 0.438842 0.717612 0.424837 0.718137 0.417834 0.717262 0.401961 0.712360 0.400093 0.710084 0.395191 0.707283 0.382120 0.694328 0.372316 0.678571 0.369281 0.672094 0.366013 0.669818 0.356209 0.674895 0.337768 0.687150 0.332166 0.689776 0.323763 0.696078 0.318394 0.702556 0.307190 0.723214 0.301354 0.748424 0.298553 0.768207
1 0.411531 0.825105 0.412698 0.827906 0.412465 0.831758 0.417134 0.845413 0.425303 0.856268 0.438842 0.868347 0.445845 0.872024 0.452381 0.874300 0.470822 0.876050 0.490896 0.872374 0.504435 0.866947 0.520542 0.859244 0.531046 0.852591 0.533613 0.849790 0.547619 0.838761 0.549253 0.835784 0.553688 0.831583 0.562092 0.817577 0.563025 0.810749 0.569795 0.790091 0.574697 0.780287 0.577264 0.772584 0.581933 0.764881 0.584967 0.756653 0.588469 0.750700 0.590570 0.744748 0.582866 0.744748 0.574697 0.747549 0.559991 0.747899 0.550187 0.745623 0.542484 0.741772 0.533613 0.735294 0.525677 0.727416 0.514706 0.714461 0.508170 0.703782 0.501634 0.687850 0.497899 0.686800 0.493231 0.688025 0.487862 0.691527 0.468487 0.707108 0.460084 0.711835 0.454949 0.715861 0.443978 0.730742 0.432073 0.751050 0.428571 0.762255 0.425303 0.767332 0.420401 0.779412 0.416200 0.793067 0.412232 0.816877 0.411531 0.825105
1 0.563959 0.823704 0.564192 0.846113 0.565593 0.859419 0.567694 0.864846 0.568394 0.872549 0.570728 0.880252 0.573996 0.889006 0.580299 0.901261 0.584967 0.906863 0.593838 0.914916 0.597572 0.917542 0.606209 0.921569 0.612745 0.922094 0.630019 0.919293 0.640056 0.914041 0.644024 0.912990 0.650093 0.909489 0.664799 0.898634 0.682073 0.884454 0.687208 0.879027 0.694444 0.873424 0.704715 0.862920 0.707750 0.860994 0.717320 0.849790 0.727358 0.839811 0.734594 0.828606 0.741830 0.814601 0.746499 0.803746 0.753268 0.783964 0.755369 0.773284 0.756536 0.762780 0.755369 0.736695 0.750233 0.717437 0.746965 0.709734 0.738796 0.695553 0.734594 0.690826 0.730159 0.687500 0.721755 0.682248 0.713352 0.679097 0.699580 0.674720 0.689776 0.673494 0.675303 0.673845 0.667600 0.675420 0.660598 0.677871 0.653128 0.681548 0.648693 0.687675 0.644258 0.695903 0.630486 0.714111 0.613912 0.728992 0.598273 0.740196 0.594304 0.744573 0.582633 0.765406 0.575864 0.782913 0.571195 0.792367 0.568394 0.800245 0.564659 0.817052 0.563959 0.823704
1 0.729458 0.682073 0.730159 0.685574 0.737862 0.692927 0.741597 0.698179 0.746732 0.707108 0.751401 0.718137 0.756536 0.737570 0.757470 0.763655 0.756069 0.775910 0.751167 0.793592 0.743697 0.813200 0.730159 0.838410 0.734360 0.840686 0.741597 0.841912 0.761671 0.847689 0.765406 0.848214 0.770775 0.847864 0.781979 0.843137 0.789449 0.839111 0.797852 0.833158 0.810924 0.821779 0.824463 0.807248 0.839169 0.784839 0.847106 0.765406 0.853641 0.735119 0.853641 0.721289 0.850607 0.703782 0.842670 0.684524 0.836835 0.676296 0.829365 0.668417 0.820962 0.661239 0.809991 0.654587 0.796919 0.649160 0.784781 0.646183 0.773343 0.644258 0.769141 0.644958 0.767040 0.646183 0.765173 0.647584 0.763305 0.651085 0.756769 0.658964 0.741830 0.671919 0.730626 0.679972 0.729458 0.682073
1 0.000000 0.806197 0.000000 0.876225 0.001634 0.876225 0.007236 0.881303 0.012138 0.884454 0.016106 0.885854 0.024510 0.886555 0.039916 0.885154 0.050887 0.881478 0.053455 0.881303 0.057423 0.879027 0.060691 0.878326 0.069328 0.873249 0.073763 0.869573 0.074463 0.864321 0.073296 0.853641 0.073996 0.837360 0.080999 0.802346 0.083800 0.794643 0.093371 0.775385 0.102708 0.765581 0.103408 0.758578 0.098973 0.758578 0.081232 0.764531 0.059991 0.769433 0.048086 0.769783 0.029412 0.768382 0.028478 0.770483 0.011204 0.791317 0.000000 0.806197
1 0.038982 0.653011 0.034781 0.653711 0.015173 0.655112 0.000000 0.654587 0.000000 0.776085 0.004902 0.775035 0.011204 0.771884 0.015873 0.770483 0.023343 0.765406 0.022876 0.761905 0.018207 0.752451 0.017040 0.746324 0.017274 0.737220 0.020775 0.720763 0.026611 0.703256 0.037582 0.679097 0.052054 0.659139 0.057656 0.652311 0.059757 0.650910 0.061158 0.647409 0.056956 0.647234 0.038982 0.653011
1 0.073996 0.859769 0.077031 0.873599 0.081466 0.884629 0.083800 0.887605 0.088702 0.890756 0.091970 0.892157 0.098506 0.893382 0.117414 0.894258 0.130719 0.892157 0.151261 0.884454 0.153128 0.883228 0.154528 0.880952 0.157330 0.862220 0.164799 0.839286 0.174136 0.816176 0.182306 0.799720 0.178105 0.799370 0.163399 0.802171 0.150093 0.802871 0.135387 0.799020 0.121148 0.789741 0.114379 0.782913 0.110177 0.775735 0.107610 0.765581 0.105742 0.763480 0.104575 0.763831 0.096172 0.772409 0.082400 0.799195 0.076097 0.827556 0.073996 0.846289 0.073996 0.859769
1 0.154762 0.901436 0.157330 0.915266 0.165266 0.925420 0.172502 0.930672 0.178805 0.932423 0.185574 0.933123 0.196078 0.933824 0.206816 0.933648 0.225257 0.929972 0.249066 0.919118 0.251867 0.914741 0.248366 0.897234 0.248833 0.882528 0.250233 0.872899 0.253968 0.858193 0.267974 0.824930 0.277544 0.809174 0.290383 0.793592 0.289683 0.791317 0.286181 0.790091 0.267274 0.797094 0.259104 0.798494 0.250934 0.798845 0.241597 0.797619 0.235061 0.795693 0.225257 0.790966 0.216620 0.784839 0.212652 0.783789 0.188142 0.795343 0.183007 0.800245 0.176704 0.812325 0.164799 0.841737 0.158263 0.862220 0.155229 0.883053 0.154762 0.901436
1 0.249066 0.897759 0.253035 0.914391 0.258170 0.922094 0.264939 0.929097 0.272642 0.933999 0.280812 0.936975 0.289449 0.938025 0.310691 0.937150 0.331232 0.930497 0.341036 0.925595 0.353175 0.918242 0.355742 0.913515 0.358077 0.900385 0.364846 0.877101 0.375817 0.852416 0.376517 0.848389 0.374183 0.847514 0.371615 0.847514 0.354809 0.848564 0.343838 0.846289 0.334500 0.843662 0.324463 0.838585 0.316993 0.833508 0.313025 0.829832 0.305089 0.817577 0.299486 0.800420 0.298786 0.789741 0.296685 0.788340 0.279879 0.807423 0.268908 0.824580 0.261204 0.841912 0.253968 0.861169 0.249300 0.882878 0.249066 0.897759
1 0.354575 0.940301 0.356209 0.956408 0.361811 0.974090 0.365313 0.980392 0.370915 0.987745 0.381419 0.995448 0.387488 0.997899 0.387955 0.999825 0.456583 0.999825 0.471755 0.988971 0.482026 0.978116 0.492297 0.962535 0.496265 0.953081 0.496965 0.945903 0.494398 0.936099 0.493931 0.925245 0.491830 0.910364 0.490896 0.876401 0.487628 0.874300 0.483193 0.874300 0.469188 0.876576 0.456349 0.875700 0.448646 0.873775 0.439076 0.869748 0.424603 0.856968 0.415966 0.845238 0.411298 0.835259 0.407796 0.834559 0.383287 0.844888 0.378151 0.849090 0.366013 0.876576 0.360177 0.897059 0.355042 0.921043 0.354575 0.940301
1 0.491597 0.883403 0.492297 0.904762 0.493464 0.918417 0.495331 0.924195 0.497899 0.952906 0.500700 0.963761 0.502334 0.966912 0.504902 0.979167 0.512605 0.999825 0.634687 0.999825 0.635154 0.994748 0.633754 0.984419 0.632820 0.961572 0.635154 0.947129 0.638889 0.932073 0.640756 0.918417 0.639589 0.917192 0.636788 0.916667 0.623249 0.921744 0.613445 0.922969 0.608777 0.922444 0.602007 0.920168 0.595238 0.916317 0.582633 0.905112 0.577731 0.897584 0.569328 0.877976 0.566760 0.862745 0.565359 0.859069 0.563025 0.830707 0.560924 0.825630 0.548319 0.840161 0.532540 0.853746 0.525444 0.858368 0.511671 0.865196 0.500000 0.869748 0.497432 0.872024 0.494398 0.873249 0.492297 0.877801 0.491597 0.883403
1 0.635154 0.983193 0.636555 0.994573 0.638189 0.999825 0.816293 0.999825 0.816293 0.998074 0.818394 0.994223 0.821662 0.975665 0.823996 0.932773 0.822596 0.917892 0.817460 0.899335 0.814659 0.892507 0.803455 0.876751 0.789916 0.862745 0.779645 0.855392 0.764472 0.848915 0.734127 0.842612 0.727358 0.842962 0.725490 0.843838 0.711718 0.858894 0.666667 0.897934 0.645892 0.913340 0.643557 0.918242 0.640523 0.928746 0.634454 0.962885 0.635154 0.983193
1 0.495565 0.651085 0.498133 0.664041 0.499066 0.674895 0.504435 0.692927 0.506769 0.696429 0.508637 0.702206 0.512372 0.709909 0.521242 0.721464 0.534547 0.735469 0.538515 0.738445 0.543884 0.741947 0.554622 0.746148 0.563259 0.747199 0.567927 0.746849 0.589869 0.742822 0.602241 0.735819 0.613912 0.727416 0.630952 0.711134 0.645425 0.692227 0.651727 0.678746 0.655462 0.661064 0.657796 0.640931 0.657796 0.628852 0.656629 0.620798 0.647759 0.585959 0.644258 0.578081 0.642390 0.576331 0.634220 0.563550 0.624883 0.553571 0.615780 0.545693 0.609711 0.542192 0.598973 0.538165 0.585201 0.536590 0.567460 0.536940 0.546685 0.541842 0.536181 0.549720 0.522176 0.562150 0.514006 0.570903 0.506536 0.580882 0.502801 0.591387 0.500467 0.601366 0.499300 0.624475 0.495798 0.647409 0.495565 0.651085
1 0.630019 0.556723 0.642857 0.574230 0.648693 0.586134 0.652894 0.599615 0.658730 0.626225 0.658730 0.644258 0.654528 0.675420 0.657796 0.676821 0.661064 0.676821 0.668768 0.673494 0.673903 0.672269 0.693277 0.671744 0.704015 0.674020 0.709384 0.676821 0.719888 0.680322 0.724090 0.680847 0.727358 0.679972 0.734594 0.675595 0.748599 0.663866 0.755135 0.657738 0.769374 0.641982 0.776144 0.631127 0.786648 0.609069 0.790383 0.593312 0.791783 0.583333 0.792017 0.562850 0.790850 0.546919 0.787582 0.529412 0.781979 0.515056 0.776144 0.503852 0.768908 0.497374 0.757470 0.490371 0.749066 0.486520 0.734594 0.482318 0.716387 0.481968 0.695612 0.485644 0.688842 0.488971 0.681139 0.495098 0.671569 0.504377 0.642624 0.526085 0.635621 0.536239 0.629318 0.552171 0.630019 0.556723
1 0.781979 0.512255 0.787815 0.527486 0.790850 0.540441 0.792717 0.556723 0.792951 0.579482 0.791783 0.592262 0.788049 0.607843 0.784547 0.617122 0.773810 0.636905 0.773109 0.640756 0.775210 0.642507 0.788515 0.645833 0.800420 0.649510 0.805789 0.651961 0.810691 0.653011 0.813959 0.652136 0.815826 0.650560 0.823063 0.647759 0.828198 0.644783 0.846405 0.630077 0.852474 0.621674 0.859244 0.615021 0.867414 0.601366 0.873716 0.588410 0.881186 0.560924 0.882353 0.549195 0.881186 0.532738 0.877684 0.522234 0.873950 0.514531 0.866480 0.502801 0.855275 0.493697 0.845705 0.489146 0.836835 0.486520 0.824930 0.484069 0.818161 0.483543 0.800187 0.484244 0.793651 0.488270 0.779178 0.501576 0.778245 0.505077 0.781979 0.512255
1 0.475490 0.265581 0.479692 0.267507 0.493231 0.270308 0.503035 0.273634 0.511438 0.278536 0.518908 0.285889 0.522176 0.287290 0.534547 0.275735 0.547152 0.265581 0.546452 0.262080 0.539683 0.261905 0.527544 0.259629 0.518207 0.256303 0.501167 0.246499 0.496499 0.242647 0.494865 0.240196 0.491363 0.238796 0.486928 0.244573 0.475724 0.263130 0.475490 0.265581
1 0.892624 0.135854 0.884454 0.149685 0.858543 0.182248 0.848973 0.196254 0.853641 0.197479 0.859244 0.196604 0.871771 0.196954 0.882120 0.199755 0.891690 0.205007 0.897526 0.209734 0.901261 0.208333 0.908497 0.198529 0.914332 0.185574 0.917600 0.171744 0.915733 0.153186 0.911998 0.141106 0.907563 0.133403 0.900093 0.126576 0.897292 0.124825 0.894491 0.126926 0.892624 0.135854
1 0.020775 0.765931 0.017040 0.769258 0.008637 0.773810 0.001867 0.776611 0.000000 0.776611 0.000000 0.805672 0.001634 0.805672 0.010271 0.792892 0.022409 0.779237 0.025444 0.774685 0.029645 0.772234 0.031513 0.769258 0.027077 0.765056 0.023109 0.763130 0.022409 0.761555 0.020775 0.765931