0 0.231559 0.186450 0.232960 0.194678 0.236461 0.209909 0.240430 0.219538 0.250700 0.234244 0.264239 0.249125 0.272176 0.255952 0.276377 0.258053 0.281746 0.262255 0.284547 0.266106 0.295752 0.275560 0.307190 0.288515 0.320728 0.300770 0.328198 0.304972 0.331466 0.307948 0.334734 0.308999 0.338702 0.312325 0.348506 0.316702 0.355742 0.316877 0.366013 0.314076 0.375584 0.309524 0.381886 0.304447 0.394491 0.290091 0.397759 0.282738 0.400560 0.279412 0.403361 0.262605 0.402428 0.237920 0.398693 0.223214 0.389589 0.201681 0.386088 0.189076 0.380252 0.175070 0.366713 0.150560 0.349907 0.131127 0.342437 0.125525 0.335434 0.121849 0.323529 0.117297 0.317460 0.113620 0.314426 0.112745 0.290850 0.113971 0.279645 0.116246 0.265406 0.122199 0.250700 0.133403 0.236695 0.153186 0.231326 0.171569 0.231559 0.186450
1 0.137722 0.258578 0.139122 0.272584 0.146359 0.290266 0.152661 0.299195 0.160831 0.307598 0.178805 0.321429 0.188842 0.327381 0.202381 0.337010 0.217320 0.345588 0.234127 0.356443 0.247432 0.363620 0.261905 0.368873 0.273109 0.369573 0.278945 0.370798 0.283147 0.370623 0.285714 0.369398 0.289683 0.369398 0.294818 0.367122 0.303688 0.360644 0.315359 0.345413 0.322829 0.328081 0.323763 0.319853 0.321895 0.305672 0.317694 0.298845 0.307656 0.290441 0.303922 0.285539 0.290616 0.271709 0.278245 0.262430 0.276144 0.258754 0.270775 0.255602 0.258403 0.244748 0.249300 0.234244 0.239496 0.220763 0.236928 0.214986 0.232726 0.211310 0.223856 0.207108 0.219888 0.206408 0.210784 0.203081 0.203782 0.201856 0.195145 0.201506 0.179272 0.203606 0.175070 0.204832 0.172035 0.206583 0.163399 0.209209 0.157796 0.212360 0.146825 0.221989 0.142157 0.230042 0.139356 0.237570 0.138189 0.244573 0.137722 0.258578
1 0.134220 0.345413 0.137021 0.348039 0.141690 0.349965 0.147059 0.353466 0.161298 0.357493 0.166900 0.359944 0.186508 0.372024 0.190476 0.375000 0.191410 0.376576 0.207750 0.388831 0.216853 0.397584 0.233660 0.411239 0.255135 0.426821 0.258403 0.427696 0.270308 0.427521 0.289683 0.424720 0.296919 0.422269 0.303688 0.418417 0.308357 0.413690 0.311858 0.411415 0.312558 0.409314 0.314192 0.407913 0.314893 0.404937 0.314192 0.395658 0.312092 0.390581 0.310691 0.388480 0.307190 0.386204 0.303688 0.377626 0.296685 0.368347 0.292717 0.368172 0.283147 0.370098 0.271475 0.369923 0.263772 0.369048 0.250000 0.364671 0.241130 0.360644 0.223623 0.350490 0.211251 0.341912 0.199346 0.335959 0.187675 0.327556 0.183707 0.325805 0.171569 0.317577 0.168301 0.316702 0.161298 0.318627 0.147759 0.324580 0.140289 0.330357 0.137021 0.335084 0.134687 0.341912 0.134220 0.345413
0 0.002334 0.394783 0.003968 0.403011 0.012838 0.413515 0.019141 0.418592 0.036881 0.429972 0.067694 0.446254 0.085901 0.453957 0.101541 0.459209 0.106209 0.461485 0.119048 0.464986 0.134454 0.468487 0.162932 0.472864 0.199113 0.474440 0.214052 0.472864 0.220121 0.471989 0.221522 0.470588 0.231092 0.468137 0.234127 0.467962 0.242764 0.465336 0.254202 0.457983 0.261438 0.449580 0.263305 0.446254 0.263305 0.442577 0.261905 0.438200 0.254435 0.426996 0.235761 0.413165 0.200514 0.383578 0.183707 0.370973 0.171335 0.362570 0.157563 0.356968 0.144958 0.352941 0.131186 0.346814 0.121849 0.344363 0.109244 0.341737 0.099440 0.340511 0.089636 0.339636 0.078431 0.340336 0.073996 0.339811 0.064426 0.341562 0.056723 0.341912 0.041783 0.346113 0.036648 0.347864 0.022876 0.354517 0.013772 0.360994 0.010971 0.364146 0.007003 0.371148 0.004435 0.376576 0.002801 0.383403 0.002334 0.394783
1 0.040616 0.494223 0.041317 0.505427 0.045518 0.517157 0.050187 0.524685 0.071662 0.540441 0.082400 0.544468 0.086835 0.547969 0.098506 0.552346 0.120215 0.557598 0.137021 0.557073 0.154528 0.555322 0.199813 0.549545 0.210084 0.547444 0.213585 0.546043 0.216620 0.545868 0.220822 0.544818 0.223623 0.543242 0.227591 0.543067 0.232726 0.541667 0.237395 0.539041 0.248366 0.536765 0.258403 0.533263 0.271008 0.526786 0.274510 0.522409 0.275910 0.518732 0.276144 0.508754 0.274043 0.502801 0.262372 0.487395 0.257703 0.484069 0.255135 0.480742 0.251634 0.479167 0.247666 0.475665 0.241130 0.471814 0.237162 0.470938 0.228291 0.470588 0.212418 0.474265 0.203782 0.474965 0.159197 0.472864 0.133053 0.468662 0.125817 0.466387 0.114146 0.464286 0.091737 0.457283 0.084734 0.456232 0.070728 0.460784 0.064893 0.463410 0.059991 0.467087 0.052988 0.473389 0.045518 0.482668 0.041550 0.490546 0.040616 0.494223
0 0.066760 0.612745 0.068861 0.619573 0.072596 0.627101 0.076797 0.631653 0.084967 0.637605 0.110644 0.648459 0.116947 0.649685 0.126284 0.652836 0.138189 0.653361 0.144024 0.654412 0.146825 0.653361 0.150560 0.653887 0.166900 0.653361 0.172035 0.652836 0.189309 0.648985 0.195845 0.646884 0.199580 0.646534 0.208450 0.642157 0.221522 0.638480 0.225957 0.635679 0.230859 0.634454 0.241830 0.629027 0.248133 0.627451 0.268908 0.618522 0.274276 0.615196 0.283380 0.611695 0.305322 0.600315 0.312092 0.594888 0.313492 0.591912 0.313725 0.587710 0.312792 0.584559 0.308590 0.578081 0.299953 0.570378 0.293417 0.566877 0.289916 0.564076 0.274743 0.557248 0.259104 0.552871 0.248366 0.550770 0.227358 0.550595 0.218021 0.552346 0.213352 0.551296 0.198880 0.551471 0.182540 0.552871 0.133754 0.559699 0.116246 0.564251 0.099440 0.570378 0.084034 0.577906 0.075864 0.584559 0.070962 0.591912 0.067460 0.599090 0.066060 0.604167 0.066760 0.612745
0 0.145425 0.718838 0.141690 0.727416 0.141690 0.730742 0.144024 0.737395 0.150093 0.744223 0.161765 0.753326 0.166200 0.755427 0.181839 0.760329 0.188842 0.761204 0.196779 0.761204 0.217787 0.759104 0.230859 0.754727 0.237862 0.754377 0.246032 0.751401 0.251401 0.750350 0.268908 0.742997 0.303688 0.721989 0.307423 0.717612 0.329365 0.697479 0.344071 0.685574 0.355042 0.672444 0.359594 0.663953 0.361578 0.661765 0.368114 0.644958 0.368581 0.640756 0.370915 0.633929 0.371382 0.626751 0.366713 0.620973 0.362745 0.619223 0.354342 0.617472 0.332633 0.616597 0.317227 0.617822 0.307656 0.620098 0.303688 0.619923 0.258637 0.630427 0.242063 0.637605 0.227358 0.641982 0.221755 0.645308 0.191877 0.659664 0.181139 0.666492 0.166900 0.677521 0.156396 0.687325 0.148693 0.697654 0.145892 0.699755 0.144725 0.703081 0.145425 0.718838
0 0.273109 0.796744 0.275444 0.803922 0.279178 0.810749 0.285481 0.820203 0.294351 0.828957 0.300420 0.833508 0.325163 0.839811 0.339169 0.840336 0.349206 0.839636 0.372782 0.834384 0.391690 0.825105 0.421802 0.803221 0.423903 0.800245 0.430205 0.794468 0.438375 0.782563 0.439776 0.778711 0.442577 0.776436 0.444211 0.771534 0.452848 0.754727 0.472222 0.705882 0.472222 0.695553 0.475023 0.682423 0.474556 0.675070 0.471522 0.668943 0.464052 0.661940 0.459150 0.660539 0.439776 0.657738 0.424837 0.657738 0.397526 0.662990 0.385154 0.666667 0.361345 0.677871 0.343838 0.687675 0.336835 0.692577 0.328665 0.699930 0.315359 0.713235 0.313725 0.715861 0.310224 0.718487 0.302754 0.728291 0.289216 0.752451 0.283847 0.758754 0.276844 0.772409 0.276611 0.776961 0.274276 0.783263 0.273343 0.789391 0.273109 0.796744
0 0.455415 0.810224 0.459851 0.830882 0.462418 0.836835 0.473156 0.854167 0.478525 0.860469 0.499066 0.875700 0.508403 0.879202 0.521475 0.879377 0.534547 0.878151 0.542951 0.875350 0.547152 0.875000 0.557890 0.871148 0.568161 0.865196 0.572596 0.859769 0.577965 0.849615 0.582866 0.842612 0.584500 0.838410 0.588936 0.809524 0.588936 0.795343 0.587535 0.786940 0.583333 0.775735 0.580065 0.758754 0.571895 0.737045 0.568161 0.729342 0.553922 0.709734 0.547152 0.703081 0.533147 0.692577 0.531746 0.689951 0.529412 0.689251 0.525910 0.690651 0.521242 0.688025 0.515406 0.685924 0.502801 0.683999 0.494631 0.684874 0.485061 0.689251 0.483660 0.693277 0.481793 0.694678 0.473856 0.706583 0.469655 0.716912 0.468254 0.724265 0.466620 0.727241 0.462185 0.755252 0.457750 0.772234 0.455415 0.786239 0.455415 0.810224
1 0.543651 0.696078 0.544585 0.699405 0.551354 0.705007 0.554388 0.709734 0.562092 0.718487 0.568627 0.728291 0.573063 0.736520 0.573996 0.740896 0.582400 0.762605 0.590103 0.795343 0.589869 0.809699 0.588235 0.824755 0.585901 0.831057 0.586368 0.836660 0.592204 0.840161 0.601774 0.841387 0.619748 0.842087 0.623249 0.838936 0.626517 0.838060 0.627918 0.835959 0.632586 0.832808 0.641223 0.824580 0.651961 0.802521 0.654995 0.792717 0.651727 0.786064 0.635387 0.766282 0.631419 0.757353 0.625350 0.748249 0.615780 0.724615 0.610644 0.690126 0.611345 0.682073 0.614613 0.675420 0.615079 0.671569 0.609944 0.666842 0.595705 0.661415 0.591270 0.661765 0.581933 0.659489 0.574697 0.660189 0.570495 0.661590 0.566527 0.661239 0.556723 0.664916 0.560458 0.668067 0.552988 0.674545 0.548319 0.685574 0.545752 0.689426 0.543651 0.696078
1 0.611345 0.690126 0.616246 0.724090 0.619514 0.734594 0.624650 0.743172 0.626517 0.749125 0.630252 0.754727 0.633520 0.762080 0.640523 0.772059 0.654295 0.788340 0.664566 0.797444 0.679038 0.807773 0.696312 0.816352 0.703081 0.816352 0.706816 0.815476 0.722222 0.809349 0.749767 0.800595 0.768908 0.796744 0.772876 0.794468 0.774276 0.791667 0.774743 0.781162 0.773343 0.773109 0.770775 0.768032 0.749767 0.753501 0.736928 0.742997 0.734360 0.739496 0.722222 0.729167 0.702381 0.705357 0.698179 0.696429 0.695145 0.692227 0.694678 0.689251 0.691877 0.683473 0.682540 0.675595 0.669001 0.668067 0.653828 0.663340 0.651027 0.661765 0.636321 0.661415 0.623483 0.666667 0.618814 0.669818 0.615313 0.674545 0.612045 0.682248 0.611345 0.690126
0 0.692577 0.669293 0.694678 0.685399 0.697712 0.692402 0.701214 0.696779 0.702614 0.701506 0.707983 0.709909 0.723156 0.728116 0.734827 0.738445 0.737628 0.741947 0.750233 0.752101 0.759570 0.757703 0.764939 0.762255 0.772642 0.766982 0.788282 0.774510 0.793184 0.777661 0.810924 0.784839 0.824230 0.788690 0.837768 0.790441 0.849440 0.790266 0.862278 0.789041 0.866713 0.787990 0.880019 0.780812 0.890990 0.771709 0.894258 0.766807 0.896825 0.759804 0.897759 0.751926 0.897292 0.744923 0.894958 0.735644 0.884921 0.716562 0.870915 0.700280 0.859244 0.689251 0.846405 0.680672 0.825397 0.669293 0.816993 0.665616 0.811158 0.660714 0.789683 0.649335 0.773343 0.642857 0.762372 0.640056 0.735061 0.637605 0.730392 0.636380 0.727824 0.637430 0.723623 0.637255 0.716620 0.638480 0.709617 0.640406 0.701447 0.646884 0.695845 0.653186 0.693511 0.657913 0.692810 0.662640 0.692577 0.669293
1 0.710551 0.610294 0.720822 0.626576 0.728758 0.633578 0.738095 0.637430 0.752334 0.638130 0.765640 0.639881 0.787115 0.647409 0.800187 0.653887 0.807190 0.658263 0.813025 0.660889 0.820962 0.666141 0.845938 0.679447 0.853408 0.683999 0.869514 0.697129 0.873016 0.698880 0.877218 0.698880 0.886788 0.700455 0.903361 0.700805 0.918301 0.700105 0.929272 0.697304 0.932306 0.695903 0.935574 0.695728 0.945612 0.690301 0.950980 0.686625 0.958217 0.678396 0.961251 0.671919 0.962185 0.667717 0.961251 0.654237 0.946779 0.633403 0.928338 0.621324 0.913632 0.614146 0.880019 0.602241 0.850140 0.595238 0.845005 0.595938 0.841970 0.594538 0.838002 0.595063 0.834967 0.594188 0.824230 0.593137 0.816993 0.591387 0.800187 0.589636 0.786648 0.589461 0.769608 0.587535 0.744631 0.586134 0.730626 0.587360 0.719888 0.590686 0.714519 0.594188 0.710551 0.598564 0.710084 0.600490 0.710551 0.610294
0 0.748133 0.534489 0.749767 0.542367 0.757703 0.554272 0.768441 0.563025 0.778711 0.569503 0.796919 0.576155 0.819795 0.580882 0.841737 0.582633 0.863445 0.582108 0.907796 0.577381 0.911298 0.575980 0.914799 0.575805 0.918768 0.574055 0.929038 0.572129 0.932306 0.570728 0.942577 0.568978 0.958217 0.563200 0.965453 0.559699 0.981326 0.547969 0.985061 0.542017 0.986461 0.536415 0.985761 0.528536 0.986461 0.512080 0.981559 0.501576 0.973623 0.491246 0.957516 0.479692 0.949113 0.475490 0.940943 0.472689 0.918534 0.467787 0.901727 0.466737 0.879785 0.466737 0.852007 0.471639 0.830065 0.480042 0.819328 0.485994 0.801587 0.498599 0.797386 0.500700 0.789916 0.504202 0.775444 0.508578 0.761204 0.514356 0.752334 0.521884 0.748599 0.529762 0.748133 0.534489
1 0.887021 0.362220 0.878385 0.371674 0.867414 0.380252 0.861111 0.383578 0.857376 0.386905 0.839169 0.398634 0.802054 0.418242 0.795985 0.422619 0.785714 0.427696 0.762605 0.442227 0.757937 0.444153 0.750934 0.444153 0.746032 0.446078 0.746265 0.449580 0.748366 0.450630 0.748833 0.453081 0.758403 0.458859 0.765406 0.460259 0.770775 0.461835 0.772642 0.463060 0.779178 0.464461 0.803688 0.464986 0.827965 0.463410 0.830999 0.462360 0.851774 0.459034 0.873716 0.452381 0.894024 0.444503 0.907563 0.437500 0.914566 0.432948 0.935808 0.417367 0.942344 0.408789 0.945845 0.400910 0.946078 0.387080 0.942577 0.379027 0.928805 0.366422 0.921102 0.362745 0.911298 0.359419 0.901261 0.357143 0.893791 0.356618 0.887021 0.362220
0 0.714286 0.397759 0.714986 0.404412 0.718021 0.413690 0.721522 0.418592 0.722923 0.422969 0.729692 0.432423 0.743464 0.442052 0.744631 0.443978 0.749066 0.443277 0.754669 0.444678 0.763305 0.441527 0.765873 0.439601 0.769608 0.438200 0.779412 0.431197 0.786648 0.426646 0.795285 0.422444 0.800187 0.418592 0.822129 0.408263 0.840103 0.397934 0.851307 0.390581 0.873016 0.375175 0.882820 0.366246 0.887955 0.358894 0.891923 0.355392 0.899393 0.341912 0.903361 0.328081 0.905229 0.317052 0.905229 0.307248 0.903361 0.300595 0.900794 0.296218 0.883053 0.279412 0.880252 0.275735 0.879085 0.272409 0.874650 0.269958 0.865079 0.267157 0.860177 0.266457 0.845238 0.266632 0.838235 0.267682 0.828198 0.270133 0.817927 0.273810 0.801120 0.282738 0.793884 0.287465 0.790616 0.288690 0.783847 0.294468 0.775210 0.299720 0.759570 0.312675 0.743464 0.328782 0.739496 0.336660 0.733894 0.341387 0.730859 0.345063 0.725023 0.355917 0.720822 0.365896 0.718021 0.369748 0.715686 0.376576 0.714753 0.383228 0.714286 0.397759
1 0.615313 0.337360 0.617880 0.345238 0.625350 0.352066 0.630252 0.354867 0.635621 0.356443 0.640289 0.359244 0.644024 0.358894 0.647059 0.359944 0.651027 0.360119 0.653595 0.360994 0.658497 0.360994 0.662698 0.362045 0.664099 0.364146 0.664799 0.369223 0.666200 0.366246 0.666433 0.362570 0.668301 0.361870 0.671802 0.361870 0.678805 0.359594 0.690009 0.354517 0.699580 0.351190 0.719888 0.335959 0.726190 0.332983 0.736928 0.321429 0.743464 0.315826 0.770542 0.281162 0.776144 0.272409 0.780812 0.259454 0.782680 0.251050 0.784314 0.234069 0.780812 0.225840 0.771008 0.216036 0.757937 0.208158 0.748366 0.204832 0.738329 0.204307 0.734360 0.202906 0.729225 0.202906 0.720121 0.203606 0.706583 0.207108 0.704949 0.209384 0.701681 0.220588 0.695145 0.231793 0.686741 0.248950 0.679505 0.258403 0.672736 0.269258 0.663165 0.281338 0.654995 0.288165 0.647993 0.291667 0.638422 0.293242 0.626284 0.293768 0.624183 0.294993 0.621382 0.300420 0.614613 0.328606 0.615313 0.337360
1 0.563025 0.234244 0.564426 0.240721 0.569561 0.255077 0.573296 0.261730 0.578665 0.269083 0.584967 0.275385 0.596172 0.284314 0.612512 0.291667 0.623016 0.293592 0.626751 0.292892 0.637955 0.293067 0.644725 0.292367 0.648459 0.291141 0.657096 0.286064 0.661064 0.283088 0.669701 0.271359 0.672502 0.268908 0.686275 0.248424 0.700980 0.220938 0.704715 0.207983 0.706349 0.196429 0.706116 0.188725 0.702614 0.172094 0.701214 0.168067 0.695612 0.158263 0.686275 0.146359 0.678105 0.140231 0.672035 0.136905 0.657796 0.131828 0.644258 0.129027 0.633520 0.129027 0.627684 0.130602 0.623249 0.130602 0.607143 0.133578 0.602007 0.138831 0.597806 0.141807 0.594771 0.142857 0.580299 0.154237 0.575163 0.161415 0.573996 0.165441 0.571662 0.168067 0.572129 0.182598 0.571195 0.204307 0.566760 0.221639 0.563259 0.230742 0.563025 0.234244
0 0.432773 0.202731 0.438142 0.228466 0.445612 0.250175 0.451681 0.262080 0.460317 0.275210 0.465920 0.281338 0.474556 0.287990 0.477124 0.288866 0.488329 0.289391 0.497432 0.288340 0.512838 0.283789 0.524743 0.276611 0.541317 0.261730 0.548319 0.252276 0.561158 0.231618 0.565826 0.220763 0.568861 0.210784 0.570728 0.190651 0.569561 0.168242 0.566760 0.154412 0.563259 0.148459 0.559290 0.137080 0.554622 0.129027 0.548553 0.123249 0.540616 0.117472 0.536648 0.115371 0.526144 0.112045 0.501634 0.110119 0.491363 0.111695 0.479225 0.115021 0.470588 0.119223 0.461951 0.126050 0.458217 0.129552 0.449580 0.140581 0.445145 0.147234 0.437675 0.161765 0.432773 0.177696 0.432773 0.202731
1 0.375117 0.164916 0.382120 0.177871 0.398459 0.220588 0.400794 0.230392 0.402661 0.234594 0.404295 0.250350 0.403828 0.265756 0.400327 0.279937 0.392390 0.294118 0.379785 0.307073 0.379318 0.310574 0.395892 0.324230 0.398459 0.327906 0.396125 0.331583 0.397759 0.331758 0.401494 0.330357 0.415966 0.334734 0.420401 0.339286 0.421802 0.339811 0.424603 0.335434 0.432073 0.334034 0.444444 0.328957 0.446078 0.327381 0.449113 0.326331 0.455415 0.320903 0.458450 0.319503 0.466620 0.310749 0.467320 0.307073 0.468487 0.306548 0.469655 0.300420 0.472689 0.293768 0.472456 0.288690 0.471522 0.286064 0.462185 0.278361 0.455649 0.269783 0.444444 0.249300 0.440943 0.241071 0.436508 0.226716 0.431606 0.203081 0.432073 0.187150 0.431139 0.179097 0.429972 0.176296 0.416667 0.166667 0.401027 0.162640 0.394958 0.162465 0.383520 0.160539 0.376984 0.162290 0.375584 0.163690 0.375117 0.164916
1 0.323996 0.314776 0.324930 0.317577 0.324697 0.324755 0.323063 0.331583 0.314659 0.348389 0.302988 0.363095 0.304622 0.366422 0.306723 0.368172 0.321429 0.376751 0.331466 0.380252 0.334967 0.380602 0.341503 0.379902 0.348739 0.378151 0.361811 0.373074 0.373249 0.364496 0.375117 0.363796 0.382820 0.352591 0.389589 0.338585 0.392390 0.324580 0.389356 0.319328 0.379552 0.311450 0.376517 0.310749 0.372782 0.311800 0.365079 0.315476 0.359244 0.317227 0.350607 0.317577 0.341737 0.314951 0.327965 0.306022 0.324463 0.304797 0.323763 0.305672 0.323996 0.314776
1 0.306256 0.379727 0.308590 0.382003 0.312792 0.388655 0.316760 0.400910 0.316527 0.404412 0.315826 0.407738 0.313492 0.411940 0.309057 0.416141 0.300187 0.421218 0.296685 0.424195 0.293417 0.425245 0.296218 0.426821 0.299486 0.430672 0.314659 0.443102 0.331466 0.453081 0.343371 0.453957 0.352474 0.452206 0.360411 0.448529 0.371615 0.438025 0.380252 0.425945 0.384220 0.417192 0.386788 0.405112 0.387488 0.393732 0.385621 0.383578 0.380719 0.369748 0.376517 0.365371 0.373249 0.365546 0.366480 0.370973 0.359244 0.374825 0.345238 0.379552 0.337302 0.380602 0.331232 0.380427 0.321429 0.377276 0.315126 0.374475 0.307423 0.369573 0.304155 0.370448 0.302521 0.372549 0.306256 0.379727
1 0.238329 0.470413 0.249066 0.475840 0.255369 0.480042 0.262372 0.486169 0.272409 0.498074 0.275910 0.498599 0.279645 0.498599 0.284314 0.497199 0.293184 0.496324 0.300187 0.494048 0.303688 0.494223 0.313492 0.490021 0.319328 0.486695 0.325163 0.481793 0.327264 0.477591 0.327965 0.472339 0.324930 0.460609 0.321429 0.457458 0.319561 0.450630 0.316760 0.446954 0.302988 0.434874 0.292951 0.428221 0.289683 0.426821 0.276377 0.428221 0.260971 0.428746 0.261905 0.435574 0.264939 0.442752 0.264939 0.446254 0.263072 0.449755 0.255836 0.457633 0.249533 0.462185 0.240430 0.466912 0.238796 0.469188 0.238329 0.470413
1 0.273810 0.505427 0.276144 0.512780 0.276377 0.518908 0.274276 0.524160 0.271475 0.526786 0.266106 0.530287 0.256769 0.534314 0.216853 0.546394 0.213819 0.549720 0.211485 0.550245 0.219888 0.550595 0.224323 0.549545 0.239262 0.549370 0.256069 0.551120 0.261905 0.552346 0.282913 0.559874 0.291317 0.564951 0.296685 0.567227 0.300187 0.567227 0.310691 0.562150 0.313025 0.560574 0.315126 0.556723 0.321429 0.554272 0.328198 0.548319 0.332400 0.542892 0.337768 0.533088 0.338235 0.515406 0.332633 0.507353 0.329132 0.504552 0.323763 0.501751 0.310691 0.499125 0.295985 0.498249 0.285714 0.500875 0.279412 0.500700 0.275677 0.501926 0.273810 0.505427
1 0.331466 0.508929 0.337535 0.511730 0.338235 0.513831 0.337768 0.532563 0.335901 0.537815 0.331466 0.543242 0.330999 0.547094 0.327965 0.548669 0.323763 0.553922 0.324463 0.554797 0.329482 0.554972 0.334967 0.558648 0.345705 0.557773 0.362745 0.552171 0.366013 0.550770 0.370448 0.547444 0.373483 0.543417 0.374650 0.540266 0.374883 0.536239 0.373483 0.529937 0.370682 0.526261 0.354108 0.514706 0.345238 0.510154 0.343371 0.509979 0.338702 0.507703 0.332400 0.506653 0.331466 0.506828 0.331232 0.508053 0.331466 0.508929
1 0.387255 0.397234 0.387955 0.401786 0.385854 0.414041 0.382353 0.422794 0.374183 0.436450 0.363445 0.446254 0.361578 0.449580 0.369981 0.460434 0.374883 0.462710 0.385854 0.466036 0.390289 0.468838 0.397292 0.471113 0.405229 0.471289 0.407796 0.472339 0.409664 0.470413 0.412465 0.470063 0.418301 0.471464 0.421569 0.470588 0.429038 0.464986 0.434641 0.456583 0.435808 0.453081 0.435808 0.432248 0.433473 0.425420 0.427171 0.411765 0.425303 0.410189 0.405462 0.403011 0.390756 0.392857 0.389122 0.393557 0.387955 0.395483 0.387255 0.397234
1 0.378385 0.363270 0.379552 0.366246 0.382353 0.369748 0.389356 0.390056 0.404295 0.401611 0.418301 0.407738 0.424370 0.408964 0.428571 0.410714 0.435574 0.408613 0.450047 0.397584 0.458217 0.387430 0.463585 0.370448 0.463119 0.362745 0.460084 0.359944 0.453081 0.361520 0.448413 0.364496 0.436508 0.368522 0.428338 0.372199 0.414799 0.373775 0.408964 0.373074 0.403828 0.370273 0.401027 0.366246 0.393791 0.351891 0.392390 0.345588 0.392857 0.341912 0.390756 0.340861 0.381419 0.357493 0.379318 0.359769 0.378385 0.363270
1 0.390523 0.342962 0.396825 0.359244 0.400327 0.362920 0.402661 0.369573 0.408030 0.373074 0.413399 0.373775 0.424837 0.372724 0.428805 0.371849 0.445145 0.365721 0.460084 0.358718 0.462885 0.356618 0.466387 0.351015 0.477358 0.341211 0.486228 0.330007 0.488562 0.324755 0.487862 0.321078 0.481559 0.311099 0.478058 0.303922 0.477358 0.299720 0.473856 0.297444 0.470355 0.300245 0.468254 0.304972 0.458450 0.317752 0.448413 0.326155 0.440243 0.330357 0.428805 0.334209 0.419701 0.335084 0.413632 0.334034 0.406863 0.331758 0.402894 0.330007 0.400794 0.327906 0.397292 0.327031 0.395425 0.328081 0.391223 0.338936 0.390523 0.342962
1 0.477358 0.295868 0.480392 0.307073 0.493464 0.327731 0.500000 0.332458 0.504902 0.334384 0.519141 0.337710 0.529879 0.338235 0.543184 0.336310 0.553221 0.331583 0.564893 0.324405 0.572129 0.318102 0.585668 0.303746 0.589869 0.297269 0.594304 0.286239 0.593371 0.282913 0.586835 0.278536 0.573529 0.263831 0.565826 0.249650 0.562558 0.237395 0.560691 0.234244 0.553221 0.244398 0.545985 0.257003 0.534314 0.269433 0.523810 0.277661 0.516807 0.282388 0.503501 0.287465 0.498133 0.289041 0.480626 0.290091 0.477358 0.292192 0.477358 0.295868
1 0.546452 0.349090 0.549486 0.360469 0.557190 0.373599 0.570495 0.388130 0.578665 0.394083 0.587535 0.398810 0.605509 0.402661 0.611345 0.402661 0.616013 0.401961 0.617647 0.401085 0.623249 0.396884 0.637021 0.382703 0.646125 0.369923 0.650093 0.362745 0.644491 0.360294 0.636788 0.359244 0.626751 0.353992 0.618114 0.346814 0.614613 0.339811 0.613912 0.328431 0.620215 0.300770 0.622316 0.296919 0.621615 0.295343 0.617880 0.293242 0.607843 0.290791 0.598973 0.286590 0.595472 0.286239 0.586835 0.303396 0.577731 0.312150 0.575397 0.315651 0.558357 0.329307 0.547619 0.334734 0.545518 0.337360 0.546452 0.349090
1 0.583100 0.421919 0.584734 0.425245 0.589869 0.428746 0.598739 0.431197 0.606443 0.431197 0.626050 0.428571 0.645892 0.422269 0.668768 0.411239 0.672035 0.407913 0.663866 0.394433 0.661531 0.387255 0.660831 0.374300 0.661998 0.366246 0.661064 0.362920 0.658030 0.362045 0.654062 0.362220 0.651027 0.363796 0.639122 0.380427 0.621849 0.398810 0.615079 0.402486 0.611345 0.403011 0.605976 0.402836 0.588002 0.399160 0.585201 0.401261 0.583567 0.411064 0.583100 0.421919
1 0.465219 0.355742 0.465219 0.363270 0.468021 0.373074 0.479225 0.388831 0.484127 0.394433 0.486461 0.396183 0.494398 0.399160 0.501401 0.400560 0.508637 0.400735 0.519141 0.398284 0.531513 0.393908 0.542717 0.387955 0.546685 0.384979 0.554622 0.376401 0.555322 0.372899 0.548319 0.360644 0.544585 0.345413 0.544818 0.342087 0.542951 0.338060 0.538982 0.337535 0.523343 0.338936 0.519141 0.338410 0.501867 0.333859 0.496732 0.331232 0.490896 0.326681 0.488095 0.328957 0.486461 0.332283 0.476424 0.344363 0.466853 0.352241 0.465219 0.355742
1 0.508637 0.408088 0.510971 0.414741 0.518441 0.425420 0.521942 0.429097 0.531046 0.435749 0.543184 0.443102 0.565359 0.447829 0.574463 0.447129 0.586835 0.443978 0.596172 0.435749 0.598039 0.431898 0.588235 0.428221 0.584500 0.425245 0.582633 0.421744 0.584267 0.404237 0.585434 0.401085 0.583800 0.397759 0.570728 0.388831 0.557190 0.375350 0.545285 0.386730 0.531979 0.393908 0.517507 0.399335 0.510037 0.400910 0.508870 0.402486 0.508637 0.408088
1 0.458917 0.386555 0.450047 0.398459 0.436741 0.408438 0.430906 0.410364 0.429505 0.411590 0.432073 0.419118 0.439542 0.431723 0.447246 0.436800 0.455415 0.440651 0.460084 0.442227 0.466387 0.443102 0.473856 0.446078 0.477358 0.446604 0.487395 0.443452 0.491830 0.440476 0.502334 0.431898 0.507470 0.424195 0.511671 0.421569 0.505369 0.402661 0.493931 0.399860 0.484827 0.395658 0.471989 0.380427 0.470355 0.376401 0.468721 0.375000 0.466853 0.371324 0.464519 0.371849 0.458917 0.386555
1 0.411765 0.477241 0.414566 0.478992 0.415266 0.480567 0.424370 0.485469 0.432306 0.488445 0.445845 0.491947 0.456816 0.491772 0.463352 0.490021 0.466853 0.489846 0.475724 0.478641 0.477824 0.474090 0.479225 0.459734 0.477124 0.449580 0.470588 0.445203 0.463352 0.443102 0.457049 0.442227 0.446312 0.436800 0.439076 0.434874 0.437208 0.439076 0.437208 0.447129 0.435574 0.455182 0.430439 0.464286 0.426937 0.467787 0.421802 0.471289 0.415500 0.472514 0.412698 0.473739 0.411765 0.477241
1 0.607376 0.445728 0.611111 0.458508 0.617414 0.467787 0.621615 0.470588 0.632820 0.472164 0.644258 0.472164 0.658497 0.475315 0.671335 0.471289 0.680439 0.464811 0.684641 0.460259 0.676004 0.451506 0.670168 0.441702 0.669468 0.427871 0.673903 0.417017 0.674837 0.415616 0.676937 0.414916 0.674603 0.411415 0.672035 0.410539 0.667834 0.412640 0.661064 0.414741 0.645425 0.422794 0.626984 0.428396 0.611111 0.431022 0.607376 0.432248 0.605976 0.434699 0.607376 0.445728
1 0.655696 0.507353 0.657796 0.514006 0.660598 0.516632 0.671569 0.521884 0.676004 0.522234 0.679272 0.523810 0.685574 0.525210 0.697712 0.526261 0.702848 0.528711 0.721989 0.524160 0.728058 0.521884 0.730159 0.519783 0.729225 0.513655 0.729692 0.508053 0.735994 0.494223 0.759337 0.471814 0.766340 0.466737 0.767040 0.463410 0.763072 0.461310 0.756069 0.459034 0.741130 0.450630 0.736228 0.453256 0.727124 0.456232 0.714753 0.458508 0.709617 0.460259 0.699113 0.461485 0.689076 0.461660 0.680439 0.467262 0.665500 0.480567 0.661298 0.487045 0.655696 0.502451 0.655696 0.507353
1 0.684407 0.557248 0.688375 0.564251 0.694211 0.571078 0.703081 0.579132 0.706349 0.580182 0.714986 0.573354 0.723623 0.570203 0.733894 0.569153 0.743231 0.569328 0.751634 0.568277 0.769141 0.567577 0.768908 0.564251 0.757703 0.555847 0.750000 0.544818 0.747432 0.539216 0.746032 0.532038 0.737628 0.525385 0.733894 0.523634 0.730859 0.523284 0.712652 0.527136 0.700980 0.531863 0.695845 0.534664 0.687908 0.540791 0.685808 0.543417 0.684174 0.549195 0.684407 0.557248
1 0.655462 0.585259 0.654295 0.589811 0.651494 0.591912 0.669701 0.611345 0.671802 0.611695 0.683473 0.600665 0.692344 0.597339 0.701447 0.596464 0.704015 0.595413 0.704715 0.581583 0.701447 0.577381 0.693744 0.570378 0.689076 0.566352 0.685808 0.564601 0.678571 0.565651 0.666667 0.569678 0.660831 0.575280 0.655462 0.585259
1 0.524510 0.627276 0.525677 0.632878 0.528711 0.638480 0.531979 0.641982 0.535714 0.645308 0.542951 0.649685 0.546919 0.650735 0.550420 0.652661 0.561158 0.655287 0.569795 0.652311 0.574463 0.648810 0.579832 0.646359 0.588235 0.644433 0.595238 0.644258 0.609244 0.634454 0.628151 0.628326 0.640523 0.628501 0.643557 0.627626 0.646359 0.619573 0.644958 0.613971 0.641923 0.609244 0.637722 0.604867 0.631419 0.601015 0.626751 0.599440 0.623249 0.599090 0.610644 0.603466 0.592904 0.606618 0.584967 0.606443 0.577264 0.604342 0.566993 0.603817 0.559290 0.605742 0.545985 0.605742 0.534314 0.606968 0.532446 0.607493 0.528011 0.611695 0.524743 0.619748 0.524510 0.627276
1 0.368581 0.619573 0.370682 0.620798 0.374650 0.622024 0.390523 0.624125 0.402194 0.628501 0.404528 0.630777 0.415266 0.625875 0.422035 0.618522 0.426237 0.610819 0.426237 0.605217 0.421802 0.597164 0.408730 0.589811 0.394258 0.584734 0.375817 0.583508 0.373016 0.584559 0.374883 0.596113 0.373249 0.602416 0.368114 0.613445 0.368581 0.619573
1 0.307190 0.577906 0.312325 0.583158 0.313725 0.587885 0.313725 0.591912 0.309991 0.597514 0.305322 0.600840 0.300420 0.602766 0.292017 0.607843 0.273576 0.616246 0.271008 0.618172 0.264472 0.620448 0.251401 0.627801 0.248133 0.627976 0.243231 0.629902 0.242063 0.631653 0.234827 0.633578 0.235761 0.635154 0.237862 0.635679 0.244865 0.634454 0.249066 0.632003 0.255135 0.629902 0.258403 0.629727 0.260738 0.628326 0.271475 0.626751 0.275910 0.625000 0.286648 0.623599 0.304155 0.619398 0.326564 0.616246 0.345705 0.616246 0.355976 0.616947 0.362745 0.618172 0.365780 0.617122 0.365546 0.612745 0.368581 0.609419 0.373483 0.598739 0.373716 0.596113 0.373716 0.591036 0.371849 0.585084 0.366013 0.580357 0.359244 0.576856 0.348973 0.573704 0.341503 0.572654 0.338469 0.571078 0.324463 0.571078 0.321195 0.572479 0.311858 0.573179 0.306256 0.574580 0.307190 0.577906
1 0.318627 0.559874 0.316760 0.564251 0.319795 0.564251 0.355742 0.574230 0.362979 0.576506 0.366246 0.578256 0.370915 0.578431 0.380019 0.575805 0.398226 0.568452 0.404295 0.563375 0.407330 0.561975 0.413399 0.553922 0.413399 0.552346 0.413165 0.550420 0.410364 0.546394 0.404995 0.541842 0.400794 0.534489 0.393791 0.531162 0.380252 0.526611 0.378385 0.526611 0.375117 0.527486 0.373016 0.529412 0.375350 0.536239 0.375350 0.540091 0.372782 0.545168 0.370215 0.548144 0.364146 0.551646 0.347106 0.558123 0.335434 0.560574 0.332633 0.559349 0.331466 0.557248 0.328198 0.557248 0.326097 0.553922 0.324930 0.553396 0.322362 0.556197 0.318394 0.557248 0.318627 0.559874
1 0.362979 0.661239 0.363445 0.663690 0.369748 0.670868 0.377451 0.669468 0.386555 0.665441 0.395892 0.662465 0.411298 0.658964 0.419468 0.657913 0.428805 0.654412 0.426937 0.653361 0.422269 0.643908 0.417134 0.639181 0.404062 0.632703 0.400794 0.632003 0.388889 0.631828 0.384687 0.630252 0.383520 0.628676 0.382120 0.631828 0.379552 0.633578 0.377451 0.634454 0.373249 0.634629 0.363912 0.657738 0.362979 0.661239
1 0.467087 0.661239 0.467320 0.664741 0.472689 0.669643 0.475257 0.674545 0.475957 0.678396 0.473156 0.691527 0.473856 0.703431 0.480859 0.695903 0.482026 0.692577 0.484827 0.689426 0.495331 0.683999 0.502801 0.683473 0.512138 0.684524 0.525910 0.689951 0.529178 0.690826 0.532913 0.690301 0.532446 0.685574 0.523576 0.669643 0.513772 0.661064 0.506303 0.655987 0.498366 0.653536 0.483427 0.653711 0.477824 0.655112 0.468954 0.659839 0.467087 0.661239
1 0.466853 0.661415 0.467320 0.664741 0.469421 0.665966 0.472923 0.669993 0.475023 0.673845 0.475957 0.678046 0.473389 0.691001 0.473856 0.702731 0.477358 0.700105 0.478525 0.697654 0.480626 0.696078 0.482493 0.691702 0.485061 0.689251 0.495331 0.683999 0.503268 0.683473 0.512372 0.684524 0.525910 0.689951 0.529178 0.690826 0.532913 0.690301 0.532446 0.685574 0.523343 0.669293 0.513772 0.660889 0.507236 0.656338 0.498366 0.653536 0.482726 0.653711 0.478291 0.654937 0.468721 0.660014 0.466853 0.661415
1 0.407563 0.820903 0.410598 0.822829 0.411531 0.824405 0.421102 0.828606 0.439076 0.832283 0.449113 0.832983 0.452848 0.833859 0.456583 0.833859 0.457983 0.832983 0.458683 0.828081 0.455882 0.817927 0.454482 0.807948 0.454015 0.792367 0.455182 0.782038 0.460084 0.759979 0.460551 0.752101 0.462185 0.745273 0.461018 0.738270 0.459851 0.738445 0.458683 0.742822 0.452848 0.754727 0.451914 0.758929 0.445845 0.769958 0.443978 0.775560 0.436275 0.788165 0.422736 0.803922 0.408730 0.814426 0.406396 0.817227 0.407563 0.820903
1 0.467087 0.664741 0.469421 0.665791 0.471522 0.668067 0.475490 0.676471 0.475490 0.682598 0.472923 0.692227 0.473856 0.704132 0.477591 0.700630 0.485761 0.688725 0.496265 0.683824 0.502801 0.683298 0.511671 0.684349 0.515406 0.686450 0.523576 0.689251 0.532913 0.691352 0.532913 0.687675 0.526844 0.673845 0.521475 0.666842 0.513305 0.659664 0.512138 0.656688 0.512838 0.655112 0.512138 0.652311 0.509104 0.654587 0.507003 0.654937 0.498599 0.653011 0.477358 0.652836 0.470588 0.658613 0.465453 0.661239 0.467087 0.664741
1 0.320962 0.454132 0.323996 0.456933 0.327264 0.463060 0.329132 0.470413 0.328431 0.476716 0.324930 0.482318 0.315826 0.489496 0.310924 0.491947 0.299486 0.494748 0.312325 0.498424 0.327965 0.501751 0.338469 0.501751 0.348506 0.499300 0.359477 0.493873 0.367414 0.487920 0.370215 0.484419 0.371382 0.478466 0.371382 0.470763 0.370215 0.464461 0.368114 0.460084 0.362045 0.452731 0.359477 0.450980 0.352241 0.452206 0.345472 0.454482 0.341270 0.454832 0.335201 0.453957 0.330299 0.452381 0.324463 0.449230 0.320728 0.448529 0.319795 0.449405 0.320962 0.454132
1 0.370448 0.467262 0.371849 0.473915 0.371849 0.478817 0.370915 0.482493 0.368347 0.486870 0.360411 0.493172 0.353641 0.497199 0.339636 0.502101 0.340103 0.505077 0.344538 0.508754 0.352474 0.512955 0.363212 0.520483 0.369981 0.523810 0.372549 0.524510 0.377684 0.524510 0.387021 0.523109 0.400093 0.516457 0.407330 0.513831 0.409430 0.510154 0.411298 0.503852 0.411064 0.490896 0.408497 0.479167 0.406162 0.475840 0.402194 0.472864 0.397759 0.472164 0.388655 0.469188 0.385621 0.466912 0.380019 0.465336 0.373950 0.464811 0.371148 0.465511 0.370448 0.467262
1 0.659897 0.661239 0.661298 0.663690 0.669234 0.667192 0.681979 0.674300 0.689776 0.679797 0.692110 0.678046 0.691176 0.668943 0.692110 0.658088 0.694444 0.652661 0.697246 0.648985 0.704248 0.641632 0.712885 0.638305 0.721055 0.637080 0.724090 0.635679 0.725957 0.633578 0.720121 0.628151 0.714052 0.625700 0.709617 0.626050 0.706116 0.625000 0.698179 0.624650 0.692344 0.625000 0.679505 0.627626 0.667367 0.632178 0.661531 0.637080 0.659197 0.649860 0.659897 0.661239
1 0.587768 0.657738 0.589169 0.660714 0.595005 0.661940 0.616013 0.669818 0.626517 0.664391 0.634921 0.661415 0.647993 0.661064 0.657796 0.663165 0.658964 0.661415 0.658497 0.653887 0.659897 0.636905 0.654062 0.632528 0.643557 0.629027 0.635154 0.628326 0.623249 0.629377 0.612745 0.632703 0.602007 0.639006 0.596405 0.643908 0.589636 0.652661 0.587768 0.657738
1 0.525444 0.671919 0.531513 0.683298 0.534781 0.692577 0.539683 0.696254 0.543184 0.696078 0.552988 0.675595 0.557423 0.671043 0.561858 0.668417 0.563025 0.665266 0.562558 0.663340 0.560691 0.661064 0.556956 0.660889 0.536648 0.664741 0.532213 0.667717 0.525677 0.668417 0.525444 0.671919
1 0.407563 0.634104 0.416667 0.638480 0.422736 0.644433 0.426004 0.650560 0.425070 0.653361 0.423436 0.654412 0.425303 0.655287 0.435574 0.655637 0.448880 0.651261 0.459384 0.649335 0.461718 0.647584 0.460784 0.640231 0.457049 0.633578 0.449580 0.627276 0.442810 0.624650 0.434874 0.623775 0.418301 0.625700 0.409897 0.630077 0.407796 0.632528 0.407563 0.634104
1 0.467087 0.647584 0.476657 0.650735 0.480392 0.653011 0.499300 0.652836 0.505369 0.654062 0.511671 0.651261 0.515640 0.651085 0.519608 0.652486 0.525910 0.653011 0.526844 0.651085 0.525910 0.646884 0.523576 0.643032 0.520308 0.640056 0.515406 0.636730 0.504902 0.633228 0.497199 0.633228 0.487862 0.635329 0.475490 0.639706 0.469888 0.643908 0.467087 0.647584
1 0.479692 0.449755 0.480626 0.451681 0.485761 0.459384 0.494631 0.466387 0.498133 0.466211 0.501401 0.465161 0.506536 0.465511 0.514706 0.468838 0.522176 0.473564 0.526144 0.474615 0.531279 0.472514 0.537582 0.465161 0.542017 0.458333 0.546452 0.446078 0.531513 0.436625 0.521942 0.429272 0.515406 0.422794 0.511905 0.422794 0.507236 0.425770 0.503268 0.431548 0.498366 0.436099 0.489963 0.442227 0.482260 0.446078 0.480159 0.448354 0.479692 0.449755
1 0.704949 0.595238 0.706583 0.596814 0.709851 0.597864 0.713119 0.594888 0.721755 0.590336 0.732960 0.586835 0.753035 0.586485 0.772409 0.587185 0.782913 0.588936 0.793651 0.589111 0.807423 0.590336 0.810458 0.591211 0.814192 0.591036 0.817227 0.592087 0.827264 0.592612 0.838002 0.594363 0.855742 0.595238 0.857610 0.596989 0.862745 0.597864 0.869748 0.600315 0.873950 0.600665 0.882586 0.603641 0.897993 0.607493 0.901494 0.609244 0.905462 0.610119 0.909897 0.612745 0.915966 0.614671 0.917834 0.616246 0.928338 0.619923 0.929272 0.619748 0.930672 0.616422 0.928338 0.605742 0.922035 0.598389 0.912698 0.591387 0.899627 0.584384 0.894491 0.582458 0.888655 0.581408 0.881186 0.581408 0.849673 0.583859 0.845705 0.583158 0.841503 0.583683 0.838936 0.582983 0.826797 0.582633 0.806956 0.579657 0.792250 0.576155 0.790149 0.574755 0.772876 0.567927 0.768908 0.567052 0.730626 0.569503 0.721055 0.570903 0.716387 0.573004 0.709617 0.578081 0.704949 0.584384 0.704949 0.595238
1 0.730859 0.519258 0.741363 0.527486 0.744631 0.529237 0.747666 0.528887 0.752101 0.521359 0.760738 0.513831 0.768207 0.510329 0.782913 0.506303 0.794585 0.501576 0.800187 0.498599 0.812325 0.489846 0.822829 0.483368 0.840803 0.474965 0.852007 0.470938 0.876517 0.466562 0.887488 0.466211 0.890756 0.465511 0.893791 0.466562 0.915500 0.466912 0.915966 0.463060 0.911531 0.456933 0.909430 0.455532 0.906629 0.445553 0.903595 0.443277 0.901027 0.442577 0.897292 0.443277 0.886088 0.448179 0.871849 0.452906 0.865313 0.456057 0.831699 0.463060 0.809290 0.465161 0.782446 0.464811 0.772176 0.463761 0.768207 0.465336 0.758637 0.472689 0.750000 0.481793 0.744398 0.485819 0.736228 0.494923 0.730159 0.508403 0.730859 0.519258
1 0.663866 0.379902 0.662932 0.381127 0.662932 0.384629 0.664799 0.394083 0.668067 0.400560 0.670635 0.402661 0.674136 0.408613 0.685808 0.417717 0.694911 0.423494 0.699580 0.424720 0.705882 0.425245 0.720355 0.424895 0.721522 0.421394 0.720355 0.418242 0.718021 0.415791 0.716387 0.411064 0.713119 0.393732 0.717087 0.372899 0.722923 0.358894 0.729925 0.346289 0.739963 0.334734 0.743464 0.327206 0.751634 0.320553 0.757470 0.313550 0.768908 0.305497 0.775677 0.299370 0.779412 0.297619 0.783380 0.294468 0.786881 0.289566 0.782680 0.286940 0.775910 0.284314 0.768441 0.285014 0.761905 0.291842 0.756769 0.299720 0.750000 0.307248 0.748366 0.310924 0.743231 0.317752 0.738095 0.321254 0.732026 0.329482 0.726424 0.333333 0.717320 0.338060 0.703315 0.348739 0.677171 0.360119 0.668534 0.362745 0.666900 0.369748 0.663165 0.376751 0.663866 0.379902
1 0.669701 0.431548 0.670868 0.443627 0.674837 0.449755 0.681839 0.457108 0.689076 0.460609 0.700280 0.460784 0.709851 0.459734 0.716387 0.457633 0.724556 0.456408 0.740430 0.451681 0.742764 0.450280 0.742530 0.446604 0.740430 0.442752 0.726190 0.429622 0.723856 0.426120 0.720588 0.424370 0.717554 0.425070 0.708917 0.425070 0.699346 0.424370 0.696312 0.423494 0.688609 0.419468 0.675303 0.410364 0.673903 0.411415 0.673203 0.418768 0.670868 0.425070 0.669701 0.431548
1 0.670401 0.625175 0.671802 0.628326 0.673436 0.628676 0.699813 0.624125 0.713819 0.625525 0.716387 0.623599 0.710084 0.612745 0.707983 0.598915 0.703081 0.595938 0.689776 0.598389 0.682540 0.601891 0.678338 0.605392 0.672269 0.612395 0.670168 0.618873 0.670401 0.625175
1 0.644258 0.626751 0.645191 0.629902 0.651727 0.632353 0.658030 0.637080 0.661298 0.637605 0.662932 0.635154 0.670635 0.630252 0.672502 0.627976 0.678571 0.626576 0.676937 0.626926 0.670868 0.625175 0.669935 0.617472 0.668301 0.615196 0.663399 0.616597 0.651494 0.618172 0.647292 0.620448 0.644258 0.626751
1 0.590803 0.441176 0.586835 0.443978 0.566060 0.449580 0.569094 0.463410 0.572129 0.471814 0.573063 0.473739 0.576797 0.475665 0.581933 0.475140 0.595938 0.470763 0.602007 0.470063 0.617180 0.470413 0.616713 0.466562 0.611811 0.459384 0.607843 0.449580 0.605042 0.433473 0.602941 0.432073 0.598739 0.432773 0.590803 0.441176
1 0.562558 0.661415 0.566760 0.662115 0.586368 0.659489 0.588002 0.658263 0.590570 0.652486 0.594771 0.647409 0.594304 0.644783 0.591270 0.644258 0.585668 0.644958 0.577965 0.647059 0.564893 0.654412 0.562558 0.657213 0.562558 0.661415
1 0.437908 0.654587 0.440476 0.656863 0.443044 0.657913 0.466387 0.660714 0.470355 0.659664 0.478525 0.654412 0.478291 0.651085 0.477124 0.650560 0.473389 0.650210 0.469421 0.651261 0.464986 0.649860 0.452848 0.650560 0.441643 0.653186 0.437908 0.654587
1 0.372549 0.581583 0.373483 0.582283 0.393791 0.584384 0.401961 0.586835 0.411298 0.590511 0.417834 0.594188 0.421102 0.594888 0.422969 0.594013 0.424603 0.591737 0.430205 0.587185 0.435574 0.585259 0.441176 0.581583 0.443277 0.578081 0.442577 0.576856 0.435107 0.572654 0.428805 0.567227 0.421802 0.555847 0.414799 0.550245 0.406863 0.561800 0.399393 0.567227 0.382120 0.575280 0.372782 0.577906 0.372549 0.581583
1 0.500467 0.654412 0.503968 0.655287 0.515873 0.662290 0.525910 0.671394 0.530812 0.668417 0.532680 0.668067 0.537115 0.664916 0.530812 0.656513 0.525910 0.652486 0.521942 0.652311 0.515640 0.650560 0.510037 0.650210 0.503501 0.651085 0.500700 0.653887 0.500467 0.654412
1 0.410364 0.487570 0.411298 0.501926 0.408730 0.509804 0.404995 0.514356 0.400327 0.517157 0.392857 0.520658 0.385387 0.522584 0.386321 0.525910 0.389122 0.528011 0.400794 0.532563 0.402428 0.530112 0.405696 0.527836 0.414799 0.524510 0.443744 0.518732 0.445612 0.516106 0.445612 0.509279 0.447012 0.504902 0.451681 0.498249 0.449113 0.495273 0.445145 0.492997 0.429739 0.488445 0.411298 0.480742 0.410831 0.481443 0.410364 0.487570