0 0.343317 0.609274 0.346090 0.613745 0.346090 0.624246 0.344981 0.627365 0.346367 0.636515 0.348863 0.641921 0.352745 0.645664 0.356351 0.651071 0.353855 0.654398 0.353855 0.657933 0.357460 0.671449 0.359124 0.674153 0.363283 0.676232 0.367720 0.680183 0.370216 0.687669 0.373267 0.690372 0.370494 0.706592 0.372989 0.714910 0.383527 0.736328 0.388796 0.743398 0.389906 0.747973 0.395175 0.751092 0.402662 0.763984 0.403771 0.768351 0.410982 0.776877 0.433167 0.790809 0.442873 0.792057 0.445923 0.793720 0.457016 0.794760 0.463394 0.796423 0.477260 0.796423 0.489462 0.792265 0.498059 0.791641 0.501664 0.792472 0.507488 0.791641 0.517194 0.789769 0.523295 0.787066 0.532446 0.782075 0.535219 0.779580 0.543261 0.775629 0.551026 0.769183 0.557404 0.765440 0.566278 0.755874 0.572657 0.751716 0.579312 0.742150 0.585136 0.738199 0.593733 0.726554 0.596783 0.723851 0.600388 0.715741 0.602884 0.713662 0.603439 0.709711 0.608985 0.699730 0.609817 0.688293 0.611204 0.683718 0.612867 0.682262 0.611481 0.679143 0.616195 0.671865 0.617027 0.668330 0.616195 0.663963 0.613145 0.661260 0.617027 0.654814 0.617582 0.651071 0.623128 0.646496 0.624515 0.642545 0.626733 0.640674 0.627011 0.636099 0.630061 0.633188 0.632002 0.627989 0.634775 0.612809 0.634498 0.604700 0.636994 0.600333 0.637826 0.596382 0.640599 0.592431 0.640044 0.589104 0.643927 0.578915 0.644759 0.569141 0.645313 0.546475 0.644204 0.521938 0.638935 0.506134 0.636994 0.494489 0.632834 0.481181 0.627011 0.470784 0.613145 0.456436 0.605935 0.452485 0.602329 0.449158 0.596229 0.447078 0.588186 0.442504 0.570993 0.436473 0.567665 0.434602 0.556572 0.432522 0.539379 0.431483 0.533001 0.429819 0.519135 0.428571 0.491681 0.428987 0.477815 0.432522 0.449529 0.443543 0.431226 0.452901 0.425679 0.458931 0.414309 0.466417 0.407377 0.472240 0.399057 0.481181 0.386578 0.498440 0.366057 0.530464 0.360233 0.543148 0.354132 0.560616 0.351082 0.578291 0.348863 0.581410 0.354409 0.584945 0.352468 0.596382 0.349695 0.601164 0.348031 0.601580 0.345258 0.600333 0.343594 0.607403 0.343317 0.609274
1 0.624237 0.459971 0.633389 0.470368 0.633389 0.473903 0.638103 0.484092 0.644481 0.503639 0.648364 0.525057 0.648087 0.533999 0.649473 0.540237 0.651414 0.543148 0.650582 0.548971 0.652801 0.557496 0.659734 0.566230 0.661398 0.571221 0.663894 0.574548 0.674709 0.584737 0.705768 0.604907 0.716306 0.614473 0.720189 0.616344 0.723794 0.616968 0.737382 0.625286 0.747920 0.630277 0.766778 0.637555 0.778702 0.640258 0.802829 0.642129 0.819468 0.641298 0.827787 0.639634 0.836384 0.635267 0.845535 0.629029 0.855241 0.625494 0.876317 0.612601 0.885191 0.604492 0.895452 0.597422 0.945923 0.554793 0.948419 0.551466 0.960344 0.542940 0.966722 0.533583 0.977815 0.526305 0.983084 0.518611 0.987243 0.514660 0.990017 0.507798 0.995008 0.501560 0.997227 0.492410 0.999723 0.490123 0.999723 0.345186 0.997781 0.344978 0.996672 0.342275 0.990571 0.334789 0.983638 0.328759 0.973932 0.317530 0.961176 0.308172 0.948419 0.300062 0.914864 0.286338 0.910982 0.286338 0.887133 0.278852 0.863561 0.275317 0.846090 0.274069 0.825568 0.274069 0.797005 0.280932 0.792568 0.280724 0.789240 0.281555 0.774542 0.286130 0.744592 0.299023 0.722407 0.313163 0.711592 0.322312 0.702718 0.327511 0.688297 0.341235 0.685801 0.345186 0.674154 0.355791 0.667776 0.365565 0.660566 0.374090 0.637271 0.414639 0.636162 0.419006 0.632002 0.425244 0.628397 0.436057 0.627565 0.442296 0.623683 0.452485 0.624237 0.459971
1 0.000000 0.000000 0.000000 0.164899 0.001387 0.164899 0.002496 0.166147 0.004992 0.175296 0.008597 0.178000 0.011647 0.182990 0.038824 0.207528 0.042984 0.208983 0.046312 0.212726 0.050194 0.215221 0.055186 0.215845 0.056572 0.218964 0.056018 0.220420 0.057127 0.221252 0.067942 0.227698 0.074321 0.230401 0.080422 0.234976 0.090682 0.239967 0.100666 0.245997 0.108153 0.251820 0.112867 0.253483 0.117582 0.256394 0.132834 0.262633 0.139767 0.264504 0.148918 0.268247 0.150860 0.269911 0.173600 0.277812 0.238214 0.306717 0.240433 0.308380 0.287299 0.322936 0.290904 0.325639 0.306988 0.331254 0.338325 0.339364 0.355796 0.341859 0.359678 0.341235 0.362174 0.342483 0.375763 0.343523 0.398502 0.343523 0.404603 0.343938 0.408209 0.345394 0.411259 0.343731 0.427898 0.342275 0.432612 0.340195 0.435663 0.339988 0.438713 0.337284 0.442596 0.336452 0.455630 0.328135 0.470327 0.312747 0.484193 0.292161 0.487521 0.282803 0.492512 0.275733 0.496395 0.265960 0.501664 0.246205 0.501664 0.240383 0.504437 0.233313 0.504437 0.216469 0.490017 0.164691 0.484193 0.148888 0.477815 0.133500 0.460899 0.105843 0.450915 0.093159 0.442041 0.084633 0.434831 0.075276 0.425679 0.067374 0.420688 0.061343 0.414032 0.056977 0.406545 0.048659 0.396007 0.041173 0.390460 0.035558 0.382141 0.031607 0.352745 0.010189 0.348863 0.008110 0.346644 0.008942 0.335275 0.000000 0.000000 0.000000
1 0.027177 0.440008 0.030227 0.456436 0.036051 0.477646 0.040211 0.482637 0.042152 0.491162 0.063783 0.530048 0.067110 0.533999 0.077371 0.542524 0.090405 0.545436 0.129784 0.547099 0.156683 0.543980 0.189129 0.542732 0.207987 0.537118 0.255130 0.519235 0.257626 0.515908 0.266500 0.512373 0.297837 0.491162 0.322241 0.470992 0.335275 0.457684 0.342485 0.449574 0.352745 0.435226 0.358292 0.425452 0.362451 0.414847 0.363561 0.406737 0.363283 0.393013 0.364947 0.384072 0.364947 0.348721 0.359124 0.344978 0.338602 0.342899 0.321409 0.338324 0.317526 0.336245 0.233500 0.306509 0.220189 0.298815 0.211592 0.296943 0.206045 0.293616 0.192457 0.288002 0.181642 0.284467 0.178869 0.282595 0.168331 0.278436 0.141986 0.269287 0.136717 0.266376 0.128674 0.264712 0.123128 0.262425 0.112590 0.261177 0.098724 0.265336 0.080144 0.275733 0.073766 0.281763 0.066833 0.286338 0.050471 0.305469 0.042707 0.320857 0.040211 0.327927 0.039101 0.338532 0.037160 0.341859 0.036051 0.370139 0.034664 0.378873 0.030505 0.390102 0.027454 0.420878 0.027177 0.440008
1 0.370494 0.375130 0.369939 0.393845 0.368830 0.399667 0.369662 0.403826 0.369662 0.425660 0.376317 0.456436 0.379922 0.459347 0.383527 0.470368 0.390460 0.477438 0.397393 0.478062 0.399612 0.474735 0.405713 0.469536 0.416251 0.461219 0.418747 0.460179 0.423738 0.454772 0.430116 0.450405 0.439823 0.446455 0.449251 0.441256 0.476428 0.430443 0.491126 0.427116 0.503882 0.425868 0.519689 0.425868 0.561009 0.430651 0.573211 0.433562 0.582085 0.437513 0.595397 0.441672 0.597892 0.443751 0.607044 0.447494 0.609262 0.449366 0.616473 0.449574 0.618136 0.441880 0.623128 0.436889 0.625069 0.428779 0.628952 0.421501 0.641708 0.398628 0.661952 0.366188 0.663894 0.359534 0.663616 0.355583 0.665280 0.352256 0.665003 0.343523 0.666667 0.333749 0.665280 0.317114 0.660288 0.300686 0.661675 0.296527 0.659734 0.293408 0.657793 0.292368 0.653356 0.291953 0.650028 0.292576 0.632557 0.288002 0.585968 0.270534 0.581253 0.266583 0.570715 0.261385 0.555186 0.250156 0.535496 0.232481 0.533001 0.228530 0.525790 0.222499 0.523849 0.222499 0.519967 0.225203 0.518857 0.227698 0.513866 0.228738 0.508597 0.233520 0.508042 0.241630 0.510815 0.244334 0.503605 0.251404 0.499723 0.265544 0.492512 0.282803 0.474764 0.311083 0.458680 0.330006 0.444814 0.339364 0.438991 0.342275 0.428730 0.345394 0.418747 0.346850 0.400998 0.347889 0.386023 0.347473 0.380200 0.348929 0.376595 0.352048 0.374931 0.355583 0.375763 0.359742 0.372989 0.367436 0.369662 0.372427 0.370494 0.375130
1 0.188297 0.995841 0.190238 0.998129 0.190238 0.999792 0.615918 0.999792 0.615918 0.998129 0.619523 0.996673 0.620910 0.993970 0.626179 0.974007 0.626733 0.960699 0.627842 0.958411 0.630061 0.956956 0.630893 0.952589 0.629506 0.949886 0.612313 0.863589 0.612313 0.859014 0.613699 0.856519 0.614254 0.841963 0.612590 0.839260 0.609540 0.828031 0.604825 0.821169 0.595397 0.813059 0.576816 0.800166 0.557127 0.791849 0.541043 0.787482 0.533001 0.788314 0.529395 0.790393 0.515252 0.793096 0.508597 0.796007 0.503605 0.796631 0.497227 0.796007 0.478647 0.798919 0.462562 0.799127 0.445923 0.797463 0.442873 0.795800 0.437881 0.795592 0.425679 0.791641 0.418192 0.786026 0.407654 0.784571 0.400998 0.785402 0.393511 0.788106 0.379922 0.790809 0.355241 0.800374 0.324182 0.816594 0.300333 0.833645 0.291459 0.841755 0.283417 0.854440 0.265668 0.870451 0.245424 0.898732 0.234886 0.911416 0.230727 0.920150 0.223239 0.930963 0.194953 0.977750 0.188575 0.991266 0.188297 0.995841
1 0.165280 0.703265 0.168053 0.720524 0.171658 0.731545 0.181919 0.749012 0.198003 0.769183 0.205768 0.783323 0.213256 0.800374 0.217138 0.803909 0.230449 0.811811 0.251803 0.817842 0.270383 0.820961 0.284803 0.822000 0.310593 0.819713 0.316972 0.817426 0.328342 0.810979 0.333056 0.807236 0.341930 0.802662 0.353300 0.798295 0.358014 0.795592 0.374099 0.789769 0.376595 0.788106 0.390460 0.783531 0.395175 0.782907 0.397948 0.779996 0.401276 0.779164 0.403771 0.777085 0.404326 0.776045 0.400721 0.773342 0.394343 0.758994 0.389074 0.751716 0.385469 0.748388 0.371048 0.716989 0.367720 0.708047 0.367166 0.702849 0.363283 0.692660 0.363006 0.689125 0.359678 0.681431 0.355519 0.675400 0.350250 0.661260 0.342207 0.631524 0.341098 0.603868 0.343594 0.593886 0.344149 0.585361 0.347476 0.574548 0.349972 0.560408 0.353577 0.553130 0.356628 0.543564 0.363283 0.530464 0.363838 0.525889 0.368552 0.519651 0.370216 0.515492 0.376595 0.508838 0.390460 0.488043 0.390183 0.483468 0.379090 0.471200 0.372712 0.460803 0.369662 0.458515 0.366057 0.457060 0.355519 0.456644 0.345535 0.459763 0.341653 0.459347 0.338602 0.460803 0.330006 0.469744 0.323073 0.474111 0.292568 0.499480 0.257072 0.521730 0.224348 0.535038 0.206877 0.540861 0.201331 0.541901 0.195785 0.545644 0.191070 0.554585 0.178591 0.591807 0.176650 0.605947 0.174986 0.609274 0.175541 0.611562 0.173322 0.624454 0.169994 0.637347 0.165557 0.674153 0.165280 0.703265
1 0.847199 0.763776 0.850250 0.803701 0.855241 0.824496 0.867443 0.840299 0.879645 0.850281 0.893788 0.857767 0.907654 0.862133 0.914864 0.862965 0.935385 0.867956 0.955907 0.869619 0.968386 0.869204 0.991126 0.865876 0.999723 0.863173 0.999723 0.528592 0.998059 0.528592 0.981974 0.535038 0.974210 0.541069 0.963394 0.546059 0.956461 0.550842 0.953411 0.554377 0.925402 0.578083 0.922352 0.582242 0.910427 0.591599 0.900721 0.603244 0.897116 0.609066 0.887410 0.631316 0.885191 0.640258 0.880754 0.651279 0.862729 0.685797 0.858014 0.692452 0.853855 0.702641 0.849972 0.727386 0.847199 0.763776
1 0.624792 0.996049 0.625624 0.999792 0.999723 0.999792 0.999723 0.942192 0.997504 0.940320 0.995286 0.935538 0.991958 0.932834 0.988075 0.927636 0.962562 0.907881 0.929285 0.883344 0.887410 0.857559 0.852468 0.844042 0.827787 0.839468 0.793955 0.838012 0.771769 0.839676 0.754853 0.843003 0.742374 0.846746 0.732945 0.850281 0.718802 0.857559 0.716306 0.859638 0.715197 0.864213 0.708541 0.870659 0.705214 0.871491 0.700222 0.874402 0.690516 0.881264 0.684138 0.887295 0.677205 0.889582 0.663339 0.898939 0.654187 0.911416 0.647255 0.923061 0.634498 0.953005 0.625347 0.991058 0.624792 0.996049
1 0.461453 0.073196 0.460621 0.078811 0.462008 0.092327 0.463672 0.095446 0.465890 0.105843 0.470327 0.114785 0.473655 0.118320 0.484470 0.136827 0.484748 0.140570 0.488353 0.144937 0.492235 0.158037 0.496395 0.164691 0.497227 0.168226 0.499723 0.171137 0.511925 0.196922 0.516084 0.200457 0.522463 0.209815 0.528841 0.216261 0.531337 0.220420 0.537715 0.226242 0.543816 0.234144 0.552135 0.240591 0.567388 0.255147 0.580422 0.263464 0.606212 0.276981 0.650860 0.288418 0.668331 0.289457 0.671104 0.290289 0.709928 0.286546 0.726844 0.283427 0.731004 0.281140 0.743206 0.279476 0.748752 0.275525 0.751803 0.274485 0.765391 0.264296 0.772324 0.257850 0.775929 0.256186 0.784248 0.249948 0.786190 0.247037 0.798669 0.237679 0.801165 0.234352 0.812535 0.224163 0.815585 0.219796 0.827232 0.210023 0.830283 0.204616 0.840821 0.195051 0.841653 0.190684 0.848586 0.181535 0.853855 0.169890 0.861065 0.146808 0.864947 0.128509 0.866334 0.113745 0.866334 0.091703 0.858292 0.057184 0.852745 0.043044 0.848031 0.035558 0.838880 0.014764 0.829728 0.000000 0.479201 0.000000 0.478647 0.003535 0.475319 0.008526 0.468941 0.022666 0.467554 0.032023 0.464781 0.040133 0.464226 0.047619 0.462562 0.051362 0.460899 0.063839 0.461453 0.073196
1 0.061564 0.552922 0.057682 0.564982 0.050194 0.577251 0.043539 0.591183 0.034110 0.603452 0.025790 0.610730 0.018580 0.618840 0.008042 0.627573 0.000000 0.632148 0.000000 0.774589 0.005546 0.774797 0.015252 0.772926 0.034387 0.764816 0.060455 0.756914 0.088464 0.741526 0.109540 0.726554 0.133666 0.706800 0.144204 0.696195 0.158347 0.679143 0.161398 0.672905 0.170272 0.620295 0.171658 0.606363 0.176373 0.591183 0.178314 0.579954 0.182196 0.571429 0.182196 0.564566 0.186079 0.557496 0.185524 0.551050 0.182474 0.548763 0.173045 0.547515 0.162230 0.547515 0.134221 0.549595 0.083749 0.548347 0.074875 0.545852 0.067665 0.540029 0.064060 0.540653 0.061564 0.552922
1 0.000000 0.402994 0.000000 0.629861 0.004992 0.627781 0.016084 0.619464 0.036051 0.598877 0.044648 0.585985 0.057127 0.560823 0.059900 0.550634 0.061287 0.538158 0.061009 0.532543 0.057682 0.524017 0.049085 0.510293 0.043261 0.498648 0.038270 0.491578 0.032169 0.477646 0.022740 0.441256 0.019412 0.432522 0.001387 0.402994 0.000000 0.402994
1 0.580422 0.789769 0.584859 0.800166 0.607876 0.818673 0.618136 0.833229 0.619800 0.838012 0.623405 0.842587 0.625347 0.848201 0.630616 0.856103 0.633943 0.866292 0.639490 0.876897 0.642263 0.880225 0.645036 0.894365 0.648918 0.904554 0.648918 0.907257 0.650860 0.907881 0.654465 0.906633 0.663339 0.895612 0.674154 0.887087 0.675541 0.883344 0.670826 0.878145 0.670272 0.872531 0.671104 0.869412 0.678591 0.863797 0.683860 0.862133 0.688852 0.859014 0.694121 0.857559 0.696894 0.855479 0.712978 0.855063 0.729617 0.848201 0.747643 0.844042 0.758735 0.840299 0.779534 0.836349 0.797282 0.835933 0.821686 0.837180 0.838602 0.840299 0.845258 0.840715 0.851636 0.842795 0.859401 0.842171 0.859124 0.837180 0.853023 0.824704 0.851082 0.818465 0.845813 0.780828 0.845258 0.756498 0.849972 0.703057 0.845535 0.698898 0.839712 0.695363 0.817249 0.683718 0.803661 0.680183 0.787576 0.678935 0.779811 0.675608 0.775929 0.672697 0.762063 0.669162 0.747643 0.668954 0.734054 0.670202 0.709096 0.675816 0.705768 0.675608 0.699390 0.677064 0.669994 0.692452 0.661675 0.699522 0.653633 0.704304 0.646700 0.710959 0.643095 0.712830 0.630338 0.716365 0.625069 0.721772 0.622019 0.723227 0.619800 0.726762 0.615641 0.729258 0.613145 0.733417 0.607876 0.737575 0.595397 0.751508 0.594287 0.754419 0.589850 0.758578 0.584581 0.776045 0.582363 0.779372 0.582917 0.783115 0.580699 0.786026 0.580422 0.789769
1 0.872989 0.077771 0.872989 0.088792 0.874931 0.097525 0.879922 0.104388 0.883250 0.114369 0.897393 0.141609 0.901276 0.145352 0.909318 0.149719 0.914864 0.157205 0.925402 0.163028 0.935385 0.166979 0.945369 0.168642 0.976983 0.167187 0.994454 0.163236 0.999723 0.160948 0.999723 0.000000 0.894620 0.000000 0.882141 0.037014 0.874931 0.063631 0.872989 0.077771