0 0.302028 0.330843 0.299182 0.344184 0.299893 0.363927 0.302383 0.370598 0.309854 0.383404 0.313412 0.386873 0.339381 0.405550 0.351121 0.411953 0.368552 0.419424 0.379580 0.423426 0.394522 0.426628 0.425471 0.428495 0.431875 0.427428 0.442547 0.423426 0.448951 0.418623 0.461046 0.406617 0.465671 0.399947 0.468517 0.390608 0.468161 0.377801 0.456777 0.351654 0.445749 0.336980 0.434365 0.326841 0.421914 0.319904 0.397367 0.311900 0.368196 0.305763 0.348630 0.303629 0.327997 0.305229 0.312700 0.310032 0.303451 0.315902 0.299893 0.323639 0.302028 0.330843
0 0.300249 0.172359 0.304518 0.205977 0.308075 0.220384 0.314123 0.235326 0.330843 0.265742 0.356101 0.292956 0.363572 0.297225 0.366062 0.300961 0.374244 0.304963 0.415866 0.315635 0.432942 0.322572 0.442547 0.322572 0.457133 0.319637 0.480968 0.309498 0.485237 0.306297 0.489506 0.300160 0.496620 0.280683 0.495909 0.265742 0.488083 0.244664 0.475631 0.216916 0.464603 0.201174 0.453931 0.188100 0.419068 0.153415 0.394522 0.133938 0.367485 0.118463 0.359303 0.115261 0.350053 0.113394 0.334045 0.112860 0.324084 0.114194 0.317325 0.119264 0.304874 0.145411 0.300605 0.160886 0.300249 0.172359
0 0.662398 0.292956 0.664888 0.299893 0.664176 0.305763 0.658129 0.321772 0.657773 0.338314 0.660975 0.346852 0.677339 0.367129 0.698684 0.381804 0.716115 0.387940 0.726432 0.389808 0.738883 0.390342 0.748132 0.389007 0.768766 0.381804 0.777659 0.376201 0.794379 0.360726 0.798648 0.348986 0.801138 0.336179 0.802206 0.320438 0.800783 0.314568 0.797225 0.304696 0.789043 0.294023 0.775525 0.285486 0.748132 0.273746 0.730345 0.269744 0.705799 0.266542 0.688367 0.266809 0.675560 0.270544 0.666311 0.275880 0.662042 0.282017 0.662398 0.292956
0 0.096407 0.578442 0.100320 0.592316 0.114194 0.612593 0.125934 0.620064 0.142298 0.623266 0.154038 0.624600 0.170758 0.624867 0.175027 0.626201 0.178228 0.625133 0.196371 0.624066 0.211668 0.624867 0.237994 0.615795 0.269299 0.595518 0.283885 0.580043 0.291000 0.566969 0.299538 0.541355 0.302383 0.521612 0.302383 0.501067 0.298826 0.484258 0.291355 0.466649 0.287442 0.460779 0.276414 0.452241 0.266809 0.449306 0.255069 0.449840 0.240484 0.448239 0.217005 0.447972 0.202063 0.450107 0.193170 0.453042 0.147990 0.479989 0.136606 0.487994 0.126645 0.498132 0.117752 0.508271 0.108502 0.522412 0.099964 0.542956 0.099253 0.552028 0.097118 0.558698 0.096407 0.578442
0 0.248666 0.663554 0.250445 0.669424 0.254714 0.677161 0.266453 0.689434 0.278549 0.697972 0.284240 0.703842 0.299893 0.713981 0.320882 0.722785 0.339025 0.728922 0.361793 0.732924 0.375311 0.732657 0.400213 0.729189 0.418001 0.722785 0.425116 0.716649 0.430452 0.709979 0.431519 0.705977 0.422625 0.674760 0.414443 0.661953 0.409107 0.657150 0.392031 0.647279 0.373177 0.640342 0.369619 0.640075 0.353255 0.634739 0.332978 0.626467 0.327641 0.624867 0.303806 0.623266 0.282106 0.625400 0.270722 0.629402 0.257204 0.639007 0.251156 0.646745 0.249022 0.651547 0.248666 0.663554
0 0.423337 0.612060 0.423693 0.622999 0.430808 0.643810 0.434721 0.660886 0.443970 0.680630 0.449662 0.688367 0.457844 0.692102 0.467094 0.694504 0.477054 0.695304 0.484525 0.694504 0.498043 0.688100 0.509427 0.679829 0.520811 0.666222 0.526859 0.651814 0.531128 0.634472 0.531483 0.616062 0.527570 0.595784 0.523301 0.585112 0.512629 0.570704 0.502668 0.563234 0.491284 0.558698 0.478477 0.558431 0.459267 0.561633 0.447172 0.565902 0.435432 0.576307 0.427606 0.589114 0.425471 0.595251 0.423337 0.612060
0 0.564924 0.543490 0.569192 0.566169 0.569192 0.585646 0.573461 0.597385 0.577730 0.604055 0.590181 0.616862 0.606190 0.628869 0.618997 0.634739 0.632871 0.637940 0.654927 0.637940 0.663821 0.635806 0.671647 0.631537 0.679829 0.624867 0.689434 0.612327 0.690502 0.606457 0.689434 0.590982 0.684098 0.577641 0.674493 0.564034 0.655283 0.541089 0.643187 0.531483 0.629313 0.523479 0.620776 0.520277 0.602277 0.515742 0.585557 0.517076 0.574529 0.521612 0.569192 0.526414 0.565991 0.534685 0.564924 0.543490
0 0.443614 0.730256 0.445749 0.737193 0.452864 0.747332 0.464248 0.755069 0.494130 0.764408 0.510139 0.764674 0.536108 0.768943 0.551049 0.768677 0.570260 0.765208 0.578086 0.765475 0.598719 0.763340 0.605834 0.759605 0.619353 0.756403 0.630025 0.751067 0.638919 0.742529 0.642832 0.737460 0.645678 0.727855 0.643899 0.713714 0.641409 0.707044 0.637496 0.701708 0.622910 0.688634 0.609036 0.684098 0.589114 0.679562 0.577019 0.679029 0.560655 0.679829 0.547492 0.682231 0.528637 0.688901 0.491284 0.698506 0.475276 0.704376 0.463536 0.706777 0.450018 0.713180 0.443970 0.723052 0.443614 0.730256
0 0.618285 0.796692 0.623266 0.809765 0.633582 0.819904 0.647101 0.826574 0.669157 0.830843 0.699751 0.825507 0.716827 0.820438 0.723942 0.819370 0.764497 0.801227 0.789755 0.786820 0.800783 0.777215 0.810744 0.764941 0.813945 0.755336 0.815012 0.743063 0.813234 0.734258 0.805052 0.723586 0.796869 0.717449 0.783351 0.713180 0.776236 0.712380 0.755247 0.711846 0.745642 0.713714 0.714692 0.714248 0.683387 0.721451 0.663109 0.729189 0.643543 0.741996 0.637496 0.748132 0.625400 0.765475 0.620420 0.776147 0.618285 0.786019 0.618285 0.796692
1 0.309143 0.790288 0.311989 0.796958 0.321594 0.804429 0.327286 0.807364 0.339025 0.811633 0.345073 0.812700 0.360014 0.812967 0.377090 0.811099 0.387762 0.808164 0.401281 0.806830 0.421914 0.802828 0.435788 0.799093 0.445749 0.793757 0.451085 0.792156 0.471007 0.776948 0.477410 0.768943 0.478122 0.762006 0.459623 0.755069 0.451441 0.748666 0.444326 0.737994 0.440413 0.726788 0.436855 0.725987 0.432586 0.726788 0.415155 0.726521 0.404482 0.729989 0.379936 0.732924 0.364283 0.736126 0.338314 0.747599 0.327641 0.754269 0.316613 0.764141 0.311989 0.772145 0.309498 0.783618 0.309143 0.790288
0 0.183565 0.839114 0.184988 0.844184 0.188545 0.849787 0.194948 0.855390 0.216293 0.867396 0.233725 0.871932 0.237638 0.874066 0.261829 0.876734 0.286375 0.875133 0.304162 0.871131 0.320882 0.865795 0.324084 0.865795 0.331555 0.861526 0.333333 0.858324 0.335824 0.848719 0.335824 0.840982 0.332978 0.830576 0.323017 0.817236 0.315190 0.809765 0.303095 0.801761 0.289932 0.797225 0.274280 0.794290 0.256848 0.792956 0.236571 0.792689 0.220206 0.794824 0.209178 0.798826 0.197083 0.806830 0.184988 0.821238 0.183565 0.827108 0.183565 0.839114
0 0.065457 0.157684 0.068303 0.166222 0.084667 0.192636 0.090359 0.199840 0.098541 0.207311 0.113127 0.217182 0.127357 0.222785 0.146567 0.223586 0.153682 0.222519 0.161153 0.218783 0.182853 0.198239 0.197439 0.171558 0.202419 0.154482 0.202063 0.140342 0.197083 0.125667 0.189612 0.116062 0.172892 0.100854 0.157595 0.091249 0.152615 0.089381 0.140519 0.088047 0.130203 0.089381 0.107079 0.098719 0.087513 0.108591 0.080043 0.113661 0.070082 0.123799 0.065101 0.139274 0.065457 0.157684
0 0.489506 0.244130 0.491284 0.250800 0.496620 0.260939 0.498755 0.286820 0.516542 0.308698 0.525792 0.315101 0.541800 0.318570 0.561722 0.318036 0.569904 0.316169 0.574173 0.314034 0.589826 0.302828 0.597296 0.290555 0.604767 0.266009 0.606190 0.252668 0.605834 0.238260 0.601921 0.213981 0.593739 0.197172 0.582355 0.181964 0.574884 0.175293 0.562789 0.167289 0.549626 0.161953 0.539666 0.162487 0.525792 0.168090 0.514052 0.175827 0.502312 0.189168 0.494486 0.205710 0.489861 0.230256 0.489506 0.244130
0 0.007826 0.290555 0.013163 0.307097 0.025258 0.325507 0.039843 0.339648 0.057275 0.347652 0.071149 0.350320 0.086446 0.348719 0.096407 0.345784 0.104233 0.341782 0.113483 0.332978 0.117752 0.326307 0.120598 0.319104 0.122021 0.307631 0.119530 0.289488 0.113127 0.273746 0.102455 0.258271 0.094273 0.250800 0.081466 0.244397 0.064034 0.238260 0.045891 0.238260 0.032729 0.239594 0.019922 0.245731 0.015297 0.250000 0.009961 0.262006 0.008182 0.271612 0.007826 0.290555
0 0.461402 0.457844 0.464959 0.487620 0.464603 0.505069 0.473141 0.522946 0.486660 0.540288 0.498755 0.551761 0.508004 0.555229 0.518677 0.557097 0.529349 0.556297 0.546069 0.548026 0.555318 0.537620 0.562078 0.528015 0.566346 0.519210 0.567769 0.511206 0.572038 0.500800 0.575240 0.485059 0.576307 0.470384 0.575596 0.455443 0.573106 0.439968 0.567769 0.427161 0.561722 0.419691 0.548559 0.409552 0.529349 0.403949 0.506226 0.403148 0.491640 0.408485 0.479545 0.415155 0.469228 0.425293 0.461757 0.443970 0.461402 0.457844
0 0.345073 0.521078 0.350053 0.539755 0.354678 0.549093 0.360726 0.557097 0.393454 0.568303 0.398435 0.568570 0.414799 0.564301 0.419779 0.560299 0.426539 0.550427 0.433298 0.543757 0.452152 0.519477 0.460690 0.501334 0.462825 0.482924 0.459623 0.467983 0.458911 0.450107 0.457844 0.445571 0.455354 0.442636 0.446105 0.439168 0.421558 0.438634 0.401636 0.442903 0.386339 0.449840 0.365706 0.466916 0.354322 0.482124 0.348630 0.497332 0.345073 0.513340 0.345073 0.521078
0 0.309498 0.594717 0.312344 0.602721 0.324440 0.617663 0.334756 0.625133 0.360726 0.635272 0.379936 0.637407 0.392387 0.633938 0.400925 0.633138 0.408040 0.629936 0.414443 0.625400 0.420491 0.616862 0.422270 0.607257 0.421914 0.598986 0.419068 0.590982 0.414799 0.584045 0.405550 0.576574 0.393810 0.569637 0.365350 0.560032 0.357168 0.558431 0.344717 0.558431 0.337602 0.559232 0.328353 0.562967 0.323017 0.566969 0.313412 0.578975 0.309498 0.586980 0.309498 0.594717
0 0.172181 0.723853 0.174315 0.733991 0.177161 0.738260 0.178584 0.744664 0.182142 0.750534 0.203131 0.770011 0.214514 0.776147 0.238705 0.781483 0.254358 0.781483 0.265030 0.777481 0.272501 0.761473 0.274280 0.752401 0.273568 0.747599 0.255781 0.711580 0.248310 0.702241 0.240128 0.695571 0.233725 0.692102 0.215582 0.687300 0.203486 0.688901 0.188901 0.694237 0.183920 0.697972 0.175027 0.707044 0.172536 0.712647 0.172181 0.723853
1 0.690857 0.613661 0.687656 0.624600 0.693348 0.633671 0.709712 0.641142 0.755247 0.649146 0.786553 0.645411 0.808965 0.638474 0.825329 0.631537 0.852366 0.613394 0.864817 0.603255 0.872643 0.591515 0.873710 0.583778 0.871932 0.579776 0.864817 0.573639 0.852366 0.568837 0.825685 0.564835 0.800071 0.564034 0.777659 0.568036 0.755247 0.569904 0.744931 0.573106 0.720384 0.577375 0.696194 0.586446 0.690857 0.591515 0.690857 0.613661
0 0.749200 0.432497 0.750978 0.439701 0.758093 0.451708 0.768410 0.465048 0.792245 0.481590 0.800071 0.484792 0.809676 0.487193 0.824618 0.486926 0.832088 0.481323 0.851298 0.456243 0.866240 0.440235 0.871932 0.429296 0.874778 0.418090 0.874778 0.410352 0.872287 0.400747 0.859836 0.382070 0.845251 0.370864 0.822839 0.363127 0.806830 0.361793 0.797581 0.362593 0.793312 0.364461 0.767343 0.385539 0.758449 0.389808 0.752046 0.402348 0.749200 0.417823 0.749200 0.432497
1 0.912842 0.581110 0.915688 0.586980 0.916400 0.592049 0.920313 0.597919 0.924938 0.601387 0.931341 0.603789 0.943436 0.605390 0.956243 0.603522 0.959801 0.601121 0.966560 0.599253 0.982924 0.589381 0.997154 0.576841 0.999644 0.576041 0.999644 0.480790 0.986837 0.479723 0.973319 0.481857 0.960868 0.486926 0.952330 0.493863 0.937745 0.511206 0.924938 0.535219 0.916756 0.557097 0.914977 0.569370 0.912842 0.574440 0.912842 0.581110
1 0.000000 0.353789 0.000000 0.437300 0.002134 0.437834 0.003913 0.441302 0.011740 0.449039 0.029527 0.463180 0.038776 0.468250 0.049093 0.476254 0.076485 0.489061 0.088225 0.491996 0.110993 0.495197 0.119886 0.494931 0.129847 0.492796 0.144788 0.479723 0.154749 0.473853 0.156884 0.466115 0.156528 0.452775 0.153682 0.444771 0.136962 0.418890 0.114550 0.396211 0.108502 0.391676 0.060477 0.361793 0.043401 0.354322 0.036286 0.352988 0.023479 0.351121 0.008538 0.351121 0.004269 0.352188 0.000000 0.353789
1 0.235503 0.217449 0.240840 0.230790 0.248666 0.241195 0.267520 0.256137 0.293134 0.270811 0.303451 0.274813 0.325863 0.274013 0.334045 0.272412 0.323728 0.255603 0.308787 0.226254 0.304518 0.211846 0.302383 0.196105 0.298826 0.190768 0.282106 0.186499 0.270722 0.185699 0.262540 0.186766 0.251156 0.191569 0.241907 0.197439 0.236215 0.204642 0.235503 0.217449
1 0.183209 0.351387 0.188189 0.367129 0.196016 0.378068 0.202775 0.384739 0.235148 0.376201 0.261473 0.373533 0.275347 0.374867 0.299538 0.381003 0.303451 0.380203 0.297403 0.360993 0.296692 0.342049 0.292778 0.341515 0.282818 0.329509 0.273924 0.323106 0.254714 0.312967 0.242618 0.310032 0.235503 0.309498 0.220206 0.310299 0.212024 0.312433 0.202775 0.316702 0.189612 0.328175 0.184632 0.336446 0.183209 0.341782 0.183209 0.351387
1 0.168623 0.429029 0.175027 0.442636 0.177161 0.446105 0.188189 0.453042 0.204554 0.447972 0.212736 0.446905 0.242263 0.447172 0.251512 0.448506 0.268943 0.447972 0.276770 0.451174 0.293490 0.465315 0.303806 0.464781 0.318392 0.458645 0.325507 0.454109 0.332622 0.447972 0.335112 0.442369 0.338670 0.439168 0.341515 0.429296 0.340804 0.416489 0.338314 0.409552 0.334756 0.404482 0.327286 0.400213 0.314835 0.390075 0.307364 0.385539 0.288865 0.379136 0.275703 0.375934 0.262896 0.374600 0.241195 0.375934 0.210245 0.383404 0.182853 0.398079 0.170402 0.414621 0.168979 0.419157 0.168623 0.429029
1 0.346852 0.861793 0.351832 0.873533 0.355034 0.878335 0.362149 0.884205 0.369619 0.886339 0.384561 0.885272 0.397012 0.887940 0.399858 0.890875 0.401636 0.900747 0.404838 0.902615 0.421914 0.904749 0.452508 0.903949 0.459979 0.902882 0.466738 0.899413 0.467805 0.887407 0.473853 0.880736 0.511562 0.875133 0.553184 0.871398 0.563501 0.867930 0.576663 0.855656 0.579865 0.846585 0.580221 0.834845 0.571683 0.819370 0.562078 0.812967 0.553540 0.809765 0.535397 0.809765 0.517965 0.806030 0.504803 0.801227 0.492351 0.798826 0.469584 0.800694 0.428673 0.811900 0.422270 0.814568 0.410530 0.816702 0.405550 0.819104 0.383138 0.823906 0.371754 0.827641 0.360370 0.835112 0.350765 0.847118 0.346852 0.856190 0.346852 0.861793
1 0.088225 0.901281 0.091427 0.910085 0.095695 0.914354 0.119175 0.914088 0.133049 0.912220 0.146923 0.912220 0.156884 0.910619 0.179296 0.910619 0.185699 0.909018 0.196016 0.910085 0.199929 0.912220 0.202775 0.911419 0.217005 0.902348 0.225187 0.893543 0.234080 0.886873 0.237638 0.879669 0.237282 0.876467 0.235503 0.874600 0.213447 0.867129 0.196727 0.858058 0.189612 0.852455 0.183920 0.845251 0.181430 0.833511 0.179296 0.832177 0.174671 0.832177 0.164710 0.834312 0.139096 0.835646 0.123088 0.841782 0.112771 0.847919 0.105656 0.854589 0.101032 0.860993 0.093205 0.877001 0.090359 0.886073 0.088225 0.901281
1 0.086802 0.808698 0.091782 0.817236 0.098186 0.822305 0.110993 0.828442 0.134472 0.833778 0.162220 0.833511 0.179296 0.830576 0.181430 0.827908 0.183565 0.820171 0.189256 0.815368 0.194593 0.807898 0.202063 0.801761 0.211313 0.796692 0.226610 0.792156 0.254358 0.790822 0.266453 0.779082 0.265386 0.776681 0.262540 0.776948 0.255069 0.778282 0.247954 0.781750 0.240840 0.782017 0.219139 0.778282 0.209890 0.775347 0.192102 0.762006 0.182142 0.752668 0.178584 0.751067 0.171469 0.751067 0.123444 0.764141 0.116329 0.767609 0.094273 0.784952 0.088581 0.792956 0.086802 0.799626 0.086802 0.808698
1 0.082889 0.744130 0.085023 0.748132 0.092494 0.755069 0.105656 0.759872 0.120242 0.761740 0.132693 0.759872 0.154038 0.754269 0.176450 0.744664 0.176805 0.740395 0.173604 0.734792 0.171113 0.722252 0.172536 0.709445 0.175027 0.704909 0.182142 0.697972 0.194948 0.689168 0.196016 0.681964 0.183209 0.675293 0.179296 0.674493 0.150836 0.673959 0.136606 0.676094 0.112771 0.684365 0.088936 0.703308 0.084312 0.709979 0.082533 0.715048 0.082889 0.744130
1 0.623977 0.685699 0.625044 0.689168 0.639274 0.701708 0.644255 0.708378 0.648168 0.726521 0.668801 0.724653 0.709356 0.713447 0.720740 0.712380 0.733903 0.708911 0.755959 0.694237 0.761651 0.688367 0.764141 0.682497 0.764497 0.670758 0.762718 0.664354 0.759872 0.659285 0.752757 0.652081 0.748132 0.650213 0.737460 0.648613 0.734614 0.647012 0.689079 0.641409 0.679473 0.641942 0.664532 0.645144 0.651725 0.651014 0.633227 0.664888 0.626823 0.673159 0.623977 0.685699
1 0.019566 0.592049 0.020989 0.595784 0.031661 0.606724 0.052295 0.616329 0.074351 0.623533 0.086090 0.630203 0.103166 0.636339 0.128424 0.640608 0.135539 0.642743 0.140164 0.641942 0.144077 0.643010 0.182142 0.641409 0.203131 0.634205 0.210601 0.626734 0.205265 0.626467 0.200640 0.627801 0.185343 0.628602 0.182497 0.629936 0.173959 0.629669 0.157595 0.631804 0.150836 0.630203 0.143721 0.626201 0.140519 0.626467 0.125934 0.623266 0.123088 0.619530 0.119530 0.619530 0.115617 0.617396 0.109214 0.616862 0.107435 0.612327 0.107791 0.608591 0.101387 0.597919 0.096407 0.585646 0.094628 0.574440 0.095695 0.572038 0.096051 0.553362 0.097830 0.545891 0.096051 0.543223 0.071505 0.544557 0.046603 0.552028 0.041978 0.554429 0.031306 0.563234 0.022412 0.574440 0.019566 0.581110 0.019566 0.592049
1 0.118463 0.331377 0.122376 0.339114 0.125578 0.341782 0.143010 0.346852 0.171469 0.352988 0.180363 0.352721 0.182142 0.352188 0.182497 0.341515 0.186055 0.332444 0.195304 0.321772 0.202775 0.316169 0.216649 0.310032 0.223408 0.308164 0.239061 0.308164 0.244753 0.310299 0.261473 0.313501 0.266453 0.312166 0.271434 0.296425 0.273568 0.292423 0.282462 0.283084 0.281750 0.280149 0.263252 0.267609 0.251156 0.263874 0.225543 0.262006 0.196016 0.264408 0.172892 0.271878 0.160441 0.278549 0.130203 0.303895 0.123088 0.314301 0.118463 0.331377
1 0.202775 0.137940 0.204909 0.147279 0.204198 0.165155 0.208111 0.173159 0.216293 0.179029 0.236571 0.185966 0.250445 0.188367 0.264319 0.184899 0.280327 0.184365 0.287442 0.185432 0.294201 0.182764 0.298470 0.175293 0.299538 0.157150 0.301672 0.149146 0.310210 0.129936 0.310210 0.126467 0.306297 0.122999 0.288865 0.116596 0.274635 0.113927 0.255069 0.112060 0.241551 0.114194 0.224475 0.118997 0.210957 0.125400 0.203486 0.133404 0.202775 0.137940
1 0.000000 0.117129 0.000000 0.247866 0.015297 0.246798 0.025258 0.240662 0.043401 0.235592 0.057275 0.227855 0.064390 0.222785 0.072572 0.213714 0.078264 0.206243 0.078264 0.204109 0.082177 0.198239 0.080043 0.188901 0.065813 0.164621 0.064390 0.159552 0.063323 0.142476 0.070082 0.120064 0.069015 0.117930 0.065813 0.116062 0.048026 0.111259 0.016364 0.112060 0.004625 0.114995 0.000000 0.117129
1 0.656350 0.153148 0.661330 0.161686 0.665955 0.162220 0.679118 0.160886 0.692280 0.157951 0.699395 0.158751 0.704731 0.160085 0.712202 0.164354 0.714692 0.166489 0.720384 0.176361 0.723586 0.178495 0.737104 0.172092 0.741729 0.173693 0.747777 0.181697 0.753824 0.185432 0.765920 0.196905 0.780861 0.221985 0.786197 0.229189 0.789755 0.231590 0.800071 0.231057 0.810744 0.227588 0.822839 0.221185 0.831377 0.212914 0.834934 0.205977 0.834934 0.190768 0.831377 0.181697 0.819637 0.164621 0.800783 0.149947 0.792956 0.147279 0.787264 0.143010 0.775169 0.136873 0.755959 0.130203 0.749555 0.125400 0.729989 0.119530 0.716115 0.117129 0.699395 0.116062 0.689790 0.117396 0.682319 0.119797 0.667734 0.129136 0.660619 0.136606 0.657062 0.145411 0.656350 0.153148
1 0.690146 0.262540 0.692636 0.264941 0.704020 0.264674 0.727499 0.268143 0.760939 0.278015 0.786197 0.290822 0.789755 0.290555 0.792245 0.282284 0.793312 0.257737 0.788332 0.237994 0.768766 0.202508 0.756314 0.188100 0.739950 0.173693 0.737104 0.173426 0.731057 0.175827 0.721451 0.183031 0.715404 0.200374 0.694415 0.237193 0.690502 0.249200 0.690146 0.262540
1 0.607257 0.237460 0.607613 0.251868 0.605834 0.266542 0.599787 0.285752 0.600142 0.288420 0.605834 0.291622 0.615439 0.293223 0.640342 0.290822 0.651014 0.282017 0.655994 0.279349 0.661330 0.279082 0.674137 0.266009 0.701530 0.223586 0.713981 0.199840 0.719673 0.182497 0.717182 0.172625 0.714337 0.167556 0.710068 0.164088 0.698684 0.159819 0.692636 0.159552 0.681608 0.162220 0.672003 0.162220 0.660619 0.164888 0.647456 0.171291 0.630025 0.183831 0.610815 0.203842 0.605834 0.210245 0.603344 0.216649 0.607257 0.237460
1 0.565991 0.168356 0.575596 0.174493 0.589470 0.188901 0.596585 0.199840 0.602277 0.211846 0.605834 0.209445 0.611170 0.201708 0.631448 0.181697 0.648524 0.169424 0.659196 0.164888 0.658485 0.160886 0.650658 0.154216 0.632871 0.147012 0.620776 0.145144 0.605834 0.145678 0.590181 0.150213 0.574173 0.156617 0.566346 0.164088 0.565991 0.168356
1 0.409107 0.143810 0.420491 0.152882 0.457488 0.191302 0.468872 0.205176 0.484169 0.231857 0.487371 0.231590 0.493774 0.204642 0.504091 0.181964 0.495553 0.155550 0.485237 0.133138 0.479189 0.124600 0.472785 0.118730 0.469940 0.113927 0.448951 0.108591 0.442191 0.108858 0.430808 0.112327 0.420491 0.118997 0.410174 0.133138 0.408396 0.137940 0.409107 0.143810
1 0.875845 0.419157 0.873710 0.428228 0.864105 0.445037 0.852366 0.457044 0.850943 0.460512 0.854144 0.463447 0.866596 0.467449 0.882604 0.470651 0.905016 0.471985 0.928495 0.470384 0.949484 0.463180 0.966916 0.448773 0.970117 0.443170 0.970473 0.431964 0.968339 0.424760 0.963358 0.417022 0.951974 0.413020 0.950551 0.411153 0.942725 0.407951 0.932053 0.406884 0.928139 0.404482 0.917467 0.401547 0.889363 0.400480 0.876556 0.402081 0.874778 0.403682 0.875845 0.419157
1 0.706866 0.481057 0.708289 0.484258 0.712558 0.487727 0.729634 0.499466 0.743152 0.503735 0.748132 0.507471 0.765564 0.511740 0.784774 0.512807 0.807186 0.512273 0.826752 0.509072 0.835646 0.506403 0.852010 0.493597 0.854500 0.487994 0.854144 0.478655 0.852010 0.473853 0.845251 0.467983 0.840982 0.470651 0.831021 0.482391 0.826752 0.485059 0.822127 0.486393 0.803984 0.485859 0.792245 0.481323 0.770900 0.467449 0.764497 0.461846 0.754180 0.449306 0.748132 0.438634 0.741017 0.438634 0.738171 0.440235 0.734258 0.439701 0.730345 0.442369 0.706866 0.481057
1 0.834578 0.515475 0.837780 0.525880 0.863038 0.554162 0.879758 0.560832 0.887940 0.560832 0.907862 0.557097 0.913910 0.554429 0.917467 0.550694 0.923871 0.534418 0.942014 0.502134 0.940235 0.487727 0.933831 0.472785 0.929207 0.470918 0.899324 0.472785 0.877979 0.470918 0.866240 0.468783 0.861971 0.469851 0.855567 0.474120 0.855923 0.487994 0.854856 0.490928 0.850943 0.496531 0.836713 0.508004 0.834934 0.511206 0.834578 0.515475
1 0.661330 0.546692 0.685521 0.576841 0.699395 0.576041 0.716827 0.570171 0.727143 0.564835 0.733903 0.558698 0.742440 0.554162 0.747777 0.548826 0.754536 0.533618 0.753469 0.519210 0.749911 0.514141 0.737104 0.506670 0.718605 0.502935 0.706510 0.503469 0.692636 0.508004 0.683387 0.514941 0.671647 0.524813 0.660975 0.539488 0.661330 0.546692
1 0.831377 0.630203 0.833511 0.631270 0.852366 0.630736 0.866951 0.623533 0.873710 0.616329 0.877624 0.609125 0.878335 0.598186 0.876556 0.589648 0.872999 0.590982 0.868374 0.600587 0.861971 0.606990 0.838847 0.623533 0.831732 0.626734 0.831377 0.630203
1 0.755959 0.527481 0.755603 0.535752 0.750267 0.546958 0.749555 0.551761 0.754891 0.565368 0.757026 0.567503 0.779438 0.566435 0.795802 0.563501 0.826041 0.564301 0.842049 0.566435 0.855923 0.569637 0.865173 0.572839 0.869797 0.577375 0.871576 0.576841 0.871576 0.573106 0.864461 0.559232 0.852366 0.542689 0.835646 0.525347 0.815724 0.514941 0.809321 0.513340 0.767698 0.513074 0.760228 0.514941 0.754536 0.519744 0.755959 0.527481
1 0.861971 0.636873 0.879402 0.653949 0.885806 0.662753 0.892565 0.665155 0.907862 0.663020 0.921736 0.658218 0.937033 0.648879 0.947705 0.640075 0.957666 0.620598 0.960512 0.604589 0.959801 0.603522 0.956955 0.603522 0.939168 0.606457 0.927072 0.602721 0.920669 0.598719 0.916756 0.593116 0.910352 0.578175 0.914621 0.564835 0.914265 0.559765 0.910352 0.559232 0.893988 0.562967 0.886873 0.565902 0.881893 0.569104 0.875133 0.577108 0.875133 0.581910 0.879402 0.596585 0.879047 0.607257 0.875489 0.615528 0.867307 0.625400 0.861259 0.630470 0.861971 0.636873
1 0.811455 0.681430 0.813945 0.685699 0.816435 0.686499 0.824618 0.693436 0.830309 0.699840 0.834578 0.709178 0.845251 0.717182 0.859481 0.724386 0.879402 0.728122 0.886873 0.727588 0.898613 0.720918 0.901814 0.716382 0.902526 0.704376 0.900747 0.692102 0.893988 0.675560 0.881181 0.659018 0.870509 0.647545 0.866240 0.643276 0.852366 0.633671 0.845251 0.632604 0.835290 0.633671 0.832444 0.637140 0.838847 0.646211 0.841338 0.653148 0.839203 0.662220 0.831377 0.668356 0.811455 0.675293 0.811455 0.681430
1 0.424760 0.664888 0.429029 0.666489 0.427962 0.668090 0.430452 0.671291 0.427962 0.676094 0.432231 0.699306 0.436499 0.706510 0.445749 0.709178 0.456777 0.707311 0.463536 0.704109 0.472430 0.703042 0.475276 0.701174 0.482746 0.699573 0.483458 0.698239 0.501601 0.695304 0.553540 0.680096 0.564924 0.678762 0.590893 0.679029 0.619708 0.686233 0.622910 0.683831 0.625044 0.677428 0.625044 0.669157 0.623266 0.664888 0.618641 0.660085 0.605834 0.652081 0.580932 0.644877 0.562789 0.636873 0.539310 0.629402 0.535397 0.629402 0.532906 0.631270 0.530416 0.645144 0.521878 0.665155 0.516898 0.673426 0.508004 0.682764 0.502312 0.686766 0.492707 0.691836 0.476343 0.697705 0.450018 0.693170 0.442547 0.681430 0.438278 0.679029 0.435076 0.672092 0.435788 0.668090 0.433298 0.664888 0.432231 0.658751 0.426183 0.660886 0.425116 0.660352 0.424760 0.664888
1 0.483102 0.772946 0.486304 0.782818 0.494486 0.793223 0.500889 0.797759 0.523657 0.805229 0.536108 0.807364 0.560655 0.808965 0.575952 0.802561 0.595518 0.797225 0.606190 0.790288 0.616151 0.780683 0.627535 0.755069 0.626467 0.754002 0.622910 0.754536 0.598008 0.764141 0.568125 0.766275 0.544646 0.769744 0.538598 0.769744 0.508716 0.765208 0.490217 0.764408 0.486660 0.764674 0.483458 0.768943 0.483102 0.772946
1 0.196016 0.670491 0.197794 0.678762 0.208822 0.685699 0.216649 0.685966 0.237638 0.693436 0.245464 0.699039 0.254002 0.707577 0.273568 0.744664 0.276770 0.753202 0.296336 0.759872 0.314479 0.761206 0.320882 0.758004 0.340092 0.744664 0.342583 0.741462 0.345073 0.734258 0.344006 0.732657 0.331199 0.726521 0.306652 0.717983 0.288509 0.707844 0.275703 0.696371 0.264319 0.688634 0.256137 0.680096 0.249022 0.668623 0.247599 0.661153 0.248666 0.650213 0.255069 0.640075 0.254358 0.637140 0.247954 0.631804 0.241195 0.629136 0.237638 0.629136 0.230523 0.630470 0.208822 0.638741 0.201708 0.646745 0.196727 0.660886 0.196016 0.670491
1 0.285308 0.579509 0.267520 0.597385 0.247954 0.611259 0.233369 0.619797 0.237638 0.623533 0.257204 0.634739 0.258627 0.635005 0.271078 0.627801 0.283173 0.623799 0.294913 0.622465 0.321238 0.622465 0.324084 0.620331 0.322305 0.616062 0.316258 0.610459 0.308787 0.596051 0.308431 0.585379 0.313056 0.578175 0.313056 0.574973 0.305585 0.570971 0.296692 0.568837 0.293134 0.569104 0.289932 0.571238 0.285308 0.579509
1 0.566346 0.408485 0.567769 0.412487 0.572038 0.417022 0.580576 0.422092 0.590181 0.425293 0.598719 0.427161 0.611170 0.427428 0.625044 0.425027 0.647456 0.415955 0.666667 0.404482 0.684098 0.390342 0.691925 0.379669 0.690502 0.377001 0.680896 0.371131 0.674493 0.365528 0.658840 0.346051 0.655994 0.338314 0.655283 0.331377 0.659196 0.312166 0.655994 0.306297 0.647456 0.305229 0.642476 0.306830 0.625756 0.316435 0.618997 0.318837 0.609036 0.327375 0.588403 0.352455 0.576663 0.372465 0.566702 0.396478 0.566346 0.408485
1 0.608680 0.445838 0.610103 0.459979 0.618997 0.483991 0.632871 0.495731 0.641053 0.500000 0.648879 0.502134 0.659552 0.501601 0.667734 0.503202 0.675205 0.502134 0.688723 0.495731 0.695482 0.490928 0.705799 0.480523 0.715048 0.466916 0.732124 0.437033 0.737816 0.421825 0.740662 0.408485 0.738171 0.396478 0.734258 0.392209 0.712558 0.388207 0.703664 0.385539 0.699395 0.383138 0.692636 0.382070 0.681964 0.394344 0.671291 0.402615 0.646389 0.417823 0.637140 0.422092 0.614372 0.429296 0.612238 0.430896 0.609747 0.435966 0.608680 0.445838
1 0.437567 0.435699 0.459979 0.441569 0.462113 0.434899 0.468161 0.424760 0.475276 0.417556 0.486304 0.410085 0.495553 0.405550 0.504803 0.402882 0.527926 0.402882 0.543579 0.406884 0.551405 0.410352 0.560655 0.418356 0.564212 0.419691 0.565991 0.415688 0.564924 0.406465 0.565635 0.394610 0.572038 0.376734 0.571683 0.370064 0.569192 0.366329 0.561010 0.362060 0.540021 0.355923 0.519744 0.352721 0.505158 0.352988 0.492707 0.356190 0.480612 0.357524 0.468872 0.362060 0.465671 0.365795 0.469940 0.384472 0.466738 0.400213 0.463892 0.405016 0.455710 0.413821 0.448239 0.421025 0.438634 0.427161 0.437567 0.429829 0.437567 0.435699
1 0.487727 0.319370 0.494486 0.334578 0.501601 0.342049 0.511206 0.349520 0.514408 0.350587 0.532906 0.352988 0.556741 0.360192 0.563145 0.360192 0.588047 0.349787 0.599787 0.335112 0.600498 0.320438 0.596229 0.308965 0.591960 0.303895 0.588403 0.304963 0.581288 0.311099 0.577730 0.310832 0.574529 0.312433 0.567769 0.317769 0.557453 0.319104 0.543223 0.318837 0.528637 0.315635 0.519744 0.311099 0.498043 0.289221 0.494486 0.292689 0.488083 0.306564 0.487727 0.319370
1 0.577019 0.472785 0.575240 0.490395 0.567414 0.515475 0.567414 0.521878 0.570971 0.521612 0.584490 0.516009 0.598719 0.514408 0.601921 0.513074 0.609392 0.504269 0.613305 0.496531 0.615084 0.488794 0.612949 0.470918 0.611170 0.465848 0.606546 0.459445 0.596941 0.451974 0.586268 0.447172 0.577730 0.446105 0.576307 0.449840 0.577019 0.472785
1 0.509783 0.566435 0.519744 0.578175 0.525436 0.587780 0.530772 0.605123 0.532906 0.608324 0.547848 0.600053 0.564568 0.585112 0.567414 0.578175 0.567769 0.567236 0.564212 0.545358 0.560299 0.538154 0.557097 0.537887 0.548559 0.546958 0.534685 0.554963 0.521523 0.557898 0.504447 0.556030 0.500534 0.560032 0.509783 0.566435
1 0.422625 0.560832 0.428317 0.564835 0.438990 0.569104 0.448239 0.563767 0.459979 0.559765 0.475987 0.557364 0.488083 0.557097 0.493063 0.553895 0.494486 0.549893 0.483102 0.538154 0.475987 0.528815 0.464248 0.508805 0.463180 0.504002 0.459267 0.507471 0.454287 0.518143 0.427962 0.549626 0.423693 0.557097 0.422625 0.560832
1 0.134827 0.227054 0.135183 0.234792 0.139808 0.248933 0.147990 0.255603 0.159018 0.262273 0.175027 0.268943 0.178228 0.267343 0.181786 0.267343 0.198506 0.262807 0.228033 0.260939 0.247954 0.262540 0.258627 0.264674 0.271789 0.270011 0.279260 0.275614 0.286375 0.275614 0.292067 0.272679 0.276058 0.261473 0.272501 0.260406 0.250800 0.243863 0.244041 0.237193 0.235148 0.220384 0.234792 0.203308 0.228033 0.200907 0.206688 0.197705 0.186411 0.197705 0.181430 0.200907 0.177161 0.206243 0.158307 0.222252 0.149769 0.224386 0.136962 0.225454 0.134827 0.227054
1 0.802561 0.316169 0.802917 0.330116 0.801494 0.342583 0.796514 0.358058 0.797225 0.360192 0.800071 0.361259 0.818926 0.361259 0.830665 0.363927 0.843828 0.369264 0.859125 0.380203 0.861259 0.380203 0.873710 0.375934 0.886517 0.369530 0.894699 0.362860 0.906795 0.349520 0.910352 0.338047 0.909285 0.326841 0.905372 0.319637 0.901103 0.315101 0.886873 0.306564 0.869797 0.300694 0.847030 0.296425 0.829954 0.296692 0.816080 0.298292 0.803984 0.301761 0.799715 0.304162 0.799004 0.306297 0.802561 0.316169
1 0.852721 0.296692 0.853433 0.297225 0.868374 0.299360 0.887584 0.306297 0.901103 0.314835 0.906795 0.320438 0.911064 0.331110 0.910708 0.338847 0.907862 0.348719 0.892565 0.366329 0.895411 0.369530 0.903593 0.374333 0.915688 0.378335 0.928851 0.377801 0.939168 0.373799 0.944504 0.370064 0.950196 0.362327 0.953042 0.353789 0.953042 0.346051 0.947350 0.332444 0.934899 0.317503 0.919957 0.306564 0.894344 0.295624 0.869797 0.289755 0.862327 0.289755 0.855567 0.292689 0.852721 0.296692
1 0.876201 0.401281 0.900391 0.399146 0.915333 0.400480 0.929207 0.404749 0.938456 0.406350 0.963002 0.417022 0.964781 0.415422 0.964070 0.403949 0.961224 0.398079 0.946638 0.389808 0.934899 0.386073 0.920313 0.385806 0.901103 0.389007 0.885450 0.393810 0.878691 0.397279 0.876556 0.399947 0.876201 0.401281
1 0.765208 0.683565 0.758449 0.693170 0.735681 0.709979 0.739950 0.711846 0.753824 0.710245 0.784418 0.712113 0.793668 0.715048 0.800427 0.718517 0.808253 0.725454 0.813945 0.733191 0.817503 0.733191 0.824618 0.727054 0.831021 0.716916 0.832444 0.708911 0.829242 0.701174 0.818214 0.690235 0.797225 0.675827 0.772679 0.670224 0.766275 0.672892 0.765208 0.683565
1 0.000000 0.530149 0.000000 0.665955 0.004625 0.667022 0.013163 0.672359 0.025614 0.675027 0.035219 0.675560 0.053362 0.673693 0.065813 0.668356 0.075062 0.658218 0.081466 0.640875 0.082889 0.629936 0.077552 0.625400 0.067592 0.621665 0.056919 0.619530 0.049804 0.615261 0.042689 0.613394 0.026681 0.603789 0.019566 0.595518 0.017787 0.589648 0.017787 0.580309 0.028815 0.564835 0.041622 0.553629 0.050160 0.549626 0.053718 0.549093 0.056919 0.546692 0.060477 0.546958 0.070793 0.542689 0.074707 0.543223 0.076485 0.539755 0.074707 0.536019 0.064034 0.526681 0.053718 0.521345 0.039488 0.517076 0.032017 0.516275 0.019210 0.517876 0.006403 0.524546 0.000000 0.530149
1 0.000000 0.441836 0.000000 0.506137 0.004980 0.506937 0.033084 0.506403 0.046958 0.504269 0.061900 0.499733 0.080398 0.491195 0.046603 0.474920 0.022056 0.458111 0.001423 0.441836 0.000000 0.441836
1 0.066169 0.362860 0.068659 0.366329 0.104945 0.387940 0.122021 0.401814 0.141587 0.423426 0.154038 0.441302 0.164710 0.443436 0.169691 0.442369 0.171469 0.438901 0.167556 0.430096 0.167200 0.422625 0.168979 0.414888 0.181074 0.398079 0.199573 0.387140 0.198150 0.383138 0.185699 0.367396 0.164354 0.355123 0.151903 0.350053 0.136962 0.346318 0.126290 0.344984 0.115617 0.344717 0.109570 0.346318 0.105301 0.345518 0.088225 0.350587 0.078264 0.352188 0.067592 0.360459 0.066169 0.362860
1 0.000000 0.304162 0.000000 0.351654 0.007471 0.349787 0.015060 0.349787 0.031306 0.350320 0.035930 0.352188 0.040199 0.352188 0.036286 0.339915 0.020989 0.321505 0.017076 0.313767 0.012095 0.308164 0.001779 0.304162 0.000000 0.304162
1 0.298826 0.480790 0.302028 0.494397 0.302739 0.520811 0.301672 0.534952 0.296336 0.552028 0.294557 0.564301 0.303095 0.569104 0.314479 0.570704 0.318392 0.569104 0.332622 0.558965 0.342583 0.541355 0.344361 0.533351 0.344361 0.524546 0.341871 0.501334 0.334045 0.487193 0.326930 0.479723 0.318036 0.473319 0.303806 0.467449 0.297047 0.467983 0.293846 0.469584 0.298826 0.480790
1 0.255069 0.893810 0.255781 0.900213 0.258627 0.904482 0.261117 0.905283 0.265386 0.909285 0.268588 0.910085 0.271789 0.907150 0.272857 0.902348 0.275347 0.898613 0.279260 0.897012 0.290288 0.894610 0.331199 0.891409 0.360014 0.886873 0.359658 0.883404 0.351121 0.874867 0.345073 0.863127 0.332266 0.863394 0.291000 0.874867 0.265386 0.877801 0.259338 0.880470 0.255069 0.893810
1 0.573461 0.820971 0.580576 0.834312 0.581288 0.845251 0.579865 0.851121 0.577019 0.855390 0.578086 0.857257 0.583422 0.858058 0.598008 0.857257 0.609036 0.853522 0.616862 0.848453 0.625756 0.838314 0.632159 0.824440 0.632159 0.820971 0.622199 0.810299 0.618285 0.804162 0.615795 0.784952 0.612593 0.785219 0.596229 0.797492 0.568481 0.806297 0.561722 0.810299 0.573461 0.820971
1 0.464959 0.113127 0.466738 0.116329 0.475276 0.120598 0.483814 0.132070 0.496620 0.157684 0.504447 0.181163 0.508360 0.180896 0.512273 0.176094 0.520811 0.169424 0.537887 0.161419 0.536464 0.153949 0.532906 0.147545 0.521523 0.136873 0.493419 0.119530 0.475987 0.112593 0.465671 0.112060 0.464959 0.113127
1 0.377446 0.122999 0.382070 0.124333 0.390253 0.130736 0.396300 0.132871 0.400925 0.137140 0.404838 0.138741 0.407328 0.137140 0.417645 0.120598 0.424760 0.114995 0.429740 0.112593 0.424048 0.110993 0.387051 0.112060 0.380292 0.115261 0.376023 0.118997 0.377446 0.122999
1 0.080754 0.660886 0.087158 0.669157 0.098186 0.677161 0.112771 0.682764 0.143721 0.672625 0.154393 0.667823 0.182497 0.643810 0.176094 0.642743 0.141587 0.644610 0.125578 0.642209 0.119886 0.640075 0.091427 0.633671 0.088581 0.633938 0.085735 0.637407 0.080398 0.652081 0.080754 0.660886