1 0.769141 0.280112 0.771709 0.296919 0.779412 0.300070 0.786415 0.301646 0.793417 0.306373 0.800887 0.314426 0.807423 0.326155 0.810458 0.328782 0.826564 0.338761 0.844538 0.348915 0.880019 0.361169 0.883987 0.363796 0.898226 0.366246 0.914799 0.367472 0.929038 0.367997 0.949813 0.366947 0.956349 0.365546 0.960317 0.363445 0.963585 0.363445 0.974790 0.360994 0.984594 0.357493 0.987862 0.355392 0.994631 0.352941 0.997199 0.350840 0.999767 0.350140 0.999767 0.276085 0.997899 0.275910 0.985294 0.264531 0.956583 0.242647 0.948413 0.238445 0.937442 0.229867 0.921802 0.221989 0.908030 0.218137 0.901027 0.216912 0.880719 0.215861 0.873016 0.216211 0.868581 0.217262 0.861578 0.215161 0.849907 0.214461 0.842904 0.214986 0.817694 0.219538 0.811625 0.221814 0.807423 0.224790 0.795752 0.230567 0.784781 0.239321 0.774743 0.251576 0.770775 0.259804 0.769374 0.265231 0.769141 0.280112
0 0.643557 0.418417 0.645191 0.428046 0.647526 0.433824 0.654295 0.444678 0.660598 0.451506 0.666433 0.455532 0.668301 0.458158 0.677171 0.459734 0.683707 0.462185 0.688375 0.463060 0.713585 0.464636 0.726424 0.462710 0.731092 0.460609 0.733660 0.460259 0.748366 0.452031 0.764006 0.440651 0.776377 0.427871 0.780579 0.421744 0.785247 0.411415 0.791317 0.401961 0.808123 0.355742 0.809290 0.349615 0.809290 0.341737 0.806256 0.327906 0.803922 0.321954 0.798086 0.313200 0.791317 0.306373 0.786648 0.303746 0.775910 0.300595 0.759804 0.300070 0.748133 0.300770 0.730859 0.304797 0.717320 0.312150 0.698179 0.328081 0.694444 0.332983 0.683940 0.341211 0.666900 0.358718 0.661298 0.366071 0.648226 0.387255 0.643324 0.404412 0.643557 0.418417
1 0.792951 0.404062 0.793651 0.408263 0.796919 0.418242 0.804622 0.432248 0.820261 0.444153 0.830766 0.449580 0.844538 0.455007 0.866013 0.460434 0.880719 0.461310 0.906396 0.464636 0.932073 0.465861 0.939542 0.465161 0.942110 0.465686 0.950280 0.465511 0.970822 0.464286 0.975257 0.463410 0.980859 0.463585 0.999767 0.459734 0.999767 0.384104 0.998133 0.384104 0.984127 0.376926 0.972923 0.373424 0.955882 0.369398 0.944444 0.368522 0.917600 0.369223 0.897993 0.367122 0.883987 0.366246 0.871849 0.366772 0.863212 0.365721 0.834267 0.368172 0.820728 0.370798 0.817227 0.372899 0.813025 0.373950 0.802521 0.380077 0.800187 0.382353 0.797852 0.390406 0.794351 0.398109 0.792951 0.404062
1 0.497199 0.369573 0.501401 0.389881 0.505602 0.404412 0.512372 0.418242 0.536648 0.449405 0.545985 0.456758 0.554388 0.462010 0.558357 0.467437 0.572829 0.477766 0.585668 0.485294 0.594304 0.488270 0.609244 0.491947 0.613212 0.491597 0.616013 0.492472 0.623016 0.492822 0.628385 0.491597 0.633520 0.489671 0.637488 0.489321 0.640756 0.486870 0.643791 0.486169 0.648693 0.483193 0.654295 0.481618 0.658030 0.477941 0.660364 0.470063 0.665500 0.459559 0.659897 0.452206 0.656629 0.449755 0.654295 0.446604 0.644491 0.428221 0.642390 0.415616 0.642390 0.405987 0.645658 0.391457 0.645658 0.386905 0.637488 0.376225 0.623950 0.364146 0.609244 0.354342 0.594304 0.346113 0.580766 0.337010 0.563492 0.329832 0.560458 0.327731 0.550887 0.324230 0.544585 0.323004 0.532913 0.323354 0.524510 0.327556 0.503735 0.343662 0.500467 0.347689 0.497666 0.355392 0.497199 0.369573
1 0.363445 0.443102 0.365079 0.455882 0.369048 0.470413 0.374883 0.479517 0.375117 0.491947 0.376517 0.499300 0.379785 0.504377 0.392157 0.514706 0.397526 0.521183 0.404528 0.526961 0.421802 0.529587 0.428805 0.529237 0.431606 0.526261 0.433473 0.522234 0.445612 0.504727 0.454715 0.489846 0.460551 0.484769 0.469655 0.480217 0.473623 0.479167 0.491130 0.478817 0.494631 0.477766 0.498366 0.477941 0.499767 0.477066 0.500233 0.473915 0.503501 0.466912 0.504202 0.452556 0.503268 0.438901 0.498833 0.421218 0.494164 0.407913 0.487862 0.394083 0.482026 0.383754 0.475724 0.375525 0.471755 0.371674 0.464286 0.367472 0.456349 0.366071 0.446078 0.366772 0.430439 0.369398 0.411064 0.374475 0.386788 0.390931 0.379085 0.397234 0.375350 0.401436 0.368814 0.413340 0.363679 0.431723 0.363445 0.443102
0 0.109711 0.494748 0.112045 0.499475 0.115546 0.512605 0.117880 0.517682 0.123716 0.522759 0.133754 0.529237 0.151261 0.533789 0.157796 0.533964 0.178571 0.527836 0.184874 0.523459 0.221755 0.503326 0.227824 0.501050 0.234594 0.496499 0.248366 0.483894 0.259104 0.470063 0.267974 0.453081 0.271475 0.442577 0.275444 0.424895 0.276844 0.406863 0.274977 0.390406 0.267507 0.370098 0.263539 0.361695 0.259804 0.357143 0.254202 0.352766 0.248133 0.349265 0.240896 0.347864 0.230859 0.350140 0.219188 0.354867 0.205882 0.362745 0.196779 0.372374 0.188609 0.377976 0.183473 0.380252 0.164799 0.396183 0.162232 0.399685 0.150560 0.410014 0.148459 0.412990 0.136088 0.425070 0.118114 0.453256 0.110644 0.473564 0.109944 0.477416 0.109711 0.494748
1 0.148693 0.578957 0.147292 0.582283 0.147292 0.588410 0.157096 0.593137 0.161064 0.598739 0.167134 0.603992 0.175537 0.609594 0.186508 0.614671 0.188375 0.616246 0.192577 0.617822 0.209617 0.620798 0.216853 0.622899 0.230159 0.623950 0.245098 0.623424 0.272409 0.618522 0.274510 0.617472 0.280579 0.609944 0.287348 0.599090 0.292484 0.593487 0.301587 0.584034 0.306956 0.579657 0.312558 0.576856 0.334734 0.571779 0.348739 0.564076 0.355509 0.562500 0.363679 0.562325 0.369514 0.563025 0.373249 0.564251 0.383520 0.569853 0.386788 0.569503 0.394491 0.565826 0.401494 0.560574 0.404295 0.557248 0.406396 0.547444 0.405462 0.539391 0.401961 0.529412 0.391457 0.516807 0.380252 0.507353 0.373016 0.503326 0.369748 0.502801 0.355275 0.497374 0.345238 0.494748 0.332633 0.492997 0.314659 0.489146 0.292250 0.489496 0.280112 0.490546 0.261905 0.494398 0.254669 0.497024 0.234360 0.501751 0.226891 0.505252 0.218021 0.507703 0.208450 0.512605 0.203081 0.514531 0.191643 0.521183 0.179505 0.529587 0.174837 0.535014 0.167834 0.539741 0.161298 0.545868 0.154062 0.556373 0.150794 0.564251 0.148459 0.574405 0.148693 0.578957
0 0.266573 0.678221 0.269608 0.692577 0.274510 0.709034 0.279879 0.720413 0.285948 0.728641 0.303688 0.747199 0.309524 0.760154 0.314659 0.764181 0.325864 0.769958 0.338235 0.774860 0.341970 0.775210 0.348506 0.777136 0.356676 0.777136 0.363212 0.776261 0.387722 0.770133 0.394024 0.767332 0.404528 0.758403 0.416200 0.742647 0.424136 0.727591 0.428571 0.717087 0.429972 0.706057 0.429038 0.681723 0.424837 0.662640 0.422736 0.647409 0.417600 0.632003 0.409897 0.602766 0.405229 0.592612 0.392157 0.577906 0.373249 0.565476 0.367414 0.563725 0.356443 0.563200 0.348506 0.565301 0.336835 0.571779 0.329132 0.574930 0.316293 0.577556 0.306956 0.581758 0.302521 0.585084 0.289683 0.598739 0.275210 0.619923 0.268908 0.640231 0.266106 0.658263 0.266573 0.678221
0 0.175303 0.880952 0.178805 0.897409 0.183707 0.911415 0.192577 0.928746 0.202848 0.943978 0.213119 0.957108 0.227824 0.970413 0.247666 0.981443 0.252801 0.983193 0.265173 0.985469 0.269608 0.985644 0.274043 0.984594 0.282680 0.979342 0.289683 0.973915 0.298086 0.964461 0.308590 0.949580 0.314893 0.935049 0.321195 0.927521 0.334967 0.896534 0.344771 0.859419 0.345472 0.848739 0.344071 0.835259 0.337535 0.807598 0.334967 0.801120 0.325397 0.782563 0.303688 0.759979 0.277544 0.750700 0.272642 0.749825 0.265873 0.749825 0.259337 0.750700 0.252568 0.750525 0.241597 0.753852 0.237628 0.753501 0.230626 0.755077 0.222222 0.758403 0.216620 0.762430 0.213352 0.765231 0.211951 0.768382 0.206116 0.772759 0.202148 0.777486 0.191643 0.793067 0.183240 0.814251 0.178805 0.829132 0.175770 0.845238 0.175070 0.858543 0.175303 0.880952
1 0.164332 0.675595 0.166200 0.692577 0.167834 0.699755 0.171802 0.710434 0.178805 0.723039 0.202148 0.752976 0.205882 0.759629 0.209851 0.764531 0.223623 0.757003 0.233427 0.753326 0.237628 0.752276 0.243231 0.751926 0.252334 0.749300 0.259104 0.749475 0.267274 0.748249 0.274977 0.748775 0.296685 0.756127 0.301120 0.756303 0.303455 0.755252 0.301354 0.751751 0.300420 0.748074 0.297152 0.742997 0.288515 0.734769 0.280112 0.722339 0.271942 0.705182 0.268441 0.692577 0.265173 0.674020 0.264706 0.656863 0.268207 0.637430 0.270775 0.630427 0.271242 0.623074 0.269374 0.620448 0.247666 0.624125 0.226567 0.624475 0.219421 0.624125 0.197946 0.620273 0.188842 0.620273 0.182073 0.629202 0.177638 0.638130 0.171102 0.647409 0.167134 0.656688 0.164566 0.667192 0.164332 0.675595
1 0.436275 0.773109 0.438142 0.789741 0.442577 0.806898 0.446779 0.817752 0.453081 0.829832 0.459384 0.838936 0.471289 0.852591 0.482260 0.862745 0.488095 0.867647 0.494865 0.871849 0.508637 0.878676 0.516106 0.881303 0.522409 0.882178 0.528245 0.884804 0.542250 0.887605 0.550420 0.888305 0.563959 0.887255 0.574230 0.884104 0.581699 0.880952 0.588469 0.873775 0.590803 0.862920 0.590570 0.850534 0.591737 0.845588 0.591036 0.800840 0.597106 0.775735 0.598739 0.759804 0.598973 0.751576 0.596872 0.737395 0.595005 0.731268 0.588702 0.718662 0.573763 0.714286 0.570962 0.712535 0.567227 0.713235 0.563959 0.712360 0.560924 0.709909 0.553922 0.706583 0.538282 0.692927 0.532913 0.685749 0.523576 0.669293 0.516573 0.664916 0.504202 0.664391 0.483427 0.667367 0.477124 0.669468 0.468954 0.674545 0.461018 0.681898 0.453081 0.692402 0.451681 0.697479 0.445845 0.707983 0.443277 0.714636 0.436275 0.751225 0.436275 0.773109
1 0.332400 0.786415 0.336134 0.799720 0.339869 0.808123 0.341970 0.820903 0.344071 0.825805 0.347106 0.847164 0.347806 0.863095 0.350607 0.867997 0.355509 0.880427 0.362512 0.892682 0.373016 0.907038 0.383987 0.918242 0.397292 0.929097 0.414566 0.939251 0.428805 0.946078 0.448413 0.952031 0.470822 0.955182 0.485061 0.955007 0.505135 0.951506 0.519141 0.946254 0.526844 0.940301 0.532913 0.933824 0.535247 0.928746 0.535714 0.925595 0.532913 0.911940 0.523810 0.889881 0.518441 0.883929 0.501867 0.876050 0.497666 0.874825 0.485761 0.866597 0.469655 0.852241 0.455882 0.835784 0.448179 0.822304 0.440243 0.803396 0.436741 0.787115 0.433940 0.758578 0.429272 0.753676 0.425303 0.750700 0.421569 0.749300 0.418768 0.748599 0.415033 0.748950 0.402661 0.762430 0.393557 0.768732 0.388189 0.771183 0.380019 0.773109 0.371849 0.776261 0.359711 0.778011 0.345005 0.778711 0.341970 0.777311 0.334967 0.776436 0.333567 0.777136 0.332633 0.779062 0.332400 0.786415
1 0.619748 0.728116 0.621849 0.738270 0.628151 0.760154 0.632353 0.769258 0.636088 0.776261 0.662932 0.812150 0.684407 0.852941 0.690476 0.858193 0.693277 0.863445 0.713352 0.885154 0.721055 0.891457 0.727358 0.893908 0.739029 0.894433 0.751401 0.891106 0.755369 0.890756 0.764239 0.886204 0.779879 0.876225 0.788515 0.867122 0.792717 0.861870 0.799953 0.847689 0.804155 0.841912 0.806723 0.835609 0.811158 0.829482 0.812792 0.824755 0.813959 0.818277 0.813725 0.793067 0.809524 0.765406 0.803922 0.749825 0.789216 0.723214 0.787115 0.721639 0.782680 0.720763 0.772176 0.723564 0.746732 0.727591 0.716853 0.729692 0.701681 0.727941 0.695612 0.725665 0.692344 0.723564 0.688142 0.720413 0.680906 0.712710 0.679272 0.708859 0.675070 0.702906 0.672736 0.695903 0.669468 0.692577 0.670401 0.689426 0.669935 0.685049 0.664799 0.682073 0.646592 0.700455 0.636088 0.707633 0.619981 0.716562 0.619048 0.717962 0.619748 0.728116
0 0.680205 0.652136 0.671102 0.675245 0.672736 0.678396 0.672035 0.681548 0.672736 0.692927 0.675070 0.700105 0.678805 0.705532 0.681839 0.712360 0.691877 0.722339 0.698880 0.726366 0.703081 0.727766 0.714519 0.728817 0.751634 0.726190 0.761438 0.724090 0.765406 0.723915 0.780812 0.720238 0.838702 0.708859 0.862512 0.701155 0.875584 0.695028 0.894491 0.681548 0.898693 0.676646 0.904762 0.671744 0.911064 0.662990 0.913399 0.661415 0.913165 0.654237 0.916900 0.644783 0.921569 0.635154 0.926237 0.633578 0.921335 0.630077 0.923436 0.627101 0.925537 0.613445 0.924370 0.605392 0.922035 0.599090 0.922035 0.594188 0.922969 0.591912 0.908263 0.580532 0.906396 0.578256 0.894024 0.570028 0.883987 0.565301 0.876517 0.562675 0.842204 0.556898 0.831232 0.557423 0.811158 0.560924 0.783147 0.568978 0.768908 0.574580 0.761905 0.577556 0.758403 0.580007 0.747199 0.585259 0.742063 0.588761 0.735061 0.591737 0.712885 0.606268 0.696078 0.619748 0.686275 0.633754 0.682073 0.642332 0.680205 0.652136
1 0.752101 0.470938 0.753035 0.473915 0.759804 0.481092 0.765406 0.488796 0.771242 0.494573 0.786415 0.515231 0.790616 0.518557 0.796685 0.521709 0.800187 0.522409 0.806723 0.527486 0.814192 0.531338 0.841970 0.541141 0.859477 0.544468 0.866246 0.547269 0.877218 0.549020 0.880019 0.550245 0.911531 0.555147 0.951914 0.559524 0.984594 0.558999 0.999767 0.557248 0.999767 0.507528 0.997666 0.507003 0.986228 0.497374 0.977824 0.493172 0.970355 0.487395 0.953081 0.478817 0.946078 0.476366 0.932540 0.468838 0.928805 0.467437 0.911298 0.465336 0.891690 0.464811 0.883520 0.463235 0.869281 0.462010 0.855976 0.459384 0.841737 0.455532 0.837302 0.453081 0.829132 0.450105 0.815359 0.442927 0.810458 0.439426 0.803455 0.439426 0.800187 0.438725 0.797386 0.439426 0.788749 0.439251 0.784547 0.439951 0.778945 0.441527 0.764939 0.447479 0.757003 0.453256 0.752568 0.464286 0.752101 0.470938
1 0.656863 0.514531 0.657563 0.529762 0.658964 0.535014 0.661064 0.554097 0.664799 0.563375 0.666900 0.566176 0.668301 0.571078 0.667834 0.578782 0.669935 0.595413 0.674136 0.598214 0.675303 0.602416 0.688842 0.619223 0.689776 0.620098 0.692577 0.620623 0.726190 0.596639 0.753268 0.581583 0.756303 0.579132 0.785714 0.567227 0.797386 0.564076 0.799486 0.561275 0.797852 0.544643 0.795051 0.535364 0.789449 0.522584 0.769374 0.494223 0.742530 0.466211 0.734360 0.461485 0.718254 0.466211 0.705182 0.466737 0.699580 0.465336 0.685341 0.463761 0.672035 0.458859 0.669701 0.459559 0.668301 0.460434 0.662465 0.471113 0.658497 0.487220 0.657796 0.494923 0.656863 0.514531
1 0.576797 0.567577 0.578431 0.570728 0.579132 0.575630 0.581466 0.579482 0.585201 0.579657 0.591970 0.577381 0.601774 0.575630 0.608777 0.573354 0.614146 0.573179 0.623016 0.571604 0.637255 0.571078 0.647059 0.572479 0.651961 0.573704 0.656162 0.577031 0.659430 0.582458 0.661064 0.588410 0.663399 0.589986 0.664799 0.593662 0.666667 0.591912 0.667600 0.588936 0.667367 0.571954 0.666200 0.566702 0.663399 0.561450 0.660831 0.553396 0.656396 0.524360 0.656162 0.515406 0.654295 0.511555 0.651727 0.509979 0.644024 0.507878 0.633053 0.507703 0.619748 0.510504 0.608543 0.515231 0.604108 0.517857 0.597572 0.522409 0.592437 0.528361 0.581232 0.549720 0.577731 0.560224 0.576797 0.567577
0 0.426937 0.579132 0.430439 0.616071 0.431839 0.622899 0.437208 0.636905 0.445612 0.652136 0.458217 0.665791 0.466620 0.670168 0.470355 0.670343 0.487628 0.663866 0.505135 0.661415 0.504902 0.657913 0.514706 0.645483 0.518908 0.641807 0.520075 0.635679 0.522642 0.629552 0.533613 0.612920 0.541550 0.588410 0.546685 0.560924 0.547619 0.545868 0.546919 0.528361 0.540149 0.508228 0.530345 0.493873 0.520308 0.486345 0.512372 0.482493 0.504669 0.480042 0.480859 0.479167 0.468254 0.480742 0.459384 0.486870 0.453081 0.493697 0.434874 0.522409 0.429505 0.533263 0.426704 0.557073 0.426937 0.579132
0 0.382353 0.352416 0.388189 0.362920 0.390523 0.365721 0.394491 0.368347 0.397526 0.369223 0.411064 0.370623 0.428571 0.368697 0.451447 0.364321 0.457049 0.360994 0.477591 0.353992 0.504669 0.340686 0.517507 0.331758 0.528011 0.323004 0.540149 0.304272 0.545518 0.293067 0.550420 0.270658 0.549486 0.255427 0.546452 0.248424 0.546919 0.244223 0.542951 0.243697 0.541317 0.242122 0.529412 0.235644 0.519141 0.233018 0.512372 0.232143 0.501401 0.232143 0.488095 0.233718 0.476657 0.236345 0.439542 0.251401 0.423436 0.260854 0.409897 0.274685 0.392857 0.300945 0.387722 0.317927 0.383754 0.326155 0.381653 0.335084 0.382353 0.352416
1 0.565826 0.297444 0.566527 0.300945 0.568627 0.307773 0.574697 0.317927 0.582166 0.334909 0.584967 0.337885 0.592437 0.343137 0.619981 0.360469 0.638655 0.376050 0.643557 0.381828 0.647526 0.385154 0.651727 0.380602 0.658964 0.368347 0.667600 0.356268 0.672269 0.352766 0.681606 0.341737 0.686041 0.338585 0.687908 0.336310 0.693044 0.333158 0.697012 0.327731 0.711485 0.315301 0.718254 0.310574 0.717320 0.307423 0.706583 0.296744 0.682306 0.278186 0.670635 0.272409 0.661298 0.268732 0.653361 0.264181 0.629552 0.257878 0.623950 0.256828 0.608077 0.256653 0.595238 0.257528 0.577731 0.260504 0.571895 0.262430 0.569328 0.264006 0.566293 0.272234 0.565826 0.297444
1 0.615780 0.231092 0.616947 0.237920 0.619281 0.245973 0.622782 0.251926 0.627218 0.255077 0.640523 0.259804 0.650794 0.262255 0.667600 0.270133 0.673669 0.272234 0.680439 0.275910 0.685574 0.277486 0.697246 0.273284 0.713352 0.264531 0.722923 0.255077 0.727358 0.248950 0.733894 0.234419 0.734360 0.222689 0.732960 0.210784 0.730626 0.199930 0.726891 0.193803 0.715219 0.181022 0.706116 0.174195 0.693744 0.167542 0.684174 0.163515 0.678571 0.161940 0.671569 0.161940 0.661298 0.163515 0.649393 0.168417 0.640523 0.173669 0.633287 0.179272 0.624883 0.188025 0.619514 0.196254 0.617414 0.202731 0.615780 0.216912 0.615780 0.231092
1 0.304155 0.259104 0.304855 0.263831 0.306723 0.269258 0.310691 0.272759 0.314192 0.272409 0.327965 0.265231 0.331232 0.264356 0.336601 0.260504 0.342204 0.258228 0.369981 0.255252 0.373016 0.254377 0.385621 0.253852 0.408263 0.254377 0.418534 0.241947 0.425770 0.230392 0.428805 0.222514 0.431606 0.206583 0.431606 0.198880 0.429038 0.187150 0.422035 0.175245 0.414799 0.167717 0.405696 0.161415 0.399160 0.157913 0.387722 0.153887 0.371849 0.154412 0.358777 0.157213 0.348506 0.161239 0.331232 0.174545 0.324230 0.185399 0.320495 0.193102 0.304622 0.244748 0.304155 0.259104
0 0.035948 0.256127 0.036881 0.262255 0.040616 0.269083 0.042951 0.276611 0.045985 0.282738 0.050187 0.288515 0.058824 0.295518 0.066993 0.303571 0.070728 0.305847 0.077731 0.307248 0.084267 0.306022 0.092904 0.302696 0.098273 0.299720 0.103875 0.298494 0.107843 0.296569 0.115780 0.294293 0.122316 0.292892 0.131653 0.293242 0.136788 0.292367 0.140289 0.291141 0.147526 0.286415 0.154762 0.283438 0.174603 0.270308 0.181373 0.260329 0.197479 0.241071 0.200514 0.238445 0.204015 0.233018 0.206583 0.231443 0.213585 0.224440 0.214286 0.220238 0.212185 0.213410 0.211251 0.206408 0.205649 0.192752 0.200047 0.185749 0.195845 0.182073 0.183940 0.175245 0.175070 0.171394 0.154295 0.165791 0.141923 0.163690 0.129785 0.164916 0.116480 0.168067 0.105275 0.173494 0.091737 0.181373 0.080532 0.188375 0.070962 0.195728 0.058357 0.209384 0.050187 0.219713 0.042717 0.233894 0.040149 0.241071 0.037348 0.243873 0.036181 0.247374 0.035948 0.256127
1 0.170635 0.309699 0.174603 0.324755 0.182306 0.338235 0.189076 0.344013 0.205182 0.330357 0.212885 0.326155 0.219888 0.323529 0.227124 0.322479 0.241130 0.321954 0.264706 0.325805 0.268908 0.327731 0.274510 0.328957 0.278011 0.331758 0.282913 0.333508 0.284314 0.332983 0.289216 0.327906 0.287815 0.319853 0.288982 0.310399 0.292717 0.301471 0.306489 0.279587 0.306956 0.276611 0.306489 0.272409 0.303221 0.263305 0.302054 0.248249 0.298086 0.241422 0.290850 0.233193 0.282213 0.226716 0.271942 0.220938 0.248366 0.217437 0.230392 0.219013 0.223623 0.221464 0.216853 0.224965 0.208917 0.230217 0.200747 0.240721 0.195145 0.246324 0.187908 0.251751 0.183940 0.257703 0.175070 0.275560 0.170401 0.299895 0.170635 0.309699
0 0.022409 0.386905 0.023109 0.400910 0.024977 0.403887 0.028945 0.416667 0.032680 0.425245 0.036181 0.431197 0.042017 0.437325 0.046685 0.438901 0.049020 0.438901 0.066293 0.435749 0.097806 0.422794 0.104108 0.416492 0.122549 0.401436 0.140289 0.388480 0.154528 0.381478 0.158497 0.380252 0.165033 0.375525 0.170168 0.368172 0.176704 0.352941 0.177171 0.343312 0.171102 0.321604 0.169234 0.318102 0.168534 0.314251 0.164799 0.307423 0.157796 0.300420 0.155462 0.299195 0.144024 0.295868 0.132586 0.293943 0.123249 0.294118 0.112745 0.295693 0.085201 0.306548 0.068161 0.316352 0.052988 0.328081 0.039916 0.341912 0.029412 0.358543 0.027544 0.362920 0.024276 0.376576 0.022409 0.386905
1 0.647993 0.029412 0.648926 0.043242 0.656162 0.057598 0.667367 0.069678 0.678571 0.076506 0.694444 0.083508 0.706816 0.089986 0.723856 0.094538 0.730859 0.095238 0.737628 0.091211 0.746265 0.087535 0.754669 0.084909 0.763539 0.084559 0.769141 0.085434 0.782913 0.089811 0.790383 0.091211 0.796685 0.090161 0.804155 0.086310 0.810458 0.084559 0.815593 0.078256 0.818394 0.071429 0.818161 0.062500 0.815359 0.053396 0.810691 0.046744 0.805089 0.041842 0.799953 0.039041 0.791550 0.032738 0.779879 0.022934 0.771008 0.016632 0.765640 0.011555 0.748599 0.004027 0.739963 0.001751 0.739729 0.000000 0.670635 0.000000 0.669468 0.002451 0.661531 0.005952 0.658497 0.008754 0.653361 0.015056 0.649393 0.022584 0.647993 0.029412
1 0.589636 0.100140 0.591737 0.111345 0.594304 0.116422 0.598506 0.130077 0.607376 0.142157 0.612745 0.142507 0.636788 0.139356 0.653361 0.141457 0.657563 0.143032 0.661064 0.146534 0.663165 0.152836 0.663165 0.154587 0.661298 0.157738 0.662698 0.160364 0.665266 0.160889 0.672969 0.160189 0.684641 0.162115 0.692577 0.165966 0.706583 0.171218 0.709384 0.171043 0.713352 0.169468 0.718254 0.166141 0.719188 0.163515 0.717787 0.161590 0.718487 0.158088 0.717320 0.142332 0.717787 0.128501 0.722222 0.110119 0.722456 0.105917 0.714519 0.096639 0.707983 0.091562 0.693044 0.083859 0.665033 0.072479 0.657330 0.072129 0.635387 0.066352 0.626284 0.065651 0.616480 0.067752 0.609711 0.067752 0.606209 0.068803 0.596405 0.078081 0.592437 0.085084 0.590103 0.091912 0.589636 0.100140
1 0.448179 0.234244 0.448179 0.238095 0.449580 0.242822 0.452848 0.243873 0.459851 0.242472 0.477124 0.235119 0.491130 0.232143 0.509104 0.230742 0.520308 0.232318 0.529412 0.234944 0.532213 0.234594 0.534547 0.233018 0.541317 0.226366 0.555556 0.207808 0.559057 0.199055 0.563725 0.178221 0.566293 0.171744 0.567460 0.155812 0.564893 0.144608 0.560691 0.135679 0.553221 0.129727 0.546685 0.126401 0.540383 0.125350 0.532680 0.125000 0.520775 0.126576 0.507703 0.132878 0.487395 0.147409 0.480626 0.153361 0.469421 0.168242 0.463119 0.181723 0.457983 0.196078 0.454482 0.210784 0.450980 0.221113 0.448179 0.234244
1 0.554622 0.230742 0.555322 0.235819 0.556723 0.237570 0.581699 0.239496 0.595238 0.243172 0.601074 0.243873 0.616013 0.250000 0.617880 0.249475 0.619048 0.248074 0.616947 0.241772 0.614613 0.223564 0.616480 0.206232 0.619048 0.196954 0.623950 0.188901 0.634220 0.178221 0.640523 0.173144 0.654062 0.165441 0.657796 0.164741 0.658964 0.163690 0.662232 0.154587 0.661998 0.150210 0.659897 0.146008 0.650794 0.140931 0.637488 0.139881 0.630019 0.140406 0.612979 0.143207 0.602241 0.146534 0.595238 0.149685 0.587768 0.154412 0.577731 0.164041 0.568627 0.175245 0.565126 0.182073 0.562558 0.192752 0.555789 0.209909 0.554855 0.215686 0.554622 0.230742
1 0.850140 0.210084 0.852474 0.212885 0.859244 0.213585 0.862512 0.214986 0.870915 0.214111 0.898693 0.215861 0.921335 0.220763 0.943978 0.232843 0.950280 0.238445 0.963585 0.246324 0.970121 0.252276 0.986928 0.264706 0.991130 0.266982 0.994164 0.266632 0.997899 0.264706 0.999767 0.264706 0.999767 0.165266 0.983427 0.157738 0.971522 0.153011 0.953315 0.149160 0.946078 0.146534 0.932540 0.143732 0.925303 0.146008 0.907796 0.146709 0.902194 0.148810 0.890056 0.151436 0.881886 0.154237 0.871615 0.160014 0.866713 0.164741 0.862745 0.166842 0.859711 0.170343 0.855742 0.173144 0.852474 0.178746 0.853408 0.183473 0.850607 0.189076 0.849206 0.196078 0.850140 0.210084
1 0.780345 0.181898 0.784547 0.192752 0.792017 0.200630 0.800420 0.207458 0.807656 0.210959 0.812092 0.211660 0.821195 0.216737 0.831466 0.215861 0.842904 0.213761 0.848739 0.212010 0.849907 0.210084 0.848506 0.196078 0.850607 0.191176 0.853175 0.189251 0.851074 0.185049 0.851541 0.179622 0.857376 0.171744 0.869048 0.161415 0.885387 0.152836 0.896359 0.149160 0.914799 0.145483 0.928805 0.146008 0.932540 0.145483 0.934641 0.144083 0.921569 0.140056 0.904062 0.138130 0.885621 0.139356 0.845238 0.145658 0.835434 0.148284 0.824930 0.149510 0.813959 0.151786 0.799953 0.157038 0.793417 0.160189 0.783380 0.166842 0.781279 0.169643 0.780112 0.173144 0.780345 0.181898
1 0.848506 0.116422 0.851074 0.123074 0.855742 0.133403 0.859711 0.139531 0.861811 0.140756 0.869514 0.140931 0.887021 0.138480 0.906396 0.137605 0.919701 0.139181 0.926237 0.140931 0.936041 0.142157 0.942577 0.144083 0.945612 0.142157 0.947012 0.137080 0.947479 0.132353 0.945378 0.126576 0.947479 0.122724 0.949346 0.121499 0.951914 0.121849 0.953081 0.122724 0.956116 0.122199 0.960551 0.119923 0.963352 0.119573 0.966620 0.117647 0.970355 0.117822 0.973856 0.115371 0.975724 0.112745 0.973623 0.105742 0.963819 0.091211 0.957516 0.084734 0.943978 0.074405 0.931139 0.067927 0.921335 0.064601 0.918067 0.063901 0.907330 0.064426 0.901494 0.062675 0.898459 0.062500 0.887722 0.063725 0.879552 0.066877 0.873249 0.071078 0.862512 0.080007 0.858543 0.084909 0.852241 0.098039 0.848739 0.110644 0.848506 0.116422
1 0.718254 0.140581 0.719421 0.154412 0.720822 0.158263 0.722222 0.168067 0.728992 0.180322 0.737862 0.192927 0.745798 0.202206 0.758637 0.222689 0.762138 0.225140 0.763772 0.223915 0.787115 0.217787 0.794118 0.216387 0.799020 0.215861 0.804388 0.216211 0.806489 0.215511 0.809057 0.213585 0.806723 0.209909 0.802288 0.208158 0.796919 0.202906 0.791317 0.199405 0.786181 0.194503 0.780345 0.181197 0.780345 0.171569 0.785247 0.165091 0.793417 0.160014 0.809991 0.153011 0.822596 0.149335 0.824463 0.148109 0.824697 0.146709 0.821195 0.135154 0.817227 0.127101 0.808824 0.116772 0.805322 0.110294 0.792250 0.096464 0.782680 0.090161 0.774510 0.087360 0.762138 0.085259 0.755836 0.085784 0.750934 0.087010 0.739963 0.091211 0.730859 0.097339 0.723856 0.108368 0.721289 0.117122 0.718721 0.132878 0.718254 0.140581
1 0.790383 0.095763 0.797619 0.102066 0.814893 0.123950 0.820962 0.133929 0.824697 0.142857 0.826564 0.140756 0.826331 0.132878 0.822829 0.099265 0.814192 0.085784 0.810458 0.084909 0.796685 0.091036 0.790383 0.091912 0.790383 0.095763
1 0.703315 0.290091 0.704949 0.293242 0.714519 0.303746 0.720355 0.308648 0.733193 0.302871 0.737862 0.301471 0.751167 0.299545 0.765640 0.299195 0.770542 0.297969 0.771942 0.296744 0.769841 0.293592 0.768207 0.271884 0.770075 0.261555 0.773343 0.253852 0.778945 0.245273 0.792951 0.232143 0.802288 0.226541 0.809290 0.223915 0.812325 0.221113 0.814893 0.220413 0.803922 0.217612 0.795752 0.216912 0.762138 0.224790 0.756303 0.227591 0.748133 0.230042 0.745331 0.232318 0.737162 0.235819 0.733427 0.239846 0.725257 0.253852 0.716387 0.264531 0.710784 0.269083 0.708217 0.272409 0.708450 0.276436 0.706349 0.279412 0.704015 0.286415 0.703315 0.290091
1 0.947012 0.144083 0.949346 0.146183 0.969888 0.151786 0.991363 0.160189 0.997899 0.163690 0.999767 0.163690 0.999767 0.111695 0.977358 0.114671 0.971522 0.118172 0.966387 0.119923 0.963585 0.120098 0.959150 0.124650 0.951681 0.129902 0.948880 0.133578 0.947246 0.137780 0.947012 0.144083
1 0.289216 0.321254 0.290850 0.325280 0.292250 0.326856 0.301120 0.331933 0.307890 0.333859 0.313725 0.336835 0.340103 0.347339 0.345238 0.348739 0.348739 0.350840 0.352941 0.351015 0.361578 0.353291 0.369514 0.354167 0.373950 0.354342 0.379318 0.353291 0.380486 0.352241 0.381186 0.349090 0.380486 0.338060 0.381419 0.331232 0.383754 0.324055 0.387021 0.317752 0.391690 0.301821 0.394725 0.297794 0.400093 0.287640 0.410131 0.273459 0.421802 0.262080 0.419701 0.258578 0.414566 0.257003 0.404762 0.255427 0.397526 0.254552 0.385387 0.254377 0.369514 0.255077 0.341503 0.258403 0.317694 0.270833 0.309524 0.277661 0.299953 0.291317 0.291317 0.307598 0.289449 0.313025 0.289216 0.321254
1 0.187208 0.361870 0.189076 0.370448 0.192577 0.373775 0.197246 0.370623 0.202614 0.364846 0.210084 0.358718 0.216620 0.355217 0.221522 0.353817 0.229692 0.349790 0.237395 0.348214 0.242437 0.348214 0.250233 0.349965 0.255602 0.352591 0.262605 0.358543 0.267740 0.368697 0.274510 0.387255 0.277077 0.399335 0.277077 0.418768 0.274977 0.431548 0.270542 0.448704 0.270775 0.453431 0.278245 0.459209 0.283847 0.462010 0.292250 0.468137 0.301354 0.472689 0.310691 0.476015 0.323063 0.476716 0.327965 0.476366 0.338469 0.473915 0.348039 0.468137 0.357376 0.458683 0.360411 0.450280 0.360644 0.439426 0.356443 0.404587 0.352474 0.397409 0.339636 0.382003 0.324463 0.365546 0.310924 0.352766 0.299486 0.345413 0.294818 0.341387 0.283613 0.334909 0.267040 0.327381 0.261905 0.325980 0.253501 0.325105 0.245098 0.323004 0.230159 0.323179 0.218254 0.324580 0.210784 0.328081 0.194211 0.341036 0.189542 0.346639 0.187208 0.356443 0.187208 0.361870
1 0.053221 0.536590 0.054622 0.539741 0.060691 0.546394 0.065593 0.550420 0.080299 0.557248 0.091970 0.560399 0.100840 0.561275 0.113212 0.561450 0.123483 0.560749 0.130019 0.559524 0.142157 0.555497 0.150794 0.553922 0.154295 0.551471 0.160598 0.543943 0.169234 0.536239 0.170868 0.533088 0.171802 0.532913 0.167600 0.532738 0.150327 0.535014 0.140289 0.533088 0.136788 0.533088 0.134687 0.532213 0.132586 0.529412 0.123016 0.523109 0.115546 0.515231 0.111345 0.497549 0.108543 0.491246 0.108310 0.486695 0.110177 0.473739 0.114846 0.459034 0.124650 0.440301 0.130252 0.433824 0.139122 0.420168 0.152894 0.406162 0.158030 0.402311 0.167367 0.393207 0.171569 0.390406 0.175537 0.385679 0.185107 0.380077 0.183707 0.378326 0.178571 0.377101 0.166667 0.379727 0.158497 0.383053 0.150794 0.385154 0.143324 0.388655 0.120215 0.403887 0.113912 0.409839 0.109244 0.412815 0.099673 0.423845 0.095938 0.426996 0.087302 0.443452 0.068627 0.490021 0.062792 0.500350 0.053688 0.528887 0.053221 0.536590
1 0.315826 0.355917 0.318394 0.359244 0.325397 0.365021 0.327965 0.368873 0.340103 0.381653 0.353641 0.398634 0.357843 0.407563 0.359244 0.426646 0.362745 0.429272 0.363679 0.424020 0.366246 0.419643 0.368114 0.413340 0.375117 0.400560 0.389823 0.387955 0.403361 0.380252 0.408030 0.376576 0.407563 0.373249 0.400093 0.371499 0.390523 0.367822 0.387021 0.362570 0.380019 0.356443 0.375584 0.356793 0.366246 0.354692 0.359477 0.353992 0.329132 0.352591 0.321195 0.353291 0.316760 0.354867 0.315826 0.355917
1 0.505602 0.456758 0.504902 0.464986 0.502801 0.473739 0.503735 0.477241 0.508870 0.480742 0.519141 0.484944 0.527544 0.490721 0.530812 0.493873 0.537348 0.502626 0.542017 0.511380 0.547619 0.528536 0.548553 0.542892 0.547852 0.558298 0.545518 0.574755 0.543651 0.579482 0.541783 0.592087 0.543417 0.594713 0.546685 0.595588 0.550187 0.595588 0.555322 0.591912 0.557656 0.588585 0.558357 0.584734 0.569094 0.572654 0.574930 0.563725 0.588936 0.531688 0.590803 0.523109 0.591970 0.505602 0.590570 0.490896 0.589169 0.488445 0.574230 0.479167 0.531513 0.444678 0.521942 0.432248 0.518674 0.430847 0.515406 0.432423 0.508637 0.437675 0.504902 0.442402 0.505602 0.456758
1 0.351542 0.486253 0.351880 0.486253 0.351880 0.485463 0.351542 0.485463 0.351542 0.486253
1 0.236461 0.498074 0.237395 0.498775 0.241830 0.498599 0.258637 0.495098 0.275444 0.490371 0.279645 0.490546 0.289683 0.488971 0.313259 0.488445 0.318161 0.488796 0.332400 0.492472 0.341270 0.493347 0.353641 0.495973 0.369748 0.501751 0.373483 0.502276 0.374650 0.501576 0.375117 0.498599 0.373950 0.489881 0.373950 0.480392 0.366947 0.468312 0.362745 0.455707 0.359244 0.457108 0.353641 0.464111 0.336601 0.475315 0.324930 0.477591 0.321195 0.477066 0.316760 0.477416 0.307190 0.475840 0.303922 0.473739 0.300187 0.472864 0.292484 0.469013 0.284080 0.463410 0.279178 0.461134 0.275910 0.460434 0.268441 0.467262 0.261905 0.471113 0.253968 0.480392 0.238796 0.494748 0.236461 0.498074
0 0.521475 0.640406 0.521709 0.652311 0.527544 0.672444 0.530345 0.678922 0.534781 0.685749 0.542250 0.694853 0.555089 0.705532 0.564192 0.710609 0.584967 0.715336 0.594771 0.717087 0.602241 0.717437 0.616013 0.715511 0.629785 0.709909 0.646125 0.699230 0.658730 0.686275 0.669701 0.672444 0.676004 0.658789 0.679739 0.642857 0.680439 0.633228 0.676704 0.621849 0.666433 0.603291 0.656396 0.578081 0.651027 0.574055 0.634687 0.571604 0.605976 0.574930 0.595005 0.577381 0.582633 0.581232 0.561391 0.591912 0.551821 0.598739 0.549020 0.602241 0.541783 0.607668 0.540383 0.609769 0.536415 0.610819 0.526611 0.626751 0.522409 0.635679 0.521475 0.640406
1 0.849673 0.810749 0.851074 0.815301 0.858310 0.824580 0.872549 0.839286 0.890523 0.852941 0.907796 0.862745 0.915500 0.866246 0.921802 0.868172 0.955649 0.874300 0.974090 0.873775 0.978992 0.872024 0.981326 0.869923 0.983894 0.865721 0.988562 0.852066 0.990663 0.835784 0.990430 0.814076 0.988562 0.795868 0.990196 0.758053 0.985528 0.730742 0.982260 0.724265 0.968487 0.702906 0.963819 0.698179 0.955649 0.692752 0.946078 0.684349 0.942577 0.684524 0.939776 0.688725 0.937208 0.697479 0.936275 0.706408 0.929972 0.723214 0.927638 0.732843 0.919234 0.746674 0.905929 0.759629 0.894958 0.767507 0.873016 0.776436 0.857843 0.779587 0.852708 0.781688 0.851774 0.785714 0.852007 0.797794 0.849907 0.807773 0.849673 0.810749
1 0.912698 0.583508 0.915733 0.588761 0.919468 0.591912 0.921802 0.596639 0.925303 0.605742 0.924837 0.609419 0.925770 0.612045 0.925770 0.617122 0.924837 0.623599 0.923436 0.626576 0.924136 0.634104 0.919935 0.640056 0.913866 0.654412 0.915733 0.657738 0.913866 0.661765 0.911298 0.663690 0.905929 0.671744 0.901027 0.675420 0.897993 0.679272 0.883754 0.690301 0.867180 0.700280 0.845705 0.707983 0.820962 0.713060 0.811858 0.715686 0.801587 0.716737 0.791550 0.720413 0.791550 0.724090 0.793184 0.727591 0.795285 0.729867 0.800187 0.738971 0.801821 0.740196 0.806723 0.751401 0.807190 0.754377 0.811858 0.762255 0.820495 0.769608 0.828898 0.773109 0.834500 0.776786 0.845472 0.778711 0.852241 0.780637 0.855509 0.779237 0.859711 0.779062 0.869514 0.776961 0.880952 0.773284 0.887255 0.771008 0.901727 0.762955 0.910598 0.755777 0.919935 0.745623 0.925770 0.736345 0.929038 0.727066 0.931139 0.717087 0.935574 0.703081 0.938142 0.688725 0.940243 0.682773 0.939776 0.674895 0.942344 0.668242 0.943511 0.661940 0.944678 0.647059 0.943044 0.619398 0.936275 0.602416 0.929272 0.591912 0.923203 0.587885 0.921802 0.584734 0.918534 0.584034 0.914566 0.581232 0.912232 0.580707 0.910364 0.581232 0.912698 0.583508
1 0.598039 0.776261 0.591970 0.805672 0.593371 0.830357 0.592904 0.856268 0.589169 0.874300 0.586835 0.878676 0.583100 0.881653 0.570962 0.886730 0.557890 0.888831 0.543184 0.888480 0.541317 0.889356 0.540850 0.890756 0.542484 0.895133 0.547619 0.903186 0.551587 0.907738 0.555789 0.915091 0.570962 0.932073 0.584267 0.945903 0.593371 0.954132 0.598973 0.962010 0.603641 0.964986 0.610878 0.966036 0.622549 0.963936 0.638422 0.957458 0.650327 0.950280 0.657796 0.944678 0.665266 0.935574 0.674136 0.922094 0.680906 0.907738 0.683007 0.898634 0.684174 0.887080 0.684641 0.869223 0.683473 0.855742 0.682306 0.852416 0.665966 0.819678 0.655229 0.802521 0.632820 0.773284 0.623249 0.750175 0.618114 0.746148 0.610878 0.744398 0.604809 0.745448 0.601774 0.748074 0.598039 0.776261
1 0.853408 0.555147 0.854809 0.557073 0.879085 0.562500 0.888189 0.566001 0.894958 0.569328 0.904528 0.576155 0.912232 0.579832 0.919468 0.582283 0.928805 0.591562 0.932073 0.595588 0.938842 0.607318 0.941877 0.614671 0.944211 0.627276 0.946078 0.652661 0.949346 0.650735 0.957516 0.636905 0.958450 0.633403 0.967554 0.615721 0.971989 0.601716 0.978758 0.586485 0.980859 0.574930 0.979692 0.564951 0.980392 0.560749 0.971522 0.559349 0.949346 0.559874 0.938842 0.557948 0.930439 0.557598 0.889122 0.552171 0.866480 0.548319 0.856209 0.545693 0.853641 0.546744 0.853408 0.555147
1 0.962418 0.682248 0.968021 0.699405 0.974323 0.707983 0.984360 0.725140 0.998133 0.738971 0.999767 0.738971 0.999767 0.623599 0.994164 0.624125 0.986461 0.626401 0.980159 0.629902 0.972689 0.635679 0.965219 0.648109 0.963119 0.654237 0.962185 0.660889 0.962418 0.682248
1 0.543184 0.244573 0.545985 0.245098 0.547152 0.246499 0.550654 0.258578 0.551120 0.272934 0.548786 0.284489 0.545285 0.294993 0.540850 0.304797 0.538049 0.309349 0.536415 0.310399 0.535948 0.312850 0.532913 0.317402 0.533147 0.318803 0.534314 0.321078 0.547852 0.321779 0.552988 0.323179 0.556022 0.324930 0.563959 0.327381 0.571429 0.330707 0.575630 0.331583 0.576797 0.330707 0.577031 0.327556 0.574463 0.317752 0.567227 0.304447 0.565826 0.298319 0.564893 0.279062 0.566060 0.269258 0.568161 0.264881 0.574697 0.260854 0.584734 0.258929 0.588469 0.258929 0.598273 0.256653 0.617647 0.256127 0.621615 0.255077 0.618347 0.249825 0.614146 0.249650 0.602241 0.244398 0.583100 0.240196 0.568161 0.238445 0.557656 0.238445 0.540383 0.241246 0.543184 0.244573
1 0.812325 0.779587 0.814426 0.792192 0.814659 0.814951 0.813259 0.824580 0.808824 0.834559 0.790850 0.865021 0.780112 0.877101 0.759804 0.889356 0.751867 0.892332 0.744164 0.894083 0.746032 0.897584 0.758637 0.904062 0.775910 0.910189 0.782680 0.909139 0.789449 0.905812 0.810924 0.890056 0.812792 0.887780 0.821429 0.873775 0.848039 0.814076 0.850373 0.797444 0.849907 0.782913 0.848973 0.781513 0.845472 0.779412 0.836134 0.777661 0.814192 0.766982 0.811858 0.768032 0.812325 0.779587
1 0.954715 0.367297 0.958917 0.369398 0.979225 0.375000 0.989029 0.378501 0.996265 0.382003 0.998133 0.383754 0.999767 0.383754 0.999767 0.351366 0.998366 0.351366 0.996032 0.353116 0.986461 0.357318 0.975023 0.360994 0.961018 0.364496 0.955882 0.364671 0.953548 0.365721 0.954715 0.367297