1 0.414099 0.102416 0.419701 0.123775 0.423436 0.130952 0.428338 0.136555 0.439076 0.143908 0.460084 0.152836 0.473856 0.156162 0.516106 0.163340 0.536648 0.164916 0.546685 0.163515 0.553221 0.161590 0.580999 0.152486 0.584967 0.150385 0.599440 0.146359 0.609010 0.144958 0.615546 0.142857 0.619748 0.142682 0.644258 0.138480 0.655229 0.135504 0.678805 0.132878 0.682073 0.131828 0.698335 0.129552 0.703315 0.129727 0.706349 0.128676 0.713585 0.128852 0.717554 0.129727 0.725724 0.128326 0.731326 0.129027 0.741830 0.127101 0.746732 0.124475 0.755602 0.117647 0.758637 0.113095 0.762838 0.109594 0.776377 0.092787 0.781279 0.085434 0.787815 0.067402 0.789216 0.058298 0.788982 0.052521 0.789916 0.050245 0.787115 0.043417 0.780579 0.034839 0.774510 0.022584 0.771942 0.019083 0.769141 0.011905 0.768908 0.008929 0.764706 0.000000 0.510504 0.000000 0.510037 0.001926 0.496499 0.006303 0.485528 0.012430 0.480626 0.013831 0.476424 0.016807 0.467087 0.021359 0.455415 0.029062 0.439309 0.042192 0.436275 0.046744 0.432073 0.050245 0.427404 0.056548 0.419701 0.069503 0.416433 0.078081 0.414332 0.091737 0.414099 0.102416
1 0.246265 0.000000 0.246265 0.009104 0.249066 0.022584 0.252101 0.032213 0.258637 0.044993 0.264706 0.054622 0.268908 0.058824 0.281046 0.075630 0.289449 0.083508 0.301821 0.091562 0.306489 0.096639 0.314192 0.101366 0.337068 0.112395 0.341970 0.115896 0.362745 0.124300 0.390523 0.131828 0.415733 0.134104 0.419468 0.133228 0.420635 0.130077 0.415733 0.116246 0.413866 0.107843 0.412932 0.102416 0.412932 0.087885 0.417834 0.071078 0.425770 0.057598 0.437908 0.043067 0.460084 0.024510 0.494631 0.005602 0.498599 0.005077 0.499767 0.000000 0.246265 0.000000
1 0.117180 0.000000 0.117180 0.001751 0.124183 0.015931 0.136555 0.029412 0.143791 0.036239 0.157796 0.047094 0.169701 0.054622 0.176937 0.058298 0.184174 0.061625 0.189076 0.062850 0.192344 0.064776 0.205649 0.068102 0.217087 0.072304 0.230392 0.074580 0.270542 0.078606 0.275910 0.080182 0.278011 0.079832 0.281746 0.078081 0.264239 0.054447 0.251401 0.032038 0.245798 0.012080 0.244631 0.000000 0.117180 0.000000
1 0.059757 0.141106 0.060924 0.146884 0.063959 0.151085 0.066993 0.153536 0.084734 0.165791 0.122316 0.182248 0.140756 0.188375 0.152428 0.193277 0.193044 0.206057 0.195612 0.207458 0.209617 0.210959 0.216387 0.212010 0.224090 0.211660 0.252101 0.213761 0.269141 0.217437 0.267507 0.209734 0.261204 0.199230 0.259570 0.194328 0.258637 0.183512 0.260738 0.172444 0.266573 0.162990 0.273810 0.156338 0.282213 0.150035 0.292484 0.144608 0.307656 0.138480 0.327731 0.134454 0.338469 0.133754 0.341737 0.132528 0.348973 0.131828 0.352708 0.132353 0.366480 0.131303 0.368347 0.130077 0.362278 0.127801 0.361811 0.126751 0.356443 0.123074 0.313725 0.102941 0.304855 0.097164 0.301354 0.095763 0.296685 0.091387 0.293651 0.089986 0.289683 0.086485 0.285948 0.084909 0.264939 0.080707 0.241363 0.077031 0.224790 0.075805 0.198646 0.075105 0.186275 0.076155 0.177638 0.075980 0.151027 0.078256 0.123483 0.084734 0.113212 0.088235 0.091737 0.097339 0.079599 0.105392 0.071195 0.112745 0.069094 0.116246 0.066293 0.118697 0.059991 0.133578 0.059757 0.141106
1 0.260504 0.189601 0.262605 0.199230 0.268207 0.210084 0.276844 0.220238 0.300187 0.236169 0.309757 0.241246 0.316993 0.243873 0.341737 0.255427 0.359244 0.261204 0.361578 0.262605 0.387255 0.271884 0.413866 0.280637 0.425303 0.282738 0.428805 0.285014 0.435341 0.286765 0.449346 0.288866 0.456816 0.289216 0.464753 0.291842 0.508403 0.295168 0.526144 0.294818 0.546218 0.292017 0.551821 0.289916 0.549720 0.288866 0.546919 0.285539 0.541083 0.283088 0.529412 0.275035 0.514939 0.263130 0.503735 0.249825 0.495798 0.233894 0.492530 0.217787 0.492530 0.213410 0.494631 0.202906 0.497199 0.197829 0.502801 0.191352 0.518908 0.176821 0.521008 0.171919 0.517974 0.169118 0.512138 0.165966 0.498366 0.162465 0.477124 0.158613 0.460551 0.154412 0.451681 0.151611 0.433007 0.141632 0.425303 0.138831 0.401261 0.135329 0.380486 0.133228 0.345238 0.133228 0.321429 0.137080 0.317460 0.138480 0.307656 0.140056 0.293184 0.145133 0.278478 0.153887 0.272176 0.159139 0.265406 0.167367 0.261438 0.175245 0.260504 0.189601
1 0.085434 0.282038 0.087768 0.293417 0.098506 0.307248 0.116013 0.321604 0.118814 0.324755 0.126050 0.330007 0.135154 0.334384 0.150560 0.343312 0.176237 0.354167 0.188375 0.360644 0.216853 0.373599 0.239029 0.381303 0.261671 0.384804 0.269374 0.384804 0.276144 0.383578 0.272642 0.383228 0.268908 0.377976 0.255836 0.369048 0.251634 0.367297 0.234360 0.353992 0.231793 0.353116 0.227591 0.349615 0.221522 0.346639 0.215219 0.338410 0.214753 0.334734 0.216153 0.328431 0.219655 0.320728 0.222689 0.316702 0.240430 0.302346 0.253035 0.295693 0.279412 0.286765 0.293184 0.284139 0.301120 0.283789 0.313725 0.281513 0.328898 0.281513 0.334500 0.280812 0.350140 0.281162 0.397993 0.285189 0.401027 0.286064 0.404762 0.285189 0.405929 0.286415 0.407796 0.286765 0.408964 0.286239 0.407796 0.283613 0.404762 0.282038 0.402194 0.278711 0.390990 0.276085 0.384687 0.272584 0.377918 0.270658 0.366480 0.265406 0.349440 0.260679 0.346872 0.258578 0.339402 0.256303 0.331466 0.252101 0.327965 0.251401 0.314192 0.246148 0.312092 0.244398 0.307190 0.242472 0.303221 0.239671 0.293184 0.234594 0.289683 0.230917 0.283380 0.227416 0.277311 0.222339 0.248133 0.216387 0.217087 0.213761 0.202614 0.213410 0.178571 0.216036 0.161298 0.220063 0.158030 0.222864 0.151027 0.224090 0.126751 0.231793 0.122782 0.234069 0.115546 0.236695 0.105742 0.242472 0.099206 0.247374 0.095005 0.251751 0.087535 0.265756 0.085901 0.272934 0.085434 0.282038
1 0.216620 0.338410 0.220121 0.342612 0.221289 0.345413 0.267040 0.375000 0.279645 0.385504 0.297152 0.393207 0.307190 0.399860 0.369981 0.434174 0.397059 0.447829 0.407096 0.452031 0.425537 0.458508 0.432306 0.459209 0.437442 0.460609 0.452381 0.462710 0.482726 0.463936 0.508870 0.461310 0.515406 0.459734 0.520075 0.459384 0.532680 0.454482 0.536181 0.451681 0.539216 0.450980 0.541083 0.448880 0.541783 0.446078 0.540616 0.445203 0.508637 0.429097 0.503735 0.425245 0.488095 0.415616 0.483427 0.411064 0.477124 0.407213 0.470355 0.399335 0.466620 0.396359 0.452848 0.375875 0.448413 0.366246 0.445378 0.352591 0.445145 0.341562 0.446078 0.338585 0.450514 0.331408 0.460084 0.323704 0.466387 0.319678 0.474556 0.316877 0.477824 0.314251 0.473389 0.310399 0.456116 0.303046 0.428571 0.294293 0.404762 0.288866 0.396359 0.287815 0.380486 0.284489 0.356909 0.282038 0.343137 0.281513 0.299953 0.283789 0.286415 0.286064 0.272642 0.289566 0.254669 0.295693 0.245565 0.300070 0.234360 0.307073 0.225724 0.314776 0.220822 0.321078 0.220355 0.323529 0.216853 0.328957 0.216620 0.338410
1 0.077031 0.477066 0.081699 0.484069 0.091737 0.491422 0.100140 0.495973 0.123716 0.505777 0.147526 0.513305 0.154062 0.514356 0.178105 0.521008 0.189076 0.522059 0.194678 0.519433 0.211251 0.507178 0.237395 0.493172 0.264706 0.483368 0.292484 0.475665 0.308123 0.471814 0.324930 0.468662 0.348039 0.466387 0.359944 0.466036 0.362512 0.465336 0.397759 0.466387 0.407563 0.467787 0.413165 0.467787 0.418067 0.466737 0.419701 0.463585 0.419935 0.460084 0.371148 0.435749 0.358310 0.428221 0.321195 0.408964 0.289683 0.391457 0.279412 0.389006 0.257236 0.387255 0.248599 0.385679 0.208450 0.384979 0.185107 0.387780 0.151027 0.396884 0.130252 0.406162 0.123716 0.409839 0.111578 0.418242 0.109711 0.420693 0.106676 0.422794 0.102241 0.428922 0.099673 0.430847 0.086601 0.445728 0.081466 0.452906 0.078198 0.460434 0.076564 0.467262 0.077031 0.477066
1 0.169001 0.573880 0.169701 0.581933 0.173203 0.589286 0.177404 0.595588 0.183940 0.600840 0.189776 0.603992 0.209150 0.609419 0.227124 0.613095 0.235061 0.613620 0.239729 0.615196 0.289683 0.619223 0.296919 0.620973 0.332866 0.626050 0.338469 0.627801 0.352241 0.630252 0.389356 0.632003 0.398226 0.631303 0.401261 0.632003 0.428571 0.632353 0.442577 0.631303 0.445845 0.630427 0.454015 0.630252 0.477824 0.626751 0.485761 0.624475 0.497899 0.619223 0.502334 0.615721 0.502334 0.612570 0.476891 0.599265 0.464986 0.589461 0.459851 0.586660 0.445145 0.568978 0.431139 0.546218 0.428805 0.533438 0.428338 0.525560 0.431839 0.509804 0.434407 0.507353 0.437675 0.501751 0.444211 0.496499 0.445378 0.494748 0.449346 0.493522 0.456583 0.488095 0.458450 0.484419 0.458683 0.480742 0.448413 0.477416 0.429505 0.473039 0.412232 0.470588 0.404528 0.468838 0.372316 0.466562 0.344538 0.467962 0.324463 0.470063 0.310924 0.472164 0.286415 0.478116 0.257003 0.487220 0.236695 0.494573 0.217087 0.505252 0.192110 0.522584 0.183473 0.533613 0.181839 0.537990 0.178338 0.543242 0.178105 0.545343 0.174370 0.550245 0.173203 0.553746 0.170868 0.557073 0.169468 0.564251 0.169001 0.573880
1 0.012838 0.605742 0.013539 0.623249 0.014706 0.624825 0.019608 0.627801 0.022409 0.631828 0.025677 0.632353 0.029645 0.634979 0.058824 0.643557 0.072129 0.648985 0.082166 0.651786 0.162698 0.682948 0.178805 0.687850 0.195378 0.690826 0.199813 0.690826 0.214519 0.682598 0.223856 0.676296 0.237162 0.670868 0.251401 0.665441 0.271242 0.660714 0.306256 0.655287 0.320962 0.653711 0.346405 0.653186 0.359244 0.654587 0.362278 0.654062 0.366013 0.654762 0.371615 0.654412 0.380019 0.647584 0.380486 0.645483 0.384220 0.640406 0.384687 0.636905 0.383754 0.634979 0.379552 0.633578 0.374650 0.632878 0.362512 0.632703 0.359244 0.631478 0.351774 0.631303 0.331466 0.626751 0.324230 0.626401 0.307190 0.623249 0.293184 0.621674 0.288982 0.620273 0.279178 0.619748 0.275910 0.618697 0.265173 0.618522 0.258870 0.617297 0.255369 0.617647 0.237162 0.615896 0.205415 0.609594 0.185107 0.602766 0.175537 0.595413 0.170868 0.587885 0.168067 0.580357 0.167367 0.567577 0.169701 0.557073 0.172969 0.549720 0.175537 0.546744 0.176004 0.543943 0.180672 0.536590 0.178805 0.533964 0.175303 0.533263 0.171102 0.533613 0.169001 0.532913 0.159664 0.532738 0.122082 0.534839 0.114846 0.536415 0.109244 0.536765 0.099907 0.539916 0.088469 0.542717 0.084034 0.544643 0.081232 0.544993 0.070028 0.550245 0.058590 0.556898 0.039216 0.571078 0.021942 0.587360 0.014472 0.599440 0.012838 0.605742
1 0.037815 0.780812 0.039216 0.794118 0.041083 0.800245 0.048319 0.814076 0.052754 0.818277 0.054155 0.821078 0.063725 0.830007 0.073296 0.836485 0.086601 0.843662 0.095238 0.847339 0.104342 0.853116 0.112979 0.856968 0.126517 0.861169 0.130019 0.863095 0.137955 0.864846 0.144258 0.864846 0.147993 0.865546 0.154762 0.868873 0.160364 0.869573 0.168301 0.872549 0.185574 0.876926 0.244631 0.888305 0.248833 0.887780 0.257937 0.889356 0.276377 0.889356 0.297152 0.886029 0.310924 0.881653 0.331933 0.870448 0.350373 0.856268 0.359477 0.841562 0.361345 0.833683 0.360177 0.828081 0.359010 0.827206 0.345472 0.822479 0.324697 0.817927 0.315826 0.814076 0.308123 0.812500 0.303221 0.810049 0.293417 0.807773 0.283847 0.804447 0.275910 0.800770 0.250467 0.792717 0.241363 0.788515 0.236695 0.787465 0.216853 0.777486 0.198179 0.762955 0.188609 0.752626 0.181373 0.741597 0.178338 0.734069 0.178105 0.726541 0.182306 0.713410 0.180672 0.709909 0.178571 0.708859 0.154295 0.706057 0.140289 0.705882 0.116713 0.708158 0.106676 0.710959 0.091737 0.712885 0.081232 0.716036 0.070261 0.721989 0.059757 0.730392 0.053688 0.736695 0.042951 0.751225 0.040149 0.758578 0.038982 0.765231 0.037815 0.780812
1 0.180205 0.735294 0.186275 0.748249 0.191643 0.753151 0.198880 0.762255 0.217087 0.775910 0.228758 0.781338 0.230626 0.783088 0.248133 0.789216 0.251634 0.791492 0.267974 0.797619 0.290149 0.804097 0.296452 0.807248 0.321195 0.813550 0.335668 0.818102 0.338235 0.819503 0.345938 0.820728 0.362745 0.824930 0.372549 0.826155 0.404295 0.828431 0.429272 0.828256 0.449580 0.825980 0.463352 0.821604 0.480626 0.818452 0.497899 0.810749 0.498133 0.807073 0.494398 0.806373 0.486695 0.802871 0.483894 0.800770 0.474090 0.796569 0.470121 0.793067 0.461485 0.787640 0.447479 0.775210 0.442110 0.769083 0.433473 0.756303 0.427871 0.741246 0.425303 0.728992 0.425070 0.720938 0.426937 0.710784 0.429505 0.703431 0.433240 0.698004 0.439309 0.693102 0.457516 0.684874 0.458917 0.682598 0.457983 0.678922 0.447946 0.675245 0.436041 0.672444 0.415033 0.665966 0.407330 0.664741 0.393557 0.661064 0.383287 0.659839 0.373016 0.657388 0.345472 0.654937 0.330766 0.655287 0.300420 0.657563 0.286415 0.659314 0.265406 0.663340 0.262138 0.664916 0.258403 0.665091 0.252101 0.666667 0.233427 0.673845 0.228525 0.676646 0.223156 0.678571 0.206116 0.688375 0.188609 0.703256 0.184174 0.710609 0.180439 0.723564 0.180205 0.735294
1 0.425770 0.727591 0.431839 0.751050 0.436975 0.760329 0.444678 0.770658 0.457049 0.782913 0.478058 0.797269 0.487628 0.801996 0.508637 0.810224 0.536648 0.817052 0.548553 0.819328 0.563025 0.820728 0.605275 0.822479 0.656863 0.819853 0.700047 0.811975 0.707516 0.809524 0.727591 0.805847 0.771475 0.792367 0.774977 0.790441 0.808590 0.778011 0.813959 0.774335 0.823996 0.770308 0.830299 0.765231 0.833800 0.764181 0.839636 0.758053 0.843371 0.752451 0.846872 0.749650 0.852474 0.741422 0.855042 0.734244 0.856209 0.717962 0.855275 0.710084 0.852474 0.707633 0.845238 0.704132 0.835434 0.700805 0.830999 0.697479 0.808590 0.686975 0.792717 0.675945 0.780812 0.664566 0.770308 0.652311 0.767974 0.647584 0.761905 0.642157 0.756069 0.641282 0.744398 0.638130 0.724556 0.635154 0.713585 0.634279 0.682073 0.636380 0.678338 0.637430 0.675537 0.636555 0.671802 0.636555 0.665966 0.638305 0.651027 0.640406 0.642390 0.642857 0.608777 0.648810 0.585434 0.654937 0.554388 0.660539 0.528945 0.666492 0.511905 0.671919 0.508403 0.671919 0.477358 0.680147 0.468254 0.683473 0.459851 0.685574 0.455882 0.688025 0.452381 0.689076 0.449113 0.691702 0.437208 0.695553 0.430672 0.702906 0.430205 0.706758 0.427638 0.709909 0.427404 0.713761 0.426004 0.716387 0.425770 0.727591
1 0.760271 0.625700 0.761438 0.630252 0.767507 0.644083 0.771942 0.651611 0.789216 0.670868 0.803688 0.682073 0.809757 0.684524 0.838002 0.699580 0.869981 0.711485 0.901027 0.718137 0.915033 0.720238 0.923669 0.722514 0.940009 0.723739 0.973098 0.724090 0.987628 0.724965 0.999767 0.724090 0.999767 0.542717 0.994631 0.541667 0.979692 0.541667 0.964052 0.542892 0.880019 0.555322 0.845705 0.562150 0.840336 0.564426 0.831933 0.566352 0.817694 0.570903 0.795752 0.580707 0.777311 0.591737 0.772409 0.595763 0.767507 0.602591 0.764239 0.605742 0.761671 0.612570 0.760271 0.619748 0.760271 0.625700
1 0.436741 0.504902 0.431139 0.514356 0.429505 0.515581 0.429972 0.534139 0.431606 0.543242 0.439076 0.558648 0.442344 0.562325 0.445845 0.568978 0.448646 0.571254 0.451214 0.575630 0.457283 0.582633 0.473856 0.596113 0.477824 0.597864 0.481092 0.601015 0.487862 0.604692 0.498133 0.608368 0.508170 0.613971 0.533147 0.624475 0.542017 0.626050 0.549953 0.628852 0.557190 0.629552 0.560691 0.631127 0.597106 0.635504 0.626751 0.636905 0.654762 0.635854 0.674136 0.632528 0.692110 0.632178 0.696078 0.630952 0.713585 0.630252 0.716620 0.629202 0.724090 0.628852 0.731559 0.626576 0.738796 0.625350 0.749300 0.621324 0.751401 0.619223 0.756069 0.617122 0.763072 0.604167 0.770075 0.595413 0.772596 0.593522 0.782446 0.586485 0.789916 0.582283 0.793884 0.578957 0.803922 0.575105 0.807423 0.572829 0.817227 0.568803 0.818861 0.567577 0.819795 0.564951 0.820728 0.551646 0.818861 0.543242 0.815826 0.536239 0.808824 0.524335 0.796452 0.509104 0.781979 0.496499 0.754669 0.480917 0.734360 0.472864 0.713119 0.468487 0.696545 0.466387 0.674837 0.464811 0.661998 0.466562 0.582166 0.468838 0.577965 0.469363 0.574930 0.470588 0.569094 0.469538 0.556723 0.469713 0.512372 0.473389 0.487162 0.477416 0.465686 0.482843 0.455415 0.487745 0.454482 0.490196 0.441410 0.500175 0.437442 0.501751 0.436741 0.504902
1 0.776377 0.418417 0.778011 0.424195 0.785948 0.436450 0.791550 0.442752 0.803455 0.453256 0.813259 0.459734 0.824230 0.465336 0.829832 0.467262 0.841270 0.473915 0.852474 0.478466 0.867414 0.483368 0.869514 0.484769 0.874416 0.485819 0.877918 0.488620 0.904295 0.497724 0.911531 0.500875 0.917834 0.502276 0.925303 0.505077 0.932540 0.505602 0.942344 0.507703 0.976891 0.509804 0.994164 0.508578 0.999767 0.507353 0.999767 0.332283 0.991130 0.330007 0.972222 0.327906 0.947946 0.327206 0.935341 0.327906 0.904295 0.332283 0.855742 0.343487 0.839636 0.350840 0.830999 0.353641 0.824697 0.356618 0.807890 0.367297 0.799953 0.373599 0.791550 0.383228 0.785948 0.391282 0.780812 0.400910 0.777544 0.411415 0.776377 0.418417
1 0.833100 0.560749 0.834967 0.563025 0.838469 0.563025 0.880952 0.554447 0.930906 0.547444 0.948179 0.543768 0.969421 0.541141 0.999767 0.540441 0.999767 0.509279 0.988329 0.510679 0.972506 0.510679 0.950980 0.509454 0.929972 0.506653 0.917367 0.503501 0.895191 0.496324 0.883520 0.491071 0.880252 0.490896 0.874416 0.494048 0.865313 0.501751 0.855275 0.511905 0.847339 0.521884 0.840570 0.535014 0.833333 0.559349 0.833100 0.560749
1 0.743464 0.473915 0.747899 0.475315 0.750467 0.477416 0.784314 0.497024 0.799253 0.510154 0.808590 0.521534 0.817694 0.534839 0.822596 0.533964 0.844538 0.521359 0.849440 0.515406 0.852708 0.513655 0.875817 0.491246 0.875584 0.487920 0.873483 0.486345 0.859010 0.482143 0.836368 0.472164 0.806956 0.456933 0.801354 0.457458 0.791317 0.462710 0.778711 0.467262 0.762138 0.470238 0.744398 0.471113 0.743464 0.472339 0.743464 0.473915
1 0.806723 0.301996 0.779645 0.308123 0.764472 0.310574 0.755602 0.313200 0.748133 0.314251 0.749300 0.317927 0.771475 0.328431 0.778945 0.332983 0.786415 0.338761 0.792250 0.342087 0.803455 0.352416 0.813959 0.359944 0.817694 0.359069 0.828898 0.353641 0.863445 0.339286 0.866013 0.336310 0.868814 0.330357 0.870915 0.322129 0.870448 0.320553 0.859477 0.313375 0.841737 0.303746 0.824463 0.297619 0.820728 0.297269 0.818161 0.297794 0.806723 0.301996
1 0.867880 0.338410 0.869514 0.339286 0.871849 0.339111 0.901027 0.332108 0.933007 0.327556 0.947531 0.326681 0.976891 0.327381 0.999767 0.330532 0.999767 0.282388 0.987395 0.280812 0.949580 0.274160 0.942577 0.273985 0.919935 0.282563 0.903828 0.291317 0.884921 0.305672 0.880019 0.311275 0.873716 0.320728 0.868114 0.335084 0.867880 0.338410
1 0.679272 0.862220 0.679972 0.865896 0.681373 0.867122 0.689776 0.870098 0.716620 0.875350 0.730859 0.876050 0.734360 0.877101 0.749300 0.879027 0.765640 0.883228 0.774276 0.884104 0.786181 0.887430 0.805089 0.889531 0.813959 0.891282 0.822129 0.891632 0.834734 0.893382 0.856676 0.894083 0.872316 0.892857 0.887255 0.890756 0.897526 0.888831 0.921569 0.880252 0.944911 0.866597 0.950047 0.862745 0.959851 0.848915 0.963819 0.838761 0.964753 0.824405 0.962885 0.814076 0.960317 0.807598 0.955415 0.799895 0.949113 0.793768 0.928805 0.779762 0.914332 0.773459 0.898459 0.768207 0.894258 0.767157 0.890990 0.767157 0.883520 0.768557 0.878852 0.771884 0.871849 0.788690 0.864846 0.796218 0.859244 0.800420 0.855509 0.807073 0.835434 0.821604 0.817227 0.831408 0.809524 0.833859 0.803688 0.837010 0.797386 0.839286 0.789216 0.841562 0.781513 0.841912 0.776144 0.843662 0.768908 0.842612 0.765640 0.843137 0.754669 0.842787 0.748366 0.844013 0.732960 0.844713 0.719655 0.844538 0.703315 0.842437 0.695845 0.842787 0.689076 0.845588 0.685574 0.848214 0.682073 0.854167 0.679272 0.862220
1 0.631653 0.825105 0.639122 0.828782 0.663399 0.835609 0.676937 0.837010 0.682073 0.838936 0.698646 0.840861 0.704248 0.840861 0.720121 0.843312 0.730159 0.844013 0.745098 0.843838 0.754248 0.842612 0.776377 0.842437 0.796919 0.839111 0.807890 0.834209 0.814659 0.832108 0.828665 0.825455 0.841503 0.817927 0.852474 0.808999 0.855742 0.805672 0.858310 0.801120 0.866713 0.793067 0.871615 0.785364 0.875584 0.774685 0.880486 0.765756 0.880019 0.763480 0.876751 0.761730 0.870215 0.761380 0.863212 0.762780 0.838469 0.762080 0.821662 0.772059 0.807890 0.779062 0.792717 0.784489 0.788049 0.785364 0.767740 0.794118 0.751867 0.799195 0.741597 0.801296 0.723856 0.807248 0.699346 0.812850 0.689076 0.814076 0.678338 0.816877 0.672269 0.817052 0.664566 0.819503 0.639356 0.822304 0.631419 0.824055 0.631653 0.825105
1 0.359477 0.851891 0.358310 0.855917 0.362045 0.859244 0.380486 0.867647 0.391457 0.873599 0.404528 0.878501 0.429505 0.885679 0.435574 0.888130 0.449113 0.891632 0.453081 0.893032 0.457283 0.895658 0.462418 0.896534 0.491130 0.905637 0.501167 0.907038 0.519841 0.911940 0.543184 0.915266 0.564893 0.915266 0.577264 0.914216 0.590803 0.911590 0.617414 0.904412 0.623249 0.902311 0.644958 0.890931 0.658964 0.881127 0.672969 0.866772 0.679038 0.856618 0.683707 0.845063 0.682073 0.842087 0.678571 0.840511 0.674837 0.839986 0.632820 0.828256 0.622782 0.824930 0.614846 0.823880 0.585216 0.823354 0.552054 0.820903 0.536415 0.818277 0.518674 0.813725 0.501634 0.810749 0.479225 0.819503 0.463352 0.823880 0.453315 0.825280 0.439542 0.828606 0.415733 0.830007 0.402661 0.830007 0.390523 0.828957 0.369748 0.830357 0.365313 0.834734 0.358777 0.848739 0.359477 0.851891
1 0.531279 0.644258 0.534781 0.653887 0.538515 0.657738 0.537115 0.660364 0.535481 0.661415 0.536181 0.661940 0.546685 0.661415 0.584500 0.654062 0.622782 0.644608 0.626984 0.644433 0.642390 0.640581 0.647759 0.637080 0.591970 0.635679 0.566760 0.632003 0.549253 0.628326 0.540149 0.625700 0.532913 0.625350 0.531279 0.626576 0.531279 0.644258
1 0.494398 0.217612 0.495565 0.227241 0.500233 0.241246 0.503968 0.248424 0.515173 0.262080 0.520075 0.264881 0.529412 0.273985 0.543651 0.282563 0.549253 0.284314 0.556956 0.288690 0.560691 0.289391 0.564426 0.291317 0.591503 0.297444 0.599440 0.297969 0.609944 0.296744 0.612512 0.297619 0.629552 0.298669 0.637488 0.297619 0.642624 0.298319 0.651961 0.297794 0.661998 0.298144 0.671802 0.299370 0.675537 0.299020 0.685341 0.301120 0.703081 0.302871 0.717554 0.307423 0.740896 0.312675 0.744398 0.311275 0.754435 0.311450 0.782446 0.306898 0.810224 0.299020 0.823763 0.293242 0.838235 0.283964 0.851774 0.270833 0.862745 0.255077 0.866480 0.241422 0.866013 0.230917 0.859477 0.223564 0.854108 0.220063 0.839636 0.206408 0.827264 0.192927 0.822596 0.186450 0.818627 0.178746 0.810924 0.154062 0.805556 0.147409 0.789916 0.140756 0.782913 0.138655 0.768908 0.135329 0.758637 0.134104 0.755135 0.132703 0.744631 0.130602 0.696779 0.131303 0.673436 0.135504 0.654528 0.137605 0.606676 0.146183 0.591737 0.149510 0.567694 0.158613 0.563959 0.158964 0.561158 0.160714 0.555556 0.162290 0.544585 0.166667 0.522642 0.176996 0.519841 0.179797 0.514706 0.182423 0.500000 0.196078 0.495798 0.203081 0.494631 0.211134 0.494398 0.217612
1 0.446545 0.351015 0.447712 0.359244 0.452381 0.372724 0.456116 0.376751 0.463119 0.390581 0.465219 0.392157 0.466853 0.395308 0.480626 0.408789 0.484827 0.411064 0.488562 0.414916 0.498366 0.418943 0.499533 0.421744 0.501867 0.423494 0.507236 0.425945 0.510504 0.428746 0.549953 0.447129 0.567227 0.452031 0.571662 0.452031 0.577264 0.454832 0.580766 0.455532 0.587302 0.458333 0.599673 0.459909 0.609010 0.462360 0.613912 0.461835 0.616013 0.463585 0.619981 0.464286 0.641223 0.464461 0.643791 0.463761 0.661531 0.463585 0.664332 0.462535 0.682073 0.461835 0.688609 0.462885 0.693044 0.462710 0.704015 0.464811 0.717787 0.465686 0.727358 0.468487 0.740896 0.469888 0.745098 0.469188 0.748133 0.470063 0.751167 0.469013 0.755602 0.469713 0.782913 0.465336 0.795518 0.459734 0.799486 0.456583 0.797152 0.449755 0.789683 0.442577 0.783847 0.435749 0.781513 0.431548 0.778245 0.428746 0.776844 0.424195 0.774977 0.421919 0.774977 0.420168 0.778245 0.404412 0.782213 0.395133 0.788049 0.385504 0.794585 0.377626 0.799720 0.372199 0.807890 0.366071 0.809991 0.362920 0.809290 0.359419 0.794118 0.344538 0.786648 0.340161 0.777544 0.333158 0.772876 0.331408 0.764939 0.326331 0.734360 0.313901 0.706583 0.306197 0.688375 0.303396 0.678805 0.301996 0.644491 0.300245 0.591970 0.301120 0.583567 0.302346 0.544818 0.304797 0.519141 0.305672 0.515640 0.307073 0.512138 0.307073 0.508170 0.308473 0.498133 0.310049 0.488562 0.313375 0.483894 0.313550 0.475957 0.318452 0.464753 0.321078 0.464286 0.323354 0.461251 0.325630 0.459851 0.325630 0.453081 0.328957 0.448880 0.334909 0.447246 0.341562 0.446545 0.351015
1 0.811858 0.148810 0.812325 0.154937 0.817227 0.171919 0.823996 0.185749 0.831466 0.196078 0.845005 0.210084 0.884921 0.242997 0.901027 0.252276 0.928805 0.265056 0.942344 0.269958 0.959384 0.274685 0.978525 0.278536 0.994398 0.280287 0.999767 0.279762 0.999767 0.102591 0.985294 0.098915 0.966853 0.095588 0.936041 0.091211 0.919001 0.089811 0.897759 0.090336 0.869514 0.094188 0.852474 0.099440 0.831232 0.108193 0.820028 0.120098 0.814659 0.132528 0.812792 0.139881 0.811858 0.148810
1 0.770075 0.000000 0.770075 0.008578 0.772409 0.016282 0.777778 0.026436 0.786415 0.039391 0.793184 0.047094 0.801587 0.052696 0.805089 0.056898 0.811391 0.061625 0.821662 0.067402 0.824697 0.069853 0.838002 0.076331 0.851074 0.081232 0.855976 0.085434 0.862045 0.088585 0.871615 0.091036 0.887255 0.090511 0.900327 0.088936 0.923203 0.089111 0.963819 0.093838 0.981092 0.097689 0.997199 0.099090 0.999767 0.098915 0.999767 0.000000 0.770075 0.000000
1 0.788282 0.071429 0.784547 0.081057 0.781279 0.086835 0.774276 0.097339 0.764006 0.110469 0.748366 0.126926 0.751867 0.129552 0.758637 0.131653 0.784547 0.137605 0.807656 0.145308 0.810458 0.142857 0.813025 0.131828 0.816760 0.122724 0.822596 0.114846 0.831232 0.106618 0.865313 0.091912 0.855742 0.086485 0.849440 0.081583 0.845705 0.080532 0.827031 0.071779 0.814659 0.064601 0.806256 0.059349 0.800420 0.053396 0.796685 0.050770 0.793417 0.049195 0.791783 0.050595 0.788282 0.071429
1 0.843371 0.758578 0.848273 0.759979 0.864379 0.760154 0.921335 0.755602 0.938142 0.755252 0.947946 0.754202 0.953081 0.755077 0.981326 0.751225 0.984360 0.751576 0.987395 0.750875 0.999767 0.750525 0.999767 0.725140 0.963119 0.724440 0.956583 0.723564 0.945612 0.724090 0.928105 0.722689 0.907796 0.718838 0.900794 0.718487 0.894491 0.716737 0.880952 0.714636 0.863212 0.709909 0.859010 0.709734 0.858077 0.713410 0.858543 0.720763 0.857376 0.730742 0.855275 0.738620 0.853175 0.743172 0.846172 0.751576 0.843838 0.755952 0.843371 0.758578
1 0.936741 0.758578 0.937675 0.762255 0.941176 0.766982 0.946545 0.771359 0.947712 0.773810 0.952614 0.778536 0.959851 0.783438 0.963819 0.784139 0.973856 0.789916 0.980392 0.791141 0.990663 0.788866 0.994865 0.789741 0.996265 0.788340 0.999767 0.787815 0.999767 0.751050 0.983894 0.751576 0.942344 0.755952 0.937908 0.757703 0.936741 0.758578
1 0.906863 0.762080 0.908730 0.765406 0.922736 0.772409 0.942344 0.780112 0.946545 0.780812 0.961368 0.786327 0.967787 0.789741 0.973623 0.791667 0.975724 0.793417 0.989963 0.800245 0.997899 0.802696 0.999767 0.802696 0.999767 0.784489 0.990896 0.786239 0.987862 0.787815 0.979925 0.788340 0.973856 0.787465 0.972456 0.784664 0.969421 0.783263 0.968021 0.781688 0.963585 0.779237 0.956349 0.777136 0.952614 0.774160 0.941176 0.761029 0.942344 0.758403 0.932306 0.756127 0.918768 0.756478 0.907330 0.758403 0.906863 0.762080