0 0.468954 0.348389 0.475724 0.361520 0.479225 0.366071 0.486928 0.379377 0.494398 0.401611 0.500934 0.415966 0.512138 0.436099 0.522176 0.449230 0.530812 0.456232 0.535014 0.460959 0.542484 0.463936 0.548553 0.464286 0.553688 0.466036 0.577965 0.463410 0.596639 0.458508 0.600840 0.455707 0.617414 0.447829 0.632353 0.435574 0.634220 0.432423 0.638889 0.427871 0.645425 0.418242 0.647292 0.412990 0.649860 0.409839 0.652894 0.403711 0.656863 0.380952 0.656863 0.355042 0.655229 0.345588 0.653128 0.303046 0.648926 0.286064 0.645892 0.280287 0.643791 0.272409 0.638655 0.264006 0.626284 0.255427 0.619281 0.253501 0.616013 0.250875 0.603175 0.245448 0.592204 0.242297 0.580299 0.241071 0.557190 0.241422 0.542717 0.245798 0.538982 0.248249 0.526844 0.252451 0.509104 0.264181 0.498133 0.272584 0.486695 0.284839 0.475957 0.299895 0.471755 0.307248 0.468021 0.328081 0.468954 0.348389
0 0.652428 0.466912 0.660831 0.508403 0.661998 0.518908 0.665966 0.529237 0.671802 0.539216 0.682540 0.550245 0.689542 0.553396 0.695612 0.554972 0.710084 0.557073 0.716853 0.557598 0.736695 0.556022 0.747432 0.553746 0.762372 0.548144 0.770775 0.544118 0.777778 0.539391 0.783147 0.535014 0.790383 0.526611 0.805789 0.501576 0.808123 0.495273 0.812325 0.476541 0.813959 0.459909 0.814893 0.435574 0.812092 0.424370 0.813492 0.421744 0.813492 0.413515 0.811158 0.397934 0.803221 0.382703 0.797386 0.376225 0.792250 0.372024 0.789683 0.370273 0.779412 0.366597 0.771709 0.365546 0.768674 0.363796 0.762138 0.362395 0.750233 0.361870 0.741130 0.362920 0.730626 0.365546 0.723856 0.368347 0.720588 0.368522 0.714753 0.373249 0.706583 0.375700 0.698880 0.381653 0.694211 0.383578 0.692810 0.385854 0.689076 0.387780 0.687675 0.390756 0.683940 0.394783 0.678571 0.397584 0.679739 0.400910 0.675770 0.403011 0.672035 0.410539 0.664332 0.418417 0.659664 0.425245 0.651727 0.446254 0.652428 0.466912
0 0.318861 0.446604 0.320495 0.456758 0.323763 0.462535 0.325864 0.470413 0.327731 0.473389 0.330766 0.476015 0.331699 0.478058 0.331466 0.480917 0.333800 0.484944 0.355742 0.516457 0.357610 0.517857 0.359010 0.522584 0.362745 0.529587 0.373016 0.539916 0.390056 0.544293 0.407330 0.544818 0.421802 0.544818 0.424837 0.543768 0.429038 0.543592 0.432306 0.542367 0.442577 0.541317 0.462652 0.533088 0.466387 0.528887 0.471989 0.525560 0.477358 0.520483 0.484360 0.511380 0.492530 0.497899 0.495331 0.477941 0.496032 0.460084 0.494398 0.449580 0.490430 0.432248 0.485994 0.418242 0.476190 0.397759 0.464286 0.380777 0.458917 0.375350 0.449346 0.368347 0.442577 0.365546 0.428571 0.362395 0.424837 0.363270 0.411765 0.360994 0.402661 0.360994 0.387488 0.363270 0.371382 0.368522 0.363212 0.372724 0.349907 0.383578 0.330065 0.404412 0.323996 0.418417 0.319094 0.434174 0.318861 0.446604
0 0.485061 0.550245 0.489496 0.574580 0.492530 0.585434 0.498366 0.598564 0.507937 0.613971 0.515640 0.622724 0.522409 0.629377 0.536881 0.641106 0.560691 0.655287 0.567694 0.658088 0.570962 0.658438 0.588235 0.663866 0.598039 0.664916 0.613212 0.663866 0.623016 0.661765 0.630486 0.659139 0.633987 0.656513 0.637021 0.655637 0.641223 0.651085 0.642624 0.644433 0.643091 0.605742 0.645191 0.593487 0.646125 0.577031 0.645658 0.560399 0.640990 0.536239 0.630952 0.522584 0.616246 0.508053 0.598739 0.496324 0.588235 0.492822 0.574697 0.489496 0.564192 0.487920 0.559290 0.488095 0.543417 0.489671 0.536181 0.491597 0.529412 0.496148 0.520308 0.498249 0.512838 0.501050 0.500467 0.508929 0.490896 0.522234 0.487628 0.532738 0.487628 0.539216 0.485528 0.544643 0.485061 0.550245
0 0.147993 0.588936 0.154995 0.619048 0.154062 0.623249 0.156863 0.625525 0.161765 0.637080 0.166200 0.644433 0.169234 0.647234 0.176471 0.657738 0.181139 0.662465 0.188142 0.666842 0.192344 0.668592 0.199813 0.669818 0.203081 0.671218 0.216153 0.672094 0.223389 0.671218 0.227124 0.669818 0.245565 0.666141 0.250233 0.664216 0.253501 0.661239 0.260037 0.658438 0.262838 0.655462 0.268674 0.653011 0.272642 0.648985 0.275910 0.647409 0.285247 0.637080 0.289916 0.630602 0.304388 0.602591 0.308590 0.588585 0.310924 0.578431 0.310224 0.566702 0.313492 0.554447 0.312325 0.543417 0.304855 0.527486 0.299720 0.523985 0.293417 0.515581 0.290383 0.513480 0.286648 0.512430 0.276377 0.507353 0.270075 0.505427 0.263072 0.501576 0.258870 0.500875 0.255135 0.499300 0.237862 0.498775 0.223623 0.500350 0.217320 0.502101 0.213585 0.502276 0.196078 0.509279 0.192344 0.512255 0.189309 0.512955 0.185574 0.515056 0.175770 0.522584 0.161531 0.538165 0.154062 0.550245 0.151261 0.556898 0.150794 0.560749 0.148926 0.564076 0.147292 0.572304 0.147993 0.588936
0 0.299253 0.278186 0.300420 0.289916 0.301354 0.296744 0.303922 0.302521 0.306723 0.313725 0.313959 0.325630 0.320028 0.333508 0.333100 0.346989 0.347806 0.359244 0.358777 0.367122 0.366246 0.369923 0.376751 0.365721 0.390289 0.361695 0.404062 0.359769 0.417600 0.359769 0.422269 0.356092 0.428105 0.353466 0.432773 0.349265 0.436041 0.342087 0.445145 0.331758 0.454248 0.310399 0.459617 0.293067 0.463585 0.286064 0.468954 0.279412 0.469655 0.272234 0.469421 0.264881 0.467087 0.253151 0.460784 0.237220 0.459384 0.235294 0.456116 0.234244 0.455882 0.232668 0.451681 0.227416 0.450280 0.223915 0.449580 0.217437 0.447479 0.216737 0.443744 0.208158 0.422969 0.188901 0.403128 0.179972 0.391223 0.178396 0.383287 0.176471 0.369514 0.176821 0.362745 0.178046 0.348039 0.182423 0.342204 0.185224 0.330065 0.195203 0.319094 0.209734 0.312325 0.222689 0.300187 0.254902 0.299253 0.278186
0 0.789683 0.557423 0.790616 0.560749 0.798786 0.576856 0.801120 0.584034 0.805089 0.601366 0.808357 0.623249 0.813025 0.630777 0.818394 0.635329 0.826797 0.644608 0.841737 0.655287 0.848739 0.658789 0.862045 0.662815 0.870448 0.663690 0.883053 0.663690 0.894024 0.661590 0.897292 0.660189 0.900794 0.660014 0.908964 0.656863 0.916667 0.652661 0.930672 0.641106 0.939776 0.630777 0.943744 0.625000 0.949346 0.611695 0.951214 0.600665 0.947479 0.570553 0.944444 0.560749 0.938142 0.545868 0.928805 0.529587 0.915266 0.516282 0.907796 0.511029 0.901727 0.508403 0.876984 0.502451 0.873016 0.502626 0.866246 0.505777 0.854575 0.509279 0.833567 0.510854 0.821195 0.518032 0.812792 0.524335 0.798553 0.538866 0.791083 0.550245 0.789683 0.557423
1 0.175070 0.130077 0.178805 0.132878 0.181839 0.133754 0.205882 0.134629 0.223389 0.136905 0.227591 0.134804 0.227824 0.133228 0.219188 0.125700 0.212652 0.117297 0.208917 0.109069 0.207750 0.102591 0.208217 0.098739 0.211718 0.090686 0.212418 0.085084 0.216153 0.076856 0.222923 0.069853 0.228758 0.067752 0.230159 0.066176 0.241130 0.064251 0.241363 0.062325 0.239496 0.061099 0.237628 0.060749 0.237395 0.061450 0.225023 0.064076 0.213352 0.070553 0.201447 0.081232 0.197479 0.086835 0.187908 0.097164 0.182073 0.105742 0.178338 0.114496 0.175303 0.126751 0.175070 0.130077
1 0.207750 0.102941 0.206583 0.105742 0.209384 0.112570 0.217087 0.123950 0.226657 0.133578 0.237862 0.141106 0.250700 0.147584 0.254902 0.148985 0.258637 0.151786 0.262138 0.152311 0.272176 0.135854 0.276144 0.131303 0.279879 0.128676 0.290149 0.124300 0.297152 0.122549 0.307423 0.125350 0.316449 0.119281 0.323063 0.113620 0.327031 0.111695 0.334967 0.109594 0.343604 0.109244 0.344071 0.107668 0.345938 0.107493 0.348506 0.108894 0.355976 0.109244 0.359244 0.108193 0.369748 0.110819 0.373483 0.110644 0.376751 0.112045 0.380952 0.111870 0.384220 0.102416 0.385387 0.091211 0.383987 0.088235 0.369514 0.079832 0.360177 0.073004 0.350140 0.067752 0.341970 0.066352 0.338702 0.065126 0.335668 0.065476 0.331466 0.063375 0.323063 0.060749 0.321195 0.059174 0.312558 0.060399 0.299720 0.060574 0.294118 0.059699 0.264472 0.060224 0.252568 0.061099 0.248133 0.062325 0.241363 0.062850 0.237862 0.065301 0.234127 0.064076 0.228758 0.066176 0.227824 0.067577 0.223856 0.068452 0.214986 0.078081 0.211718 0.084559 0.209617 0.093312 0.207049 0.098739 0.207750 0.102941
1 0.329365 0.060924 0.331232 0.062500 0.341970 0.066176 0.345472 0.066352 0.355509 0.070203 0.360411 0.072829 0.369281 0.079307 0.377451 0.083158 0.383287 0.087360 0.386788 0.088235 0.395658 0.073179 0.404295 0.064251 0.404762 0.061099 0.399160 0.055497 0.392157 0.051996 0.381886 0.049545 0.370215 0.048319 0.362045 0.048669 0.352474 0.050245 0.346405 0.052871 0.341503 0.054097 0.330065 0.060049 0.329365 0.060924
1 0.384921 0.110469 0.388189 0.116422 0.402428 0.129727 0.408030 0.133228 0.411531 0.134279 0.427871 0.124475 0.442577 0.117297 0.444211 0.116071 0.444678 0.112745 0.452148 0.104867 0.456349 0.101015 0.465453 0.095063 0.473156 0.091036 0.490663 0.085609 0.501867 0.084209 0.515873 0.086310 0.524977 0.090686 0.543417 0.105217 0.546919 0.102766 0.549720 0.088585 0.549486 0.081933 0.547386 0.071254 0.543884 0.064251 0.538982 0.057073 0.529645 0.051646 0.525910 0.048494 0.511905 0.043067 0.491130 0.040266 0.487395 0.042717 0.480859 0.041667 0.464052 0.043067 0.460317 0.044118 0.456349 0.043943 0.450280 0.044993 0.441410 0.047094 0.435574 0.047269 0.418301 0.055147 0.407096 0.062500 0.401494 0.067752 0.394024 0.077731 0.390523 0.084034 0.387255 0.091562 0.385621 0.100315 0.384921 0.110469
1 0.433240 0.046744 0.435574 0.047969 0.457750 0.044118 0.488329 0.041492 0.495798 0.039916 0.492997 0.039041 0.490430 0.036239 0.480859 0.034139 0.459617 0.034489 0.449113 0.036765 0.437208 0.043067 0.433240 0.046744
1 0.102474 0.206232 0.103175 0.217087 0.105509 0.227241 0.109244 0.237045 0.115079 0.246499 0.119514 0.252101 0.123016 0.254377 0.126050 0.255252 0.138189 0.254202 0.147059 0.255952 0.151727 0.255077 0.154062 0.252276 0.154762 0.248074 0.151027 0.238971 0.147993 0.233543 0.142624 0.227766 0.140289 0.223915 0.136555 0.220588 0.129552 0.211134 0.118814 0.193452 0.109244 0.172969 0.105742 0.175770 0.104342 0.185749 0.102474 0.206232
1 0.108077 0.168067 0.109010 0.171919 0.115079 0.182598 0.119748 0.194853 0.123716 0.200455 0.124416 0.203081 0.129552 0.210959 0.139589 0.221989 0.141923 0.223564 0.144024 0.227766 0.144725 0.225490 0.144024 0.216737 0.142390 0.215336 0.139356 0.209034 0.136321 0.196078 0.135387 0.180147 0.136555 0.171394 0.138655 0.165791 0.142624 0.159489 0.151027 0.150035 0.161531 0.142332 0.165966 0.140581 0.168301 0.138831 0.173903 0.137080 0.177171 0.133578 0.171569 0.130252 0.164566 0.128676 0.144258 0.125700 0.135854 0.126576 0.126751 0.130077 0.125117 0.131828 0.120448 0.133578 0.118114 0.136555 0.116246 0.137080 0.114613 0.141282 0.112745 0.141982 0.112045 0.143732 0.113445 0.147059 0.112745 0.148284 0.109244 0.150035 0.108077 0.168067
1 0.135854 0.186099 0.137488 0.203256 0.145191 0.226891 0.159430 0.254727 0.163399 0.258578 0.167600 0.266106 0.175303 0.275560 0.181839 0.281338 0.194911 0.290791 0.211951 0.298319 0.218254 0.299545 0.225490 0.302346 0.228387 0.303268 0.230384 0.303829 0.234128 0.304017 0.236125 0.304204 0.236461 0.304972 0.252334 0.306197 0.263072 0.303571 0.268207 0.300245 0.267974 0.296218 0.267040 0.293242 0.260971 0.282913 0.254435 0.264356 0.246965 0.249300 0.243697 0.237570 0.243697 0.224790 0.244631 0.217787 0.248133 0.206933 0.257003 0.189426 0.259804 0.186099 0.268908 0.179097 0.274043 0.171744 0.272409 0.168768 0.273109 0.164916 0.270308 0.161415 0.265873 0.158438 0.261905 0.154237 0.248133 0.146884 0.230859 0.139356 0.223623 0.139006 0.213352 0.136204 0.185341 0.134979 0.180906 0.135504 0.169234 0.138831 0.165033 0.140756 0.152661 0.148634 0.151494 0.150910 0.147292 0.153711 0.141223 0.161590 0.137955 0.168592 0.136321 0.174545 0.135854 0.186099
1 0.263772 0.154412 0.265406 0.156338 0.279412 0.168592 0.288282 0.164916 0.291083 0.161239 0.291550 0.149860 0.300187 0.134454 0.304622 0.129027 0.307656 0.126751 0.308824 0.122724 0.303688 0.120798 0.289916 0.124300 0.283147 0.126751 0.278245 0.129552 0.272409 0.135154 0.268441 0.140581 0.264006 0.151436 0.263772 0.154412
1 0.290383 0.161590 0.292951 0.162990 0.300187 0.160189 0.316993 0.156863 0.331699 0.156688 0.338235 0.157913 0.359010 0.164391 0.363912 0.166842 0.373016 0.174720 0.381186 0.175070 0.383754 0.174545 0.385621 0.172619 0.386088 0.168242 0.393091 0.154237 0.396359 0.148985 0.404295 0.140581 0.406629 0.136730 0.405229 0.133578 0.387488 0.117297 0.380252 0.112745 0.373716 0.111169 0.368814 0.110819 0.359244 0.108368 0.341970 0.107843 0.329132 0.111345 0.325163 0.113095 0.309057 0.124825 0.297152 0.138480 0.292484 0.147584 0.290616 0.154937 0.290383 0.161590
1 0.243931 0.234769 0.245098 0.241246 0.247666 0.248424 0.256769 0.269083 0.258637 0.275910 0.270308 0.301646 0.277077 0.309874 0.278245 0.314251 0.279412 0.315301 0.287348 0.315826 0.303922 0.314426 0.305322 0.310749 0.302988 0.305147 0.299720 0.287465 0.299020 0.273810 0.299720 0.264356 0.300654 0.257703 0.309991 0.227941 0.314893 0.216912 0.320028 0.207808 0.333333 0.191001 0.338936 0.187675 0.343604 0.183648 0.362745 0.176821 0.366246 0.176821 0.369981 0.175770 0.370682 0.175245 0.368581 0.171744 0.362979 0.166842 0.359244 0.164916 0.345705 0.160189 0.331699 0.157213 0.320495 0.156863 0.313025 0.157738 0.301120 0.160714 0.288049 0.165791 0.278711 0.170868 0.258637 0.188200 0.247666 0.210259 0.244164 0.224265 0.243931 0.234769
1 0.387488 0.175245 0.404528 0.179797 0.417834 0.186099 0.421802 0.187150 0.427404 0.191352 0.443978 0.206583 0.449580 0.213761 0.453081 0.221113 0.456583 0.225315 0.458217 0.230567 0.464052 0.239846 0.466853 0.249475 0.468487 0.251751 0.470588 0.261555 0.471055 0.269083 0.470355 0.274160 0.471055 0.277486 0.473156 0.279587 0.477358 0.280812 0.484127 0.279937 0.491130 0.277836 0.500934 0.268382 0.518441 0.254902 0.528711 0.231618 0.533147 0.225140 0.535014 0.220413 0.536648 0.182248 0.535014 0.176646 0.535014 0.171744 0.533847 0.167892 0.530812 0.163866 0.530345 0.154412 0.527544 0.147584 0.521709 0.138655 0.519141 0.137255 0.512372 0.128501 0.498599 0.119573 0.484127 0.116071 0.460084 0.116246 0.442344 0.119048 0.426471 0.126576 0.406863 0.139006 0.398459 0.147584 0.393791 0.154237 0.390289 0.161064 0.387722 0.169818 0.387488 0.175245
1 0.444678 0.116246 0.446078 0.117472 0.471755 0.115371 0.480626 0.116246 0.484360 0.115721 0.495331 0.118522 0.503268 0.121849 0.512838 0.128326 0.520775 0.136029 0.528478 0.150910 0.530579 0.152836 0.532446 0.161590 0.534781 0.167367 0.535948 0.178922 0.537115 0.182073 0.536415 0.216912 0.537582 0.214636 0.539683 0.214461 0.541083 0.213410 0.554388 0.199230 0.555789 0.196078 0.557423 0.179447 0.555322 0.140056 0.553688 0.128852 0.551120 0.120098 0.542951 0.104342 0.525677 0.091036 0.519374 0.088060 0.511671 0.085609 0.504902 0.084559 0.497666 0.084559 0.480859 0.088410 0.470588 0.091912 0.452848 0.104167 0.445378 0.113095 0.444678 0.116246
1 0.551821 0.120273 0.555556 0.136029 0.556256 0.157038 0.558357 0.174428 0.557190 0.195203 0.560691 0.194853 0.569561 0.188025 0.591970 0.174720 0.617647 0.166842 0.620215 0.164391 0.621382 0.160889 0.628852 0.149685 0.637722 0.142857 0.640756 0.141106 0.644024 0.140406 0.647059 0.136905 0.644725 0.132003 0.638422 0.125700 0.632820 0.122899 0.629085 0.119573 0.621148 0.115546 0.610411 0.111695 0.595238 0.108018 0.579599 0.107668 0.571662 0.108543 0.559757 0.112220 0.555789 0.114321 0.552054 0.117647 0.551821 0.120273
1 0.620215 0.164916 0.621849 0.165966 0.626284 0.167367 0.644258 0.169818 0.652194 0.173845 0.660598 0.180147 0.666900 0.187325 0.670868 0.193803 0.674136 0.200980 0.677871 0.216562 0.678805 0.224440 0.678338 0.234944 0.677171 0.240721 0.672502 0.253326 0.666667 0.263655 0.664332 0.265581 0.660364 0.272584 0.659430 0.276085 0.661298 0.277661 0.671335 0.279412 0.678805 0.279412 0.685574 0.278186 0.699580 0.272059 0.705882 0.261555 0.713585 0.251576 0.718254 0.243873 0.726424 0.234594 0.729225 0.227766 0.731559 0.211485 0.730859 0.204307 0.726657 0.189426 0.720588 0.174895 0.713352 0.163515 0.699813 0.146359 0.690476 0.140406 0.682306 0.137605 0.672035 0.135504 0.661064 0.135854 0.649860 0.137955 0.636321 0.143908 0.629552 0.149860 0.620915 0.162115 0.620215 0.164916
1 0.524977 0.244748 0.525210 0.249125 0.526611 0.250700 0.531513 0.250175 0.545985 0.243697 0.553688 0.241071 0.560458 0.240196 0.582400 0.240021 0.584967 0.240721 0.588702 0.240546 0.602241 0.245098 0.604809 0.245273 0.607843 0.247724 0.623483 0.252451 0.636555 0.261029 0.643091 0.268382 0.647526 0.282388 0.650794 0.284139 0.652894 0.281162 0.660598 0.275910 0.661298 0.273459 0.664799 0.274160 0.664332 0.268382 0.667134 0.264531 0.670868 0.256653 0.673436 0.255077 0.674603 0.246324 0.678105 0.238270 0.679038 0.223564 0.676471 0.209559 0.672035 0.196078 0.661998 0.181548 0.652194 0.173319 0.637255 0.168768 0.623483 0.167017 0.616713 0.167717 0.604809 0.170693 0.593371 0.174195 0.580766 0.181022 0.570261 0.187850 0.559290 0.196429 0.549953 0.204832 0.536181 0.221639 0.527544 0.237920 0.524977 0.244748
1 0.677171 0.129552 0.673436 0.133578 0.681373 0.137080 0.688142 0.138831 0.694444 0.141982 0.696312 0.144083 0.701914 0.147409 0.706816 0.154762 0.711718 0.160014 0.725023 0.182598 0.731559 0.202031 0.732260 0.211134 0.730626 0.221464 0.730626 0.228641 0.734127 0.227416 0.747432 0.218662 0.761438 0.214461 0.765640 0.214111 0.773576 0.209559 0.778011 0.208859 0.781279 0.203606 0.783847 0.197129 0.788749 0.179097 0.788515 0.171569 0.790149 0.161940 0.790149 0.153711 0.788982 0.140406 0.784314 0.126576 0.778478 0.118873 0.771709 0.112745 0.758870 0.105742 0.751634 0.103641 0.736461 0.102591 0.720355 0.104167 0.713119 0.105742 0.702848 0.109419 0.695612 0.114846 0.689076 0.118172 0.678571 0.126751 0.677171 0.129552
1 0.781746 0.122024 0.787582 0.133403 0.789449 0.143732 0.790383 0.156688 0.787582 0.186099 0.784781 0.197129 0.780579 0.206758 0.781513 0.209909 0.782680 0.210784 0.785948 0.211660 0.789216 0.211134 0.793651 0.212535 0.796685 0.211310 0.797619 0.209909 0.796919 0.206408 0.800187 0.204482 0.803455 0.200630 0.808123 0.192927 0.810924 0.184349 0.814426 0.166141 0.815126 0.148109 0.814192 0.143732 0.809991 0.133754 0.803922 0.130077 0.796685 0.123249 0.792951 0.121148 0.783847 0.119048 0.779645 0.119573 0.781746 0.122024
1 0.855976 0.216737 0.868814 0.225490 0.869981 0.227416 0.873016 0.228992 0.890523 0.247549 0.897993 0.249825 0.905929 0.256127 0.914799 0.268908 0.920168 0.282213 0.921569 0.295168 0.920168 0.303746 0.914799 0.314251 0.915966 0.319678 0.919701 0.321604 0.926237 0.322829 0.932540 0.321429 0.935574 0.321954 0.945845 0.318627 0.952381 0.314076 0.956349 0.309174 0.957750 0.303746 0.957049 0.295868 0.954248 0.279412 0.951447 0.274860 0.951214 0.272409 0.944211 0.253676 0.936741 0.238620 0.929038 0.231092 0.918301 0.222864 0.901027 0.214986 0.887255 0.211485 0.877451 0.209909 0.862979 0.210434 0.859244 0.211134 0.854809 0.213235 0.855976 0.216737
1 0.892157 0.251751 0.896592 0.259979 0.898693 0.271359 0.898693 0.286765 0.895892 0.303746 0.889356 0.322129 0.881653 0.334209 0.869748 0.348564 0.868347 0.352241 0.870448 0.355567 0.875117 0.359244 0.887021 0.365721 0.903595 0.333683 0.913165 0.318627 0.920868 0.300945 0.920635 0.286064 0.918768 0.277486 0.915733 0.269958 0.908030 0.257703 0.904762 0.254552 0.900794 0.251401 0.897292 0.250000 0.893557 0.249125 0.892390 0.250175 0.892157 0.251751
1 0.802054 0.213585 0.805322 0.216211 0.811391 0.217962 0.820962 0.227066 0.833333 0.236345 0.842904 0.250000 0.847339 0.258403 0.849440 0.265231 0.851541 0.281863 0.851074 0.303922 0.846639 0.317227 0.841503 0.327556 0.838002 0.338936 0.833567 0.345413 0.834967 0.346989 0.837768 0.347689 0.860644 0.351366 0.862512 0.352241 0.866246 0.352241 0.873483 0.344363 0.878852 0.336134 0.883287 0.331232 0.887955 0.323179 0.894491 0.306373 0.897993 0.288340 0.898226 0.272059 0.897292 0.263655 0.887255 0.244748 0.884220 0.242297 0.880252 0.237045 0.868814 0.226541 0.858543 0.220588 0.852474 0.215861 0.847572 0.213410 0.836835 0.209734 0.824463 0.207283 0.814426 0.207633 0.807423 0.209909 0.802054 0.213585
1 0.687675 0.323354 0.688842 0.331758 0.698179 0.349090 0.698646 0.356618 0.701214 0.366422 0.702848 0.368697 0.709384 0.373074 0.716153 0.369748 0.720355 0.369748 0.724790 0.366422 0.736461 0.362570 0.747899 0.360644 0.757937 0.360644 0.775444 0.364146 0.779178 0.365546 0.782680 0.365721 0.790850 0.370098 0.800187 0.377976 0.803688 0.379027 0.817927 0.363971 0.827965 0.350490 0.832400 0.346464 0.834500 0.341562 0.836835 0.339286 0.838936 0.335084 0.846405 0.317927 0.848973 0.307598 0.849673 0.300245 0.848739 0.294293 0.850140 0.285364 0.848506 0.265056 0.846405 0.257528 0.843137 0.251225 0.833333 0.236695 0.817227 0.223214 0.810691 0.219188 0.805322 0.216912 0.803688 0.215161 0.800187 0.215511 0.796919 0.214461 0.787115 0.214461 0.779412 0.213585 0.771942 0.213936 0.760971 0.215686 0.751634 0.218137 0.744631 0.221289 0.729925 0.232493 0.718954 0.244748 0.708917 0.258929 0.701214 0.272934 0.692110 0.293417 0.689309 0.303571 0.687908 0.315301 0.687675 0.323354
1 0.889122 0.369573 0.897526 0.379027 0.901027 0.377976 0.914799 0.379027 0.926937 0.382703 0.936975 0.387430 0.943978 0.392857 0.947946 0.397409 0.950980 0.402136 0.959851 0.422444 0.962185 0.436625 0.961251 0.446779 0.960084 0.450805 0.958217 0.453256 0.961018 0.463410 0.963819 0.464286 0.970355 0.460609 0.973856 0.457108 0.983193 0.442577 0.987628 0.428922 0.988095 0.417892 0.985761 0.398985 0.978525 0.381127 0.977591 0.376751 0.971522 0.364496 0.960317 0.348214 0.949658 0.338819 0.942110 0.334559 0.928105 0.330182 0.922736 0.329657 0.911064 0.330007 0.908497 0.330882 0.903828 0.334734 0.888422 0.363971 0.889122 0.369573
1 0.903828 0.404587 0.905696 0.407913 0.909430 0.421744 0.912465 0.436625 0.912465 0.440826 0.909897 0.456057 0.903828 0.470588 0.900327 0.476015 0.897526 0.478466 0.894958 0.483543 0.887255 0.491422 0.883754 0.493172 0.880252 0.498424 0.881419 0.501576 0.883520 0.502801 0.886788 0.503151 0.908964 0.510329 0.911298 0.512430 0.915266 0.514006 0.918768 0.513130 0.928571 0.508403 0.936508 0.502276 0.943044 0.496674 0.953081 0.484594 0.957283 0.474090 0.957983 0.469538 0.960084 0.466211 0.959617 0.459384 0.960784 0.456933 0.960317 0.450455 0.961251 0.441352 0.960784 0.428396 0.957750 0.418067 0.951214 0.403711 0.943978 0.394083 0.939076 0.389706 0.928805 0.384104 0.912465 0.379727 0.904062 0.379027 0.897526 0.380427 0.897059 0.382703 0.903828 0.404587
1 0.804622 0.383754 0.809524 0.390581 0.813025 0.402486 0.814659 0.411064 0.815359 0.424545 0.814659 0.429097 0.815826 0.432773 0.815126 0.443102 0.816060 0.450455 0.815126 0.459909 0.813259 0.470238 0.813025 0.477416 0.808123 0.499300 0.809524 0.501401 0.813959 0.504027 0.825864 0.507353 0.838702 0.508929 0.847806 0.509104 0.859010 0.507178 0.875584 0.499825 0.888189 0.489846 0.901727 0.473915 0.909197 0.456933 0.911765 0.441001 0.911064 0.432248 0.908497 0.420343 0.901961 0.398985 0.899160 0.390756 0.896359 0.385854 0.894958 0.380252 0.887021 0.368347 0.876284 0.360644 0.871849 0.359244 0.869281 0.357493 0.866713 0.354167 0.852941 0.350840 0.845238 0.349790 0.834967 0.349440 0.831466 0.350315 0.827965 0.353291 0.823529 0.359594 0.808123 0.376401 0.804855 0.381127 0.804622 0.383754
1 0.652194 0.296919 0.655229 0.311625 0.657563 0.331408 0.659430 0.332283 0.668301 0.333683 0.674136 0.335959 0.680439 0.341036 0.693277 0.358543 0.695845 0.362745 0.696078 0.366246 0.698646 0.367122 0.699580 0.371499 0.699580 0.366246 0.697712 0.364846 0.697246 0.363445 0.698179 0.360644 0.698179 0.355742 0.693511 0.341912 0.689309 0.335084 0.686741 0.322129 0.687908 0.309524 0.690943 0.297094 0.690476 0.293242 0.677638 0.291317 0.669701 0.290966 0.654062 0.292542 0.652428 0.293943 0.652194 0.296919
1 0.655462 0.335784 0.658263 0.367472 0.656863 0.394258 0.654295 0.399685 0.653128 0.404762 0.646825 0.415441 0.643791 0.422444 0.640289 0.427696 0.633520 0.434349 0.631886 0.437150 0.616246 0.449230 0.603408 0.456232 0.589169 0.461660 0.577965 0.463060 0.574463 0.464636 0.556956 0.465861 0.553922 0.466912 0.553922 0.470238 0.556489 0.477416 0.564192 0.485119 0.580999 0.488445 0.584967 0.491246 0.588702 0.491422 0.591737 0.492647 0.601774 0.494573 0.609711 0.494398 0.619514 0.491947 0.631419 0.487045 0.635154 0.483718 0.639356 0.481793 0.641865 0.478685 0.650794 0.471814 0.651494 0.465161 0.651027 0.447479 0.656162 0.430672 0.671569 0.405812 0.676937 0.400910 0.682540 0.391457 0.689309 0.387430 0.693744 0.383053 0.697712 0.380427 0.698179 0.378501 0.697712 0.372724 0.694444 0.361695 0.690710 0.354867 0.680439 0.340686 0.675770 0.337010 0.668534 0.333508 0.658730 0.332283 0.656396 0.333158 0.655462 0.335784
1 0.447246 0.330182 0.429272 0.355742 0.429739 0.359419 0.433007 0.362745 0.442577 0.364671 0.451914 0.369748 0.463819 0.379727 0.475724 0.396008 0.486228 0.417017 0.487628 0.422444 0.489262 0.425070 0.496499 0.453256 0.497432 0.464286 0.493231 0.498424 0.494631 0.500175 0.498133 0.501225 0.505135 0.501926 0.513539 0.495623 0.526144 0.488270 0.529412 0.484069 0.534547 0.479867 0.540149 0.472864 0.541783 0.470238 0.542250 0.466912 0.533613 0.460784 0.519841 0.447479 0.511438 0.436275 0.503035 0.421744 0.492997 0.400560 0.484127 0.376576 0.468954 0.349090 0.467554 0.340686 0.467554 0.328081 0.468954 0.317227 0.470355 0.314251 0.470121 0.310574 0.468954 0.309349 0.464052 0.307948 0.459851 0.307773 0.456349 0.308648 0.447246 0.330182
1 0.227824 0.429272 0.230626 0.446429 0.237395 0.463410 0.244398 0.476541 0.256536 0.491246 0.265406 0.499125 0.276844 0.505077 0.296452 0.513480 0.300420 0.514356 0.313025 0.515231 0.324463 0.514531 0.329132 0.512780 0.333333 0.510329 0.334967 0.507878 0.338936 0.507003 0.344538 0.501576 0.342904 0.497899 0.331933 0.484244 0.327498 0.477066 0.323996 0.470413 0.320728 0.461134 0.318394 0.443452 0.320495 0.425070 0.325864 0.411940 0.333567 0.399160 0.349206 0.382703 0.361345 0.372899 0.360411 0.369748 0.340103 0.354342 0.327264 0.342962 0.316993 0.331933 0.311158 0.321954 0.306956 0.316877 0.302988 0.315826 0.285714 0.317577 0.269141 0.321604 0.258637 0.325280 0.254202 0.328081 0.247432 0.334034 0.240896 0.341912 0.240196 0.346113 0.237628 0.350315 0.233193 0.362395 0.229692 0.380602 0.228291 0.396534 0.227824 0.429272
1 0.108543 0.325630 0.106676 0.338410 0.107843 0.349965 0.111578 0.366071 0.113912 0.368172 0.123249 0.382353 0.133520 0.392157 0.140523 0.396534 0.143557 0.390581 0.146825 0.376751 0.156863 0.358368 0.163165 0.349790 0.169234 0.343487 0.181839 0.334209 0.185574 0.332808 0.189309 0.333508 0.193803 0.331758 0.212652 0.331758 0.216387 0.332808 0.220355 0.332808 0.223856 0.334909 0.227358 0.335084 0.230859 0.336835 0.237395 0.338410 0.241130 0.338585 0.251867 0.325980 0.254202 0.324580 0.253035 0.321779 0.253035 0.314076 0.251167 0.312150 0.249066 0.307248 0.232960 0.304797 0.230859 0.303922 0.228387 0.303455 0.224090 0.303046 0.201214 0.294993 0.195378 0.291842 0.175770 0.277136 0.163165 0.262780 0.161298 0.259104 0.158030 0.257528 0.150327 0.258053 0.133754 0.262955 0.122782 0.271359 0.116013 0.286415 0.111345 0.293417 0.109244 0.299895 0.108543 0.307073 0.108543 0.325630
1 0.095238 0.305847 0.097572 0.348039 0.098739 0.352416 0.102241 0.359069 0.105742 0.363620 0.109244 0.366597 0.112745 0.367647 0.112979 0.366246 0.111111 0.364496 0.109711 0.359769 0.107143 0.342087 0.107376 0.330882 0.109010 0.321604 0.109244 0.302521 0.110411 0.296218 0.114379 0.287815 0.119748 0.279412 0.121849 0.272409 0.132820 0.263655 0.138422 0.261555 0.144024 0.260854 0.149860 0.258578 0.142157 0.255252 0.133754 0.254552 0.123016 0.256828 0.111578 0.261555 0.104342 0.268908 0.100373 0.275560 0.097806 0.282563 0.096172 0.291492 0.095238 0.305847
1 0.140523 0.407913 0.140523 0.418943 0.143091 0.428746 0.145892 0.432948 0.146592 0.435924 0.152661 0.443803 0.155462 0.445728 0.168067 0.459909 0.174837 0.464461 0.195845 0.474615 0.209851 0.478817 0.221989 0.480217 0.229925 0.480392 0.235061 0.480042 0.240896 0.478116 0.241830 0.477416 0.241830 0.473214 0.239262 0.466912 0.236695 0.463410 0.229692 0.445203 0.226891 0.429272 0.226657 0.414566 0.230626 0.369748 0.232726 0.360294 0.237162 0.349265 0.240663 0.345413 0.240430 0.341737 0.239262 0.339636 0.227358 0.335609 0.214286 0.332633 0.204482 0.331933 0.195845 0.332633 0.185574 0.334734 0.175303 0.339286 0.170401 0.342787 0.164332 0.348915 0.154062 0.364321 0.147292 0.377976 0.142157 0.397234 0.140523 0.407913
1 0.075864 0.485119 0.080299 0.498775 0.084500 0.507178 0.091737 0.516457 0.095472 0.519433 0.098739 0.519608 0.099206 0.514531 0.098039 0.502101 0.098506 0.484419 0.100140 0.474265 0.102941 0.467787 0.107843 0.459559 0.110878 0.456232 0.122549 0.446954 0.130019 0.443452 0.133520 0.442927 0.136555 0.441176 0.139122 0.440651 0.140289 0.439601 0.144024 0.440476 0.145191 0.439426 0.139823 0.420693 0.139823 0.400035 0.139122 0.397584 0.133987 0.394433 0.126050 0.386730 0.123249 0.385854 0.116947 0.386380 0.106676 0.389706 0.098039 0.395833 0.090336 0.404762 0.083333 0.419818 0.080766 0.431548 0.076097 0.464286 0.075864 0.485119
1 0.098973 0.519258 0.104809 0.539916 0.106676 0.542892 0.108310 0.549195 0.111578 0.555672 0.116480 0.560924 0.119514 0.566702 0.137255 0.582108 0.144024 0.584734 0.145658 0.581583 0.145892 0.570728 0.149160 0.557073 0.155696 0.545693 0.163399 0.534839 0.176937 0.521183 0.187442 0.513305 0.192110 0.510679 0.210551 0.502801 0.218487 0.500525 0.226424 0.499650 0.232960 0.497899 0.243931 0.497199 0.250000 0.497549 0.251401 0.496849 0.252568 0.493697 0.252568 0.491246 0.248133 0.484069 0.244865 0.480392 0.241363 0.478291 0.234827 0.480567 0.231092 0.481092 0.218721 0.480392 0.203548 0.477941 0.195145 0.475315 0.189542 0.472689 0.175070 0.465161 0.162932 0.457458 0.160131 0.455357 0.152428 0.445728 0.144024 0.440126 0.125117 0.445728 0.119514 0.449230 0.109010 0.459034 0.104108 0.466562 0.101541 0.473039 0.098973 0.486169 0.098973 0.519258
1 0.315359 0.630952 0.316760 0.638130 0.318861 0.642682 0.320028 0.650385 0.323296 0.657213 0.326331 0.660364 0.334034 0.671744 0.348973 0.685049 0.366480 0.694153 0.381419 0.695903 0.387021 0.700455 0.390523 0.700105 0.393091 0.698004 0.398226 0.695903 0.405229 0.695028 0.422502 0.684874 0.436975 0.673144 0.440009 0.668943 0.443511 0.666667 0.464052 0.640056 0.473156 0.623249 0.480392 0.602416 0.482960 0.585609 0.482960 0.570728 0.478758 0.556898 0.470822 0.542717 0.463352 0.535189 0.459851 0.535014 0.456116 0.536415 0.450280 0.540441 0.445612 0.541842 0.421335 0.546394 0.408030 0.546919 0.394725 0.545168 0.387255 0.545343 0.380252 0.543943 0.376751 0.540616 0.373716 0.541317 0.371615 0.540616 0.364379 0.533438 0.360644 0.527836 0.355742 0.526085 0.350140 0.529587 0.343604 0.535539 0.330065 0.556898 0.322596 0.578256 0.314893 0.606092 0.315359 0.630952
1 0.647292 0.588936 0.651727 0.606268 0.660364 0.624300 0.667134 0.635504 0.673669 0.645658 0.684174 0.658088 0.689076 0.662115 0.693744 0.667892 0.704949 0.676471 0.708217 0.680147 0.728525 0.691527 0.730859 0.694678 0.738562 0.694503 0.748133 0.696779 0.751634 0.696954 0.755602 0.698004 0.758637 0.699755 0.765640 0.701506 0.776844 0.701681 0.786181 0.700105 0.791083 0.698004 0.797386 0.693803 0.805089 0.681022 0.808590 0.664741 0.809057 0.652486 0.807423 0.626926 0.802054 0.592437 0.797619 0.578256 0.795051 0.574580 0.791083 0.564076 0.783847 0.554972 0.777311 0.548669 0.773109 0.545343 0.771942 0.545168 0.750934 0.554097 0.734127 0.557598 0.715920 0.558824 0.699346 0.556548 0.689776 0.554272 0.682306 0.550945 0.677404 0.547269 0.671335 0.539741 0.668301 0.533964 0.664799 0.530637 0.657796 0.532738 0.651961 0.536590 0.646825 0.546569 0.647292 0.588936
1 0.938142 0.502101 0.917134 0.515581 0.919468 0.518908 0.929038 0.528011 0.935808 0.530812 0.941410 0.532213 0.949580 0.536765 0.962185 0.541317 0.967087 0.544468 0.985994 0.559699 0.993697 0.569678 0.998133 0.573704 0.999767 0.573704 0.999767 0.526085 0.997899 0.525910 0.990896 0.516807 0.981092 0.509629 0.978291 0.506127 0.972456 0.501225 0.956349 0.488971 0.953081 0.487745 0.951914 0.488620 0.938142 0.502101
1 0.931839 0.533613 0.936741 0.541842 0.944211 0.559349 0.947479 0.569678 0.950747 0.588585 0.951447 0.602941 0.950047 0.610644 0.945845 0.621849 0.936275 0.636204 0.928105 0.645658 0.925070 0.647934 0.930439 0.653711 0.937208 0.655812 0.940943 0.657913 0.951214 0.659839 0.956349 0.661590 0.970121 0.662990 0.977824 0.662465 0.981092 0.661590 0.984127 0.662640 0.991830 0.662290 0.998133 0.659664 0.999767 0.659664 0.999767 0.574405 0.997199 0.573529 0.993464 0.569853 0.983660 0.557598 0.978992 0.554272 0.977358 0.552171 0.960084 0.539916 0.952848 0.537815 0.949346 0.535364 0.942577 0.533438 0.940009 0.532038 0.932306 0.530112 0.931606 0.531688 0.931839 0.533613
1 0.603175 0.498249 0.617880 0.508228 0.631653 0.522059 0.640756 0.535189 0.644024 0.542367 0.647059 0.541141 0.652661 0.535014 0.661765 0.528361 0.662932 0.526436 0.654995 0.483193 0.653361 0.476366 0.651261 0.472164 0.643091 0.478992 0.631653 0.486520 0.624416 0.490196 0.608777 0.494923 0.604342 0.497024 0.603175 0.498249
1 0.974323 0.679097 0.975957 0.696954 0.975724 0.706057 0.971289 0.720063 0.971055 0.724440 0.983894 0.748249 0.994631 0.762080 0.998133 0.765756 0.999767 0.765756 0.999767 0.662640 0.973856 0.664741 0.972222 0.667892 0.974323 0.679097
1 0.883520 0.672444 0.890990 0.725490 0.889122 0.756828 0.887255 0.762080 0.887955 0.764006 0.889356 0.764881 0.899160 0.764706 0.918534 0.761204 0.928338 0.758578 0.946078 0.748599 0.958450 0.737920 0.970355 0.719013 0.973856 0.710259 0.975023 0.693627 0.972923 0.675245 0.970822 0.666667 0.968954 0.664566 0.966853 0.663866 0.960084 0.663515 0.945145 0.660364 0.922269 0.651786 0.916667 0.653711 0.905929 0.659489 0.900327 0.661239 0.898693 0.662465 0.889122 0.664216 0.883987 0.667192 0.883520 0.672444
1 0.808357 0.633403 0.809991 0.665091 0.806723 0.678746 0.798553 0.693102 0.793651 0.697129 0.789216 0.699405 0.784080 0.700980 0.772642 0.702731 0.751867 0.698354 0.749767 0.698704 0.747432 0.699580 0.750934 0.709909 0.757003 0.720763 0.767740 0.735294 0.776844 0.742297 0.781746 0.748249 0.796452 0.758929 0.810924 0.765756 0.817460 0.767157 0.824463 0.769783 0.831699 0.771183 0.848273 0.772934 0.859244 0.772934 0.873249 0.771183 0.879785 0.768908 0.884687 0.765406 0.887488 0.760329 0.888889 0.754377 0.890289 0.727066 0.882353 0.666842 0.880252 0.664916 0.872782 0.665091 0.861811 0.663690 0.845238 0.657738 0.831699 0.649160 0.818627 0.637780 0.810458 0.629202 0.808357 0.633403
1 0.666900 0.773284 0.668067 0.779412 0.671569 0.790091 0.676004 0.795518 0.685808 0.811625 0.702148 0.832458 0.707049 0.836660 0.716387 0.848039 0.721755 0.851891 0.736695 0.866246 0.742297 0.869923 0.748599 0.871148 0.755135 0.871499 0.765640 0.870273 0.775910 0.866597 0.779645 0.863971 0.782913 0.862920 0.795051 0.852941 0.800420 0.846464 0.805322 0.838060 0.809290 0.828256 0.811625 0.817577 0.812325 0.809349 0.810691 0.796394 0.808123 0.788515 0.796452 0.761380 0.770775 0.739671 0.763072 0.730742 0.746732 0.705532 0.744865 0.699580 0.739262 0.699755 0.737862 0.699230 0.736461 0.700805 0.735528 0.702906 0.735294 0.720938 0.732260 0.731268 0.728525 0.737570 0.725724 0.747899 0.723856 0.751401 0.711251 0.766282 0.698179 0.772409 0.696545 0.773810 0.692577 0.772759 0.688842 0.773810 0.686041 0.772759 0.682073 0.772759 0.675537 0.770658 0.671102 0.770833 0.668067 0.770133 0.667367 0.770833 0.666900 0.773284
1 0.563025 0.680147 0.567227 0.688901 0.570495 0.693277 0.584267 0.707108 0.596872 0.715511 0.608543 0.725315 0.619748 0.737745 0.631886 0.745623 0.633520 0.748074 0.636555 0.749825 0.637488 0.751576 0.644024 0.756653 0.654528 0.763305 0.661298 0.766106 0.668301 0.767332 0.680672 0.771359 0.696545 0.771884 0.703548 0.769783 0.708450 0.766457 0.721989 0.751576 0.732026 0.729167 0.734360 0.718137 0.733894 0.707983 0.732493 0.701506 0.728525 0.692577 0.722923 0.690126 0.721989 0.688901 0.705882 0.679447 0.701447 0.674895 0.694211 0.669293 0.686041 0.660714 0.682540 0.658438 0.679972 0.653887 0.667834 0.638655 0.655229 0.616772 0.650794 0.606793 0.649160 0.605392 0.647526 0.602066 0.644491 0.609769 0.643791 0.614671 0.643557 0.623775 0.644491 0.629027 0.644024 0.644433 0.642157 0.651261 0.636788 0.656338 0.630952 0.659839 0.619281 0.663866 0.598973 0.666141 0.584500 0.663866 0.568161 0.659139 0.564192 0.657388 0.562792 0.659139 0.563025 0.680147
1 0.504669 0.764356 0.505135 0.779587 0.508403 0.790266 0.514239 0.803571 0.535948 0.832108 0.546452 0.842262 0.551120 0.848915 0.562558 0.860644 0.569795 0.865371 0.573763 0.869748 0.588936 0.880777 0.594538 0.883929 0.605275 0.887605 0.612745 0.887430 0.622782 0.885154 0.634687 0.880252 0.640523 0.876751 0.658263 0.862920 0.665033 0.854167 0.669001 0.845063 0.672736 0.831933 0.673903 0.811975 0.672502 0.799895 0.666433 0.778536 0.658964 0.767157 0.649860 0.761380 0.618581 0.738095 0.614146 0.732668 0.600373 0.719888 0.594304 0.715161 0.585668 0.709909 0.571195 0.698004 0.563492 0.699055 0.560691 0.700280 0.553688 0.721289 0.548786 0.729167 0.543651 0.735294 0.534314 0.742997 0.525910 0.747724 0.522176 0.748424 0.508403 0.754552 0.505602 0.758929 0.504669 0.764356
1 0.427638 0.685749 0.428805 0.689076 0.437442 0.706583 0.451681 0.728466 0.456116 0.734244 0.463352 0.741246 0.473389 0.748775 0.476891 0.750350 0.481326 0.751926 0.494398 0.754377 0.505836 0.754027 0.526844 0.746148 0.533380 0.742822 0.543651 0.734069 0.548319 0.728641 0.555322 0.713410 0.560924 0.689251 0.560691 0.667892 0.558590 0.657913 0.554622 0.652661 0.541317 0.645483 0.527077 0.635329 0.514939 0.623424 0.503968 0.609769 0.500000 0.603466 0.492764 0.587360 0.487628 0.571254 0.487862 0.573004 0.484360 0.577906 0.483193 0.589986 0.479458 0.608894 0.474323 0.622549 0.461485 0.645308 0.453782 0.654587 0.450747 0.659489 0.446078 0.663690 0.440476 0.671043 0.431606 0.678571 0.428338 0.682773 0.427638 0.685749
1 0.358777 0.794293 0.361578 0.810924 0.363679 0.817577 0.368814 0.828256 0.376284 0.838585 0.386788 0.848915 0.394024 0.854167 0.404528 0.859769 0.421569 0.864671 0.431373 0.866246 0.436041 0.865896 0.440710 0.864321 0.451914 0.856092 0.456816 0.851366 0.465686 0.839636 0.474556 0.824755 0.478058 0.817577 0.483193 0.801821 0.492297 0.778536 0.494398 0.766632 0.494631 0.758228 0.492297 0.755077 0.485061 0.753852 0.472456 0.748950 0.462185 0.741422 0.454949 0.734769 0.438842 0.710434 0.430205 0.694153 0.425070 0.687850 0.421335 0.687850 0.417367 0.689426 0.405229 0.696078 0.402661 0.707983 0.397759 0.723739 0.392157 0.735294 0.371148 0.760154 0.361578 0.765931 0.358310 0.770658 0.358777 0.794293
1 0.253968 0.667892 0.254669 0.680322 0.257236 0.706408 0.258637 0.712535 0.262372 0.715686 0.264472 0.724090 0.271475 0.734419 0.276377 0.738445 0.278945 0.741772 0.286415 0.748074 0.299253 0.755602 0.306956 0.759629 0.318161 0.763480 0.338702 0.766982 0.349907 0.767332 0.359010 0.765056 0.365079 0.762430 0.373950 0.755252 0.394024 0.729517 0.397993 0.715861 0.400560 0.710084 0.402194 0.699230 0.400794 0.696954 0.394258 0.698354 0.388422 0.698004 0.383053 0.699580 0.380952 0.697829 0.366013 0.694503 0.355742 0.690476 0.343604 0.681022 0.329132 0.667542 0.323063 0.657913 0.314426 0.633578 0.313725 0.617822 0.318161 0.591912 0.318394 0.587885 0.317460 0.586134 0.313959 0.585259 0.311158 0.587885 0.306256 0.602591 0.303922 0.605917 0.302754 0.610119 0.296685 0.622899 0.282213 0.643557 0.273810 0.651085 0.269141 0.657038 0.259104 0.661415 0.254669 0.665266 0.253968 0.667892
1 0.202848 0.789916 0.204715 0.798494 0.204248 0.811625 0.205182 0.824230 0.209150 0.845588 0.215920 0.859944 0.220822 0.865196 0.223623 0.869573 0.230159 0.875350 0.237628 0.880077 0.247666 0.884104 0.255135 0.885504 0.268674 0.885854 0.279178 0.884454 0.288749 0.881478 0.303688 0.875350 0.315826 0.867122 0.319795 0.862745 0.326331 0.857668 0.338469 0.842962 0.348973 0.824580 0.352474 0.814601 0.353641 0.807948 0.352241 0.785714 0.349907 0.776611 0.350607 0.772759 0.349907 0.771709 0.342204 0.769083 0.334734 0.768207 0.317227 0.764181 0.307190 0.760504 0.293184 0.752976 0.284547 0.747374 0.270308 0.734069 0.263072 0.723915 0.263072 0.720238 0.261905 0.717087 0.258637 0.716036 0.255135 0.716036 0.251634 0.720588 0.250700 0.724965 0.248133 0.728641 0.243231 0.741772 0.236228 0.752801 0.226190 0.763130 0.217379 0.769739 0.208450 0.775210 0.203782 0.779062 0.202381 0.781863 0.202848 0.789916
1 0.089636 0.679447 0.090570 0.686975 0.091970 0.692402 0.095472 0.695203 0.095938 0.702731 0.098506 0.707633 0.110644 0.725840 0.115780 0.735119 0.123016 0.742647 0.126517 0.748074 0.140523 0.761555 0.150560 0.769258 0.158730 0.773634 0.163632 0.774335 0.168067 0.777136 0.176004 0.778887 0.192344 0.779937 0.196078 0.779412 0.213585 0.770833 0.225490 0.762080 0.238095 0.748249 0.245098 0.734069 0.254669 0.710434 0.253268 0.702906 0.250233 0.699580 0.251634 0.696254 0.250700 0.675245 0.248133 0.667892 0.227358 0.672444 0.216853 0.673845 0.205415 0.672619 0.196078 0.670693 0.185107 0.666842 0.176471 0.659664 0.172736 0.654062 0.169468 0.651085 0.159897 0.635679 0.157096 0.626576 0.153361 0.620273 0.153595 0.615721 0.151961 0.610294 0.147993 0.608718 0.145191 0.608718 0.136555 0.612570 0.119981 0.623249 0.108543 0.632528 0.102474 0.640406 0.097572 0.650385 0.095238 0.653361 0.092904 0.663690 0.089869 0.670518 0.089636 0.679447
1 0.069561 0.609244 0.070728 0.622024 0.074230 0.638305 0.081466 0.659139 0.088469 0.668067 0.094304 0.652136 0.097806 0.645833 0.107376 0.632528 0.118347 0.623775 0.137021 0.611169 0.141223 0.609244 0.142624 0.607843 0.147526 0.607143 0.149860 0.605917 0.148926 0.598739 0.146359 0.590336 0.144258 0.587185 0.140990 0.584384 0.133987 0.580357 0.120215 0.568452 0.113912 0.561625 0.109477 0.554272 0.105742 0.552696 0.099206 0.556022 0.093137 0.560574 0.087302 0.566702 0.083333 0.574055 0.080299 0.576856 0.077498 0.581232 0.072829 0.591912 0.070028 0.602241 0.069561 0.609244
1 0.254669 0.310749 0.256069 0.323004 0.257003 0.324580 0.259337 0.324580 0.264472 0.322479 0.270775 0.321078 0.279412 0.317577 0.280812 0.314076 0.278945 0.310924 0.272409 0.304097 0.269141 0.302171 0.255135 0.306898 0.254669 0.310749
1 0.052521 0.779587 0.057190 0.803746 0.063259 0.817752 0.067227 0.823880 0.074463 0.832633 0.089169 0.845763 0.097572 0.852941 0.107143 0.859419 0.116713 0.863971 0.126751 0.866422 0.140523 0.869048 0.151494 0.869223 0.164799 0.866947 0.171802 0.864146 0.179272 0.857493 0.185808 0.848039 0.193978 0.827906 0.195845 0.814951 0.196078 0.796218 0.192810 0.783088 0.191176 0.781863 0.187208 0.780987 0.175070 0.780287 0.172035 0.778887 0.168301 0.778536 0.159897 0.775735 0.149860 0.767857 0.140990 0.763305 0.138655 0.760154 0.129318 0.752451 0.119514 0.741422 0.095005 0.702556 0.092204 0.700630 0.085901 0.702206 0.077965 0.705532 0.073296 0.709209 0.066060 0.716912 0.061858 0.723915 0.059991 0.729867 0.057190 0.734069 0.057190 0.745273 0.054622 0.746849 0.052988 0.751401 0.052288 0.758228 0.052521 0.779587
1 0.298319 0.516982 0.298553 0.519083 0.305322 0.525735 0.308590 0.530637 0.312792 0.540266 0.314659 0.555497 0.312558 0.571779 0.314893 0.580357 0.317460 0.582108 0.322362 0.575105 0.328898 0.557598 0.335668 0.545343 0.346405 0.531513 0.350840 0.527836 0.356443 0.525910 0.356443 0.522584 0.352474 0.514531 0.345238 0.505952 0.342437 0.506303 0.340803 0.507878 0.338235 0.508053 0.337068 0.511380 0.331232 0.512080 0.324463 0.515231 0.314192 0.516106 0.304388 0.515231 0.296452 0.515406 0.298319 0.516982
1 0.946779 0.108894 0.950280 0.119748 0.956583 0.133754 0.963119 0.144783 0.967787 0.148985 0.971755 0.150385 0.979692 0.155287 0.988562 0.158613 0.999767 0.160014 0.999767 0.057248 0.991830 0.057598 0.984127 0.059699 0.975257 0.063901 0.965920 0.070028 0.957049 0.077906 0.954015 0.081758 0.949346 0.091562 0.946545 0.101541 0.946779 0.108894
1 0.999767 0.220453 0.999767 0.221459 1.000000 0.221459 1.000000 0.220453 0.999767 0.220453