1 0.223583 0.206852 0.225504 0.228947 0.225264 0.248159 0.226225 0.262248 0.227666 0.266731 0.227906 0.279219 0.229587 0.289785 0.233189 0.301633 0.237032 0.311880 0.244236 0.324368 0.250240 0.331732 0.262008 0.339097 0.272574 0.338457 0.280259 0.319244 0.291306 0.298751 0.319885 0.264169 0.338617 0.248159 0.343420 0.240474 0.351825 0.210375 0.352546 0.197887 0.356628 0.178674 0.357589 0.169068 0.358309 0.139289 0.357349 0.129683 0.353506 0.112072 0.350624 0.105027 0.344380 0.095421 0.341979 0.088377 0.340298 0.087736 0.338617 0.084854 0.335014 0.083894 0.325889 0.076529 0.320605 0.075568 0.310038 0.071085 0.300192 0.069805 0.286503 0.073327 0.279059 0.077810 0.272574 0.079091 0.266090 0.086776 0.260567 0.090298 0.245677 0.112072 0.241114 0.116234 0.232949 0.130003 0.227185 0.161063 0.224304 0.184438 0.223583 0.206852
0 0.268972 0.383285 0.272815 0.400897 0.275216 0.404419 0.275937 0.407941 0.279539 0.414986 0.297550 0.433878 0.303794 0.437400 0.317483 0.441242 0.322526 0.443804 0.338377 0.444124 0.359750 0.441242 0.375360 0.437720 0.399135 0.424912 0.406580 0.417867 0.426993 0.402818 0.460615 0.367915 0.465178 0.361832 0.474784 0.344861 0.479827 0.331412 0.482709 0.320525 0.484630 0.307397 0.483189 0.285943 0.481268 0.279539 0.463497 0.244637 0.447887 0.230548 0.434918 0.223823 0.420269 0.221262 0.397214 0.219661 0.379923 0.223503 0.365514 0.230548 0.344140 0.244316 0.314121 0.272174 0.296110 0.293948 0.288184 0.306756 0.277858 0.328210 0.272574 0.344220 0.269212 0.362792 0.268972 0.383285
0 0.498799 0.457573 0.497839 0.460134 0.499520 0.470381 0.500480 0.502081 0.502642 0.513289 0.509366 0.533461 0.514649 0.544028 0.524976 0.560359 0.535303 0.572847 0.549472 0.586936 0.560759 0.595261 0.565562 0.597502 0.578050 0.601025 0.598943 0.603586 0.611912 0.602305 0.655860 0.606148 0.679395 0.603907 0.685639 0.602305 0.691643 0.598783 0.702209 0.596222 0.717819 0.588857 0.725264 0.583413 0.739193 0.568044 0.744236 0.553955 0.746158 0.542107 0.746158 0.528658 0.742555 0.502402 0.737032 0.480948 0.726945 0.460134 0.721182 0.451809 0.708934 0.437720 0.693324 0.424592 0.672671 0.410503 0.655139 0.402177 0.623439 0.392251 0.602305 0.388409 0.567483 0.386487 0.555956 0.388088 0.551153 0.390330 0.546110 0.390970 0.529299 0.398975 0.512008 0.419789 0.507205 0.427474 0.498799 0.452450 0.498799 0.457573
0 0.199808 0.675632 0.201009 0.689721 0.202450 0.696126 0.202450 0.707012 0.204131 0.709894 0.205812 0.723343 0.207973 0.730708 0.213016 0.745117 0.217819 0.753122 0.219981 0.759206 0.235591 0.778738 0.238473 0.780339 0.240634 0.783541 0.244717 0.786744 0.248319 0.787384 0.250720 0.790586 0.254323 0.791867 0.258646 0.795389 0.274496 0.798271 0.283141 0.797630 0.293228 0.791867 0.301873 0.784182 0.304755 0.780339 0.307877 0.772975 0.310759 0.769773 0.320125 0.751841 0.323007 0.744156 0.327329 0.731028 0.329731 0.719500 0.331652 0.716619 0.333814 0.709574 0.335014 0.699968 0.340778 0.677874 0.345101 0.656100 0.344621 0.622158 0.347022 0.606788 0.347262 0.581492 0.345341 0.574127 0.346061 0.564201 0.344621 0.547871 0.342219 0.534422 0.337176 0.515210 0.331892 0.501761 0.324448 0.489273 0.316523 0.480628 0.310519 0.476145 0.300432 0.471021 0.293948 0.469420 0.285543 0.470061 0.271614 0.475504 0.262968 0.480628 0.257205 0.486071 0.249039 0.496638 0.233189 0.521294 0.220941 0.550112 0.218780 0.557157 0.218060 0.564201 0.212056 0.577970 0.209414 0.600064 0.204131 0.619597 0.201489 0.633365 0.200528 0.647454 0.199808 0.675632
0 0.327810 0.788985 0.332133 0.811079 0.341499 0.831572 0.355908 0.852065 0.371518 0.865834 0.392171 0.878002 0.399376 0.881524 0.426033 0.888889 0.438521 0.890810 0.467819 0.892411 0.491595 0.888569 0.506724 0.882165 0.515130 0.877362 0.530740 0.859110 0.541066 0.839257 0.543948 0.824528 0.545389 0.791867 0.543708 0.780019 0.539625 0.765610 0.531940 0.750240 0.518012 0.731348 0.504803 0.718860 0.487512 0.706692 0.466619 0.697727 0.456532 0.695805 0.451729 0.696446 0.443564 0.694524 0.432997 0.694204 0.428674 0.695485 0.406820 0.696126 0.384006 0.701249 0.369837 0.706692 0.348703 0.723343 0.331652 0.744476 0.327329 0.769452 0.327810 0.788985
0 0.605908 0.138008 0.608309 0.154979 0.619356 0.192123 0.634966 0.227666 0.639289 0.233750 0.647695 0.242075 0.653458 0.250400 0.658021 0.254243 0.670989 0.260647 0.699808 0.280179 0.726465 0.287224 0.741114 0.285943 0.752402 0.280179 0.754323 0.275376 0.765850 0.260327 0.769693 0.250720 0.771854 0.228626 0.768732 0.187000 0.767051 0.175152 0.764169 0.164585 0.749039 0.130323 0.727906 0.104067 0.723823 0.100865 0.707012 0.077810 0.695245 0.070765 0.689481 0.065962 0.676513 0.059878 0.661623 0.055075 0.649616 0.053154 0.639769 0.053474 0.632325 0.056036 0.617915 0.067883 0.612392 0.078770 0.609990 0.088377 0.607829 0.091899 0.605668 0.103106 0.605908 0.138008
1 0.545149 0.359270 0.546830 0.363112 0.547310 0.368876 0.549472 0.376561 0.553554 0.385527 0.581892 0.384566 0.623199 0.390970 0.658261 0.402177 0.681076 0.414025 0.708213 0.435799 0.720941 0.449888 0.731508 0.466539 0.739433 0.484150 0.742315 0.495357 0.744957 0.498559 0.748079 0.498559 0.762248 0.492795 0.783622 0.477426 0.800672 0.455972 0.807637 0.441563 0.811479 0.427794 0.811720 0.421710 0.808838 0.411463 0.806916 0.408581 0.805716 0.404099 0.798511 0.391931 0.781940 0.369516 0.779299 0.368236 0.775937 0.362792 0.772574 0.360231 0.768972 0.355107 0.765610 0.352866 0.762728 0.348383 0.752642 0.340378 0.739193 0.326289 0.732469 0.321806 0.722142 0.309638 0.708453 0.298431 0.685879 0.283381 0.669308 0.275056 0.644813 0.269613 0.626321 0.269613 0.608309 0.271534 0.591258 0.276977 0.574207 0.287864 0.556436 0.307397 0.548511 0.322126 0.545149 0.342939 0.545149 0.359270
1 0.526897 0.727506 0.525456 0.730708 0.526657 0.737432 0.529059 0.740314 0.532181 0.748319 0.538665 0.760167 0.545389 0.780339 0.547070 0.788985 0.547550 0.797630 0.545389 0.810439 0.545629 0.825168 0.540586 0.848863 0.548991 0.866475 0.567483 0.891451 0.574448 0.897534 0.583573 0.903298 0.591018 0.905860 0.603506 0.918348 0.624880 0.923151 0.649135 0.922190 0.664986 0.919629 0.668108 0.917707 0.685639 0.897214 0.689721 0.889850 0.692843 0.876081 0.694044 0.860711 0.693084 0.850785 0.691883 0.842139 0.683958 0.813641 0.675793 0.790906 0.669549 0.765930 0.668348 0.764009 0.664505 0.763369 0.647695 0.768172 0.633525 0.768812 0.619837 0.764329 0.611671 0.759846 0.597022 0.748639 0.585014 0.733910 0.581412 0.723983 0.579251 0.721422 0.574448 0.697727 0.567963 0.692283 0.557637 0.693884 0.542988 0.702850 0.530740 0.716619 0.527137 0.723663 0.526897 0.727506
1 0.382565 0.883125 0.381124 0.890170 0.380884 0.901377 0.381604 0.907781 0.382805 0.910343 0.420269 0.946846 0.434918 0.956132 0.440682 0.962216 0.455091 0.969260 0.473583 0.974384 0.481268 0.972783 0.487512 0.969581 0.499039 0.959974 0.507205 0.949408 0.514649 0.935639 0.518252 0.915786 0.519212 0.903939 0.518492 0.891130 0.516090 0.882485 0.514169 0.880564 0.508646 0.881204 0.501681 0.885687 0.491835 0.889850 0.469981 0.893372 0.460615 0.893692 0.417627 0.887608 0.383766 0.876401 0.381604 0.879923 0.382565 0.883125
1 0.229587 0.816202 0.231988 0.834774 0.241114 0.870317 0.254083 0.898175 0.266090 0.917707 0.274736 0.926033 0.283381 0.939161 0.296830 0.949728 0.307637 0.955492 0.314601 0.958373 0.331652 0.960295 0.346061 0.957733 0.359750 0.950048 0.366715 0.942683 0.373199 0.931476 0.378963 0.914825 0.379683 0.908742 0.378963 0.890490 0.375600 0.875760 0.372959 0.869356 0.369837 0.867755 0.355668 0.853666 0.346542 0.842459 0.340298 0.832853 0.335014 0.821005 0.329251 0.804995 0.327329 0.795709 0.325648 0.783541 0.326369 0.758245 0.324688 0.755684 0.321085 0.756004 0.318444 0.758245 0.317723 0.762088 0.306676 0.781620 0.297550 0.791547 0.290346 0.797310 0.279779 0.800512 0.263449 0.797951 0.250000 0.792187 0.234150 0.781300 0.230788 0.789305 0.229827 0.803074 0.229587 0.816202
1 0.382565 0.626961 0.384966 0.650977 0.387608 0.661543 0.391451 0.669869 0.391931 0.674992 0.398415 0.692603 0.402738 0.693884 0.417867 0.694204 0.450528 0.693564 0.470461 0.695485 0.474784 0.691002 0.486311 0.671470 0.492315 0.655139 0.493516 0.648095 0.499760 0.628882 0.505283 0.605508 0.507205 0.588537 0.508886 0.581492 0.512008 0.548191 0.510807 0.540186 0.500000 0.509446 0.497839 0.488313 0.497358 0.469741 0.495437 0.461415 0.491114 0.452450 0.485110 0.446045 0.475264 0.440602 0.463737 0.438361 0.452690 0.438040 0.442603 0.440602 0.425072 0.455972 0.410423 0.482549 0.404419 0.499840 0.401057 0.505283 0.400817 0.512008 0.397454 0.517131 0.394332 0.526097 0.389289 0.551073 0.389289 0.561639 0.383285 0.601345 0.382565 0.626961
1 0.360711 0.147294 0.360471 0.150817 0.355427 0.196606 0.347502 0.233429 0.348223 0.238873 0.351825 0.238232 0.360711 0.231508 0.381604 0.221582 0.393372 0.218700 0.406340 0.218380 0.435879 0.222863 0.452209 0.232149 0.455812 0.235030 0.460134 0.241114 0.463497 0.242715 0.464217 0.240794 0.464217 0.212616 0.459894 0.178354 0.450528 0.150817 0.433477 0.124560 0.402738 0.094781 0.394092 0.089657 0.387608 0.087416 0.379923 0.088697 0.372959 0.093180 0.360951 0.106628 0.356868 0.116234 0.360711 0.147294
1 0.126801 0.227346 0.129683 0.244637 0.131604 0.248159 0.134246 0.258085 0.138809 0.279219 0.154419 0.326929 0.164745 0.344541 0.172430 0.352866 0.180596 0.359590 0.191883 0.364713 0.211095 0.377201 0.218780 0.377201 0.230548 0.369837 0.233670 0.366635 0.246638 0.346462 0.248799 0.334614 0.247839 0.331412 0.243276 0.326609 0.235831 0.312520 0.230307 0.295549 0.227666 0.282741 0.224544 0.255203 0.223103 0.207173 0.223823 0.184758 0.222382 0.175152 0.219020 0.168428 0.206052 0.153378 0.192123 0.140250 0.176033 0.135126 0.171230 0.135126 0.158021 0.139289 0.150096 0.146334 0.136407 0.168108 0.133285 0.176753 0.128722 0.197887 0.127041 0.217419 0.126801 0.227346
1 0.177714 0.526417 0.182037 0.545949 0.184198 0.549792 0.198127 0.563240 0.210134 0.569324 0.213497 0.568684 0.216138 0.564201 0.219741 0.550432 0.227906 0.528338 0.232709 0.517451 0.238953 0.508165 0.260567 0.480948 0.267291 0.476145 0.284822 0.467499 0.287464 0.464938 0.289145 0.459814 0.287944 0.454371 0.289866 0.449248 0.281220 0.428434 0.278818 0.418508 0.271854 0.402498 0.267531 0.387448 0.266811 0.374533 0.267771 0.355748 0.269693 0.349984 0.268972 0.345181 0.265370 0.344541 0.258886 0.346462 0.247598 0.354467 0.236551 0.367595 0.220221 0.380724 0.201489 0.409862 0.192123 0.427153 0.187560 0.438361 0.181796 0.458854 0.180355 0.466218 0.177954 0.509766 0.177714 0.526417
1 0.388569 0.064041 0.388809 0.069164 0.390730 0.081652 0.392411 0.084854 0.396494 0.089337 0.402738 0.093180 0.411143 0.102786 0.420989 0.110150 0.437960 0.127975 0.448847 0.145373 0.463016 0.147935 0.477666 0.146334 0.489433 0.142811 0.502882 0.135126 0.512008 0.127121 0.523295 0.111752 0.527137 0.104707 0.532901 0.084214 0.537704 0.059878 0.536984 0.050592 0.532661 0.036503 0.525937 0.024015 0.518972 0.014409 0.505764 0.000000 0.420509 0.000000 0.420269 0.001921 0.413785 0.007365 0.402017 0.022414 0.396734 0.032020 0.393372 0.047070 0.389769 0.056996 0.388569 0.064041
1 0.260327 0.085175 0.262968 0.086455 0.265850 0.085815 0.267531 0.083894 0.294669 0.069805 0.304275 0.068844 0.314841 0.072046 0.328770 0.077169 0.340778 0.084854 0.343180 0.088056 0.345101 0.093820 0.350384 0.102145 0.352305 0.107269 0.355908 0.112072 0.364073 0.099904 0.379443 0.084854 0.380884 0.076849 0.378242 0.057637 0.374880 0.044508 0.366475 0.022414 0.359990 0.012488 0.350384 0.004163 0.338377 0.001601 0.324207 0.009926 0.311239 0.015370 0.292027 0.028498 0.275696 0.049632 0.268972 0.060839 0.261047 0.078770 0.260327 0.085175
0 0.747358 0.752161 0.746638 0.757605 0.744476 0.762088 0.743036 0.774576 0.744236 0.781940 0.746158 0.787064 0.747118 0.796990 0.752161 0.810759 0.758405 0.817803 0.769212 0.826129 0.776897 0.829971 0.785783 0.832213 0.792988 0.831892 0.802113 0.827730 0.825168 0.814281 0.835735 0.804355 0.850144 0.787704 0.859990 0.772334 0.876561 0.740954 0.878002 0.733269 0.880163 0.728786 0.881364 0.720461 0.888809 0.699328 0.892171 0.685239 0.892651 0.678194 0.894573 0.674992 0.896013 0.660903 0.898895 0.653858 0.905139 0.629203 0.907781 0.613513 0.908982 0.586295 0.907541 0.570925 0.905139 0.564521 0.904659 0.557157 0.902738 0.550432 0.900096 0.545629 0.892171 0.537944 0.884006 0.535062 0.872959 0.535062 0.859030 0.537304 0.848703 0.542427 0.837656 0.550112 0.824448 0.563561 0.803074 0.598783 0.799232 0.610311 0.794909 0.618636 0.780259 0.642011 0.774736 0.647134 0.768012 0.659622 0.761287 0.674992 0.760327 0.682357 0.756004 0.691963 0.751681 0.708293 0.748559 0.716298 0.746878 0.727185 0.747358 0.752161
1 0.575648 0.689081 0.576369 0.699007 0.581412 0.720141 0.584774 0.727506 0.587896 0.734230 0.593660 0.741595 0.605427 0.753122 0.612872 0.758565 0.627041 0.764649 0.643852 0.766250 0.660183 0.763689 0.685399 0.754083 0.694284 0.748959 0.713256 0.735191 0.733670 0.713737 0.752642 0.685559 0.772334 0.645533 0.780259 0.621198 0.781700 0.614153 0.782181 0.598143 0.780980 0.585975 0.779299 0.578931 0.776417 0.570925 0.768972 0.560359 0.755043 0.546270 0.751441 0.544348 0.749280 0.544669 0.745197 0.550112 0.743516 0.560999 0.739433 0.571886 0.721182 0.589817 0.690922 0.602626 0.674111 0.606148 0.662344 0.607749 0.649616 0.607749 0.622478 0.604547 0.608309 0.605508 0.605668 0.607749 0.598703 0.617996 0.593420 0.630804 0.584774 0.647454 0.579731 0.660263 0.576369 0.679795 0.575648 0.689081
1 0.326609 0.482869 0.327329 0.490554 0.332373 0.498559 0.336936 0.509766 0.343900 0.534422 0.350144 0.580211 0.348703 0.590778 0.349424 0.603907 0.352305 0.607109 0.367675 0.610951 0.380163 0.608389 0.382325 0.602305 0.383766 0.588216 0.385447 0.581172 0.388569 0.545629 0.400576 0.501441 0.404179 0.496638 0.412584 0.475504 0.427474 0.449568 0.429395 0.425552 0.428674 0.409222 0.426993 0.406020 0.425312 0.405059 0.420029 0.410503 0.413064 0.413705 0.398175 0.426513 0.376321 0.438361 0.359270 0.442523 0.341979 0.444124 0.334534 0.446045 0.330932 0.457253 0.327329 0.478066 0.326609 0.482869
1 0.429155 0.404739 0.430355 0.413705 0.430355 0.443484 0.431556 0.446366 0.441883 0.439962 0.453170 0.436119 0.466859 0.437080 0.477426 0.440602 0.483910 0.444124 0.485591 0.443484 0.487992 0.439321 0.489433 0.431636 0.486311 0.411143 0.477906 0.382965 0.475985 0.380403 0.474784 0.376241 0.466859 0.364073 0.463497 0.365674 0.430355 0.401217 0.429155 0.404739
1 0.504075 0.629621 0.504835 0.637980 0.507306 0.642287 0.510156 0.653179 0.512817 0.661539 0.515287 0.666351 0.520608 0.670658 0.526119 0.674204 0.533721 0.676231 0.541323 0.677497 0.547024 0.675977 0.556715 0.672938 0.563937 0.670404 0.570778 0.666098 0.574199 0.662298 0.576479 0.660019 0.578530 0.657061 0.592939 0.627922 0.594621 0.619597 0.600384 0.612552 0.603987 0.605828 0.574448 0.601345 0.560519 0.596222 0.547070 0.585655 0.531220 0.569645 0.524256 0.560999 0.519212 0.552033 0.515610 0.548831 0.512968 0.554275 0.507205 0.602626 0.502161 0.622799 0.504075 0.629621
1 0.742795 0.324368 0.743516 0.327890 0.783862 0.370477 0.797310 0.389049 0.804995 0.401857 0.811960 0.417867 0.812680 0.425232 0.811720 0.432277 0.807157 0.445725 0.793948 0.466859 0.785062 0.477746 0.777858 0.484470 0.767771 0.491515 0.750000 0.500480 0.749039 0.501441 0.748319 0.508485 0.750240 0.512648 0.750961 0.517131 0.750240 0.520013 0.748079 0.520973 0.748079 0.524496 0.753842 0.535062 0.752882 0.536343 0.754563 0.539545 0.757205 0.540506 0.758646 0.543708 0.760807 0.544348 0.765610 0.552033 0.770893 0.557157 0.772334 0.560679 0.774256 0.561319 0.775456 0.564201 0.778098 0.566443 0.779299 0.571566 0.781700 0.573807 0.787704 0.584694 0.786984 0.588216 0.789625 0.592059 0.796350 0.593340 0.803554 0.592059 0.807157 0.588857 0.819645 0.567723 0.831172 0.552994 0.842699 0.544348 0.862872 0.532821 0.865274 0.522254 0.871037 0.471021 0.871278 0.458854 0.868876 0.421710 0.863353 0.405700 0.860471 0.387448 0.856868 0.372719 0.852786 0.362152 0.846302 0.349984 0.843900 0.342299 0.825408 0.310919 0.807637 0.292347 0.802594 0.289145 0.789866 0.286263 0.771854 0.287864 0.762968 0.293308 0.754323 0.301953 0.746398 0.314121 0.744236 0.319565 0.742795 0.324368
1 0.466619 0.247839 0.482229 0.278578 0.485831 0.292988 0.486311 0.308678 0.485591 0.314121 0.480788 0.334614 0.474304 0.349023 0.474544 0.352225 0.487272 0.362152 0.498799 0.365674 0.512248 0.365994 0.528338 0.358950 0.540586 0.349023 0.542027 0.346782 0.543708 0.339737 0.545149 0.327890 0.549472 0.315082 0.555716 0.304515 0.574928 0.283381 0.577089 0.279219 0.579011 0.266411 0.578770 0.254883 0.578050 0.250080 0.575889 0.244957 0.574928 0.237912 0.572526 0.233429 0.556676 0.226065 0.549472 0.219661 0.539866 0.206852 0.532421 0.203330 0.527378 0.202370 0.508886 0.201729 0.494717 0.204611 0.484390 0.209414 0.472622 0.216779 0.468780 0.220301 0.466619 0.226705 0.466619 0.247839
1 0.528338 0.148255 0.532661 0.177073 0.540106 0.202690 0.550192 0.218060 0.561960 0.227025 0.570365 0.229907 0.574448 0.229587 0.591499 0.222542 0.596542 0.218060 0.601105 0.211335 0.608790 0.205251 0.613353 0.198207 0.616475 0.188280 0.613833 0.176113 0.611431 0.170349 0.607349 0.154659 0.605187 0.140890 0.603987 0.104067 0.605668 0.094460 0.614073 0.071726 0.619597 0.064041 0.623679 0.061159 0.630163 0.053794 0.626081 0.039705 0.624159 0.029139 0.620317 0.018892 0.616234 0.013769 0.606388 0.007365 0.595581 0.003842 0.585255 0.004803 0.580451 0.007365 0.567483 0.018252 0.555476 0.033942 0.542988 0.056996 0.537944 0.071085 0.530259 0.098943 0.528098 0.119116 0.528338 0.148255
1 0.713497 0.084854 0.722382 0.095741 0.723583 0.098943 0.730788 0.105347 0.736551 0.113993 0.750000 0.129043 0.762968 0.158501 0.767051 0.171310 0.769452 0.185719 0.773295 0.224784 0.772815 0.237592 0.769933 0.252321 0.766090 0.261607 0.755524 0.278578 0.751921 0.282741 0.740634 0.288184 0.734870 0.289465 0.723103 0.289145 0.722382 0.293628 0.723823 0.299712 0.726705 0.303874 0.731028 0.307397 0.734630 0.308037 0.737752 0.310599 0.742315 0.311239 0.749760 0.305476 0.761047 0.292988 0.770173 0.286583 0.791306 0.284982 0.799712 0.286904 0.802354 0.286263 0.803554 0.284022 0.805476 0.263529 0.805235 0.247839 0.802594 0.223823 0.800913 0.214537 0.788425 0.171310 0.782901 0.156580 0.777618 0.149536 0.770413 0.136087 0.760086 0.122959 0.755283 0.113993 0.748319 0.110150 0.743036 0.102145 0.733670 0.095101 0.723823 0.084854 0.718780 0.082613 0.716859 0.080371 0.713256 0.081012 0.713497 0.084854
1 0.175312 0.630163 0.176753 0.636247 0.182277 0.649055 0.185399 0.660263 0.188761 0.665706 0.192363 0.668908 0.195965 0.670829 0.197406 0.670189 0.199087 0.665706 0.200528 0.636567 0.211816 0.578931 0.214217 0.574448 0.213497 0.572526 0.209894 0.572847 0.207012 0.576689 0.199568 0.581492 0.184438 0.598463 0.178434 0.610631 0.175552 0.623759 0.175312 0.630163
1 0.519212 0.891130 0.520893 0.915786 0.524496 0.921230 0.527378 0.923471 0.536984 0.926993 0.550192 0.929235 0.568684 0.929555 0.589337 0.926353 0.600624 0.921550 0.602786 0.918348 0.600624 0.913224 0.588377 0.904899 0.581412 0.902658 0.568204 0.892731 0.547550 0.865194 0.540826 0.853026 0.539866 0.849504 0.536263 0.852706 0.528338 0.865194 0.518732 0.875120 0.516811 0.878963 0.519212 0.891130
1 0.747118 0.697727 0.730067 0.719180 0.710615 0.739033 0.689481 0.752802 0.669789 0.762088 0.672430 0.769773 0.676993 0.789946 0.685639 0.817803 0.689001 0.822927 0.697646 0.819725 0.699087 0.817163 0.707973 0.812360 0.717339 0.804675 0.724304 0.797951 0.739673 0.776177 0.745677 0.750881 0.745437 0.725905 0.750240 0.696126 0.747598 0.695805 0.747118 0.697727