1 0.723389 0.699755 0.721522 0.703081 0.721755 0.714111 0.720355 0.717437 0.719421 0.724440 0.721055 0.734244 0.724790 0.740896 0.724090 0.744923 0.725490 0.748074 0.725023 0.752101 0.725957 0.762080 0.727591 0.766632 0.729458 0.778186 0.729225 0.790091 0.730392 0.795081 0.730159 0.845413 0.730859 0.847514 0.733660 0.848564 0.732260 0.856443 0.734360 0.865721 0.732726 0.869748 0.734360 0.876751 0.733894 0.884104 0.734827 0.893908 0.739963 0.909489 0.745331 0.921744 0.748599 0.932773 0.757236 0.947129 0.767740 0.959734 0.784547 0.974440 0.789683 0.977766 0.793884 0.977766 0.796685 0.978641 0.810458 0.986870 0.813492 0.989846 0.827731 0.995273 0.829832 0.997024 0.832866 0.997724 0.836134 0.999825 0.999767 0.999825 0.999767 0.695028 0.997899 0.693803 0.996032 0.682423 0.997199 0.670868 0.996732 0.661239 0.997899 0.655462 0.996032 0.634104 0.996965 0.623249 0.995565 0.618172 0.988095 0.608193 0.983660 0.606793 0.982026 0.604167 0.974556 0.597164 0.963352 0.588936 0.958683 0.587360 0.946545 0.579657 0.929272 0.572654 0.918067 0.571954 0.903828 0.573179 0.895191 0.572654 0.890523 0.571604 0.873483 0.572479 0.869514 0.573529 0.866246 0.573354 0.859244 0.575280 0.856676 0.576856 0.852474 0.577731 0.849829 0.579890 0.845238 0.581057 0.843371 0.583683 0.836134 0.588060 0.830766 0.588936 0.823763 0.591211 0.813959 0.595413 0.808590 0.598564 0.789449 0.605742 0.782446 0.609244 0.777778 0.612570 0.760738 0.619573 0.750000 0.633053 0.735061 0.656863 0.731326 0.661415 0.728058 0.674545 0.728058 0.683123 0.727124 0.686450 0.723856 0.687850 0.722456 0.692577 0.723389 0.699755
0 0.329832 0.637605 0.332633 0.653536 0.340103 0.671569 0.341737 0.678046 0.344071 0.680847 0.345472 0.685749 0.348973 0.692402 0.352007 0.696429 0.361111 0.707808 0.363679 0.709209 0.369514 0.714811 0.373716 0.716562 0.378385 0.720238 0.389589 0.724090 0.407796 0.732318 0.415033 0.734594 0.425303 0.736520 0.439076 0.737745 0.442110 0.737395 0.446078 0.739496 0.456583 0.739671 0.462185 0.738971 0.467087 0.739496 0.500700 0.735819 0.512138 0.733368 0.526844 0.729342 0.553688 0.718662 0.578898 0.704832 0.596405 0.690651 0.609944 0.677346 0.618814 0.666317 0.637021 0.647759 0.656629 0.618172 0.660598 0.608718 0.666900 0.598739 0.675070 0.578782 0.682540 0.564076 0.686741 0.549545 0.692577 0.535539 0.696779 0.516982 0.699580 0.510329 0.706583 0.483543 0.709150 0.467087 0.709150 0.454657 0.711485 0.439951 0.711485 0.427696 0.710084 0.415791 0.707750 0.409139 0.705415 0.397409 0.697012 0.376401 0.685574 0.359769 0.658030 0.338585 0.651027 0.335084 0.644725 0.332983 0.639356 0.329657 0.602241 0.317577 0.591503 0.316527 0.578198 0.313725 0.574463 0.313550 0.571895 0.314251 0.556723 0.313901 0.533147 0.318452 0.494398 0.334209 0.484127 0.340161 0.466620 0.347689 0.447246 0.361695 0.443044 0.366947 0.436741 0.372899 0.432306 0.375525 0.428338 0.380602 0.423903 0.383228 0.404762 0.402311 0.390523 0.421218 0.386321 0.424895 0.376050 0.443452 0.374183 0.445203 0.368581 0.454482 0.366713 0.460084 0.364379 0.462710 0.362979 0.467087 0.355742 0.480217 0.347106 0.508403 0.346172 0.514881 0.343371 0.521884 0.341737 0.530637 0.338936 0.566352 0.334500 0.598389 0.332166 0.605042 0.330532 0.625875 0.329832 0.637605
0 0.256769 0.214286 0.258403 0.224090 0.261671 0.230742 0.263539 0.238620 0.267040 0.247024 0.272409 0.254377 0.276377 0.256828 0.280345 0.261905 0.300420 0.276261 0.305322 0.278361 0.313725 0.283438 0.346405 0.292542 0.348739 0.293943 0.351074 0.293943 0.359244 0.296919 0.362278 0.295868 0.366013 0.297269 0.376284 0.296744 0.379785 0.297444 0.394491 0.297619 0.397292 0.296919 0.408030 0.297269 0.415733 0.296569 0.425303 0.297094 0.435341 0.299020 0.456116 0.299895 0.461251 0.299545 0.470121 0.301296 0.483660 0.302171 0.498599 0.302171 0.525677 0.299720 0.553688 0.299370 0.556489 0.297969 0.560924 0.297619 0.566527 0.295343 0.584967 0.291667 0.595705 0.290441 0.609010 0.287465 0.623016 0.283088 0.626284 0.280987 0.639356 0.276261 0.653128 0.268207 0.661064 0.264706 0.669468 0.258053 0.674603 0.255427 0.677638 0.252451 0.683707 0.249125 0.700280 0.234944 0.710551 0.224090 0.713585 0.219013 0.715920 0.213410 0.719188 0.199580 0.719655 0.191702 0.718254 0.182423 0.708683 0.168417 0.700747 0.159489 0.692810 0.152661 0.682073 0.145133 0.676471 0.139881 0.661531 0.131127 0.654295 0.125350 0.636555 0.118873 0.609477 0.110819 0.583567 0.106618 0.574697 0.104167 0.525910 0.100140 0.514006 0.099790 0.495565 0.097689 0.473156 0.098039 0.443978 0.097339 0.435107 0.095763 0.427871 0.095588 0.407796 0.096814 0.387021 0.102591 0.355742 0.109069 0.329832 0.119573 0.310224 0.131828 0.272642 0.163866 0.269141 0.168417 0.258403 0.188375 0.257003 0.196429 0.256769 0.214286
1 0.838002 0.244398 0.842204 0.279412 0.848506 0.304447 0.855742 0.319328 0.862745 0.327556 0.875817 0.339811 0.880252 0.342262 0.887021 0.344188 0.890756 0.346289 0.912698 0.352591 0.920401 0.353641 0.936041 0.353466 0.957983 0.351015 0.991130 0.338936 0.994398 0.336660 0.999767 0.334559 0.999767 0.056373 0.986928 0.056022 0.981326 0.056898 0.976657 0.058473 0.963819 0.065301 0.956349 0.066352 0.953315 0.068452 0.948880 0.069853 0.934407 0.081583 0.926237 0.091036 0.917600 0.103817 0.906162 0.115721 0.882353 0.137955 0.874183 0.146884 0.872782 0.149510 0.866013 0.156688 0.853175 0.175420 0.847106 0.188901 0.841270 0.218838 0.838002 0.230742 0.838002 0.244398
1 0.003268 0.080182 0.000000 0.081232 0.000000 0.187675 0.002334 0.190301 0.002801 0.192577 0.010738 0.199405 0.014939 0.201155 0.017974 0.203957 0.025910 0.208508 0.046218 0.218137 0.057190 0.221289 0.070962 0.223389 0.074463 0.222689 0.076097 0.223915 0.077498 0.227241 0.082400 0.228291 0.085201 0.230917 0.091970 0.232493 0.102241 0.233543 0.112745 0.236695 0.126284 0.237570 0.161998 0.237745 0.169701 0.235119 0.175303 0.231268 0.183473 0.223214 0.193511 0.216562 0.199113 0.210784 0.209384 0.202556 0.224090 0.196254 0.240896 0.186275 0.244398 0.185049 0.251401 0.184174 0.255135 0.184524 0.268908 0.163866 0.272409 0.159839 0.289683 0.145658 0.300303 0.135417 0.317227 0.122899 0.320962 0.119573 0.325397 0.112920 0.322829 0.105742 0.310691 0.092087 0.306256 0.089286 0.302988 0.084909 0.296685 0.078957 0.289216 0.074930 0.279879 0.067227 0.273343 0.064601 0.261671 0.055322 0.255135 0.051120 0.241130 0.043943 0.234127 0.040966 0.220121 0.036590 0.206583 0.034314 0.189542 0.034489 0.178338 0.036064 0.175537 0.037115 0.169234 0.037465 0.143324 0.037815 0.133053 0.037115 0.124883 0.038165 0.116480 0.040441 0.079599 0.053922 0.053455 0.061099 0.050187 0.061450 0.006769 0.077031 0.003268 0.080182
1 0.139823 0.651085 0.141923 0.661239 0.149627 0.679097 0.154062 0.685924 0.161298 0.694503 0.168534 0.699230 0.177638 0.702381 0.189309 0.707808 0.213352 0.714111 0.237395 0.717087 0.247899 0.716912 0.263305 0.714811 0.293184 0.708508 0.313492 0.703081 0.326797 0.695028 0.340803 0.688901 0.342904 0.686099 0.342204 0.682423 0.338002 0.674895 0.336368 0.667367 0.334734 0.664741 0.334034 0.660889 0.327498 0.644258 0.326564 0.635942 0.328665 0.619923 0.329132 0.608368 0.333567 0.594013 0.333800 0.587185 0.336134 0.576331 0.337068 0.549895 0.340803 0.520833 0.341970 0.515756 0.346405 0.505252 0.351307 0.484594 0.349206 0.476891 0.344771 0.470238 0.338702 0.468312 0.335434 0.468137 0.328665 0.466387 0.320728 0.467262 0.306022 0.467262 0.282680 0.470763 0.255836 0.477066 0.238329 0.483018 0.234127 0.483543 0.228058 0.486345 0.220355 0.492822 0.217087 0.493873 0.213119 0.497549 0.202381 0.505077 0.175070 0.536064 0.164332 0.554447 0.158964 0.569153 0.153361 0.577906 0.150794 0.589111 0.148226 0.595238 0.140056 0.640581 0.139823 0.651085
1 0.082633 0.816352 0.083567 0.826681 0.086368 0.838936 0.093371 0.852066 0.102241 0.863445 0.119281 0.881653 0.126517 0.887780 0.133287 0.891106 0.144024 0.894958 0.152194 0.896534 0.156863 0.898459 0.185808 0.903011 0.202381 0.902661 0.227124 0.896534 0.234594 0.892157 0.240430 0.885679 0.249533 0.879377 0.252101 0.876751 0.256769 0.864671 0.264939 0.849440 0.269841 0.837885 0.277544 0.826155 0.281513 0.816877 0.303922 0.786064 0.314426 0.772934 0.318627 0.765756 0.321895 0.758578 0.321662 0.755077 0.325397 0.745273 0.326564 0.737920 0.327031 0.716737 0.328665 0.713410 0.328431 0.709209 0.324463 0.703081 0.321195 0.702731 0.309290 0.707283 0.287815 0.711485 0.282913 0.713410 0.269374 0.715336 0.265406 0.716562 0.261438 0.716562 0.252334 0.719013 0.248133 0.718662 0.244865 0.719538 0.237162 0.719538 0.209851 0.716036 0.206583 0.714636 0.199580 0.713410 0.185808 0.708333 0.178105 0.706758 0.161531 0.698529 0.152194 0.688725 0.149393 0.682248 0.146125 0.677521 0.145425 0.674370 0.139589 0.664916 0.136555 0.651611 0.136088 0.643207 0.137021 0.640231 0.133520 0.639181 0.125117 0.647409 0.112745 0.667367 0.110411 0.672794 0.105742 0.679272 0.089402 0.737570 0.086835 0.751225 0.082633 0.788340 0.082633 0.816352
1 0.253735 0.901611 0.256069 0.921919 0.260504 0.935574 0.265406 0.942752 0.269141 0.945553 0.276144 0.949055 0.295285 0.956583 0.310691 0.960959 0.320962 0.962185 0.342670 0.967612 0.359244 0.967437 0.380252 0.963936 0.391923 0.959909 0.435107 0.942577 0.450280 0.935749 0.452148 0.933824 0.472456 0.923144 0.486928 0.911415 0.488329 0.908263 0.485994 0.904412 0.481326 0.902486 0.475023 0.897059 0.465609 0.891048 0.455882 0.882878 0.451914 0.880777 0.438375 0.870798 0.435574 0.867997 0.428338 0.862920 0.423203 0.860294 0.406629 0.845763 0.395425 0.837185 0.387021 0.829132 0.382353 0.826681 0.376751 0.820903 0.369514 0.811800 0.355742 0.787115 0.349907 0.768032 0.349206 0.763305 0.349907 0.743873 0.348739 0.741772 0.345472 0.742122 0.344538 0.743522 0.341270 0.745448 0.327965 0.760504 0.322129 0.769783 0.316527 0.775560 0.296452 0.800070 0.284314 0.817752 0.264006 0.856443 0.261204 0.865721 0.257937 0.872899 0.255135 0.887605 0.253735 0.901611
1 0.001867 0.417892 0.000000 0.418067 0.000000 0.632528 0.001867 0.632528 0.004902 0.633754 0.015406 0.631478 0.026611 0.626050 0.033380 0.624125 0.041550 0.619573 0.047152 0.617472 0.052988 0.613445 0.063725 0.608018 0.091503 0.590161 0.101774 0.582633 0.110177 0.575105 0.116947 0.567577 0.123483 0.561975 0.134921 0.548144 0.140990 0.543417 0.154528 0.527136 0.162232 0.515231 0.167367 0.505252 0.169935 0.502276 0.171569 0.497024 0.178805 0.485294 0.183473 0.473739 0.188375 0.454657 0.188375 0.448004 0.186975 0.439251 0.184874 0.432248 0.182306 0.428571 0.173203 0.420693 0.161998 0.415266 0.150560 0.408263 0.138189 0.397409 0.121715 0.386105 0.116947 0.380777 0.112278 0.369398 0.106676 0.369398 0.101774 0.371148 0.091970 0.372549 0.088235 0.374125 0.076331 0.375700 0.064426 0.379552 0.057656 0.384979 0.055556 0.385504 0.053688 0.387605 0.051354 0.388480 0.050187 0.390231 0.042951 0.396008 0.039449 0.396884 0.029178 0.402836 0.016807 0.408613 0.011905 0.410014 0.006769 0.412990 0.001867 0.417892
1 0.117414 0.362045 0.118581 0.372899 0.129085 0.386905 0.137021 0.390931 0.144024 0.395833 0.147526 0.397234 0.154062 0.402136 0.158497 0.401261 0.161765 0.404587 0.161064 0.407913 0.165500 0.409314 0.169701 0.415091 0.178338 0.417717 0.188609 0.419293 0.210551 0.418242 0.216387 0.417192 0.230392 0.414216 0.248133 0.408438 0.262138 0.401786 0.295051 0.380777 0.300420 0.376576 0.307890 0.368873 0.312092 0.357143 0.322596 0.338585 0.324230 0.333333 0.330299 0.323704 0.333333 0.321078 0.335434 0.317052 0.340803 0.310924 0.347806 0.300245 0.348039 0.296744 0.341737 0.293768 0.321662 0.288690 0.306489 0.282388 0.302288 0.279412 0.298553 0.278011 0.276844 0.262080 0.268207 0.253501 0.263072 0.245448 0.257703 0.227416 0.253501 0.218487 0.252568 0.206057 0.254902 0.195378 0.252568 0.189251 0.248133 0.188025 0.241130 0.189426 0.215686 0.203957 0.205882 0.208683 0.198179 0.215511 0.186275 0.224265 0.179038 0.231968 0.150327 0.273459 0.133053 0.303746 0.126751 0.315826 0.122316 0.327906 0.118581 0.345238 0.117414 0.362045
1 0.656396 0.626576 0.661531 0.627976 0.671335 0.628852 0.680906 0.627976 0.686041 0.628501 0.708217 0.626751 0.711018 0.625350 0.716853 0.624125 0.726891 0.623249 0.735138 0.620448 0.737628 0.620448 0.740430 0.618347 0.750700 0.616246 0.759570 0.612395 0.765406 0.611169 0.780112 0.605917 0.804388 0.595938 0.810224 0.592262 0.813959 0.591387 0.823996 0.587010 0.841970 0.578081 0.852241 0.571954 0.874416 0.554797 0.894725 0.532913 0.896592 0.527661 0.901261 0.521534 0.905462 0.512955 0.907796 0.504552 0.908030 0.495798 0.907563 0.486870 0.906162 0.481092 0.901727 0.477241 0.903361 0.473389 0.900794 0.470063 0.903361 0.466912 0.897526 0.459909 0.893791 0.459734 0.891223 0.458683 0.888189 0.451506 0.882586 0.445728 0.873249 0.438901 0.859477 0.431723 0.843838 0.427521 0.831466 0.425770 0.820962 0.426120 0.817927 0.424720 0.801354 0.422794 0.769141 0.421919 0.753501 0.422444 0.727124 0.425245 0.717320 0.427171 0.714986 0.428396 0.714052 0.431373 0.713352 0.450105 0.711251 0.459909 0.710784 0.472864 0.708917 0.487920 0.706116 0.494573 0.700280 0.517507 0.697246 0.525560 0.696779 0.530637 0.692577 0.543242 0.688375 0.550945 0.686041 0.560049 0.680439 0.574230 0.674370 0.586835 0.671802 0.597864 0.668534 0.603992 0.664099 0.608894 0.663632 0.611695 0.661298 0.614321 0.659664 0.619048 0.656629 0.623074 0.656396 0.626576
1 0.692344 0.091387 0.692810 0.098915 0.695845 0.105042 0.706583 0.143908 0.720588 0.170168 0.723856 0.175070 0.730626 0.182073 0.734360 0.185224 0.742297 0.186275 0.747899 0.189076 0.762372 0.192402 0.772409 0.193102 0.785948 0.196779 0.821429 0.200280 0.824463 0.199055 0.827031 0.195203 0.831466 0.194328 0.833100 0.193102 0.834967 0.189776 0.838936 0.188025 0.841270 0.183123 0.845472 0.181723 0.855275 0.166317 0.868347 0.149160 0.894024 0.125175 0.896125 0.122199 0.901261 0.118172 0.910131 0.107493 0.915033 0.103116 0.923436 0.090161 0.930906 0.080707 0.941877 0.070903 0.949580 0.065826 0.951214 0.061450 0.951914 0.055672 0.953315 0.053571 0.953548 0.048319 0.953315 0.039391 0.948646 0.022409 0.943044 0.010679 0.936275 0.003151 0.935341 0.000000 0.748833 0.000000 0.745798 0.005602 0.742297 0.008578 0.740896 0.011905 0.736228 0.015406 0.734127 0.018908 0.727824 0.022584 0.726190 0.025385 0.721755 0.029412 0.704248 0.050245 0.697712 0.064426 0.693511 0.081057 0.692344 0.091387
1 0.443744 0.991246 0.442110 0.994748 0.442577 0.999825 0.738562 0.999825 0.741363 0.991422 0.742530 0.984594 0.742063 0.980217 0.745565 0.959909 0.746732 0.945028 0.745098 0.935749 0.741830 0.925245 0.739496 0.921919 0.739262 0.918067 0.736228 0.912990 0.734127 0.905637 0.730626 0.902486 0.727358 0.901961 0.722222 0.911239 0.721522 0.914916 0.718254 0.919118 0.710317 0.926996 0.704482 0.934874 0.697479 0.939601 0.695378 0.942402 0.689542 0.946604 0.668534 0.956232 0.656162 0.960784 0.643091 0.962185 0.637488 0.962010 0.609711 0.956232 0.560458 0.938550 0.553455 0.936800 0.545752 0.932423 0.536648 0.930147 0.531513 0.927346 0.517274 0.922969 0.504902 0.915616 0.494398 0.911064 0.489496 0.913515 0.473856 0.927521 0.473156 0.928746 0.473856 0.931197 0.456583 0.957458 0.444911 0.984419 0.443744 0.991246
1 0.353641 0.748775 0.352474 0.751401 0.351774 0.762080 0.353175 0.764881 0.353875 0.772409 0.359477 0.785714 0.359711 0.789741 0.362278 0.793067 0.366713 0.802346 0.376751 0.816527 0.404295 0.841737 0.411765 0.847164 0.415500 0.848564 0.418301 0.853291 0.467554 0.889181 0.494865 0.908263 0.501167 0.911940 0.529412 0.925420 0.545518 0.930147 0.571895 0.942752 0.578198 0.944328 0.586368 0.944853 0.595705 0.949055 0.597806 0.951155 0.603175 0.953606 0.633053 0.959384 0.651027 0.959209 0.657796 0.958158 0.663632 0.955182 0.668534 0.954482 0.677871 0.949755 0.682306 0.945378 0.686508 0.944678 0.691176 0.942577 0.694911 0.937325 0.696078 0.931723 0.698413 0.932073 0.699580 0.933648 0.700747 0.931898 0.706583 0.929097 0.708917 0.924370 0.718254 0.914566 0.722689 0.900735 0.725023 0.886905 0.725957 0.870623 0.725490 0.827031 0.723156 0.787640 0.718721 0.762955 0.713119 0.749300 0.697712 0.726891 0.680439 0.703606 0.672736 0.694678 0.669234 0.688725 0.650794 0.669468 0.637021 0.658263 0.633287 0.658263 0.629785 0.659489 0.597339 0.692577 0.584967 0.702031 0.582400 0.703081 0.571195 0.711134 0.553688 0.720413 0.550420 0.721289 0.544351 0.724615 0.538515 0.726366 0.535714 0.728116 0.511671 0.735119 0.498833 0.737745 0.482726 0.739321 0.477124 0.741246 0.447712 0.741947 0.442810 0.739846 0.411298 0.735644 0.390756 0.727591 0.387255 0.725140 0.378618 0.722164 0.362512 0.711835 0.359477 0.711485 0.355742 0.718137 0.353175 0.729692 0.353641 0.748775
1 0.581466 0.310224 0.584967 0.310399 0.597806 0.314251 0.602241 0.314776 0.612512 0.318452 0.626751 0.322129 0.633754 0.322304 0.639356 0.319853 0.641223 0.318102 0.645191 0.317402 0.647759 0.320903 0.651961 0.332108 0.669468 0.342612 0.675770 0.348564 0.682306 0.353116 0.687908 0.358894 0.694211 0.367647 0.698413 0.373950 0.703081 0.383403 0.707516 0.396008 0.713352 0.417367 0.716853 0.419643 0.720588 0.419818 0.734127 0.416842 0.749767 0.408789 0.765406 0.397234 0.769841 0.395483 0.788049 0.384104 0.807190 0.373599 0.808590 0.371849 0.821895 0.362570 0.836134 0.349090 0.839402 0.341912 0.849673 0.324930 0.850607 0.317402 0.844071 0.297794 0.840570 0.283263 0.835668 0.250000 0.834967 0.232668 0.836835 0.216912 0.832166 0.212360 0.820962 0.207983 0.807190 0.204832 0.785481 0.201506 0.776144 0.198704 0.752101 0.194328 0.740896 0.193978 0.727591 0.197654 0.724090 0.199405 0.722222 0.201856 0.717554 0.216912 0.712185 0.225490 0.699346 0.238445 0.678338 0.255777 0.661531 0.267332 0.639122 0.279062 0.619514 0.286940 0.598039 0.293417 0.595705 0.296569 0.591737 0.297444 0.589636 0.300420 0.588469 0.304272 0.584967 0.304797 0.578665 0.307073 0.581466 0.310224
1 0.802988 0.415616 0.800187 0.418242 0.801587 0.420168 0.803688 0.421218 0.816993 0.423494 0.835434 0.424370 0.848739 0.427171 0.852241 0.428746 0.855742 0.429097 0.866947 0.433473 0.877451 0.439776 0.882120 0.443452 0.892157 0.453957 0.894024 0.455357 0.897292 0.456232 0.901261 0.459209 0.904762 0.465336 0.906396 0.473739 0.906629 0.480917 0.908497 0.485644 0.909430 0.491422 0.909664 0.504202 0.907796 0.511730 0.905696 0.516807 0.897759 0.529412 0.896359 0.533613 0.891923 0.540091 0.885387 0.546043 0.879085 0.553922 0.871615 0.560749 0.870215 0.564251 0.872082 0.567577 0.886788 0.568452 0.895658 0.568277 0.904295 0.569328 0.929038 0.569853 0.937208 0.571429 0.942577 0.570728 0.949113 0.568803 0.957049 0.565301 0.971989 0.554797 0.980392 0.546569 0.986695 0.542017 0.997899 0.528011 0.999767 0.527836 0.999767 0.345413 0.997666 0.345063 0.995331 0.341912 0.991363 0.341912 0.985761 0.345238 0.973623 0.346989 0.967320 0.349790 0.951681 0.354692 0.946545 0.355392 0.942344 0.354692 0.936041 0.356793 0.928571 0.355742 0.921569 0.356968 0.915266 0.355392 0.906396 0.354867 0.894958 0.351190 0.887488 0.347864 0.880252 0.347339 0.861811 0.357143 0.840336 0.373249 0.833800 0.380602 0.829132 0.383754 0.818394 0.393732 0.810224 0.403186 0.802988 0.415616
1 0.094538 0.590336 0.084034 0.596989 0.067694 0.605917 0.058123 0.612395 0.040149 0.620973 0.033847 0.625000 0.008637 0.634804 0.000000 0.636029 0.000000 0.807248 0.004902 0.806197 0.030812 0.793768 0.056723 0.777136 0.071195 0.765056 0.082400 0.752976 0.084734 0.749125 0.088936 0.726891 0.103875 0.676120 0.110411 0.664741 0.113445 0.661940 0.123249 0.644608 0.133520 0.632878 0.134921 0.630077 0.138422 0.613445 0.138655 0.605392 0.137722 0.602241 0.125584 0.583859 0.116013 0.576155 0.112745 0.576331 0.108777 0.578431 0.094538 0.590336
1 0.008403 0.213585 0.010504 0.219888 0.010037 0.224965 0.010738 0.226891 0.007003 0.233718 0.004669 0.241597 0.001634 0.242997 0.000000 0.242997 0.000000 0.363095 0.035014 0.371324 0.050420 0.374125 0.063492 0.375175 0.081466 0.373074 0.104108 0.366772 0.110411 0.363971 0.112278 0.362395 0.114379 0.355742 0.118347 0.330882 0.121615 0.320728 0.139122 0.289041 0.143791 0.282563 0.150327 0.268908 0.153595 0.265756 0.159197 0.255252 0.161998 0.251751 0.164332 0.244748 0.163866 0.241246 0.147759 0.239846 0.134921 0.240896 0.127684 0.240546 0.112745 0.238445 0.101541 0.235469 0.091970 0.234944 0.088469 0.233718 0.082866 0.233018 0.074230 0.230217 0.063959 0.224615 0.053688 0.222689 0.029178 0.213761 0.022642 0.210084 0.017507 0.208508 0.015640 0.206408 0.011671 0.206583 0.008637 0.205357 0.007937 0.206057 0.008403 0.213585
1 0.320728 0.012255 0.328198 0.024860 0.339402 0.031688 0.343371 0.036064 0.347806 0.043242 0.357843 0.050070 0.362745 0.054447 0.366013 0.055847 0.369514 0.058648 0.390523 0.065826 0.397526 0.066877 0.404295 0.068978 0.418067 0.070728 0.421335 0.069678 0.425537 0.069853 0.438375 0.065126 0.449580 0.064426 0.454482 0.061975 0.464986 0.059174 0.470355 0.058648 0.472689 0.057423 0.487862 0.054797 0.505135 0.047444 0.525910 0.036765 0.538982 0.031863 0.555089 0.023810 0.573296 0.011730 0.582866 0.006653 0.587768 0.001751 0.587768 0.000000 0.320261 0.000000 0.320728 0.012255