1 0.240896 0.316877 0.237862 0.324755 0.239029 0.328081 0.241363 0.331232 0.243464 0.341737 0.258637 0.363796 0.267507 0.372899 0.275210 0.377451 0.310924 0.391807 0.345472 0.397059 0.374183 0.396884 0.391690 0.393908 0.402428 0.390406 0.411064 0.388655 0.440710 0.378501 0.453081 0.375350 0.474090 0.367122 0.481326 0.362920 0.484360 0.362045 0.489496 0.357668 0.505135 0.348564 0.517507 0.338761 0.526844 0.329132 0.532913 0.321429 0.534781 0.317752 0.535481 0.312325 0.534781 0.298845 0.533613 0.293242 0.531279 0.287815 0.517740 0.273284 0.501634 0.261380 0.481092 0.252276 0.457516 0.244923 0.438609 0.241246 0.418534 0.239146 0.407096 0.239146 0.397292 0.239846 0.394024 0.240721 0.390056 0.240546 0.370682 0.244223 0.365780 0.243873 0.359010 0.245273 0.328198 0.254027 0.311625 0.260679 0.306956 0.261555 0.302988 0.263831 0.296919 0.265231 0.289916 0.269083 0.286648 0.269608 0.279645 0.272584 0.266106 0.279587 0.253035 0.289041 0.244631 0.300595 0.242063 0.306898 0.240896 0.316877
0 0.241363 0.315826 0.239029 0.324580 0.241363 0.330007 0.243697 0.341912 0.258637 0.363796 0.267740 0.373074 0.276144 0.377976 0.311158 0.391807 0.335901 0.395133 0.344304 0.396884 0.373483 0.397059 0.390756 0.394083 0.404295 0.389881 0.411531 0.388480 0.428805 0.382353 0.452614 0.375350 0.473856 0.367297 0.481326 0.362745 0.484594 0.361695 0.488796 0.358018 0.504902 0.348739 0.516573 0.339636 0.532913 0.321604 0.534547 0.317752 0.535481 0.311450 0.534080 0.294293 0.531046 0.287290 0.520075 0.275210 0.501401 0.261380 0.482026 0.252801 0.456816 0.244748 0.439076 0.241246 0.419001 0.239321 0.405929 0.239321 0.390056 0.240721 0.370215 0.244573 0.366013 0.244048 0.359244 0.245448 0.327965 0.254202 0.324230 0.256127 0.321195 0.256653 0.296919 0.265406 0.291550 0.268207 0.279645 0.272759 0.266106 0.279762 0.252801 0.289391 0.244631 0.300245 0.242297 0.306723 0.241363 0.315826
1 0.102241 0.509279 0.105976 0.525210 0.114613 0.539916 0.125584 0.553922 0.129318 0.556898 0.132120 0.560749 0.149393 0.571954 0.158263 0.575630 0.168301 0.577906 0.179505 0.578431 0.193044 0.576681 0.209851 0.572129 0.214286 0.569328 0.231326 0.553396 0.242219 0.545577 0.256536 0.536415 0.270308 0.531162 0.278011 0.527136 0.286881 0.513130 0.292717 0.498424 0.296919 0.477241 0.299953 0.467437 0.302521 0.462360 0.306256 0.447129 0.306723 0.434174 0.308357 0.425770 0.308123 0.417192 0.305556 0.404937 0.302988 0.399160 0.301120 0.390581 0.297152 0.387605 0.293184 0.386905 0.278478 0.381127 0.271008 0.376926 0.265173 0.372374 0.259104 0.366422 0.253268 0.358894 0.248366 0.350140 0.244631 0.346989 0.241363 0.345413 0.241130 0.341912 0.239029 0.344188 0.231326 0.341737 0.224556 0.341036 0.206583 0.342962 0.195845 0.345763 0.165033 0.357143 0.155229 0.362045 0.134687 0.375175 0.124650 0.383403 0.119514 0.390756 0.115780 0.397934 0.110878 0.411239 0.101774 0.472164 0.102241 0.509279
1 0.005602 0.359769 0.003035 0.362045 0.001867 0.365021 0.000000 0.365196 0.000000 0.514706 0.001867 0.514706 0.005369 0.516457 0.016106 0.518732 0.036881 0.518732 0.043651 0.518032 0.053922 0.515056 0.063259 0.513831 0.074463 0.509629 0.077498 0.507703 0.085668 0.505602 0.092904 0.501576 0.098739 0.499475 0.100607 0.494748 0.101074 0.468487 0.104809 0.450280 0.109010 0.415616 0.114146 0.399860 0.121148 0.386730 0.125817 0.381127 0.140990 0.369398 0.147292 0.366597 0.156629 0.359594 0.158497 0.348564 0.157330 0.341912 0.152894 0.336835 0.148926 0.333859 0.137488 0.327731 0.109244 0.322129 0.097339 0.321429 0.088936 0.322654 0.081466 0.322304 0.074930 0.323179 0.050654 0.328782 0.038982 0.333158 0.034547 0.336134 0.025444 0.340511 0.019841 0.345238 0.014939 0.348214 0.010738 0.352241 0.005602 0.359769
1 0.070962 0.270133 0.071895 0.275910 0.075397 0.286239 0.077731 0.296919 0.083100 0.305322 0.088936 0.309699 0.093838 0.316877 0.099206 0.319853 0.105742 0.320553 0.126751 0.324755 0.133053 0.325280 0.137955 0.327031 0.148926 0.332983 0.153361 0.336134 0.154995 0.338410 0.158263 0.339986 0.161531 0.339986 0.168768 0.337010 0.179038 0.334034 0.189309 0.328606 0.197012 0.326155 0.203081 0.320903 0.209384 0.318277 0.219421 0.310224 0.229692 0.305847 0.234127 0.302696 0.237628 0.303746 0.241130 0.300770 0.244631 0.294118 0.249066 0.289041 0.256536 0.282738 0.256303 0.279412 0.254202 0.275910 0.245565 0.269433 0.240896 0.263480 0.236461 0.253852 0.235761 0.247724 0.236695 0.240021 0.236228 0.237745 0.235061 0.236870 0.209617 0.236520 0.198179 0.235469 0.182773 0.233368 0.169001 0.230392 0.159197 0.227066 0.146592 0.220588 0.136321 0.213585 0.126984 0.204307 0.123249 0.201856 0.116246 0.202031 0.105275 0.204832 0.098039 0.208158 0.095938 0.209909 0.095005 0.213235 0.092204 0.216036 0.088235 0.223564 0.085434 0.227766 0.081699 0.231092 0.078431 0.236169 0.075163 0.244398 0.073063 0.260504 0.071429 0.265231 0.070962 0.270133
0 0.122082 0.182948 0.123950 0.196078 0.128385 0.203606 0.139589 0.214461 0.148459 0.220413 0.161531 0.227241 0.185574 0.232668 0.209851 0.235994 0.236695 0.235119 0.248133 0.232318 0.255135 0.231618 0.258403 0.229867 0.262138 0.230567 0.267974 0.227766 0.286181 0.223389 0.296685 0.220063 0.315856 0.212107 0.331466 0.203957 0.344071 0.198354 0.351307 0.196078 0.394258 0.168242 0.397759 0.163690 0.405229 0.158088 0.408263 0.154762 0.410364 0.151085 0.412465 0.144083 0.413399 0.135854 0.414799 0.133929 0.414799 0.126401 0.409664 0.104342 0.404295 0.094538 0.397993 0.088060 0.390056 0.082458 0.365079 0.070553 0.351074 0.066001 0.341970 0.064951 0.338469 0.063550 0.325397 0.061450 0.307190 0.061099 0.303688 0.059874 0.296685 0.059349 0.275910 0.062500 0.266807 0.065126 0.252101 0.066527 0.239729 0.070553 0.236228 0.071078 0.233894 0.072304 0.233241 0.073488 0.231320 0.074065 0.228525 0.074230 0.222689 0.078957 0.207750 0.085434 0.205575 0.087610 0.203081 0.087885 0.196078 0.095238 0.189076 0.098915 0.175303 0.109769 0.161298 0.117647 0.158964 0.119748 0.134921 0.146709 0.125817 0.163165 0.122316 0.173845 0.122082 0.182948
0 0.478525 0.208683 0.480859 0.218312 0.487395 0.230217 0.496032 0.241246 0.511438 0.252626 0.520775 0.256653 0.532680 0.259454 0.544818 0.261380 0.581466 0.260504 0.627218 0.255602 0.634220 0.253676 0.644725 0.252101 0.650794 0.247724 0.657796 0.244398 0.666200 0.236870 0.679972 0.217087 0.683940 0.206933 0.684407 0.192402 0.683240 0.182248 0.679505 0.173845 0.675537 0.167717 0.672035 0.163340 0.661998 0.154237 0.647526 0.143908 0.638422 0.139181 0.609010 0.127976 0.590103 0.124475 0.572129 0.122724 0.550654 0.123599 0.538282 0.125875 0.515873 0.132878 0.512605 0.134629 0.497899 0.147409 0.488562 0.161590 0.482960 0.175245 0.481326 0.186275 0.478758 0.195728 0.478525 0.208683
1 0.424837 0.095588 0.426004 0.102416 0.430906 0.114321 0.441643 0.130952 0.448880 0.138305 0.466853 0.151786 0.477358 0.158088 0.483660 0.160189 0.487862 0.159839 0.497666 0.147059 0.510971 0.135329 0.515640 0.132353 0.527544 0.127801 0.546218 0.122724 0.551354 0.122724 0.560224 0.121499 0.571662 0.121674 0.587768 0.123074 0.602241 0.126401 0.605976 0.126225 0.608077 0.124475 0.607610 0.115546 0.601074 0.098389 0.591970 0.088235 0.581466 0.080007 0.565126 0.070728 0.539916 0.058648 0.498133 0.044818 0.484360 0.042542 0.477358 0.042192 0.460084 0.045518 0.456816 0.047444 0.450047 0.049720 0.441176 0.055847 0.433940 0.063200 0.426237 0.077731 0.425303 0.084559 0.424837 0.095588
1 0.610411 0.123424 0.612979 0.128326 0.625584 0.133754 0.640756 0.139181 0.645191 0.141632 0.661298 0.152486 0.673669 0.163690 0.679272 0.171569 0.683940 0.182248 0.685341 0.195028 0.684874 0.203431 0.687208 0.206583 0.693744 0.207808 0.724090 0.207983 0.734594 0.206408 0.741830 0.203256 0.748133 0.196254 0.751401 0.189076 0.752101 0.181373 0.750000 0.172269 0.746499 0.162290 0.735528 0.146534 0.728291 0.139881 0.720355 0.134279 0.696545 0.122024 0.678805 0.115546 0.645191 0.108718 0.619748 0.107668 0.612045 0.112745 0.609944 0.116246 0.610411 0.123424
1 0.237628 0.255602 0.240196 0.258228 0.241830 0.262080 0.251634 0.272409 0.254435 0.273810 0.258637 0.277486 0.262138 0.278536 0.265640 0.278361 0.268908 0.277136 0.278711 0.271884 0.283147 0.270658 0.297152 0.264181 0.331232 0.252276 0.334967 0.251751 0.348039 0.247374 0.355509 0.245973 0.363445 0.243522 0.376751 0.242822 0.387021 0.240196 0.415966 0.238445 0.442577 0.241071 0.463352 0.245798 0.477358 0.250000 0.484127 0.253151 0.497666 0.257353 0.499767 0.256303 0.502568 0.251576 0.501867 0.248074 0.498833 0.244573 0.492764 0.239671 0.487162 0.232318 0.479692 0.219188 0.476891 0.205415 0.477358 0.195028 0.479458 0.186099 0.477824 0.182248 0.463119 0.177346 0.449813 0.174545 0.412232 0.171569 0.397526 0.171218 0.386788 0.174545 0.373249 0.183824 0.364613 0.191176 0.339636 0.202556 0.327965 0.206583 0.311391 0.214986 0.295285 0.221113 0.275910 0.226190 0.262138 0.230917 0.258637 0.232843 0.254902 0.232493 0.252568 0.233368 0.245098 0.234244 0.239262 0.237395 0.238796 0.239146 0.237628 0.255602
1 0.560691 0.393908 0.567927 0.393382 0.581933 0.396008 0.602474 0.398459 0.640289 0.408613 0.644725 0.408964 0.647759 0.407913 0.661064 0.414916 0.665033 0.414741 0.665266 0.408964 0.668301 0.407213 0.672269 0.402836 0.674837 0.398459 0.679972 0.393382 0.686275 0.383578 0.690710 0.374300 0.693978 0.364146 0.695145 0.355567 0.694444 0.345763 0.687908 0.332808 0.680205 0.326155 0.675537 0.324055 0.661765 0.321954 0.647292 0.321254 0.636321 0.322129 0.619281 0.326681 0.612045 0.330182 0.595705 0.340336 0.586368 0.348739 0.573529 0.362745 0.563959 0.378501 0.559757 0.389181 0.560691 0.393908
0 0.472923 0.460434 0.473856 0.463235 0.476424 0.467962 0.480859 0.473389 0.508870 0.491947 0.511905 0.492997 0.515873 0.493172 0.535714 0.502451 0.560691 0.510329 0.567460 0.511555 0.577965 0.515581 0.588702 0.517857 0.595705 0.518032 0.609010 0.520133 0.615079 0.519783 0.626751 0.521008 0.640523 0.519433 0.650794 0.519433 0.655229 0.518032 0.664799 0.517682 0.679272 0.514356 0.688375 0.510329 0.699580 0.507353 0.704715 0.504902 0.708683 0.501576 0.710551 0.495273 0.713119 0.490896 0.715453 0.491071 0.720121 0.494923 0.721289 0.493172 0.724556 0.491246 0.725257 0.489671 0.727358 0.488620 0.730859 0.484419 0.736695 0.473915 0.735994 0.471289 0.736695 0.466912 0.734127 0.452731 0.727358 0.444503 0.706349 0.431022 0.693511 0.427696 0.651027 0.412115 0.612278 0.401786 0.602474 0.399335 0.567927 0.395133 0.552754 0.396008 0.536648 0.398810 0.517974 0.404412 0.508637 0.408088 0.497199 0.414041 0.491597 0.418242 0.484594 0.425245 0.482726 0.432598 0.473156 0.456933 0.472923 0.460434
0 0.176937 0.646884 0.176937 0.671569 0.177404 0.682248 0.180205 0.699755 0.189309 0.723915 0.195845 0.736695 0.200747 0.744048 0.202148 0.748074 0.213119 0.762255 0.219421 0.769083 0.227358 0.773634 0.234594 0.779062 0.237628 0.779937 0.240663 0.779237 0.242063 0.779762 0.244398 0.782738 0.247899 0.784489 0.251634 0.787640 0.264939 0.791667 0.272409 0.792542 0.293184 0.793067 0.306723 0.792542 0.317694 0.787990 0.321195 0.787290 0.332166 0.781863 0.335434 0.780987 0.338469 0.781688 0.341737 0.780287 0.345005 0.776611 0.348973 0.774685 0.353175 0.768032 0.362512 0.758053 0.366246 0.755252 0.380486 0.738620 0.387021 0.729517 0.393557 0.713060 0.400093 0.699580 0.403128 0.685924 0.404062 0.676996 0.404762 0.664566 0.403595 0.636555 0.397059 0.602416 0.392857 0.595588 0.393791 0.591737 0.391923 0.588936 0.388889 0.578081 0.380952 0.564251 0.370915 0.550070 0.359711 0.538515 0.345238 0.529062 0.321429 0.524685 0.296685 0.526611 0.288749 0.528887 0.272642 0.531513 0.259804 0.536239 0.247432 0.543242 0.230859 0.554797 0.207983 0.576681 0.203315 0.584384 0.197712 0.589986 0.188142 0.605917 0.180439 0.626926 0.177871 0.640056 0.176937 0.646884
1 0.005836 0.686275 0.002101 0.691527 0.000000 0.691877 0.000000 0.706408 0.001634 0.706408 0.003035 0.708508 0.004669 0.717437 0.007470 0.723214 0.008403 0.732668 0.021008 0.769083 0.025910 0.774160 0.029412 0.775910 0.033613 0.776786 0.036415 0.779062 0.053221 0.782213 0.056956 0.783789 0.064659 0.784664 0.081699 0.784314 0.093604 0.783088 0.099673 0.783613 0.137488 0.777486 0.145658 0.774510 0.189309 0.762780 0.200514 0.757703 0.204015 0.755077 0.199580 0.744748 0.196078 0.740721 0.185808 0.719888 0.178805 0.699755 0.177871 0.690826 0.175303 0.682423 0.174837 0.647234 0.176937 0.640581 0.177638 0.629552 0.186741 0.605917 0.193511 0.592787 0.193277 0.591036 0.183007 0.589461 0.171335 0.589286 0.143791 0.593312 0.133520 0.596989 0.130019 0.597514 0.109244 0.606268 0.105742 0.607143 0.098973 0.611520 0.094538 0.612570 0.080999 0.618697 0.072362 0.622899 0.054155 0.636204 0.047230 0.642799 0.029412 0.655987 0.008637 0.680147 0.005836 0.686275
0 0.171569 0.883929 0.173203 0.890231 0.181373 0.909139 0.188842 0.920343 0.202381 0.932248 0.217087 0.942402 0.220355 0.943277 0.237862 0.954132 0.249533 0.958859 0.265406 0.964111 0.293184 0.971289 0.297386 0.970238 0.301354 0.971814 0.322596 0.973564 0.324463 0.974265 0.329832 0.973389 0.343838 0.973214 0.353175 0.974090 0.362278 0.972514 0.380952 0.964636 0.392624 0.957633 0.402194 0.946429 0.405696 0.939776 0.408964 0.928746 0.408964 0.910364 0.406863 0.898109 0.397993 0.876751 0.393791 0.869748 0.390523 0.866597 0.387021 0.861169 0.383053 0.858018 0.381653 0.855917 0.376167 0.852679 0.366480 0.845238 0.345472 0.826856 0.326797 0.818978 0.303922 0.813550 0.296685 0.813200 0.292951 0.812150 0.279879 0.810574 0.274743 0.810924 0.266340 0.809699 0.261438 0.810049 0.251401 0.809349 0.219888 0.813200 0.209851 0.815126 0.195378 0.820028 0.189076 0.824580 0.186508 0.827906 0.179038 0.841211 0.175070 0.851716 0.172969 0.858193 0.171569 0.868697 0.171569 0.883929
1 0.411298 0.929097 0.414799 0.940476 0.416433 0.943978 0.418301 0.945728 0.421802 0.947479 0.431373 0.948354 0.460084 0.945728 0.470355 0.942577 0.476891 0.941527 0.491363 0.935749 0.500934 0.929272 0.511905 0.923669 0.515406 0.920168 0.525910 0.912990 0.528478 0.909139 0.539916 0.900560 0.542250 0.897059 0.545985 0.894083 0.549253 0.889006 0.555089 0.883929 0.553922 0.880252 0.547852 0.872549 0.547386 0.869748 0.545285 0.866597 0.542017 0.851190 0.541317 0.838235 0.542484 0.828256 0.546218 0.814076 0.545752 0.810574 0.551587 0.796919 0.550187 0.793768 0.547852 0.792017 0.541317 0.791492 0.539449 0.792017 0.538515 0.793242 0.532680 0.792542 0.523343 0.799020 0.518674 0.800245 0.517040 0.801996 0.512838 0.802696 0.508870 0.804447 0.444211 0.852241 0.439076 0.858543 0.427404 0.876401 0.417834 0.899335 0.413399 0.915091 0.411298 0.929097
1 0.317227 0.469363 0.320495 0.484419 0.326564 0.492647 0.331466 0.495448 0.333333 0.498950 0.340570 0.503676 0.341737 0.505602 0.345472 0.508228 0.354342 0.509979 0.372549 0.511730 0.383987 0.511029 0.408030 0.502801 0.411298 0.501050 0.422035 0.498249 0.428338 0.495273 0.449580 0.480217 0.459384 0.470763 0.468254 0.459734 0.477591 0.440476 0.480859 0.432423 0.482260 0.425245 0.484594 0.377101 0.484360 0.362745 0.483660 0.363620 0.468254 0.369223 0.457750 0.374125 0.438375 0.380252 0.425770 0.382878 0.416667 0.386555 0.393091 0.394258 0.370682 0.397759 0.351307 0.397409 0.341737 0.397934 0.335668 0.396884 0.331466 0.397584 0.322362 0.421744 0.317927 0.446078 0.317227 0.469363
1 0.484360 0.418768 0.487628 0.418768 0.493464 0.414041 0.506303 0.407213 0.519141 0.402136 0.525910 0.401085 0.545051 0.394608 0.549953 0.393908 0.553688 0.391807 0.557190 0.393908 0.559057 0.386730 0.562325 0.379202 0.568161 0.368873 0.578431 0.355392 0.591270 0.342087 0.595938 0.335609 0.597339 0.331057 0.603175 0.321254 0.608543 0.307248 0.611345 0.293943 0.610644 0.279937 0.607610 0.274160 0.597806 0.263831 0.591970 0.262080 0.579365 0.261730 0.540850 0.263305 0.536648 0.262080 0.525444 0.260679 0.522642 0.261380 0.520542 0.263831 0.517274 0.265581 0.516807 0.269083 0.520775 0.273459 0.524276 0.279762 0.533613 0.290091 0.535714 0.299895 0.536648 0.314601 0.532213 0.323704 0.521475 0.336835 0.503735 0.350490 0.491130 0.357668 0.486695 0.361520 0.485994 0.362570 0.484827 0.383403 0.484360 0.418768
1 0.684874 0.423669 0.694211 0.427346 0.701447 0.428221 0.705649 0.429622 0.727591 0.443277 0.734827 0.452556 0.738329 0.459559 0.737862 0.473564 0.736695 0.477241 0.733894 0.480742 0.730392 0.487570 0.724790 0.491947 0.724323 0.493172 0.720121 0.494573 0.720588 0.495798 0.718021 0.497199 0.716153 0.496849 0.713352 0.497549 0.709851 0.503501 0.706583 0.504027 0.704949 0.505427 0.696078 0.508754 0.692577 0.511029 0.689076 0.511555 0.673669 0.517332 0.667600 0.518908 0.667600 0.523109 0.668768 0.526085 0.674837 0.534489 0.680439 0.538165 0.689076 0.541842 0.716153 0.544468 0.724090 0.544118 0.734360 0.544818 0.741830 0.544118 0.747666 0.542017 0.764006 0.529062 0.775910 0.515931 0.779178 0.508754 0.787115 0.500175 0.789916 0.495798 0.799020 0.476541 0.801354 0.465336 0.801587 0.451681 0.797386 0.432248 0.788049 0.418067 0.771242 0.405637 0.765640 0.400560 0.749066 0.392857 0.739963 0.390756 0.729225 0.390231 0.723856 0.390931 0.709851 0.397409 0.698880 0.403536 0.688842 0.410364 0.682306 0.421744 0.684874 0.423669
1 0.798786 0.436450 0.802054 0.451506 0.802054 0.460609 0.800187 0.473564 0.797852 0.480217 0.786648 0.500875 0.783380 0.505077 0.781279 0.506478 0.775444 0.516282 0.769374 0.522234 0.764939 0.528536 0.750000 0.539566 0.748833 0.542542 0.747199 0.543242 0.761905 0.545518 0.765873 0.546919 0.782446 0.549895 0.789916 0.549370 0.790850 0.548669 0.806489 0.533263 0.813492 0.525735 0.814893 0.522584 0.819094 0.518908 0.829832 0.501401 0.832633 0.494573 0.836601 0.488095 0.840336 0.476891 0.841036 0.459734 0.838469 0.450280 0.836134 0.445553 0.825397 0.438550 0.817694 0.435224 0.810691 0.433999 0.806723 0.433999 0.801587 0.431898 0.798786 0.432248 0.798786 0.436450
0 0.433473 0.671919 0.435107 0.678396 0.438842 0.687325 0.444678 0.698179 0.452614 0.707108 0.460317 0.713585 0.473856 0.719538 0.481326 0.721814 0.487628 0.723389 0.504435 0.725840 0.519608 0.725140 0.542951 0.721989 0.560458 0.714636 0.582166 0.700805 0.588469 0.695903 0.591737 0.690826 0.595238 0.689251 0.599907 0.685399 0.605509 0.676471 0.611345 0.672094 0.618814 0.661415 0.627218 0.652661 0.633520 0.643382 0.637255 0.639356 0.643091 0.625175 0.646359 0.609594 0.644958 0.602241 0.637255 0.584909 0.627451 0.573880 0.616713 0.565651 0.602708 0.559174 0.595005 0.557423 0.591036 0.555322 0.581466 0.552521 0.573763 0.551646 0.568861 0.553046 0.564192 0.552696 0.550187 0.554097 0.542484 0.556022 0.532913 0.556898 0.525677 0.560049 0.512372 0.563901 0.499767 0.572654 0.485994 0.580707 0.481092 0.585609 0.472689 0.591912 0.461718 0.603817 0.439076 0.638305 0.434874 0.647409 0.433240 0.655637 0.433473 0.671919
1 0.543184 0.744923 0.542484 0.748249 0.544818 0.762080 0.547152 0.768557 0.546919 0.772409 0.550187 0.777836 0.554155 0.779587 0.554155 0.782738 0.556256 0.786415 0.561858 0.791842 0.570728 0.797969 0.591737 0.804622 0.598973 0.804447 0.619748 0.802171 0.633754 0.797969 0.651961 0.790966 0.656162 0.787815 0.662932 0.784489 0.669468 0.779587 0.675537 0.776436 0.683707 0.769258 0.692577 0.758929 0.707750 0.734594 0.715219 0.717087 0.719188 0.696604 0.720822 0.681898 0.721989 0.678746 0.721755 0.654062 0.720121 0.640931 0.718254 0.633403 0.714519 0.624650 0.706349 0.612570 0.692344 0.601541 0.679038 0.595063 0.675303 0.594013 0.663165 0.592962 0.654062 0.592962 0.646125 0.594713 0.644725 0.598915 0.647059 0.605742 0.647059 0.609944 0.642390 0.629727 0.638655 0.637780 0.626984 0.653711 0.619748 0.661590 0.611811 0.672444 0.608543 0.674895 0.602241 0.682073 0.597806 0.688375 0.589169 0.696078 0.566527 0.712535 0.561158 0.715336 0.556956 0.716562 0.553455 0.719188 0.549020 0.720413 0.543184 0.723739 0.543184 0.744923
1 0.001634 0.543242 0.000000 0.543242 0.000000 0.609944 0.016807 0.615021 0.028245 0.620448 0.038982 0.622024 0.057423 0.621499 0.074230 0.618347 0.084967 0.614671 0.099907 0.607668 0.109244 0.604692 0.123016 0.599090 0.129785 0.595413 0.140523 0.592787 0.150794 0.589286 0.162698 0.581583 0.163399 0.578081 0.157796 0.576681 0.149393 0.573179 0.141223 0.567402 0.132820 0.562675 0.128385 0.558648 0.119048 0.547444 0.110177 0.534839 0.109244 0.531863 0.104575 0.524685 0.101307 0.512955 0.098973 0.509629 0.082633 0.513305 0.057190 0.516106 0.033613 0.521183 0.021242 0.528011 0.001634 0.543242
1 0.088702 0.800770 0.090570 0.813375 0.091503 0.817577 0.098039 0.832108 0.105976 0.840161 0.109244 0.842437 0.116013 0.845238 0.126517 0.853116 0.131186 0.854342 0.136788 0.857493 0.140289 0.858018 0.154295 0.859244 0.162232 0.859244 0.169935 0.857843 0.173436 0.852941 0.178105 0.841912 0.185808 0.827906 0.190009 0.823004 0.198179 0.818277 0.209384 0.814426 0.227358 0.811099 0.233427 0.810574 0.238095 0.811099 0.245098 0.808824 0.256536 0.807248 0.257003 0.803571 0.255602 0.800595 0.252101 0.798845 0.253735 0.796043 0.256769 0.793417 0.248366 0.787640 0.241130 0.784839 0.218487 0.769783 0.209617 0.758929 0.206349 0.756303 0.192110 0.762255 0.171569 0.769083 0.162232 0.771008 0.122782 0.782213 0.116480 0.783438 0.102241 0.784314 0.092204 0.785889 0.090103 0.786590 0.088936 0.789391 0.088702 0.800770
1 0.684874 0.592262 0.687208 0.595413 0.693978 0.600140 0.695612 0.602416 0.700280 0.605217 0.708450 0.612920 0.709851 0.616422 0.714753 0.622199 0.717554 0.627976 0.727824 0.639356 0.735061 0.644608 0.754202 0.649685 0.765873 0.650735 0.771942 0.651961 0.786881 0.651786 0.806723 0.649860 0.814893 0.646359 0.817460 0.646359 0.822362 0.644783 0.825864 0.643032 0.835901 0.634979 0.845705 0.624825 0.849673 0.616947 0.851774 0.607493 0.851074 0.598564 0.843604 0.583859 0.838469 0.577731 0.829365 0.570553 0.817694 0.562500 0.792951 0.553746 0.758637 0.546394 0.748133 0.545343 0.738329 0.547619 0.719655 0.550245 0.695378 0.571254 0.692810 0.575630 0.689076 0.578256 0.685808 0.585084 0.684874 0.592262
0 0.694678 0.786415 0.695378 0.790091 0.697712 0.793768 0.711018 0.805672 0.727358 0.813550 0.741363 0.817752 0.747666 0.817402 0.755369 0.819328 0.772176 0.821078 0.797619 0.821078 0.807190 0.819853 0.820261 0.815476 0.829832 0.810924 0.838702 0.804797 0.846872 0.797794 0.859010 0.784839 0.864613 0.776085 0.865780 0.772409 0.866246 0.765056 0.864146 0.757878 0.856209 0.744748 0.848973 0.736520 0.839169 0.728817 0.830999 0.725140 0.796452 0.716912 0.786881 0.715861 0.774510 0.715686 0.764939 0.717087 0.753735 0.719888 0.745098 0.724615 0.733193 0.729867 0.724556 0.735469 0.701914 0.754377 0.696545 0.762955 0.694678 0.775035 0.694678 0.786415
1 0.543184 0.844713 0.544818 0.859244 0.546685 0.866246 0.549953 0.872549 0.555556 0.880252 0.565126 0.889181 0.574930 0.893908 0.588469 0.895833 0.595938 0.895833 0.619748 0.891632 0.629785 0.889006 0.632353 0.886730 0.646125 0.879027 0.648226 0.875525 0.652661 0.871324 0.666433 0.854342 0.680205 0.831583 0.688375 0.810574 0.691410 0.796569 0.692810 0.772234 0.690710 0.766282 0.689076 0.765931 0.684174 0.770308 0.679972 0.772584 0.677638 0.775735 0.658964 0.788340 0.647059 0.794118 0.621382 0.802696 0.612745 0.803922 0.604809 0.804097 0.594071 0.806022 0.588235 0.803396 0.581699 0.802696 0.577264 0.801296 0.568394 0.797619 0.560458 0.791141 0.556956 0.793943 0.551821 0.807598 0.548319 0.814076 0.545518 0.821078 0.543417 0.831758 0.543184 0.844713
1 0.817227 0.559874 0.815826 0.560749 0.817227 0.560924 0.830999 0.570203 0.840336 0.578431 0.843604 0.582808 0.848973 0.593487 0.853175 0.598739 0.853408 0.601190 0.852708 0.608718 0.848273 0.621499 0.833800 0.638831 0.832166 0.639881 0.828665 0.640581 0.825397 0.645133 0.821662 0.647409 0.823296 0.648459 0.824697 0.651085 0.831466 0.654412 0.839402 0.655462 0.857376 0.655287 0.873483 0.652311 0.883754 0.647934 0.902428 0.637255 0.910364 0.630077 0.915033 0.624125 0.921802 0.618697 0.926237 0.612570 0.929505 0.604692 0.933473 0.598915 0.937442 0.588235 0.944444 0.547969 0.943511 0.539916 0.940243 0.535714 0.934174 0.531162 0.929505 0.528887 0.918534 0.526611 0.911298 0.525910 0.897292 0.526786 0.877218 0.531162 0.866246 0.532563 0.852241 0.536415 0.837535 0.542367 0.828198 0.547269 0.820261 0.553922 0.817227 0.559874
1 0.772409 0.404587 0.775444 0.406162 0.779178 0.410364 0.783380 0.412465 0.789683 0.417892 0.797852 0.429797 0.800187 0.431197 0.803922 0.431548 0.807890 0.433298 0.817460 0.434524 0.821195 0.435924 0.824463 0.438200 0.827264 0.439076 0.832166 0.442927 0.834734 0.443627 0.837302 0.446254 0.841270 0.460084 0.841036 0.474615 0.838002 0.485644 0.830065 0.501401 0.832166 0.505252 0.833567 0.506303 0.852241 0.513130 0.865780 0.514531 0.876751 0.512780 0.895191 0.506303 0.903828 0.498599 0.908263 0.491071 0.912465 0.480042 0.913866 0.472164 0.913866 0.466211 0.912465 0.460259 0.905462 0.446254 0.894258 0.432073 0.887255 0.425245 0.879785 0.419993 0.866246 0.412465 0.856676 0.408613 0.846639 0.405462 0.839402 0.404237 0.809757 0.396359 0.794118 0.394433 0.785714 0.394083 0.779412 0.394608 0.773576 0.397409 0.771242 0.400210 0.772409 0.404587
1 0.711018 0.324463 0.710084 0.343312 0.706816 0.355742 0.708217 0.358543 0.717787 0.361870 0.730859 0.370098 0.736461 0.371674 0.748366 0.369748 0.755135 0.367822 0.769141 0.362920 0.774276 0.360119 0.778245 0.356092 0.779412 0.352066 0.772642 0.341912 0.769141 0.338060 0.757703 0.330357 0.755602 0.327731 0.747666 0.321954 0.728291 0.312675 0.720121 0.307248 0.717087 0.306898 0.709851 0.304097 0.708217 0.304797 0.707283 0.306898 0.711018 0.324463
1 0.612512 0.293768 0.605275 0.324230 0.606676 0.328782 0.609244 0.329307 0.612979 0.327381 0.619981 0.326681 0.632353 0.322829 0.643091 0.321429 0.659430 0.321779 0.675303 0.324230 0.679505 0.326331 0.685107 0.330707 0.690710 0.337185 0.693978 0.345413 0.694444 0.359944 0.695378 0.362745 0.696078 0.363270 0.699580 0.362920 0.701914 0.361695 0.706116 0.355742 0.709384 0.345063 0.710784 0.331758 0.710551 0.323179 0.706816 0.303746 0.701681 0.296394 0.692344 0.287640 0.678805 0.276786 0.671569 0.273634 0.665033 0.271709 0.650327 0.270658 0.647759 0.268382 0.640523 0.267682 0.626984 0.269083 0.618814 0.272409 0.612512 0.281863 0.612512 0.293768
1 0.601074 0.262080 0.605042 0.268908 0.608310 0.271183 0.609244 0.272934 0.612979 0.272934 0.623950 0.269433 0.635621 0.266807 0.641223 0.267332 0.649393 0.266457 0.652661 0.267507 0.654528 0.269958 0.656396 0.269608 0.665966 0.271008 0.674370 0.274160 0.678571 0.274510 0.686508 0.265756 0.696779 0.251401 0.700980 0.239496 0.702381 0.232318 0.701914 0.223389 0.700047 0.218137 0.695145 0.213410 0.693277 0.209909 0.686275 0.208508 0.684874 0.209034 0.682073 0.212885 0.676237 0.224615 0.664332 0.239146 0.655229 0.245973 0.648926 0.249475 0.639122 0.253326 0.633520 0.254202 0.629785 0.255952 0.612745 0.256653 0.604108 0.258754 0.601074 0.262080
1 0.679272 0.275910 0.682073 0.279237 0.691410 0.286239 0.705182 0.299195 0.706349 0.301471 0.718487 0.304797 0.721055 0.304622 0.731793 0.299720 0.740430 0.293417 0.745798 0.283964 0.747666 0.276261 0.746499 0.272584 0.740663 0.267682 0.735761 0.264706 0.721289 0.258053 0.706349 0.252451 0.699813 0.250875 0.695378 0.253151 0.680672 0.272234 0.679505 0.274860 0.679272 0.275910
1 0.362745 0.539741 0.365079 0.541141 0.366246 0.543592 0.372316 0.549545 0.375584 0.555672 0.384687 0.568803 0.393324 0.586310 0.396125 0.605392 0.399393 0.611695 0.400327 0.620448 0.403128 0.629552 0.403128 0.633929 0.404528 0.636905 0.404062 0.642157 0.405696 0.671919 0.402894 0.689601 0.403828 0.692402 0.404995 0.692927 0.422269 0.686099 0.432073 0.678746 0.431373 0.653536 0.433707 0.645483 0.437442 0.638130 0.449580 0.621148 0.453782 0.612745 0.461951 0.601190 0.482726 0.581933 0.484360 0.579482 0.491130 0.574405 0.492530 0.559174 0.491130 0.542892 0.489262 0.536415 0.482493 0.523810 0.479458 0.518908 0.472222 0.510679 0.464519 0.504902 0.456816 0.501401 0.445612 0.499125 0.434174 0.498775 0.418534 0.500700 0.409664 0.504202 0.397759 0.507528 0.383520 0.513130 0.380952 0.514881 0.377684 0.518908 0.373483 0.521008 0.368581 0.525210 0.365079 0.528887 0.362979 0.533613 0.362745 0.539741
1 0.513539 0.560749 0.515873 0.562150 0.521942 0.560924 0.525910 0.558824 0.532913 0.557073 0.543884 0.555847 0.559524 0.552871 0.574230 0.552171 0.582166 0.552871 0.591036 0.555497 0.595238 0.557598 0.602007 0.558999 0.607843 0.561800 0.621148 0.568978 0.628385 0.573880 0.633754 0.578782 0.637021 0.579482 0.645658 0.555672 0.650794 0.530112 0.649860 0.522409 0.647526 0.520658 0.645191 0.520308 0.626517 0.521884 0.616947 0.520658 0.609399 0.520833 0.598973 0.519958 0.584500 0.518032 0.563725 0.512080 0.560924 0.511555 0.557190 0.511905 0.552521 0.514356 0.536181 0.526436 0.533380 0.529412 0.527311 0.536590 0.514006 0.558999 0.513539 0.560749
1 0.426704 0.498249 0.431139 0.498950 0.442810 0.498775 0.449813 0.499475 0.456583 0.501225 0.463585 0.504027 0.471522 0.509979 0.484127 0.524510 0.487862 0.522759 0.492530 0.516632 0.497666 0.512080 0.507236 0.498249 0.508170 0.495273 0.505836 0.491597 0.498833 0.486695 0.494865 0.485469 0.483193 0.478641 0.472222 0.467437 0.470355 0.463585 0.466853 0.463585 0.463119 0.467087 0.457283 0.474615 0.430205 0.494748 0.426704 0.498249
1 0.343371 0.515581 0.345938 0.525910 0.348506 0.529412 0.354108 0.531688 0.355742 0.533088 0.362512 0.531162 0.366246 0.526261 0.380019 0.515581 0.380252 0.512080 0.361111 0.511555 0.345472 0.508578 0.343838 0.510679 0.343371 0.515581
1 0.783380 0.384279 0.784547 0.390406 0.786181 0.392332 0.803455 0.393557 0.835668 0.401961 0.851774 0.404937 0.857376 0.405287 0.873950 0.403186 0.876984 0.401786 0.878852 0.397409 0.881886 0.375700 0.884454 0.366246 0.888889 0.357668 0.892857 0.352066 0.902894 0.343838 0.916667 0.336660 0.932306 0.330882 0.942810 0.329132 0.945145 0.327906 0.942344 0.324580 0.936041 0.321779 0.930439 0.320028 0.923669 0.318978 0.914799 0.318803 0.900093 0.319853 0.883287 0.321779 0.873016 0.323880 0.838002 0.336485 0.806956 0.350840 0.792484 0.362220 0.785714 0.371499 0.783847 0.376751 0.783380 0.384279
1 0.646592 0.408088 0.647526 0.408964 0.652194 0.411415 0.659197 0.413340 0.661765 0.415091 0.665033 0.415616 0.678338 0.420518 0.681839 0.420168 0.687908 0.410539 0.698646 0.403361 0.716620 0.393207 0.724090 0.390581 0.728291 0.389881 0.738562 0.390056 0.739729 0.388655 0.739963 0.384804 0.738095 0.379902 0.733894 0.373599 0.720355 0.363095 0.706583 0.358193 0.702848 0.362570 0.695845 0.364321 0.693744 0.366071 0.691877 0.369748 0.691643 0.372899 0.687442 0.381303 0.678805 0.393908 0.671802 0.401786 0.668768 0.404237 0.667367 0.404237 0.662232 0.402136 0.661298 0.398634 0.657796 0.399335 0.647059 0.407213 0.646592 0.408088
1 0.721755 0.307248 0.724323 0.309699 0.734127 0.315126 0.743697 0.319153 0.762605 0.332983 0.765873 0.334209 0.769608 0.337360 0.779412 0.353291 0.788982 0.347514 0.790383 0.345238 0.790383 0.341387 0.786881 0.331408 0.782913 0.326856 0.771942 0.319678 0.749300 0.306898 0.744398 0.304797 0.737162 0.303922 0.726891 0.304622 0.722689 0.306197 0.721755 0.307248
1 0.714986 0.727241 0.716853 0.727766 0.718721 0.726366 0.721405 0.725840 0.724090 0.726015 0.737395 0.723214 0.741130 0.723039 0.752568 0.718838 0.765873 0.716036 0.779178 0.714986 0.789916 0.714986 0.792717 0.715686 0.799720 0.715336 0.817694 0.708859 0.822829 0.704307 0.834034 0.696779 0.839636 0.690126 0.842204 0.682248 0.842437 0.675245 0.840336 0.668768 0.838235 0.665441 0.831699 0.658789 0.826331 0.656338 0.824697 0.654412 0.821895 0.654937 0.817694 0.654587 0.814192 0.653536 0.810691 0.651085 0.806489 0.651961 0.795518 0.652136 0.783613 0.653536 0.774977 0.653361 0.768674 0.654587 0.765640 0.650735 0.761438 0.651261 0.744865 0.649160 0.741363 0.648109 0.736695 0.649335 0.732960 0.651961 0.732026 0.654237 0.732026 0.677171 0.726891 0.690651 0.721755 0.697829 0.719421 0.703081 0.718487 0.714461 0.715219 0.723739 0.714986 0.727241
1 0.479458 0.942752 0.482260 0.948354 0.500934 0.954482 0.507470 0.955532 0.516106 0.954482 0.523109 0.954832 0.535014 0.951681 0.543417 0.950630 0.550187 0.948704 0.563959 0.944153 0.595472 0.926821 0.617880 0.908964 0.628618 0.894083 0.628385 0.891807 0.626284 0.891106 0.616246 0.893207 0.592437 0.895833 0.576797 0.894433 0.568861 0.892157 0.563725 0.889356 0.556489 0.883578 0.553455 0.882353 0.552521 0.883403 0.552988 0.887430 0.551587 0.891982 0.547386 0.896709 0.542250 0.900210 0.535247 0.907913 0.517740 0.920518 0.506303 0.926120 0.503035 0.929097 0.498599 0.931022 0.491830 0.936099 0.487862 0.938025 0.480626 0.939251 0.479458 0.942752
1 0.647759 0.880602 0.660831 0.885504 0.678338 0.889881 0.689076 0.891457 0.707750 0.891982 0.727591 0.889881 0.748133 0.883578 0.755135 0.880252 0.758403 0.877626 0.763305 0.872899 0.767274 0.866772 0.767974 0.862570 0.766340 0.856092 0.762372 0.848564 0.756769 0.841387 0.753268 0.838936 0.748599 0.833333 0.734360 0.821078 0.726891 0.815476 0.717087 0.811450 0.716853 0.810749 0.715219 0.810574 0.704949 0.804272 0.700047 0.798845 0.695845 0.798494 0.692577 0.799195 0.691410 0.804272 0.682773 0.826856 0.675770 0.840511 0.663632 0.858894 0.656629 0.867822 0.648226 0.876576 0.647292 0.879027 0.647759 0.880602
1 0.730159 0.814426 0.730159 0.817577 0.733660 0.819328 0.734827 0.821078 0.748366 0.831232 0.750700 0.834909 0.754669 0.838410 0.757937 0.839286 0.761671 0.836134 0.779879 0.824405 0.781046 0.821078 0.771709 0.821078 0.764472 0.819153 0.758870 0.818277 0.754902 0.818452 0.751634 0.817052 0.747199 0.816877 0.745098 0.815826 0.737162 0.815301 0.733193 0.814251 0.730159 0.814426
1 0.797619 0.716912 0.810458 0.720763 0.816293 0.720413 0.817460 0.719013 0.818394 0.713936 0.817694 0.708859 0.801587 0.713585 0.797619 0.716912
1 0.348039 0.792367 0.348739 0.808648 0.355275 0.831583 0.362745 0.839811 0.369514 0.845588 0.379552 0.852416 0.387255 0.855567 0.390756 0.857843 0.418301 0.857843 0.425303 0.856968 0.434174 0.854692 0.443277 0.851015 0.458061 0.842379 0.505369 0.805147 0.516340 0.793067 0.522409 0.783964 0.527544 0.778711 0.537348 0.758228 0.540149 0.742822 0.541317 0.728116 0.540616 0.724265 0.539216 0.723564 0.530345 0.724615 0.525444 0.724440 0.512605 0.726366 0.501167 0.726541 0.472222 0.719713 0.460084 0.714461 0.453081 0.708508 0.443277 0.697654 0.438375 0.689251 0.435574 0.681723 0.432073 0.680847 0.423436 0.686625 0.411765 0.692752 0.401027 0.702206 0.396359 0.709909 0.389823 0.727241 0.383287 0.738095 0.371148 0.753326 0.362745 0.761029 0.354809 0.770133 0.350140 0.780462 0.348039 0.792367
1 0.190243 0.342787 0.192110 0.345238 0.208683 0.341912 0.214753 0.341912 0.222923 0.340861 0.233894 0.341912 0.237628 0.342962 0.239262 0.342437 0.240430 0.339986 0.239496 0.333158 0.237862 0.330532 0.234360 0.329482 0.232726 0.327906 0.232726 0.325689 0.239262 0.316352 0.239729 0.313025 0.238329 0.308824 0.235061 0.307773 0.229925 0.308123 0.220588 0.310574 0.207516 0.319328 0.203782 0.321078 0.194678 0.328081 0.190710 0.335609 0.190243 0.342787
1 0.487162 0.532738 0.490196 0.538866 0.492530 0.547969 0.493231 0.553922 0.492764 0.568627 0.493231 0.572129 0.494631 0.574055 0.506069 0.567752 0.515173 0.560749 0.515406 0.557073 0.522876 0.543768 0.524276 0.538866 0.523576 0.536415 0.520308 0.534314 0.509104 0.528361 0.505135 0.526961 0.493697 0.525735 0.491130 0.524335 0.486695 0.528186 0.487162 0.532738
1 0.490430 0.522234 0.491597 0.524685 0.494631 0.525910 0.504202 0.527136 0.512838 0.529937 0.522642 0.536239 0.525910 0.536765 0.531746 0.530287 0.555089 0.512080 0.550887 0.508578 0.534080 0.502626 0.515640 0.494573 0.508637 0.493873 0.507703 0.494748 0.507236 0.498249 0.504202 0.501926 0.501867 0.506828 0.498366 0.511905 0.495565 0.513831 0.493231 0.516982 0.490430 0.522234
1 0.738329 0.376751 0.740896 0.386905 0.742764 0.390056 0.755602 0.395133 0.765173 0.400035 0.769141 0.401261 0.772642 0.397584 0.779178 0.394083 0.781279 0.392157 0.781979 0.390756 0.781279 0.385679 0.781979 0.373249 0.776377 0.369923 0.768441 0.367997 0.759104 0.367647 0.744398 0.370973 0.739262 0.373074 0.738562 0.374825 0.738329 0.376751
1 0.284314 0.794293 0.285247 0.797269 0.289683 0.801471 0.293417 0.801821 0.300654 0.804972 0.307190 0.806373 0.314192 0.806373 0.318161 0.805322 0.343838 0.802521 0.346405 0.800595 0.347339 0.797094 0.349907 0.774160 0.348973 0.773284 0.346872 0.775910 0.341036 0.779587 0.331466 0.782738 0.319561 0.788340 0.307190 0.792542 0.293651 0.793592 0.282213 0.793242 0.284314 0.794293
1 0.306022 0.057423 0.320728 0.060574 0.334967 0.061975 0.350840 0.065476 0.373716 0.073179 0.382820 0.078606 0.387488 0.080182 0.391690 0.082633 0.398693 0.087885 0.401494 0.091737 0.405929 0.095763 0.409664 0.101716 0.415733 0.126576 0.418301 0.128326 0.419234 0.126751 0.422502 0.124825 0.427638 0.116246 0.427638 0.112220 0.424370 0.100140 0.424370 0.083333 0.425070 0.077731 0.429505 0.067752 0.430906 0.060574 0.429272 0.056898 0.426004 0.053396 0.423436 0.051646 0.422269 0.049720 0.418768 0.047619 0.412932 0.041317 0.407563 0.037465 0.404295 0.036064 0.373483 0.032213 0.362512 0.032913 0.344304 0.039216 0.324230 0.042892 0.314659 0.047269 0.306956 0.053746 0.306022 0.057423
1 0.413866 0.144258 0.410831 0.151786 0.405929 0.158613 0.397526 0.164916 0.395191 0.168417 0.396825 0.171043 0.415266 0.171043 0.447012 0.173494 0.452614 0.174370 0.473623 0.180147 0.477824 0.180497 0.479692 0.179447 0.484360 0.168417 0.484594 0.161239 0.478758 0.159664 0.470588 0.155112 0.464753 0.150385 0.451681 0.141807 0.447246 0.137080 0.440710 0.132003 0.432073 0.117822 0.428805 0.116597 0.428338 0.116947 0.424136 0.124475 0.419701 0.128501 0.415966 0.133578 0.413866 0.144258
1 0.789916 0.550245 0.793417 0.552521 0.806022 0.557248 0.813959 0.559349 0.816993 0.559174 0.819561 0.554447 0.830299 0.545518 0.846639 0.538340 0.858777 0.534489 0.876751 0.530812 0.887021 0.529587 0.893791 0.527311 0.900327 0.526261 0.908263 0.525560 0.925770 0.527486 0.929038 0.527311 0.930439 0.525910 0.898459 0.516457 0.890523 0.510504 0.887021 0.510329 0.875817 0.513305 0.869281 0.514181 0.852474 0.513305 0.833800 0.507178 0.830999 0.505252 0.827965 0.506127 0.819795 0.519608 0.811158 0.529412 0.792250 0.546569 0.790383 0.549195 0.789916 0.550245
1 0.520542 0.789916 0.521709 0.790616 0.529645 0.789916 0.543884 0.784139 0.548319 0.780812 0.547852 0.776436 0.544118 0.769083 0.542017 0.757178 0.539916 0.752451 0.532446 0.770133 0.521242 0.786239 0.520542 0.789916