1 0.316463 0.465096 0.319372 0.477094 0.322862 0.484293 0.329843 0.491274 0.355730 0.505454 0.360093 0.506545 0.363002 0.509380 0.368528 0.511998 0.397615 0.521161 0.414776 0.525087 0.421291 0.525087 0.429610 0.527051 0.438336 0.527705 0.452880 0.527487 0.459860 0.524433 0.469750 0.511998 0.471495 0.506763 0.481385 0.491710 0.494474 0.476003 0.502618 0.470113 0.513380 0.460079 0.531995 0.446771 0.535777 0.442845 0.539849 0.440445 0.553519 0.435428 0.562827 0.429538 0.575334 0.424738 0.584933 0.422775 0.591332 0.422557 0.598895 0.420375 0.609366 0.418848 0.623037 0.414485 0.626818 0.414703 0.635835 0.411431 0.641652 0.412086 0.650960 0.410995 0.654741 0.408159 0.660558 0.398997 0.668994 0.390707 0.711751 0.322862 0.717859 0.307592 0.718150 0.301047 0.719604 0.296902 0.718441 0.279232 0.714951 0.269415 0.710006 0.260471 0.700698 0.249782 0.692554 0.237784 0.685864 0.230585 0.675974 0.222513 0.661431 0.215096 0.648633 0.209860 0.640198 0.207897 0.629145 0.207024 0.622164 0.205061 0.608202 0.205279 0.583188 0.207461 0.574753 0.209642 0.563991 0.208988 0.560791 0.209860 0.547993 0.210079 0.528796 0.214660 0.504654 0.222513 0.486911 0.229494 0.477894 0.235166 0.459279 0.244328 0.456661 0.246728 0.442699 0.254581 0.438627 0.256108 0.424956 0.266361 0.415939 0.275087 0.411286 0.277923 0.404014 0.286213 0.399942 0.292757 0.390634 0.302574 0.388016 0.308028 0.383362 0.312827 0.378999 0.320462 0.361547 0.343368 0.357184 0.352094 0.353694 0.355803 0.344677 0.371510 0.338278 0.380236 0.322862 0.410995 0.318499 0.421466 0.316172 0.445681 0.316463 0.465096
1 0.452589 0.581588 0.454043 0.588569 0.452298 0.591841 0.453170 0.595550 0.451425 0.598386 0.450553 0.605366 0.452007 0.614529 0.452298 0.633944 0.459860 0.663831 0.465096 0.675175 0.467132 0.678665 0.470622 0.681719 0.477312 0.695899 0.486038 0.709860 0.490111 0.719895 0.508726 0.748037 0.512507 0.750873 0.515416 0.756545 0.522397 0.763962 0.526469 0.765052 0.526760 0.768979 0.529378 0.772251 0.553519 0.796902 0.585515 0.821553 0.594241 0.826353 0.602094 0.827661 0.603839 0.829625 0.612856 0.833333 0.616638 0.833115 0.619546 0.836824 0.629145 0.841187 0.671902 0.854494 0.688191 0.857984 0.699244 0.858857 0.720477 0.857548 0.747528 0.848604 0.783595 0.834206 0.796684 0.826353 0.800175 0.823080 0.806283 0.820244 0.817045 0.812391 0.845550 0.788394 0.863002 0.767234 0.872019 0.748473 0.872600 0.744110 0.877254 0.732112 0.880745 0.703752 0.880745 0.689572 0.875218 0.661867 0.871146 0.650960 0.866783 0.643979 0.864747 0.633726 0.858930 0.622382 0.853112 0.602312 0.851076 0.599258 0.849622 0.591623 0.841768 0.575044 0.824316 0.549956 0.819953 0.540794 0.797266 0.511780 0.775742 0.490838 0.771960 0.488220 0.766143 0.481675 0.758871 0.477094 0.755963 0.473604 0.705352 0.438482 0.692845 0.433028 0.682373 0.426702 0.675393 0.425175 0.671611 0.422775 0.657650 0.417103 0.648342 0.415576 0.630017 0.416012 0.592496 0.425175 0.584642 0.425611 0.577371 0.427138 0.561664 0.433028 0.550320 0.440663 0.543339 0.442627 0.537813 0.445462 0.518615 0.458551 0.497673 0.477749 0.488365 0.487784 0.472949 0.508944 0.472659 0.511780 0.465678 0.522469 0.461315 0.532504 0.460733 0.542321 0.455788 0.550175 0.452880 0.567408 0.452589 0.581588
1 0.002909 0.203752 0.003781 0.216841 0.006690 0.244764 0.009599 0.261344 0.011635 0.269415 0.016579 0.278578 0.022397 0.296030 0.028505 0.304319 0.042757 0.318935 0.046830 0.321553 0.056719 0.332024 0.062245 0.336169 0.067481 0.339223 0.078243 0.342932 0.098604 0.345986 0.125073 0.347077 0.143979 0.345113 0.151251 0.343150 0.159686 0.338787 0.162304 0.336387 0.179465 0.328316 0.241710 0.293630 0.262362 0.285122 0.277487 0.276832 0.293194 0.264398 0.304538 0.250436 0.312973 0.234948 0.318208 0.216405 0.319663 0.202225 0.319663 0.186518 0.315300 0.155105 0.311227 0.143979 0.303665 0.136344 0.279523 0.116274 0.266143 0.100567 0.247528 0.073517 0.243746 0.069590 0.219895 0.059119 0.202443 0.054319 0.189354 0.052356 0.183246 0.050611 0.164340 0.049520 0.157941 0.050175 0.143979 0.053883 0.140198 0.056065 0.128854 0.059773 0.108493 0.070681 0.100349 0.073735 0.073298 0.091187 0.064863 0.099040 0.048575 0.111038 0.037522 0.123037 0.033159 0.130454 0.017161 0.150742 0.015998 0.154887 0.010471 0.161431 0.005817 0.175175 0.003490 0.189136 0.002909 0.203752
1 0.732112 0.106021 0.736766 0.123691 0.747818 0.140925 0.760908 0.150305 0.771088 0.159250 0.789703 0.171902 0.794648 0.173429 0.806864 0.181937 0.838569 0.198517 0.871146 0.213569 0.886271 0.217932 0.900814 0.226222 0.932519 0.230148 0.949389 0.233639 0.994764 0.235384 0.996800 0.234293 0.997964 0.231457 0.999709 0.231239 0.999709 0.000000 0.830134 0.000000 0.829261 0.002182 0.806574 0.010035 0.789412 0.021379 0.779523 0.025524 0.765852 0.038831 0.761780 0.041667 0.755672 0.048211 0.749564 0.058246 0.743746 0.065009 0.737929 0.078098 0.732112 0.097949 0.732112 0.106021
1 0.689354 0.387216 0.693136 0.404668 0.697499 0.415794 0.699535 0.425393 0.705061 0.435646 0.715823 0.441536 0.730948 0.453534 0.749564 0.465750 0.754508 0.470550 0.772542 0.482112 0.776033 0.485602 0.783595 0.485602 0.792030 0.489529 0.803665 0.492583 0.824316 0.495419 0.843805 0.496946 0.856312 0.496291 0.862129 0.497382 0.869983 0.497382 0.886853 0.496291 0.909540 0.493237 0.925247 0.489311 0.931646 0.485166 0.940954 0.474040 0.952007 0.464223 0.971786 0.453098 0.984002 0.447426 0.994764 0.443717 0.998255 0.440445 0.999709 0.440445 0.999709 0.239529 0.991856 0.237565 0.981385 0.236475 0.967423 0.238002 0.951716 0.237347 0.947062 0.238656 0.935428 0.238656 0.869110 0.246073 0.849331 0.250218 0.831588 0.251527 0.829552 0.253054 0.824026 0.254799 0.801338 0.260253 0.783013 0.267670 0.772833 0.272469 0.744910 0.288176 0.734148 0.297339 0.732112 0.301047 0.716987 0.319154 0.710588 0.331370 0.702734 0.342277 0.696917 0.357766 0.693426 0.362784 0.694590 0.366274 0.691390 0.370855 0.689645 0.378709 0.689354 0.387216
1 0.077952 0.828316 0.079407 0.830279 0.083479 0.834860 0.089878 0.838351 0.139907 0.854058 0.151251 0.856675 0.154450 0.859293 0.161140 0.861475 0.169866 0.863438 0.199535 0.866710 0.203607 0.865838 0.210006 0.867583 0.238511 0.868019 0.243165 0.867147 0.256254 0.867147 0.282432 0.864092 0.321990 0.862129 0.334497 0.860166 0.384526 0.856457 0.394415 0.854494 0.415358 0.852967 0.428738 0.849476 0.445899 0.847077 0.487784 0.833115 0.505236 0.825698 0.509308 0.822644 0.521524 0.817845 0.534031 0.811518 0.537231 0.808901 0.546830 0.804101 0.550611 0.799738 0.546830 0.793194 0.536940 0.784031 0.516870 0.762435 0.495637 0.734729 0.482839 0.710297 0.472077 0.694372 0.470622 0.688264 0.467132 0.684337 0.460733 0.672993 0.456952 0.664703 0.454625 0.655105 0.449971 0.647469 0.444154 0.648342 0.410704 0.646597 0.365620 0.648342 0.325480 0.653141 0.299302 0.659468 0.272251 0.668194 0.255090 0.670593 0.251600 0.672557 0.247818 0.672775 0.227167 0.678447 0.186736 0.695899 0.150960 0.716187 0.141361 0.723168 0.127400 0.736475 0.119546 0.742147 0.105294 0.758726 0.101513 0.764616 0.096277 0.775960 0.095113 0.781414 0.087842 0.794939 0.077952 0.823080 0.077952 0.828316
1 0.002327 0.609948 0.000000 0.612565 0.000000 0.662304 0.001745 0.662522 0.003490 0.666012 0.009017 0.671902 0.015125 0.682373 0.022688 0.689354 0.035777 0.696335 0.043921 0.698735 0.050320 0.702007 0.068935 0.707897 0.077952 0.709642 0.086678 0.709860 0.093950 0.711169 0.127981 0.711824 0.157650 0.709424 0.174811 0.702007 0.184410 0.694590 0.196044 0.688482 0.205352 0.685646 0.226585 0.676047 0.241419 0.671030 0.258871 0.662304 0.266434 0.659686 0.270797 0.655759 0.281268 0.649433 0.307155 0.636344 0.363874 0.599040 0.379581 0.585297 0.392088 0.570462 0.402850 0.560646 0.410122 0.543194 0.410995 0.537304 0.410122 0.529232 0.404305 0.526178 0.390343 0.522906 0.387144 0.521161 0.378418 0.519197 0.367656 0.515052 0.349913 0.506326 0.342350 0.500873 0.323735 0.490620 0.318499 0.484948 0.312682 0.463133 0.312391 0.453098 0.310646 0.450698 0.304538 0.449389 0.283013 0.447644 0.260617 0.447644 0.216405 0.451353 0.193136 0.456806 0.185282 0.457679 0.167248 0.464878 0.153869 0.469023 0.125945 0.482984 0.100349 0.498909 0.076789 0.518325 0.070099 0.525742 0.052647 0.538176 0.023851 0.567627 0.023560 0.569808 0.019197 0.576789 0.015998 0.580497 0.012798 0.582243 0.010180 0.588569 0.004945 0.593805 0.002618 0.598604 0.002327 0.609948
1 0.322571 0.999782 0.759453 0.999782 0.762944 0.989092 0.763816 0.965750 0.761780 0.956806 0.760326 0.932155 0.756545 0.908159 0.752763 0.892234 0.748982 0.882853 0.739092 0.864965 0.732984 0.858639 0.730076 0.857984 0.723967 0.859729 0.710588 0.861038 0.694590 0.860820 0.675974 0.858421 0.664631 0.854276 0.654450 0.852094 0.650378 0.849913 0.631763 0.844459 0.612565 0.836606 0.608202 0.835951 0.606457 0.834424 0.605585 0.831370 0.601803 0.829625 0.596859 0.829188 0.586387 0.825044 0.563700 0.808246 0.553519 0.804319 0.543630 0.808901 0.527051 0.818717 0.519779 0.821117 0.497091 0.832024 0.466259 0.843586 0.459860 0.847077 0.446771 0.856457 0.439500 0.859293 0.408377 0.882199 0.385108 0.903796 0.378418 0.911213 0.371728 0.920812 0.364747 0.928010 0.359220 0.937173 0.352531 0.945026 0.329261 0.981021 0.323153 0.994764 0.322571 0.999782
1 0.393252 0.227531 0.397324 0.237347 0.400524 0.239092 0.403723 0.244764 0.407504 0.247164 0.413613 0.254799 0.418557 0.258508 0.424956 0.261126 0.430483 0.258290 0.431937 0.255672 0.435718 0.254799 0.449680 0.248037 0.462478 0.239529 0.472077 0.235602 0.477603 0.230366 0.484293 0.228621 0.505236 0.219459 0.512216 0.218368 0.516289 0.215969 0.521233 0.215314 0.533159 0.211387 0.550902 0.207897 0.557882 0.208115 0.564282 0.206370 0.578243 0.206152 0.587842 0.203752 0.618092 0.202661 0.644561 0.207243 0.659977 0.212696 0.674811 0.219241 0.689063 0.229930 0.692263 0.231021 0.706515 0.225131 0.712624 0.221859 0.716405 0.218368 0.734439 0.208115 0.752763 0.194590 0.769052 0.180192 0.773124 0.175175 0.777487 0.172557 0.778650 0.169939 0.778360 0.167757 0.770797 0.163176 0.762071 0.154232 0.750727 0.146815 0.742874 0.138525 0.735602 0.126963 0.732403 0.112565 0.729203 0.105803 0.729203 0.098168 0.731821 0.088569 0.732403 0.081588 0.748109 0.053447 0.742874 0.049738 0.727167 0.043412 0.713496 0.040576 0.703607 0.040576 0.696626 0.038613 0.685573 0.037086 0.650960 0.038394 0.630599 0.041667 0.625945 0.043194 0.623618 0.046902 0.626527 0.066536 0.628854 0.070899 0.627400 0.077661 0.621291 0.085733 0.618383 0.092932 0.615474 0.095550 0.613147 0.106457 0.608202 0.111693 0.606166 0.116274 0.597150 0.127836 0.584642 0.140489 0.574753 0.146597 0.570971 0.150087 0.563409 0.152923 0.554974 0.158159 0.550320 0.159250 0.542176 0.163176 0.527632 0.167103 0.516870 0.169066 0.508435 0.169503 0.497964 0.172339 0.487202 0.173211 0.483711 0.174302 0.473531 0.174738 0.468877 0.176483 0.465387 0.176702 0.463642 0.175393 0.459860 0.175393 0.453752 0.173647 0.445899 0.174084 0.439791 0.173211 0.425247 0.173211 0.397324 0.210515 0.393543 0.224913 0.393252 0.227531
1 0.207388 0.339442 0.206225 0.342277 0.207388 0.351658 0.222513 0.379363 0.233566 0.393979 0.257999 0.415140 0.269052 0.422120 0.279814 0.425393 0.288540 0.426920 0.300175 0.426920 0.314136 0.425611 0.316754 0.421902 0.318790 0.413831 0.336242 0.379581 0.343223 0.370419 0.359511 0.343150 0.366201 0.335297 0.394997 0.294503 0.397324 0.292976 0.411576 0.274433 0.414776 0.272469 0.416230 0.269852 0.418557 0.268979 0.419721 0.265271 0.418266 0.261998 0.410995 0.258508 0.407504 0.251745 0.391507 0.234511 0.388889 0.223822 0.391507 0.214878 0.396742 0.205061 0.399360 0.202880 0.401687 0.198298 0.404596 0.196117 0.404014 0.189791 0.404887 0.185646 0.401105 0.184337 0.397615 0.184555 0.356312 0.191972 0.338278 0.197862 0.325189 0.204625 0.321699 0.209642 0.320244 0.220550 0.315590 0.234293 0.304247 0.254145 0.294648 0.265489 0.278941 0.277923 0.269343 0.283595 0.235893 0.297557 0.214951 0.309773 0.210588 0.314572 0.208842 0.320899 0.207388 0.339442
1 0.000000 0.347077 0.000000 0.549738 0.012507 0.550175 0.022397 0.549520 0.026760 0.550175 0.036358 0.549302 0.039849 0.548211 0.054101 0.535340 0.065736 0.526614 0.073008 0.518543 0.099186 0.497382 0.106748 0.493455 0.130599 0.477749 0.153141 0.466732 0.164631 0.463569 0.184991 0.455279 0.195753 0.453098 0.203607 0.452661 0.223386 0.448080 0.241129 0.446117 0.245782 0.439354 0.246364 0.432155 0.238802 0.407723 0.235020 0.400524 0.213496 0.377182 0.204188 0.370637 0.186736 0.361911 0.175393 0.359948 0.162013 0.355148 0.151542 0.353185 0.129727 0.351440 0.120710 0.349476 0.090460 0.347513 0.060791 0.341623 0.014252 0.343150 0.000000 0.347077
1 0.000000 0.000000 0.000000 0.179101 0.001745 0.178883 0.002327 0.175829 0.004945 0.172557 0.010762 0.156414 0.018906 0.146161 0.028796 0.130236 0.036358 0.123037 0.045084 0.110820 0.062245 0.098822 0.081443 0.082897 0.097150 0.072644 0.112856 0.065663 0.129727 0.056065 0.144852 0.050175 0.148051 0.047993 0.149796 0.043630 0.159395 0.037958 0.163176 0.034250 0.166958 0.028360 0.173066 0.024651 0.180919 0.015489 0.179174 0.011126 0.180919 0.008508 0.179465 0.005672 0.178883 0.000000 0.000000 0.000000
1 0.861838 0.623037 0.865620 0.626963 0.878127 0.654232 0.883362 0.689354 0.883944 0.704625 0.882199 0.720332 0.875800 0.748037 0.863002 0.770724 0.847877 0.789485 0.831588 0.804319 0.816172 0.815445 0.803665 0.826134 0.800175 0.827880 0.800175 0.828970 0.805992 0.838787 0.814427 0.845550 0.834788 0.851003 0.845550 0.855803 0.865038 0.859293 0.886271 0.866274 0.910122 0.869983 0.949389 0.872164 0.977603 0.872600 0.980512 0.871946 0.999709 0.862347 0.999709 0.656632 0.997964 0.656414 0.995928 0.652923 0.990983 0.648778 0.982257 0.644634 0.962769 0.629145 0.951425 0.616710 0.937464 0.598604 0.924956 0.588351 0.922048 0.587260 0.911286 0.590096 0.880163 0.603403 0.877642 0.605294 0.873182 0.606457 0.863583 0.613220 0.861257 0.616492 0.861838 0.623037
1 0.912158 0.525960 0.909831 0.535777 0.911286 0.557155 0.925247 0.584206 0.958988 0.623255 0.984875 0.644197 0.994183 0.648997 0.999709 0.650305 0.999709 0.444590 0.994474 0.445244 0.976149 0.452880 0.957533 0.463351 0.948807 0.469459 0.944444 0.473386 0.936300 0.483857 0.926411 0.493455 0.914485 0.508508 0.912449 0.513307 0.912158 0.525960