1 0.000000 0.000000 0.000000 0.063375 0.007470 0.063550 0.018908 0.062675 0.038982 0.060049 0.080766 0.060049 0.108543 0.061099 0.125817 0.063725 0.132820 0.064076 0.157796 0.068627 0.162465 0.068627 0.205882 0.062325 0.224090 0.055322 0.232726 0.049020 0.237862 0.043242 0.251867 0.018732 0.254435 0.008578 0.255135 0.000000 0.000000 0.000000
1 0.256303 0.053046 0.257003 0.064951 0.259804 0.074580 0.264939 0.084034 0.270308 0.089811 0.274510 0.092437 0.279645 0.094713 0.299953 0.101190 0.315359 0.104167 0.339869 0.106092 0.344771 0.105217 0.349907 0.105392 0.368347 0.103641 0.394024 0.099615 0.411998 0.098389 0.422969 0.098564 0.448179 0.101366 0.468021 0.105567 0.483894 0.110119 0.488562 0.110469 0.518908 0.103641 0.533847 0.097689 0.543417 0.093312 0.556956 0.085784 0.571895 0.074580 0.588469 0.055672 0.594071 0.046043 0.596172 0.039216 0.597339 0.029587 0.596405 0.005952 0.594304 0.002976 0.591970 0.001576 0.591970 0.000000 0.272876 0.000000 0.272876 0.001576 0.267974 0.007528 0.261438 0.022409 0.259104 0.030287 0.257236 0.043417 0.256303 0.053046
1 0.599206 0.000000 0.599206 0.001751 0.604342 0.005602 0.637955 0.019258 0.662698 0.027311 0.669234 0.028361 0.686975 0.033789 0.727591 0.048845 0.740196 0.052171 0.759104 0.055497 0.788282 0.057423 0.821195 0.054797 0.848973 0.047619 0.863445 0.042367 0.890756 0.029587 0.901027 0.023284 0.915500 0.010854 0.919935 0.004902 0.920868 0.000000 0.599206 0.000000
1 0.219655 0.178922 0.220588 0.188901 0.223156 0.199755 0.230626 0.213761 0.241130 0.225840 0.244631 0.226891 0.267040 0.211660 0.290149 0.200280 0.293184 0.198179 0.299486 0.195903 0.309991 0.190301 0.317694 0.187675 0.332633 0.181022 0.338469 0.177346 0.360878 0.166141 0.376517 0.160539 0.387021 0.157913 0.407330 0.155637 0.423203 0.155462 0.440476 0.157913 0.467787 0.160364 0.490663 0.166492 0.495798 0.169118 0.521475 0.177521 0.546685 0.189951 0.548553 0.189601 0.550654 0.187675 0.560458 0.168067 0.554388 0.156688 0.539916 0.141632 0.525910 0.131478 0.509104 0.121849 0.483894 0.111695 0.456583 0.104167 0.428805 0.099790 0.414799 0.099265 0.387488 0.101541 0.369748 0.104692 0.359244 0.105742 0.356676 0.106618 0.347106 0.107318 0.324930 0.111345 0.290383 0.120973 0.261438 0.132528 0.248599 0.139706 0.237628 0.148109 0.229458 0.156338 0.223389 0.165616 0.221755 0.169643 0.219655 0.178922
0 0.218721 0.278011 0.219888 0.287465 0.223389 0.296569 0.229925 0.307248 0.234360 0.311275 0.241130 0.312150 0.246032 0.311450 0.248599 0.312325 0.251167 0.314251 0.249066 0.321078 0.258403 0.328782 0.265640 0.333333 0.275444 0.335259 0.289916 0.336660 0.304155 0.340161 0.338936 0.352416 0.347106 0.358368 0.352241 0.360644 0.369048 0.362045 0.391457 0.362570 0.393791 0.363620 0.401027 0.363095 0.404062 0.362045 0.421802 0.361169 0.432306 0.358543 0.442577 0.357843 0.448296 0.356443 0.488796 0.351015 0.546218 0.336660 0.554388 0.333508 0.561391 0.329307 0.574463 0.324580 0.583800 0.318978 0.597572 0.307948 0.603175 0.296919 0.606676 0.283789 0.609944 0.276085 0.610644 0.270833 0.609944 0.265581 0.597806 0.253501 0.591270 0.242122 0.584034 0.227416 0.581699 0.217262 0.579132 0.212185 0.566293 0.202556 0.551354 0.193978 0.546685 0.190301 0.524510 0.180322 0.519141 0.177171 0.495331 0.169643 0.487628 0.166317 0.473389 0.162640 0.463352 0.160889 0.420635 0.156338 0.408030 0.156688 0.390289 0.158438 0.369748 0.163515 0.362512 0.166317 0.341503 0.176646 0.326564 0.185049 0.310224 0.191352 0.299486 0.197129 0.288282 0.201681 0.279412 0.206232 0.261905 0.216036 0.242997 0.229692 0.235994 0.237220 0.221522 0.258053 0.218954 0.265406 0.218721 0.278011
0 0.580999 0.210084 0.585434 0.224440 0.592437 0.241071 0.598739 0.250700 0.612745 0.266106 0.625817 0.274335 0.632586 0.279937 0.646825 0.285539 0.657796 0.292017 0.678805 0.298494 0.695612 0.300770 0.699113 0.301996 0.716153 0.303922 0.736228 0.305322 0.774043 0.306373 0.794118 0.305322 0.803221 0.303746 0.823996 0.301821 0.845472 0.298144 0.852941 0.295868 0.868581 0.293417 0.910131 0.280812 0.929038 0.272759 0.945378 0.264356 0.962418 0.253151 0.968021 0.248424 0.979925 0.234244 0.986695 0.223389 0.993931 0.199755 0.995565 0.182073 0.993931 0.168417 0.992063 0.164916 0.991363 0.161064 0.988095 0.153536 0.975490 0.135504 0.966387 0.129202 0.962418 0.123599 0.956583 0.119573 0.952614 0.118522 0.943044 0.110994 0.935574 0.107143 0.925303 0.105392 0.922502 0.103466 0.890756 0.090686 0.886555 0.092787 0.883520 0.092962 0.880486 0.091211 0.873016 0.090686 0.867180 0.089286 0.827965 0.087885 0.814893 0.091211 0.808123 0.091912 0.782913 0.097514 0.769374 0.101190 0.661064 0.139181 0.651261 0.143382 0.647526 0.144083 0.635387 0.150385 0.629318 0.152486 0.614379 0.159664 0.609477 0.164566 0.603175 0.168417 0.592437 0.176996 0.586368 0.183648 0.582866 0.189426 0.581466 0.196078 0.580999 0.210084
1 0.001634 0.067227 0.000000 0.067227 0.000000 0.248599 0.004902 0.249825 0.038982 0.251926 0.079365 0.253151 0.090103 0.251751 0.102474 0.251401 0.114846 0.250000 0.124650 0.247024 0.134220 0.242997 0.140523 0.241772 0.145658 0.239496 0.153595 0.235469 0.172035 0.223915 0.183940 0.214986 0.195612 0.203957 0.210317 0.185399 0.221055 0.161239 0.222222 0.155987 0.222222 0.144783 0.221755 0.140056 0.218021 0.126751 0.209851 0.110644 0.206116 0.107143 0.197246 0.095413 0.183473 0.083508 0.171802 0.076331 0.164332 0.072829 0.151261 0.068803 0.137488 0.066352 0.132353 0.066176 0.103408 0.062150 0.058123 0.060574 0.035948 0.061625 0.004669 0.065826 0.001634 0.067227
1 0.000000 0.272059 0.000000 0.370273 0.001634 0.370273 0.008403 0.367472 0.031279 0.355217 0.042484 0.351190 0.060924 0.346289 0.067927 0.345763 0.086134 0.341912 0.101774 0.339986 0.109010 0.338060 0.132820 0.334734 0.166200 0.331933 0.178571 0.331408 0.228291 0.331583 0.255369 0.332983 0.257703 0.331583 0.254435 0.328081 0.246032 0.321954 0.244631 0.317577 0.243697 0.317927 0.236461 0.314776 0.227124 0.305847 0.221055 0.295868 0.218021 0.286765 0.216853 0.277311 0.217087 0.267332 0.215686 0.265406 0.210317 0.263655 0.186975 0.260504 0.163866 0.259629 0.074230 0.261380 0.039916 0.265231 0.004669 0.270483 0.000000 0.272059
1 0.001867 0.372899 0.000000 0.373074 0.000000 0.494573 0.001401 0.494573 0.004902 0.497724 0.012372 0.500000 0.025910 0.502451 0.035714 0.505252 0.098739 0.514531 0.123716 0.516632 0.127684 0.517857 0.138889 0.518732 0.143791 0.519783 0.154995 0.519608 0.165033 0.521709 0.191176 0.524685 0.224090 0.525035 0.256769 0.521709 0.272409 0.518032 0.275910 0.516282 0.279645 0.516632 0.284314 0.513480 0.293417 0.510329 0.299020 0.507528 0.307423 0.506127 0.314426 0.501751 0.320261 0.499475 0.325630 0.495098 0.335668 0.491422 0.345938 0.484244 0.353408 0.477591 0.355976 0.474090 0.362745 0.469188 0.374416 0.452731 0.377218 0.450280 0.378852 0.446604 0.379318 0.442227 0.383754 0.426646 0.383287 0.417192 0.376751 0.400560 0.372082 0.393207 0.369514 0.391106 0.366013 0.383403 0.362745 0.380077 0.359711 0.374825 0.356676 0.372199 0.349440 0.362220 0.343021 0.358281 0.339402 0.354867 0.318861 0.346113 0.297386 0.339811 0.281979 0.336835 0.268908 0.335959 0.256769 0.333333 0.231092 0.332108 0.194678 0.332283 0.188375 0.331758 0.147059 0.333683 0.130486 0.335609 0.116713 0.338235 0.105976 0.339111 0.088235 0.342087 0.074230 0.345588 0.063959 0.346464 0.053455 0.348564 0.036648 0.353641 0.027077 0.357493 0.014706 0.365021 0.004435 0.369748 0.001867 0.372899
1 0.001634 0.597689 0.000000 0.597689 0.000000 0.721639 0.005369 0.723214 0.022176 0.726190 0.030345 0.726541 0.039449 0.728641 0.046218 0.729342 0.067694 0.730742 0.074697 0.730567 0.081699 0.731443 0.109944 0.731092 0.112278 0.730392 0.123016 0.731092 0.137255 0.730567 0.192110 0.727591 0.200980 0.725840 0.210084 0.725315 0.232960 0.711660 0.245098 0.705882 0.275910 0.695728 0.310691 0.685749 0.324463 0.680672 0.333333 0.675245 0.339636 0.668417 0.345938 0.663690 0.353875 0.654412 0.356443 0.647584 0.353875 0.645833 0.345005 0.644258 0.324697 0.637255 0.309757 0.628326 0.303221 0.623074 0.297386 0.616246 0.290850 0.603466 0.288749 0.595588 0.287815 0.585259 0.289216 0.572479 0.291550 0.565126 0.294351 0.560749 0.296919 0.549895 0.292951 0.546919 0.283147 0.544468 0.257470 0.542192 0.241130 0.542367 0.213819 0.544468 0.165733 0.550245 0.128385 0.557773 0.105509 0.560749 0.071195 0.567927 0.064192 0.570378 0.060458 0.570553 0.039449 0.577206 0.005602 0.593838 0.001634 0.597689
1 0.000000 0.498074 0.000000 0.594013 0.002101 0.593838 0.007703 0.590511 0.034781 0.578256 0.053221 0.571954 0.073296 0.566877 0.077965 0.566352 0.103408 0.560049 0.126984 0.556898 0.129785 0.555847 0.133754 0.555672 0.157796 0.550595 0.172269 0.549020 0.182073 0.547094 0.212885 0.543417 0.229692 0.542542 0.240663 0.541141 0.255369 0.540966 0.269141 0.541842 0.274276 0.539566 0.280579 0.529412 0.280112 0.526961 0.281979 0.518908 0.279645 0.517682 0.265406 0.520308 0.254902 0.523284 0.244631 0.523985 0.241130 0.524860 0.216153 0.525910 0.188375 0.525035 0.167134 0.522759 0.158497 0.521008 0.143791 0.520483 0.123016 0.517682 0.112512 0.517157 0.074463 0.511380 0.057890 0.509804 0.047619 0.507528 0.031979 0.505252 0.022642 0.502451 0.011438 0.500700 0.001867 0.498074 0.000000 0.498074
0 0.289449 0.584734 0.289916 0.593662 0.294118 0.607668 0.300187 0.617647 0.305556 0.623249 0.314426 0.630252 0.329599 0.637080 0.338235 0.639006 0.342437 0.641106 0.376050 0.647584 0.411298 0.650385 0.439309 0.650910 0.442110 0.650035 0.447246 0.650560 0.464052 0.650210 0.473389 0.649685 0.485528 0.647759 0.508870 0.648109 0.519141 0.649160 0.522176 0.648109 0.526611 0.648284 0.528945 0.647584 0.553922 0.647584 0.567460 0.644958 0.578431 0.641282 0.588702 0.639531 0.612979 0.627101 0.616246 0.626050 0.619748 0.622899 0.630019 0.617822 0.648693 0.604867 0.658497 0.595413 0.665033 0.591036 0.678805 0.577206 0.686041 0.568102 0.693044 0.555672 0.697246 0.543242 0.698880 0.530112 0.697246 0.515581 0.692577 0.505427 0.687208 0.498775 0.677638 0.481443 0.665500 0.466562 0.651027 0.459734 0.630019 0.452556 0.612745 0.449580 0.608077 0.449930 0.603875 0.448880 0.587768 0.448004 0.537115 0.450980 0.478291 0.457633 0.467087 0.460959 0.425303 0.470063 0.397526 0.478291 0.390056 0.481793 0.387488 0.484069 0.383287 0.485644 0.377684 0.489321 0.369981 0.492297 0.364379 0.495623 0.355976 0.498599 0.347806 0.504202 0.338936 0.508228 0.332166 0.512430 0.316760 0.524860 0.299720 0.548845 0.290616 0.575630 0.289449 0.584734
1 0.694678 0.470588 0.697012 0.484244 0.699813 0.486695 0.701214 0.492122 0.706349 0.496674 0.717554 0.502976 0.727358 0.507003 0.772876 0.518382 0.809524 0.521709 0.828898 0.521183 0.834500 0.521884 0.894958 0.521709 0.919234 0.519783 0.960084 0.515231 0.981092 0.511905 0.988095 0.509279 0.992297 0.508578 0.994398 0.507353 0.999767 0.506303 0.999767 0.340511 0.993931 0.339636 0.952848 0.343137 0.930672 0.346113 0.907796 0.347689 0.894024 0.350140 0.876284 0.352066 0.860411 0.355392 0.855742 0.357668 0.839169 0.359594 0.824930 0.362920 0.809524 0.367822 0.807190 0.367997 0.796452 0.371849 0.793417 0.372199 0.783380 0.375875 0.776611 0.379902 0.772409 0.380777 0.745098 0.396183 0.734127 0.404587 0.729925 0.408789 0.725724 0.411415 0.721989 0.415791 0.718721 0.418242 0.707049 0.432248 0.702848 0.438550 0.699113 0.445903 0.697012 0.452556 0.695145 0.463761 0.694678 0.470588
1 0.378151 0.456933 0.380019 0.462185 0.380252 0.473564 0.382353 0.480742 0.383754 0.482318 0.397526 0.478116 0.403361 0.475140 0.411298 0.473389 0.422269 0.469713 0.429038 0.468487 0.433473 0.466912 0.443044 0.465686 0.476891 0.456933 0.480859 0.456758 0.489963 0.454657 0.529178 0.451331 0.553455 0.448529 0.564659 0.448704 0.580999 0.447129 0.598273 0.448004 0.605275 0.447304 0.609244 0.447829 0.612745 0.449055 0.627218 0.451155 0.636555 0.453782 0.640990 0.454307 0.647059 0.457808 0.654995 0.460259 0.661298 0.464111 0.665033 0.465511 0.668534 0.468137 0.670635 0.471814 0.679272 0.482143 0.684174 0.489146 0.688609 0.498249 0.692577 0.502801 0.696312 0.502801 0.702614 0.498424 0.700280 0.494048 0.696312 0.489496 0.693277 0.473214 0.694444 0.457283 0.697479 0.446954 0.704482 0.433123 0.708917 0.427346 0.721755 0.412640 0.728291 0.408088 0.740196 0.397584 0.740896 0.393908 0.738329 0.389881 0.721055 0.376050 0.706116 0.365371 0.698413 0.360994 0.679038 0.353641 0.657330 0.347689 0.623716 0.343137 0.611345 0.342612 0.595005 0.342962 0.575163 0.345063 0.560691 0.347689 0.550654 0.350490 0.527544 0.358368 0.469655 0.387255 0.442577 0.397059 0.434174 0.401261 0.430205 0.402486 0.421102 0.408088 0.415266 0.410539 0.396825 0.422794 0.388189 0.430847 0.383520 0.439951 0.378618 0.453782 0.378151 0.456933
1 0.693277 0.348915 0.694911 0.355567 0.697946 0.359244 0.706349 0.363445 0.709150 0.366246 0.739029 0.388305 0.745098 0.393908 0.752101 0.390931 0.765640 0.382878 0.794118 0.370623 0.809057 0.366947 0.825163 0.361695 0.834500 0.359944 0.838469 0.358543 0.855976 0.356092 0.862512 0.353992 0.866246 0.353817 0.885854 0.349615 0.897759 0.348915 0.908730 0.346639 0.928805 0.345238 0.952848 0.342262 0.984360 0.339986 0.999767 0.336660 0.999767 0.243172 0.996499 0.242472 0.985061 0.236169 0.980859 0.235644 0.978291 0.237570 0.975724 0.241772 0.971522 0.245273 0.969188 0.248424 0.961251 0.255427 0.955649 0.258228 0.947401 0.264589 0.936975 0.270133 0.929272 0.272759 0.919468 0.278186 0.914566 0.279412 0.908497 0.282738 0.883520 0.289391 0.876517 0.292192 0.866480 0.294818 0.828431 0.301646 0.791783 0.306373 0.771242 0.307423 0.758637 0.306373 0.735761 0.306373 0.720822 0.305147 0.713352 0.305847 0.709384 0.308473 0.702614 0.317227 0.695145 0.335434 0.693744 0.341211 0.693277 0.348915
1 0.000000 0.768032 0.000000 0.943102 0.006303 0.945028 0.016573 0.945553 0.022176 0.947129 0.043417 0.949230 0.078431 0.948704 0.110411 0.945728 0.133520 0.941702 0.142624 0.938901 0.154528 0.937500 0.166900 0.934524 0.184641 0.931373 0.209851 0.924020 0.213352 0.922094 0.215686 0.919118 0.220355 0.916667 0.228291 0.910364 0.252334 0.897759 0.281513 0.886555 0.317227 0.875875 0.319561 0.874125 0.322129 0.870273 0.325864 0.862745 0.324230 0.859069 0.310924 0.855392 0.307190 0.855217 0.296685 0.852591 0.288515 0.849265 0.274977 0.845413 0.269141 0.841912 0.262372 0.839461 0.239496 0.824405 0.222689 0.810224 0.209384 0.796569 0.200280 0.779062 0.197712 0.769083 0.197012 0.761555 0.197946 0.748950 0.198880 0.744748 0.202148 0.737570 0.200747 0.735294 0.197012 0.733368 0.192810 0.732668 0.165500 0.732843 0.157563 0.732143 0.148459 0.734069 0.126517 0.735819 0.112745 0.738796 0.088702 0.742297 0.059991 0.749475 0.040149 0.755602 0.036415 0.755952 0.029178 0.758754 0.019374 0.760679 0.000000 0.768032
0 0.198646 0.761905 0.200047 0.772409 0.203081 0.782388 0.206583 0.786590 0.208683 0.792367 0.212185 0.797444 0.225257 0.810574 0.234827 0.818627 0.241363 0.822654 0.243231 0.825455 0.251867 0.831408 0.265406 0.839811 0.277311 0.843838 0.281979 0.846113 0.306956 0.853992 0.348739 0.860994 0.368114 0.862220 0.401727 0.860294 0.428571 0.857493 0.436041 0.855392 0.449580 0.854692 0.465219 0.851541 0.484127 0.850490 0.488562 0.848389 0.498366 0.848739 0.505135 0.848039 0.555322 0.831758 0.581466 0.818627 0.585201 0.815126 0.591270 0.811625 0.597339 0.806197 0.603408 0.798845 0.607610 0.791317 0.609711 0.785014 0.612045 0.776261 0.612745 0.761730 0.616013 0.751926 0.612512 0.723915 0.610177 0.717087 0.600840 0.703081 0.588469 0.691176 0.582866 0.688025 0.574463 0.681723 0.564192 0.677521 0.561158 0.674545 0.546452 0.667017 0.533380 0.664391 0.519608 0.658438 0.509337 0.655637 0.493931 0.656338 0.491830 0.657038 0.484827 0.654237 0.471522 0.652836 0.449580 0.653536 0.436275 0.656338 0.432073 0.656513 0.429272 0.658438 0.419234 0.661765 0.414566 0.661940 0.406863 0.664216 0.401261 0.664741 0.376751 0.670343 0.373950 0.671569 0.359244 0.674545 0.355742 0.675945 0.348739 0.676996 0.343604 0.679097 0.338469 0.679447 0.307190 0.688550 0.302521 0.689251 0.244865 0.707633 0.235528 0.713060 0.231092 0.714811 0.217787 0.722864 0.213819 0.726366 0.206349 0.734244 0.204949 0.739146 0.201214 0.744398 0.199580 0.751225 0.198646 0.761905
1 0.184641 0.967262 0.186975 0.983718 0.188842 0.989146 0.194444 0.998249 0.194444 0.999825 0.633520 0.999825 0.633520 0.998249 0.637722 0.993347 0.641223 0.985469 0.642857 0.977066 0.648459 0.960784 0.648693 0.953081 0.644958 0.942927 0.637955 0.929797 0.636555 0.925070 0.628852 0.911415 0.623249 0.904587 0.619281 0.902136 0.616246 0.898284 0.595472 0.884629 0.573296 0.874125 0.566993 0.872549 0.560691 0.869573 0.556956 0.869398 0.546452 0.866772 0.526377 0.859594 0.519141 0.857843 0.507703 0.857143 0.505135 0.856268 0.477358 0.854517 0.461718 0.855217 0.456816 0.855742 0.452148 0.857318 0.440009 0.858543 0.389356 0.863095 0.376517 0.863445 0.369748 0.864496 0.346872 0.870973 0.317694 0.877101 0.276144 0.889706 0.244865 0.903361 0.231092 0.910889 0.223856 0.915791 0.212652 0.925245 0.194444 0.943277 0.186975 0.953081 0.186041 0.956933 0.184641 0.967262
1 0.708450 0.856268 0.710784 0.866246 0.715920 0.878676 0.722923 0.889006 0.728525 0.895308 0.742297 0.908263 0.751867 0.914741 0.757703 0.919818 0.763305 0.922444 0.768908 0.926471 0.786181 0.936275 0.796452 0.940826 0.824697 0.950280 0.856209 0.958508 0.883287 0.962535 0.901961 0.963936 0.907096 0.965161 0.928105 0.964636 0.931606 0.963585 0.937675 0.963060 0.953782 0.963060 0.970121 0.959734 0.974556 0.959559 0.994631 0.956057 0.997432 0.953081 0.997432 0.949405 0.999767 0.947304 0.999767 0.830007 0.998133 0.830007 0.996032 0.828081 0.973389 0.818803 0.953081 0.806373 0.942344 0.797794 0.933473 0.788690 0.921802 0.785714 0.908263 0.784139 0.866013 0.783438 0.817694 0.786239 0.778945 0.790966 0.767274 0.793067 0.751401 0.797619 0.739963 0.802171 0.723856 0.813200 0.719888 0.817577 0.718487 0.824930 0.716853 0.825630 0.712418 0.831232 0.709384 0.838761 0.708450 0.844013 0.708450 0.856268
1 0.604575 0.702381 0.605275 0.706408 0.609244 0.710259 0.609711 0.713410 0.612745 0.719538 0.616013 0.723915 0.616713 0.727766 0.621148 0.734244 0.630486 0.738971 0.633520 0.741947 0.637488 0.743172 0.647759 0.749300 0.653828 0.751050 0.666900 0.760504 0.667834 0.762080 0.671802 0.764181 0.679505 0.770483 0.682073 0.774160 0.687442 0.779062 0.689542 0.782913 0.696078 0.789566 0.721989 0.797619 0.739029 0.799720 0.750934 0.796744 0.765640 0.792017 0.775910 0.789741 0.786415 0.789216 0.806256 0.786590 0.863912 0.782563 0.911998 0.782738 0.918768 0.781513 0.922736 0.779062 0.924837 0.775910 0.918301 0.755077 0.917367 0.748775 0.918067 0.733894 0.924603 0.718838 0.932306 0.709559 0.944211 0.698704 0.960317 0.689076 0.975023 0.683473 0.976424 0.682248 0.976657 0.678571 0.971289 0.669643 0.965920 0.664916 0.963819 0.660889 0.959617 0.657913 0.957049 0.653711 0.951681 0.650735 0.949346 0.647234 0.946545 0.646183 0.941176 0.641982 0.927638 0.634279 0.918301 0.631303 0.901961 0.627976 0.887722 0.627276 0.872782 0.627626 0.832400 0.632353 0.747899 0.640406 0.730626 0.643207 0.723856 0.645133 0.720121 0.647409 0.717087 0.654412 0.714753 0.656162 0.704015 0.659839 0.700280 0.663165 0.687442 0.670343 0.679038 0.672619 0.674603 0.672794 0.664099 0.674720 0.657330 0.676821 0.647292 0.678571 0.622782 0.684699 0.619748 0.684699 0.611345 0.688200 0.607843 0.691877 0.606676 0.694328 0.604575 0.702381
1 0.918301 0.750175 0.921102 0.761905 0.927638 0.776085 0.939309 0.792542 0.951447 0.803922 0.961018 0.810749 0.977124 0.819328 0.990663 0.824930 0.998133 0.827556 0.999767 0.827556 0.999767 0.678922 0.994398 0.678922 0.990196 0.679797 0.974090 0.684699 0.962652 0.689076 0.952848 0.694153 0.941410 0.702031 0.934407 0.708158 0.926704 0.717087 0.922736 0.724090 0.918534 0.737395 0.918301 0.750175
1 0.957049 0.610644 0.958217 0.616597 0.961018 0.622899 0.964286 0.627276 0.968954 0.636204 0.984127 0.654587 0.991363 0.660364 0.998133 0.664041 0.999767 0.664041 0.999767 0.549020 0.998133 0.549020 0.996499 0.551471 0.980859 0.565476 0.966387 0.580532 0.960551 0.589286 0.957283 0.601366 0.957049 0.610644
1 0.700980 0.536765 0.696078 0.553746 0.697946 0.556898 0.701914 0.560924 0.709851 0.566001 0.721989 0.578606 0.725957 0.584209 0.728758 0.590861 0.735294 0.610469 0.737162 0.612045 0.741363 0.612920 0.789683 0.617997 0.794585 0.617472 0.809524 0.619223 0.845472 0.620273 0.860177 0.619748 0.865780 0.619223 0.868814 0.618172 0.877451 0.617822 0.901727 0.612045 0.915266 0.607318 0.919468 0.605042 0.928338 0.602416 0.949346 0.591211 0.955182 0.586660 0.960551 0.584209 0.974090 0.570903 0.989496 0.553922 0.992530 0.543417 0.992530 0.528011 0.987162 0.515581 0.985994 0.514006 0.983660 0.512955 0.980392 0.512780 0.957750 0.516282 0.929038 0.519608 0.897526 0.522584 0.868814 0.523284 0.860177 0.522584 0.823996 0.522234 0.814309 0.522934 0.800654 0.522409 0.768674 0.518557 0.751634 0.513655 0.730626 0.509629 0.717320 0.504377 0.714286 0.504027 0.707283 0.501576 0.706349 0.501576 0.705649 0.503151 0.701447 0.505252 0.700980 0.508403 0.700980 0.536765
1 0.700747 0.827906 0.697246 0.835959 0.685341 0.853992 0.678338 0.862045 0.669234 0.875175 0.664099 0.879377 0.653828 0.885679 0.637021 0.892157 0.619748 0.897234 0.629085 0.908438 0.636555 0.921218 0.639823 0.929622 0.642157 0.932598 0.644258 0.939076 0.649393 0.947829 0.650794 0.954132 0.651727 0.954832 0.654295 0.955182 0.659197 0.951331 0.681606 0.940126 0.706349 0.933123 0.725957 0.930497 0.760037 0.929797 0.767507 0.928746 0.767274 0.925245 0.756303 0.919643 0.751634 0.915091 0.746732 0.912465 0.730392 0.898634 0.723156 0.890406 0.715219 0.878852 0.708217 0.862920 0.706583 0.853641 0.706349 0.845238 0.708683 0.833158 0.711018 0.826856 0.713819 0.824580 0.721989 0.812500 0.724556 0.810049 0.722456 0.807773 0.713819 0.805847 0.703081 0.805847 0.701914 0.806723 0.700747 0.827906
1 0.117180 0.946078 0.117880 0.949580 0.132586 0.954132 0.136555 0.956408 0.152661 0.962885 0.162932 0.968312 0.168067 0.972164 0.182306 0.978291 0.183240 0.977241 0.183007 0.964286 0.185107 0.955007 0.191410 0.944328 0.207516 0.928571 0.206583 0.927346 0.202848 0.927171 0.195145 0.928922 0.189076 0.929447 0.173203 0.934174 0.120682 0.945028 0.117180 0.946078
1 0.569561 0.116422 0.577264 0.134104 0.580999 0.139356 0.584967 0.141106 0.614379 0.121499 0.633287 0.110819 0.646359 0.104167 0.661298 0.098214 0.669468 0.094013 0.706116 0.081583 0.709851 0.079482 0.717554 0.076856 0.738329 0.070728 0.778011 0.060574 0.776377 0.060574 0.768908 0.057948 0.740663 0.053221 0.729458 0.050070 0.706816 0.041317 0.694678 0.037465 0.692577 0.036064 0.675070 0.030812 0.664332 0.028887 0.657563 0.028887 0.625584 0.035189 0.617647 0.037990 0.609711 0.042192 0.591737 0.055497 0.583567 0.064076 0.573063 0.078256 0.570495 0.083508 0.568394 0.090861 0.569561 0.116422
1 0.891223 0.088235 0.900794 0.093838 0.911298 0.098389 0.921335 0.101366 0.930906 0.105742 0.939542 0.108368 0.950514 0.114846 0.964286 0.125000 0.975490 0.135329 0.989262 0.153186 0.993231 0.162115 0.996965 0.175070 0.997199 0.192752 0.995098 0.199580 0.994398 0.210259 0.992997 0.214286 0.990896 0.219888 0.985994 0.227416 0.982960 0.230567 0.982493 0.234244 0.998366 0.241947 0.999767 0.241947 0.999767 0.115546 0.997899 0.115371 0.993231 0.109769 0.985761 0.103291 0.971522 0.094013 0.958683 0.087185 0.946078 0.082458 0.927871 0.078606 0.903828 0.079832 0.897526 0.081057 0.889823 0.084209 0.891223 0.088235
1 0.600373 0.310749 0.614146 0.323179 0.620915 0.332283 0.624883 0.339461 0.628618 0.341912 0.644258 0.344188 0.661531 0.347689 0.672969 0.350490 0.692577 0.356793 0.693744 0.356092 0.693277 0.346289 0.695612 0.331933 0.703782 0.315651 0.711018 0.307248 0.708917 0.305322 0.703315 0.303396 0.697946 0.303046 0.685808 0.300070 0.679272 0.299545 0.671802 0.297969 0.659430 0.293592 0.632586 0.280987 0.625817 0.275910 0.616246 0.272059 0.612745 0.275210 0.609244 0.282913 0.607610 0.289916 0.607376 0.293592 0.608310 0.296569 0.607376 0.298845 0.605742 0.301296 0.602474 0.303922 0.600607 0.307248 0.600373 0.310749
1 0.551354 0.189776 0.553455 0.192927 0.574463 0.206583 0.578431 0.207983 0.579832 0.206583 0.580532 0.192752 0.584034 0.185049 0.590803 0.177346 0.602474 0.168592 0.609477 0.161765 0.612045 0.159839 0.630019 0.151085 0.664332 0.137430 0.685341 0.130777 0.709851 0.121324 0.720355 0.118347 0.738095 0.111870 0.743464 0.110644 0.751867 0.106793 0.767740 0.101190 0.782913 0.096814 0.789683 0.095938 0.807423 0.091387 0.810691 0.091737 0.827965 0.087535 0.832400 0.087360 0.869981 0.089636 0.880019 0.092437 0.890756 0.092437 0.891690 0.091912 0.887488 0.085259 0.883053 0.081583 0.879785 0.077206 0.859477 0.063550 0.845238 0.057773 0.828898 0.056197 0.801120 0.057248 0.779879 0.060574 0.743931 0.069328 0.717787 0.077031 0.670168 0.094188 0.647526 0.103817 0.612745 0.122549 0.584734 0.142507 0.577731 0.149510 0.567227 0.161064 0.554155 0.182248 0.551354 0.188375 0.551354 0.189776
1 0.615313 0.751576 0.616480 0.754202 0.614146 0.758754 0.617880 0.761204 0.618347 0.762255 0.614146 0.765931 0.612745 0.768382 0.612512 0.778011 0.609244 0.790266 0.606676 0.795343 0.599907 0.804447 0.595938 0.808298 0.578198 0.821604 0.557423 0.831933 0.545285 0.836660 0.537115 0.838761 0.532680 0.840861 0.520775 0.843838 0.511905 0.847689 0.509104 0.847864 0.506536 0.848915 0.507470 0.852416 0.508637 0.853291 0.510504 0.853116 0.516807 0.855742 0.543184 0.863270 0.550887 0.864671 0.555089 0.865896 0.557190 0.867297 0.564192 0.868347 0.569795 0.870273 0.592904 0.881653 0.601774 0.886555 0.613212 0.894608 0.619748 0.897409 0.623249 0.895308 0.644024 0.889706 0.651961 0.886204 0.660831 0.881303 0.669001 0.874650 0.695378 0.838585 0.700047 0.824755 0.700514 0.813375 0.699580 0.804097 0.696312 0.794993 0.690943 0.786415 0.679038 0.772234 0.659197 0.756653 0.650794 0.751576 0.644491 0.749650 0.639045 0.746615 0.637021 0.744573 0.633053 0.743522 0.620682 0.736695 0.618814 0.736345 0.616480 0.737045 0.615313 0.751576
1 0.644491 0.981793 0.636788 0.998074 0.636788 0.999825 0.966620 0.999825 0.966620 0.998249 0.963119 0.994398 0.943978 0.984944 0.929272 0.978992 0.907096 0.967962 0.900794 0.965861 0.890756 0.964986 0.872782 0.961660 0.862979 0.960609 0.845472 0.957108 0.800420 0.943978 0.795985 0.941352 0.785481 0.937325 0.775910 0.932073 0.768908 0.930672 0.724556 0.931548 0.708917 0.933824 0.686041 0.939776 0.672269 0.946078 0.660831 0.952731 0.655929 0.956408 0.652661 0.960259 0.647526 0.971639 0.644491 0.981793
1 0.000000 0.945203 0.000000 0.999825 0.191410 0.999825 0.190009 0.994748 0.185808 0.986345 0.182306 0.980742 0.178571 0.977766 0.172035 0.974965 0.150794 0.962360 0.127451 0.953431 0.105976 0.947829 0.078431 0.949755 0.041083 0.949405 0.027544 0.948529 0.002334 0.945203 0.000000 0.945203
1 0.689076 0.564076 0.684641 0.572304 0.675303 0.581232 0.669935 0.588060 0.660364 0.595413 0.652428 0.603116 0.640289 0.611870 0.615313 0.627626 0.590103 0.639531 0.584734 0.641282 0.581232 0.641632 0.573063 0.644783 0.552521 0.648810 0.539449 0.648985 0.532446 0.648284 0.515406 0.649860 0.509337 0.651085 0.510971 0.652136 0.511905 0.654237 0.517740 0.655287 0.531513 0.661590 0.548086 0.665791 0.570495 0.677346 0.585201 0.687675 0.591737 0.690126 0.604108 0.687850 0.618114 0.683473 0.633520 0.681197 0.656396 0.675595 0.668534 0.673669 0.680439 0.670343 0.687208 0.668242 0.709150 0.657213 0.710784 0.655112 0.717320 0.650210 0.722456 0.644433 0.723389 0.640231 0.731793 0.626401 0.733894 0.616597 0.732960 0.605742 0.728058 0.591737 0.721055 0.578431 0.712652 0.569678 0.698880 0.559524 0.696312 0.558123 0.692810 0.559174 0.689076 0.564076
1 0.366713 0.654412 0.369048 0.656863 0.372549 0.663690 0.379552 0.666317 0.383754 0.666492 0.393791 0.663165 0.397759 0.663340 0.401727 0.661940 0.436508 0.654412 0.442577 0.651436 0.446779 0.650910 0.443744 0.650560 0.439076 0.648810 0.436975 0.650210 0.428571 0.651786 0.416667 0.651961 0.406162 0.650910 0.401494 0.651085 0.397759 0.649685 0.394491 0.650735 0.386088 0.651436 0.380019 0.649685 0.373016 0.649160 0.369748 0.649510 0.367647 0.651961 0.366713 0.654412
1 0.000000 0.723214 0.000000 0.766632 0.005369 0.765581 0.014939 0.762080 0.032680 0.757878 0.061158 0.748775 0.065826 0.748249 0.074930 0.745448 0.093137 0.741422 0.101774 0.740546 0.106676 0.738971 0.116480 0.737745 0.121615 0.736169 0.136555 0.734244 0.140289 0.731968 0.144258 0.731968 0.147059 0.730917 0.134687 0.730742 0.123716 0.732318 0.119748 0.732143 0.116480 0.730742 0.113212 0.731443 0.083100 0.731793 0.074930 0.731092 0.062792 0.731268 0.019374 0.726366 0.001634 0.723214 0.000000 0.723214
1 0.910131 0.966912 0.914099 0.970413 0.925303 0.976541 0.962185 0.993172 0.966387 0.996674 0.968487 0.999825 0.999767 0.999825 0.999767 0.956758 0.994631 0.956933 0.951681 0.963761 0.935574 0.963936 0.911531 0.965861 0.910131 0.966912
1 0.354575 0.366422 0.374183 0.391807 0.377918 0.400735 0.382820 0.409489 0.384921 0.415091 0.386555 0.425245 0.387722 0.426296 0.390523 0.425770 0.397292 0.421919 0.409430 0.413340 0.430906 0.401611 0.484127 0.380252 0.498133 0.373249 0.501867 0.370623 0.518908 0.362745 0.529412 0.356618 0.543884 0.352241 0.546452 0.352066 0.550654 0.349615 0.560691 0.347864 0.571895 0.344888 0.598273 0.341912 0.606443 0.341737 0.612278 0.342437 0.621849 0.341912 0.622316 0.338060 0.616947 0.327906 0.614613 0.325805 0.610644 0.319853 0.602007 0.313025 0.598739 0.311625 0.595472 0.311450 0.591970 0.313550 0.586134 0.318978 0.581699 0.320903 0.580065 0.322829 0.575163 0.325980 0.568861 0.328081 0.559757 0.332808 0.551120 0.336134 0.491597 0.351366 0.463352 0.355392 0.459851 0.356618 0.438142 0.359069 0.418301 0.362220 0.408030 0.362745 0.404995 0.363796 0.387488 0.363971 0.356909 0.362045 0.352941 0.362570 0.354575 0.366422