0 0.579657 0.491363 0.580882 0.494398 0.580182 0.509104 0.583508 0.535714 0.584734 0.540149 0.590336 0.577965 0.603116 0.637955 0.613971 0.671102 0.614671 0.678805 0.629202 0.716620 0.634804 0.725957 0.640056 0.736695 0.645483 0.744865 0.650035 0.749533 0.651085 0.751867 0.657388 0.758870 0.667717 0.767040 0.671569 0.771242 0.684874 0.780112 0.696779 0.785247 0.713936 0.787348 0.738095 0.786648 0.755077 0.784781 0.766282 0.782680 0.777661 0.778945 0.779762 0.777778 0.792017 0.765406 0.799370 0.753968 0.805147 0.748133 0.818978 0.724323 0.823004 0.712885 0.825980 0.696078 0.827556 0.678805 0.826506 0.647526 0.824930 0.619981 0.822129 0.596172 0.817927 0.581466 0.816352 0.570962 0.812500 0.557656 0.812325 0.553688 0.808298 0.533147 0.794468 0.492997 0.789566 0.483193 0.783263 0.466153 0.779762 0.459384 0.756653 0.418067 0.752626 0.412465 0.748424 0.408263 0.745973 0.403361 0.741246 0.397993 0.735819 0.395191 0.725490 0.387021 0.696604 0.375117 0.679272 0.371382 0.670693 0.371148 0.650910 0.373249 0.641807 0.375584 0.625350 0.383520 0.623424 0.385854 0.618347 0.388889 0.616772 0.390523 0.615896 0.393557 0.611169 0.397526 0.601541 0.411531 0.600490 0.414799 0.597514 0.418301 0.591036 0.430906 0.584384 0.450747 0.582458 0.459851 0.580182 0.478525 0.579657 0.491363
1 0.345588 0.011671 0.345063 0.014472 0.344013 0.015640 0.346464 0.025677 0.346289 0.036881 0.350140 0.063725 0.355742 0.087535 0.367472 0.122782 0.384454 0.158030 0.391457 0.169701 0.400385 0.187442 0.409489 0.201447 0.414566 0.207750 0.417367 0.210084 0.429097 0.215453 0.445203 0.224790 0.449230 0.228525 0.456408 0.233193 0.458683 0.236228 0.467437 0.243464 0.471989 0.249066 0.481793 0.258170 0.486345 0.264472 0.492647 0.271008 0.507003 0.292250 0.513305 0.304388 0.521884 0.309057 0.525910 0.310458 0.540966 0.311391 0.546744 0.310924 0.560924 0.306022 0.571779 0.296218 0.578081 0.292250 0.583333 0.286181 0.588936 0.275677 0.591387 0.265640 0.596289 0.254902 0.598915 0.244865 0.599265 0.234127 0.598039 0.227358 0.597864 0.196078 0.595763 0.157796 0.593662 0.147059 0.584734 0.111578 0.582808 0.100607 0.581057 0.095472 0.571779 0.056256 0.559874 0.022176 0.556022 0.013539 0.549545 0.002801 0.548845 0.000000 0.344888 0.000000 0.345588 0.011671
0 0.209909 0.345472 0.210959 0.356209 0.211485 0.359244 0.213761 0.364613 0.215511 0.373249 0.217962 0.380019 0.220588 0.383053 0.222339 0.389122 0.230567 0.404295 0.237745 0.413866 0.242297 0.416900 0.246148 0.421802 0.258578 0.431139 0.288515 0.449580 0.306723 0.458217 0.310749 0.459150 0.313901 0.461485 0.318803 0.461951 0.324580 0.464753 0.338585 0.465920 0.351015 0.468254 0.373249 0.467320 0.386204 0.465453 0.405462 0.461018 0.419818 0.455882 0.425245 0.454949 0.445903 0.445145 0.452031 0.443511 0.463060 0.437442 0.474965 0.429505 0.483193 0.422035 0.494223 0.408030 0.496499 0.403595 0.497899 0.397292 0.501751 0.393557 0.506127 0.384687 0.509279 0.376284 0.509454 0.372782 0.510679 0.369281 0.512780 0.366246 0.521608 0.363930 0.521262 0.353322 0.515034 0.348710 0.517682 0.338469 0.515581 0.331466 0.515231 0.324230 0.513480 0.314426 0.509104 0.300887 0.502626 0.288282 0.491246 0.272176 0.478817 0.258170 0.470763 0.251167 0.457458 0.237628 0.453606 0.235294 0.449580 0.230859 0.441176 0.224556 0.414391 0.210551 0.398284 0.204482 0.385504 0.202848 0.369748 0.198880 0.360644 0.198179 0.347339 0.198413 0.334734 0.200280 0.313550 0.206116 0.285539 0.221522 0.267682 0.235994 0.257878 0.246265 0.236695 0.271942 0.233543 0.276144 0.231092 0.281746 0.224440 0.290850 0.222164 0.295285 0.214636 0.316060 0.210784 0.331933 0.209909 0.345472
1 0.235119 0.622549 0.235994 0.630019 0.238445 0.637255 0.240721 0.640523 0.244748 0.649393 0.254727 0.665266 0.266106 0.678805 0.278711 0.689076 0.286064 0.693978 0.291141 0.695845 0.298144 0.700047 0.307073 0.703315 0.327731 0.707750 0.351891 0.708217 0.372899 0.703315 0.394433 0.693744 0.406513 0.686041 0.409664 0.681839 0.415791 0.678805 0.423494 0.672269 0.429447 0.666433 0.433648 0.659897 0.441527 0.653361 0.444678 0.649160 0.448880 0.640523 0.453957 0.633053 0.464111 0.621615 0.472339 0.610411 0.474790 0.605509 0.477941 0.602241 0.485294 0.584967 0.485469 0.581466 0.476190 0.556723 0.462185 0.528245 0.459909 0.524977 0.456232 0.517040 0.452031 0.512138 0.434524 0.481092 0.427171 0.470121 0.425245 0.461718 0.423845 0.459150 0.421394 0.458217 0.401611 0.464753 0.393732 0.465920 0.387080 0.468487 0.373424 0.470355 0.344538 0.470355 0.328431 0.468021 0.318277 0.464753 0.314951 0.464753 0.311450 0.466853 0.308824 0.470588 0.298144 0.480626 0.282738 0.497199 0.269958 0.513539 0.258403 0.533147 0.250350 0.550187 0.248424 0.558590 0.242647 0.573996 0.235819 0.605509 0.235119 0.622549
1 0.597864 0.109244 0.599090 0.126050 0.599090 0.137722 0.600140 0.146125 0.599965 0.151261 0.601366 0.157096 0.600315 0.164799 0.600840 0.206349 0.602766 0.210084 0.603641 0.214519 0.603641 0.218954 0.602416 0.223389 0.602066 0.228291 0.603466 0.248133 0.605217 0.254435 0.604867 0.258637 0.612220 0.310458 0.613971 0.315359 0.614146 0.317927 0.617997 0.327498 0.618347 0.334967 0.622549 0.345472 0.624475 0.347339 0.625700 0.352241 0.632353 0.366480 0.637255 0.371849 0.639881 0.373249 0.654062 0.368581 0.657913 0.368581 0.661239 0.367414 0.668417 0.368347 0.676120 0.367647 0.685399 0.368814 0.697654 0.373249 0.705357 0.374650 0.712535 0.377918 0.717787 0.376984 0.727591 0.370448 0.735119 0.363212 0.741947 0.354108 0.746499 0.345005 0.755777 0.331699 0.762255 0.319328 0.769958 0.301120 0.777136 0.279412 0.781338 0.259337 0.784139 0.251401 0.786765 0.237862 0.787640 0.226891 0.789916 0.212185 0.791842 0.154762 0.791317 0.119281 0.790266 0.110177 0.786415 0.092437 0.784314 0.088235 0.784139 0.084967 0.777661 0.063025 0.774160 0.047386 0.770833 0.039683 0.769608 0.032913 0.762080 0.011671 0.759454 0.007236 0.754552 0.001634 0.754552 0.000000 0.623775 0.000000 0.623074 0.002568 0.619573 0.004202 0.617472 0.009804 0.612745 0.017974 0.610294 0.025677 0.610119 0.029879 0.607668 0.039216 0.608193 0.043884 0.607493 0.046218 0.605742 0.047619 0.604517 0.050187 0.604342 0.060924 0.601891 0.066993 0.600315 0.079132 0.599965 0.088469 0.598389 0.095005 0.597864 0.109244
1 0.750350 0.404295 0.754377 0.411064 0.758228 0.415733 0.762080 0.424370 0.767332 0.433007 0.769083 0.437675 0.770833 0.439542 0.775735 0.449346 0.781338 0.457750 0.786064 0.466853 0.786765 0.470121 0.792717 0.485061 0.794468 0.487862 0.797969 0.498599 0.804097 0.511905 0.810924 0.533380 0.814251 0.553221 0.816176 0.556956 0.816702 0.563959 0.822829 0.588936 0.824580 0.593838 0.826155 0.595472 0.848039 0.597806 0.868697 0.596639 0.887080 0.592904 0.909664 0.585668 0.924895 0.576797 0.937675 0.570962 0.958508 0.556022 0.968487 0.542717 0.980217 0.528945 0.996674 0.513305 0.999825 0.511204 0.999825 0.290850 0.998249 0.290850 0.995448 0.288982 0.987395 0.288049 0.983718 0.286181 0.942227 0.277778 0.938375 0.277778 0.935574 0.278478 0.932948 0.280345 0.908438 0.284314 0.887080 0.289449 0.864146 0.300187 0.849965 0.309057 0.841912 0.313025 0.819503 0.327965 0.817752 0.330999 0.813375 0.333100 0.807423 0.338936 0.803046 0.341970 0.796043 0.349907 0.787640 0.356209 0.779412 0.365780 0.773459 0.370682 0.766106 0.379318 0.761380 0.383520 0.750175 0.398226 0.750350 0.404295
1 0.795868 0.144491 0.794818 0.154295 0.794293 0.179038 0.793592 0.181839 0.792717 0.206349 0.791492 0.213352 0.791141 0.220822 0.787465 0.248366 0.780462 0.275444 0.769433 0.307656 0.757703 0.332400 0.750175 0.345005 0.737220 0.363912 0.722864 0.380019 0.724265 0.383520 0.737745 0.392624 0.744573 0.396125 0.747899 0.395191 0.751576 0.391923 0.756127 0.384687 0.765756 0.376751 0.783789 0.357376 0.794643 0.348973 0.811975 0.332166 0.822829 0.323296 0.832458 0.316993 0.856268 0.303688 0.864321 0.298086 0.890406 0.285714 0.897059 0.284547 0.904412 0.281746 0.917542 0.279412 0.921919 0.276844 0.932248 0.275910 0.930672 0.272642 0.904412 0.257236 0.881478 0.236228 0.866422 0.219188 0.857843 0.207983 0.847164 0.189542 0.842087 0.179038 0.836660 0.172269 0.828431 0.152894 0.823004 0.144258 0.814251 0.126984 0.810399 0.122316 0.807423 0.121148 0.806373 0.121615 0.803746 0.128852 0.801296 0.131419 0.800770 0.133520 0.798319 0.135387 0.795518 0.140523 0.795868 0.144491
1 0.774160 0.008870 0.776786 0.025677 0.779762 0.039216 0.785889 0.059757 0.793943 0.082400 0.806548 0.109244 0.812500 0.118347 0.821779 0.136788 0.827206 0.144491 0.827731 0.147526 0.834209 0.162232 0.838410 0.167834 0.844713 0.178805 0.846989 0.185574 0.853817 0.196545 0.854867 0.199346 0.869748 0.220355 0.884804 0.237862 0.897584 0.248366 0.900735 0.251867 0.907913 0.256536 0.911415 0.257470 0.917367 0.262372 0.923669 0.266106 0.956758 0.278245 0.990896 0.284314 0.999825 0.283613 0.999825 0.000000 0.774510 0.000000 0.774160 0.008870
1 0.428746 0.465920 0.430322 0.470121 0.440651 0.488562 0.459384 0.519141 0.479692 0.560924 0.481968 0.564426 0.484419 0.571195 0.491772 0.586368 0.494748 0.595472 0.503676 0.611111 0.507178 0.619514 0.528361 0.651961 0.531338 0.654528 0.535714 0.661298 0.544643 0.670168 0.549020 0.675770 0.557948 0.683707 0.561275 0.687908 0.570203 0.694444 0.588060 0.704482 0.595238 0.707516 0.606092 0.708450 0.611870 0.706583 0.620098 0.706349 0.620273 0.702848 0.618522 0.692810 0.612570 0.677404 0.610994 0.668067 0.602066 0.641690 0.600490 0.632120 0.594538 0.606443 0.590336 0.582166 0.587535 0.570962 0.583158 0.538749 0.580707 0.527077 0.578957 0.511438 0.578256 0.495098 0.578606 0.483660 0.581232 0.460317 0.584209 0.446312 0.587885 0.434641 0.597339 0.416200 0.598039 0.411298 0.596639 0.409430 0.586134 0.402894 0.578431 0.399627 0.567927 0.393557 0.547094 0.385621 0.533263 0.382353 0.522934 0.381186 0.515231 0.382820 0.511555 0.384921 0.505252 0.390523 0.497374 0.406629 0.491947 0.414799 0.478466 0.428805 0.472339 0.433707 0.463410 0.438609 0.456583 0.443511 0.433123 0.453548 0.429797 0.457049 0.428571 0.460084 0.428746 0.465920
1 0.825805 0.619981 0.826681 0.623016 0.827031 0.637255 0.827906 0.640289 0.827906 0.658030 0.828957 0.661298 0.828606 0.679038 0.829132 0.686741 0.824580 0.713352 0.820903 0.725023 0.814951 0.737628 0.814951 0.741130 0.817577 0.744865 0.827906 0.754202 0.835084 0.758870 0.841912 0.766106 0.849790 0.771242 0.868172 0.787115 0.887255 0.798319 0.900210 0.801587 0.904762 0.804155 0.911239 0.805322 0.918943 0.803455 0.935574 0.802988 0.938550 0.801120 0.949580 0.797852 0.951506 0.796685 0.953081 0.794118 0.960609 0.793417 0.975315 0.779645 0.987745 0.765406 0.989671 0.761438 0.991597 0.759337 0.992647 0.751634 0.987570 0.744631 0.981968 0.739729 0.966737 0.718021 0.952031 0.686975 0.950980 0.682540 0.946604 0.671569 0.941352 0.651027 0.939251 0.633754 0.936450 0.626517 0.936275 0.623249 0.927871 0.611811 0.922969 0.607143 0.915266 0.597572 0.907913 0.591036 0.904062 0.590803 0.887955 0.595938 0.867822 0.599206 0.852241 0.600373 0.824755 0.598506 0.824405 0.600140 0.825805 0.619981
1 0.517157 0.321662 0.518732 0.336601 0.520308 0.339636 0.525735 0.341503 0.526786 0.344071 0.526436 0.346639 0.524860 0.348739 0.524860 0.352241 0.526786 0.359477 0.525385 0.364613 0.523109 0.366947 0.518732 0.367647 0.516106 0.369281 0.512955 0.376517 0.514356 0.378151 0.519433 0.379085 0.525560 0.377218 0.528887 0.379318 0.536940 0.380719 0.552346 0.385854 0.567577 0.391923 0.578256 0.398226 0.596113 0.406863 0.598915 0.409897 0.618873 0.386321 0.633228 0.376517 0.633754 0.373249 0.620273 0.346872 0.612920 0.323996 0.607143 0.296452 0.602416 0.269141 0.602416 0.264706 0.600840 0.258403 0.598915 0.255836 0.595588 0.260971 0.589986 0.276611 0.583859 0.288515 0.579307 0.294118 0.571078 0.299486 0.560224 0.308123 0.552346 0.311625 0.544293 0.313259 0.529062 0.312792 0.522234 0.311391 0.515756 0.308824 0.514356 0.310458 0.517157 0.321662
1 0.942052 0.623483 0.942752 0.637488 0.946078 0.653595 0.945903 0.657796 0.949930 0.663866 0.956758 0.687675 0.959384 0.691643 0.965336 0.706349 0.968662 0.709617 0.973739 0.722456 0.976716 0.724556 0.984244 0.734360 0.984244 0.737862 0.997549 0.751634 0.999825 0.751867 0.999825 0.515406 0.998249 0.515406 0.983018 0.529178 0.963410 0.553922 0.959034 0.563259 0.955882 0.567694 0.955532 0.572129 0.950630 0.584500 0.949580 0.584734 0.945378 0.602241 0.945203 0.606909 0.944153 0.609244 0.942052 0.623483