0 0.214286 0.106268 0.218721 0.126926 0.225957 0.140756 0.228525 0.143908 0.228992 0.146008 0.236461 0.154937 0.250467 0.166141 0.258637 0.170868 0.262138 0.171569 0.266106 0.173494 0.275910 0.176296 0.286648 0.178221 0.294351 0.178221 0.303688 0.176821 0.310924 0.170518 0.313725 0.165616 0.314659 0.162115 0.323063 0.153011 0.335668 0.133578 0.339869 0.128501 0.350373 0.110294 0.354108 0.098039 0.354342 0.086485 0.352241 0.063725 0.349440 0.049720 0.338702 0.029062 0.335901 0.025385 0.322596 0.012780 0.297386 0.000000 0.268441 0.000000 0.268207 0.001751 0.261671 0.003326 0.250700 0.008053 0.248133 0.008403 0.235528 0.022234 0.232493 0.026786 0.222456 0.050245 0.220121 0.060224 0.218021 0.064251 0.214286 0.091387 0.214286 0.106268
0 0.498366 0.238095 0.499300 0.245098 0.503735 0.261555 0.508637 0.272934 0.517740 0.289391 0.521008 0.294293 0.525910 0.299195 0.536415 0.307423 0.543184 0.309874 0.547152 0.309874 0.553922 0.307773 0.563492 0.306373 0.578665 0.305847 0.588936 0.306723 0.593838 0.305497 0.603175 0.296569 0.617647 0.277661 0.619048 0.273284 0.623716 0.265406 0.631186 0.249300 0.632586 0.243522 0.639356 0.227066 0.641690 0.217437 0.641457 0.202906 0.638189 0.189251 0.630252 0.174720 0.624883 0.167542 0.618114 0.160714 0.605509 0.150910 0.598973 0.148109 0.595938 0.145658 0.581466 0.139881 0.574697 0.138305 0.566760 0.137780 0.560924 0.138305 0.543651 0.143032 0.534547 0.146359 0.528245 0.150035 0.522176 0.155987 0.514939 0.167017 0.511204 0.175420 0.505369 0.196254 0.501167 0.205882 0.499767 0.216912 0.498366 0.238095
0 0.303922 0.223564 0.304622 0.229517 0.311858 0.248074 0.311625 0.251751 0.327498 0.277486 0.341970 0.294468 0.355042 0.307598 0.366713 0.315476 0.370915 0.319153 0.375350 0.320378 0.388422 0.320378 0.408263 0.323354 0.423669 0.327556 0.442577 0.334909 0.449113 0.336660 0.463585 0.334559 0.471989 0.331232 0.479925 0.326506 0.482026 0.324580 0.485528 0.318102 0.483427 0.293417 0.478525 0.272759 0.472923 0.256127 0.465453 0.228992 0.460784 0.218137 0.450280 0.202906 0.442577 0.196078 0.428805 0.186275 0.421802 0.182773 0.413632 0.179797 0.404528 0.174370 0.387021 0.168943 0.369048 0.167192 0.352241 0.169293 0.341970 0.172094 0.334267 0.175245 0.327731 0.179097 0.318627 0.187500 0.314192 0.192752 0.309290 0.202906 0.304622 0.216387 0.303922 0.223564
0 0.659664 0.195553 0.659664 0.200455 0.661298 0.213936 0.669701 0.228817 0.677404 0.238796 0.694911 0.255952 0.708683 0.266106 0.734827 0.279587 0.748133 0.282038 0.756069 0.285189 0.778711 0.289041 0.803688 0.291492 0.821895 0.291492 0.827965 0.290966 0.841970 0.287465 0.863212 0.284139 0.875817 0.277836 0.880252 0.274160 0.884454 0.269083 0.886321 0.265581 0.886555 0.262780 0.884921 0.251050 0.877451 0.238270 0.871148 0.229867 0.860177 0.217612 0.852007 0.210084 0.846172 0.202556 0.838002 0.195378 0.831232 0.187675 0.817460 0.176471 0.802988 0.168768 0.793184 0.164741 0.779178 0.161239 0.751167 0.158088 0.744164 0.158263 0.737628 0.157038 0.722923 0.156863 0.703782 0.159489 0.689076 0.163515 0.680906 0.167717 0.671102 0.174895 0.665733 0.181898 0.665033 0.185049 0.660831 0.192402 0.659664 0.195553
0 0.500233 0.383053 0.500934 0.391106 0.508637 0.421744 0.514939 0.432248 0.524043 0.440476 0.527544 0.445028 0.543184 0.455882 0.546685 0.457283 0.551821 0.461835 0.591036 0.478641 0.609244 0.483368 0.629785 0.487045 0.636321 0.487570 0.644258 0.487045 0.651727 0.484419 0.658497 0.479167 0.662465 0.474440 0.669935 0.463410 0.676704 0.455707 0.681839 0.446254 0.684641 0.443452 0.694678 0.421919 0.695612 0.414391 0.695145 0.404237 0.693044 0.394258 0.686508 0.379027 0.679739 0.368522 0.673669 0.361169 0.666667 0.353641 0.653361 0.341562 0.642857 0.333508 0.626751 0.323354 0.623016 0.320203 0.605275 0.311625 0.595238 0.308473 0.587302 0.307423 0.567460 0.307423 0.557190 0.308648 0.541083 0.313550 0.534314 0.316352 0.525677 0.321078 0.516807 0.328081 0.508637 0.338585 0.506069 0.343312 0.502334 0.355917 0.500934 0.367997 0.500233 0.383053
0 0.326331 0.369748 0.327965 0.378326 0.336601 0.403011 0.361111 0.450455 0.368581 0.460784 0.376050 0.466562 0.382820 0.474615 0.388422 0.477591 0.398226 0.485469 0.410598 0.492472 0.418301 0.496324 0.425770 0.499125 0.431606 0.500350 0.437675 0.501050 0.445612 0.500700 0.456116 0.501401 0.467087 0.500525 0.484827 0.492647 0.491130 0.487745 0.501867 0.470413 0.507003 0.449580 0.507703 0.433648 0.505369 0.418242 0.500467 0.401961 0.496499 0.383053 0.489963 0.369573 0.484360 0.362920 0.477358 0.356618 0.470121 0.351190 0.451447 0.339986 0.421802 0.327556 0.400794 0.322654 0.380252 0.321254 0.363445 0.324055 0.356443 0.326506 0.345472 0.333859 0.336835 0.341912 0.331699 0.348214 0.327264 0.355742 0.326097 0.361345 0.326331 0.369748
0 0.178338 0.436800 0.180906 0.453782 0.185808 0.460959 0.187908 0.470238 0.190710 0.475665 0.192810 0.477591 0.194211 0.481618 0.202381 0.491947 0.217087 0.504202 0.234360 0.511204 0.244631 0.512780 0.250467 0.511204 0.269608 0.503852 0.276844 0.500175 0.288632 0.489933 0.293651 0.486520 0.301587 0.477591 0.303922 0.472689 0.312792 0.461134 0.326331 0.435924 0.330766 0.418592 0.332866 0.407388 0.332866 0.400735 0.331699 0.393908 0.326564 0.378501 0.324463 0.368522 0.321429 0.363796 0.318627 0.356092 0.309057 0.342787 0.300420 0.335784 0.289683 0.329132 0.282680 0.326856 0.273109 0.325455 0.258403 0.325630 0.235061 0.329132 0.224090 0.332458 0.219421 0.334734 0.214286 0.337710 0.211718 0.342262 0.205182 0.347164 0.195378 0.361345 0.185341 0.383578 0.180906 0.398284 0.178338 0.411239 0.178338 0.436800
0 0.697712 0.411940 0.703548 0.432073 0.709150 0.445203 0.723389 0.470238 0.735528 0.486169 0.747432 0.498775 0.763305 0.512605 0.779412 0.523810 0.794118 0.529237 0.803455 0.533964 0.814659 0.537815 0.838469 0.542717 0.854108 0.543768 0.866947 0.543242 0.877451 0.541492 0.894958 0.535714 0.904528 0.529762 0.908030 0.529237 0.911998 0.526961 0.913632 0.524685 0.916433 0.522759 0.918768 0.518908 0.920168 0.515406 0.920635 0.508578 0.913866 0.488095 0.910831 0.482143 0.909897 0.477241 0.900093 0.456583 0.895658 0.438901 0.891223 0.426120 0.880719 0.407738 0.871849 0.397059 0.859244 0.385154 0.838235 0.370448 0.834267 0.369398 0.828198 0.366246 0.813959 0.360644 0.796452 0.355567 0.792717 0.355392 0.786648 0.353641 0.780345 0.352766 0.764939 0.352241 0.759104 0.353116 0.741363 0.356618 0.728291 0.362570 0.716853 0.370623 0.714519 0.373424 0.706116 0.380077 0.700747 0.387080 0.697479 0.394958 0.697712 0.411940
0 0.519841 0.641282 0.520775 0.650910 0.528011 0.677521 0.536415 0.699055 0.542250 0.709734 0.546685 0.716036 0.549953 0.718662 0.553455 0.725490 0.564426 0.736695 0.585201 0.752101 0.591970 0.755952 0.597339 0.757003 0.611578 0.762255 0.622082 0.764881 0.632820 0.766457 0.647292 0.765581 0.656162 0.763130 0.669935 0.756303 0.676471 0.750175 0.682773 0.740721 0.691176 0.720413 0.694444 0.704482 0.694444 0.677171 0.691643 0.661239 0.686975 0.647409 0.682073 0.636905 0.669935 0.620098 0.658263 0.609069 0.649393 0.602066 0.640990 0.596989 0.635154 0.594888 0.630486 0.591912 0.623716 0.589986 0.612745 0.584559 0.599673 0.581933 0.585201 0.580007 0.580766 0.579832 0.574930 0.580882 0.559524 0.585084 0.556022 0.587360 0.553922 0.590686 0.551587 0.589986 0.550187 0.587710 0.547619 0.588410 0.545051 0.591912 0.548786 0.595063 0.547852 0.598389 0.545518 0.598564 0.543417 0.596989 0.539916 0.598214 0.528711 0.610644 0.522409 0.622899 0.520308 0.634454 0.519841 0.641282
0 0.698880 0.682248 0.699113 0.699755 0.697479 0.703081 0.694444 0.717962 0.697012 0.734594 0.700280 0.741246 0.700514 0.744573 0.703081 0.750000 0.712885 0.766457 0.722456 0.778711 0.728992 0.784314 0.744631 0.795518 0.764706 0.801996 0.772409 0.803046 0.782913 0.802696 0.785714 0.801996 0.789449 0.800420 0.791550 0.797969 0.794351 0.796744 0.796685 0.796744 0.800420 0.793242 0.801821 0.789916 0.806956 0.788340 0.812558 0.783088 0.849673 0.727241 0.858310 0.709209 0.863679 0.689251 0.863212 0.674720 0.857843 0.654412 0.851774 0.639531 0.847339 0.633053 0.837302 0.623950 0.817927 0.611870 0.812792 0.609769 0.806256 0.609244 0.803688 0.607843 0.775910 0.607318 0.765173 0.608018 0.762372 0.606968 0.761905 0.605917 0.760504 0.607668 0.754669 0.609419 0.741130 0.610994 0.725724 0.619573 0.716153 0.628852 0.708217 0.640581 0.702848 0.651786 0.697479 0.668242 0.696779 0.675070 0.698880 0.682248
0 0.381186 0.753501 0.382820 0.768382 0.389356 0.788690 0.400560 0.807073 0.419001 0.825805 0.426937 0.831583 0.441877 0.840161 0.445845 0.843312 0.460084 0.848389 0.466620 0.849090 0.469888 0.850140 0.475490 0.849965 0.480859 0.851891 0.482493 0.851541 0.487628 0.852591 0.494865 0.852766 0.501634 0.852066 0.512838 0.847689 0.517507 0.841912 0.520308 0.835084 0.522176 0.824930 0.525444 0.814601 0.529645 0.784489 0.533613 0.769083 0.542717 0.741422 0.543417 0.731092 0.542717 0.716211 0.541083 0.710434 0.523810 0.668242 0.518908 0.661590 0.513072 0.655987 0.502801 0.647759 0.491363 0.641807 0.480859 0.638130 0.462418 0.635679 0.457516 0.635854 0.440476 0.639006 0.430205 0.641632 0.422035 0.645658 0.411298 0.655287 0.406162 0.661415 0.396592 0.678221 0.390756 0.693102 0.385621 0.709909 0.383520 0.719538 0.381419 0.737220 0.381186 0.753501
0 0.219188 0.751926 0.223856 0.775735 0.237628 0.803396 0.250000 0.818452 0.253968 0.821604 0.266807 0.828431 0.272642 0.830532 0.286181 0.833683 0.300187 0.834034 0.307190 0.832808 0.310224 0.831232 0.314192 0.831583 0.316993 0.830532 0.319094 0.828957 0.321662 0.824930 0.322129 0.820553 0.323529 0.817577 0.325397 0.817052 0.327965 0.817752 0.334734 0.815651 0.345238 0.810574 0.347806 0.808648 0.361111 0.790791 0.368581 0.769258 0.373016 0.751050 0.373950 0.730917 0.372549 0.716737 0.367180 0.703431 0.355042 0.688375 0.345472 0.681197 0.331232 0.673845 0.317227 0.669643 0.307656 0.667717 0.293184 0.666842 0.282446 0.668067 0.275910 0.669293 0.265173 0.672794 0.251867 0.678746 0.250934 0.680147 0.247199 0.681898 0.238095 0.689426 0.230626 0.698704 0.223623 0.710434 0.221522 0.716912 0.219655 0.730392 0.219188 0.751926
0 0.134687 0.887255 0.137955 0.904762 0.141923 0.915441 0.151727 0.928746 0.160831 0.937500 0.168768 0.943627 0.183707 0.950980 0.196545 0.954132 0.209851 0.955357 0.224090 0.955357 0.228291 0.956232 0.253268 0.951331 0.267740 0.946779 0.268908 0.946954 0.295985 0.931022 0.302754 0.925420 0.312558 0.908789 0.315126 0.902136 0.315593 0.897234 0.310691 0.880252 0.309524 0.869573 0.306489 0.866246 0.304855 0.861345 0.298786 0.854517 0.292250 0.848389 0.267740 0.830532 0.258637 0.826331 0.248133 0.819853 0.224323 0.813025 0.202614 0.812325 0.191643 0.813375 0.182773 0.815651 0.175070 0.818803 0.164099 0.826155 0.155929 0.833508 0.149860 0.840336 0.143091 0.850140 0.140056 0.855917 0.136321 0.866772 0.135154 0.877801 0.134687 0.887255
0 0.310691 0.862745 0.311858 0.877101 0.314659 0.890231 0.321195 0.907738 0.327731 0.918592 0.338936 0.928221 0.341270 0.932248 0.347339 0.934874 0.352241 0.938025 0.359244 0.940651 0.362278 0.942752 0.371849 0.946078 0.390056 0.948004 0.404295 0.946954 0.416667 0.942927 0.428805 0.936450 0.432073 0.935574 0.436975 0.932423 0.448179 0.922269 0.451214 0.918242 0.457283 0.906162 0.461018 0.889706 0.461951 0.882178 0.462185 0.863445 0.458450 0.851716 0.456349 0.848739 0.437208 0.839111 0.417600 0.825805 0.401027 0.809524 0.380952 0.806723 0.366013 0.807073 0.359010 0.809174 0.352941 0.809699 0.348506 0.811099 0.326797 0.820378 0.324463 0.820728 0.323763 0.824580 0.316993 0.833333 0.311391 0.855392 0.310691 0.862745
0 0.803455 0.796919 0.809524 0.817402 0.817227 0.832108 0.827031 0.846289 0.842670 0.859419 0.853175 0.866246 0.859010 0.868522 0.862745 0.871324 0.869514 0.872549 0.874883 0.874475 0.882586 0.875525 0.885387 0.875000 0.893791 0.870973 0.901261 0.866071 0.908497 0.863796 0.914332 0.858894 0.917834 0.857318 0.947479 0.834909 0.949813 0.833859 0.963819 0.822129 0.977358 0.805672 0.983193 0.793592 0.987162 0.772934 0.987162 0.758578 0.983193 0.742122 0.982960 0.737570 0.975724 0.727591 0.975490 0.723915 0.967787 0.711660 0.960317 0.702906 0.943044 0.690126 0.932540 0.685749 0.927638 0.686275 0.925070 0.685049 0.922969 0.685574 0.920635 0.683648 0.921335 0.682248 0.919468 0.681723 0.907096 0.681723 0.900560 0.682598 0.893091 0.681548 0.887021 0.682248 0.871615 0.685749 0.866246 0.688375 0.864613 0.690126 0.862745 0.695553 0.860177 0.707283 0.854575 0.720413 0.849907 0.728641 0.829132 0.758578 0.818861 0.776436 0.811625 0.785364 0.806723 0.789916 0.804622 0.793417 0.803455 0.796919
1 0.137021 0.113796 0.141457 0.136905 0.150794 0.154762 0.157330 0.161064 0.164799 0.165966 0.173436 0.159314 0.178805 0.156162 0.194911 0.151611 0.201214 0.149335 0.202381 0.147934 0.201447 0.144083 0.194911 0.134629 0.192577 0.126926 0.188842 0.119398 0.185574 0.109244 0.181606 0.088761 0.180906 0.071604 0.181606 0.060049 0.187675 0.033438 0.190710 0.025385 0.193511 0.022584 0.192577 0.020658 0.188375 0.020308 0.178571 0.021884 0.168301 0.026961 0.161298 0.033263 0.154762 0.041667 0.146592 0.057773 0.142390 0.068102 0.137255 0.099615 0.137021 0.113796
1 0.182073 0.088585 0.185574 0.109419 0.195845 0.136905 0.205415 0.149335 0.209851 0.153011 0.213352 0.153011 0.229225 0.147409 0.228525 0.143732 0.219655 0.128676 0.215219 0.113445 0.214052 0.101366 0.215219 0.081408 0.222222 0.049720 0.228058 0.038340 0.233660 0.024685 0.241363 0.016457 0.243931 0.012255 0.243931 0.008578 0.242997 0.007878 0.234594 0.005252 0.223156 0.005602 0.210084 0.008578 0.202381 0.013130 0.195378 0.019783 0.190009 0.029237 0.185107 0.043943 0.181839 0.060749 0.182073 0.088585
1 0.325163 0.012080 0.325397 0.015581 0.336601 0.025735 0.348273 0.045168 0.350607 0.053571 0.354108 0.074405 0.355042 0.090336 0.353875 0.101716 0.350373 0.111169 0.343604 0.123249 0.342904 0.127101 0.344538 0.127976 0.347339 0.127976 0.351774 0.126926 0.361111 0.126401 0.380019 0.128151 0.395814 0.133695 0.408497 0.143207 0.418301 0.153011 0.421335 0.151961 0.422969 0.150385 0.425303 0.144783 0.429038 0.130077 0.435341 0.085084 0.435574 0.070903 0.433940 0.064601 0.427404 0.050070 0.415500 0.033964 0.405696 0.025035 0.390289 0.014531 0.373716 0.007178 0.355509 0.004202 0.341970 0.005252 0.330766 0.008578 0.325163 0.012080
1 0.417834 0.032913 0.417834 0.036239 0.422269 0.041141 0.430205 0.053922 0.435341 0.067227 0.436275 0.074755 0.434174 0.101015 0.428805 0.133228 0.429038 0.140406 0.432073 0.144958 0.446312 0.148284 0.449580 0.147059 0.457283 0.139881 0.466853 0.134629 0.472923 0.132178 0.479925 0.130427 0.491363 0.128852 0.495565 0.123775 0.499066 0.116422 0.503735 0.098915 0.504669 0.069328 0.503268 0.057073 0.497899 0.042542 0.489029 0.030462 0.485294 0.027486 0.470588 0.020658 0.466853 0.019608 0.457983 0.018732 0.446779 0.019433 0.437908 0.021534 0.432773 0.023810 0.428571 0.024335 0.423436 0.027836 0.417834 0.032913
1 0.491130 0.029587 0.492297 0.033088 0.497899 0.041141 0.503735 0.055147 0.505836 0.070203 0.505836 0.082458 0.504202 0.099090 0.499533 0.115721 0.497432 0.119398 0.495098 0.126751 0.497432 0.128676 0.501401 0.129552 0.516807 0.130777 0.532913 0.127626 0.542484 0.121674 0.548086 0.116597 0.552288 0.110469 0.556956 0.099615 0.560924 0.096989 0.564192 0.091912 0.568161 0.081758 0.570962 0.067577 0.571195 0.059874 0.568861 0.043943 0.565359 0.036765 0.557656 0.027136 0.550654 0.021709 0.536415 0.016457 0.530112 0.016282 0.525910 0.015056 0.508170 0.018207 0.500233 0.022059 0.491830 0.028536 0.491130 0.029587
1 0.119981 0.192227 0.123016 0.213130 0.121148 0.230567 0.120915 0.250700 0.132820 0.270658 0.136321 0.273634 0.141223 0.275735 0.144024 0.275210 0.144491 0.272059 0.141457 0.263480 0.138889 0.251926 0.138189 0.242822 0.138889 0.228992 0.142624 0.210784 0.150327 0.188025 0.153828 0.181022 0.161298 0.171744 0.162932 0.168592 0.161998 0.166141 0.151961 0.157388 0.150794 0.156863 0.147526 0.157213 0.139356 0.160364 0.133287 0.164216 0.125584 0.172969 0.122549 0.180322 0.119981 0.192227
1 0.158730 0.248599 0.161298 0.262430 0.167134 0.276961 0.169001 0.279412 0.171102 0.286415 0.176704 0.293417 0.188842 0.303571 0.203315 0.310749 0.206116 0.305497 0.205415 0.292717 0.206583 0.282738 0.209617 0.273459 0.215453 0.264881 0.224090 0.257178 0.234127 0.251225 0.242297 0.247374 0.258637 0.244048 0.264939 0.243347 0.273576 0.243522 0.293184 0.245973 0.296685 0.245798 0.297152 0.230042 0.294818 0.216387 0.296919 0.210609 0.298319 0.195553 0.299953 0.192752 0.299720 0.188025 0.300654 0.185399 0.299486 0.181548 0.295285 0.179972 0.279645 0.179097 0.271942 0.177171 0.257470 0.171394 0.243464 0.163165 0.242063 0.160889 0.236695 0.156688 0.234827 0.153711 0.230626 0.150910 0.227124 0.150385 0.220355 0.151436 0.217554 0.153011 0.211718 0.154587 0.200047 0.163165 0.194211 0.168417 0.189542 0.175420 0.183007 0.182248 0.177871 0.189076 0.177404 0.191352 0.175303 0.193978 0.169234 0.206408 0.169001 0.213410 0.164799 0.217437 0.159197 0.241071 0.158730 0.248599
1 0.138655 0.243873 0.141223 0.261555 0.146125 0.270308 0.149627 0.279412 0.161298 0.293592 0.169234 0.292192 0.172736 0.290266 0.172969 0.289391 0.166667 0.276261 0.160598 0.258929 0.160598 0.254377 0.158964 0.247724 0.159197 0.237220 0.164332 0.219363 0.167834 0.213410 0.167834 0.209909 0.170168 0.202731 0.174837 0.193627 0.178571 0.187500 0.195378 0.165966 0.201914 0.160189 0.208683 0.156338 0.209617 0.154412 0.206349 0.151611 0.203315 0.150910 0.196545 0.151611 0.185341 0.154412 0.175303 0.158438 0.164566 0.167017 0.162465 0.170343 0.157796 0.175070 0.154295 0.179447 0.150327 0.187850 0.144725 0.203256 0.140289 0.220763 0.138889 0.232843 0.138655 0.243873
1 0.437442 0.189251 0.438842 0.191527 0.451214 0.202556 0.454949 0.207458 0.461251 0.217612 0.465219 0.226366 0.469188 0.237395 0.475490 0.262080 0.478291 0.269608 0.484360 0.294643 0.487862 0.296218 0.494865 0.293592 0.511905 0.289741 0.513305 0.286765 0.512605 0.283088 0.509804 0.279412 0.504669 0.266106 0.498599 0.243873 0.497432 0.236345 0.498366 0.221113 0.501401 0.206408 0.507003 0.191527 0.510504 0.176821 0.513305 0.169293 0.524276 0.153361 0.529645 0.148459 0.533380 0.146884 0.535247 0.143908 0.531513 0.140406 0.527311 0.137955 0.513072 0.132528 0.506303 0.130952 0.494164 0.129377 0.480859 0.130602 0.470588 0.133578 0.457516 0.140756 0.451914 0.146183 0.447012 0.152836 0.440476 0.168768 0.437675 0.184874 0.437442 0.189251
1 0.600140 0.143908 0.601541 0.147409 0.606209 0.149685 0.610644 0.154412 0.618114 0.159489 0.630486 0.174020 0.638889 0.188901 0.642157 0.202906 0.642857 0.213936 0.641223 0.223915 0.639356 0.227066 0.635854 0.239671 0.630486 0.251926 0.630019 0.255077 0.626517 0.259104 0.626284 0.262605 0.624183 0.268557 0.624183 0.272409 0.626751 0.273634 0.631886 0.271709 0.647993 0.270133 0.661765 0.271008 0.668067 0.272234 0.675070 0.274860 0.696078 0.280462 0.701681 0.275910 0.706349 0.269258 0.706816 0.265406 0.703315 0.263480 0.698179 0.258578 0.695845 0.257528 0.689309 0.250875 0.681839 0.244923 0.669001 0.229167 0.661531 0.213060 0.660364 0.205532 0.660598 0.195553 0.664099 0.185224 0.667600 0.178396 0.675537 0.171043 0.690009 0.162815 0.695845 0.161415 0.706349 0.160539 0.707283 0.157738 0.704248 0.153887 0.698646 0.149685 0.677171 0.138831 0.668301 0.134979 0.654762 0.132178 0.642390 0.130952 0.630019 0.132528 0.619748 0.135504 0.602241 0.142857 0.600140 0.143908
1 0.297619 0.220763 0.300420 0.228291 0.302521 0.225490 0.305789 0.209209 0.307656 0.206408 0.309524 0.200805 0.316760 0.188901 0.324697 0.181197 0.331699 0.176296 0.349440 0.169468 0.359244 0.167367 0.370682 0.166667 0.387021 0.168592 0.400794 0.173319 0.404995 0.174020 0.413165 0.178746 0.419701 0.181022 0.425070 0.183999 0.428805 0.184874 0.429505 0.181548 0.428571 0.175595 0.422502 0.160889 0.411765 0.147059 0.403128 0.138831 0.394024 0.132703 0.379785 0.128676 0.359244 0.126751 0.341970 0.129727 0.338235 0.132878 0.332866 0.139706 0.325163 0.151611 0.316993 0.161765 0.311858 0.171569 0.308123 0.175420 0.300187 0.199930 0.298086 0.213410 0.297619 0.220763
1 0.742997 0.155112 0.744631 0.157388 0.753735 0.157563 0.782913 0.161590 0.790850 0.163690 0.798553 0.166492 0.813259 0.173494 0.818394 0.176471 0.824463 0.181373 0.827965 0.182423 0.838936 0.170693 0.850373 0.160889 0.856443 0.157563 0.859244 0.154412 0.854108 0.145308 0.849440 0.140056 0.841036 0.132178 0.831466 0.125350 0.826097 0.122199 0.817694 0.118697 0.803688 0.116071 0.796452 0.116422 0.782913 0.118697 0.771709 0.122024 0.767274 0.124125 0.751867 0.136905 0.746732 0.143908 0.743464 0.150910 0.742997 0.155112
1 0.832166 0.182073 0.832166 0.185924 0.833567 0.189076 0.845705 0.200805 0.855742 0.213410 0.872082 0.230042 0.875117 0.235994 0.877218 0.237745 0.880719 0.242997 0.886788 0.255077 0.887488 0.262955 0.885621 0.268382 0.880019 0.275035 0.872549 0.279412 0.871615 0.281688 0.871382 0.282913 0.873249 0.286415 0.876517 0.289741 0.889823 0.297619 0.903595 0.303571 0.932306 0.310924 0.953782 0.310749 0.977358 0.307773 0.984360 0.304447 0.994865 0.297444 0.997666 0.293417 0.999767 0.292892 0.999767 0.206758 0.997899 0.206583 0.996732 0.203431 0.993231 0.199930 0.991130 0.196254 0.986228 0.193277 0.977591 0.184349 0.970588 0.178922 0.956816 0.169993 0.932540 0.159139 0.922502 0.153887 0.908030 0.150560 0.894258 0.149335 0.890990 0.149335 0.887722 0.150385 0.876517 0.150560 0.865079 0.154412 0.855509 0.160364 0.852007 0.161064 0.850840 0.162640 0.841970 0.168943 0.838002 0.173494 0.834967 0.175595 0.832166 0.182073
1 0.869981 0.150385 0.882820 0.148985 0.902194 0.149335 0.908030 0.150035 0.920868 0.153361 0.939076 0.162115 0.949813 0.166317 0.968487 0.177346 0.982726 0.188901 0.986928 0.193277 0.993464 0.198354 0.994398 0.200105 0.998133 0.202556 0.999767 0.202556 0.999767 0.137605 0.985994 0.124125 0.977824 0.118697 0.963819 0.111169 0.955182 0.107843 0.943511 0.104867 0.929739 0.103466 0.921569 0.104167 0.910364 0.106968 0.894258 0.115021 0.881419 0.124300 0.872549 0.133403 0.869981 0.141982 0.869981 0.150385
1 0.595938 0.307073 0.597106 0.308123 0.609244 0.312500 0.620915 0.318452 0.637722 0.329307 0.646125 0.335784 0.671569 0.358193 0.680205 0.368347 0.686975 0.377976 0.692577 0.392157 0.695845 0.393557 0.698646 0.388130 0.705182 0.379377 0.720588 0.366597 0.729458 0.360819 0.734360 0.358543 0.737162 0.355917 0.737628 0.345063 0.735528 0.331408 0.732493 0.321429 0.728058 0.312500 0.718721 0.299720 0.706349 0.289041 0.700047 0.284489 0.687908 0.279062 0.665266 0.272409 0.659430 0.271534 0.647292 0.270833 0.637021 0.272584 0.630252 0.274860 0.624883 0.277661 0.620215 0.278887 0.616947 0.281338 0.604575 0.297269 0.597339 0.304097 0.595938 0.307073
1 0.677871 0.456583 0.678805 0.457983 0.682073 0.458683 0.689076 0.458158 0.700047 0.454307 0.703315 0.451155 0.706349 0.445903 0.706349 0.441877 0.703081 0.433999 0.701214 0.432073 0.699580 0.425420 0.696078 0.421744 0.693978 0.428221 0.689076 0.435924 0.687908 0.439951 0.678338 0.453957 0.677871 0.456583
1 0.460784 0.341912 0.462418 0.342962 0.463119 0.345238 0.476657 0.354692 0.485528 0.362395 0.494865 0.377101 0.497666 0.380252 0.498133 0.383053 0.500000 0.376050 0.500700 0.359069 0.503968 0.346814 0.507937 0.339111 0.513305 0.331057 0.520075 0.324405 0.529412 0.318102 0.540850 0.314076 0.541550 0.310749 0.532213 0.305322 0.524043 0.298669 0.518908 0.292892 0.515640 0.291842 0.504669 0.292717 0.489729 0.296919 0.487395 0.297969 0.485528 0.299895 0.486928 0.318102 0.483894 0.325805 0.478992 0.330007 0.468254 0.334909 0.461018 0.341036 0.460784 0.341912
1 0.739262 0.352591 0.741130 0.355217 0.752101 0.353992 0.761671 0.351716 0.776611 0.351541 0.799486 0.355392 0.821195 0.362220 0.836134 0.368522 0.841270 0.371499 0.861811 0.386204 0.869514 0.394433 0.874416 0.398459 0.879085 0.404762 0.880719 0.405462 0.883520 0.404237 0.888189 0.397584 0.891457 0.387780 0.895191 0.380602 0.898226 0.354517 0.897292 0.325455 0.894258 0.314076 0.886321 0.300420 0.868347 0.285014 0.866246 0.284314 0.862512 0.284664 0.855742 0.286415 0.831466 0.290616 0.827965 0.291842 0.822362 0.292192 0.802054 0.291842 0.775677 0.289216 0.755369 0.286064 0.751634 0.286415 0.746965 0.292192 0.742297 0.300595 0.739729 0.306898 0.735994 0.322129 0.739262 0.352591
1 0.896359 0.314426 0.899160 0.327906 0.899860 0.344713 0.898926 0.361169 0.896825 0.373074 0.897059 0.381653 0.901961 0.393908 0.905929 0.397409 0.909897 0.403536 0.924370 0.415791 0.928338 0.415966 0.941643 0.392332 0.954949 0.375000 0.961951 0.367647 0.972923 0.358018 0.978525 0.354517 0.998133 0.346113 0.999767 0.346113 0.999767 0.297444 0.998133 0.297444 0.994865 0.299020 0.985528 0.305497 0.979458 0.308298 0.968021 0.310399 0.947712 0.311800 0.931839 0.311450 0.921335 0.309874 0.912932 0.307248 0.900794 0.304622 0.898926 0.305497 0.896592 0.310399 0.896359 0.314426
1 0.922035 0.465861 0.924603 0.484244 0.931373 0.499125 0.942810 0.513831 0.948179 0.519083 0.955415 0.523109 0.959150 0.526261 0.963119 0.527836 0.967087 0.530637 0.970588 0.531688 0.974090 0.534314 0.977824 0.535539 0.980859 0.537640 0.994631 0.540616 0.999767 0.540441 0.999767 0.348039 0.994631 0.348739 0.980859 0.353641 0.974090 0.357843 0.960317 0.369923 0.948646 0.383754 0.939309 0.397409 0.932306 0.411590 0.926471 0.428571 0.923436 0.441877 0.922269 0.451856 0.922035 0.465861
1 0.823063 0.575280 0.826797 0.588060 0.832633 0.599090 0.837768 0.606618 0.844071 0.613620 0.859244 0.627976 0.861111 0.627801 0.861382 0.628551 0.867081 0.631477 0.874579 0.631927 0.880252 0.634279 0.890289 0.636029 0.897526 0.636380 0.903361 0.633228 0.905696 0.632528 0.907796 0.632878 0.911998 0.631303 0.914799 0.629377 0.919935 0.620098 0.926937 0.612745 0.933240 0.607843 0.950280 0.602066 0.954015 0.594013 0.960084 0.584559 0.965453 0.571429 0.970822 0.551646 0.973389 0.536239 0.969421 0.532388 0.947012 0.519608 0.940476 0.513480 0.931139 0.501401 0.923669 0.487570 0.921802 0.473564 0.919001 0.470588 0.919935 0.459384 0.917134 0.453256 0.915966 0.452381 0.904528 0.449230 0.900794 0.452381 0.900794 0.453782 0.902661 0.456583 0.903361 0.461660 0.906396 0.468312 0.910831 0.473915 0.911064 0.477766 0.913632 0.482493 0.914332 0.487920 0.919468 0.499300 0.920635 0.504902 0.921569 0.515581 0.913866 0.525910 0.892157 0.537465 0.869748 0.543417 0.854809 0.544468 0.839636 0.543242 0.825630 0.541141 0.823763 0.541317 0.821429 0.542717 0.823063 0.575280
1 0.655462 0.505252 0.658730 0.516982 0.660598 0.554097 0.669234 0.575455 0.680906 0.594188 0.695612 0.610469 0.716153 0.624825 0.716853 0.625175 0.721289 0.622374 0.737162 0.611520 0.747666 0.608718 0.751634 0.606268 0.763072 0.603641 0.779879 0.596113 0.782680 0.594188 0.808824 0.599440 0.813959 0.602241 0.817694 0.601541 0.819094 0.596113 0.819795 0.585259 0.819561 0.546919 0.818161 0.540616 0.790850 0.528536 0.784314 0.526611 0.778478 0.523810 0.760037 0.510854 0.740430 0.492997 0.732960 0.484419 0.722456 0.470238 0.719655 0.464461 0.716853 0.460959 0.712652 0.460784 0.707750 0.461660 0.692344 0.466387 0.665966 0.482318 0.662232 0.485994 0.655696 0.501576 0.655462 0.505252
1 0.490896 0.522759 0.492297 0.532388 0.494631 0.540441 0.501634 0.554097 0.513305 0.571604 0.517740 0.576856 0.527778 0.587885 0.537115 0.595938 0.538749 0.596464 0.541550 0.596113 0.544118 0.592437 0.566060 0.581933 0.571895 0.580007 0.579599 0.579132 0.588002 0.579307 0.609711 0.582633 0.614613 0.584209 0.625584 0.589636 0.630952 0.591036 0.640523 0.595763 0.644024 0.593312 0.647759 0.588410 0.651261 0.581232 0.653828 0.573704 0.656863 0.559699 0.658263 0.557423 0.657796 0.522409 0.655929 0.510154 0.653128 0.504202 0.644024 0.493697 0.638889 0.488971 0.636788 0.488095 0.612745 0.485119 0.593604 0.480217 0.571895 0.471989 0.557423 0.464986 0.554155 0.464286 0.550187 0.464461 0.539683 0.466737 0.529178 0.471113 0.521864 0.476599 0.508170 0.484944 0.502334 0.492472 0.498599 0.494748 0.492764 0.508228 0.491363 0.514881 0.490896 0.522759
1 0.339169 0.522409 0.339869 0.539916 0.342904 0.553221 0.348273 0.567577 0.351541 0.570903 0.353875 0.575980 0.356443 0.578081 0.359244 0.585259 0.362045 0.587710 0.368581 0.597164 0.383053 0.613796 0.387255 0.616947 0.392624 0.619573 0.397059 0.623249 0.410831 0.631303 0.417834 0.634629 0.421569 0.635154 0.427638 0.638305 0.430906 0.639181 0.435574 0.639006 0.444911 0.634804 0.449813 0.635679 0.455415 0.634629 0.463585 0.634454 0.484594 0.637605 0.490896 0.633754 0.494164 0.629377 0.500467 0.624650 0.505135 0.617297 0.507003 0.612220 0.507703 0.593312 0.505602 0.565651 0.492297 0.539741 0.491363 0.535189 0.483193 0.523810 0.474090 0.515231 0.456116 0.502976 0.443277 0.501576 0.436741 0.502101 0.428805 0.500875 0.411531 0.494223 0.400794 0.488095 0.392857 0.486169 0.387722 0.487395 0.373950 0.488971 0.369748 0.490196 0.362745 0.494048 0.345005 0.508754 0.342204 0.512605 0.340803 0.516807 0.339169 0.522409
1 0.231092 0.539916 0.236928 0.553396 0.247199 0.565651 0.258637 0.574755 0.280112 0.581758 0.287348 0.583158 0.293962 0.583158 0.299720 0.584384 0.321195 0.583333 0.335434 0.581758 0.345938 0.579132 0.348273 0.577906 0.350373 0.574405 0.349907 0.571078 0.341970 0.553571 0.341270 0.546218 0.339169 0.538340 0.338469 0.525735 0.341503 0.514706 0.348273 0.504027 0.357143 0.499125 0.361345 0.494223 0.366246 0.492472 0.370215 0.489671 0.376517 0.487920 0.380252 0.488095 0.383520 0.487045 0.388889 0.486520 0.391690 0.484419 0.390289 0.481092 0.387021 0.478116 0.380252 0.475140 0.370215 0.475315 0.349206 0.478817 0.331466 0.484419 0.318394 0.487220 0.309057 0.491422 0.302521 0.493347 0.300187 0.494923 0.279412 0.500700 0.270542 0.505077 0.260037 0.508403 0.247199 0.514181 0.236928 0.522584 0.231559 0.529587 0.231092 0.539916
1 0.207049 0.314251 0.213352 0.331408 0.216853 0.335434 0.222923 0.331933 0.229458 0.329482 0.244398 0.326681 0.261438 0.324755 0.276377 0.324930 0.282913 0.326155 0.290850 0.329132 0.299253 0.333859 0.306022 0.339111 0.311391 0.344538 0.317694 0.353291 0.320261 0.355567 0.321195 0.357843 0.324463 0.358193 0.332400 0.344888 0.342904 0.333683 0.353641 0.326331 0.362979 0.321954 0.366480 0.321078 0.363445 0.318803 0.361111 0.313901 0.346872 0.300945 0.333567 0.287115 0.326331 0.277836 0.311858 0.256478 0.308357 0.254377 0.298319 0.250350 0.275910 0.244223 0.261671 0.244573 0.244398 0.247549 0.237628 0.250175 0.220355 0.261380 0.215686 0.265231 0.209851 0.274510 0.206583 0.285714 0.207049 0.314251
1 0.109477 0.328431 0.111345 0.347339 0.117880 0.373775 0.121615 0.380077 0.121849 0.383228 0.124416 0.389531 0.126517 0.394083 0.129785 0.396534 0.132353 0.400910 0.139589 0.407738 0.151027 0.412815 0.153361 0.411239 0.150327 0.408438 0.144258 0.397409 0.142157 0.395658 0.139122 0.390756 0.137255 0.384104 0.132586 0.376926 0.128852 0.367122 0.126284 0.359419 0.124650 0.342787 0.125350 0.330182 0.126751 0.323354 0.131653 0.313901 0.135854 0.308473 0.144258 0.301471 0.159664 0.296744 0.158030 0.289741 0.150560 0.281863 0.147526 0.280462 0.143791 0.280112 0.127684 0.285189 0.120682 0.289391 0.116480 0.293242 0.114379 0.297094 0.111345 0.307248 0.109944 0.318277 0.109477 0.328431
1 0.125117 0.342262 0.126984 0.359419 0.131653 0.373775 0.138189 0.385679 0.139356 0.389881 0.144024 0.397759 0.149160 0.403887 0.151727 0.408526 0.151727 0.411415 0.159197 0.418242 0.175303 0.429797 0.176471 0.428746 0.177171 0.425770 0.178338 0.407388 0.180439 0.397584 0.187908 0.375525 0.197712 0.355742 0.200747 0.352766 0.204715 0.346464 0.211951 0.340861 0.214286 0.337885 0.214519 0.334909 0.211951 0.331232 0.207750 0.320028 0.205649 0.317577 0.204482 0.314426 0.199813 0.312500 0.193744 0.311099 0.191176 0.307248 0.188842 0.306373 0.187208 0.303922 0.182306 0.300595 0.178805 0.296744 0.171802 0.293417 0.167834 0.294118 0.147993 0.300070 0.138189 0.306373 0.132120 0.313375 0.127918 0.321429 0.126050 0.327556 0.125350 0.335784 0.125117 0.342262
1 0.914566 0.640231 0.915266 0.647584 0.930906 0.680847 0.936508 0.683824 0.938609 0.685924 0.942110 0.687325 0.961951 0.703431 0.968721 0.711310 0.981326 0.732318 0.989729 0.738796 0.994865 0.741071 0.998133 0.743697 0.999767 0.743697 0.999767 0.605042 0.975023 0.601541 0.959617 0.601716 0.953081 0.602416 0.935808 0.609419 0.928571 0.613445 0.919468 0.623775 0.915500 0.633403 0.914566 0.640231
1 0.985994 0.539041 0.980859 0.537990 0.977358 0.536415 0.977358 0.539741 0.978992 0.542892 0.979925 0.549895 0.985994 0.564251 0.988095 0.571954 0.993464 0.582283 0.996032 0.584909 0.998133 0.588761 0.999767 0.588761 0.999767 0.540616 0.985994 0.539041
1 0.119048 0.470588 0.122316 0.481092 0.130019 0.501576 0.133287 0.508228 0.137021 0.512430 0.150093 0.487920 0.160131 0.472339 0.169935 0.459384 0.178338 0.450805 0.178805 0.445728 0.176937 0.432423 0.161531 0.420518 0.158263 0.419643 0.154295 0.420343 0.134687 0.428746 0.126284 0.435049 0.122782 0.439426 0.119748 0.445903 0.118347 0.453606 0.119048 0.470588
1 0.136321 0.537815 0.137488 0.550595 0.144958 0.567577 0.150093 0.575105 0.160598 0.585084 0.166433 0.589111 0.179272 0.595763 0.188842 0.597864 0.193744 0.598039 0.203081 0.596639 0.209384 0.594538 0.215686 0.591211 0.224323 0.584734 0.226891 0.583683 0.235994 0.574755 0.241130 0.571078 0.243231 0.567752 0.243464 0.564076 0.242063 0.560574 0.236461 0.553922 0.232726 0.546744 0.230392 0.539916 0.230159 0.532738 0.232260 0.525910 0.239963 0.518908 0.242297 0.515756 0.241597 0.512780 0.240663 0.512080 0.232726 0.510679 0.222222 0.506478 0.216853 0.503326 0.203782 0.492822 0.193744 0.480567 0.186508 0.467612 0.182306 0.457108 0.178805 0.451856 0.175070 0.454657 0.164799 0.466562 0.150560 0.488270 0.140289 0.508929 0.138189 0.515056 0.136555 0.524685 0.136321 0.537815
1 0.231793 0.582108 0.239963 0.619748 0.241830 0.623074 0.246265 0.626576 0.258870 0.632003 0.266106 0.637605 0.273810 0.646183 0.282213 0.663340 0.286181 0.665266 0.289449 0.664916 0.292717 0.661415 0.288749 0.652486 0.286415 0.640756 0.286181 0.633578 0.288515 0.623074 0.292717 0.617297 0.297152 0.614321 0.299720 0.610119 0.301354 0.609244 0.299486 0.605917 0.300187 0.603116 0.303688 0.604692 0.311158 0.601541 0.317694 0.600140 0.328431 0.595063 0.335201 0.593312 0.341270 0.592612 0.352474 0.593137 0.355509 0.591912 0.359244 0.592962 0.359944 0.592087 0.359244 0.588936 0.356209 0.586485 0.352241 0.581232 0.349673 0.580532 0.342204 0.581057 0.335434 0.582458 0.307890 0.584734 0.300420 0.583158 0.296218 0.584559 0.279412 0.581758 0.271942 0.579657 0.268908 0.577731 0.262605 0.576155 0.255135 0.572479 0.248133 0.566877 0.244865 0.566352 0.242063 0.570728 0.234360 0.577731 0.231793 0.582108
1 0.287348 0.644083 0.293417 0.663690 0.300187 0.666667 0.310924 0.667542 0.324463 0.670693 0.339636 0.676821 0.353408 0.685574 0.366947 0.701155 0.371615 0.710084 0.373950 0.719888 0.375117 0.734244 0.376751 0.736695 0.379318 0.735994 0.380719 0.733193 0.382820 0.716912 0.385387 0.705882 0.388889 0.694678 0.395658 0.677871 0.406162 0.659489 0.424136 0.640756 0.422736 0.637080 0.417367 0.635679 0.407563 0.630952 0.387021 0.617647 0.381419 0.613095 0.370448 0.600665 0.366013 0.596989 0.344538 0.594013 0.338469 0.594013 0.327731 0.595938 0.308123 0.604517 0.303221 0.608894 0.300187 0.609944 0.296919 0.614321 0.291317 0.619398 0.287115 0.632353 0.287348 0.644083
1 0.302754 0.477416 0.304622 0.481092 0.307190 0.483193 0.314659 0.486870 0.328198 0.484069 0.343838 0.478641 0.364379 0.474790 0.375584 0.473915 0.377918 0.472164 0.378385 0.470238 0.376751 0.467787 0.366947 0.458859 0.359944 0.449055 0.342437 0.413515 0.338936 0.409664 0.336134 0.407913 0.334967 0.405812 0.327498 0.435399 0.321662 0.446779 0.317460 0.452906 0.312092 0.464111 0.303688 0.473915 0.302754 0.477416
1 0.508170 0.440476 0.507236 0.450105 0.503735 0.463761 0.503501 0.467787 0.504435 0.470063 0.508403 0.471814 0.511905 0.471989 0.518908 0.473915 0.522176 0.473564 0.542484 0.464461 0.547619 0.463410 0.547852 0.460084 0.544818 0.458333 0.543417 0.456408 0.534781 0.451331 0.524743 0.443452 0.508637 0.425770 0.507937 0.428046 0.508170 0.440476
1 0.080766 0.598039 0.080766 0.606268 0.083567 0.615021 0.087768 0.625175 0.101774 0.647584 0.109010 0.654762 0.125584 0.666141 0.137021 0.672094 0.143791 0.674545 0.147292 0.671744 0.153595 0.660364 0.166200 0.645133 0.178338 0.635854 0.196078 0.626926 0.200980 0.625175 0.207283 0.623775 0.217320 0.623249 0.222222 0.622199 0.231092 0.623074 0.234827 0.620273 0.236228 0.617647 0.236461 0.608894 0.233660 0.597164 0.233193 0.591562 0.229925 0.584734 0.227358 0.583859 0.212885 0.594013 0.206349 0.596289 0.191877 0.598564 0.178571 0.595938 0.165966 0.589461 0.159897 0.585259 0.152661 0.578782 0.149393 0.575455 0.144491 0.568102 0.137021 0.552696 0.134454 0.551996 0.127218 0.553046 0.113445 0.556898 0.105742 0.560399 0.091737 0.570028 0.086368 0.577906 0.083800 0.584034 0.081933 0.592437 0.080766 0.598039
1 0.138655 0.717262 0.141457 0.727066 0.147292 0.741422 0.156162 0.755427 0.167134 0.775910 0.182540 0.796919 0.186508 0.800770 0.189076 0.805497 0.197479 0.809524 0.203315 0.810924 0.211951 0.811275 0.224090 0.810749 0.234127 0.806373 0.235761 0.804097 0.235528 0.800420 0.233193 0.797094 0.230626 0.790091 0.223623 0.776436 0.219888 0.761905 0.218021 0.737570 0.221055 0.716737 0.222689 0.710259 0.224790 0.706057 0.234127 0.692927 0.241130 0.685924 0.251867 0.677346 0.261905 0.672794 0.277077 0.668067 0.278711 0.666842 0.278945 0.661239 0.276611 0.654412 0.273576 0.648109 0.268908 0.641457 0.261204 0.634804 0.252101 0.629902 0.240896 0.625350 0.230859 0.623775 0.217320 0.623950 0.199346 0.626225 0.184407 0.632878 0.174370 0.639006 0.168301 0.643908 0.159197 0.654062 0.153828 0.661415 0.145425 0.675595 0.141223 0.685574 0.138189 0.702381 0.138655 0.717262
1 0.080999 0.748424 0.083567 0.764181 0.085434 0.769258 0.091737 0.779587 0.091737 0.782913 0.095472 0.785539 0.108543 0.801996 0.122082 0.815126 0.147526 0.836134 0.151027 0.836660 0.166900 0.823704 0.175537 0.818627 0.196545 0.810749 0.195378 0.807248 0.190243 0.804797 0.180906 0.794993 0.167367 0.776961 0.143324 0.733193 0.139589 0.723564 0.137722 0.712185 0.137255 0.706232 0.138422 0.693277 0.140056 0.689251 0.138655 0.685749 0.135387 0.685574 0.123249 0.688200 0.116480 0.690826 0.108543 0.695553 0.098273 0.703431 0.091737 0.711310 0.085201 0.723915 0.081232 0.740896 0.080999 0.748424
1 0.462185 0.856443 0.465686 0.866597 0.468021 0.869573 0.469188 0.873599 0.472923 0.880427 0.484594 0.898284 0.490196 0.904762 0.495331 0.908438 0.498133 0.912290 0.512138 0.920868 0.525677 0.924370 0.542951 0.927171 0.569795 0.927871 0.585668 0.927521 0.609477 0.923494 0.614613 0.921744 0.616480 0.920693 0.617647 0.918242 0.620215 0.916492 0.623016 0.912640 0.626984 0.903711 0.627684 0.893732 0.619981 0.863095 0.617414 0.854517 0.614613 0.848739 0.600373 0.827731 0.581699 0.814076 0.568161 0.806022 0.554622 0.799545 0.543184 0.796043 0.532913 0.795168 0.529412 0.795168 0.528945 0.795693 0.527311 0.799720 0.525677 0.817927 0.520308 0.839461 0.516807 0.845238 0.510738 0.849790 0.504202 0.852416 0.498366 0.853291 0.489262 0.852941 0.463585 0.849965 0.461718 0.851541 0.462185 0.856443
1 0.587068 0.779237 0.592437 0.803221 0.601307 0.824580 0.607143 0.834734 0.619048 0.852241 0.634454 0.867647 0.661298 0.888305 0.664799 0.890581 0.669234 0.891982 0.685574 0.903011 0.699346 0.907913 0.703081 0.907913 0.707750 0.905637 0.712185 0.902311 0.720588 0.889706 0.724323 0.880252 0.728058 0.855392 0.728758 0.837185 0.726891 0.821078 0.721755 0.806197 0.714519 0.792017 0.699580 0.771008 0.678571 0.752101 0.675303 0.752276 0.672502 0.755777 0.669001 0.758053 0.658030 0.763305 0.643791 0.766807 0.632820 0.766807 0.619748 0.764706 0.605509 0.761029 0.601307 0.758578 0.592904 0.755777 0.591270 0.755952 0.589636 0.757703 0.587302 0.765056 0.587068 0.779237
1 0.725257 0.796744 0.723856 0.799720 0.723856 0.807423 0.725957 0.810924 0.727358 0.817052 0.729692 0.820903 0.730626 0.827381 0.730626 0.853466 0.736461 0.872374 0.746732 0.894433 0.757937 0.907913 0.772176 0.919293 0.785481 0.926471 0.788749 0.927521 0.793417 0.930322 0.810224 0.933648 0.819795 0.933648 0.824463 0.932423 0.828665 0.930147 0.839869 0.921744 0.859477 0.904587 0.868581 0.890756 0.870448 0.883754 0.870215 0.876576 0.866480 0.873074 0.861345 0.871499 0.859244 0.869573 0.852474 0.866597 0.844071 0.861345 0.832166 0.852066 0.826097 0.845763 0.815826 0.831583 0.809057 0.817752 0.804388 0.803221 0.803688 0.797444 0.799953 0.797269 0.796685 0.797969 0.795051 0.799195 0.774743 0.803746 0.765173 0.802696 0.748133 0.797444 0.730859 0.788165 0.728058 0.789391 0.725490 0.793417 0.725257 0.796744
1 0.987162 0.751926 0.988562 0.761555 0.988562 0.773459 0.985761 0.789391 0.978992 0.803746 0.965686 0.821604 0.951681 0.833333 0.935574 0.844188 0.931606 0.849440 0.931839 0.852416 0.935574 0.862920 0.946312 0.880077 0.955182 0.891632 0.966387 0.902836 0.977358 0.911590 0.987162 0.916842 0.998133 0.920693 0.999767 0.920693 0.999767 0.745623 0.992764 0.746324 0.987862 0.748775 0.987162 0.751926
1 0.952848 0.602591 0.961485 0.601541 0.972923 0.601190 0.999767 0.604867 0.999767 0.589286 0.997899 0.589111 0.990196 0.577206 0.977124 0.571429 0.970121 0.569503 0.966853 0.571954 0.962185 0.582283 0.952848 0.598739 0.952848 0.602591
1 0.679739 0.748074 0.680439 0.751751 0.692344 0.762955 0.701447 0.769608 0.716387 0.776261 0.718254 0.776085 0.716853 0.772234 0.712652 0.767507 0.704482 0.754202 0.697246 0.737920 0.696078 0.729867 0.692577 0.720938 0.681373 0.744573 0.679739 0.748074
1 0.543417 0.741597 0.545285 0.744223 0.553455 0.748775 0.567694 0.753676 0.578665 0.754202 0.584267 0.752626 0.585201 0.751751 0.581933 0.750700 0.579832 0.748249 0.568161 0.740196 0.560224 0.733543 0.551821 0.724965 0.546919 0.716036 0.543884 0.715861 0.543417 0.717612 0.543417 0.741597
1 0.818793 0.599740 0.819693 0.613020 0.828690 0.617747 0.838288 0.623149 0.848785 0.634403 0.855983 0.648809 0.861382 0.660288 0.863782 0.673568 0.863482 0.684823 0.866481 0.687974 0.874579 0.685273 0.892274 0.679421 0.905771 0.679421 0.904871 0.675819 0.903071 0.667941 0.902472 0.649934 0.898273 0.640481 0.893474 0.636879 0.882377 0.635979 0.863782 0.630577 0.854184 0.624724 0.838588 0.607843 0.831989 0.597714 0.822392 0.592275 0.818793 0.599740