0 0.282913 0.251401 0.289216 0.274510 0.290850 0.290441 0.293184 0.300595 0.296218 0.307073 0.298786 0.324755 0.302054 0.331408 0.303688 0.337710 0.306723 0.341387 0.309991 0.352241 0.313725 0.359769 0.324463 0.375350 0.335434 0.384979 0.348739 0.392332 0.373249 0.398459 0.376517 0.400385 0.383520 0.401611 0.408730 0.402836 0.415266 0.401786 0.426471 0.398109 0.439542 0.390406 0.454248 0.379902 0.459851 0.377976 0.484827 0.348739 0.488796 0.341036 0.495098 0.324230 0.499767 0.300945 0.501867 0.283789 0.500000 0.270833 0.493231 0.255777 0.476190 0.234944 0.474556 0.231618 0.466153 0.221113 0.463819 0.215686 0.438842 0.185749 0.432773 0.179272 0.418534 0.167717 0.411064 0.162990 0.401961 0.153887 0.393791 0.147234 0.390523 0.145833 0.380952 0.145308 0.364146 0.146884 0.346172 0.149860 0.328198 0.156688 0.317460 0.163340 0.300887 0.175245 0.296685 0.182248 0.293417 0.190476 0.290850 0.200105 0.287115 0.227241 0.282680 0.241071 0.282913 0.251401
0 0.404762 0.091562 0.404762 0.095413 0.409430 0.103992 0.415266 0.111169 0.419701 0.115196 0.423903 0.120973 0.459851 0.157038 0.466853 0.165266 0.475957 0.171043 0.486928 0.180322 0.511671 0.196604 0.528945 0.204657 0.547619 0.210609 0.564426 0.212710 0.573763 0.212710 0.593604 0.214986 0.612979 0.214636 0.626517 0.210784 0.637255 0.195553 0.645191 0.180322 0.653828 0.169118 0.664099 0.157913 0.661531 0.148284 0.654995 0.139006 0.650560 0.134629 0.643324 0.129202 0.640523 0.127976 0.623483 0.115021 0.609244 0.106268 0.584734 0.095413 0.567694 0.089111 0.553221 0.085959 0.544351 0.085084 0.539916 0.083683 0.487628 0.075980 0.454015 0.073354 0.438142 0.074405 0.426471 0.076506 0.416433 0.080882 0.409430 0.085609 0.405696 0.089811 0.404762 0.091562
0 0.533613 0.467087 0.537348 0.473739 0.540383 0.476366 0.542951 0.480567 0.546919 0.491422 0.550187 0.504902 0.553221 0.506303 0.560458 0.507703 0.573529 0.508228 0.613912 0.505077 0.630019 0.502801 0.651961 0.496499 0.658030 0.494048 0.689076 0.474090 0.694211 0.471464 0.703081 0.465161 0.713352 0.460784 0.727358 0.452206 0.747199 0.436975 0.769841 0.416667 0.776144 0.408964 0.780345 0.400035 0.783147 0.377976 0.782446 0.371674 0.783847 0.362395 0.782680 0.355217 0.777311 0.348739 0.772409 0.345238 0.769141 0.339811 0.741130 0.320203 0.733894 0.316527 0.726891 0.314601 0.703315 0.311275 0.682306 0.311099 0.663399 0.314076 0.629552 0.325980 0.609477 0.334384 0.595472 0.341912 0.594071 0.343838 0.577731 0.355567 0.566760 0.369748 0.558357 0.383578 0.550187 0.406863 0.546452 0.421569 0.541317 0.432773 0.534080 0.459909 0.533613 0.467087
0 0.351307 0.468487 0.352474 0.476716 0.352241 0.491422 0.349673 0.497899 0.350607 0.501050 0.348739 0.507528 0.346639 0.547094 0.348973 0.558648 0.352241 0.560224 0.352474 0.563200 0.351074 0.568102 0.353641 0.581583 0.369514 0.609419 0.376751 0.620273 0.377451 0.622899 0.379630 0.624533 0.383520 0.630077 0.396592 0.644433 0.398459 0.645483 0.404295 0.651786 0.410131 0.652661 0.416667 0.655462 0.425070 0.657038 0.429038 0.656688 0.438842 0.659664 0.443277 0.659664 0.446078 0.660714 0.480392 0.658613 0.494631 0.651961 0.499066 0.647584 0.502568 0.642507 0.505602 0.641282 0.511905 0.634454 0.517274 0.626401 0.520308 0.623249 0.533613 0.596289 0.537582 0.567227 0.541783 0.557423 0.545518 0.536765 0.545752 0.527626 0.548319 0.508578 0.546919 0.505077 0.543884 0.487395 0.541550 0.484069 0.540850 0.481092 0.533147 0.472164 0.523810 0.464461 0.519141 0.458333 0.516106 0.456408 0.514006 0.453081 0.510271 0.450280 0.505135 0.442402 0.497432 0.437850 0.494631 0.434524 0.492297 0.433999 0.490430 0.428571 0.485528 0.425245 0.482960 0.424720 0.480626 0.422882 0.480626 0.421919 0.478291 0.423319 0.476190 0.422969 0.472689 0.420168 0.471989 0.418242 0.468721 0.414916 0.463352 0.411940 0.447246 0.410364 0.442810 0.407563 0.438142 0.407388 0.434407 0.408088 0.428571 0.405812 0.425770 0.405637 0.421802 0.404237 0.414566 0.404237 0.406162 0.405987 0.394491 0.406513 0.383520 0.410539 0.366480 0.418417 0.365079 0.420693 0.362512 0.422619 0.359244 0.428746 0.355275 0.432598 0.353875 0.436800 0.352007 0.439076 0.351074 0.445553 0.351307 0.468487
0 0.107610 0.716737 0.107610 0.731793 0.109711 0.752276 0.114613 0.772059 0.119748 0.780462 0.123249 0.783789 0.126284 0.789741 0.145425 0.808298 0.150093 0.811975 0.157330 0.816001 0.164566 0.821779 0.178571 0.827206 0.182073 0.827381 0.185574 0.828782 0.189932 0.829307 0.201214 0.832983 0.203081 0.835259 0.208917 0.837010 0.216620 0.841211 0.224090 0.844188 0.227124 0.844713 0.234360 0.848389 0.241130 0.849965 0.251867 0.850665 0.265173 0.853817 0.293184 0.854517 0.295285 0.853817 0.320728 0.854167 0.324463 0.853817 0.333100 0.850840 0.338702 0.847339 0.352474 0.828957 0.354575 0.824405 0.359944 0.803571 0.360878 0.796919 0.360411 0.793768 0.353175 0.762430 0.344071 0.744923 0.334967 0.734244 0.327498 0.729167 0.323063 0.724265 0.301120 0.706408 0.297386 0.702556 0.286415 0.694328 0.275910 0.688725 0.272642 0.688725 0.265640 0.685049 0.254435 0.675245 0.248133 0.672269 0.223856 0.665791 0.216387 0.663340 0.210317 0.660364 0.195612 0.657388 0.186975 0.656688 0.176237 0.657913 0.167834 0.660014 0.154528 0.663866 0.147526 0.667017 0.126751 0.681022 0.119514 0.687675 0.111811 0.702906 0.107610 0.716737
0 0.419001 0.869223 0.420168 0.872899 0.423669 0.877801 0.425070 0.881303 0.429739 0.885854 0.439076 0.891807 0.445612 0.893207 0.460551 0.899335 0.466620 0.900385 0.480159 0.901261 0.501401 0.899160 0.519141 0.895658 0.529645 0.891982 0.553455 0.886730 0.568394 0.880602 0.576097 0.876926 0.582633 0.872199 0.595705 0.867122 0.616013 0.854167 0.628385 0.845063 0.642624 0.832983 0.650794 0.824580 0.665033 0.812500 0.669234 0.807598 0.684174 0.782563 0.686508 0.772409 0.687208 0.763831 0.685574 0.751926 0.683240 0.745448 0.672502 0.729167 0.664799 0.721989 0.657796 0.719363 0.647526 0.716737 0.633520 0.715511 0.616480 0.717787 0.609244 0.717787 0.599907 0.720063 0.591737 0.720938 0.581699 0.723039 0.578431 0.724440 0.564426 0.727241 0.562092 0.729167 0.557190 0.730567 0.543417 0.733543 0.528478 0.739671 0.517740 0.745798 0.509570 0.748249 0.475724 0.768032 0.467087 0.772234 0.460084 0.778186 0.457049 0.782913 0.452381 0.786239 0.435341 0.807073 0.425770 0.828431 0.423436 0.834734 0.422969 0.839636 0.419001 0.845238 0.419001 0.869223
0 0.645892 0.534139 0.647526 0.543592 0.649860 0.548144 0.655696 0.554797 0.663399 0.561625 0.665033 0.564426 0.668534 0.567402 0.679972 0.574755 0.696078 0.582108 0.706583 0.583158 0.716153 0.586310 0.723156 0.587360 0.733427 0.585959 0.748133 0.586485 0.751167 0.584559 0.762372 0.583158 0.784547 0.576331 0.797619 0.570028 0.803688 0.567927 0.807890 0.564251 0.823763 0.555322 0.851541 0.534314 0.860411 0.523284 0.871615 0.504902 0.876517 0.494748 0.880019 0.480392 0.882353 0.466912 0.883053 0.451331 0.881653 0.438550 0.880019 0.432598 0.878385 0.429972 0.865313 0.416317 0.856909 0.411940 0.845472 0.403887 0.836601 0.400385 0.825163 0.398284 0.820261 0.398109 0.809057 0.398109 0.799720 0.398985 0.789916 0.397934 0.782446 0.400035 0.780579 0.401786 0.778478 0.407213 0.772409 0.415091 0.766573 0.421394 0.757236 0.428746 0.753735 0.433123 0.736695 0.448004 0.724790 0.456583 0.720355 0.460784 0.716853 0.462360 0.706583 0.474440 0.701447 0.477591 0.682540 0.494748 0.670635 0.500700 0.660598 0.507353 0.658263 0.510679 0.652661 0.515581 0.648459 0.521359 0.646125 0.528887 0.645892 0.534139
1 0.078430 0.283374 0.076770 0.287731 0.075110 0.291621 0.073035 0.296134 0.071375 0.299869 0.077807 0.301736 0.081466 0.301471 0.086937 0.303759 0.091970 0.304797 0.098971 0.307027 0.102498 0.307650 0.106855 0.308739 0.111627 0.308117 0.112665 0.307494 0.115780 0.306373 0.119981 0.306197 0.123662 0.307027 0.121148 0.303571 0.117880 0.299545 0.116713 0.292717 0.114379 0.289916 0.114379 0.286239 0.116713 0.278011 0.118114 0.275210 0.123483 0.271183 0.136321 0.264531 0.161765 0.260679 0.171335 0.257878 0.181139 0.257528 0.192110 0.256127 0.196078 0.256653 0.204248 0.254027 0.216853 0.253676 0.223389 0.252276 0.259804 0.251401 0.268908 0.252801 0.277778 0.252976 0.279412 0.255077 0.281046 0.241246 0.286881 0.222689 0.291317 0.191877 0.295051 0.181723 0.295518 0.178746 0.293417 0.175595 0.287659 0.175945 0.284547 0.174720 0.282913 0.173144 0.276844 0.171394 0.270775 0.168242 0.269374 0.164741 0.258403 0.164741 0.235061 0.169118 0.226891 0.171744 0.217787 0.173319 0.189542 0.180672 0.180439 0.183999 0.163866 0.194328 0.160131 0.201681 0.157096 0.204132 0.150093 0.207633 0.143324 0.208508 0.137488 0.210259 0.133053 0.212885 0.126284 0.219538 0.120682 0.223739 0.111345 0.236169 0.103641 0.248249 0.100373 0.251225 0.095472 0.258578 0.094538 0.261555 0.091970 0.262955 0.083800 0.278011 0.082166 0.279412 0.078430 0.283374
1 0.773343 0.099090 0.777311 0.112570 0.781279 0.119573 0.793184 0.124650 0.804855 0.128151 0.819561 0.138655 0.831699 0.150910 0.835201 0.155812 0.837068 0.159664 0.839169 0.168417 0.841970 0.174020 0.845472 0.175070 0.855976 0.181723 0.881419 0.191527 0.885621 0.194328 0.896825 0.196078 0.904295 0.198704 0.914799 0.200980 0.928105 0.203081 0.952848 0.204657 0.963585 0.203957 0.973623 0.199580 0.973623 0.197829 0.974556 0.195903 0.976424 0.194853 0.978525 0.189426 0.983427 0.183824 0.987628 0.180672 0.989729 0.180147 0.998133 0.175245 0.999767 0.175245 0.999767 0.076155 0.987628 0.068978 0.977124 0.064776 0.955882 0.059174 0.939076 0.056022 0.936041 0.056373 0.932540 0.055672 0.911531 0.055147 0.908263 0.056022 0.904295 0.054972 0.900327 0.055322 0.883520 0.054447 0.876751 0.057248 0.866947 0.058298 0.848739 0.058298 0.845938 0.057598 0.842204 0.058298 0.834385 0.058982 0.830229 0.059702 0.827352 0.060181 0.824463 0.060224 0.799486 0.064601 0.787115 0.069153 0.778711 0.077556 0.774043 0.087710 0.773343 0.099090
1 0.437442 0.178571 0.437675 0.181898 0.439309 0.185049 0.442577 0.189601 0.450047 0.197304 0.463119 0.214461 0.466853 0.221464 0.473156 0.228466 0.478758 0.237745 0.484127 0.244923 0.488796 0.249475 0.495798 0.260154 0.500467 0.272409 0.501401 0.280637 0.503268 0.286239 0.503268 0.290441 0.505135 0.294293 0.509725 0.292131 0.513108 0.291534 0.515696 0.290041 0.518908 0.286940 0.522876 0.283613 0.529645 0.273985 0.536415 0.260679 0.538515 0.250175 0.540383 0.223564 0.539683 0.221814 0.536181 0.220588 0.535247 0.219013 0.534781 0.214286 0.535481 0.209909 0.530812 0.206408 0.526377 0.205182 0.513539 0.198704 0.500233 0.189951 0.485294 0.179797 0.473856 0.170518 0.470355 0.168943 0.466853 0.164041 0.463585 0.162990 0.459851 0.163340 0.451447 0.170168 0.441410 0.175070 0.438375 0.177521 0.437442 0.178571
1 0.802754 0.278711 0.805556 0.281162 0.822829 0.285189 0.827264 0.288340 0.828198 0.289916 0.830766 0.290616 0.837768 0.294468 0.841970 0.294993 0.845238 0.292542 0.851774 0.280637 0.859010 0.269783 0.868347 0.258754 0.875817 0.251751 0.889589 0.240721 0.894725 0.237745 0.900327 0.232493 0.907330 0.228817 0.918301 0.220238 0.919701 0.216737 0.914332 0.212535 0.907796 0.203782 0.902661 0.199755 0.899160 0.198179 0.884921 0.195553 0.880252 0.192577 0.848973 0.179797 0.845472 0.177696 0.842904 0.178221 0.841970 0.178922 0.838002 0.195728 0.835901 0.212141 0.831466 0.221464 0.826564 0.238095 0.803221 0.273109 0.802754 0.278711
1 0.831466 0.348739 0.831699 0.356092 0.834967 0.371324 0.841270 0.390056 0.841737 0.396183 0.844538 0.400910 0.849673 0.404762 0.855976 0.408964 0.869748 0.415616 0.874650 0.414566 0.883987 0.415091 0.890523 0.414391 0.928338 0.407213 0.939542 0.406688 0.957283 0.402836 0.963585 0.401085 0.966387 0.399160 0.979458 0.393908 0.991597 0.387430 0.998133 0.382878 0.999767 0.382878 0.999767 0.200455 0.987862 0.200630 0.970355 0.203957 0.963585 0.207108 0.956583 0.207633 0.949580 0.210259 0.933240 0.217962 0.923669 0.219888 0.912232 0.226015 0.908730 0.229167 0.904762 0.230917 0.885621 0.244398 0.872782 0.255602 0.863445 0.265056 0.855742 0.275560 0.849673 0.286590 0.848973 0.289391 0.842204 0.300770 0.832633 0.341562 0.831466 0.348739
1 0.756536 0.328081 0.758637 0.330707 0.764239 0.335084 0.770075 0.338235 0.775444 0.345413 0.781279 0.350490 0.784547 0.355742 0.785481 0.359419 0.785014 0.380952 0.783147 0.394433 0.786415 0.396008 0.824230 0.396359 0.830299 0.397234 0.836368 0.396709 0.838469 0.394608 0.839169 0.390406 0.832166 0.366246 0.830532 0.349527 0.831699 0.338235 0.834967 0.328606 0.839402 0.309524 0.838702 0.299895 0.821895 0.288866 0.811158 0.285539 0.803922 0.287115 0.800420 0.288690 0.796685 0.288515 0.761204 0.320728 0.758170 0.324405 0.756536 0.328081
1 0.465686 0.376576 0.466153 0.377801 0.470588 0.381478 0.474790 0.387255 0.488796 0.400910 0.507236 0.415616 0.526144 0.425770 0.536181 0.430147 0.539916 0.430847 0.543651 0.425245 0.555789 0.389006 0.559057 0.381478 0.566527 0.370098 0.577264 0.355917 0.582400 0.351190 0.588002 0.347689 0.595472 0.341562 0.602708 0.338761 0.606209 0.334909 0.604342 0.332983 0.602241 0.332283 0.547386 0.328081 0.538749 0.328957 0.517740 0.333158 0.500700 0.338060 0.494631 0.341211 0.491363 0.342087 0.490663 0.346113 0.483660 0.352241 0.478992 0.359069 0.471755 0.366071 0.466620 0.373249 0.465686 0.376576
1 0.194678 0.498424 0.197479 0.505252 0.202381 0.513130 0.210784 0.519083 0.223856 0.526261 0.231559 0.528186 0.247899 0.529587 0.258637 0.529062 0.264006 0.526611 0.279178 0.516106 0.302521 0.507353 0.317694 0.504377 0.342204 0.503852 0.345005 0.500875 0.347572 0.496148 0.349907 0.481793 0.349673 0.460084 0.348039 0.450280 0.348506 0.442752 0.359244 0.422619 0.369748 0.415091 0.380019 0.411415 0.381419 0.409314 0.384220 0.407913 0.382353 0.404062 0.379785 0.402661 0.368814 0.399860 0.359244 0.396359 0.350373 0.394783 0.343604 0.391807 0.337768 0.390231 0.331699 0.390931 0.303221 0.396884 0.282913 0.402661 0.266807 0.409489 0.261905 0.410714 0.250467 0.417017 0.220822 0.439251 0.208450 0.452031 0.198413 0.466912 0.194678 0.483193 0.194678 0.498424
1 0.002334 0.300945 0.000000 0.301471 0.000000 0.394783 0.001634 0.394783 0.004902 0.398634 0.010738 0.402311 0.021475 0.407563 0.026844 0.411765 0.029412 0.415266 0.036181 0.421569 0.041317 0.424195 0.052521 0.432948 0.069795 0.443803 0.077965 0.445903 0.090336 0.446429 0.099206 0.448179 0.109477 0.449230 0.116713 0.451155 0.140056 0.452906 0.150794 0.454832 0.165266 0.455182 0.184874 0.450805 0.193044 0.447304 0.200047 0.445378 0.220588 0.429622 0.230159 0.416141 0.232493 0.406513 0.232726 0.404412 0.230159 0.394958 0.226190 0.386730 0.220355 0.378151 0.213585 0.370623 0.209617 0.367647 0.198646 0.355392 0.189076 0.347514 0.173203 0.337360 0.166200 0.333508 0.158263 0.330532 0.147526 0.324055 0.133520 0.318102 0.113445 0.313200 0.102241 0.307948 0.089636 0.306197 0.074230 0.301471 0.065593 0.300770 0.057656 0.299020 0.043184 0.297794 0.039916 0.296919 0.017974 0.296919 0.004435 0.299370 0.002334 0.300945
1 0.022876 0.502801 0.036415 0.529412 0.039916 0.534314 0.045285 0.538690 0.054155 0.549370 0.059757 0.554622 0.067460 0.567402 0.066993 0.571078 0.068161 0.575455 0.076564 0.585434 0.091036 0.599615 0.099206 0.604342 0.112045 0.614321 0.119748 0.618697 0.125817 0.624825 0.129318 0.627276 0.136788 0.630252 0.144258 0.630952 0.151027 0.633053 0.154528 0.632878 0.157563 0.634454 0.161531 0.634104 0.168067 0.635679 0.171569 0.635329 0.175770 0.633754 0.177871 0.634804 0.181139 0.634104 0.185574 0.635504 0.189309 0.634804 0.190243 0.636029 0.192110 0.636555 0.195612 0.634629 0.199580 0.636730 0.199813 0.608368 0.203081 0.595413 0.218254 0.570903 0.225257 0.562500 0.232260 0.552171 0.241597 0.543242 0.242764 0.537990 0.242530 0.536064 0.239262 0.532388 0.235061 0.530287 0.227124 0.528887 0.217320 0.524160 0.210317 0.520308 0.200747 0.513305 0.195845 0.505427 0.191877 0.496148 0.191643 0.491597 0.194211 0.477766 0.194678 0.468487 0.194444 0.463761 0.192810 0.458683 0.189776 0.456408 0.187442 0.455707 0.186573 0.455193 0.183707 0.454482 0.178805 0.454657 0.166667 0.457108 0.157330 0.457458 0.150560 0.456933 0.137255 0.453431 0.132586 0.453782 0.118814 0.453081 0.094771 0.448354 0.074697 0.447479 0.071195 0.448354 0.069094 0.450105 0.063025 0.452731 0.054622 0.459034 0.048553 0.465336 0.042717 0.467962 0.041444 0.470401 0.041783 0.471113 0.040149 0.471814 0.037751 0.477018 0.036930 0.477479 0.035905 0.478095 0.032006 0.478864 0.027287 0.480249 0.022409 0.490021 0.022876 0.502801
1 0.201214 0.622899 0.202848 0.630077 0.206349 0.639006 0.209617 0.643908 0.216853 0.649160 0.222689 0.651786 0.234127 0.655462 0.246265 0.655637 0.248599 0.656513 0.249066 0.657913 0.258637 0.658263 0.296919 0.651611 0.309991 0.647759 0.319328 0.644083 0.331699 0.638480 0.338002 0.634104 0.351307 0.623950 0.365313 0.608718 0.365313 0.605742 0.363679 0.602416 0.358543 0.596639 0.354342 0.589111 0.346405 0.567577 0.343604 0.543417 0.343137 0.530112 0.345472 0.507878 0.338469 0.505777 0.327965 0.504727 0.307656 0.506653 0.301354 0.508228 0.297152 0.510679 0.282680 0.515406 0.272642 0.521359 0.270542 0.523634 0.261671 0.529237 0.243464 0.543242 0.230159 0.557423 0.216853 0.575280 0.205649 0.594013 0.202848 0.599440 0.201214 0.608894 0.201214 0.622899
1 0.545518 0.564251 0.549953 0.584734 0.552754 0.588235 0.556723 0.589986 0.559290 0.593137 0.564426 0.596113 0.567460 0.599265 0.570728 0.599965 0.573063 0.602416 0.579832 0.605217 0.582866 0.609244 0.587302 0.612220 0.596639 0.621148 0.604575 0.632353 0.610644 0.642857 0.615079 0.653711 0.616246 0.659664 0.620915 0.663340 0.626984 0.664216 0.631886 0.666492 0.657330 0.670343 0.659897 0.669643 0.671802 0.670168 0.678805 0.669468 0.682073 0.668067 0.693978 0.658964 0.701447 0.649860 0.718254 0.632878 0.721989 0.626576 0.724090 0.619748 0.723623 0.611695 0.724556 0.606793 0.730392 0.600490 0.732960 0.595763 0.736228 0.592087 0.736695 0.588410 0.731326 0.587185 0.723623 0.587185 0.719888 0.588060 0.713585 0.586485 0.709851 0.584734 0.696078 0.582808 0.688842 0.580532 0.670401 0.569678 0.665033 0.565651 0.661531 0.560574 0.648926 0.548494 0.646825 0.544293 0.645191 0.537290 0.646125 0.522234 0.660831 0.503151 0.665500 0.500175 0.671569 0.498074 0.672969 0.494748 0.672269 0.493347 0.668301 0.490721 0.657330 0.496499 0.637021 0.501401 0.633053 0.503151 0.616713 0.505777 0.596405 0.507178 0.578431 0.509629 0.563492 0.509454 0.557423 0.508228 0.553688 0.508578 0.551821 0.511029 0.550187 0.517857 0.545752 0.553571 0.545518 0.564251
1 0.411765 0.678746 0.413399 0.685049 0.416900 0.692402 0.431839 0.708683 0.435341 0.717087 0.437908 0.720763 0.443744 0.724615 0.463585 0.732668 0.485294 0.736345 0.492530 0.736695 0.526144 0.733718 0.539916 0.731443 0.549953 0.727941 0.557190 0.727066 0.569795 0.722689 0.581933 0.715686 0.590570 0.708859 0.595705 0.706758 0.609244 0.688025 0.612979 0.679097 0.614146 0.667367 0.613445 0.654237 0.608543 0.640756 0.602941 0.632003 0.592437 0.619573 0.581232 0.611169 0.564192 0.601015 0.542717 0.594538 0.539683 0.592787 0.536415 0.594888 0.533847 0.602241 0.516340 0.630427 0.504669 0.644258 0.499767 0.647759 0.495565 0.652661 0.489496 0.656338 0.480392 0.659314 0.474090 0.660539 0.463119 0.660889 0.454715 0.662815 0.446078 0.662290 0.443044 0.661064 0.418067 0.657913 0.414332 0.661415 0.411765 0.674020 0.411765 0.678746
1 0.726657 0.608894 0.728058 0.615021 0.727358 0.622199 0.728758 0.626926 0.730859 0.630252 0.742997 0.639006 0.759337 0.645483 0.767274 0.647059 0.779412 0.650735 0.781046 0.651961 0.786415 0.653711 0.802754 0.655637 0.822596 0.655287 0.834267 0.653536 0.848973 0.653186 0.855742 0.651961 0.867180 0.647934 0.876751 0.645133 0.880252 0.644783 0.883520 0.643207 0.902661 0.637430 0.915266 0.632703 0.925537 0.627276 0.935574 0.623950 0.946312 0.616772 0.957516 0.607493 0.965920 0.603291 0.976891 0.599440 0.980626 0.595413 0.985761 0.594013 0.992764 0.590511 0.996965 0.587010 0.999767 0.586134 0.999767 0.527661 0.996032 0.525910 0.994164 0.522234 0.989729 0.519433 0.985528 0.514181 0.973856 0.509804 0.969888 0.507528 0.958683 0.506653 0.942577 0.503151 0.938375 0.502976 0.933707 0.501576 0.922269 0.500000 0.901727 0.498950 0.894024 0.497024 0.886788 0.496674 0.882586 0.497549 0.880486 0.498249 0.876751 0.501225 0.869748 0.509979 0.862512 0.526786 0.859244 0.528887 0.857843 0.531688 0.856209 0.532913 0.811858 0.563550 0.806723 0.565651 0.803688 0.568277 0.779879 0.578256 0.762372 0.583683 0.753968 0.584734 0.742297 0.588235 0.727358 0.607318 0.726657 0.608894
1 0.750000 0.720238 0.752568 0.728817 0.757937 0.740546 0.764472 0.748775 0.774510 0.755602 0.792951 0.763655 0.816060 0.764181 0.824463 0.766282 0.834967 0.767157 0.838936 0.768207 0.866480 0.769783 0.884454 0.767682 0.894725 0.768032 0.902428 0.767332 0.946545 0.760329 0.952848 0.758053 0.956816 0.757878 0.967787 0.754727 0.987862 0.747549 0.995331 0.743873 0.998133 0.740896 0.999767 0.740896 0.999767 0.628501 0.997432 0.626751 0.992063 0.625875 0.962418 0.622724 0.951681 0.623074 0.942810 0.624825 0.938842 0.624650 0.929038 0.627101 0.877451 0.645833 0.866713 0.648459 0.852241 0.653186 0.838702 0.653711 0.834034 0.655287 0.824930 0.656513 0.805322 0.656513 0.800420 0.657213 0.787348 0.664741 0.780112 0.671919 0.775910 0.674195 0.770308 0.679097 0.765873 0.685049 0.761438 0.689251 0.757003 0.699230 0.752568 0.705882 0.750000 0.712885 0.750000 0.720238
1 0.693044 0.751751 0.690476 0.754552 0.691176 0.766282 0.689076 0.770133 0.686975 0.779237 0.687208 0.782475 0.672269 0.807073 0.672269 0.810749 0.675303 0.813550 0.678105 0.814601 0.689776 0.823004 0.713585 0.845238 0.720355 0.848915 0.723856 0.847514 0.728058 0.849790 0.751401 0.852941 0.770308 0.853817 0.789683 0.852941 0.799486 0.851716 0.827031 0.846289 0.873016 0.826681 0.887021 0.818452 0.901494 0.807073 0.908030 0.799895 0.913632 0.791317 0.916900 0.782563 0.919001 0.768732 0.914799 0.766282 0.901261 0.768382 0.876751 0.768908 0.873483 0.769958 0.866013 0.770308 0.862979 0.769783 0.841503 0.769608 0.817460 0.764881 0.813959 0.765231 0.809991 0.764531 0.806956 0.765231 0.803688 0.764356 0.800420 0.765756 0.796685 0.764531 0.793184 0.765056 0.787348 0.762955 0.782913 0.760154 0.772876 0.755952 0.768908 0.752276 0.758170 0.745973 0.755369 0.742647 0.730392 0.741071 0.701214 0.747199 0.697712 0.748249 0.696312 0.749650 0.692344 0.748249 0.693044 0.751751
1 0.250000 0.671744 0.253268 0.673669 0.265640 0.683999 0.268908 0.684699 0.272176 0.687325 0.281746 0.690826 0.288982 0.695028 0.293184 0.699230 0.304388 0.707458 0.307190 0.710959 0.311391 0.713761 0.314192 0.716912 0.322596 0.722689 0.327731 0.728817 0.335434 0.733718 0.346639 0.746849 0.354809 0.763831 0.360878 0.789741 0.361578 0.800420 0.359244 0.813025 0.359244 0.817752 0.366480 0.819503 0.373016 0.820203 0.376984 0.819503 0.387021 0.821429 0.396125 0.822304 0.415266 0.821779 0.418534 0.820378 0.421802 0.822129 0.425070 0.819853 0.428805 0.814601 0.432540 0.807073 0.455415 0.779412 0.457049 0.775735 0.457750 0.764181 0.461251 0.751050 0.460317 0.748249 0.457049 0.743873 0.451681 0.738620 0.448179 0.731268 0.445845 0.729692 0.443277 0.726190 0.439776 0.724090 0.429505 0.712010 0.428805 0.709734 0.425303 0.707283 0.423436 0.703081 0.417367 0.695203 0.410831 0.689426 0.408964 0.682073 0.405462 0.677346 0.401494 0.674370 0.390289 0.670518 0.388422 0.666842 0.383053 0.664916 0.380252 0.660539 0.366246 0.653711 0.362979 0.654587 0.360878 0.653186 0.354809 0.651611 0.346172 0.650560 0.341970 0.650735 0.339033 0.650268 0.334309 0.651358 0.330999 0.651261 0.328431 0.650560 0.324463 0.650735 0.321195 0.649335 0.313492 0.649335 0.306022 0.650910 0.301587 0.653361 0.293417 0.654412 0.290340 0.655446 0.287070 0.657081 0.282346 0.658171 0.275210 0.660539 0.265173 0.660364 0.259104 0.661239 0.252568 0.668242 0.250000 0.671744
1 0.012605 0.629902 0.002334 0.642507 0.000000 0.643032 0.000000 0.859419 0.024510 0.867997 0.027778 0.869923 0.036648 0.872199 0.043417 0.873074 0.053455 0.872024 0.063259 0.869748 0.067694 0.869573 0.075864 0.866422 0.088002 0.859419 0.102007 0.845413 0.108077 0.834909 0.110177 0.821254 0.108543 0.817752 0.109711 0.814776 0.109711 0.810399 0.116947 0.794118 0.117414 0.786239 0.113912 0.777136 0.108077 0.755077 0.105509 0.732493 0.105275 0.716211 0.110644 0.700455 0.121148 0.682073 0.121615 0.675245 0.116713 0.657913 0.109244 0.641282 0.103408 0.630777 0.091970 0.615546 0.078198 0.604167 0.072829 0.602066 0.065593 0.600665 0.051354 0.602241 0.031046 0.610994 0.026786 0.613839 0.022176 0.615371 0.018908 0.618172 0.012605 0.629902
1 0.300187 0.931373 0.302521 0.946078 0.306022 0.953256 0.311858 0.960259 0.321895 0.967612 0.335201 0.975315 0.346405 0.979867 0.355742 0.985119 0.365079 0.987570 0.369514 0.989671 0.387722 0.991246 0.394491 0.992997 0.408263 0.994048 0.420168 0.992297 0.425303 0.990196 0.434874 0.989496 0.439309 0.985469 0.440243 0.983018 0.441643 0.981968 0.446078 0.980392 0.455182 0.980217 0.465686 0.981092 0.473856 0.983018 0.489496 0.983894 0.498133 0.985644 0.531746 0.994048 0.537582 0.996499 0.543884 0.998074 0.544118 0.999825 0.620915 0.999825 0.620915 0.998249 0.623483 0.996849 0.624416 0.994923 0.625817 0.990721 0.627218 0.976190 0.625584 0.963936 0.624650 0.959909 0.621615 0.953606 0.612979 0.939251 0.596639 0.917542 0.591270 0.913165 0.589402 0.910539 0.584734 0.907563 0.581699 0.903711 0.573296 0.897409 0.559290 0.888831 0.550887 0.888305 0.543184 0.890581 0.529412 0.892682 0.525910 0.894958 0.518441 0.897584 0.513772 0.901436 0.511438 0.902311 0.506069 0.901436 0.490430 0.902136 0.466153 0.901261 0.452848 0.898284 0.447946 0.896008 0.440476 0.893908 0.436041 0.891632 0.425070 0.883754 0.418067 0.872024 0.414799 0.864496 0.399160 0.865721 0.382820 0.863620 0.372316 0.863620 0.363212 0.864496 0.345705 0.869573 0.339869 0.872899 0.336368 0.876751 0.331232 0.886730 0.327965 0.889006 0.319094 0.898459 0.312325 0.908088 0.302521 0.916667 0.299953 0.921569 0.300187 0.931373
1 0.301587 0.943102 0.303455 0.949405 0.312792 0.961310 0.328898 0.972164 0.340570 0.978116 0.346872 0.980217 0.355976 0.985469 0.364846 0.987570 0.369514 0.990196 0.381419 0.990721 0.388422 0.991422 0.395658 0.993172 0.405696 0.993347 0.408730 0.994048 0.418301 0.992297 0.425070 0.990021 0.430205 0.989496 0.433707 0.988270 0.437675 0.985644 0.440009 0.982318 0.443277 0.980742 0.458450 0.980217 0.466387 0.981092 0.473389 0.982843 0.481092 0.982843 0.491363 0.984069 0.505135 0.987220 0.510037 0.988971 0.518207 0.990196 0.543417 0.997899 0.543884 0.999825 0.620215 0.999825 0.620215 0.998249 0.623016 0.997374 0.623950 0.995973 0.625817 0.990196 0.626984 0.981092 0.626284 0.967262 0.623716 0.957983 0.613212 0.939601 0.596639 0.917542 0.591270 0.913515 0.589636 0.910889 0.584267 0.907213 0.581699 0.903887 0.577731 0.901786 0.567227 0.893382 0.558824 0.888831 0.553455 0.888130 0.529412 0.893032 0.525910 0.895308 0.518674 0.897409 0.515406 0.899510 0.492530 0.902136 0.466153 0.901261 0.453315 0.898109 0.439309 0.893032 0.426237 0.884279 0.417834 0.871849 0.416433 0.866597 0.414799 0.864146 0.402661 0.865546 0.394024 0.865196 0.381653 0.863445 0.373016 0.863445 0.363212 0.864496 0.355976 0.866071 0.345472 0.869573 0.340570 0.872374 0.336601 0.876225 0.335201 0.879377 0.305556 0.913866 0.302054 0.917017 0.299720 0.922969 0.301587 0.943102
1 0.144725 0.816702 0.147059 0.831758 0.151261 0.838060 0.149627 0.841912 0.151261 0.844538 0.150560 0.848915 0.151727 0.851891 0.150794 0.855917 0.152194 0.858543 0.151261 0.862570 0.152194 0.865371 0.149160 0.868873 0.147526 0.868873 0.147759 0.880427 0.146592 0.887430 0.148693 0.890406 0.148926 0.894083 0.150560 0.897409 0.156396 0.904412 0.171569 0.918242 0.183240 0.926471 0.189309 0.929622 0.203315 0.935049 0.212185 0.936099 0.226657 0.935749 0.255369 0.931723 0.263305 0.929097 0.269608 0.924895 0.280112 0.916141 0.286181 0.907913 0.290850 0.899335 0.295752 0.883578 0.296218 0.879027 0.295985 0.861870 0.293651 0.856793 0.289916 0.855392 0.278478 0.855567 0.262838 0.854517 0.237628 0.849965 0.220355 0.843487 0.214753 0.842437 0.198880 0.834034 0.185808 0.829832 0.179272 0.828957 0.167367 0.824755 0.150794 0.813901 0.147292 0.812500 0.142857 0.813901 0.144725 0.816702
1 0.619281 0.255252 0.621148 0.276436 0.623950 0.285889 0.626050 0.310924 0.627918 0.317052 0.630486 0.321779 0.633053 0.322829 0.637488 0.321954 0.650327 0.317577 0.654762 0.314251 0.657563 0.313375 0.678571 0.310049 0.682306 0.310399 0.692344 0.308999 0.696078 0.309874 0.706116 0.309699 0.710084 0.311275 0.713819 0.311275 0.723156 0.313025 0.727591 0.313025 0.736695 0.316352 0.751634 0.325630 0.753501 0.324930 0.762605 0.318102 0.772176 0.308473 0.782446 0.299895 0.793417 0.287815 0.824930 0.238270 0.834267 0.210084 0.840103 0.180147 0.840103 0.175245 0.837068 0.168067 0.835901 0.161415 0.831699 0.154237 0.818161 0.139706 0.810224 0.133578 0.802288 0.129027 0.785247 0.123074 0.778478 0.119573 0.766573 0.117297 0.761905 0.115196 0.753735 0.115196 0.747899 0.115546 0.736461 0.118522 0.734127 0.118522 0.731092 0.119748 0.720121 0.125350 0.709384 0.132353 0.706116 0.132878 0.698880 0.136905 0.692577 0.138480 0.681139 0.146534 0.678805 0.147409 0.671102 0.153711 0.650560 0.175245 0.645658 0.182248 0.644725 0.185924 0.640289 0.192752 0.638189 0.198529 0.629785 0.209909 0.626517 0.217262 0.623016 0.229692 0.620215 0.244573 0.619281 0.255252
1 0.594071 0.891457 0.595005 0.896709 0.603875 0.921569 0.633987 0.967437 0.654528 0.984419 0.658263 0.985994 0.664566 0.983894 0.667134 0.985994 0.671802 0.987220 0.675070 0.988971 0.692577 0.987745 0.709384 0.984244 0.713352 0.982843 0.723389 0.977766 0.727591 0.974615 0.738329 0.963410 0.742063 0.957633 0.749300 0.940826 0.750934 0.927521 0.747666 0.915091 0.748366 0.907738 0.746732 0.900735 0.739029 0.883929 0.727591 0.864671 0.717320 0.852241 0.700280 0.834384 0.693277 0.828081 0.683707 0.821078 0.671802 0.815301 0.668301 0.814251 0.664799 0.815301 0.654062 0.823354 0.645425 0.832283 0.630019 0.845413 0.596405 0.869748 0.596172 0.873775 0.594071 0.879902 0.594071 0.891457
1 0.496965 0.324055 0.492764 0.334559 0.492764 0.337535 0.494164 0.338761 0.512372 0.334559 0.519374 0.332108 0.546685 0.327556 0.566527 0.328782 0.570962 0.329832 0.584967 0.331232 0.597339 0.331758 0.602708 0.331232 0.605742 0.332283 0.609244 0.332108 0.612745 0.331583 0.622316 0.328081 0.626284 0.324580 0.624183 0.311099 0.623249 0.292017 0.619981 0.278536 0.619193 0.271830 0.605659 0.271233 0.600285 0.271382 0.585668 0.270658 0.570028 0.270833 0.564192 0.271359 0.560224 0.273284 0.556956 0.273459 0.533380 0.282738 0.526642 0.283324 0.522065 0.287355 0.518482 0.290041 0.516492 0.292579 0.512312 0.293027 0.507734 0.296311 0.503157 0.299894 0.502758 0.302431 0.501634 0.305147 0.500700 0.307073 0.496965 0.324055
1 0.115105 0.286188 0.117144 0.293171 0.118031 0.294235 0.118031 0.295233 0.118120 0.296430 0.118918 0.298093 0.121046 0.302084 0.125117 0.305847 0.131886 0.314601 0.136788 0.317577 0.150794 0.323529 0.165733 0.331758 0.171802 0.334034 0.186275 0.342962 0.189076 0.345763 0.198413 0.351015 0.207983 0.357843 0.209851 0.359944 0.214052 0.360644 0.216853 0.362745 0.230626 0.366071 0.247899 0.369398 0.261671 0.370798 0.276144 0.370623 0.278945 0.369573 0.282913 0.369923 0.286415 0.368697 0.289916 0.368873 0.297386 0.366772 0.302988 0.366071 0.307190 0.366597 0.310691 0.362745 0.310924 0.359069 0.306956 0.350490 0.301587 0.333333 0.295051 0.317752 0.293884 0.307598 0.291317 0.299895 0.289683 0.290091 0.289683 0.279412 0.288049 0.276085 0.286648 0.268732 0.283147 0.258578 0.279412 0.255427 0.272876 0.254027 0.249066 0.252626 0.219421 0.253501 0.161064 0.261204 0.154528 0.262780 0.150560 0.262605 0.144024 0.263480 0.137021 0.265581 0.124183 0.272059 0.119281 0.275910 0.117180 0.280462 0.115105 0.286188
1 0.217554 0.373249 0.226424 0.386204 0.232260 0.397584 0.233193 0.401085 0.232726 0.411590 0.228758 0.420693 0.221522 0.429622 0.213119 0.437150 0.203315 0.444328 0.192110 0.449580 0.194911 0.453081 0.202614 0.456408 0.210084 0.449755 0.219421 0.439426 0.227358 0.433473 0.230626 0.432248 0.250233 0.417017 0.261671 0.410714 0.278478 0.404412 0.291783 0.397584 0.291783 0.393908 0.289449 0.389881 0.280812 0.379377 0.272876 0.373424 0.255135 0.370448 0.247666 0.370098 0.231793 0.367647 0.220822 0.367822 0.217787 0.369748 0.217554 0.373249
1 0.881419 0.429447 0.885387 0.448704 0.884921 0.467787 0.885854 0.473039 0.887021 0.473739 0.888422 0.471989 0.892157 0.470588 0.901027 0.465336 0.905929 0.460609 0.928338 0.449755 0.934174 0.444328 0.941410 0.440651 0.953548 0.435924 0.962185 0.430847 0.977124 0.424195 0.999767 0.411590 0.999767 0.384979 0.998133 0.384979 0.978992 0.395133 0.960784 0.402836 0.939542 0.407563 0.925303 0.409139 0.922269 0.410189 0.890523 0.415441 0.886321 0.418067 0.881886 0.425770 0.881419 0.429447
1 0.000000 0.542892 0.000000 0.641282 0.001634 0.641282 0.009804 0.631303 0.015873 0.621499 0.019841 0.611870 0.025210 0.588585 0.024977 0.577556 0.020542 0.563725 0.009570 0.549720 0.001634 0.542892 0.000000 0.542892
1 0.003735 0.530462 0.003694 0.533618 0.004435 0.543417 0.007236 0.544993 0.008170 0.547094 0.010504 0.548845 0.018908 0.558999 0.022876 0.565476 0.025444 0.575105 0.026377 0.581408 0.025910 0.588235 0.025210 0.595238 0.023343 0.602066 0.022409 0.613445 0.023576 0.612745 0.026895 0.612179 0.032680 0.609419 0.034781 0.608018 0.052288 0.601190 0.063492 0.599440 0.072129 0.600315 0.082633 0.604167 0.086601 0.609244 0.093418 0.616024 0.096489 0.619782 0.098739 0.623249 0.104342 0.627626 0.105742 0.630252 0.107376 0.630077 0.108777 0.631478 0.108543 0.633754 0.109095 0.637116 0.112745 0.642682 0.114752 0.645965 0.120085 0.645965 0.122833 0.645480 0.124288 0.644874 0.125257 0.645480 0.125581 0.645480 0.126284 0.645308 0.129785 0.644083 0.131419 0.640756 0.131886 0.633403 0.130268 0.628631 0.118631 0.618570 0.114106 0.615903 0.111035 0.614206 0.109244 0.613270 0.106186 0.610448 0.102941 0.608718 0.097806 0.604692 0.089402 0.600490 0.083333 0.591562 0.076097 0.586310 0.072596 0.580532 0.066760 0.575980 0.066060 0.574930 0.066760 0.565476 0.064659 0.560749 0.062092 0.558648 0.058824 0.553746 0.047852 0.541667 0.038982 0.533438 0.032913 0.522234 0.029412 0.517857 0.025910 0.516982 0.010971 0.524510 0.005602 0.525910 0.003968 0.528186 0.003735 0.530462
1 0.638422 0.705532 0.639568 0.709039 0.639823 0.710609 0.640289 0.713410 0.645892 0.713761 0.651027 0.716036 0.654528 0.716211 0.665033 0.719713 0.673436 0.727766 0.686041 0.745098 0.690009 0.746148 0.699580 0.745798 0.734594 0.738796 0.741597 0.736870 0.750233 0.732843 0.751401 0.731443 0.749066 0.717962 0.749767 0.710434 0.760971 0.688375 0.765406 0.682948 0.774977 0.673845 0.787348 0.663340 0.795985 0.657738 0.790149 0.654587 0.786181 0.654062 0.777544 0.650735 0.762138 0.646884 0.750700 0.643032 0.735761 0.634804 0.727358 0.627451 0.723856 0.627801 0.720121 0.632528 0.709384 0.642332 0.704482 0.648810 0.698880 0.653887 0.691410 0.662465 0.681606 0.669643 0.678033 0.669879 0.663115 0.670208 0.661067 0.672512 0.659458 0.673499 0.657996 0.673938 0.656533 0.675693 0.653755 0.677228 0.653128 0.678396 0.645425 0.682423 0.643091 0.684699 0.642493 0.686771 0.640756 0.689076 0.638889 0.690826 0.637021 0.696078 0.638422 0.705532