0 0.664799 0.282738 0.668534 0.289741 0.675770 0.297444 0.683707 0.301296 0.688842 0.302871 0.700980 0.303221 0.709851 0.302346 0.741130 0.293242 0.751167 0.288690 0.760349 0.282855 0.773109 0.277311 0.778478 0.273634 0.785481 0.267332 0.791317 0.263655 0.805789 0.249300 0.817694 0.234069 0.825864 0.219188 0.829832 0.203782 0.830532 0.191702 0.828898 0.184524 0.823063 0.175420 0.816993 0.171394 0.805322 0.165266 0.797152 0.159664 0.783147 0.156863 0.772409 0.157738 0.761671 0.160189 0.745565 0.166492 0.733660 0.172094 0.711718 0.188901 0.698880 0.202731 0.693277 0.211310 0.688142 0.217262 0.679038 0.231092 0.671802 0.245623 0.666667 0.258754 0.664332 0.271183 0.664799 0.282738
0 0.001867 0.275385 0.000000 0.275560 0.000000 0.303922 0.002568 0.304622 0.004669 0.307248 0.009570 0.310749 0.015640 0.313550 0.023109 0.318627 0.038515 0.325980 0.063025 0.333683 0.084734 0.337710 0.112512 0.339636 0.138889 0.339636 0.178805 0.336310 0.207983 0.331408 0.227591 0.324930 0.237628 0.319503 0.248133 0.309524 0.252101 0.300595 0.249300 0.289216 0.247899 0.286415 0.243231 0.281162 0.232260 0.272234 0.219888 0.265406 0.206349 0.259279 0.179739 0.250000 0.141457 0.240896 0.123249 0.238445 0.109244 0.237395 0.095238 0.237745 0.071195 0.240546 0.056956 0.243522 0.038049 0.248950 0.027311 0.253676 0.025677 0.255077 0.021942 0.256478 0.011204 0.263831 0.004202 0.270133 0.001867 0.275385
0 0.152194 0.484419 0.157096 0.491772 0.160831 0.494398 0.163866 0.495448 0.167600 0.498424 0.175070 0.502101 0.187442 0.505602 0.209851 0.508929 0.217554 0.508754 0.229692 0.510504 0.251167 0.511029 0.283380 0.508578 0.304388 0.505602 0.327965 0.500350 0.350373 0.491422 0.357143 0.488445 0.378852 0.475665 0.395425 0.463585 0.401494 0.457983 0.408964 0.449405 0.412232 0.439426 0.412932 0.430847 0.410131 0.422969 0.405462 0.414216 0.401261 0.410364 0.396592 0.408613 0.390289 0.402661 0.380252 0.398109 0.362979 0.395833 0.354809 0.396008 0.347572 0.395308 0.334734 0.396534 0.332400 0.396008 0.314426 0.396534 0.293184 0.398634 0.275444 0.403536 0.254435 0.407913 0.238796 0.412640 0.234594 0.413165 0.225957 0.416141 0.220355 0.419293 0.206116 0.424020 0.190476 0.431723 0.179739 0.439251 0.158030 0.459734 0.154528 0.466211 0.152194 0.474615 0.152194 0.484419
0 0.644725 0.529937 0.645892 0.539741 0.647292 0.543067 0.651727 0.566176 0.653595 0.587535 0.657096 0.607318 0.661298 0.617997 0.665966 0.626751 0.669001 0.630077 0.674603 0.633403 0.677171 0.637080 0.681606 0.640756 0.693277 0.645133 0.706583 0.647584 0.713819 0.647759 0.715920 0.647234 0.727824 0.647409 0.744164 0.644608 0.748133 0.642507 0.758170 0.639531 0.768207 0.634454 0.782213 0.625175 0.785714 0.621499 0.791083 0.618172 0.805556 0.603641 0.819094 0.583859 0.827031 0.567752 0.833800 0.546744 0.839169 0.523284 0.840570 0.505077 0.840336 0.496849 0.836601 0.477241 0.827264 0.462185 0.820261 0.455182 0.813025 0.450105 0.790383 0.440126 0.781513 0.437500 0.766340 0.435924 0.751167 0.436625 0.735061 0.439076 0.710084 0.447479 0.703315 0.450455 0.679972 0.466912 0.665500 0.480917 0.660831 0.486695 0.650560 0.502451 0.647292 0.511555 0.645658 0.522059 0.644725 0.529937
0 0.434407 0.192577 0.437908 0.199230 0.444444 0.208333 0.451214 0.214986 0.466853 0.226716 0.480859 0.233718 0.488562 0.236695 0.494631 0.240371 0.500700 0.242647 0.520542 0.249125 0.536881 0.252801 0.549486 0.254552 0.571429 0.255252 0.598039 0.254027 0.619281 0.250875 0.637255 0.245448 0.644024 0.241597 0.650093 0.236169 0.658030 0.224790 0.658030 0.220238 0.658964 0.217612 0.658263 0.209909 0.655462 0.206057 0.653128 0.199930 0.649393 0.195203 0.635854 0.183999 0.623249 0.177521 0.607610 0.171218 0.591503 0.166842 0.583333 0.165441 0.543884 0.162640 0.528711 0.162290 0.518908 0.162990 0.505836 0.162115 0.496032 0.162640 0.491363 0.161940 0.474790 0.162115 0.460551 0.164216 0.456816 0.165441 0.452848 0.165616 0.446779 0.168417 0.444678 0.169643 0.442577 0.172269 0.439776 0.173494 0.434174 0.182073 0.434407 0.192577
0 0.319328 0.545518 0.320028 0.557598 0.327731 0.584734 0.333333 0.595238 0.338702 0.602766 0.342204 0.605392 0.346639 0.612745 0.352241 0.616947 0.355509 0.618172 0.362278 0.624475 0.366947 0.627276 0.372782 0.632178 0.380486 0.636204 0.386788 0.640756 0.396825 0.645483 0.442110 0.676646 0.455182 0.682423 0.462185 0.684349 0.480859 0.695728 0.486928 0.694678 0.491130 0.695378 0.497432 0.693803 0.511905 0.687500 0.520308 0.682073 0.525910 0.676120 0.534314 0.664916 0.538982 0.656162 0.541083 0.653887 0.544585 0.641282 0.545518 0.636029 0.545051 0.623249 0.539683 0.599790 0.533147 0.585434 0.517040 0.565301 0.503268 0.552346 0.471522 0.528361 0.462885 0.522409 0.442110 0.513130 0.435341 0.508228 0.407796 0.495098 0.401261 0.494573 0.390990 0.492122 0.373716 0.491772 0.359711 0.494398 0.348273 0.499650 0.337535 0.506828 0.332400 0.511730 0.327965 0.518732 0.327498 0.521008 0.323063 0.528536 0.320261 0.538515 0.319328 0.545518
0 0.130019 0.846113 0.131886 0.855742 0.137021 0.869223 0.139589 0.873249 0.152661 0.887430 0.157563 0.891282 0.174603 0.901961 0.180672 0.903887 0.185341 0.904937 0.206816 0.903887 0.211718 0.903186 0.222923 0.900035 0.230392 0.895483 0.237628 0.893382 0.242063 0.891282 0.255135 0.882878 0.265873 0.874300 0.273343 0.867297 0.298319 0.839636 0.311858 0.821254 0.314893 0.814076 0.316760 0.803571 0.320962 0.789741 0.330065 0.770833 0.335434 0.756478 0.338469 0.751751 0.338936 0.744048 0.338235 0.737745 0.334267 0.724090 0.323296 0.703606 0.317927 0.696078 0.312792 0.692052 0.310924 0.689251 0.296919 0.679097 0.293184 0.677696 0.289916 0.675070 0.283613 0.672794 0.274510 0.671744 0.261905 0.668768 0.251167 0.670518 0.244164 0.670518 0.234127 0.673144 0.226424 0.676471 0.219188 0.680672 0.207049 0.689426 0.194211 0.702906 0.178571 0.723915 0.160831 0.750525 0.143791 0.779237 0.137955 0.793067 0.133053 0.810749 0.131186 0.820378 0.130019 0.834384 0.130019 0.846113
0 0.314893 0.848856 0.314426 0.859594 0.317460 0.877976 0.320495 0.887605 0.327031 0.901085 0.339869 0.918768 0.348506 0.925420 0.355042 0.932948 0.362045 0.935399 0.379318 0.946429 0.391923 0.951506 0.398926 0.952906 0.404062 0.955007 0.412932 0.957283 0.422969 0.959209 0.436275 0.959734 0.446078 0.958508 0.450747 0.954657 0.457049 0.946604 0.464519 0.934349 0.478758 0.904062 0.485528 0.881303 0.490430 0.858894 0.494865 0.845063 0.499767 0.835259 0.505602 0.815826 0.511438 0.783964 0.512138 0.764531 0.510971 0.751576 0.506303 0.737570 0.503501 0.733193 0.499300 0.722864 0.491130 0.710434 0.480392 0.698704 0.471522 0.691352 0.459851 0.685399 0.450514 0.682248 0.439776 0.679972 0.424370 0.679447 0.418301 0.681022 0.414566 0.681197 0.409197 0.683298 0.397526 0.685749 0.388889 0.689076 0.380486 0.694853 0.372082 0.703081 0.358077 0.723039 0.344304 0.744223 0.341270 0.751751 0.333333 0.765581 0.319561 0.800420 0.313959 0.824405 0.314893 0.848856
0 0.504669 0.839286 0.506536 0.855217 0.514939 0.877101 0.527778 0.915966 0.543417 0.941877 0.557423 0.958158 0.561858 0.964986 0.583100 0.986169 0.588469 0.989846 0.597806 0.992822 0.609244 0.991947 0.623249 0.989496 0.627684 0.987920 0.630252 0.988095 0.638422 0.985819 0.646359 0.980392 0.657796 0.974440 0.668534 0.966562 0.679972 0.956758 0.685107 0.950630 0.693511 0.943627 0.700747 0.935574 0.702848 0.930847 0.706816 0.925420 0.708917 0.918417 0.711018 0.914741 0.715453 0.900385 0.717554 0.885154 0.717087 0.870273 0.713119 0.842262 0.711485 0.838585 0.710551 0.831758 0.707983 0.824230 0.704248 0.807073 0.697479 0.786415 0.688842 0.765581 0.677638 0.744748 0.671802 0.736520 0.657796 0.723214 0.651261 0.718662 0.640523 0.714111 0.634454 0.712710 0.632820 0.710259 0.630019 0.709034 0.607376 0.706408 0.603175 0.706408 0.588235 0.708683 0.568627 0.716912 0.550187 0.730392 0.536881 0.744748 0.528011 0.758578 0.527077 0.761730 0.524276 0.765406 0.514239 0.786415 0.505135 0.827381 0.504669 0.839286
0 0.708917 0.786940 0.710317 0.803746 0.721522 0.889006 0.735294 0.917367 0.743231 0.927346 0.748133 0.932248 0.758403 0.934874 0.786415 0.935399 0.793417 0.935049 0.810691 0.932423 0.820261 0.930322 0.829132 0.927171 0.849907 0.917367 0.871382 0.903536 0.876284 0.898985 0.899860 0.875000 0.913399 0.855392 0.914566 0.851716 0.917834 0.848915 0.922269 0.838936 0.930906 0.810399 0.931373 0.804447 0.933473 0.796569 0.935341 0.780637 0.936041 0.749475 0.935107 0.730392 0.930439 0.710084 0.927404 0.703081 0.921569 0.696078 0.919701 0.691176 0.906863 0.680497 0.900794 0.677171 0.897526 0.676821 0.894958 0.675595 0.887021 0.670168 0.859477 0.661239 0.856209 0.661415 0.849440 0.660189 0.841970 0.660189 0.834967 0.660539 0.827498 0.662115 0.821662 0.661415 0.800187 0.666667 0.792951 0.669293 0.768441 0.682248 0.756303 0.690476 0.742997 0.702381 0.730859 0.717087 0.721522 0.730742 0.721055 0.733193 0.717554 0.737920 0.714286 0.744923 0.711018 0.757878 0.709150 0.779412 0.708917 0.786940
0 0.498599 0.502801 0.499533 0.508403 0.501634 0.516106 0.508637 0.532388 0.513072 0.538515 0.521709 0.553746 0.529412 0.564601 0.539683 0.577206 0.543884 0.581057 0.556022 0.598039 0.560458 0.602591 0.568627 0.608894 0.569795 0.610644 0.577965 0.616071 0.588235 0.618697 0.602007 0.620623 0.609244 0.620623 0.616013 0.618697 0.626517 0.613095 0.630252 0.611870 0.640756 0.602241 0.644958 0.596289 0.650560 0.585084 0.649627 0.563550 0.643324 0.540791 0.642624 0.533030 0.643091 0.525735 0.647059 0.505077 0.642857 0.494923 0.631419 0.476541 0.623249 0.465511 0.609477 0.452381 0.601774 0.446779 0.595705 0.443452 0.588702 0.440476 0.578665 0.438200 0.564426 0.437500 0.550420 0.438725 0.543651 0.440301 0.539916 0.442402 0.535948 0.443102 0.522642 0.450280 0.512138 0.458859 0.508637 0.463060 0.502334 0.480392 0.498833 0.495098 0.498599 0.502801
1 0.886555 0.571779 0.887488 0.585959 0.889356 0.597164 0.897059 0.614671 0.902194 0.624125 0.910598 0.633578 0.914799 0.640231 0.926471 0.649860 0.930205 0.653887 0.950747 0.669118 0.964986 0.675420 0.982960 0.685749 0.993697 0.690126 0.999767 0.691352 0.999767 0.488620 0.988095 0.486870 0.980626 0.486870 0.977358 0.488445 0.974090 0.487395 0.962652 0.488095 0.956583 0.490196 0.947712 0.491246 0.936975 0.496674 0.924837 0.500875 0.918301 0.504027 0.908263 0.510854 0.896825 0.522409 0.892624 0.529587 0.888189 0.543067 0.887021 0.549720 0.886555 0.571779
1 0.781046 0.324580 0.782913 0.328081 0.785948 0.331933 0.791083 0.334909 0.793184 0.337885 0.796919 0.340686 0.800187 0.340861 0.803688 0.342787 0.818161 0.346289 0.862745 0.361695 0.887021 0.368522 0.890523 0.368347 0.901727 0.359069 0.911298 0.353291 0.921569 0.348739 0.929739 0.346989 0.939076 0.348039 0.942810 0.345763 0.950280 0.344363 0.957516 0.346814 0.963352 0.347164 0.973623 0.349090 0.981092 0.352241 0.987628 0.353291 0.991130 0.355392 0.992764 0.354692 0.994398 0.351015 0.999767 0.349965 0.999767 0.305322 0.997899 0.305147 0.993231 0.296569 0.991363 0.289741 0.991363 0.286415 0.989262 0.283789 0.988329 0.279587 0.987162 0.279062 0.984594 0.280112 0.980859 0.278011 0.979692 0.276085 0.975023 0.272934 0.963352 0.267332 0.959617 0.263305 0.953548 0.261730 0.945145 0.261555 0.938142 0.262255 0.932540 0.261204 0.918301 0.260854 0.896125 0.263831 0.887255 0.264181 0.845705 0.271884 0.820962 0.280462 0.817927 0.283438 0.810691 0.286064 0.806489 0.289041 0.794118 0.298845 0.791550 0.303221 0.786181 0.307073 0.781279 0.319503 0.781046 0.324580
1 0.882353 0.397934 0.883520 0.406863 0.887955 0.422094 0.890756 0.428571 0.894491 0.431898 0.897059 0.436099 0.901027 0.440301 0.904528 0.440826 0.905929 0.439076 0.918534 0.430322 0.925303 0.427696 0.935574 0.425420 0.935107 0.418242 0.939309 0.415791 0.943978 0.417717 0.948880 0.421394 0.956349 0.424370 0.966387 0.424545 0.976891 0.426120 0.984594 0.428046 0.993697 0.431373 0.999767 0.432423 0.999767 0.360994 0.995798 0.357493 0.974090 0.349790 0.960084 0.346814 0.955415 0.347164 0.953081 0.345413 0.949813 0.346989 0.937208 0.347864 0.928105 0.347339 0.922269 0.348739 0.908030 0.355392 0.897759 0.362570 0.889122 0.371324 0.882586 0.385854 0.882353 0.397934
1 0.897376 0.517993 0.901027 0.516282 0.906162 0.510504 0.911998 0.506478 0.919935 0.502276 0.938609 0.494748 0.942810 0.491772 0.947712 0.490021 0.953548 0.489671 0.969655 0.486695 0.983193 0.486169 0.999767 0.486695 0.999767 0.433473 0.998133 0.433473 0.977124 0.426471 0.970822 0.425245 0.951681 0.424545 0.947012 0.422444 0.942810 0.417367 0.938842 0.417192 0.935574 0.418242 0.938609 0.424720 0.937442 0.427171 0.935808 0.427871 0.925070 0.428221 0.918534 0.430672 0.907096 0.439076 0.896592 0.452206 0.893091 0.464111 0.891223 0.483543 0.890990 0.491246 0.892157 0.498249 0.897376 0.517993
1 0.796685 0.664916 0.800654 0.665441 0.811158 0.662290 0.817927 0.661590 0.821429 0.660364 0.846405 0.659139 0.856209 0.660189 0.866947 0.662640 0.876984 0.665966 0.887722 0.661415 0.888889 0.654412 0.893091 0.651786 0.895425 0.651786 0.898459 0.654062 0.897292 0.664916 0.899160 0.675245 0.902894 0.678571 0.907330 0.680497 0.919935 0.690476 0.921802 0.693627 0.925303 0.696779 0.929272 0.694328 0.936275 0.686625 0.947946 0.671744 0.947246 0.668417 0.915266 0.642682 0.897526 0.620273 0.894024 0.619223 0.885154 0.619398 0.861811 0.622724 0.852474 0.625875 0.845472 0.629552 0.827498 0.636204 0.814426 0.645133 0.806723 0.652486 0.803221 0.654412 0.798553 0.660889 0.796685 0.664916
1 0.630019 0.703081 0.630252 0.706583 0.636088 0.709209 0.640056 0.712185 0.652894 0.717962 0.670401 0.733368 0.676237 0.740721 0.691176 0.767157 0.692577 0.771884 0.701681 0.791667 0.702848 0.797444 0.705182 0.799020 0.706583 0.802346 0.707983 0.773985 0.712185 0.747724 0.718954 0.732493 0.725957 0.721989 0.735528 0.709384 0.745565 0.698004 0.752801 0.692402 0.753735 0.688725 0.739729 0.676646 0.722923 0.667717 0.713585 0.664566 0.706349 0.662990 0.692110 0.661415 0.669001 0.663866 0.658263 0.668242 0.649160 0.674720 0.643324 0.680497 0.636788 0.688550 0.632820 0.696254 0.630019 0.703081
1 0.690943 0.658088 0.692344 0.659314 0.706116 0.661765 0.722456 0.667017 0.728525 0.669643 0.741597 0.677521 0.755135 0.688550 0.761671 0.685749 0.764239 0.683473 0.776377 0.676296 0.794118 0.667542 0.798086 0.662990 0.801821 0.655637 0.815593 0.643732 0.820261 0.640581 0.823063 0.637080 0.822362 0.633578 0.807656 0.609594 0.803688 0.606618 0.800187 0.609069 0.795051 0.615196 0.780812 0.626751 0.763072 0.637430 0.753035 0.641807 0.741830 0.645483 0.721755 0.648459 0.706583 0.648459 0.692577 0.645133 0.690009 0.646183 0.690943 0.658088
1 0.554622 0.648109 0.555789 0.653011 0.567694 0.655112 0.580999 0.659664 0.598273 0.669293 0.603641 0.673669 0.614379 0.686625 0.620448 0.696078 0.623249 0.702731 0.626517 0.703957 0.630019 0.700980 0.635621 0.688901 0.639589 0.683298 0.645892 0.676646 0.654995 0.669118 0.659897 0.666492 0.669468 0.662990 0.686041 0.661064 0.688142 0.659839 0.689776 0.657038 0.689542 0.651085 0.687208 0.645833 0.676704 0.639356 0.668067 0.632178 0.665033 0.628326 0.658030 0.616071 0.654995 0.609244 0.654295 0.604342 0.650794 0.597514 0.644024 0.598915 0.642624 0.602591 0.627451 0.613620 0.613445 0.620098 0.609477 0.621148 0.598273 0.620973 0.595472 0.619923 0.591737 0.619923 0.580999 0.616947 0.571195 0.612745 0.569094 0.613270 0.566993 0.615021 0.563259 0.620973 0.555556 0.642157 0.554622 0.648109
1 0.493931 0.710084 0.505836 0.731268 0.511204 0.747899 0.514472 0.765581 0.515406 0.775910 0.516573 0.772584 0.519141 0.771008 0.522409 0.766457 0.524743 0.761380 0.534080 0.747024 0.548086 0.730742 0.552832 0.727008 0.574230 0.713410 0.581232 0.709909 0.588702 0.707458 0.598973 0.706057 0.602241 0.705007 0.609244 0.704657 0.612745 0.705707 0.617647 0.705707 0.619748 0.705007 0.621148 0.703081 0.615313 0.688901 0.609944 0.681723 0.599440 0.671043 0.585434 0.663866 0.582166 0.661239 0.573063 0.657738 0.566760 0.655987 0.555089 0.654587 0.545285 0.654762 0.541783 0.655812 0.531279 0.671569 0.521709 0.682248 0.516340 0.686450 0.509337 0.690301 0.495565 0.696078 0.493931 0.699580 0.493931 0.710084
1 0.292484 0.675245 0.295285 0.676471 0.312558 0.689426 0.325630 0.705357 0.335668 0.724265 0.341970 0.742997 0.345238 0.740896 0.365313 0.710959 0.371849 0.702731 0.378618 0.695553 0.389589 0.687850 0.406396 0.682073 0.411064 0.678746 0.417600 0.676471 0.422736 0.676120 0.428571 0.678046 0.438609 0.679097 0.441176 0.678746 0.433240 0.671744 0.418534 0.661239 0.403361 0.650910 0.390990 0.643557 0.380019 0.638130 0.373483 0.636555 0.365546 0.637430 0.359244 0.634979 0.348739 0.634979 0.341970 0.636380 0.323063 0.643908 0.317460 0.647234 0.306022 0.656162 0.300187 0.662290 0.292951 0.672444 0.292484 0.675245
1 0.093838 0.706583 0.095938 0.716036 0.098273 0.722164 0.105742 0.734944 0.119748 0.752276 0.133987 0.761905 0.147526 0.767157 0.152428 0.762955 0.177638 0.723915 0.193744 0.702556 0.201447 0.693978 0.211951 0.685049 0.222689 0.677346 0.235761 0.671919 0.246849 0.669818 0.254902 0.669293 0.261204 0.667717 0.265640 0.668067 0.272409 0.670693 0.282913 0.672269 0.286181 0.673494 0.289916 0.672969 0.292951 0.668417 0.294118 0.664041 0.293651 0.655462 0.294585 0.651261 0.294585 0.642157 0.290149 0.620623 0.282680 0.606443 0.268441 0.591912 0.258403 0.584209 0.248133 0.579132 0.235528 0.575105 0.221055 0.573004 0.216853 0.571779 0.209617 0.573004 0.205182 0.571954 0.203548 0.570378 0.196312 0.566527 0.186741 0.564776 0.163165 0.574055 0.160831 0.573880 0.156629 0.577906 0.157796 0.581057 0.149860 0.583508 0.145892 0.588585 0.128385 0.603466 0.121849 0.612220 0.105509 0.638480 0.096405 0.672094 0.093604 0.689076 0.093838 0.706583
1 0.098506 0.626926 0.099673 0.630427 0.102474 0.635854 0.105742 0.636555 0.110644 0.627626 0.119514 0.616246 0.127451 0.603641 0.147526 0.585609 0.150794 0.584909 0.150560 0.583158 0.148926 0.581583 0.140756 0.581583 0.139356 0.579132 0.139823 0.576681 0.142624 0.575980 0.143557 0.574405 0.154762 0.574755 0.163632 0.571779 0.171802 0.570728 0.181373 0.565126 0.186041 0.564951 0.188609 0.563901 0.192810 0.563901 0.199813 0.566352 0.210084 0.573880 0.213352 0.574055 0.217320 0.571254 0.234360 0.573704 0.245331 0.577381 0.255135 0.581758 0.263772 0.587360 0.281279 0.603641 0.289916 0.617472 0.293417 0.617122 0.304388 0.610644 0.312092 0.603992 0.317927 0.597514 0.320495 0.591211 0.324930 0.585609 0.323296 0.577906 0.321895 0.575280 0.321662 0.571078 0.318161 0.560924 0.317694 0.544818 0.318627 0.539566 0.317927 0.536415 0.312325 0.532913 0.303688 0.528887 0.296685 0.526961 0.269608 0.523634 0.258870 0.524335 0.251634 0.523810 0.241130 0.524860 0.220822 0.529062 0.208217 0.532563 0.188375 0.539741 0.180205 0.543242 0.156863 0.555497 0.134921 0.570378 0.126984 0.578431 0.123016 0.581057 0.104342 0.605567 0.103875 0.609244 0.101074 0.612745 0.098739 0.622374 0.098506 0.626926
1 0.405696 0.454832 0.396359 0.463761 0.380719 0.475840 0.360644 0.487745 0.359944 0.488971 0.348273 0.493697 0.346405 0.494748 0.346872 0.495448 0.348973 0.496499 0.352241 0.495098 0.355742 0.494573 0.356209 0.493522 0.357843 0.492822 0.380252 0.490721 0.401261 0.493172 0.407096 0.494573 0.421335 0.500000 0.448413 0.515581 0.456349 0.518732 0.471055 0.526961 0.496499 0.546043 0.512838 0.559524 0.520308 0.566877 0.522642 0.570203 0.527778 0.573880 0.529412 0.578081 0.531513 0.579132 0.532213 0.581408 0.533380 0.581933 0.533380 0.577906 0.531513 0.574930 0.531513 0.571254 0.517274 0.549370 0.506769 0.530287 0.500467 0.516457 0.495565 0.495973 0.492297 0.489146 0.482726 0.475315 0.469888 0.462535 0.463352 0.457633 0.460084 0.456758 0.453548 0.452381 0.447012 0.449755 0.442577 0.446954 0.438842 0.446604 0.433940 0.444853 0.414799 0.440476 0.405696 0.454832
1 0.292717 0.624125 0.295518 0.639006 0.296218 0.653711 0.298086 0.659839 0.300187 0.660889 0.309641 0.652574 0.323996 0.643032 0.331232 0.639706 0.343371 0.635854 0.349907 0.634629 0.359244 0.634454 0.363445 0.636380 0.373483 0.633754 0.371382 0.633053 0.369748 0.630077 0.360177 0.624475 0.349673 0.615896 0.336368 0.602066 0.331466 0.594713 0.327965 0.592262 0.317694 0.599615 0.313959 0.603817 0.293184 0.621499 0.292717 0.624125
1 0.597106 0.442927 0.611345 0.452731 0.623950 0.464636 0.627451 0.470413 0.642390 0.490196 0.647526 0.499300 0.650794 0.499650 0.656162 0.491246 0.666200 0.479167 0.680205 0.466211 0.698413 0.452556 0.709384 0.447129 0.723156 0.442577 0.726891 0.440651 0.737628 0.438025 0.744164 0.437675 0.761905 0.435049 0.769374 0.435049 0.784080 0.437500 0.790149 0.439251 0.810924 0.447829 0.818627 0.452731 0.824463 0.458508 0.828431 0.459559 0.832166 0.457633 0.837302 0.453081 0.845705 0.441527 0.850373 0.428746 0.850607 0.418067 0.846172 0.405812 0.844304 0.403361 0.840803 0.401085 0.838235 0.397584 0.830766 0.391982 0.824230 0.388831 0.815593 0.386905 0.810458 0.383578 0.800187 0.382003 0.772876 0.381303 0.763072 0.380427 0.751167 0.380952 0.699813 0.390056 0.682073 0.395658 0.675537 0.398810 0.671802 0.398459 0.661064 0.401786 0.626284 0.416842 0.619748 0.421394 0.616246 0.422269 0.610878 0.425245 0.601774 0.432598 0.596172 0.438901 0.597106 0.442927
1 0.720588 0.320203 0.723389 0.325630 0.730626 0.334209 0.744398 0.345588 0.762372 0.355742 0.772642 0.359944 0.774510 0.359944 0.783847 0.362920 0.786415 0.365021 0.792484 0.363270 0.814426 0.359594 0.831933 0.358368 0.839636 0.355917 0.839169 0.354867 0.835201 0.352241 0.831699 0.351716 0.827731 0.349790 0.823763 0.349090 0.820495 0.346989 0.807190 0.343312 0.804388 0.341036 0.792017 0.336134 0.787582 0.333158 0.783613 0.328957 0.781046 0.324755 0.781279 0.317752 0.786648 0.306723 0.792717 0.299545 0.806723 0.289041 0.810458 0.287465 0.813959 0.284839 0.820261 0.282913 0.817460 0.280462 0.808357 0.279937 0.794118 0.280637 0.784314 0.283088 0.769141 0.285364 0.765406 0.287115 0.761905 0.287290 0.746732 0.293242 0.737862 0.297969 0.734360 0.301296 0.726424 0.306197 0.722456 0.310399 0.720355 0.314076 0.720588 0.320203
1 0.766340 0.378326 0.764006 0.380077 0.765173 0.380602 0.769608 0.380952 0.775210 0.380077 0.797852 0.380602 0.811625 0.383053 0.817460 0.385154 0.819795 0.387080 0.832633 0.393207 0.838002 0.396534 0.846639 0.405987 0.849440 0.411590 0.851074 0.417717 0.851307 0.428922 0.846872 0.438901 0.847106 0.442752 0.873716 0.445553 0.893324 0.449405 0.897526 0.448529 0.901027 0.442227 0.897292 0.435749 0.890756 0.429972 0.888655 0.426296 0.882353 0.403887 0.881419 0.396008 0.881653 0.387605 0.887488 0.373249 0.885854 0.369748 0.859711 0.360994 0.845705 0.358368 0.841270 0.358193 0.833567 0.359419 0.824463 0.359419 0.799720 0.362745 0.786181 0.366246 0.779412 0.368873 0.771942 0.372899 0.767040 0.376576 0.766340 0.378326
1 0.829832 0.463410 0.831232 0.466912 0.833100 0.468487 0.836835 0.475140 0.840336 0.487395 0.841503 0.494573 0.841737 0.510854 0.843371 0.514531 0.845005 0.515406 0.865079 0.516457 0.882120 0.518732 0.890523 0.521183 0.893791 0.520833 0.895892 0.519083 0.897759 0.515406 0.894725 0.511905 0.893557 0.507353 0.890523 0.491071 0.890523 0.484769 0.891457 0.480917 0.892390 0.463235 0.896592 0.453081 0.895892 0.451856 0.887021 0.448704 0.873249 0.445553 0.855976 0.443627 0.847572 0.443978 0.845238 0.444678 0.840803 0.450805 0.830299 0.462535 0.829832 0.463410
1 0.838702 0.528711 0.832866 0.553571 0.825630 0.573704 0.818161 0.587185 0.814426 0.591562 0.807656 0.602241 0.807656 0.605917 0.819328 0.626050 0.824463 0.631653 0.828198 0.633754 0.830532 0.634104 0.841036 0.631127 0.853175 0.625350 0.863212 0.622024 0.876517 0.620098 0.887255 0.619748 0.890289 0.618873 0.894024 0.619573 0.895425 0.619048 0.896125 0.616947 0.892624 0.605917 0.889122 0.599440 0.886321 0.580182 0.886321 0.549720 0.889122 0.536590 0.893557 0.522409 0.883520 0.519608 0.859477 0.516457 0.841970 0.516106 0.840103 0.519083 0.838702 0.528711
1 0.535481 0.355742 0.535948 0.358894 0.539916 0.364496 0.544818 0.364846 0.554388 0.364146 0.560691 0.364846 0.574697 0.367472 0.583333 0.370273 0.593137 0.375350 0.603408 0.382703 0.609244 0.391282 0.612745 0.393557 0.623716 0.388305 0.638422 0.377101 0.652894 0.365371 0.669701 0.348214 0.676704 0.335434 0.679038 0.329482 0.680672 0.321429 0.681373 0.310749 0.679739 0.304272 0.677171 0.300420 0.667134 0.290616 0.661298 0.281688 0.651727 0.275385 0.647526 0.273985 0.644024 0.273810 0.626284 0.276786 0.619048 0.278711 0.612512 0.281162 0.585201 0.294818 0.555789 0.314251 0.548786 0.320903 0.546685 0.324055 0.540616 0.335084 0.536648 0.345413 0.535481 0.355742
1 0.586835 0.289916 0.588469 0.291667 0.592204 0.290791 0.610878 0.281338 0.622782 0.276786 0.643091 0.273109 0.647292 0.273284 0.651727 0.274685 0.660131 0.279412 0.661298 0.281162 0.663632 0.265231 0.670401 0.247374 0.679972 0.228641 0.704715 0.195728 0.705882 0.192227 0.704248 0.189426 0.700280 0.188200 0.693744 0.187675 0.681606 0.188901 0.664099 0.195028 0.656162 0.199580 0.655462 0.203081 0.659430 0.209209 0.660831 0.217437 0.658730 0.226366 0.654528 0.232493 0.649160 0.238445 0.640523 0.244748 0.626984 0.249475 0.601541 0.255077 0.597572 0.256828 0.590336 0.272584 0.587068 0.285364 0.586835 0.289916
1 0.673669 0.348915 0.680672 0.354342 0.694211 0.360994 0.706349 0.365021 0.724323 0.359769 0.753501 0.354692 0.754902 0.352941 0.754202 0.351541 0.744865 0.345938 0.741363 0.342262 0.735528 0.338761 0.731559 0.335259 0.722923 0.324580 0.719188 0.317577 0.719888 0.314251 0.723389 0.309349 0.730859 0.303221 0.736461 0.300070 0.739496 0.296394 0.738095 0.295693 0.730859 0.296394 0.704482 0.303746 0.699580 0.304272 0.688842 0.303746 0.684174 0.305147 0.682540 0.306898 0.682073 0.317227 0.679739 0.331408 0.673903 0.345413 0.673669 0.348915
1 0.670635 0.393557 0.670868 0.395483 0.672736 0.396709 0.675537 0.397059 0.687442 0.392507 0.762138 0.378852 0.773810 0.370973 0.783613 0.366246 0.780112 0.362745 0.761671 0.356092 0.755135 0.355217 0.751634 0.356968 0.741130 0.357143 0.726891 0.359594 0.718021 0.361870 0.708917 0.365196 0.692344 0.373074 0.681373 0.380252 0.671802 0.390581 0.670635 0.393557
1 0.305322 0.210434 0.306489 0.220413 0.308123 0.224090 0.312558 0.229517 0.320261 0.236345 0.324697 0.238270 0.331466 0.242647 0.338235 0.245798 0.358777 0.252276 0.376517 0.254902 0.394725 0.255252 0.443044 0.251050 0.451681 0.249300 0.456116 0.247549 0.476891 0.234244 0.475023 0.230742 0.463585 0.224615 0.445612 0.210259 0.434407 0.193803 0.433240 0.187150 0.433940 0.181898 0.437442 0.175245 0.443044 0.171919 0.443744 0.168242 0.442577 0.167717 0.425303 0.165441 0.404762 0.164391 0.399627 0.164916 0.393091 0.164041 0.387488 0.165091 0.376517 0.165791 0.366246 0.167892 0.363212 0.169118 0.359010 0.169468 0.343838 0.173494 0.324230 0.181898 0.312792 0.189776 0.308357 0.196078 0.305556 0.203431 0.305322 0.210434
1 0.435341 0.297269 0.436741 0.299545 0.449113 0.300595 0.470822 0.306548 0.478758 0.311625 0.484360 0.317227 0.490196 0.324405 0.493697 0.331758 0.496499 0.341912 0.496265 0.352416 0.498133 0.354692 0.501634 0.355042 0.503968 0.354517 0.512372 0.351366 0.518674 0.349965 0.527077 0.344363 0.533147 0.339811 0.540149 0.332108 0.546919 0.321078 0.550420 0.304447 0.551587 0.293417 0.551120 0.285889 0.547852 0.271008 0.539916 0.256478 0.538515 0.255077 0.532446 0.252801 0.509804 0.246499 0.496965 0.241597 0.484360 0.235644 0.480626 0.235294 0.469655 0.240721 0.457049 0.250000 0.438375 0.278011 0.435574 0.290441 0.435341 0.297269
1 0.350607 0.387605 0.351774 0.392857 0.352708 0.393732 0.379785 0.397234 0.383987 0.398284 0.392624 0.401961 0.394725 0.403536 0.397292 0.408964 0.404295 0.411590 0.406629 0.413866 0.408263 0.418768 0.411531 0.423144 0.413165 0.428922 0.414799 0.431373 0.418301 0.431197 0.421802 0.429797 0.426471 0.426646 0.436041 0.422794 0.445612 0.417017 0.449113 0.413866 0.456583 0.410714 0.468021 0.403011 0.476891 0.394958 0.485761 0.383929 0.492764 0.366772 0.495798 0.352416 0.495331 0.341737 0.492530 0.331408 0.485761 0.319678 0.478058 0.311800 0.468021 0.305147 0.459851 0.302871 0.450280 0.301646 0.434874 0.301646 0.428105 0.302521 0.418301 0.305147 0.407096 0.309699 0.400327 0.313375 0.383520 0.325980 0.368347 0.341387 0.355042 0.362745 0.352708 0.369923 0.350840 0.383403 0.350607 0.387605
1 0.459851 0.442577 0.461951 0.452556 0.464052 0.456758 0.476190 0.467087 0.480626 0.472514 0.491130 0.480042 0.495565 0.481092 0.498133 0.482668 0.501634 0.478291 0.505369 0.468662 0.510504 0.459384 0.524043 0.448704 0.538049 0.441352 0.543184 0.439426 0.550420 0.438025 0.563492 0.436975 0.573529 0.436800 0.590803 0.439951 0.592437 0.439776 0.595472 0.437675 0.598506 0.433824 0.602241 0.431723 0.608777 0.425245 0.610411 0.421919 0.612045 0.412115 0.612045 0.400735 0.609944 0.393032 0.602708 0.383228 0.595705 0.377626 0.581232 0.370098 0.566293 0.366071 0.554855 0.364846 0.541317 0.365021 0.536415 0.365896 0.533147 0.367297 0.522176 0.367997 0.512372 0.370623 0.500467 0.375175 0.488095 0.382703 0.479458 0.395308 0.471755 0.404412 0.466853 0.418943 0.460317 0.431898 0.459851 0.442577
1 0.130952 0.224790 0.131886 0.230392 0.134921 0.237045 0.137021 0.239321 0.177871 0.248599 0.194211 0.253676 0.218254 0.263831 0.235294 0.273634 0.240663 0.277836 0.249300 0.287815 0.253268 0.296744 0.255135 0.298669 0.268674 0.300945 0.292017 0.302871 0.317460 0.301646 0.331933 0.297094 0.334267 0.295168 0.345005 0.290266 0.347106 0.287640 0.348739 0.282388 0.345705 0.271884 0.341270 0.265581 0.337302 0.261905 0.331466 0.254377 0.301354 0.230392 0.281279 0.216912 0.276611 0.214811 0.269141 0.209734 0.261905 0.206758 0.252334 0.201331 0.244398 0.199230 0.241130 0.197304 0.234827 0.195203 0.223856 0.192227 0.199346 0.187500 0.175303 0.186975 0.164332 0.188375 0.151027 0.191352 0.142390 0.195903 0.136321 0.201506 0.133053 0.206408 0.131186 0.216912 0.130952 0.224790
1 0.313025 0.238796 0.314192 0.241422 0.322596 0.244573 0.328198 0.251401 0.335901 0.257528 0.345005 0.269958 0.350140 0.280987 0.349907 0.285014 0.347106 0.290266 0.338469 0.296043 0.317694 0.302696 0.304855 0.303922 0.304155 0.307423 0.306489 0.310574 0.314192 0.317402 0.324697 0.324230 0.327965 0.324230 0.328898 0.321954 0.336835 0.313375 0.345238 0.308999 0.348739 0.308999 0.352474 0.302171 0.355742 0.301471 0.362745 0.306373 0.366246 0.306373 0.369514 0.305147 0.376050 0.305322 0.388422 0.308999 0.394491 0.312150 0.397526 0.312500 0.400794 0.310924 0.399393 0.300245 0.394024 0.290266 0.380252 0.272409 0.373483 0.265056 0.368347 0.261380 0.364846 0.257703 0.359010 0.253326 0.342670 0.248424 0.314192 0.234244 0.311158 0.234594 0.310691 0.237745 0.313025 0.238796
1 0.377218 0.265406 0.377451 0.269083 0.385621 0.278536 0.394491 0.290616 0.399627 0.299720 0.402894 0.308473 0.403828 0.308999 0.407796 0.308473 0.411765 0.307248 0.414099 0.305497 0.433240 0.300420 0.434874 0.297444 0.435341 0.288690 0.437908 0.278536 0.447712 0.262255 0.450514 0.255077 0.449813 0.251751 0.446545 0.252626 0.442344 0.251751 0.386788 0.256303 0.383287 0.257353 0.380019 0.259804 0.377218 0.265406
1 0.326331 0.349090 0.327731 0.359419 0.329832 0.363620 0.334267 0.366246 0.338702 0.365896 0.349440 0.366772 0.352241 0.367822 0.355976 0.363095 0.357143 0.359069 0.367647 0.342087 0.381886 0.327556 0.394725 0.318452 0.397526 0.314076 0.390756 0.310574 0.380486 0.306548 0.356209 0.302171 0.353875 0.302346 0.351774 0.304097 0.350607 0.308824 0.341970 0.310924 0.334967 0.316176 0.330999 0.321078 0.328198 0.326856 0.326564 0.337360 0.326331 0.349090
1 0.244398 0.408088 0.248833 0.408613 0.257236 0.406338 0.271942 0.404062 0.293651 0.398109 0.316760 0.395483 0.321662 0.395833 0.348739 0.394258 0.349907 0.392857 0.349440 0.384104 0.351074 0.373424 0.350840 0.369748 0.341970 0.367647 0.325630 0.366422 0.301120 0.368873 0.290383 0.371499 0.278011 0.376050 0.270075 0.381303 0.265406 0.383403 0.258637 0.388655 0.246032 0.404412 0.244398 0.408088
1 0.249533 0.309349 0.242530 0.317052 0.234827 0.322479 0.227358 0.326155 0.220822 0.328081 0.214052 0.331232 0.213585 0.331758 0.215453 0.334909 0.242530 0.344188 0.248133 0.346814 0.254669 0.351015 0.270775 0.363796 0.279412 0.374650 0.293184 0.369923 0.299720 0.368522 0.318861 0.366597 0.325163 0.365021 0.326797 0.362395 0.324930 0.349515 0.326097 0.330532 0.325397 0.326506 0.320962 0.324055 0.318861 0.321254 0.303688 0.308473 0.296919 0.305147 0.262138 0.300770 0.258170 0.301120 0.254902 0.300420 0.249533 0.309349
1 0.051120 0.356092 0.053688 0.357668 0.059057 0.357143 0.063959 0.358368 0.088469 0.358193 0.091503 0.359244 0.109244 0.360819 0.123016 0.364146 0.126984 0.365896 0.135621 0.367647 0.151494 0.373424 0.172736 0.385679 0.190243 0.399510 0.203081 0.413165 0.206583 0.413866 0.213352 0.413165 0.217087 0.410714 0.220355 0.410364 0.230859 0.406863 0.233427 0.406513 0.237628 0.408438 0.241130 0.408088 0.257937 0.388480 0.267740 0.381127 0.275677 0.376576 0.277077 0.373775 0.274743 0.369048 0.270308 0.364146 0.260738 0.355742 0.248833 0.347689 0.234827 0.341737 0.215686 0.334909 0.213352 0.333333 0.210551 0.332983 0.202848 0.332983 0.175303 0.338235 0.160598 0.338410 0.139122 0.340336 0.119981 0.339636 0.104809 0.339986 0.092437 0.338761 0.085434 0.338936 0.066993 0.336485 0.064192 0.337010 0.062092 0.340161 0.056256 0.344188 0.052521 0.348739 0.051587 0.352066 0.051120 0.356092
1 0.001634 0.367822 0.000000 0.367822 0.000000 0.435749 0.008637 0.439426 0.021709 0.446954 0.032680 0.450980 0.037348 0.451856 0.043417 0.455707 0.052521 0.457108 0.058824 0.460084 0.066760 0.461310 0.077965 0.464461 0.084734 0.465161 0.099206 0.465161 0.109010 0.463235 0.112979 0.463410 0.122082 0.462185 0.147993 0.462535 0.154528 0.461835 0.179505 0.438725 0.189776 0.431548 0.197246 0.427346 0.201914 0.425595 0.204482 0.423494 0.205182 0.421744 0.204015 0.418067 0.199813 0.410714 0.193044 0.402661 0.186975 0.397409 0.166200 0.382003 0.153361 0.375175 0.137955 0.369048 0.115780 0.362920 0.102241 0.360644 0.086601 0.359069 0.060458 0.359069 0.049953 0.357843 0.022642 0.360469 0.014006 0.362745 0.001634 0.367822
1 0.003035 0.525910 0.007236 0.533438 0.013772 0.541667 0.019141 0.544643 0.022409 0.547969 0.025910 0.549020 0.029412 0.551471 0.036881 0.553922 0.056956 0.558123 0.060458 0.558298 0.070495 0.561800 0.095005 0.562500 0.113679 0.562325 0.121615 0.561275 0.126984 0.561625 0.129085 0.560574 0.136788 0.559349 0.144258 0.560924 0.188609 0.538866 0.213352 0.530287 0.241130 0.523810 0.249767 0.520308 0.253268 0.515756 0.251867 0.513480 0.250467 0.512780 0.226657 0.511730 0.213819 0.509454 0.208217 0.509979 0.200747 0.509104 0.181839 0.505077 0.173903 0.502276 0.161298 0.495973 0.156629 0.492472 0.152428 0.487570 0.151027 0.483018 0.151027 0.476015 0.151494 0.470413 0.153361 0.466211 0.151961 0.464286 0.142390 0.463410 0.119981 0.463060 0.084267 0.467787 0.066060 0.472689 0.040616 0.481968 0.029879 0.486870 0.014472 0.496324 0.009104 0.498249 0.009104 0.501576 0.004202 0.508578 0.002568 0.513655 0.003035 0.525910
1 0.489963 0.376401 0.490896 0.380252 0.492997 0.378501 0.497199 0.376751 0.517974 0.369223 0.536181 0.366246 0.537582 0.363796 0.537582 0.362570 0.532913 0.357843 0.528945 0.356618 0.524043 0.353641 0.519141 0.352241 0.513539 0.352241 0.499767 0.355742 0.497899 0.356618 0.496032 0.359244 0.489963 0.376401
1 0.611345 0.418067 0.610177 0.421744 0.612045 0.423669 0.645892 0.407913 0.645658 0.404237 0.644024 0.402661 0.630019 0.398634 0.615546 0.399510 0.612745 0.400910 0.611345 0.418067