0 0.317227 0.390581 0.323296 0.401085 0.327731 0.406162 0.339636 0.415091 0.343838 0.416667 0.350840 0.422094 0.362745 0.428046 0.373483 0.431548 0.383754 0.436099 0.418301 0.444678 0.440009 0.448004 0.460551 0.449930 0.477591 0.447829 0.484127 0.446254 0.489963 0.443452 0.495098 0.439426 0.498133 0.440126 0.500700 0.438025 0.504902 0.436975 0.506536 0.435399 0.507470 0.431373 0.511671 0.425070 0.513539 0.416842 0.512372 0.404237 0.510271 0.400385 0.505135 0.393207 0.494865 0.383578 0.477824 0.372199 0.463352 0.366772 0.432306 0.358193 0.429038 0.358894 0.424837 0.358543 0.380252 0.352591 0.355509 0.352591 0.338469 0.355392 0.328431 0.359594 0.323996 0.362745 0.321195 0.365896 0.317227 0.375875 0.317227 0.390581
0 0.500700 0.466912 0.503968 0.473564 0.507937 0.478817 0.515640 0.484419 0.522876 0.488445 0.529879 0.491597 0.535948 0.492647 0.543417 0.495448 0.563725 0.500000 0.576797 0.501751 0.586134 0.503852 0.596639 0.504377 0.605042 0.505602 0.630486 0.504027 0.640523 0.502626 0.655462 0.499475 0.672269 0.493347 0.680439 0.489496 0.688142 0.484244 0.695845 0.473739 0.697246 0.467787 0.697479 0.459384 0.693044 0.445728 0.678805 0.436450 0.666200 0.431898 0.653361 0.428396 0.637722 0.425070 0.633287 0.424720 0.629318 0.423319 0.616947 0.421919 0.588469 0.421744 0.581699 0.422794 0.577965 0.422619 0.557423 0.425770 0.545518 0.428571 0.529645 0.433824 0.518908 0.438550 0.509804 0.444503 0.508870 0.446254 0.505369 0.448880 0.500467 0.457108 0.500700 0.466912
0 0.548086 0.323704 0.552054 0.334209 0.555322 0.338585 0.565826 0.348915 0.574697 0.354517 0.588469 0.361520 0.592437 0.365196 0.602241 0.368697 0.612745 0.374125 0.618814 0.375875 0.623016 0.378151 0.644024 0.384804 0.658263 0.386555 0.661298 0.387955 0.680205 0.388831 0.686275 0.389706 0.692344 0.389706 0.706816 0.387430 0.720355 0.384629 0.727358 0.382528 0.734827 0.379202 0.740896 0.375875 0.748133 0.370273 0.751634 0.366246 0.753268 0.362570 0.756069 0.350490 0.754902 0.341912 0.752801 0.336835 0.746965 0.329307 0.742297 0.325455 0.734360 0.320553 0.720588 0.313550 0.696545 0.305672 0.683707 0.302696 0.647759 0.296218 0.627218 0.294993 0.618181 0.295343 0.609477 0.294468 0.595005 0.294818 0.578665 0.297094 0.567227 0.299895 0.564192 0.301296 0.555556 0.307248 0.550187 0.313200 0.548553 0.317577 0.548086 0.323704
0 0.801120 0.355917 0.806489 0.367822 0.811158 0.373249 0.827965 0.387255 0.840570 0.394258 0.848973 0.397934 0.869281 0.401611 0.883287 0.402661 0.908497 0.402486 0.931139 0.399860 0.949346 0.396008 0.963119 0.389881 0.971055 0.383578 0.974556 0.379902 0.978992 0.369573 0.979458 0.362220 0.978058 0.355917 0.975023 0.349440 0.970355 0.343312 0.964986 0.339986 0.956816 0.331758 0.952148 0.329832 0.949580 0.327731 0.941877 0.324580 0.928571 0.320903 0.918768 0.319328 0.905229 0.318102 0.891457 0.318452 0.883987 0.319853 0.869748 0.321078 0.852241 0.325630 0.841503 0.325105 0.824463 0.327906 0.813492 0.332633 0.806723 0.336835 0.802054 0.341912 0.800654 0.348739 0.801120 0.355917
1 0.260971 0.456583 0.259337 0.459734 0.260738 0.464986 0.260971 0.470588 0.265173 0.477766 0.276844 0.485294 0.286415 0.488620 0.290149 0.488971 0.297152 0.491246 0.338002 0.498249 0.352474 0.502451 0.362045 0.503501 0.387255 0.502276 0.394024 0.501225 0.400093 0.499300 0.401727 0.497724 0.405229 0.487920 0.411064 0.481443 0.418768 0.475665 0.432073 0.468838 0.445845 0.463936 0.447012 0.462885 0.448179 0.457983 0.447946 0.452906 0.445612 0.450455 0.439076 0.448704 0.421569 0.446254 0.407796 0.442577 0.403361 0.442052 0.379785 0.435049 0.356209 0.425595 0.345705 0.419293 0.342670 0.416492 0.338702 0.415091 0.316293 0.418242 0.300654 0.422619 0.286181 0.428396 0.271942 0.438200 0.265406 0.445378 0.261671 0.452556 0.260971 0.456583
1 0.182773 0.403711 0.185574 0.414216 0.189076 0.421043 0.192810 0.424895 0.195612 0.429447 0.204248 0.435924 0.214519 0.441176 0.216620 0.442927 0.224090 0.446254 0.229925 0.450280 0.246732 0.456583 0.251867 0.459734 0.255135 0.460609 0.258403 0.459034 0.260738 0.451506 0.267740 0.441877 0.285714 0.428046 0.293651 0.424370 0.307890 0.419818 0.314893 0.418417 0.321662 0.416141 0.328198 0.415091 0.329132 0.414741 0.330532 0.411940 0.322129 0.402136 0.316293 0.392507 0.303688 0.383754 0.296919 0.381127 0.255369 0.371674 0.237862 0.370798 0.226891 0.370973 0.211018 0.372199 0.206816 0.373424 0.203081 0.373599 0.189076 0.381127 0.184874 0.385854 0.183240 0.390056 0.182773 0.403711
1 0.282680 0.366246 0.283847 0.367472 0.286881 0.367822 0.288982 0.365721 0.291550 0.365021 0.294351 0.365721 0.295051 0.370273 0.293651 0.373249 0.296919 0.375350 0.300654 0.380252 0.303221 0.381478 0.307423 0.385154 0.314426 0.388480 0.316293 0.386380 0.317694 0.372899 0.320028 0.366772 0.324697 0.362045 0.333800 0.356618 0.342204 0.354167 0.355509 0.352241 0.377451 0.352066 0.422502 0.356793 0.429272 0.356793 0.431606 0.355742 0.428571 0.351190 0.422035 0.346639 0.401027 0.336660 0.386788 0.331232 0.373716 0.327556 0.369514 0.327031 0.344771 0.326681 0.331466 0.327906 0.324697 0.329482 0.313959 0.332808 0.306022 0.337360 0.299720 0.341912 0.293651 0.348915 0.292484 0.358631 0.291550 0.360294 0.286415 0.360644 0.283847 0.362745 0.282680 0.366246
1 0.159430 0.321078 0.160131 0.324055 0.164566 0.335084 0.170868 0.345413 0.182073 0.356618 0.203782 0.370973 0.206816 0.371849 0.226190 0.369748 0.243697 0.369923 0.263072 0.372024 0.289683 0.378326 0.293651 0.377626 0.295518 0.376576 0.291783 0.368522 0.289683 0.367297 0.284314 0.369573 0.282446 0.367997 0.282446 0.366246 0.284080 0.364671 0.285948 0.360294 0.292017 0.357843 0.293884 0.348739 0.295985 0.344888 0.306022 0.337010 0.310691 0.334559 0.312792 0.331583 0.308590 0.324405 0.303922 0.320903 0.288515 0.313725 0.275677 0.309874 0.257236 0.305497 0.241130 0.300245 0.230392 0.298319 0.223856 0.296744 0.220121 0.294993 0.213352 0.293592 0.195378 0.292017 0.187908 0.292017 0.180205 0.293067 0.168768 0.297619 0.165033 0.300945 0.160831 0.310224 0.159430 0.321078
1 0.030345 0.380427 0.031513 0.384104 0.036415 0.390931 0.045752 0.397584 0.066527 0.408088 0.077731 0.410539 0.081466 0.412115 0.098039 0.413515 0.115780 0.413866 0.123249 0.412815 0.130486 0.410714 0.148926 0.403711 0.160131 0.401436 0.179038 0.400035 0.181139 0.397584 0.182306 0.387605 0.184174 0.384279 0.190710 0.378501 0.199580 0.374300 0.200980 0.373249 0.200980 0.372199 0.200280 0.369748 0.188142 0.361870 0.176704 0.352941 0.167367 0.341036 0.161531 0.331408 0.158964 0.325280 0.157330 0.324055 0.152894 0.323704 0.133987 0.325630 0.120215 0.329832 0.112979 0.330707 0.087768 0.340511 0.066527 0.347514 0.063959 0.349090 0.059991 0.349790 0.044818 0.357843 0.037815 0.362745 0.034781 0.366071 0.030579 0.373950 0.030345 0.380427
1 0.068394 0.282213 0.072362 0.287290 0.089869 0.297094 0.099206 0.301821 0.110177 0.305847 0.119981 0.310399 0.132586 0.313375 0.137021 0.315301 0.144024 0.316702 0.154295 0.320028 0.158030 0.319328 0.160131 0.306723 0.162932 0.301296 0.170168 0.295868 0.178571 0.292717 0.186975 0.291492 0.199813 0.291317 0.213585 0.292892 0.221989 0.294643 0.223856 0.295693 0.228058 0.295693 0.231559 0.296569 0.234360 0.296744 0.235294 0.294993 0.235061 0.292717 0.226190 0.284139 0.222689 0.279937 0.217554 0.271359 0.205882 0.258228 0.191176 0.252801 0.181839 0.250350 0.164099 0.246849 0.151261 0.245098 0.135621 0.244048 0.115313 0.245973 0.112745 0.246324 0.108310 0.248424 0.098506 0.250525 0.077965 0.261730 0.070962 0.269783 0.068627 0.275910 0.068394 0.282213
1 0.192344 0.227416 0.192810 0.230567 0.200280 0.248074 0.207750 0.258578 0.218487 0.271183 0.222456 0.278011 0.232026 0.288340 0.234827 0.292717 0.240430 0.296919 0.246265 0.300245 0.258403 0.304972 0.286415 0.312150 0.306956 0.320553 0.317694 0.320903 0.320728 0.319853 0.324463 0.319678 0.332866 0.316877 0.339402 0.312675 0.342437 0.308648 0.352708 0.286064 0.353175 0.279062 0.346639 0.268032 0.331466 0.251225 0.315359 0.242822 0.280812 0.220238 0.267274 0.210259 0.261438 0.207983 0.251634 0.207808 0.244631 0.206408 0.229925 0.206232 0.224323 0.207108 0.213119 0.209559 0.199113 0.215686 0.193744 0.223564 0.192344 0.227416
0 0.251634 0.185049 0.255135 0.194328 0.258403 0.200280 0.263772 0.207283 0.305789 0.236345 0.311391 0.239146 0.319561 0.244748 0.325864 0.247024 0.336835 0.252451 0.352474 0.257178 0.364379 0.258053 0.369748 0.257703 0.373249 0.256478 0.391923 0.246499 0.411531 0.239671 0.423436 0.237745 0.426237 0.235644 0.428805 0.231618 0.430439 0.222864 0.427171 0.209034 0.423203 0.203081 0.415733 0.195028 0.380019 0.175070 0.361345 0.167542 0.349206 0.163866 0.341270 0.162815 0.327965 0.159839 0.306956 0.157388 0.295752 0.157038 0.279879 0.158789 0.274743 0.160539 0.268674 0.164216 0.265173 0.164916 0.260271 0.167892 0.258637 0.171043 0.254202 0.174720 0.251634 0.180847 0.251634 0.185049
1 0.345005 0.321078 0.346872 0.324755 0.348273 0.325805 0.369748 0.326331 0.372549 0.327206 0.376751 0.327206 0.403128 0.337185 0.413165 0.341737 0.418534 0.342262 0.421802 0.341387 0.431606 0.335609 0.446545 0.324405 0.466387 0.304622 0.474790 0.291667 0.479458 0.281513 0.479692 0.269783 0.477824 0.263655 0.470355 0.254902 0.456349 0.244748 0.442344 0.240721 0.428338 0.238620 0.414566 0.240196 0.400093 0.244223 0.385154 0.250525 0.371615 0.258578 0.368581 0.261380 0.360177 0.272234 0.353641 0.289741 0.351074 0.293067 0.347572 0.300245 0.344071 0.311450 0.345005 0.321078
1 0.461718 0.223389 0.462185 0.233193 0.466153 0.244573 0.466620 0.248249 0.479225 0.263305 0.482726 0.271884 0.483193 0.279237 0.493464 0.296569 0.500467 0.304622 0.521242 0.319328 0.534080 0.324755 0.536648 0.324930 0.545051 0.323004 0.547152 0.321254 0.549486 0.314076 0.552288 0.310049 0.559057 0.303922 0.564192 0.300945 0.571195 0.298494 0.579132 0.296744 0.581699 0.293417 0.580532 0.282038 0.578898 0.275735 0.575397 0.266282 0.567694 0.251751 0.563492 0.248074 0.561391 0.243873 0.545285 0.227766 0.524510 0.211835 0.505369 0.202206 0.494865 0.199055 0.487162 0.198704 0.480859 0.199405 0.472456 0.203256 0.467087 0.207458 0.464519 0.211310 0.462418 0.216912 0.461718 0.223389
1 0.545985 0.195903 0.546218 0.199230 0.552988 0.212710 0.554622 0.214286 0.569328 0.221989 0.586601 0.226190 0.592204 0.228466 0.612512 0.233018 0.632820 0.234944 0.650093 0.234944 0.662465 0.233368 0.678805 0.229517 0.695378 0.223039 0.702848 0.216036 0.705882 0.203431 0.711018 0.192227 0.709384 0.185924 0.706349 0.181898 0.699580 0.176821 0.692810 0.174020 0.677638 0.172094 0.665500 0.167892 0.660831 0.167017 0.647759 0.166141 0.640523 0.164741 0.626284 0.164216 0.602241 0.167017 0.589169 0.170868 0.570495 0.177696 0.557423 0.183824 0.551821 0.187675 0.547852 0.192752 0.545985 0.195903
0 0.402428 0.161064 0.403361 0.165266 0.406162 0.170518 0.410598 0.175420 0.411998 0.179272 0.415033 0.182423 0.428105 0.187500 0.442577 0.189776 0.446078 0.188725 0.449813 0.188901 0.459851 0.187150 0.470355 0.184524 0.502334 0.181373 0.519141 0.176120 0.532913 0.169118 0.540616 0.164216 0.542951 0.161415 0.548086 0.157913 0.553922 0.152486 0.559290 0.143908 0.561858 0.137255 0.561158 0.126576 0.554388 0.112920 0.542017 0.105392 0.529412 0.101716 0.522409 0.101366 0.494631 0.103291 0.483660 0.105742 0.462185 0.112220 0.433940 0.126401 0.423203 0.133754 0.416200 0.139881 0.408497 0.147409 0.404295 0.154937 0.402428 0.161064
0 0.545985 0.196078 0.546452 0.199580 0.552754 0.212185 0.555322 0.214461 0.569795 0.221989 0.578898 0.224615 0.587768 0.225840 0.594071 0.228641 0.612979 0.232843 0.633754 0.234769 0.647759 0.234769 0.667834 0.232143 0.675303 0.229692 0.678571 0.229342 0.695145 0.223039 0.701681 0.217612 0.703315 0.214986 0.705882 0.203256 0.711018 0.192402 0.709150 0.185574 0.706116 0.181723 0.700280 0.177171 0.692577 0.173845 0.676937 0.171919 0.668067 0.169293 0.665500 0.167892 0.660831 0.167017 0.648226 0.166141 0.640990 0.164741 0.624883 0.164216 0.602474 0.167017 0.571195 0.177346 0.555789 0.184874 0.550887 0.188550 0.547619 0.193102 0.545985 0.196078
1 0.427638 0.209734 0.431373 0.220238 0.431139 0.227591 0.429272 0.234244 0.429739 0.237745 0.451214 0.242647 0.463352 0.248074 0.464753 0.247024 0.465219 0.244573 0.462185 0.237395 0.461251 0.229342 0.461485 0.220763 0.463352 0.213410 0.465920 0.208508 0.468487 0.205707 0.473623 0.202381 0.482493 0.199055 0.491597 0.198354 0.501167 0.200455 0.507703 0.202906 0.517740 0.207633 0.520775 0.210084 0.525210 0.212185 0.539916 0.223739 0.546685 0.227591 0.548786 0.224615 0.551120 0.216912 0.550187 0.210084 0.547386 0.203256 0.541083 0.195553 0.526377 0.187500 0.512138 0.183123 0.497899 0.182423 0.484127 0.183473 0.467087 0.186450 0.452614 0.191176 0.440943 0.197129 0.430439 0.201331 0.427171 0.203957 0.427638 0.209734
0 0.705882 0.217262 0.707049 0.223915 0.710551 0.228817 0.714286 0.237395 0.720355 0.244048 0.722222 0.248424 0.730626 0.254902 0.738095 0.257703 0.740896 0.259454 0.744398 0.260329 0.751167 0.264706 0.759804 0.267507 0.771008 0.269783 0.782446 0.271008 0.803455 0.269608 0.820495 0.270133 0.828198 0.271183 0.838936 0.273985 0.845705 0.274510 0.859244 0.270833 0.866480 0.267157 0.871615 0.263305 0.877451 0.255427 0.881186 0.245448 0.881886 0.236870 0.880252 0.227416 0.874883 0.216912 0.871382 0.212360 0.866246 0.207808 0.862045 0.206057 0.845705 0.195728 0.835434 0.192227 0.827965 0.191527 0.824463 0.189601 0.817927 0.187850 0.807423 0.187150 0.784028 0.188725 0.769374 0.188025 0.757470 0.188550 0.745098 0.188200 0.724090 0.189776 0.716620 0.191001 0.711951 0.194328 0.707049 0.203081 0.706116 0.209734 0.705882 0.217262
1 0.185341 0.196604 0.186975 0.203256 0.194911 0.212885 0.197012 0.213936 0.199580 0.214461 0.207049 0.210784 0.219888 0.207283 0.227124 0.206057 0.242063 0.206057 0.257236 0.207108 0.261905 0.206583 0.254435 0.194153 0.252101 0.188025 0.250700 0.182773 0.251867 0.177346 0.253268 0.174720 0.262138 0.165091 0.281979 0.157913 0.275910 0.155112 0.273109 0.155812 0.262372 0.155987 0.241130 0.160714 0.237628 0.162465 0.234360 0.162640 0.226424 0.165441 0.219655 0.166667 0.207283 0.171394 0.196545 0.177696 0.191410 0.181548 0.187208 0.185924 0.185574 0.188901 0.185341 0.196604
1 0.262838 0.130427 0.263772 0.134104 0.265640 0.137255 0.272176 0.142682 0.273343 0.144783 0.273343 0.147409 0.276844 0.152661 0.280812 0.155112 0.283847 0.155987 0.290149 0.155987 0.293417 0.156688 0.307423 0.155987 0.317927 0.157038 0.347106 0.162815 0.357843 0.166141 0.369748 0.171218 0.381653 0.175245 0.406863 0.189426 0.411298 0.190301 0.411531 0.185049 0.401027 0.164741 0.395658 0.156513 0.387722 0.146709 0.380719 0.139881 0.371849 0.132878 0.366013 0.129027 0.355742 0.124475 0.345705 0.118172 0.326097 0.111169 0.321195 0.108193 0.317927 0.108718 0.300654 0.102591 0.293184 0.102416 0.279645 0.104867 0.272642 0.107668 0.266573 0.112570 0.263305 0.119223 0.262838 0.130427
1 0.152428 0.085434 0.154762 0.092787 0.162465 0.106968 0.182540 0.121849 0.195145 0.128501 0.217320 0.134804 0.223623 0.138655 0.247899 0.146884 0.260971 0.148284 0.268908 0.148459 0.270075 0.147584 0.267740 0.144083 0.267974 0.140406 0.263072 0.135154 0.261905 0.128326 0.263772 0.116246 0.267274 0.111345 0.271709 0.108018 0.282913 0.103641 0.289683 0.102241 0.296452 0.101891 0.310924 0.103992 0.317460 0.106618 0.319328 0.105742 0.318161 0.102066 0.305789 0.089986 0.285714 0.077556 0.277311 0.073880 0.271475 0.072304 0.241363 0.066527 0.199813 0.064076 0.185341 0.064951 0.175537 0.066877 0.165033 0.070728 0.155696 0.077206 0.152661 0.081232 0.152428 0.085434
1 0.323996 0.105917 0.325397 0.109419 0.328665 0.111695 0.346872 0.118873 0.355742 0.124650 0.364613 0.128501 0.375584 0.135854 0.390990 0.150735 0.397292 0.160014 0.399627 0.159489 0.400794 0.158613 0.405462 0.148985 0.415500 0.137080 0.416433 0.133578 0.412698 0.130077 0.404762 0.125000 0.395658 0.117822 0.392390 0.116246 0.383053 0.107668 0.376050 0.099090 0.371148 0.089986 0.368347 0.081933 0.368581 0.064076 0.366713 0.061450 0.362979 0.059699 0.356676 0.059349 0.344771 0.063550 0.339869 0.066176 0.336835 0.069503 0.327965 0.083333 0.325630 0.091737 0.324463 0.100315 0.323996 0.105917
1 0.368347 0.081933 0.375117 0.097864 0.383287 0.107843 0.390056 0.114146 0.411064 0.128326 0.418301 0.132003 0.421802 0.132353 0.425303 0.130952 0.445845 0.119048 0.450280 0.117647 0.461018 0.112045 0.474090 0.107493 0.487395 0.104167 0.505602 0.101366 0.526144 0.101015 0.528245 0.099265 0.525910 0.091737 0.521709 0.085084 0.518441 0.081583 0.516573 0.078081 0.510738 0.073004 0.497899 0.062675 0.484594 0.056022 0.470355 0.051821 0.456816 0.050245 0.444911 0.050245 0.411531 0.047969 0.397526 0.048144 0.387021 0.050245 0.376984 0.054972 0.370215 0.061800 0.368347 0.065126 0.368347 0.081933
1 0.609944 0.130602 0.610878 0.137255 0.619748 0.149510 0.625117 0.154237 0.638422 0.162115 0.699113 0.175420 0.703782 0.176996 0.710084 0.177521 0.713585 0.176996 0.717087 0.175070 0.721055 0.175595 0.734127 0.173845 0.754902 0.168242 0.762605 0.164391 0.763772 0.162290 0.763772 0.158263 0.761438 0.148985 0.761671 0.141632 0.763772 0.133403 0.769608 0.123775 0.770775 0.119748 0.763072 0.111870 0.747666 0.106268 0.731092 0.101541 0.706349 0.099265 0.695845 0.100665 0.681839 0.103641 0.675303 0.103641 0.669468 0.105392 0.641223 0.109594 0.630252 0.112220 0.619981 0.116947 0.615780 0.119748 0.612045 0.123775 0.610411 0.127626 0.609944 0.130602
0 0.762838 0.151261 0.766807 0.164741 0.770308 0.168768 0.779879 0.175945 0.785714 0.178922 0.800654 0.183824 0.809757 0.185049 0.817694 0.184874 0.820495 0.185574 0.837302 0.184349 0.850840 0.181022 0.859944 0.176120 0.866013 0.172619 0.874650 0.165966 0.880252 0.159664 0.885154 0.151436 0.890056 0.137255 0.891457 0.127101 0.890990 0.122549 0.887021 0.112745 0.883520 0.108718 0.878151 0.104342 0.865780 0.098564 0.856443 0.096639 0.847106 0.096113 0.817227 0.097514 0.801354 0.101190 0.794585 0.104167 0.789916 0.105217 0.780579 0.112045 0.773576 0.118347 0.765873 0.130427 0.762605 0.141807 0.762838 0.151261
1 0.533380 0.102241 0.539449 0.103291 0.548553 0.107143 0.550187 0.109244 0.556022 0.113095 0.556956 0.116246 0.559524 0.118873 0.563259 0.129552 0.562325 0.140406 0.559524 0.146534 0.558357 0.147409 0.559991 0.150035 0.564426 0.151611 0.603408 0.153711 0.608543 0.154762 0.613912 0.153887 0.617180 0.150910 0.617180 0.147409 0.611111 0.139531 0.609010 0.131127 0.609711 0.126401 0.611578 0.122724 0.614924 0.119865 0.626751 0.113095 0.634220 0.110469 0.654295 0.106443 0.665033 0.105742 0.668301 0.104167 0.675303 0.102591 0.671802 0.096639 0.666200 0.092087 0.657796 0.089286 0.654295 0.086310 0.650560 0.086835 0.630719 0.082283 0.619981 0.081583 0.589169 0.081933 0.574697 0.084209 0.571429 0.085434 0.560458 0.087185 0.550420 0.091387 0.543417 0.093312 0.533847 0.098915 0.533380 0.102241
1 0.519841 0.081408 0.524043 0.086485 0.529412 0.097514 0.531979 0.098214 0.533147 0.098214 0.539683 0.094713 0.553688 0.090336 0.559991 0.087535 0.573996 0.084909 0.581466 0.082808 0.587535 0.082108 0.594304 0.081583 0.605509 0.082108 0.615079 0.081408 0.625817 0.081758 0.647526 0.084909 0.654062 0.087185 0.657096 0.085259 0.654295 0.081583 0.650794 0.078782 0.642157 0.074405 0.629318 0.070728 0.609010 0.066352 0.596172 0.064776 0.563725 0.064776 0.543184 0.067402 0.528945 0.071954 0.523109 0.074580 0.519374 0.077731 0.519841 0.081408
1 0.660131 0.088585 0.669468 0.092787 0.672969 0.095763 0.677404 0.102241 0.679505 0.103116 0.682540 0.103116 0.702381 0.098915 0.711485 0.092962 0.717787 0.090511 0.726190 0.089461 0.732026 0.089811 0.735061 0.088585 0.732026 0.085084 0.727591 0.082458 0.713352 0.076681 0.696545 0.075630 0.690243 0.075980 0.683007 0.077381 0.668301 0.081408 0.660364 0.085084 0.660131 0.088585
1 0.707049 0.095413 0.706349 0.097514 0.703081 0.098915 0.717320 0.099615 0.738562 0.103291 0.755836 0.108543 0.761204 0.110819 0.766807 0.114321 0.769374 0.117647 0.772176 0.118522 0.786181 0.107318 0.788982 0.105917 0.786415 0.102066 0.776144 0.096989 0.765640 0.093312 0.737628 0.088585 0.726657 0.089111 0.723389 0.088585 0.714052 0.090686 0.709384 0.093312 0.707049 0.095413
1 0.565126 0.247549 0.569328 0.252801 0.577264 0.268032 0.582866 0.283263 0.591737 0.288866 0.598273 0.291141 0.605042 0.292192 0.609010 0.291667 0.613912 0.287990 0.619514 0.285364 0.630019 0.281162 0.635854 0.279587 0.654295 0.277836 0.660364 0.276611 0.671102 0.276611 0.700047 0.274860 0.701914 0.273109 0.703782 0.262430 0.705415 0.258929 0.712418 0.251751 0.706816 0.244923 0.703081 0.242472 0.692810 0.231268 0.686041 0.228992 0.678805 0.230042 0.665733 0.233894 0.641223 0.235469 0.609477 0.233018 0.595705 0.230392 0.588702 0.230917 0.583800 0.231968 0.577498 0.234419 0.569795 0.238620 0.565826 0.241597 0.563959 0.244048 0.565126 0.247549
1 0.610411 0.293242 0.612512 0.294293 0.637255 0.294818 0.640523 0.295693 0.650794 0.296043 0.654762 0.297269 0.673436 0.300070 0.692577 0.304097 0.700514 0.307248 0.706816 0.308473 0.717320 0.312150 0.732493 0.319153 0.743697 0.326331 0.748366 0.330532 0.752801 0.336134 0.755369 0.343312 0.758637 0.348389 0.765640 0.346464 0.775910 0.339986 0.780345 0.335959 0.784547 0.329657 0.785014 0.323179 0.784080 0.319328 0.768908 0.293067 0.765173 0.292017 0.750233 0.284664 0.727358 0.277486 0.704015 0.275210 0.660364 0.276786 0.651494 0.278361 0.637255 0.279412 0.619748 0.285539 0.612745 0.289741 0.610411 0.293242
1 0.702614 0.272584 0.704949 0.274685 0.710551 0.276085 0.726891 0.277661 0.749300 0.284839 0.758637 0.289741 0.767974 0.292542 0.768908 0.293417 0.769608 0.291667 0.769141 0.282038 0.770075 0.280112 0.772876 0.277661 0.776611 0.276085 0.779645 0.273109 0.782446 0.272409 0.760504 0.267682 0.731559 0.255427 0.724556 0.251050 0.720588 0.249825 0.714986 0.250875 0.710084 0.254377 0.706116 0.258403 0.703548 0.265756 0.702614 0.272584
1 0.693978 0.230917 0.695612 0.233894 0.706116 0.244398 0.713585 0.249825 0.716853 0.249825 0.720355 0.248599 0.720822 0.247549 0.719888 0.244573 0.711485 0.233193 0.706349 0.222864 0.703081 0.218662 0.698413 0.221814 0.694444 0.226015 0.693978 0.230917
1 0.768908 0.283613 0.772176 0.296744 0.779178 0.310574 0.784080 0.316877 0.785948 0.321078 0.786415 0.325105 0.790383 0.329482 0.793417 0.334559 0.800187 0.340686 0.803688 0.338761 0.805789 0.336134 0.816527 0.330357 0.828198 0.326856 0.835901 0.325980 0.838936 0.324580 0.848506 0.325455 0.855042 0.324580 0.863912 0.321604 0.871615 0.320028 0.894958 0.317227 0.897292 0.315476 0.897526 0.314076 0.894491 0.307598 0.889122 0.300070 0.885387 0.296394 0.873249 0.287815 0.859244 0.280812 0.846872 0.276786 0.825163 0.271534 0.814659 0.270483 0.801120 0.270483 0.788982 0.271884 0.779412 0.274510 0.771709 0.278887 0.769608 0.281338 0.768908 0.283613
1 0.477358 0.285364 0.472222 0.296394 0.463119 0.308999 0.452614 0.317752 0.445845 0.325280 0.440009 0.328431 0.442810 0.329657 0.446078 0.332808 0.452614 0.334734 0.460317 0.334384 0.470355 0.331933 0.483894 0.330357 0.502568 0.332458 0.508637 0.334559 0.515173 0.333683 0.522176 0.330007 0.528011 0.328081 0.531746 0.325280 0.535247 0.324580 0.532680 0.324230 0.520853 0.319561 0.503501 0.307423 0.495798 0.300245 0.485061 0.284489 0.480626 0.281162 0.477358 0.285364
1 0.425303 0.348915 0.435574 0.356618 0.450980 0.362745 0.470121 0.367997 0.493931 0.381303 0.498133 0.384454 0.502101 0.384454 0.512838 0.378852 0.515406 0.376576 0.513772 0.373074 0.504202 0.360119 0.503035 0.356092 0.502801 0.351541 0.503735 0.348389 0.510504 0.338410 0.511905 0.334909 0.508403 0.334734 0.501867 0.332458 0.495098 0.331057 0.483193 0.330357 0.470588 0.331933 0.450047 0.336485 0.443744 0.338761 0.435574 0.340511 0.432306 0.343312 0.427871 0.344363 0.425537 0.347164 0.425303 0.348915
1 0.502568 0.354517 0.503501 0.359244 0.508170 0.366246 0.513772 0.371849 0.515406 0.376576 0.516573 0.377101 0.522176 0.377101 0.531046 0.374825 0.543184 0.373249 0.550887 0.371499 0.585201 0.367997 0.593838 0.366246 0.584967 0.359769 0.574230 0.354342 0.563725 0.347164 0.555556 0.339286 0.550654 0.331583 0.549253 0.327031 0.546685 0.324755 0.539216 0.325630 0.531279 0.327556 0.514239 0.334909 0.508170 0.340686 0.503035 0.349965 0.502568 0.354517
1 0.461485 0.453081 0.466853 0.456933 0.470121 0.457808 0.498133 0.456408 0.501401 0.453256 0.502801 0.450455 0.504669 0.449405 0.506069 0.446954 0.512605 0.440826 0.515640 0.439951 0.518908 0.437675 0.526844 0.434174 0.549486 0.426996 0.570728 0.423144 0.598273 0.420868 0.616713 0.421043 0.625584 0.422269 0.629785 0.421744 0.633987 0.416141 0.637488 0.404412 0.634921 0.390756 0.628852 0.383754 0.621148 0.378501 0.595705 0.368522 0.591270 0.367647 0.566527 0.369048 0.530345 0.375000 0.516340 0.378676 0.508170 0.381828 0.500000 0.387080 0.501867 0.390581 0.505369 0.393908 0.510738 0.401085 0.514706 0.414741 0.513305 0.421394 0.510271 0.426996 0.508170 0.428746 0.506536 0.436800 0.504202 0.437850 0.496732 0.439251 0.488329 0.444503 0.481092 0.447654 0.475490 0.448880 0.467087 0.449230 0.462652 0.450980 0.461718 0.452031 0.461485 0.453081
1 0.631886 0.421919 0.635387 0.423494 0.645425 0.425595 0.671569 0.433123 0.675303 0.433473 0.677171 0.432248 0.677404 0.418242 0.678571 0.411415 0.676471 0.407913 0.668067 0.403536 0.656863 0.400735 0.639589 0.402486 0.637722 0.404762 0.635621 0.413866 0.632820 0.418242 0.631886 0.421919
1 0.716853 0.456583 0.721522 0.461134 0.726424 0.470588 0.728058 0.476716 0.727358 0.488620 0.730626 0.488620 0.733427 0.485644 0.749767 0.475840 0.766340 0.470238 0.766573 0.467087 0.758403 0.459734 0.753501 0.446429 0.751634 0.444503 0.733427 0.448529 0.717787 0.450105 0.715219 0.452556 0.716853 0.456583
1 0.404528 0.498249 0.409664 0.505952 0.415966 0.512605 0.422736 0.516457 0.425537 0.519083 0.429505 0.520483 0.439309 0.526085 0.449346 0.530112 0.469655 0.535014 0.485061 0.534839 0.519608 0.536415 0.550187 0.533088 0.555556 0.531513 0.560691 0.528711 0.562558 0.526085 0.566527 0.522934 0.582166 0.513305 0.583800 0.509104 0.583567 0.505252 0.580999 0.503326 0.557190 0.499125 0.532913 0.492822 0.528711 0.491422 0.515406 0.484769 0.508170 0.479167 0.504902 0.475665 0.500700 0.469713 0.498599 0.459384 0.495798 0.458508 0.470121 0.460084 0.442577 0.466211 0.425303 0.473039 0.413866 0.479867 0.406863 0.487395 0.404295 0.492822 0.404528 0.498249
1 0.062092 0.460259 0.063259 0.463235 0.066993 0.469013 0.074230 0.475315 0.081232 0.479167 0.102474 0.487745 0.113212 0.490021 0.118114 0.490371 0.137955 0.489146 0.168301 0.491071 0.172502 0.490546 0.179272 0.490896 0.184874 0.489671 0.234827 0.473915 0.250000 0.463410 0.251167 0.460259 0.248833 0.458158 0.227591 0.449405 0.204949 0.436625 0.197479 0.431373 0.190710 0.423845 0.185574 0.415266 0.181839 0.403536 0.179505 0.401961 0.175303 0.401611 0.158263 0.402311 0.149860 0.404062 0.133520 0.410889 0.115079 0.417017 0.092204 0.428221 0.080299 0.435224 0.066527 0.445553 0.062325 0.452206 0.062092 0.460259
1 0.056489 0.542192 0.059524 0.548144 0.070962 0.554972 0.079132 0.557073 0.095705 0.563901 0.112045 0.566527 0.132120 0.565651 0.146825 0.566001 0.186275 0.569153 0.198179 0.570728 0.206116 0.570553 0.214052 0.567752 0.209384 0.565301 0.203081 0.563901 0.189076 0.558824 0.180672 0.554447 0.166433 0.544643 0.160831 0.538866 0.157563 0.533438 0.155462 0.526436 0.156162 0.518908 0.159197 0.514531 0.165966 0.509104 0.170168 0.503501 0.179505 0.498074 0.179038 0.494573 0.175070 0.494398 0.160598 0.491071 0.149160 0.490021 0.136088 0.490021 0.112512 0.491947 0.096405 0.495798 0.076797 0.505252 0.065593 0.514181 0.059757 0.522584 0.056489 0.532038 0.056489 0.542192
1 0.047852 0.623249 0.051354 0.628501 0.059524 0.634629 0.070962 0.639531 0.080532 0.644783 0.105042 0.652661 0.136788 0.658964 0.140056 0.658789 0.142157 0.657913 0.142157 0.656513 0.141690 0.650385 0.139122 0.644083 0.139122 0.636730 0.142390 0.628676 0.149393 0.622199 0.168768 0.613796 0.184641 0.609069 0.202381 0.605217 0.206349 0.605042 0.218487 0.601891 0.235528 0.598915 0.249066 0.595588 0.250233 0.591387 0.247199 0.587185 0.241363 0.583859 0.234594 0.581232 0.230859 0.580707 0.227358 0.578957 0.192577 0.570903 0.141457 0.566527 0.126050 0.566702 0.109477 0.568452 0.095472 0.571954 0.081466 0.577556 0.076331 0.581583 0.065126 0.588410 0.053922 0.598739 0.051821 0.601891 0.049020 0.608193 0.047386 0.616071 0.047852 0.623249
1 0.140056 0.645308 0.144491 0.657738 0.156629 0.669468 0.160131 0.671919 0.164332 0.673319 0.171335 0.678746 0.182773 0.682248 0.200280 0.685749 0.244865 0.688550 0.270075 0.685224 0.279178 0.681723 0.282913 0.681723 0.289683 0.680322 0.293884 0.678746 0.300187 0.677871 0.317460 0.673319 0.322129 0.670168 0.325630 0.669118 0.326564 0.668417 0.324463 0.665966 0.323063 0.661590 0.319094 0.654587 0.319094 0.649160 0.320261 0.644783 0.325397 0.636204 0.341270 0.622899 0.340803 0.619923 0.338936 0.616422 0.331232 0.611695 0.327731 0.610994 0.311391 0.610294 0.293184 0.607668 0.279412 0.603817 0.270542 0.600315 0.265873 0.597514 0.258170 0.595588 0.251401 0.596113 0.234827 0.599090 0.216853 0.603466 0.200047 0.606092 0.173669 0.612395 0.155696 0.619573 0.150327 0.623249 0.147759 0.624125 0.144958 0.626225 0.142157 0.629902 0.140056 0.636555 0.140056 0.645308
1 0.155462 0.526085 0.157096 0.532738 0.161298 0.539741 0.168301 0.546569 0.181139 0.554797 0.197246 0.560924 0.206116 0.562850 0.210084 0.562675 0.216853 0.565651 0.230859 0.567577 0.241363 0.567752 0.244398 0.567402 0.246265 0.566176 0.250000 0.559874 0.259337 0.552346 0.266106 0.548494 0.293184 0.535714 0.298553 0.534314 0.321195 0.523810 0.342670 0.515581 0.347106 0.512430 0.347339 0.509279 0.345705 0.503676 0.342670 0.501050 0.338702 0.499475 0.321662 0.496674 0.317460 0.495273 0.313725 0.495273 0.296919 0.492297 0.286648 0.489496 0.274743 0.485119 0.262838 0.477416 0.261438 0.473915 0.257003 0.469888 0.255135 0.466211 0.252568 0.468487 0.251167 0.468838 0.248133 0.468137 0.247432 0.469013 0.244631 0.469538 0.241597 0.472164 0.233660 0.475665 0.209851 0.482493 0.202148 0.485469 0.185341 0.493873 0.181139 0.496324 0.178805 0.498775 0.175303 0.499825 0.167834 0.505252 0.164799 0.508578 0.163399 0.512080 0.161298 0.512255 0.158030 0.515231 0.155696 0.523284 0.155462 0.526085
1 0.247199 0.567927 0.250934 0.583158 0.259804 0.592437 0.264239 0.595938 0.272409 0.600490 0.281046 0.603817 0.293417 0.606968 0.313259 0.609594 0.334967 0.609069 0.338002 0.607843 0.351541 0.606793 0.362045 0.603116 0.390289 0.596814 0.394725 0.594363 0.401961 0.592262 0.421102 0.583683 0.425770 0.579832 0.426937 0.577731 0.427871 0.560924 0.431606 0.551996 0.434641 0.548319 0.439076 0.544818 0.444911 0.542192 0.446779 0.539916 0.446312 0.536064 0.445145 0.532738 0.442344 0.529412 0.419234 0.516106 0.411765 0.513130 0.387722 0.510854 0.356676 0.512430 0.345238 0.515056 0.335434 0.518908 0.318627 0.526436 0.294351 0.536064 0.265640 0.549195 0.253735 0.557423 0.248366 0.564251 0.247199 0.567927
1 0.357376 0.510679 0.362512 0.511730 0.387722 0.510329 0.410364 0.512955 0.414799 0.512080 0.407563 0.503501 0.404062 0.500350 0.401027 0.499125 0.391223 0.502101 0.362979 0.504552 0.357143 0.507003 0.357376 0.510679
1 0.356209 0.609244 0.359244 0.614496 0.372549 0.612745 0.379552 0.610469 0.391223 0.609244 0.405929 0.606618 0.411998 0.606443 0.445378 0.610294 0.452848 0.610294 0.454248 0.609419 0.440710 0.597514 0.429272 0.582983 0.427638 0.582283 0.425070 0.582283 0.409430 0.589811 0.387955 0.597514 0.376751 0.600665 0.359477 0.603466 0.356443 0.605917 0.356209 0.609244
0 0.320028 0.653711 0.322596 0.660014 0.327731 0.666317 0.337302 0.672444 0.367647 0.685749 0.374883 0.686975 0.397526 0.694153 0.404762 0.695553 0.408263 0.696954 0.411298 0.699755 0.414099 0.699055 0.428338 0.704132 0.445612 0.706758 0.458217 0.707808 0.471289 0.707808 0.488329 0.706758 0.498833 0.704832 0.515406 0.700105 0.531746 0.687150 0.539449 0.678922 0.540850 0.675595 0.542017 0.664041 0.540149 0.654237 0.534547 0.646183 0.525677 0.637955 0.519141 0.634979 0.503735 0.630952 0.474790 0.621324 0.456349 0.612920 0.435107 0.609419 0.410831 0.607493 0.390289 0.609769 0.359944 0.615546 0.350607 0.619573 0.334734 0.628676 0.328431 0.633929 0.324230 0.638655 0.321429 0.643557 0.320495 0.647059 0.320028 0.653711
0 0.390289 0.807598 0.394258 0.814251 0.397292 0.817577 0.406863 0.824755 0.414799 0.828081 0.424603 0.833683 0.431839 0.835609 0.439309 0.838585 0.449346 0.841211 0.453315 0.841562 0.480859 0.851716 0.484594 0.851891 0.490896 0.854167 0.510971 0.855567 0.525910 0.855042 0.539683 0.851015 0.553688 0.847864 0.566760 0.840861 0.577498 0.832283 0.581232 0.827906 0.591503 0.810749 0.594538 0.801471 0.593604 0.793242 0.587302 0.778711 0.578431 0.770658 0.571895 0.767682 0.567694 0.764356 0.557890 0.760854 0.525444 0.751751 0.512138 0.749825 0.489262 0.748950 0.463585 0.749125 0.456116 0.750525 0.446078 0.752801 0.432306 0.758929 0.424837 0.761380 0.410131 0.771008 0.404295 0.777136 0.396592 0.786064 0.392624 0.792017 0.390289 0.799545 0.390289 0.807598
0 0.185341 0.750875 0.188142 0.758578 0.191877 0.762430 0.197246 0.766282 0.210317 0.772934 0.223389 0.776436 0.240663 0.779587 0.251634 0.781162 0.259104 0.781338 0.292717 0.786765 0.301587 0.786940 0.309991 0.788340 0.322129 0.788515 0.331466 0.787815 0.346872 0.783088 0.362979 0.777136 0.376984 0.769433 0.387021 0.761905 0.389823 0.757528 0.394958 0.752451 0.399860 0.744573 0.402194 0.737920 0.402661 0.728817 0.406396 0.721639 0.408263 0.720238 0.409664 0.715861 0.411531 0.713410 0.411298 0.709734 0.412698 0.705882 0.415733 0.702906 0.414799 0.702381 0.411531 0.702906 0.408030 0.706583 0.406629 0.712710 0.401261 0.720763 0.397292 0.718312 0.396359 0.713761 0.394024 0.710084 0.387488 0.703431 0.383053 0.700630 0.367647 0.695553 0.348739 0.691001 0.312092 0.686800 0.298319 0.686975 0.286415 0.688200 0.274510 0.687850 0.262372 0.688725 0.244631 0.691176 0.237862 0.692927 0.223623 0.698179 0.213585 0.702906 0.206816 0.707983 0.202614 0.710084 0.194911 0.716562 0.189542 0.723915 0.185107 0.737395 0.185341 0.750875
1 0.047386 0.716737 0.047852 0.722864 0.052054 0.731793 0.060691 0.742122 0.069561 0.748950 0.081699 0.755777 0.098973 0.761730 0.119281 0.765406 0.133520 0.765581 0.155462 0.761380 0.172502 0.759104 0.181606 0.758578 0.184641 0.757353 0.185574 0.755427 0.184174 0.744223 0.184641 0.735119 0.188609 0.723915 0.190943 0.719713 0.198179 0.712710 0.209150 0.704657 0.219888 0.698529 0.227358 0.696254 0.234360 0.692752 0.234360 0.689251 0.197946 0.686450 0.189076 0.684699 0.168534 0.679097 0.161531 0.675770 0.157796 0.673144 0.153828 0.672444 0.142157 0.674370 0.137021 0.674545 0.133754 0.675945 0.123950 0.676821 0.109244 0.679797 0.097106 0.683123 0.071195 0.692227 0.064192 0.695553 0.053688 0.703081 0.048786 0.712360 0.047386 0.716737
1 0.057190 0.825105 0.060224 0.830357 0.065126 0.835609 0.070495 0.839461 0.088469 0.847864 0.098506 0.849615 0.111578 0.850665 0.139589 0.851716 0.165266 0.851366 0.185341 0.848739 0.208217 0.842437 0.227591 0.833859 0.236461 0.828606 0.254669 0.810574 0.259104 0.803922 0.260738 0.800070 0.261438 0.794293 0.260738 0.785889 0.259337 0.783789 0.257470 0.782913 0.224790 0.777836 0.209384 0.773985 0.202381 0.770658 0.193044 0.764006 0.185808 0.759979 0.178571 0.759454 0.150327 0.763130 0.138422 0.765581 0.119514 0.771008 0.097106 0.779412 0.093371 0.781688 0.081933 0.786239 0.067227 0.799545 0.062325 0.805497 0.059757 0.809524 0.056489 0.818452 0.057190 0.825105
1 0.234827 0.862745 0.236928 0.868172 0.239963 0.872024 0.245098 0.875525 0.260738 0.876926 0.282913 0.875525 0.316760 0.869223 0.324230 0.868522 0.332166 0.866071 0.345705 0.865021 0.349206 0.863971 0.366013 0.861870 0.390990 0.852591 0.400794 0.847339 0.409897 0.840511 0.416433 0.835084 0.417600 0.831583 0.397137 0.818511 0.392390 0.813025 0.389589 0.807948 0.389589 0.799545 0.392157 0.791667 0.395892 0.786064 0.410131 0.768908 0.406863 0.766982 0.401027 0.765056 0.391457 0.764006 0.387488 0.764356 0.363445 0.777836 0.329599 0.788866 0.311625 0.789041 0.300887 0.787465 0.294118 0.787640 0.284781 0.791317 0.272409 0.798669 0.260971 0.806898 0.247432 0.820728 0.240663 0.830532 0.237628 0.836835 0.234827 0.850315 0.234827 0.862745
1 0.430906 0.853116 0.433240 0.859069 0.438609 0.867997 0.448646 0.876751 0.454015 0.880252 0.469888 0.887255 0.483660 0.890581 0.497899 0.891982 0.516573 0.891632 0.525910 0.890756 0.551821 0.886380 0.561625 0.882878 0.567460 0.882003 0.582400 0.877801 0.590570 0.873424 0.602474 0.868522 0.615313 0.860819 0.623716 0.852241 0.627451 0.843838 0.628385 0.833158 0.626050 0.824405 0.623249 0.819153 0.609477 0.805147 0.602241 0.802346 0.598739 0.802171 0.594771 0.805147 0.589636 0.816176 0.579832 0.830882 0.572596 0.837360 0.559757 0.846113 0.556489 0.847689 0.545285 0.850840 0.521242 0.855217 0.512838 0.855742 0.500700 0.855217 0.489729 0.853641 0.468021 0.847514 0.450980 0.841562 0.440009 0.839286 0.437675 0.839636 0.433940 0.841562 0.431139 0.846289 0.430906 0.853116
1 0.584967 0.765581 0.591737 0.777311 0.598973 0.784489 0.606209 0.787640 0.612045 0.790091 0.632820 0.794818 0.647526 0.795343 0.665500 0.793768 0.679505 0.791667 0.685574 0.789916 0.706349 0.786940 0.734360 0.778186 0.748133 0.771884 0.752101 0.768732 0.756769 0.762080 0.760504 0.751401 0.761905 0.744748 0.761671 0.740896 0.760271 0.737745 0.756769 0.734594 0.755135 0.730217 0.751867 0.727941 0.748366 0.723214 0.734360 0.715511 0.723623 0.712885 0.705882 0.713060 0.692577 0.710959 0.672736 0.709384 0.660131 0.709209 0.646825 0.707283 0.641223 0.708859 0.632586 0.714811 0.622705 0.724498 0.591036 0.743697 0.586835 0.751225 0.584500 0.758578 0.584967 0.765581
1 0.608077 0.796043 0.609010 0.799895 0.612512 0.804097 0.618581 0.807598 0.627684 0.814951 0.633520 0.818102 0.657796 0.828256 0.692810 0.840861 0.709851 0.844888 0.722456 0.844538 0.730392 0.842787 0.746965 0.835609 0.759104 0.828782 0.763772 0.825105 0.770775 0.816527 0.775210 0.807248 0.774977 0.798319 0.773109 0.792892 0.761905 0.781162 0.757003 0.777661 0.748366 0.773459 0.744164 0.774510 0.734127 0.778887 0.705882 0.787290 0.669234 0.793943 0.645892 0.795868 0.633754 0.795168 0.629552 0.793768 0.626050 0.793768 0.612745 0.791317 0.608543 0.792542 0.608077 0.796043
1 0.390056 0.762080 0.401727 0.763831 0.407563 0.765406 0.411298 0.765406 0.418301 0.762780 0.423903 0.758578 0.425070 0.756127 0.442110 0.737920 0.441410 0.734244 0.433473 0.724790 0.427871 0.715336 0.426004 0.706583 0.422736 0.703782 0.418301 0.702031 0.415033 0.702906 0.413399 0.705007 0.410598 0.706583 0.411765 0.707283 0.412232 0.710259 0.409664 0.713410 0.407796 0.720938 0.406162 0.721464 0.405696 0.723915 0.404295 0.725665 0.400093 0.727766 0.400093 0.730917 0.402661 0.733368 0.403128 0.737920 0.395425 0.753326 0.390756 0.758754 0.390056 0.762080
1 0.360411 0.689076 0.360878 0.692752 0.379085 0.698179 0.384921 0.700805 0.390523 0.705182 0.401027 0.716211 0.404995 0.713761 0.407796 0.710084 0.406629 0.704307 0.407563 0.699580 0.402194 0.695903 0.376517 0.688025 0.368814 0.687500 0.362979 0.687850 0.361345 0.688550 0.360411 0.689076
1 0.272642 0.685574 0.278011 0.686800 0.299253 0.685749 0.320028 0.686275 0.352241 0.690301 0.359244 0.690301 0.364613 0.685924 0.359711 0.682948 0.355042 0.681373 0.351074 0.678746 0.346172 0.676996 0.335668 0.671569 0.329832 0.669993 0.324930 0.667717 0.322129 0.671043 0.317460 0.672969 0.313959 0.673494 0.301120 0.677871 0.289449 0.679797 0.279412 0.683123 0.275910 0.683298 0.272642 0.685574
1 0.758637 0.759804 0.754202 0.769608 0.756303 0.773459 0.761671 0.779412 0.775677 0.793067 0.790383 0.803221 0.795051 0.805322 0.803922 0.811450 0.812092 0.814951 0.820728 0.816877 0.829132 0.816877 0.841503 0.815651 0.845238 0.812850 0.856209 0.808123 0.860411 0.805322 0.863679 0.800070 0.866947 0.790091 0.865546 0.775735 0.864379 0.771008 0.862745 0.769083 0.849440 0.767507 0.822129 0.761029 0.793417 0.751926 0.776844 0.745798 0.771709 0.742822 0.765640 0.740546 0.764939 0.741246 0.758637 0.759804
0 0.754902 0.724265 0.762605 0.735644 0.766106 0.738971 0.776144 0.744748 0.797152 0.752976 0.817227 0.759454 0.830766 0.762780 0.838469 0.765406 0.852474 0.767332 0.861111 0.767857 0.873950 0.767332 0.886788 0.765406 0.904062 0.759979 0.915966 0.751751 0.922502 0.745098 0.925770 0.741422 0.927638 0.737745 0.929272 0.731618 0.929739 0.722514 0.926937 0.711310 0.922035 0.702731 0.919001 0.699755 0.914099 0.696078 0.904295 0.691352 0.890523 0.687325 0.877218 0.685049 0.822596 0.683473 0.807656 0.682248 0.802988 0.682423 0.791783 0.684524 0.782913 0.687500 0.768207 0.696078 0.761438 0.702031 0.758170 0.706758 0.754902 0.716387 0.754902 0.724265
1 0.779412 0.620273 0.776844 0.630952 0.772876 0.640406 0.759570 0.654412 0.761438 0.657913 0.765406 0.661765 0.771942 0.665791 0.785481 0.672969 0.800420 0.678922 0.821429 0.682598 0.834967 0.683648 0.859477 0.683648 0.880252 0.682248 0.897526 0.678221 0.907796 0.674720 0.913165 0.672094 0.921802 0.665616 0.926704 0.658263 0.928105 0.654587 0.928338 0.646884 0.927871 0.640406 0.925537 0.633754 0.914799 0.621499 0.900794 0.612745 0.896825 0.610994 0.891923 0.610644 0.877918 0.613445 0.843137 0.617297 0.833567 0.617647 0.816293 0.616597 0.799953 0.613445 0.786415 0.609944 0.782446 0.612570 0.779412 0.620273
0 0.598506 0.650910 0.603641 0.667192 0.612745 0.680497 0.615079 0.682423 0.619514 0.684174 0.628852 0.685574 0.635387 0.684349 0.644258 0.684699 0.654295 0.682248 0.671802 0.679447 0.676937 0.677521 0.688842 0.675070 0.710551 0.672444 0.720355 0.670168 0.729458 0.667542 0.748599 0.659664 0.759804 0.651786 0.768908 0.643382 0.772876 0.637955 0.774743 0.633754 0.778711 0.617822 0.781979 0.609419 0.781979 0.601891 0.780345 0.596814 0.776611 0.590511 0.769841 0.583158 0.762138 0.576856 0.755135 0.572829 0.747199 0.569678 0.737862 0.567752 0.728058 0.567402 0.713352 0.568803 0.695145 0.573179 0.678571 0.578081 0.671569 0.581758 0.655229 0.587710 0.637021 0.597514 0.624183 0.605742 0.610644 0.619573 0.607843 0.623775 0.600840 0.637080 0.600373 0.641106 0.598973 0.643908 0.598506 0.650910
1 0.429038 0.713410 0.432540 0.720413 0.440943 0.731268 0.445145 0.735469 0.449113 0.737220 0.454949 0.741422 0.463119 0.745273 0.473856 0.747199 0.506303 0.748424 0.532213 0.751401 0.546685 0.750350 0.571662 0.744573 0.583567 0.743172 0.591970 0.740721 0.611111 0.728291 0.615079 0.723389 0.617880 0.713761 0.617180 0.702381 0.614379 0.696604 0.594304 0.681022 0.588702 0.674720 0.583800 0.673319 0.572129 0.667717 0.560924 0.665266 0.555089 0.664741 0.548786 0.665791 0.547386 0.666667 0.545518 0.675245 0.544118 0.677696 0.541083 0.679972 0.537115 0.685749 0.532913 0.689076 0.532213 0.690476 0.528478 0.692577 0.526144 0.695553 0.523810 0.696254 0.522642 0.700980 0.515173 0.703081 0.514239 0.702031 0.511671 0.701681 0.498133 0.705707 0.484594 0.707633 0.470822 0.708508 0.457516 0.708333 0.431606 0.706057 0.429739 0.706933 0.428805 0.708859 0.429038 0.713410
1 0.588936 0.668417 0.591270 0.675245 0.594304 0.679447 0.606909 0.689951 0.614146 0.694153 0.616480 0.696429 0.628852 0.701856 0.640523 0.705007 0.661298 0.708683 0.679739 0.709209 0.699346 0.711660 0.708683 0.712010 0.723856 0.711485 0.729458 0.710609 0.745565 0.704307 0.759570 0.693803 0.767274 0.685574 0.771242 0.672619 0.771008 0.668242 0.769608 0.666667 0.764006 0.662990 0.761438 0.660189 0.754902 0.656863 0.751634 0.657563 0.748833 0.660014 0.742297 0.663165 0.720355 0.670693 0.716387 0.671043 0.712652 0.672269 0.703081 0.672794 0.689076 0.674895 0.671102 0.679622 0.650327 0.683298 0.623016 0.685224 0.617414 0.683648 0.614379 0.681898 0.606909 0.674195 0.606209 0.671569 0.603875 0.669293 0.600840 0.662815 0.598039 0.647059 0.595472 0.646359 0.591970 0.648985 0.590803 0.650735 0.589402 0.657388 0.588936 0.668417
1 0.749767 0.567577 0.750700 0.568627 0.762838 0.575805 0.771709 0.582808 0.774977 0.586485 0.781746 0.596814 0.785014 0.606793 0.786648 0.609069 0.803688 0.613270 0.826797 0.616422 0.838702 0.616597 0.876984 0.612920 0.896825 0.608543 0.904995 0.605742 0.908030 0.605567 0.915033 0.603641 0.929038 0.595938 0.932540 0.592787 0.936508 0.588060 0.939309 0.580532 0.939309 0.575280 0.937208 0.567577 0.935574 0.564251 0.929505 0.556548 0.919701 0.549895 0.911765 0.545868 0.897759 0.540791 0.894024 0.541492 0.890056 0.543242 0.880486 0.549545 0.863912 0.557073 0.852474 0.560049 0.845705 0.560749 0.824230 0.559174 0.775444 0.550945 0.765173 0.550945 0.757703 0.554097 0.752801 0.559699 0.750000 0.565301 0.749767 0.567577
0 0.723623 0.515581 0.730626 0.526261 0.738796 0.534139 0.747899 0.538165 0.751401 0.540791 0.754902 0.541842 0.758637 0.544993 0.768674 0.548669 0.779178 0.551471 0.796218 0.553922 0.814659 0.557598 0.838002 0.560399 0.854809 0.558999 0.861578 0.557248 0.882586 0.547794 0.896825 0.537640 0.901261 0.533438 0.904762 0.528186 0.908964 0.519083 0.909897 0.513655 0.909430 0.503326 0.906629 0.494573 0.901261 0.487745 0.894024 0.481443 0.883520 0.477591 0.859944 0.471639 0.818627 0.467087 0.792484 0.467437 0.778478 0.468662 0.761671 0.472514 0.750934 0.476190 0.744631 0.479167 0.736228 0.484944 0.726891 0.494573 0.724790 0.498775 0.723389 0.506127 0.723623 0.515581
0 0.428805 0.578081 0.430439 0.582633 0.439076 0.595063 0.447946 0.602766 0.449580 0.605742 0.458917 0.612220 0.464052 0.614321 0.466620 0.616422 0.473856 0.619923 0.501867 0.629027 0.525910 0.633929 0.567227 0.639706 0.584267 0.638831 0.597106 0.634979 0.601774 0.631303 0.608777 0.620098 0.616713 0.612220 0.618581 0.609244 0.619281 0.602066 0.616013 0.591912 0.610878 0.583683 0.602474 0.574055 0.580999 0.559174 0.567460 0.551821 0.561858 0.550770 0.542017 0.544818 0.531746 0.540966 0.505135 0.537290 0.493697 0.537115 0.486695 0.536239 0.470355 0.536590 0.452381 0.540791 0.439076 0.545343 0.433473 0.550420 0.429972 0.557073 0.428571 0.563725 0.428805 0.578081
1 0.754902 0.449580 0.757236 0.458333 0.764939 0.467087 0.767507 0.468312 0.772642 0.468662 0.783380 0.467262 0.801120 0.466387 0.826331 0.467087 0.858543 0.470938 0.871382 0.474440 0.880486 0.476015 0.890289 0.479517 0.895425 0.480042 0.916900 0.474090 0.929038 0.468662 0.935808 0.464286 0.940943 0.458859 0.943511 0.454657 0.945378 0.449755 0.946312 0.442402 0.944211 0.432073 0.940243 0.425595 0.929272 0.415966 0.918534 0.409489 0.908030 0.405287 0.901261 0.403887 0.851774 0.401436 0.841737 0.402661 0.834967 0.404762 0.803455 0.410714 0.785014 0.416842 0.772409 0.422094 0.759570 0.432248 0.755836 0.439076 0.754902 0.443978 0.754902 0.449580
1 0.678571 0.426120 0.681839 0.435924 0.692577 0.439951 0.703081 0.445903 0.710084 0.448529 0.718021 0.448354 0.724790 0.449055 0.751634 0.444853 0.753268 0.443277 0.757470 0.433999 0.764006 0.427346 0.770075 0.423144 0.784547 0.416492 0.801587 0.410539 0.831466 0.405112 0.846872 0.400910 0.845238 0.397234 0.835201 0.392857 0.816060 0.379027 0.806256 0.369398 0.803221 0.363095 0.796919 0.354517 0.789216 0.354167 0.783380 0.355567 0.775910 0.355392 0.772409 0.356968 0.765640 0.357493 0.761671 0.359244 0.755369 0.360644 0.753035 0.365196 0.747666 0.372199 0.735994 0.379202 0.729925 0.382003 0.719888 0.385679 0.700047 0.388655 0.692810 0.390581 0.686741 0.397234 0.680906 0.407913 0.678805 0.418242 0.678571 0.426120
1 0.523109 0.637080 0.530345 0.641106 0.538049 0.649510 0.543184 0.659489 0.546919 0.659314 0.552754 0.654237 0.557190 0.652661 0.561625 0.649510 0.567227 0.644083 0.568627 0.640581 0.561158 0.638305 0.547152 0.636204 0.530579 0.634979 0.525444 0.634979 0.523343 0.635854 0.523109 0.637080
1 0.510037 0.182248 0.527077 0.187675 0.544118 0.196604 0.546685 0.195203 0.547386 0.192402 0.551354 0.187325 0.557656 0.183298 0.570728 0.177346 0.590570 0.170343 0.607843 0.165441 0.615079 0.164741 0.617414 0.161415 0.612979 0.157738 0.609477 0.156338 0.596172 0.153536 0.557890 0.152836 0.553922 0.154237 0.534314 0.169818 0.522409 0.175070 0.520075 0.176821 0.513072 0.178922 0.510037 0.182248
1 0.709384 0.182073 0.713819 0.189601 0.732726 0.187850 0.766340 0.186800 0.771709 0.185574 0.779645 0.181723 0.781979 0.181373 0.784080 0.178746 0.779645 0.176821 0.765406 0.165091 0.761438 0.165616 0.753735 0.168768 0.740896 0.172619 0.727124 0.174720 0.720588 0.176471 0.714286 0.176471 0.709150 0.178221 0.709384 0.182073
1 0.824230 0.189076 0.839636 0.193102 0.857376 0.201856 0.862745 0.206232 0.865546 0.205707 0.865546 0.199230 0.863445 0.192752 0.859244 0.184874 0.854809 0.181898 0.852708 0.181197 0.848739 0.181723 0.841036 0.184349 0.829832 0.185924 0.826564 0.187325 0.824230 0.189076
1 0.229458 0.577381 0.230859 0.579307 0.235528 0.580357 0.245798 0.585084 0.247666 0.585609 0.251167 0.585259 0.249767 0.582108 0.248133 0.571078 0.245798 0.567927 0.233660 0.567402 0.230626 0.568627 0.229458 0.571254 0.229458 0.577381
1 0.560924 0.533438 0.562325 0.541141 0.566293 0.548144 0.573763 0.553922 0.585668 0.560924 0.598739 0.567577 0.604342 0.569503 0.626517 0.574930 0.651027 0.577556 0.658030 0.577906 0.661064 0.577206 0.672969 0.577206 0.678805 0.576506 0.713352 0.567577 0.734127 0.563725 0.749300 0.555497 0.754902 0.550420 0.757003 0.546919 0.752801 0.542717 0.744631 0.538866 0.737862 0.534489 0.730392 0.527661 0.722456 0.514881 0.721989 0.510329 0.723623 0.498074 0.721989 0.494748 0.720588 0.494048 0.713352 0.493697 0.703081 0.491947 0.682540 0.492122 0.678571 0.492822 0.656396 0.500175 0.643791 0.502976 0.623249 0.505777 0.609010 0.506127 0.605275 0.506828 0.585668 0.513831 0.571429 0.520833 0.563959 0.526786 0.561625 0.529937 0.560924 0.533438