0 0.545985 0.417542 0.545985 0.428746 0.549720 0.445903 0.556489 0.458683 0.562558 0.466912 0.567927 0.472864 0.577264 0.481092 0.583333 0.485469 0.588936 0.488095 0.591970 0.491246 0.598973 0.495623 0.605976 0.499125 0.614613 0.502101 0.619748 0.506127 0.646592 0.517507 0.655229 0.519433 0.657796 0.520658 0.680439 0.525385 0.689076 0.528011 0.700747 0.529062 0.718487 0.533964 0.732260 0.535889 0.737862 0.537990 0.748133 0.539041 0.758403 0.541667 0.787815 0.544468 0.814192 0.546394 0.841036 0.547094 0.879318 0.545693 0.894258 0.542892 0.904295 0.540091 0.920401 0.533613 0.937675 0.519608 0.939309 0.515756 0.946078 0.508929 0.950047 0.501050 0.952381 0.484769 0.950747 0.466211 0.948413 0.459734 0.942810 0.449055 0.929972 0.431898 0.926471 0.429622 0.921802 0.424895 0.909430 0.416842 0.907096 0.413515 0.903595 0.410889 0.899393 0.409314 0.890056 0.403361 0.883520 0.400735 0.879785 0.398109 0.845472 0.385154 0.834734 0.382878 0.828665 0.382528 0.817927 0.380077 0.795518 0.377626 0.791317 0.376225 0.783380 0.375175 0.757236 0.374125 0.751634 0.373249 0.694911 0.369398 0.683707 0.367822 0.645425 0.364846 0.626050 0.364846 0.622549 0.364321 0.616713 0.365546 0.612745 0.365371 0.598739 0.367997 0.593371 0.370798 0.584967 0.372549 0.575397 0.376576 0.564192 0.384279 0.558357 0.390406 0.548786 0.404412 0.547152 0.411239 0.545985 0.417542
0 0.616013 0.232143 0.616947 0.237920 0.620448 0.247724 0.626517 0.258578 0.631886 0.265756 0.637488 0.272234 0.649627 0.283613 0.661998 0.293768 0.687442 0.308473 0.728525 0.321429 0.735294 0.324580 0.746032 0.326681 0.751401 0.328431 0.782446 0.332633 0.799953 0.333859 0.836368 0.333508 0.860177 0.330707 0.894024 0.323179 0.898926 0.320903 0.904295 0.319853 0.914332 0.311275 0.918067 0.310224 0.923203 0.307248 0.926937 0.302521 0.930205 0.300595 0.934174 0.296744 0.939076 0.290091 0.939776 0.287290 0.944911 0.278887 0.946312 0.273109 0.945845 0.258403 0.943744 0.251576 0.941877 0.248599 0.941643 0.244748 0.938609 0.237220 0.935341 0.232843 0.906396 0.204832 0.904528 0.204307 0.901261 0.201681 0.897759 0.200630 0.889122 0.195028 0.859944 0.180322 0.845238 0.175945 0.831933 0.172969 0.821429 0.171394 0.817460 0.171744 0.810458 0.170168 0.782680 0.169643 0.751167 0.172444 0.690009 0.181022 0.650794 0.190651 0.633520 0.199405 0.629785 0.202381 0.620215 0.207633 0.617647 0.210259 0.616246 0.216036 0.616013 0.232143
0 0.518674 0.682948 0.521008 0.692577 0.522409 0.695203 0.524977 0.696779 0.525910 0.699580 0.529412 0.704482 0.541083 0.713585 0.557190 0.721989 0.560224 0.722864 0.563959 0.725315 0.588469 0.733718 0.619514 0.738620 0.626751 0.738796 0.664332 0.744223 0.668534 0.744223 0.671802 0.745448 0.675070 0.744748 0.677404 0.745098 0.683861 0.747128 0.687605 0.747690 0.690038 0.747830 0.692097 0.748251 0.693822 0.748249 0.696312 0.748249 0.699210 0.748251 0.701914 0.747199 0.705415 0.746148 0.710317 0.745623 0.720588 0.746499 0.725257 0.744573 0.734594 0.744398 0.740896 0.743522 0.745098 0.741597 0.759104 0.740021 0.765640 0.738445 0.768908 0.738620 0.789916 0.734769 0.816527 0.728291 0.832866 0.721814 0.845705 0.714286 0.852007 0.712010 0.856676 0.709034 0.867414 0.700630 0.871382 0.695378 0.874883 0.689251 0.878852 0.676120 0.880019 0.661415 0.879552 0.655287 0.874183 0.639181 0.863912 0.623074 0.855742 0.616246 0.850140 0.608718 0.834734 0.598039 0.828431 0.595063 0.824463 0.591912 0.816527 0.587710 0.796452 0.578606 0.782680 0.575105 0.775677 0.571429 0.768908 0.569678 0.744865 0.565826 0.740196 0.566001 0.731092 0.564601 0.709617 0.565651 0.673669 0.569853 0.651727 0.576331 0.616947 0.591211 0.588469 0.605917 0.585901 0.608018 0.579132 0.610469 0.576331 0.614146 0.567927 0.619048 0.552521 0.631828 0.539216 0.646884 0.537815 0.649685 0.526844 0.661239 0.524977 0.665441 0.522409 0.668417 0.518908 0.678046 0.518674 0.682948
0 0.383287 0.873599 0.385154 0.887255 0.390523 0.895133 0.400560 0.904062 0.409197 0.909664 0.438609 0.920343 0.456116 0.924370 0.471289 0.925770 0.490663 0.928922 0.494631 0.930147 0.521942 0.933123 0.541317 0.933999 0.545518 0.934874 0.591970 0.931022 0.595938 0.929622 0.605275 0.928221 0.613679 0.925770 0.624650 0.923669 0.643557 0.916492 0.648693 0.913165 0.657796 0.909314 0.663399 0.904937 0.668067 0.902486 0.679038 0.894608 0.692577 0.882528 0.699580 0.875700 0.708217 0.864671 0.720355 0.841387 0.722456 0.834909 0.723156 0.826681 0.720121 0.807598 0.710551 0.792192 0.704122 0.791284 0.698359 0.788327 0.691643 0.786765 0.678948 0.779001 0.668301 0.769783 0.661064 0.765581 0.654295 0.762780 0.648459 0.761555 0.636788 0.761380 0.632586 0.760504 0.624183 0.761380 0.605742 0.761029 0.581933 0.763305 0.577031 0.763305 0.570962 0.761905 0.569328 0.763480 0.567227 0.763831 0.565826 0.762605 0.556413 0.764669 0.548086 0.768207 0.517274 0.782738 0.498133 0.790266 0.452848 0.801996 0.443044 0.805672 0.435107 0.810924 0.428805 0.813725 0.410364 0.828431 0.397292 0.842087 0.390523 0.852066 0.384921 0.862920 0.384220 0.866071 0.383287 0.873599
0 0.745331 0.910714 0.752801 0.928746 0.757703 0.935224 0.763772 0.940301 0.773109 0.947479 0.782680 0.952381 0.804155 0.959384 0.813959 0.961134 0.817927 0.960959 0.857143 0.964461 0.867647 0.966387 0.901261 0.965861 0.921569 0.962010 0.936275 0.956408 0.948413 0.950455 0.963352 0.938375 0.973856 0.925245 0.980626 0.910714 0.982960 0.904412 0.985761 0.890406 0.985528 0.883228 0.983193 0.869748 0.975957 0.855567 0.963352 0.843312 0.944444 0.833333 0.928338 0.827556 0.904762 0.824580 0.900560 0.824930 0.891457 0.823880 0.880486 0.824230 0.876751 0.823704 0.848739 0.824055 0.835201 0.826155 0.828431 0.827906 0.824463 0.827731 0.813959 0.829832 0.800187 0.834734 0.792717 0.838235 0.775210 0.848389 0.765640 0.855917 0.755602 0.869923 0.749300 0.880427 0.748366 0.884454 0.746499 0.887605 0.745565 0.894783 0.745331 0.910714
0 0.714052 0.100140 0.716153 0.111520 0.722923 0.123599 0.744865 0.140756 0.750700 0.144083 0.757937 0.146359 0.764939 0.151085 0.769608 0.152661 0.772176 0.154412 0.778011 0.155987 0.783847 0.158789 0.793417 0.161064 0.806956 0.166667 0.821195 0.170168 0.833100 0.170693 0.851541 0.174545 0.859244 0.174720 0.873249 0.173845 0.876050 0.172619 0.883754 0.172094 0.907563 0.166317 0.911765 0.163690 0.915500 0.162640 0.918301 0.160539 0.924837 0.158088 0.934874 0.151786 0.939776 0.147234 0.943277 0.145483 0.950047 0.139356 0.952848 0.134629 0.957983 0.130077 0.958917 0.126576 0.961485 0.122724 0.964519 0.112920 0.966387 0.102416 0.967320 0.095413 0.967087 0.084559 0.965219 0.074055 0.957750 0.059524 0.950047 0.049720 0.942810 0.042717 0.935574 0.037115 0.916433 0.027486 0.904295 0.023459 0.897526 0.019783 0.890289 0.018382 0.878852 0.014356 0.873016 0.013480 0.839636 0.019433 0.800420 0.022234 0.775910 0.022409 0.760971 0.028186 0.746499 0.036415 0.736228 0.047269 0.732260 0.049895 0.726190 0.066001 0.716853 0.084909 0.714519 0.093312 0.714052 0.100140
1 0.383520 0.020133 0.385387 0.025910 0.387021 0.028186 0.390523 0.029762 0.392157 0.032213 0.401727 0.040091 0.407563 0.042192 0.411064 0.046218 0.424603 0.054447 0.462885 0.074580 0.471755 0.081758 0.495098 0.096989 0.508170 0.101891 0.538982 0.099965 0.554388 0.099965 0.564192 0.101366 0.575397 0.101716 0.588702 0.104517 0.604809 0.105742 0.624183 0.109594 0.654762 0.118873 0.664799 0.120273 0.671802 0.117822 0.690009 0.106092 0.693511 0.104517 0.700280 0.099615 0.707516 0.092612 0.713819 0.085434 0.720822 0.073529 0.724790 0.064776 0.728058 0.053746 0.728758 0.038515 0.726657 0.022409 0.721055 0.009454 0.713585 0.001751 0.713585 0.000000 0.386788 0.000000 0.383520 0.009279 0.383520 0.020133
1 0.391223 0.184524 0.392857 0.192752 0.397292 0.200280 0.404062 0.206408 0.416200 0.213410 0.421335 0.215336 0.440943 0.227416 0.450980 0.231793 0.459384 0.233368 0.470588 0.233368 0.522409 0.237570 0.539683 0.240371 0.573763 0.247724 0.578198 0.249650 0.585901 0.251225 0.598739 0.255777 0.616013 0.263480 0.623016 0.264006 0.624650 0.262080 0.624416 0.258228 0.618347 0.246499 0.614613 0.234769 0.614846 0.213936 0.618581 0.207808 0.630019 0.201155 0.638889 0.194853 0.649860 0.189951 0.678805 0.183123 0.682306 0.181373 0.696078 0.178746 0.720588 0.175595 0.724090 0.174370 0.734127 0.172794 0.736228 0.171744 0.737628 0.167892 0.734594 0.161415 0.732026 0.159839 0.730859 0.157913 0.725957 0.153711 0.703782 0.139006 0.696312 0.136555 0.692810 0.133578 0.689542 0.133228 0.673669 0.127451 0.671102 0.125875 0.629552 0.112220 0.609477 0.108193 0.599440 0.107318 0.595472 0.105917 0.567694 0.102591 0.551354 0.101716 0.521475 0.102591 0.497666 0.104867 0.487628 0.107143 0.484360 0.109069 0.470355 0.112745 0.454015 0.119223 0.431373 0.131653 0.411298 0.146884 0.404995 0.153887 0.396125 0.166317 0.391223 0.179797 0.391223 0.184524
1 0.278478 0.339286 0.280112 0.343662 0.283613 0.347164 0.285481 0.359244 0.289916 0.363620 0.303455 0.369398 0.314426 0.377276 0.320728 0.379902 0.356209 0.389181 0.359944 0.389531 0.369514 0.392857 0.393791 0.398459 0.408964 0.403361 0.412932 0.405287 0.420868 0.406863 0.427638 0.409489 0.432773 0.410364 0.453548 0.416667 0.463119 0.417717 0.498366 0.418242 0.506069 0.418943 0.536648 0.417017 0.541083 0.415616 0.543651 0.413340 0.549953 0.399160 0.556489 0.390056 0.560924 0.385504 0.568161 0.380077 0.584967 0.370623 0.596172 0.367297 0.605742 0.365896 0.613212 0.363095 0.620215 0.362745 0.626751 0.363270 0.630019 0.362745 0.631186 0.361870 0.638189 0.350665 0.641923 0.342437 0.644258 0.334559 0.645658 0.324755 0.646125 0.310574 0.644024 0.300245 0.638189 0.287990 0.631653 0.279062 0.624650 0.271709 0.601774 0.258578 0.583100 0.251576 0.554155 0.244398 0.523343 0.238796 0.472923 0.234769 0.438609 0.235294 0.408030 0.238445 0.383520 0.242472 0.376517 0.244398 0.355509 0.252276 0.329832 0.264531 0.316993 0.272934 0.300420 0.288515 0.291783 0.300595 0.286415 0.310224 0.282446 0.320028 0.279412 0.331232 0.278478 0.339286
1 0.282446 0.526085 0.286415 0.534489 0.292017 0.541667 0.306256 0.555497 0.311625 0.559524 0.313492 0.562150 0.319795 0.567402 0.328198 0.573704 0.331466 0.574930 0.341737 0.582283 0.355742 0.589986 0.369981 0.595938 0.425537 0.613620 0.436275 0.615371 0.442577 0.617822 0.463819 0.622024 0.481559 0.624650 0.493464 0.625525 0.505602 0.625350 0.525910 0.621499 0.529645 0.619573 0.536181 0.617997 0.543417 0.617647 0.568627 0.607843 0.574930 0.607143 0.601541 0.589636 0.605742 0.585084 0.609477 0.582983 0.616713 0.576681 0.620682 0.571604 0.625117 0.567927 0.631419 0.558999 0.639589 0.543417 0.642157 0.530637 0.640756 0.522409 0.637722 0.515056 0.626050 0.510329 0.623249 0.508228 0.616713 0.506828 0.591503 0.493172 0.570962 0.478466 0.562558 0.470413 0.560224 0.466912 0.553688 0.461134 0.547386 0.460784 0.522409 0.454832 0.517274 0.452906 0.501401 0.449580 0.463585 0.443627 0.447012 0.441877 0.421102 0.441877 0.387955 0.446078 0.369748 0.450280 0.361578 0.452906 0.358777 0.454657 0.342204 0.460959 0.323063 0.472689 0.296685 0.494748 0.293417 0.499300 0.290383 0.505952 0.286415 0.510329 0.283613 0.515581 0.282680 0.521884 0.282446 0.526085
1 0.092204 0.435749 0.097106 0.445203 0.105509 0.454657 0.110177 0.458859 0.115780 0.461134 0.117647 0.464111 0.122082 0.466562 0.126984 0.470588 0.142390 0.479167 0.154062 0.484944 0.183707 0.495973 0.200280 0.500525 0.202848 0.502276 0.216620 0.506653 0.228992 0.509104 0.231559 0.509979 0.233193 0.512080 0.244631 0.515931 0.275444 0.520833 0.279412 0.520308 0.284781 0.509104 0.294118 0.494923 0.319561 0.473564 0.338702 0.461134 0.362278 0.451155 0.377451 0.446254 0.415033 0.440826 0.436041 0.440126 0.437675 0.438901 0.438842 0.435574 0.436275 0.418242 0.434174 0.414741 0.428805 0.410889 0.418067 0.407913 0.402661 0.402136 0.389589 0.399160 0.383053 0.396534 0.372782 0.394608 0.359010 0.390231 0.336134 0.385329 0.331933 0.383578 0.320962 0.381127 0.313025 0.377626 0.303922 0.370973 0.291317 0.365896 0.286181 0.362570 0.281513 0.358193 0.270775 0.356618 0.249533 0.356793 0.234827 0.359419 0.230859 0.358543 0.210084 0.361169 0.181139 0.368522 0.160831 0.375875 0.156629 0.378151 0.132586 0.387605 0.119748 0.394608 0.112745 0.401085 0.107610 0.404412 0.102708 0.409314 0.099440 0.411415 0.098273 0.414916 0.095705 0.418242 0.095472 0.421744 0.092904 0.424020 0.091970 0.426471 0.092204 0.435749
1 0.902194 0.203081 0.908497 0.207108 0.911531 0.211835 0.915033 0.214286 0.918301 0.218487 0.922269 0.220588 0.925303 0.225315 0.929038 0.226891 0.932073 0.233368 0.936041 0.234069 0.938842 0.237745 0.943511 0.248775 0.946779 0.263305 0.946078 0.276085 0.940476 0.289041 0.932306 0.299020 0.928571 0.301471 0.923669 0.306898 0.912465 0.314776 0.904295 0.319853 0.896825 0.323004 0.880252 0.327031 0.876284 0.327731 0.872782 0.327381 0.870915 0.328081 0.874416 0.329482 0.876050 0.331583 0.891223 0.339636 0.900327 0.347339 0.907796 0.355392 0.915266 0.355917 0.932540 0.353291 0.945845 0.348739 0.963119 0.338410 0.975257 0.326856 0.979458 0.321078 0.983894 0.310924 0.987162 0.300070 0.988796 0.288690 0.988562 0.276436 0.986928 0.265406 0.983193 0.255427 0.982726 0.251751 0.975490 0.242122 0.973623 0.236520 0.963352 0.224090 0.954482 0.216737 0.942577 0.209909 0.935808 0.207633 0.919468 0.205007 0.914799 0.202206 0.909897 0.201506 0.904295 0.199405 0.901727 0.199580 0.902194 0.203081
1 0.165966 0.112570 0.167600 0.125175 0.171802 0.134104 0.177638 0.142157 0.184641 0.147934 0.206583 0.160539 0.210317 0.163866 0.233660 0.173845 0.237395 0.176120 0.260037 0.184699 0.282446 0.192052 0.293651 0.197654 0.311158 0.203256 0.339169 0.201331 0.372082 0.201331 0.383987 0.202556 0.387021 0.203606 0.391690 0.202206 0.393557 0.199930 0.389823 0.182773 0.391223 0.175420 0.397526 0.162290 0.407330 0.149510 0.425537 0.134104 0.452848 0.118347 0.484360 0.106268 0.485061 0.105742 0.485061 0.101716 0.484360 0.096113 0.483193 0.094188 0.463352 0.077731 0.445845 0.068102 0.442577 0.065126 0.432540 0.061625 0.428805 0.058824 0.425070 0.057773 0.414566 0.051646 0.407796 0.049020 0.368347 0.039916 0.362745 0.037815 0.351774 0.035889 0.316760 0.030637 0.297619 0.029062 0.282913 0.028887 0.262372 0.029937 0.241130 0.035364 0.219188 0.043417 0.209150 0.049545 0.190943 0.063725 0.179038 0.077731 0.174370 0.086134 0.167834 0.105742 0.165966 0.112570
1 0.645892 0.533438 0.650794 0.540266 0.651261 0.543067 0.662932 0.557248 0.675070 0.567052 0.682540 0.567577 0.696078 0.564601 0.731326 0.563550 0.751867 0.565476 0.766807 0.568277 0.783847 0.573179 0.804155 0.580532 0.825397 0.591036 0.840103 0.599790 0.843137 0.602416 0.848506 0.605042 0.852241 0.605217 0.855509 0.604167 0.862979 0.603291 0.880252 0.598389 0.900560 0.589811 0.907796 0.585434 0.919935 0.575805 0.925770 0.568803 0.930906 0.560574 0.932773 0.552171 0.933007 0.547794 0.931373 0.536064 0.928571 0.529587 0.908964 0.539566 0.887255 0.545168 0.870215 0.547794 0.836601 0.547619 0.794118 0.545168 0.754202 0.541141 0.713585 0.533438 0.702848 0.530112 0.681839 0.527486 0.675303 0.525035 0.671335 0.524510 0.664799 0.522409 0.654295 0.520658 0.647526 0.520308 0.645658 0.522584 0.645892 0.533438
1 0.934174 0.549545 0.932773 0.557423 0.926937 0.568277 0.919701 0.577031 0.907563 0.586134 0.886788 0.596289 0.865546 0.602941 0.859244 0.604342 0.855742 0.604342 0.851774 0.605917 0.852241 0.609244 0.854575 0.612920 0.861578 0.619573 0.868814 0.624300 0.872316 0.625000 0.879785 0.629027 0.885154 0.632353 0.897292 0.641982 0.900794 0.643382 0.904295 0.643207 0.917600 0.639881 0.935574 0.633053 0.943511 0.628501 0.953315 0.620448 0.961718 0.611520 0.964753 0.607143 0.968254 0.598915 0.969888 0.584909 0.964519 0.569678 0.953315 0.557598 0.942577 0.550070 0.935574 0.546744 0.934174 0.549545
1 0.952381 0.470938 0.954482 0.480217 0.954015 0.491947 0.952381 0.498249 0.946545 0.511204 0.943511 0.515406 0.933240 0.525910 0.931373 0.529937 0.933473 0.539391 0.936275 0.544818 0.952614 0.556548 0.963352 0.566702 0.967320 0.566702 0.974556 0.565476 0.985294 0.562150 0.990896 0.559349 0.998133 0.553746 0.999767 0.553746 0.999767 0.483718 0.998133 0.483718 0.995098 0.480742 0.979925 0.470588 0.966620 0.463585 0.953081 0.460084 0.952381 0.461660 0.952381 0.470938
1 0.962418 0.610994 0.951447 0.622899 0.948179 0.625350 0.942110 0.629552 0.929972 0.636029 0.903595 0.643908 0.903595 0.647584 0.911998 0.657038 0.916667 0.665266 0.920635 0.680672 0.921335 0.685224 0.920635 0.693803 0.921802 0.698004 0.926004 0.697479 0.935341 0.694328 0.945378 0.688025 0.950280 0.686099 0.960551 0.679272 0.971755 0.670343 0.981559 0.660189 0.991830 0.644083 0.993231 0.639181 0.994631 0.627101 0.994164 0.619923 0.992297 0.611870 0.988095 0.605042 0.982726 0.598915 0.977358 0.596113 0.973856 0.595238 0.970355 0.596639 0.962418 0.610994
1 0.760271 0.774160 0.766807 0.782913 0.778478 0.791667 0.782913 0.793592 0.786648 0.797094 0.804155 0.805147 0.821195 0.811275 0.839636 0.816352 0.841970 0.818452 0.852941 0.819153 0.855509 0.820028 0.889122 0.821779 0.901027 0.821604 0.915033 0.820028 0.928571 0.814776 0.935808 0.808824 0.943511 0.800245 0.948413 0.787115 0.949113 0.779237 0.945845 0.765406 0.943044 0.757703 0.922502 0.730042 0.915733 0.722339 0.911298 0.719013 0.907563 0.719013 0.901961 0.722339 0.894491 0.728641 0.878618 0.738620 0.845938 0.752801 0.835201 0.755252 0.831232 0.756828 0.820728 0.758578 0.817227 0.760154 0.803922 0.762255 0.788049 0.764181 0.765640 0.765056 0.763072 0.765756 0.759804 0.769083 0.760271 0.774160
1 0.910598 0.719538 0.908497 0.720413 0.914799 0.721639 0.920168 0.726716 0.924837 0.734244 0.929038 0.738095 0.931606 0.742822 0.942110 0.755952 0.947246 0.768557 0.949346 0.783964 0.948413 0.790091 0.944911 0.798669 0.942110 0.803746 0.939776 0.806197 0.933707 0.811975 0.928338 0.815126 0.920401 0.818803 0.910831 0.821254 0.909197 0.824580 0.922035 0.825455 0.928105 0.826856 0.957049 0.837360 0.958683 0.836660 0.959617 0.834909 0.963352 0.834209 0.966853 0.831933 0.978058 0.822829 0.991597 0.809524 0.995798 0.803571 0.997899 0.798144 0.999767 0.797969 0.999767 0.748599 0.997899 0.748424 0.996032 0.744048 0.986228 0.733368 0.980859 0.729342 0.972923 0.725490 0.970822 0.723739 0.963119 0.720938 0.950047 0.716387 0.925537 0.711310 0.918301 0.711134 0.916900 0.711660 0.914332 0.713235 0.911298 0.716912 0.910598 0.719538
1 0.652194 0.359594 0.646825 0.362745 0.654295 0.364846 0.668768 0.365196 0.684874 0.367822 0.695145 0.368347 0.710784 0.370273 0.724790 0.370623 0.730626 0.371499 0.757937 0.373074 0.763072 0.372724 0.772176 0.373950 0.793417 0.375000 0.807423 0.377801 0.817460 0.378501 0.839169 0.382703 0.857610 0.388480 0.869748 0.394083 0.877451 0.396709 0.888889 0.401961 0.901261 0.408789 0.904528 0.409139 0.906162 0.408088 0.910364 0.401436 0.913866 0.390931 0.913165 0.369573 0.908497 0.356793 0.905229 0.353992 0.901261 0.348739 0.896592 0.345413 0.893091 0.341562 0.880252 0.334209 0.873249 0.331408 0.865546 0.331232 0.837768 0.334384 0.815826 0.335434 0.788982 0.334209 0.766106 0.331758 0.731793 0.324230 0.720822 0.321078 0.713352 0.320903 0.712652 0.321954 0.696312 0.327381 0.692344 0.330007 0.682773 0.333508 0.662465 0.348039 0.653828 0.355567 0.652194 0.359594
1 0.912465 0.369748 0.912698 0.391282 0.911531 0.396884 0.908263 0.402661 0.905229 0.405812 0.901261 0.407913 0.904062 0.409314 0.904995 0.411239 0.911298 0.416492 0.925070 0.425595 0.928805 0.426821 0.943277 0.411590 0.947479 0.404412 0.950747 0.391632 0.950747 0.380952 0.949813 0.375000 0.943978 0.361520 0.941877 0.359419 0.939776 0.355042 0.938142 0.353817 0.935574 0.353291 0.915266 0.356443 0.910831 0.357668 0.909430 0.358894 0.912465 0.369748
1 0.860177 0.178746 0.862278 0.179972 0.873016 0.184699 0.887488 0.192752 0.894024 0.195553 0.907096 0.198354 0.914332 0.200805 0.921102 0.204132 0.931839 0.206583 0.935808 0.206758 0.949580 0.212710 0.962652 0.222514 0.969188 0.229342 0.972689 0.234419 0.975957 0.237045 0.980859 0.246499 0.985528 0.244923 0.992530 0.240196 0.998133 0.234944 0.999767 0.234944 0.999767 0.151436 0.994865 0.149685 0.989729 0.146183 0.973856 0.141982 0.966853 0.141457 0.961018 0.136029 0.956349 0.134279 0.952148 0.138831 0.932540 0.154237 0.918301 0.162290 0.904995 0.167892 0.890523 0.172094 0.865313 0.174895 0.862278 0.175770 0.860411 0.177871 0.860177 0.178746
1 0.881186 0.015581 0.883754 0.017332 0.887021 0.017332 0.894024 0.018732 0.897292 0.020483 0.908030 0.023284 0.912232 0.025910 0.922502 0.029762 0.933940 0.035364 0.942577 0.041842 0.950514 0.049370 0.957750 0.058473 0.964986 0.071779 0.968487 0.086161 0.968254 0.097864 0.964986 0.113971 0.959384 0.127101 0.958683 0.130602 0.959851 0.131478 0.963585 0.131303 0.977124 0.127976 0.987862 0.123424 0.997899 0.117297 0.999767 0.117122 0.999767 0.000000 0.950747 0.000000 0.950747 0.001576 0.949813 0.002101 0.936508 0.005777 0.918301 0.009629 0.913165 0.010329 0.890523 0.010154 0.882586 0.012080 0.881186 0.015581
1 0.128852 0.271534 0.130719 0.279762 0.133520 0.286590 0.141457 0.297794 0.154295 0.310574 0.163399 0.315826 0.166667 0.319153 0.175303 0.325280 0.188842 0.332808 0.203548 0.338761 0.214519 0.341912 0.224323 0.345763 0.252334 0.352066 0.271008 0.353466 0.276144 0.354517 0.280345 0.352416 0.278245 0.346289 0.278478 0.331057 0.280345 0.323179 0.284080 0.313550 0.292250 0.298494 0.299720 0.288866 0.314426 0.274685 0.335668 0.259979 0.350140 0.253501 0.373016 0.245273 0.376517 0.243347 0.404528 0.237570 0.409197 0.237570 0.435574 0.234594 0.436741 0.234069 0.437675 0.230917 0.435574 0.227591 0.419234 0.216211 0.401961 0.207458 0.397526 0.206408 0.390289 0.206232 0.373249 0.202731 0.338235 0.202206 0.330532 0.202906 0.296919 0.207808 0.265640 0.216036 0.261905 0.216387 0.258170 0.217787 0.233193 0.223564 0.223856 0.226541 0.206349 0.229517 0.197012 0.233018 0.175303 0.237745 0.157096 0.243873 0.142390 0.250000 0.133053 0.256653 0.130486 0.259629 0.128618 0.263655 0.128852 0.271534
1 0.438142 0.414916 0.438142 0.419818 0.440476 0.436625 0.441176 0.439076 0.442577 0.439951 0.449113 0.441527 0.508403 0.450280 0.550187 0.460084 0.553221 0.459209 0.553922 0.456583 0.548086 0.444853 0.545518 0.436099 0.543184 0.416492 0.530579 0.418067 0.518908 0.418242 0.513072 0.419293 0.494865 0.419818 0.456816 0.417542 0.438842 0.414391 0.438142 0.414916
1 0.233894 0.734944 0.234827 0.737395 0.234127 0.744748 0.235294 0.752101 0.237628 0.758754 0.243464 0.768908 0.247666 0.771709 0.250233 0.776436 0.258637 0.783263 0.269374 0.787990 0.275210 0.791667 0.313959 0.805322 0.341503 0.808473 0.364146 0.808473 0.376751 0.809699 0.391457 0.809524 0.428805 0.806373 0.436741 0.803221 0.446312 0.802521 0.485528 0.791317 0.498133 0.788340 0.512138 0.783263 0.526377 0.776786 0.540383 0.769958 0.544585 0.766632 0.553688 0.762080 0.567694 0.750700 0.577031 0.737920 0.577031 0.734594 0.574930 0.731092 0.551587 0.721113 0.535714 0.712010 0.527077 0.704132 0.520075 0.695028 0.516573 0.685924 0.516340 0.681022 0.517507 0.675070 0.521942 0.665266 0.534080 0.651085 0.535247 0.648284 0.538749 0.643908 0.538515 0.640581 0.532913 0.636555 0.504902 0.628501 0.490663 0.627801 0.484827 0.626576 0.471055 0.625700 0.464286 0.625700 0.436975 0.628676 0.425770 0.631478 0.415033 0.633228 0.394258 0.640056 0.381186 0.645483 0.373249 0.647584 0.340570 0.662640 0.324463 0.668242 0.323529 0.669643 0.312092 0.675245 0.309057 0.677696 0.300654 0.681022 0.296919 0.681548 0.293651 0.684699 0.282446 0.691527 0.267274 0.696078 0.254435 0.702906 0.244865 0.709909 0.241597 0.713235 0.235761 0.723739 0.234127 0.730217 0.233894 0.734944
1 0.089869 0.668067 0.090336 0.671744 0.091970 0.676646 0.098039 0.685924 0.109477 0.695903 0.119281 0.701331 0.121615 0.701856 0.127451 0.706933 0.137255 0.709734 0.151261 0.711835 0.154528 0.712885 0.168301 0.714811 0.179038 0.714636 0.185107 0.715686 0.207750 0.715161 0.230859 0.712535 0.233894 0.711660 0.238095 0.711835 0.329832 0.664391 0.337068 0.661940 0.340103 0.660189 0.345472 0.658789 0.349440 0.656338 0.369514 0.647584 0.408730 0.633754 0.416900 0.630252 0.422269 0.626401 0.425770 0.616246 0.417600 0.612395 0.407796 0.609944 0.393557 0.604692 0.376050 0.599440 0.351074 0.588936 0.343137 0.584384 0.332400 0.576856 0.328431 0.575105 0.317810 0.567489 0.296685 0.548319 0.293417 0.547094 0.289683 0.547269 0.272409 0.551296 0.258870 0.555672 0.230859 0.565301 0.202848 0.576506 0.199346 0.578606 0.185107 0.584209 0.136088 0.610469 0.127684 0.619573 0.115780 0.626751 0.103175 0.639181 0.097572 0.647584 0.094771 0.657213 0.091737 0.661940 0.089869 0.668067
1 0.560691 0.762255 0.564659 0.762255 0.570962 0.760504 0.574697 0.761204 0.581699 0.761029 0.591970 0.761905 0.595238 0.760854 0.636648 0.760154 0.644491 0.761029 0.646825 0.762080 0.651027 0.761555 0.658497 0.763480 0.665966 0.766982 0.671802 0.771534 0.677871 0.773985 0.682073 0.773634 0.689076 0.775560 0.690943 0.774335 0.695612 0.773109 0.701681 0.773634 0.703081 0.775210 0.703782 0.778536 0.703315 0.782913 0.705182 0.786239 0.711951 0.792192 0.719888 0.803922 0.722456 0.810924 0.724556 0.821604 0.727124 0.824930 0.741130 0.814076 0.748133 0.804447 0.756069 0.787640 0.756536 0.782038 0.755135 0.772409 0.753968 0.768557 0.751167 0.765931 0.741597 0.764181 0.728758 0.763655 0.724090 0.762430 0.719188 0.762080 0.705882 0.758578 0.701214 0.758053 0.675770 0.749650 0.657796 0.744923 0.633987 0.742122 0.623249 0.739671 0.609711 0.737745 0.584967 0.735119 0.581466 0.735994 0.579365 0.739846 0.577264 0.741246 0.575397 0.744048 0.572596 0.749650 0.569795 0.752801 0.566760 0.754727 0.563259 0.758578 0.562558 0.760679 0.560458 0.761730 0.560691 0.762255
1 0.712885 0.863796 0.715219 0.873249 0.718954 0.879552 0.720355 0.883929 0.723389 0.888305 0.730859 0.888655 0.744631 0.886555 0.746965 0.883578 0.749066 0.877276 0.756536 0.864846 0.767274 0.852766 0.774743 0.846989 0.785481 0.840511 0.799020 0.833859 0.815593 0.827906 0.818394 0.825980 0.819328 0.823354 0.817927 0.813725 0.810691 0.809349 0.805322 0.807773 0.796452 0.803046 0.791550 0.801296 0.758637 0.780987 0.756303 0.789741 0.750233 0.800420 0.749066 0.804797 0.737628 0.818277 0.731793 0.823179 0.726891 0.825980 0.725724 0.827556 0.719655 0.847164 0.713119 0.859244 0.712885 0.863796
1 0.724090 0.906513 0.723156 0.915791 0.721289 0.922269 0.716387 0.932423 0.714286 0.938901 0.715686 0.949580 0.719421 0.954832 0.743931 0.968487 0.758870 0.974615 0.775677 0.978291 0.811158 0.979342 0.835434 0.977416 0.863912 0.970763 0.867647 0.967787 0.870215 0.966912 0.863212 0.965336 0.858310 0.965336 0.838469 0.962185 0.820028 0.962010 0.806489 0.960434 0.778945 0.950805 0.772876 0.947479 0.766807 0.941877 0.758170 0.935924 0.752568 0.928571 0.746499 0.914916 0.745098 0.908263 0.744398 0.897759 0.745331 0.890406 0.744631 0.888831 0.740896 0.887780 0.726190 0.890231 0.725023 0.890581 0.723856 0.893732 0.724090 0.906513
1 0.397292 0.952381 0.398459 0.956408 0.400327 0.958683 0.408730 0.963936 0.429038 0.972339 0.474090 0.985119 0.508637 0.990896 0.517974 0.989146 0.529412 0.993522 0.551354 0.997899 0.552054 0.999825 0.606443 0.999825 0.606909 0.997899 0.635154 0.991772 0.640756 0.988620 0.647759 0.986345 0.656396 0.981268 0.678338 0.972164 0.689309 0.960784 0.696078 0.955707 0.707983 0.944503 0.710784 0.940476 0.721289 0.918242 0.722923 0.908263 0.722923 0.896534 0.721989 0.890406 0.719421 0.886905 0.717087 0.880077 0.713352 0.873599 0.709384 0.870273 0.706583 0.869223 0.690710 0.886555 0.673903 0.900035 0.658964 0.909139 0.640523 0.918417 0.619981 0.924370 0.616246 0.924545 0.608310 0.927521 0.602474 0.928221 0.592437 0.931197 0.566060 0.933824 0.537815 0.934174 0.519608 0.932423 0.508403 0.932073 0.484594 0.929097 0.442810 0.921744 0.418534 0.914391 0.411998 0.911239 0.407563 0.910364 0.405462 0.911415 0.401961 0.918242 0.401494 0.921919 0.397526 0.931373 0.396592 0.937500 0.397292 0.952381
1 0.181839 0.880427 0.185574 0.889881 0.192110 0.897409 0.199113 0.903011 0.207516 0.906338 0.210317 0.908263 0.224323 0.912815 0.244164 0.915966 0.261438 0.916141 0.286648 0.912465 0.298086 0.909314 0.332400 0.895658 0.341970 0.890931 0.380019 0.869048 0.383520 0.863971 0.392857 0.845763 0.399860 0.837010 0.408964 0.827556 0.421802 0.817577 0.422736 0.816001 0.431139 0.810749 0.430906 0.807248 0.428338 0.806898 0.425537 0.807948 0.413632 0.808123 0.394258 0.810049 0.376050 0.810399 0.334267 0.809174 0.310691 0.805147 0.273810 0.791842 0.269841 0.789216 0.264239 0.786940 0.248599 0.775910 0.244631 0.769958 0.241363 0.769433 0.237628 0.771709 0.195145 0.836310 0.191877 0.841912 0.189542 0.849440 0.186741 0.854867 0.182073 0.870098 0.181839 0.880427
1 0.141690 0.984244 0.145658 0.992472 0.149627 0.996324 0.156396 0.998074 0.156629 0.999825 0.389122 0.999825 0.389122 0.998249 0.408730 0.988095 0.413399 0.983894 0.422035 0.978466 0.425303 0.973915 0.420635 0.970413 0.402894 0.963060 0.397059 0.957983 0.395425 0.949055 0.394958 0.938550 0.397292 0.925245 0.402661 0.911590 0.402428 0.908438 0.401027 0.906162 0.391457 0.898985 0.387955 0.894958 0.382820 0.887080 0.380019 0.876576 0.376751 0.875000 0.373249 0.875000 0.369748 0.876225 0.355742 0.883578 0.338469 0.894083 0.319561 0.902311 0.303221 0.908263 0.300187 0.908613 0.286881 0.913165 0.280345 0.914566 0.252568 0.917017 0.233193 0.915616 0.217087 0.911765 0.203315 0.906162 0.199346 0.905812 0.180906 0.917542 0.175070 0.922094 0.164099 0.931723 0.157330 0.939076 0.151961 0.946254 0.151261 0.948880 0.147993 0.952906 0.144491 0.959909 0.141457 0.972864 0.141690 0.984244
1 0.701447 0.951506 0.691877 0.958333 0.683007 0.969713 0.674136 0.974265 0.658263 0.980392 0.651027 0.983894 0.643091 0.988971 0.629785 0.993347 0.619514 0.994573 0.615546 0.996849 0.607610 0.998249 0.607610 0.999825 0.672035 0.999825 0.694911 0.985294 0.706816 0.973739 0.710317 0.968662 0.714052 0.957983 0.714286 0.948704 0.713352 0.942052 0.710084 0.942402 0.701447 0.951506
1 0.026611 0.842087 0.031746 0.858718 0.036415 0.866422 0.042017 0.873424 0.046919 0.877276 0.057190 0.879902 0.070261 0.881653 0.081933 0.882003 0.095238 0.881303 0.109477 0.879027 0.127684 0.874825 0.144725 0.867822 0.166200 0.855042 0.194444 0.832108 0.200514 0.824930 0.212885 0.807073 0.218254 0.797444 0.226891 0.785889 0.237395 0.769083 0.238095 0.764706 0.232493 0.748599 0.231559 0.735469 0.234127 0.723915 0.233894 0.720413 0.236695 0.716912 0.234827 0.715861 0.231559 0.716211 0.227824 0.714986 0.223389 0.714811 0.203782 0.716211 0.198413 0.715861 0.188842 0.717612 0.179038 0.715861 0.167834 0.715686 0.150794 0.714111 0.140756 0.711835 0.126050 0.707283 0.113912 0.700455 0.098739 0.689251 0.092204 0.691877 0.080299 0.702556 0.063259 0.722689 0.050187 0.747899 0.039916 0.774335 0.038282 0.780987 0.032913 0.793242 0.027778 0.814776 0.026377 0.828081 0.026611 0.842087
1 0.001867 0.567052 0.000000 0.567227 0.000000 0.606793 0.001867 0.606968 0.003035 0.609944 0.010271 0.617297 0.025910 0.624650 0.036415 0.627976 0.050187 0.630952 0.080299 0.633754 0.095472 0.634104 0.098039 0.633053 0.105042 0.633053 0.107843 0.631828 0.113679 0.627101 0.130952 0.615721 0.137722 0.609944 0.141923 0.608018 0.145658 0.604517 0.150093 0.602941 0.163632 0.594363 0.189309 0.581232 0.199580 0.577556 0.209617 0.572479 0.223856 0.566877 0.244164 0.560224 0.251867 0.556723 0.255369 0.556197 0.278711 0.548319 0.285714 0.546744 0.286648 0.543768 0.286415 0.539916 0.277544 0.522234 0.254435 0.519433 0.225957 0.511730 0.220355 0.508578 0.205649 0.504552 0.197246 0.500525 0.183240 0.496674 0.178338 0.494223 0.158030 0.487395 0.133754 0.476015 0.130252 0.476015 0.104342 0.484944 0.099206 0.488445 0.091970 0.491597 0.077498 0.499825 0.056956 0.514356 0.038515 0.528887 0.026844 0.539566 0.022409 0.542192 0.008170 0.556022 0.001867 0.567052
1 0.002101 0.411239 0.000000 0.412290 0.000000 0.441527 0.001867 0.441702 0.007937 0.449755 0.022642 0.460434 0.035481 0.467262 0.053221 0.474265 0.088469 0.479692 0.110411 0.480217 0.116480 0.479517 0.123249 0.477241 0.129085 0.473739 0.126284 0.470413 0.106909 0.456408 0.103408 0.451856 0.098039 0.446954 0.095472 0.442402 0.091503 0.432248 0.091737 0.428046 0.094071 0.420693 0.099440 0.411940 0.121615 0.393032 0.133520 0.386730 0.172269 0.370798 0.178571 0.369398 0.182540 0.367472 0.197012 0.363095 0.224090 0.358543 0.241597 0.357843 0.251867 0.355742 0.246032 0.352241 0.220588 0.345413 0.211951 0.341912 0.195845 0.337185 0.192810 0.334909 0.181839 0.330007 0.161064 0.317577 0.157563 0.316877 0.154528 0.317927 0.148459 0.318627 0.124650 0.326331 0.108543 0.333508 0.056256 0.361695 0.039916 0.372024 0.021008 0.385679 0.013072 0.394258 0.010037 0.396534 0.004435 0.404237 0.002101 0.411239
1 0.006303 0.276961 0.007703 0.288866 0.010971 0.300245 0.017274 0.311099 0.028945 0.325455 0.032446 0.328081 0.040616 0.331933 0.051587 0.334034 0.075630 0.335084 0.105509 0.333333 0.120448 0.326331 0.127218 0.324755 0.129785 0.323179 0.150794 0.316352 0.154295 0.314251 0.153595 0.310749 0.152194 0.308824 0.135154 0.291141 0.129552 0.278361 0.127451 0.266807 0.128151 0.261905 0.132120 0.257003 0.139122 0.251576 0.145658 0.247724 0.154295 0.244223 0.158030 0.243522 0.169234 0.239146 0.182306 0.235119 0.188842 0.233368 0.198880 0.231968 0.202848 0.230217 0.206349 0.230392 0.210317 0.228817 0.219888 0.226716 0.226891 0.226190 0.230626 0.223739 0.243231 0.220588 0.244865 0.219363 0.251634 0.218662 0.257937 0.216562 0.268908 0.214636 0.275210 0.212360 0.285014 0.210084 0.295051 0.206408 0.297152 0.203081 0.294118 0.199580 0.283380 0.193803 0.270075 0.189776 0.248133 0.181022 0.237162 0.177696 0.234127 0.175420 0.228525 0.173494 0.199580 0.158613 0.192577 0.156162 0.185574 0.155637 0.180906 0.157563 0.164332 0.160889 0.144024 0.166317 0.133754 0.169818 0.099907 0.184874 0.065126 0.201506 0.050187 0.209734 0.031513 0.223039 0.024510 0.230042 0.018441 0.237745 0.013305 0.244748 0.010271 0.251401 0.009804 0.255602 0.007703 0.259979 0.006536 0.268382 0.006303 0.276961
1 0.002568 0.081057 0.001634 0.082283 0.000000 0.082283 0.000000 0.117472 0.001867 0.117647 0.007937 0.126576 0.016106 0.133929 0.033147 0.145483 0.043651 0.151085 0.063959 0.159314 0.084500 0.165441 0.101074 0.168943 0.119748 0.170693 0.126517 0.170518 0.150794 0.163165 0.154528 0.161239 0.160598 0.159664 0.165033 0.159839 0.172736 0.157913 0.175770 0.156162 0.179272 0.155287 0.181373 0.153711 0.183707 0.150560 0.183940 0.147584 0.177404 0.143207 0.169234 0.130077 0.167134 0.125175 0.165966 0.114321 0.167367 0.104517 0.169935 0.098915 0.172736 0.088936 0.176937 0.080532 0.189776 0.064251 0.202381 0.053396 0.214519 0.045168 0.229458 0.037640 0.248366 0.032388 0.255135 0.031338 0.257236 0.029412 0.254669 0.025910 0.251167 0.024335 0.248599 0.022059 0.245331 0.021008 0.234827 0.013831 0.229458 0.011730 0.226424 0.008578 0.216853 0.003676 0.209851 0.001751 0.209617 0.000000 0.170168 0.000000 0.154528 0.004727 0.145658 0.006303 0.140056 0.008403 0.137021 0.008578 0.129318 0.012255 0.122082 0.013655 0.110644 0.017332 0.067460 0.035714 0.039449 0.049545 0.028945 0.055847 0.009804 0.069853 0.004435 0.075630 0.002568 0.081057
1 0.218954 0.000000 0.218954 0.001576 0.244865 0.019433 0.258637 0.027486 0.261671 0.028361 0.272642 0.029412 0.275210 0.028711 0.289916 0.028186 0.327031 0.031338 0.362979 0.037290 0.376984 0.041317 0.395658 0.043768 0.398226 0.043242 0.397993 0.039741 0.394958 0.036415 0.388189 0.031513 0.384220 0.026261 0.382820 0.022409 0.381886 0.011380 0.384454 0.000000 0.218954 0.000000
1 0.693511 0.751926 0.695378 0.755602 0.716620 0.759629 0.720355 0.761029 0.727358 0.761380 0.730626 0.762780 0.748366 0.764531 0.779412 0.764181 0.790149 0.763480 0.807656 0.761029 0.831466 0.756127 0.850840 0.750875 0.871382 0.741947 0.893791 0.729167 0.904528 0.720413 0.913866 0.710084 0.917600 0.703081 0.920635 0.689601 0.920168 0.682073 0.916900 0.666842 0.914566 0.661590 0.908730 0.653361 0.901494 0.645833 0.889589 0.637255 0.886788 0.634454 0.873249 0.626225 0.866013 0.625350 0.865079 0.626576 0.873483 0.637430 0.875584 0.644783 0.878852 0.650910 0.880719 0.663165 0.880019 0.672269 0.877918 0.685049 0.873249 0.693978 0.863912 0.704307 0.860177 0.706408 0.854575 0.711310 0.844071 0.716036 0.838702 0.719363 0.828431 0.723389 0.822129 0.727241 0.813492 0.729692 0.800187 0.732143 0.790149 0.735119 0.786415 0.734769 0.772642 0.738270 0.756536 0.740021 0.748366 0.741772 0.744398 0.741071 0.731326 0.745273 0.727124 0.744748 0.722689 0.745973 0.720588 0.745098 0.717087 0.745098 0.706816 0.747724 0.702381 0.747199 0.699113 0.748074 0.695145 0.747899 0.693744 0.749125 0.693511 0.751926
1 0.718021 0.000000 0.718021 0.001751 0.721055 0.005077 0.726891 0.009454 0.741597 0.015406 0.751634 0.017857 0.758403 0.019083 0.781513 0.021008 0.810924 0.021359 0.841970 0.018207 0.865546 0.014006 0.880252 0.010329 0.883520 0.008929 0.887722 0.008578 0.897292 0.002101 0.900794 0.002451 0.901961 0.001926 0.902428 0.000000 0.718021 0.000000