0 0.038982 0.140581 0.039916 0.142157 0.049020 0.150910 0.062558 0.158964 0.075163 0.164916 0.102241 0.173669 0.116013 0.176821 0.119514 0.176996 0.126984 0.179622 0.133520 0.180847 0.150327 0.182248 0.161531 0.182423 0.175303 0.184349 0.203315 0.182773 0.214052 0.181197 0.234127 0.176296 0.240430 0.173494 0.260971 0.159839 0.267507 0.154237 0.270308 0.149335 0.271942 0.143908 0.271942 0.135456 0.273576 0.129027 0.267740 0.116597 0.260738 0.108894 0.255369 0.104867 0.241130 0.098564 0.229692 0.095238 0.195845 0.088585 0.154295 0.088235 0.130719 0.091036 0.110644 0.096113 0.106209 0.096289 0.095472 0.099440 0.070261 0.109069 0.063492 0.112045 0.052521 0.119748 0.045285 0.126576 0.039216 0.136555 0.038982 0.140581
0 0.246032 0.192577 0.248133 0.199580 0.251634 0.206232 0.254902 0.209909 0.257470 0.211485 0.258637 0.213761 0.272642 0.220938 0.284781 0.224965 0.289916 0.225490 0.296685 0.228466 0.303221 0.228992 0.306956 0.230217 0.314192 0.230217 0.323763 0.231618 0.347572 0.231968 0.373483 0.230217 0.386555 0.228466 0.394258 0.226190 0.407796 0.223739 0.418301 0.219888 0.430906 0.213410 0.437208 0.208508 0.442344 0.203256 0.447712 0.199580 0.452148 0.192577 0.451914 0.185749 0.450280 0.182248 0.443277 0.174370 0.432540 0.164741 0.415033 0.154237 0.389823 0.147759 0.370215 0.143557 0.357376 0.142857 0.341270 0.142857 0.327965 0.144083 0.325163 0.145133 0.306723 0.147409 0.300187 0.149160 0.292951 0.151786 0.269374 0.163515 0.264239 0.167017 0.257003 0.169818 0.250000 0.175245 0.246499 0.182248 0.246032 0.192577
0 0.291783 0.370448 0.292951 0.378501 0.292484 0.390931 0.295752 0.404587 0.309757 0.440651 0.320728 0.457458 0.327731 0.464636 0.344771 0.478116 0.355976 0.484594 0.369748 0.489846 0.377684 0.491947 0.409430 0.495098 0.421802 0.493697 0.425070 0.491772 0.432073 0.489496 0.440943 0.481968 0.446078 0.478817 0.450980 0.473039 0.455649 0.459559 0.455182 0.445203 0.451681 0.435224 0.447012 0.425420 0.442344 0.418768 0.422035 0.395833 0.410831 0.386905 0.409197 0.383754 0.404762 0.379727 0.393557 0.370973 0.380719 0.365371 0.373716 0.361345 0.369514 0.360294 0.365780 0.358368 0.359477 0.356968 0.335668 0.353817 0.327731 0.353641 0.320962 0.354342 0.317227 0.355742 0.315593 0.358193 0.311625 0.359594 0.306956 0.359069 0.303688 0.360294 0.300187 0.360119 0.294818 0.362920 0.292250 0.366772 0.291783 0.370448
0 0.637488 0.254377 0.641923 0.271884 0.649160 0.286239 0.651727 0.293242 0.660831 0.307598 0.677404 0.320728 0.685808 0.329482 0.706583 0.337885 0.720121 0.341387 0.732960 0.342087 0.755369 0.337885 0.764472 0.332458 0.770308 0.324755 0.772642 0.318277 0.772642 0.308824 0.770542 0.299720 0.767040 0.292192 0.754902 0.273109 0.748133 0.265581 0.744164 0.262955 0.739029 0.257878 0.724090 0.249825 0.713352 0.245273 0.681606 0.238445 0.668067 0.233368 0.660598 0.232843 0.644258 0.235644 0.640523 0.237395 0.637021 0.242822 0.637488 0.254377
0 0.393091 0.634629 0.397993 0.640581 0.407796 0.647409 0.414566 0.649860 0.418301 0.653011 0.422035 0.653186 0.432073 0.656863 0.438375 0.657038 0.449346 0.659839 0.465219 0.660364 0.487862 0.659664 0.514939 0.655112 0.522642 0.654587 0.536881 0.651786 0.542717 0.650385 0.550420 0.647409 0.553922 0.647234 0.565126 0.644258 0.578431 0.639356 0.585434 0.635154 0.590570 0.630077 0.593137 0.623249 0.594071 0.612745 0.590103 0.602066 0.586368 0.597514 0.583100 0.594888 0.575163 0.591036 0.553221 0.583683 0.523343 0.579657 0.504435 0.579657 0.491830 0.582283 0.469888 0.588585 0.456816 0.591387 0.432306 0.599790 0.407096 0.611169 0.397059 0.619223 0.391690 0.629027 0.393091 0.634629
0 0.176471 0.626576 0.176704 0.629727 0.179972 0.637430 0.185341 0.641457 0.188142 0.645483 0.194678 0.649860 0.195845 0.651436 0.203548 0.655462 0.217554 0.660014 0.230159 0.662990 0.252334 0.662990 0.275677 0.660014 0.293651 0.655462 0.307190 0.651085 0.327498 0.640931 0.334967 0.638130 0.345238 0.632703 0.359944 0.623249 0.375350 0.610644 0.377684 0.607318 0.381419 0.597339 0.381186 0.588410 0.376984 0.578256 0.373483 0.572829 0.371382 0.570728 0.358777 0.562850 0.345705 0.559349 0.325163 0.556197 0.309991 0.556723 0.299953 0.558298 0.292717 0.559874 0.276144 0.565126 0.260504 0.571078 0.248133 0.578431 0.229692 0.592262 0.205649 0.605567 0.199813 0.609769 0.188609 0.615196 0.182073 0.620098 0.177404 0.625350 0.176471 0.626576
0 0.592904 0.717962 0.591036 0.723389 0.591737 0.729167 0.591036 0.734594 0.592204 0.741422 0.597339 0.757003 0.605509 0.766632 0.615546 0.774685 0.619048 0.776085 0.626284 0.777486 0.633987 0.777136 0.639823 0.775910 0.647759 0.771884 0.654528 0.769433 0.659897 0.765756 0.681139 0.747899 0.683240 0.744573 0.687442 0.741246 0.699113 0.728641 0.714986 0.710434 0.717087 0.706408 0.717087 0.704307 0.721989 0.696078 0.726424 0.681373 0.728525 0.654062 0.725023 0.639006 0.720355 0.633053 0.713585 0.626401 0.709150 0.624300 0.704715 0.623424 0.699113 0.621148 0.692577 0.617647 0.675070 0.615896 0.661765 0.619223 0.651261 0.624825 0.639589 0.632878 0.637021 0.636380 0.617647 0.654587 0.612278 0.660889 0.605742 0.670868 0.600607 0.681723 0.598273 0.688901 0.593371 0.710609 0.592904 0.717962
0 0.640990 0.522759 0.642390 0.528186 0.644958 0.533263 0.652894 0.542192 0.660364 0.548319 0.667834 0.551120 0.685107 0.554447 0.703081 0.553922 0.722222 0.547794 0.732960 0.542017 0.741130 0.540791 0.746265 0.537115 0.762372 0.528186 0.768674 0.526085 0.782913 0.514881 0.791550 0.502276 0.792951 0.498424 0.793417 0.494048 0.792250 0.490721 0.791083 0.473389 0.782913 0.461310 0.780812 0.459734 0.768908 0.452906 0.754902 0.448529 0.744631 0.447479 0.741597 0.448354 0.737628 0.448004 0.726657 0.449055 0.696312 0.455882 0.689076 0.458158 0.681606 0.462010 0.676004 0.467087 0.667600 0.473039 0.654295 0.485119 0.642624 0.500175 0.640523 0.510679 0.640990 0.522759
0 0.745565 0.602416 0.751401 0.612570 0.757003 0.619223 0.761671 0.626576 0.766807 0.631127 0.768908 0.632703 0.779178 0.637080 0.788282 0.639706 0.799253 0.640056 0.808357 0.637430 0.817927 0.630952 0.831466 0.617472 0.859244 0.578081 0.863445 0.569853 0.865313 0.564251 0.866013 0.557248 0.865313 0.544468 0.862278 0.533263 0.855042 0.519258 0.841970 0.511380 0.827965 0.505077 0.814192 0.503501 0.807190 0.504202 0.787115 0.512955 0.775444 0.522584 0.772409 0.526085 0.766106 0.538340 0.761204 0.543242 0.759337 0.546919 0.756303 0.550245 0.747666 0.570903 0.745565 0.585434 0.745565 0.602416
0 0.541550 0.550420 0.543184 0.561099 0.546218 0.570903 0.552288 0.579482 0.556256 0.582983 0.563959 0.586310 0.568861 0.586835 0.574230 0.588585 0.577965 0.588761 0.581699 0.586310 0.584967 0.587535 0.600840 0.582458 0.611345 0.575980 0.620448 0.568627 0.629785 0.557598 0.635621 0.547269 0.638189 0.539916 0.640056 0.529412 0.638889 0.517682 0.640756 0.498599 0.639823 0.473214 0.637021 0.461310 0.631186 0.451331 0.628618 0.449230 0.623016 0.447654 0.598273 0.449755 0.594071 0.451155 0.588702 0.454307 0.577965 0.458333 0.567927 0.464986 0.565359 0.468838 0.559757 0.473739 0.549953 0.488796 0.546218 0.500175 0.542484 0.529412 0.541550 0.550420
0 0.155229 0.804797 0.156863 0.810224 0.163165 0.817752 0.175070 0.824580 0.185808 0.827381 0.206116 0.830357 0.230859 0.831758 0.244398 0.829482 0.261905 0.828431 0.269841 0.825630 0.274276 0.825105 0.285247 0.821078 0.293417 0.819678 0.309524 0.812150 0.317694 0.809874 0.331699 0.802871 0.334500 0.800245 0.338235 0.798669 0.344304 0.794293 0.352241 0.790441 0.362512 0.782913 0.373249 0.772934 0.377918 0.765056 0.380952 0.744923 0.378618 0.738095 0.375117 0.734244 0.362745 0.728992 0.352241 0.723389 0.341737 0.719188 0.338235 0.716912 0.331466 0.715161 0.325397 0.714286 0.321195 0.714461 0.310924 0.717262 0.307190 0.717437 0.304155 0.716211 0.299720 0.716387 0.284781 0.719188 0.274743 0.723564 0.259104 0.728641 0.239029 0.736695 0.212418 0.751050 0.201914 0.757703 0.190009 0.763655 0.173436 0.777136 0.164099 0.786415 0.158730 0.793242 0.155696 0.800770 0.155229 0.804797
0 0.317694 0.692227 0.319328 0.699230 0.323063 0.704657 0.330065 0.712010 0.383520 0.735819 0.403828 0.741071 0.419935 0.742997 0.436275 0.743873 0.456349 0.741772 0.466853 0.739146 0.477124 0.735469 0.485528 0.730567 0.491597 0.725140 0.500467 0.713410 0.500467 0.706232 0.498599 0.702556 0.485294 0.688901 0.477358 0.683648 0.449813 0.669293 0.446545 0.668768 0.428338 0.660364 0.415033 0.655637 0.407796 0.653887 0.392390 0.652836 0.380252 0.653011 0.354575 0.657038 0.345472 0.660714 0.342904 0.662640 0.337768 0.664391 0.334734 0.664566 0.331232 0.666492 0.326564 0.670343 0.318161 0.682248 0.317694 0.692227
0 0.355742 0.866597 0.363212 0.887080 0.369514 0.895308 0.383053 0.909489 0.390523 0.915091 0.398459 0.919818 0.400794 0.921744 0.401727 0.923669 0.408263 0.926120 0.414566 0.927521 0.431839 0.928396 0.448413 0.927871 0.457516 0.926646 0.469421 0.922794 0.484360 0.913165 0.485294 0.911590 0.484827 0.908263 0.487862 0.904412 0.488095 0.896534 0.486928 0.880602 0.482960 0.862570 0.478291 0.851716 0.471755 0.841387 0.456816 0.828256 0.449346 0.823179 0.432073 0.816702 0.422035 0.814601 0.414799 0.814076 0.401027 0.815126 0.383754 0.821254 0.374883 0.825455 0.371148 0.828081 0.364613 0.835959 0.359244 0.840686 0.355275 0.850665 0.355742 0.866597
0 0.585201 0.916667 0.588002 0.924195 0.591036 0.929447 0.599206 0.937150 0.611345 0.943627 0.621849 0.946254 0.628852 0.946779 0.639589 0.946254 0.645658 0.944853 0.658030 0.938375 0.660131 0.936099 0.666200 0.932073 0.678571 0.917192 0.686508 0.901261 0.692344 0.865721 0.694911 0.856968 0.694911 0.848564 0.693978 0.841912 0.691410 0.835084 0.685107 0.828606 0.678805 0.825630 0.671335 0.823880 0.660598 0.823004 0.652428 0.824055 0.647526 0.825455 0.626050 0.835784 0.616246 0.842612 0.602241 0.855917 0.597572 0.861520 0.594771 0.866597 0.591970 0.876050 0.593137 0.882703 0.591503 0.891457 0.583333 0.906513 0.585201 0.916667
0 0.677871 0.806898 0.678105 0.812850 0.679505 0.819678 0.681139 0.822654 0.687675 0.827556 0.689309 0.830007 0.692110 0.831232 0.692810 0.835084 0.696078 0.840686 0.698413 0.840686 0.700980 0.841737 0.702848 0.843487 0.703315 0.845413 0.708917 0.849790 0.720121 0.854167 0.733193 0.855392 0.743464 0.855217 0.747666 0.856268 0.752101 0.856268 0.761905 0.854517 0.768674 0.852241 0.779178 0.846989 0.787115 0.839286 0.793651 0.829132 0.796685 0.821604 0.796685 0.814601 0.794118 0.811275 0.792250 0.806723 0.775910 0.793768 0.771942 0.793417 0.764939 0.785714 0.758170 0.783613 0.734594 0.779062 0.724790 0.778536 0.712885 0.780462 0.702381 0.787640 0.689076 0.794118 0.680205 0.800245 0.679739 0.801296 0.677871 0.806898
0 0.478058 0.101190 0.475957 0.105567 0.476657 0.106793 0.480859 0.108894 0.485138 0.109827 0.491597 0.115021 0.506536 0.133403 0.511905 0.142332 0.518674 0.147409 0.524743 0.149510 0.539683 0.159139 0.563725 0.164916 0.589636 0.166141 0.606676 0.165441 0.623249 0.163690 0.636788 0.159839 0.647059 0.154762 0.652194 0.150910 0.653828 0.148634 0.654528 0.143732 0.653128 0.141282 0.652894 0.136905 0.644258 0.127801 0.623016 0.111520 0.609244 0.102066 0.595005 0.094013 0.574230 0.084909 0.570261 0.084384 0.559057 0.080707 0.549953 0.079657 0.543651 0.077906 0.518908 0.078431 0.500467 0.081057 0.490196 0.084034 0.481326 0.091036 0.478525 0.095063 0.478058 0.101190
0 0.732026 0.424720 0.735294 0.432773 0.750000 0.444153 0.755135 0.446779 0.761905 0.448179 0.765640 0.449755 0.782680 0.453606 0.785714 0.452731 0.793184 0.454657 0.801120 0.454657 0.810691 0.453256 0.821662 0.450805 0.834967 0.446078 0.845938 0.439076 0.848039 0.435574 0.849440 0.429447 0.849440 0.425595 0.846639 0.418592 0.842670 0.414916 0.838469 0.408263 0.832866 0.404237 0.828431 0.402661 0.813259 0.393382 0.804855 0.390231 0.797619 0.389181 0.769141 0.388831 0.751401 0.394958 0.747432 0.397059 0.744164 0.400210 0.739963 0.407213 0.735294 0.412290 0.731559 0.418242 0.732026 0.424720
0 0.245331 0.866422 0.247666 0.876926 0.251634 0.887255 0.261204 0.904237 0.269374 0.915966 0.286181 0.935749 0.289916 0.935049 0.292717 0.938725 0.293417 0.941001 0.298786 0.942402 0.303221 0.947479 0.310691 0.952381 0.314893 0.952031 0.317460 0.953081 0.320495 0.952731 0.330065 0.955357 0.337302 0.955882 0.359477 0.953957 0.368114 0.950630 0.380019 0.944503 0.382586 0.941702 0.387021 0.938901 0.394024 0.929972 0.397526 0.921744 0.392157 0.917017 0.387021 0.914741 0.379552 0.907738 0.365780 0.892332 0.360644 0.884104 0.356909 0.875525 0.353641 0.860294 0.353175 0.853116 0.346872 0.846113 0.317460 0.834384 0.310691 0.832808 0.300187 0.832983 0.296685 0.831232 0.293417 0.830707 0.285247 0.831057 0.266573 0.837535 0.260271 0.842087 0.250700 0.851541 0.247899 0.855917 0.245565 0.862570 0.245331 0.866422
1 0.565359 0.064076 0.566993 0.071078 0.575630 0.084209 0.584967 0.089286 0.594071 0.092437 0.614379 0.105042 0.633987 0.119048 0.653128 0.134629 0.659664 0.136380 0.667834 0.141282 0.673203 0.143557 0.675303 0.143557 0.680906 0.141632 0.699346 0.139181 0.701447 0.137955 0.705649 0.133053 0.709150 0.123424 0.708450 0.115196 0.705415 0.105392 0.696779 0.091562 0.690243 0.083683 0.675770 0.070378 0.661064 0.060049 0.653361 0.055847 0.642857 0.051821 0.620448 0.047794 0.605509 0.047094 0.577731 0.053571 0.570261 0.056723 0.565593 0.060574 0.565359 0.064076
1 0.391223 0.140581 0.393324 0.146709 0.397059 0.148284 0.401027 0.148985 0.404762 0.150910 0.414332 0.152836 0.421335 0.156338 0.436041 0.166667 0.448880 0.179797 0.451214 0.183298 0.452614 0.191352 0.450980 0.196954 0.447012 0.201155 0.442577 0.203606 0.441410 0.205707 0.434874 0.210959 0.433007 0.213410 0.434874 0.220063 0.443978 0.232493 0.447712 0.236345 0.453081 0.239671 0.457516 0.239321 0.467554 0.240021 0.473389 0.239321 0.488095 0.234069 0.499767 0.226366 0.506536 0.218487 0.511438 0.210084 0.513539 0.207983 0.517507 0.198004 0.521242 0.180497 0.520308 0.168242 0.513772 0.154762 0.512372 0.148109 0.509104 0.140581 0.505135 0.133754 0.501167 0.129902 0.492063 0.117122 0.484360 0.110119 0.478992 0.107493 0.476891 0.103992 0.472923 0.102416 0.467787 0.098039 0.460317 0.094013 0.446078 0.090336 0.431839 0.089986 0.426704 0.091387 0.422035 0.093838 0.415033 0.098389 0.405696 0.105917 0.394958 0.119398 0.391457 0.130427 0.391223 0.140581
1 0.271475 0.123074 0.273810 0.125875 0.274743 0.129202 0.273109 0.143382 0.269608 0.153361 0.267507 0.156338 0.261204 0.161415 0.263305 0.163690 0.265640 0.163866 0.271008 0.160714 0.279412 0.157913 0.289449 0.152486 0.296218 0.150035 0.308590 0.146709 0.331699 0.143207 0.342670 0.142157 0.360411 0.142507 0.372782 0.143557 0.387021 0.146884 0.388889 0.146359 0.390289 0.144958 0.391457 0.119748 0.386088 0.118522 0.374883 0.112745 0.352474 0.104867 0.338936 0.103116 0.320962 0.103116 0.310458 0.104342 0.294118 0.108543 0.277778 0.114146 0.273576 0.115896 0.271242 0.118522 0.271475 0.123074
1 0.698179 0.092087 0.707516 0.108018 0.710317 0.123424 0.711951 0.127976 0.716853 0.135679 0.725023 0.144083 0.745331 0.152311 0.761671 0.160014 0.769608 0.164916 0.782446 0.175070 0.785481 0.177521 0.786415 0.179972 0.796452 0.178746 0.803688 0.176821 0.817460 0.172444 0.823296 0.168417 0.831466 0.157913 0.836835 0.147584 0.838469 0.140931 0.837768 0.133403 0.834967 0.125700 0.831232 0.119748 0.807190 0.094538 0.799953 0.091211 0.786648 0.083158 0.775677 0.078256 0.758870 0.072654 0.748833 0.070903 0.740896 0.070728 0.734360 0.071604 0.722923 0.074055 0.710084 0.077906 0.702848 0.081583 0.698646 0.086660 0.698179 0.092087
1 0.660598 0.203081 0.666900 0.207808 0.668301 0.210084 0.669001 0.207808 0.671802 0.206232 0.673903 0.203256 0.679038 0.198880 0.684641 0.197654 0.692577 0.198004 0.696078 0.199580 0.706349 0.201681 0.709617 0.203782 0.717087 0.206057 0.723856 0.209209 0.730859 0.214286 0.737628 0.217612 0.752101 0.218312 0.761905 0.220938 0.764239 0.220938 0.765873 0.220588 0.774276 0.212885 0.781279 0.207983 0.783613 0.204657 0.786881 0.196254 0.786881 0.186625 0.783613 0.177696 0.774276 0.168768 0.762138 0.160189 0.756303 0.158263 0.741130 0.151085 0.719421 0.143557 0.703782 0.140931 0.692577 0.141457 0.679272 0.143382 0.674370 0.147409 0.680906 0.157213 0.682073 0.161415 0.681373 0.171919 0.679739 0.177696 0.671102 0.190476 0.667834 0.194328 0.661298 0.199405 0.660598 0.203081
1 0.531979 0.203081 0.534314 0.210259 0.541783 0.218137 0.544351 0.219713 0.549953 0.221289 0.567927 0.221289 0.582633 0.222339 0.591036 0.223389 0.605742 0.226716 0.616480 0.225140 0.640523 0.212010 0.643791 0.211485 0.648693 0.209034 0.666200 0.195378 0.676937 0.181723 0.681139 0.171919 0.681839 0.161415 0.679038 0.154237 0.672969 0.146359 0.667367 0.142682 0.665500 0.140231 0.658030 0.136380 0.650794 0.136204 0.649860 0.137080 0.651961 0.137605 0.653361 0.139531 0.654295 0.147934 0.652661 0.151085 0.640990 0.158438 0.626751 0.163690 0.612278 0.165441 0.585668 0.166842 0.574697 0.165966 0.563959 0.166141 0.552054 0.173845 0.547152 0.178571 0.536415 0.186800 0.534314 0.189076 0.531979 0.195028 0.531979 0.203081
1 0.489029 0.242647 0.490663 0.244748 0.503968 0.249825 0.511905 0.253676 0.517507 0.257528 0.522176 0.262430 0.529645 0.268032 0.531046 0.272234 0.531279 0.280812 0.529645 0.287290 0.522876 0.299720 0.523810 0.301471 0.527778 0.303746 0.542951 0.306022 0.557190 0.305672 0.612745 0.297094 0.619281 0.293592 0.627684 0.290791 0.636321 0.286239 0.638889 0.282913 0.640289 0.276261 0.638889 0.265581 0.637021 0.260154 0.627684 0.245098 0.609244 0.229692 0.595238 0.224965 0.588235 0.223564 0.574463 0.222339 0.560458 0.221989 0.546218 0.222689 0.540383 0.223564 0.526377 0.227416 0.511905 0.229517 0.501634 0.232668 0.491597 0.238095 0.488796 0.240721 0.489029 0.242647
1 0.344771 0.258578 0.344771 0.259629 0.345472 0.262080 0.347572 0.263480 0.352474 0.263655 0.362745 0.265931 0.373016 0.266807 0.376984 0.268557 0.380252 0.268908 0.386788 0.271008 0.394024 0.276085 0.397526 0.277836 0.401650 0.278828 0.408030 0.282563 0.415966 0.288515 0.419935 0.292542 0.428805 0.303571 0.433007 0.311975 0.435574 0.313200 0.440009 0.313375 0.449580 0.316001 0.472222 0.315651 0.483427 0.314426 0.499767 0.311099 0.508870 0.307773 0.520542 0.300420 0.521709 0.297794 0.527778 0.290266 0.531746 0.280112 0.529412 0.268207 0.515873 0.256653 0.510271 0.253326 0.500233 0.248950 0.484827 0.243873 0.477358 0.242472 0.468721 0.241597 0.446078 0.240896 0.441176 0.242122 0.423203 0.242997 0.397993 0.241947 0.383520 0.242997 0.369514 0.246324 0.362278 0.248775 0.346639 0.257178 0.344771 0.258578
1 0.734594 0.224790 0.740663 0.230217 0.747432 0.245098 0.749533 0.247899 0.750934 0.261204 0.750467 0.265756 0.772409 0.298319 0.781746 0.301120 0.799720 0.304272 0.818161 0.303396 0.824230 0.302346 0.829365 0.300595 0.837768 0.295693 0.842904 0.291667 0.852474 0.279587 0.853408 0.276436 0.852474 0.266106 0.849673 0.258228 0.845472 0.251576 0.838702 0.245098 0.832400 0.240546 0.817694 0.233718 0.786415 0.229517 0.763305 0.222164 0.752334 0.219538 0.739029 0.218487 0.734360 0.219713 0.734594 0.224790
1 0.058824 0.265056 0.061391 0.276085 0.064426 0.282563 0.071429 0.289741 0.078198 0.294293 0.081232 0.295168 0.088235 0.295343 0.105042 0.293943 0.130019 0.289041 0.132586 0.283613 0.133287 0.279062 0.135854 0.272234 0.147292 0.258929 0.154995 0.252451 0.175303 0.242122 0.183240 0.238796 0.189542 0.237570 0.195845 0.235294 0.209851 0.233368 0.230859 0.233894 0.235994 0.233018 0.241597 0.233368 0.243931 0.234244 0.247432 0.233368 0.258870 0.233718 0.265640 0.231968 0.267740 0.228466 0.268674 0.223739 0.267040 0.220588 0.255836 0.213235 0.250000 0.206758 0.244398 0.196604 0.242530 0.187150 0.241363 0.185399 0.239729 0.184699 0.230392 0.182598 0.219888 0.182248 0.196312 0.184174 0.187208 0.185749 0.168067 0.185924 0.153595 0.187675 0.133754 0.192577 0.130952 0.193978 0.122782 0.195203 0.105976 0.202206 0.091737 0.209734 0.077965 0.221113 0.073296 0.227591 0.070028 0.230567 0.063492 0.241597 0.061625 0.248074 0.059757 0.251225 0.058824 0.257528 0.058824 0.265056
1 0.132586 0.292542 0.133754 0.296569 0.138189 0.303746 0.144024 0.308473 0.147526 0.309524 0.157563 0.311625 0.177404 0.311800 0.206816 0.314951 0.245331 0.322304 0.258870 0.323880 0.261671 0.324930 0.265873 0.324580 0.269374 0.323354 0.274743 0.324580 0.282913 0.324405 0.295518 0.321254 0.305089 0.317577 0.306956 0.312325 0.307423 0.297094 0.312792 0.281338 0.322129 0.271359 0.329365 0.266807 0.338469 0.264356 0.340803 0.261905 0.338702 0.257703 0.335201 0.255077 0.324697 0.249650 0.306022 0.241947 0.293651 0.239321 0.289916 0.237745 0.275910 0.235469 0.255836 0.234244 0.223156 0.233894 0.199580 0.235644 0.186975 0.238620 0.174837 0.242647 0.156396 0.251926 0.147059 0.259979 0.137488 0.272059 0.133754 0.280637 0.132586 0.287465 0.132586 0.292542
1 0.044585 0.334909 0.046919 0.339286 0.066060 0.359594 0.077264 0.366422 0.091737 0.373249 0.105742 0.377451 0.119048 0.379727 0.123016 0.379202 0.128385 0.375000 0.133754 0.372374 0.164332 0.360294 0.182306 0.355217 0.185808 0.355042 0.209851 0.349615 0.216387 0.348739 0.224090 0.346289 0.231092 0.345413 0.238095 0.343487 0.249767 0.341912 0.254435 0.340686 0.256769 0.338585 0.253735 0.330182 0.249533 0.326155 0.242297 0.323179 0.233894 0.320553 0.206816 0.315301 0.199813 0.315126 0.178571 0.312675 0.158030 0.311975 0.147059 0.310224 0.142157 0.308123 0.136555 0.303746 0.133520 0.297794 0.130252 0.295693 0.114379 0.298669 0.109010 0.300070 0.105509 0.301821 0.088235 0.306548 0.054155 0.322304 0.046685 0.325105 0.044351 0.329307 0.044585 0.334909
1 0.124183 0.390581 0.132586 0.407913 0.147759 0.420518 0.167600 0.430147 0.184874 0.436275 0.207049 0.441001 0.220355 0.442227 0.230626 0.444153 0.254669 0.442927 0.265640 0.440651 0.283147 0.438200 0.297619 0.433824 0.302054 0.430497 0.302988 0.427696 0.301354 0.420343 0.292717 0.397584 0.291783 0.388655 0.292250 0.378326 0.290616 0.368873 0.292951 0.363620 0.300420 0.358018 0.307423 0.356268 0.310691 0.356793 0.316060 0.354342 0.317694 0.352416 0.310924 0.348214 0.301354 0.345063 0.276377 0.342612 0.257470 0.342787 0.251634 0.342087 0.227591 0.346289 0.186041 0.355042 0.161998 0.361695 0.142390 0.369048 0.137722 0.371849 0.129318 0.375175 0.123950 0.380252 0.123249 0.382528 0.124183 0.390581
1 0.308590 0.312500 0.310224 0.320553 0.314426 0.327381 0.331699 0.349090 0.343604 0.353992 0.359244 0.355917 0.369048 0.358718 0.393791 0.369573 0.397059 0.373249 0.399160 0.374125 0.406863 0.380427 0.411298 0.382353 0.418067 0.380952 0.422035 0.381828 0.432773 0.377976 0.433940 0.376576 0.437442 0.359244 0.437442 0.350840 0.434874 0.328081 0.430906 0.310224 0.428338 0.305147 0.418301 0.292192 0.406629 0.282388 0.397059 0.278711 0.387021 0.271534 0.383754 0.270483 0.373249 0.267857 0.359010 0.265581 0.345472 0.264181 0.341737 0.264531 0.328198 0.268557 0.319328 0.275735 0.313959 0.282563 0.309991 0.291842 0.308357 0.299195 0.308590 0.312500
1 0.436508 0.335084 0.439309 0.350840 0.442344 0.352416 0.465920 0.358718 0.481092 0.364846 0.487628 0.365721 0.502101 0.365371 0.511905 0.362045 0.521475 0.348214 0.528711 0.341387 0.536881 0.335084 0.545518 0.329657 0.554388 0.326155 0.562092 0.321078 0.561625 0.317577 0.555089 0.312675 0.550654 0.310399 0.543651 0.308473 0.539916 0.306548 0.519141 0.303922 0.514239 0.305322 0.509104 0.308473 0.502101 0.310924 0.488095 0.314076 0.475724 0.315651 0.454482 0.316352 0.445612 0.315826 0.442577 0.314776 0.438842 0.314601 0.436508 0.315651 0.435341 0.317402 0.436508 0.335084
1 0.436975 0.366422 0.434641 0.373950 0.432073 0.376576 0.432540 0.377276 0.438142 0.378852 0.444911 0.379027 0.453081 0.380427 0.464519 0.379727 0.486461 0.381478 0.491363 0.381478 0.492764 0.380602 0.491597 0.376401 0.484594 0.369048 0.472222 0.361695 0.463352 0.357843 0.456349 0.355917 0.445845 0.353291 0.439076 0.352766 0.436975 0.366422
1 0.415500 0.387080 0.417134 0.390406 0.422736 0.395308 0.425303 0.398985 0.435341 0.409314 0.447246 0.425245 0.455182 0.443452 0.456816 0.454307 0.457983 0.456583 0.460084 0.457983 0.462885 0.458683 0.468254 0.458683 0.480859 0.457633 0.504902 0.452381 0.527778 0.444328 0.539449 0.436975 0.547619 0.432948 0.552288 0.429447 0.555089 0.425770 0.554155 0.421569 0.550654 0.417192 0.545051 0.405112 0.542717 0.390581 0.539683 0.388655 0.528945 0.387955 0.515406 0.385329 0.480859 0.381127 0.463819 0.380252 0.448413 0.380952 0.435574 0.379727 0.429038 0.382528 0.418534 0.384279 0.416200 0.385854 0.415500 0.387080
1 0.513539 0.369398 0.515640 0.380952 0.518207 0.383578 0.524276 0.384454 0.532213 0.387255 0.542951 0.386555 0.548786 0.376926 0.557190 0.369223 0.560458 0.368347 0.566527 0.364671 0.571429 0.362920 0.580532 0.360994 0.596172 0.361520 0.609477 0.363971 0.626751 0.370098 0.630019 0.370623 0.640523 0.375175 0.642857 0.375000 0.647526 0.370973 0.650794 0.369923 0.665033 0.361169 0.669234 0.356092 0.678571 0.347514 0.683007 0.338761 0.683473 0.331933 0.679739 0.324755 0.676704 0.321254 0.662932 0.310399 0.654295 0.305672 0.644725 0.304272 0.630952 0.303922 0.615313 0.304272 0.602241 0.306022 0.584967 0.310574 0.566060 0.318978 0.556956 0.324755 0.543417 0.331232 0.535714 0.336485 0.522642 0.347689 0.516807 0.356268 0.513772 0.362570 0.513539 0.369398
1 0.645658 0.376401 0.646825 0.377801 0.672969 0.392507 0.678338 0.398459 0.685808 0.402486 0.693978 0.409489 0.702148 0.419118 0.706583 0.430672 0.710084 0.430847 0.712652 0.429447 0.727358 0.418768 0.743464 0.398634 0.749767 0.393908 0.750233 0.376401 0.747666 0.362745 0.745331 0.359069 0.744398 0.355392 0.742530 0.353116 0.734360 0.349790 0.712885 0.350490 0.702381 0.352066 0.685808 0.355917 0.671569 0.359944 0.653128 0.369748 0.648693 0.372899 0.645658 0.376401
1 0.675303 0.356443 0.682540 0.356443 0.706349 0.350665 0.711951 0.349965 0.728291 0.349615 0.738095 0.350490 0.741130 0.351716 0.743697 0.354692 0.750233 0.372724 0.750700 0.380952 0.749533 0.389881 0.750233 0.393207 0.751634 0.393557 0.761204 0.390581 0.765640 0.388831 0.768207 0.386905 0.771008 0.377101 0.769608 0.359944 0.765640 0.350140 0.758637 0.338585 0.751401 0.338936 0.734827 0.342612 0.722923 0.342437 0.706583 0.338235 0.698413 0.334909 0.688842 0.332458 0.685574 0.334909 0.685341 0.338585 0.682073 0.345763 0.675303 0.354517 0.675303 0.356443
1 0.767974 0.353116 0.768908 0.356618 0.771709 0.359944 0.784080 0.368522 0.793184 0.373424 0.801821 0.376576 0.827731 0.381303 0.838002 0.384804 0.848506 0.385854 0.859944 0.386029 0.873950 0.382353 0.881186 0.378151 0.885621 0.373249 0.886788 0.369223 0.887021 0.361695 0.885154 0.356793 0.880252 0.350840 0.859244 0.334559 0.845705 0.327731 0.825163 0.320553 0.803688 0.315651 0.785948 0.315476 0.777311 0.317577 0.774743 0.319153 0.770542 0.327031 0.760504 0.338060 0.767974 0.353116
1 0.769608 0.387080 0.772409 0.388831 0.775910 0.388305 0.785714 0.389181 0.800420 0.389006 0.811625 0.392332 0.827031 0.401436 0.835201 0.404062 0.842204 0.410539 0.843604 0.414566 0.848039 0.420168 0.849673 0.424895 0.849907 0.432248 0.846639 0.439426 0.848739 0.442052 0.866246 0.444328 0.870215 0.442752 0.873249 0.440476 0.875817 0.435924 0.876284 0.426296 0.874183 0.418417 0.869748 0.409839 0.865313 0.403011 0.859010 0.397934 0.852474 0.395133 0.847339 0.391282 0.845472 0.388480 0.841737 0.386730 0.825630 0.381828 0.796685 0.376225 0.789916 0.376225 0.772876 0.378852 0.770075 0.383578 0.769608 0.387080
1 0.282213 0.234244 0.292717 0.237745 0.303922 0.240021 0.305789 0.241422 0.318861 0.246148 0.345238 0.258929 0.348039 0.256127 0.357143 0.250350 0.376284 0.244223 0.386788 0.242647 0.400327 0.241772 0.424603 0.242997 0.439542 0.242122 0.444444 0.240896 0.449813 0.237745 0.447479 0.237045 0.443277 0.233193 0.439076 0.227241 0.436741 0.225315 0.432306 0.217437 0.428805 0.216036 0.425070 0.216912 0.422969 0.218487 0.405462 0.225490 0.380252 0.229867 0.365546 0.230567 0.359244 0.231793 0.351541 0.231618 0.345472 0.232668 0.329132 0.232668 0.317460 0.232143 0.310924 0.230917 0.302054 0.230917 0.293417 0.229167 0.288749 0.229167 0.287582 0.229692 0.286648 0.231793 0.282913 0.233543 0.282213 0.234244
1 0.521008 0.182423 0.517274 0.199580 0.509337 0.215161 0.499533 0.226541 0.497899 0.230917 0.505369 0.230567 0.515873 0.227766 0.529178 0.226015 0.536415 0.224090 0.544118 0.220413 0.538515 0.215511 0.534314 0.210084 0.531513 0.200105 0.532446 0.192927 0.539916 0.182073 0.537115 0.178922 0.522409 0.167017 0.519841 0.168067 0.521008 0.182423
1 0.514472 0.154762 0.519141 0.164216 0.521942 0.167542 0.533380 0.175070 0.536415 0.179097 0.539916 0.178046 0.543184 0.178221 0.546452 0.176821 0.559057 0.168242 0.559290 0.164741 0.537815 0.158088 0.528945 0.152836 0.520308 0.148810 0.515406 0.145133 0.514006 0.146183 0.514472 0.154762
1 0.605042 0.227416 0.615079 0.233894 0.627218 0.244223 0.633754 0.253151 0.635387 0.250700 0.636555 0.242122 0.638189 0.238620 0.642390 0.235469 0.649160 0.233894 0.653828 0.230917 0.652428 0.209734 0.650560 0.208508 0.639823 0.212535 0.622316 0.220763 0.616013 0.224615 0.605976 0.226541 0.605042 0.227416
1 0.611111 0.303396 0.612278 0.304097 0.639967 0.304272 0.652894 0.305672 0.654295 0.305497 0.655696 0.303922 0.654762 0.300070 0.652428 0.296919 0.637021 0.287290 0.622549 0.293242 0.612278 0.300420 0.611111 0.303396
1 0.545285 0.386730 0.546452 0.404587 0.550887 0.414566 0.554855 0.418592 0.556256 0.421919 0.560224 0.424020 0.567694 0.430847 0.573063 0.432773 0.582400 0.439601 0.591970 0.444153 0.595472 0.445203 0.602708 0.445728 0.605742 0.447304 0.615079 0.446429 0.626984 0.446779 0.632353 0.449230 0.635621 0.452381 0.637255 0.456583 0.640289 0.458859 0.647292 0.460434 0.661298 0.462185 0.669234 0.462010 0.679505 0.460259 0.685341 0.458683 0.696078 0.454132 0.700514 0.453431 0.703315 0.451155 0.706583 0.444853 0.706583 0.432248 0.703548 0.424020 0.699580 0.417542 0.690943 0.407563 0.685574 0.403361 0.678571 0.400035 0.674603 0.396183 0.668534 0.392507 0.666200 0.390231 0.644024 0.376751 0.623016 0.369048 0.607843 0.364496 0.602474 0.363445 0.594538 0.363095 0.591503 0.363620 0.580532 0.361870 0.574230 0.362570 0.572362 0.363971 0.564192 0.365896 0.561858 0.368522 0.557890 0.369573 0.555089 0.373249 0.550187 0.376926 0.546452 0.383754 0.545285 0.386730
1 0.446078 0.561800 0.448179 0.575805 0.454482 0.586660 0.459617 0.589636 0.467087 0.588585 0.478758 0.585434 0.488329 0.581933 0.498133 0.579657 0.504669 0.576681 0.508637 0.573004 0.516340 0.567752 0.530579 0.554972 0.539683 0.543067 0.541317 0.533789 0.542250 0.515931 0.543651 0.511905 0.545752 0.497549 0.549486 0.488095 0.553221 0.481443 0.558123 0.474440 0.565593 0.466912 0.565593 0.463235 0.564659 0.461835 0.561391 0.457458 0.555556 0.452381 0.546685 0.448880 0.540383 0.447654 0.532913 0.446254 0.525677 0.446779 0.520308 0.448179 0.501634 0.455357 0.496265 0.460259 0.489729 0.464636 0.472456 0.480567 0.463352 0.495098 0.456816 0.508754 0.451447 0.526611 0.446545 0.547969 0.446078 0.561800
1 0.431139 0.495798 0.434874 0.512080 0.439542 0.512780 0.453315 0.511730 0.456349 0.508578 0.462652 0.495273 0.471755 0.480567 0.491363 0.463410 0.492997 0.460084 0.492063 0.456758 0.469655 0.458683 0.457283 0.458333 0.452381 0.471639 0.447946 0.478291 0.439076 0.484244 0.431373 0.491071 0.431139 0.495798
1 0.565826 0.459909 0.567694 0.464286 0.583567 0.455357 0.598973 0.449580 0.595472 0.446078 0.588469 0.443277 0.581699 0.443452 0.578898 0.444328 0.570962 0.449405 0.567694 0.453081 0.566060 0.457458 0.565826 0.459909
1 0.091970 0.437850 0.098039 0.446254 0.112979 0.456408 0.122549 0.460434 0.151027 0.470413 0.158263 0.471289 0.164332 0.474440 0.178571 0.478641 0.207283 0.485119 0.217554 0.485469 0.230859 0.484069 0.231559 0.480742 0.227591 0.470588 0.228758 0.462360 0.232260 0.457108 0.238270 0.452075 0.245098 0.447479 0.249300 0.446078 0.246732 0.444853 0.229925 0.444153 0.211251 0.442052 0.203548 0.440651 0.199580 0.439076 0.193044 0.438550 0.183940 0.436275 0.173903 0.432948 0.148506 0.421779 0.142157 0.416842 0.140523 0.414391 0.133520 0.410014 0.130486 0.408964 0.126284 0.408964 0.119981 0.410364 0.112278 0.413340 0.105742 0.416842 0.095938 0.425420 0.091503 0.433473 0.091970 0.437850
1 0.228758 0.470413 0.230626 0.477066 0.236461 0.487220 0.240430 0.491772 0.251401 0.501576 0.257703 0.505952 0.271942 0.513130 0.289683 0.520133 0.298319 0.521709 0.306723 0.524685 0.325397 0.527311 0.341737 0.530462 0.350140 0.529762 0.362045 0.530462 0.369514 0.532213 0.382820 0.533088 0.400327 0.532913 0.407796 0.531688 0.411765 0.529062 0.415966 0.527836 0.426704 0.519783 0.432306 0.512080 0.433007 0.505077 0.430439 0.494748 0.428805 0.492472 0.425303 0.491947 0.411531 0.495448 0.403828 0.495448 0.390990 0.493172 0.381186 0.492822 0.355042 0.484069 0.344071 0.478466 0.326331 0.464111 0.318861 0.456408 0.310691 0.445028 0.304855 0.441877 0.296919 0.440651 0.280812 0.440651 0.265173 0.442227 0.257703 0.444153 0.251634 0.446604 0.239963 0.452906 0.232026 0.459909 0.228758 0.466211 0.228758 0.470413
1 0.121849 0.550070 0.125817 0.553922 0.135387 0.558473 0.150794 0.562150 0.171802 0.564776 0.175537 0.564601 0.192810 0.566352 0.216620 0.570028 0.248366 0.571779 0.258637 0.570553 0.277311 0.563375 0.293651 0.558123 0.300654 0.557248 0.319795 0.552696 0.328431 0.547619 0.332400 0.543768 0.337768 0.536415 0.339402 0.532738 0.337768 0.530987 0.333100 0.529237 0.306956 0.525035 0.303455 0.523634 0.289916 0.520833 0.271709 0.513480 0.251634 0.502451 0.239262 0.491947 0.235528 0.487395 0.234127 0.486345 0.230626 0.485994 0.208683 0.488095 0.199580 0.490546 0.182540 0.492472 0.157796 0.501050 0.147526 0.506828 0.137255 0.514006 0.130019 0.520658 0.125817 0.526436 0.122549 0.535539 0.121382 0.541667 0.121849 0.550070
1 0.329599 0.550245 0.330766 0.553221 0.334967 0.555847 0.341503 0.557598 0.345472 0.557773 0.360411 0.562500 0.371849 0.569678 0.375117 0.572654 0.379785 0.579482 0.384921 0.582808 0.397292 0.586660 0.402661 0.587010 0.418067 0.592962 0.433940 0.596639 0.441176 0.595238 0.449813 0.592262 0.455882 0.588585 0.451447 0.582633 0.447246 0.574580 0.445845 0.563375 0.446078 0.546569 0.450280 0.529937 0.450980 0.521709 0.449813 0.519083 0.442577 0.515581 0.439309 0.515231 0.435808 0.513655 0.432306 0.514181 0.423903 0.523284 0.419001 0.526436 0.402661 0.532038 0.394024 0.533088 0.383287 0.533088 0.358777 0.530462 0.348973 0.530637 0.345005 0.531338 0.342437 0.532563 0.334267 0.543242 0.329599 0.550245
1 0.072129 0.612920 0.073063 0.616246 0.077731 0.624650 0.084967 0.630777 0.097806 0.637080 0.126050 0.644083 0.165733 0.650385 0.185574 0.654762 0.193744 0.655112 0.196545 0.654412 0.194911 0.650910 0.187675 0.645483 0.178571 0.636730 0.176004 0.630602 0.176237 0.626050 0.177871 0.623249 0.181139 0.619923 0.189542 0.614146 0.193277 0.612745 0.200747 0.607668 0.222689 0.595938 0.238329 0.584734 0.241363 0.581057 0.240196 0.579482 0.235994 0.576856 0.226424 0.574755 0.220588 0.572479 0.211951 0.571779 0.194211 0.568627 0.170401 0.567577 0.159897 0.566176 0.148459 0.566877 0.144491 0.568102 0.130019 0.568978 0.112745 0.573880 0.098739 0.580357 0.088235 0.588410 0.079132 0.596639 0.074463 0.603817 0.072362 0.609244 0.072129 0.612920
1 0.311158 0.651085 0.313492 0.652486 0.331699 0.661415 0.338002 0.662290 0.341737 0.661590 0.349206 0.658789 0.352007 0.657038 0.367180 0.653186 0.393091 0.651611 0.404528 0.651611 0.408263 0.647409 0.401027 0.644083 0.394258 0.637955 0.390990 0.631303 0.391690 0.626225 0.396825 0.618697 0.406162 0.610644 0.426237 0.602416 0.431139 0.598739 0.428338 0.596814 0.414799 0.593137 0.404295 0.591562 0.389823 0.588235 0.383754 0.588235 0.381886 0.591912 0.381186 0.602241 0.377684 0.608718 0.370682 0.615196 0.353175 0.628676 0.343371 0.634454 0.338702 0.636204 0.328665 0.642157 0.319795 0.645833 0.313959 0.647409 0.312092 0.649160 0.311158 0.651085
1 0.612278 0.581408 0.612745 0.596113 0.615313 0.610469 0.619281 0.616947 0.626751 0.623424 0.628852 0.623950 0.632353 0.627451 0.637021 0.630077 0.640523 0.630252 0.661064 0.618347 0.671802 0.614846 0.677715 0.614671 0.688142 0.616422 0.691176 0.616246 0.688842 0.612920 0.689076 0.610819 0.690943 0.608193 0.696078 0.608193 0.701914 0.612220 0.706349 0.612395 0.721522 0.596989 0.725257 0.591737 0.726190 0.588235 0.728525 0.584559 0.733193 0.562675 0.738796 0.548494 0.741597 0.543768 0.741363 0.542542 0.739029 0.541842 0.734127 0.542542 0.725957 0.546744 0.706583 0.553746 0.696312 0.554797 0.685341 0.554797 0.675303 0.553221 0.659430 0.547969 0.646592 0.537465 0.644024 0.534314 0.640756 0.536765 0.637021 0.546569 0.627918 0.561975 0.612979 0.578431 0.612278 0.581408
1 0.533380 0.692927 0.534547 0.699055 0.535014 0.720238 0.536648 0.726891 0.539916 0.731968 0.543184 0.734069 0.560458 0.733368 0.588235 0.728116 0.591036 0.723915 0.592670 0.709734 0.596872 0.691176 0.600840 0.679097 0.604809 0.671218 0.614379 0.657388 0.621849 0.649510 0.631419 0.641106 0.637722 0.633754 0.629085 0.625000 0.621849 0.620098 0.618114 0.616246 0.614379 0.609944 0.612045 0.602591 0.611811 0.598039 0.609944 0.595938 0.605742 0.594713 0.602474 0.595063 0.595938 0.598039 0.591970 0.602241 0.594304 0.609944 0.594304 0.623249 0.589636 0.631478 0.586601 0.634804 0.574930 0.641282 0.567694 0.643908 0.546452 0.649685 0.542250 0.651261 0.539916 0.653186 0.535714 0.665266 0.533847 0.682073 0.533380 0.692927
1 0.451214 0.668417 0.454949 0.671394 0.461718 0.674195 0.478992 0.684174 0.492063 0.694328 0.496732 0.699230 0.500700 0.705007 0.502101 0.713585 0.518674 0.718137 0.522642 0.718137 0.525910 0.717262 0.531746 0.714461 0.533147 0.710784 0.532446 0.692635 0.534080 0.666667 0.533380 0.660714 0.530112 0.656688 0.525910 0.655112 0.487628 0.660364 0.456816 0.661239 0.454015 0.661940 0.451447 0.664041 0.451214 0.668417
1 0.059991 0.748249 0.063025 0.751576 0.067927 0.754027 0.081466 0.757178 0.098506 0.758929 0.120682 0.758403 0.133754 0.759629 0.147759 0.759804 0.154528 0.761029 0.163866 0.761380 0.185808 0.764006 0.202381 0.756303 0.218721 0.746324 0.243697 0.733543 0.252568 0.730042 0.255135 0.729692 0.265640 0.725140 0.278011 0.721289 0.281513 0.717087 0.282446 0.710784 0.281746 0.702731 0.279645 0.698880 0.272409 0.691702 0.261905 0.684524 0.255369 0.681548 0.250700 0.680322 0.226891 0.675245 0.204248 0.672969 0.185574 0.672794 0.164099 0.675070 0.152894 0.677171 0.124650 0.684699 0.105976 0.692752 0.091737 0.700455 0.077731 0.709909 0.070028 0.716912 0.063959 0.726015 0.059524 0.737570 0.059991 0.748249
1 0.283613 0.713585 0.285014 0.716387 0.286415 0.717262 0.310691 0.716036 0.325397 0.713410 0.326097 0.710084 0.324463 0.706758 0.318627 0.699930 0.315593 0.684699 0.314192 0.684174 0.309991 0.686099 0.306956 0.685749 0.305789 0.686800 0.299953 0.688725 0.290850 0.696078 0.284314 0.706408 0.283613 0.713585
1 0.708217 0.610994 0.705182 0.612745 0.707049 0.618172 0.709617 0.620098 0.711485 0.623074 0.713352 0.623599 0.716853 0.626225 0.722456 0.624650 0.727299 0.624475 0.736461 0.625350 0.742997 0.627801 0.752101 0.632178 0.762138 0.641106 0.763772 0.639181 0.765173 0.634454 0.764472 0.630252 0.753268 0.617472 0.746265 0.605567 0.740196 0.599790 0.732026 0.595238 0.727358 0.593312 0.723856 0.594538 0.708217 0.610994
1 0.705182 0.452731 0.706116 0.453431 0.710317 0.453256 0.730392 0.448004 0.744631 0.447829 0.748833 0.446078 0.741363 0.441176 0.720588 0.438200 0.709851 0.438025 0.707750 0.442227 0.705182 0.452731
1 0.777544 0.456583 0.780345 0.457808 0.784314 0.461660 0.791083 0.471464 0.793184 0.486169 0.796685 0.491597 0.832866 0.478291 0.839869 0.473915 0.838936 0.467087 0.836368 0.458333 0.832866 0.452381 0.830532 0.450630 0.827965 0.449930 0.824930 0.450280 0.813959 0.453431 0.805089 0.454657 0.792484 0.454832 0.785481 0.454132 0.778011 0.455357 0.777544 0.456583
1 0.815143 0.496466 0.810018 0.500174 0.807455 0.503883 0.819902 0.503883 0.824112 0.504982 0.829236 0.505532 0.831433 0.506630 0.833629 0.507729 0.830701 0.507042 0.834734 0.508578 0.840768 0.510614 0.843879 0.512262 0.847357 0.513636 0.856676 0.522059 0.861111 0.530112 0.864846 0.542892 0.865780 0.554447 0.864379 0.566702 0.862979 0.570903 0.848273 0.591912 0.842670 0.601716 0.830766 0.616071 0.831466 0.619748 0.838702 0.620798 0.851774 0.617122 0.862979 0.608718 0.868581 0.602066 0.875584 0.585784 0.876984 0.579307 0.878151 0.568277 0.877218 0.553221 0.873016 0.536415 0.867414 0.522584 0.866246 0.516807 0.859010 0.502626 0.852941 0.494748 0.845472 0.490546 0.838702 0.488620 0.831466 0.487570 0.821195 0.492647 0.818861 0.494748 0.815143 0.496466
1 0.795752 0.504377 0.796685 0.506303 0.800887 0.505077 0.810224 0.500175 0.813725 0.499300 0.820028 0.492997 0.827965 0.488971 0.839169 0.488620 0.846639 0.490546 0.853408 0.495448 0.857143 0.499825 0.865313 0.513831 0.869514 0.525735 0.873249 0.529237 0.889122 0.526085 0.896359 0.523109 0.900794 0.522234 0.915966 0.514181 0.927871 0.505252 0.931606 0.498249 0.932306 0.491246 0.930205 0.487045 0.923903 0.479342 0.914566 0.473739 0.897292 0.470238 0.880486 0.469713 0.866246 0.470588 0.846405 0.474090 0.830299 0.479342 0.821662 0.481268 0.800187 0.491246 0.796919 0.494573 0.795752 0.504377
1 0.842437 0.467087 0.846172 0.471464 0.848506 0.472689 0.855509 0.472339 0.866713 0.469713 0.887955 0.468838 0.895425 0.469363 0.908497 0.471814 0.921802 0.476366 0.925070 0.474615 0.950280 0.445728 0.954015 0.432248 0.953081 0.426471 0.949813 0.421744 0.939776 0.414741 0.928338 0.411765 0.914566 0.411415 0.890056 0.416842 0.886321 0.418067 0.880719 0.421569 0.878852 0.425245 0.877218 0.435049 0.873249 0.441001 0.866947 0.444328 0.855042 0.444153 0.852474 0.444853 0.844538 0.452031 0.841737 0.457983 0.842437 0.467087
1 0.955415 0.432948 0.953315 0.442402 0.953782 0.443627 0.955415 0.444328 0.960084 0.443627 0.968721 0.438725 0.981092 0.435224 0.992297 0.434524 0.999767 0.434874 0.999767 0.404587 0.998133 0.404587 0.980392 0.410889 0.966620 0.417892 0.955882 0.425595 0.955415 0.432948
1 0.926937 0.477241 0.927404 0.480042 0.930439 0.484594 0.933707 0.492997 0.933007 0.497899 0.927404 0.508403 0.927404 0.516106 0.928338 0.518732 0.936508 0.527486 0.939542 0.529237 0.948880 0.530287 0.960084 0.529937 0.962885 0.529237 0.967320 0.527311 0.977591 0.521008 0.988562 0.512780 0.997432 0.503326 0.999767 0.502626 0.999767 0.435924 0.988095 0.434874 0.980626 0.435399 0.970355 0.439076 0.967087 0.442227 0.956583 0.445203 0.950047 0.449055 0.945845 0.452556 0.931839 0.468137 0.927871 0.474265 0.926937 0.477241
1 0.872782 0.536415 0.874416 0.539916 0.875584 0.546569 0.876517 0.549020 0.880019 0.551646 0.903828 0.551821 0.925070 0.548494 0.939309 0.543417 0.953315 0.536590 0.958683 0.532913 0.958217 0.531688 0.956583 0.530812 0.939076 0.528887 0.928105 0.519433 0.926237 0.515581 0.926237 0.511204 0.925303 0.509454 0.921102 0.510504 0.911998 0.516982 0.904995 0.520483 0.884921 0.526961 0.873249 0.529062 0.872782 0.536415
1 0.853175 0.623074 0.853875 0.625350 0.855742 0.627276 0.869514 0.623074 0.877684 0.619573 0.883287 0.618347 0.894024 0.620098 0.899160 0.623249 0.902894 0.624300 0.910831 0.632703 0.913632 0.637955 0.914799 0.644083 0.918301 0.647584 0.930906 0.641632 0.943511 0.636905 0.953315 0.631478 0.958917 0.627101 0.964753 0.620448 0.967087 0.616071 0.968954 0.606092 0.967554 0.598915 0.963119 0.592962 0.955882 0.587185 0.947012 0.581408 0.939076 0.578431 0.925537 0.576331 0.907563 0.577031 0.900794 0.577906 0.887255 0.581933 0.883520 0.582108 0.877451 0.585084 0.873716 0.592087 0.872782 0.596464 0.870682 0.600665 0.862979 0.609944 0.859010 0.612920 0.855742 0.616772 0.853175 0.623074
1 0.764472 0.641807 0.765640 0.648109 0.770308 0.657913 0.772876 0.658438 0.775910 0.657388 0.788749 0.655637 0.803922 0.655987 0.832400 0.663165 0.838936 0.665791 0.843371 0.669818 0.846172 0.673669 0.848973 0.681723 0.848506 0.689951 0.846405 0.699580 0.848973 0.699755 0.852708 0.697479 0.859477 0.689601 0.862745 0.682248 0.864146 0.672619 0.863912 0.664566 0.858310 0.647409 0.853175 0.639706 0.846172 0.631828 0.835201 0.627276 0.833100 0.623950 0.827965 0.622374 0.824463 0.624475 0.818627 0.631303 0.813492 0.635329 0.802988 0.639881 0.794351 0.640756 0.786648 0.639881 0.774743 0.635854 0.769141 0.633053 0.765640 0.633578 0.764706 0.637780 0.764472 0.641807
1 0.715920 0.630077 0.725023 0.637780 0.727124 0.643382 0.728992 0.658205 0.727591 0.678571 0.726190 0.685749 0.721522 0.698004 0.718254 0.702556 0.714753 0.711310 0.703081 0.724265 0.700514 0.728116 0.696545 0.730917 0.693978 0.734419 0.689542 0.737745 0.687675 0.741597 0.683940 0.744748 0.684874 0.746324 0.686975 0.747199 0.689542 0.747199 0.692810 0.746148 0.712418 0.736345 0.714986 0.733718 0.741130 0.718487 0.747666 0.713585 0.753501 0.707983 0.760504 0.699230 0.764006 0.692927 0.766340 0.685399 0.767974 0.675070 0.768207 0.660889 0.765640 0.649510 0.762138 0.640406 0.757703 0.636905 0.754902 0.632878 0.752568 0.631127 0.748366 0.628852 0.742297 0.626926 0.737862 0.624300 0.733894 0.624475 0.730859 0.623599 0.721755 0.623775 0.719188 0.624475 0.716153 0.626926 0.715920 0.630077
1 0.708917 0.741246 0.711951 0.743172 0.712418 0.744573 0.715453 0.745623 0.716853 0.748074 0.720822 0.749300 0.722222 0.751401 0.730859 0.758754 0.737395 0.762255 0.744631 0.764356 0.766340 0.765231 0.776144 0.764006 0.779412 0.765231 0.803922 0.757703 0.810458 0.755077 0.814426 0.752626 0.819795 0.750875 0.824697 0.747549 0.827498 0.744573 0.833333 0.736345 0.836368 0.724440 0.840103 0.717087 0.842204 0.708158 0.845472 0.699755 0.847806 0.689426 0.848273 0.681723 0.846639 0.675070 0.841036 0.667892 0.838002 0.665441 0.831232 0.662465 0.827731 0.662290 0.824463 0.660889 0.802754 0.656513 0.796685 0.655987 0.779412 0.657388 0.771242 0.659664 0.769141 0.661590 0.768441 0.677521 0.766340 0.687150 0.764472 0.692927 0.760504 0.699930 0.748599 0.713410 0.744865 0.715161 0.729225 0.726366 0.719888 0.730742 0.713352 0.736870 0.710084 0.737395 0.709384 0.738445 0.708917 0.741246
1 0.843137 0.713585 0.848973 0.727416 0.853408 0.735469 0.855509 0.737045 0.858543 0.737570 0.866246 0.737220 0.877684 0.734769 0.897292 0.724090 0.908964 0.713761 0.918301 0.699580 0.921802 0.686800 0.921802 0.673494 0.919935 0.661940 0.914332 0.645308 0.913866 0.640231 0.910598 0.632878 0.904062 0.625175 0.898693 0.623249 0.894024 0.620098 0.889823 0.620098 0.887255 0.619048 0.877684 0.619748 0.872549 0.622724 0.862745 0.625875 0.855976 0.632878 0.855042 0.640581 0.861345 0.653536 0.864846 0.664741 0.865780 0.671569 0.863212 0.682423 0.860411 0.688550 0.855042 0.696604 0.845705 0.703606 0.843371 0.709734 0.843137 0.713585
1 0.790850 0.766457 0.795518 0.783263 0.800187 0.787815 0.807656 0.787990 0.817694 0.786239 0.821429 0.784839 0.834734 0.776961 0.843137 0.770483 0.848506 0.765406 0.855976 0.755777 0.863912 0.741246 0.862278 0.738620 0.857143 0.737570 0.852941 0.735469 0.846405 0.722689 0.841970 0.716737 0.838469 0.721464 0.834034 0.736345 0.828665 0.745098 0.823996 0.748950 0.815593 0.753326 0.800420 0.759104 0.796919 0.759279 0.791317 0.762955 0.790850 0.766457
1 0.768674 0.786590 0.772409 0.791667 0.784314 0.798144 0.786881 0.801296 0.793651 0.804272 0.796919 0.811800 0.799486 0.813901 0.824697 0.812850 0.831466 0.811625 0.845005 0.807423 0.854108 0.801996 0.859244 0.800245 0.864146 0.797444 0.876984 0.788165 0.884220 0.780462 0.889356 0.768908 0.890289 0.754377 0.888655 0.748249 0.883987 0.741422 0.879085 0.737395 0.876984 0.736695 0.872316 0.736695 0.867880 0.737570 0.863912 0.741071 0.857843 0.752976 0.848973 0.765231 0.834967 0.776611 0.822362 0.784314 0.817694 0.786064 0.806956 0.787990 0.801120 0.787815 0.797852 0.786239 0.795985 0.784314 0.793417 0.779237 0.793184 0.775385 0.789916 0.769433 0.790383 0.765581 0.789216 0.764881 0.783847 0.766282 0.782446 0.769258 0.775910 0.775035 0.768908 0.785539 0.768674 0.786590
1 0.713119 0.776085 0.714286 0.777836 0.716853 0.779237 0.719655 0.778011 0.722222 0.777836 0.734594 0.778536 0.765873 0.784314 0.768908 0.782388 0.771242 0.779587 0.778711 0.769258 0.780345 0.765756 0.779412 0.764531 0.776377 0.764006 0.770075 0.765056 0.754902 0.765231 0.739729 0.763305 0.733894 0.761555 0.730159 0.759454 0.720822 0.751225 0.714286 0.750175 0.712885 0.750525 0.713119 0.776085
1 0.652661 0.942752 0.664799 0.942577 0.699580 0.936625 0.713352 0.932773 0.721055 0.929097 0.733427 0.921744 0.742297 0.915616 0.748366 0.909839 0.752568 0.904237 0.755369 0.897934 0.755836 0.891457 0.754202 0.880252 0.752334 0.876225 0.749300 0.872899 0.744398 0.868873 0.735528 0.863270 0.729458 0.857843 0.727358 0.856793 0.725023 0.857318 0.720355 0.856968 0.717087 0.857843 0.692577 0.872724 0.687442 0.901261 0.679972 0.914916 0.676471 0.920343 0.667834 0.930497 0.654062 0.939251 0.652661 0.942752
1 0.455182 0.827031 0.471989 0.841036 0.475724 0.845938 0.481793 0.858894 0.485994 0.871148 0.488329 0.884279 0.488796 0.894608 0.491830 0.899860 0.514006 0.908438 0.546452 0.914041 0.554855 0.914216 0.567694 0.912465 0.574463 0.910014 0.580532 0.905287 0.588469 0.895483 0.591270 0.887255 0.591270 0.879377 0.588702 0.870623 0.582866 0.861169 0.570962 0.847339 0.546685 0.828957 0.542484 0.827731 0.532913 0.820728 0.519141 0.813025 0.515406 0.812850 0.494631 0.806022 0.489496 0.805147 0.477358 0.804097 0.466853 0.804972 0.458217 0.807773 0.450514 0.811800 0.446078 0.812675 0.442810 0.814076 0.441643 0.815476 0.436741 0.817402 0.455182 0.827031
1 0.530112 0.760679 0.519141 0.773284 0.506536 0.782913 0.502334 0.786415 0.502334 0.787290 0.504202 0.793592 0.510037 0.802346 0.518674 0.810224 0.536648 0.822129 0.543417 0.825980 0.557190 0.830707 0.563959 0.831758 0.567927 0.831583 0.580766 0.833859 0.623249 0.834034 0.627918 0.832983 0.646125 0.824405 0.647292 0.821254 0.646359 0.817577 0.639356 0.805497 0.636088 0.801821 0.629785 0.797269 0.618347 0.786940 0.608077 0.774685 0.595705 0.765581 0.582166 0.760854 0.564893 0.757528 0.553455 0.753501 0.546685 0.752801 0.536415 0.753326 0.532913 0.755602 0.530112 0.760679
1 0.541550 0.738095 0.545051 0.746148 0.549953 0.751576 0.559991 0.754202 0.566293 0.756653 0.577731 0.758929 0.586601 0.759629 0.595472 0.758578 0.595938 0.755077 0.593371 0.749125 0.590803 0.738095 0.590803 0.730392 0.588936 0.727941 0.577965 0.729167 0.566993 0.732143 0.554622 0.733718 0.541550 0.734244 0.541550 0.738095
1 0.338002 0.806898 0.338702 0.809524 0.338235 0.815301 0.338702 0.817752 0.340803 0.820378 0.341737 0.821078 0.355742 0.823880 0.362745 0.824055 0.366713 0.822829 0.369514 0.824930 0.371849 0.823179 0.383287 0.820203 0.389122 0.817927 0.391690 0.816176 0.400794 0.813200 0.415500 0.812675 0.429038 0.813725 0.435574 0.813025 0.447012 0.810749 0.471755 0.801821 0.484127 0.794993 0.492530 0.791492 0.502801 0.785014 0.518908 0.772584 0.527077 0.763130 0.533847 0.751926 0.533847 0.746324 0.532913 0.739671 0.526377 0.726366 0.518207 0.719713 0.511671 0.717262 0.501634 0.715336 0.498366 0.717087 0.496732 0.720413 0.490663 0.727591 0.483660 0.732668 0.472456 0.737920 0.462652 0.741071 0.454715 0.742647 0.440710 0.744048 0.420868 0.743873 0.411298 0.742472 0.404295 0.742822 0.400560 0.743873 0.389356 0.751225 0.383053 0.757703 0.377218 0.769083 0.372782 0.775385 0.356443 0.788866 0.347572 0.793768 0.345472 0.796744 0.340103 0.800595 0.338002 0.806898
1 0.126284 0.932598 0.133287 0.942752 0.140756 0.947654 0.147292 0.950630 0.151027 0.951331 0.164799 0.951681 0.175070 0.950630 0.189076 0.947129 0.214052 0.936800 0.221055 0.932948 0.227358 0.929272 0.242063 0.918242 0.246499 0.914041 0.255836 0.907738 0.258637 0.904587 0.258170 0.900910 0.253035 0.890231 0.250700 0.887255 0.244865 0.873424 0.244398 0.862570 0.245798 0.857843 0.249533 0.851015 0.262838 0.838761 0.267974 0.835434 0.276144 0.833158 0.283147 0.830182 0.289216 0.828782 0.292484 0.828431 0.297386 0.830357 0.300654 0.824580 0.299486 0.820728 0.296452 0.819853 0.271008 0.826681 0.233894 0.832983 0.209617 0.844363 0.189776 0.850840 0.179505 0.855567 0.174370 0.858894 0.170868 0.863270 0.161765 0.869748 0.147526 0.883228 0.130019 0.908438 0.125584 0.921569 0.126284 0.932598
1 0.268207 0.918943 0.271475 0.929272 0.279412 0.942577 0.281046 0.943102 0.283147 0.945378 0.285014 0.945728 0.286415 0.949580 0.290149 0.950280 0.292250 0.952906 0.299486 0.958158 0.305789 0.960959 0.309290 0.963410 0.317694 0.966912 0.321195 0.968137 0.326097 0.968487 0.345005 0.974265 0.365079 0.976891 0.373483 0.976366 0.380019 0.974965 0.387488 0.971989 0.394258 0.971113 0.397526 0.971989 0.400327 0.970588 0.401261 0.963936 0.407796 0.953081 0.409664 0.945903 0.407796 0.943452 0.403828 0.941877 0.399160 0.936975 0.397526 0.933473 0.394725 0.931548 0.393791 0.931548 0.389823 0.936625 0.376517 0.947654 0.362745 0.953431 0.352708 0.955532 0.333567 0.955182 0.313492 0.949755 0.310458 0.949580 0.306723 0.947829 0.300187 0.942227 0.295051 0.940651 0.291550 0.937675 0.286181 0.935224 0.283847 0.935749 0.282680 0.933648 0.282913 0.932073 0.277778 0.925245 0.273109 0.919818 0.269141 0.916667 0.268441 0.917192 0.268207 0.918943
1 0.064426 0.839286 0.065359 0.845063 0.066993 0.848915 0.070728 0.852766 0.077731 0.856443 0.081232 0.857318 0.106209 0.858894 0.126751 0.858018 0.170635 0.852766 0.174603 0.854167 0.178571 0.853817 0.183240 0.851541 0.206349 0.844888 0.220355 0.839286 0.226657 0.834909 0.226891 0.831583 0.224323 0.831057 0.221055 0.831583 0.210551 0.830882 0.206116 0.831232 0.199580 0.829307 0.188842 0.828782 0.179038 0.826506 0.168301 0.821954 0.159897 0.815651 0.154528 0.807073 0.154062 0.803221 0.155929 0.797269 0.159664 0.791492 0.168534 0.780987 0.183240 0.769083 0.183940 0.766106 0.181839 0.763655 0.179505 0.763130 0.174370 0.763480 0.160131 0.762780 0.156396 0.763305 0.151494 0.765756 0.134687 0.771359 0.131186 0.773284 0.116246 0.778711 0.108777 0.782913 0.095005 0.792367 0.081232 0.805147 0.072129 0.817227 0.066760 0.827381 0.064893 0.834734 0.064426 0.839286
1 0.312325 0.831408 0.314426 0.832808 0.327031 0.836660 0.352241 0.847864 0.355742 0.845938 0.362512 0.834909 0.371615 0.824580 0.369981 0.823880 0.365313 0.824580 0.348506 0.823354 0.345472 0.822654 0.339869 0.819678 0.337302 0.817577 0.336835 0.815301 0.338469 0.803046 0.331699 0.803746 0.324697 0.807248 0.315826 0.813375 0.313025 0.818452 0.312325 0.831408
1 0.475957 0.957108 0.479692 0.973389 0.484827 0.984419 0.494164 0.998074 0.494164 0.999825 0.575864 0.999825 0.577965 0.990721 0.578665 0.977241 0.576564 0.963410 0.574930 0.958859 0.567927 0.947479 0.560224 0.939426 0.549020 0.929972 0.540383 0.917192 0.537815 0.915266 0.532680 0.912815 0.522409 0.910539 0.514006 0.910189 0.512138 0.911239 0.502101 0.922269 0.491130 0.929097 0.482726 0.931723 0.475257 0.938725 0.475957 0.957108
1 0.397759 0.932073 0.400327 0.937850 0.403828 0.941176 0.411531 0.946078 0.421102 0.947654 0.429739 0.947654 0.442577 0.946254 0.473156 0.937325 0.477124 0.935399 0.480626 0.932598 0.490663 0.928571 0.500000 0.923319 0.511905 0.913165 0.518441 0.911415 0.504435 0.904237 0.498133 0.902136 0.493697 0.902136 0.487628 0.895308 0.485061 0.897584 0.483894 0.900910 0.485761 0.907913 0.482493 0.913515 0.476424 0.919118 0.466620 0.923669 0.459851 0.925595 0.446078 0.927346 0.425070 0.927521 0.413399 0.926646 0.400794 0.923494 0.397292 0.928221 0.397759 0.932073
1 0.615780 0.779412 0.623483 0.789566 0.628618 0.793592 0.631653 0.794993 0.633520 0.797094 0.640289 0.799895 0.650560 0.801296 0.657563 0.801296 0.667367 0.800770 0.678338 0.799020 0.700047 0.787640 0.707049 0.782563 0.711018 0.777836 0.712418 0.773109 0.712652 0.764181 0.710084 0.748249 0.704015 0.744748 0.700280 0.744048 0.689076 0.748424 0.682306 0.748249 0.678105 0.750525 0.672502 0.756303 0.658497 0.767507 0.651961 0.771183 0.647526 0.772584 0.646242 0.773897 0.634921 0.777661 0.623249 0.778011 0.619281 0.777311 0.616013 0.778186 0.615780 0.779412
1 0.661531 0.230917 0.676237 0.235644 0.682073 0.238620 0.696312 0.241422 0.725023 0.249825 0.730626 0.253501 0.738562 0.257353 0.748133 0.264706 0.750000 0.263655 0.750700 0.262430 0.750700 0.256127 0.748833 0.245098 0.745798 0.237920 0.741363 0.230742 0.735061 0.223915 0.736228 0.220413 0.726190 0.211660 0.721755 0.208683 0.716853 0.206583 0.706349 0.202381 0.691877 0.198880 0.682073 0.198354 0.676704 0.201856 0.670635 0.209209 0.662232 0.227416 0.661531 0.230917
1 0.445845 0.088585 0.449346 0.090686 0.456349 0.092262 0.461251 0.094188 0.470355 0.099265 0.476424 0.095938 0.487395 0.085434 0.495098 0.082283 0.509804 0.079657 0.535481 0.077556 0.540149 0.077731 0.539449 0.074580 0.537815 0.073704 0.505135 0.063901 0.488796 0.060399 0.480859 0.059349 0.471055 0.059174 0.463819 0.060924 0.458217 0.064076 0.454949 0.067402 0.449346 0.075630 0.447479 0.081232 0.445845 0.088585
1 0.728992 0.583508 0.726657 0.589461 0.728058 0.592087 0.735061 0.593838 0.737862 0.595938 0.741830 0.594013 0.743464 0.592262 0.746499 0.573179 0.750000 0.562150 0.752568 0.556022 0.757703 0.547794 0.761905 0.543067 0.763072 0.540441 0.766106 0.537990 0.769608 0.532563 0.770775 0.528887 0.769374 0.527486 0.762605 0.529062 0.753268 0.535014 0.748599 0.536415 0.742530 0.540266 0.740663 0.543067 0.739029 0.551296 0.736461 0.554972 0.733427 0.562500 0.728992 0.583508
1 0.555089 0.835084 0.562558 0.840511 0.575864 0.853291 0.582866 0.861695 0.588469 0.870448 0.590803 0.871849 0.591970 0.875175 0.592904 0.869223 0.600140 0.857668 0.609477 0.847514 0.616947 0.841036 0.621382 0.838410 0.621849 0.835959 0.623483 0.835084 0.616713 0.835084 0.597106 0.833333 0.580766 0.833508 0.574463 0.832283 0.553688 0.830182 0.552054 0.831057 0.555089 0.835084
1 0.694678 0.859594 0.691877 0.866246 0.692810 0.868873 0.696078 0.869748 0.707983 0.863095 0.717087 0.855567 0.714986 0.852591 0.709617 0.850490 0.703081 0.844013 0.700514 0.842962 0.699580 0.841211 0.696078 0.842787 0.695378 0.845063 0.694678 0.859594