0 0.034314 0.297269 0.036415 0.303221 0.037348 0.310574 0.041083 0.317927 0.052521 0.334909 0.058357 0.339636 0.065126 0.347164 0.072129 0.352416 0.079832 0.355567 0.084500 0.359419 0.101307 0.368347 0.114146 0.373249 0.124883 0.376050 0.161531 0.388655 0.169001 0.388655 0.185341 0.391982 0.216853 0.394958 0.223389 0.394433 0.237395 0.395658 0.255369 0.394958 0.264239 0.396008 0.275910 0.396359 0.293417 0.395483 0.299720 0.394258 0.303688 0.394433 0.307890 0.393032 0.310691 0.393557 0.320962 0.393382 0.340803 0.389706 0.351541 0.385679 0.359244 0.385329 0.392624 0.367822 0.404762 0.363095 0.419701 0.356092 0.424370 0.352941 0.428338 0.351891 0.434874 0.347864 0.437442 0.344713 0.439076 0.340686 0.440243 0.335609 0.440943 0.324055 0.442577 0.321078 0.442110 0.319328 0.444678 0.314601 0.442110 0.305147 0.442577 0.292892 0.441643 0.285889 0.439309 0.279587 0.434874 0.272409 0.428805 0.265756 0.420168 0.258403 0.414332 0.254377 0.410364 0.252626 0.407563 0.250000 0.402661 0.248074 0.390289 0.240896 0.381419 0.237045 0.372782 0.234594 0.365546 0.230917 0.354809 0.227591 0.345238 0.224965 0.327498 0.221464 0.315359 0.220238 0.303688 0.217962 0.299720 0.218137 0.297152 0.217262 0.293184 0.217437 0.284080 0.216036 0.268207 0.215686 0.259570 0.214461 0.237162 0.213585 0.208917 0.214811 0.200047 0.216562 0.192810 0.216912 0.177638 0.216211 0.166667 0.218487 0.143324 0.221289 0.133520 0.224265 0.125817 0.225665 0.123016 0.227241 0.119514 0.227241 0.112512 0.229167 0.090570 0.236169 0.082400 0.241772 0.062792 0.251576 0.061391 0.254552 0.059524 0.256127 0.053688 0.257003 0.045285 0.265756 0.037348 0.278711 0.036415 0.282913 0.034547 0.286239 0.034314 0.297269
0 0.302521 0.467787 0.304622 0.473564 0.304855 0.476891 0.307423 0.481092 0.314192 0.487745 0.321662 0.491772 0.336601 0.498249 0.354108 0.503501 0.357843 0.505252 0.367180 0.507003 0.376517 0.510154 0.415500 0.516982 0.422035 0.518732 0.430672 0.519258 0.441877 0.521534 0.489496 0.523810 0.494398 0.525210 0.500000 0.525385 0.508403 0.526786 0.549720 0.528011 0.574930 0.525210 0.589402 0.522059 0.595705 0.521359 0.607376 0.517507 0.616713 0.515756 0.641923 0.505777 0.648693 0.501401 0.652661 0.500000 0.657330 0.495973 0.664799 0.492647 0.671569 0.488095 0.692577 0.470238 0.703315 0.456758 0.709851 0.445203 0.714519 0.432598 0.716387 0.405287 0.714753 0.394433 0.712652 0.390231 0.711018 0.383578 0.706583 0.376401 0.701914 0.373074 0.699580 0.369223 0.696545 0.368347 0.689542 0.364146 0.677871 0.359069 0.672736 0.355217 0.661531 0.348915 0.657796 0.347339 0.653595 0.347164 0.640289 0.343137 0.631886 0.342612 0.626751 0.340511 0.609244 0.338060 0.593371 0.337360 0.588469 0.336134 0.554388 0.334209 0.518207 0.336134 0.511438 0.337885 0.494398 0.339286 0.488796 0.340686 0.484594 0.340861 0.478525 0.342437 0.470822 0.343312 0.464052 0.345763 0.450047 0.348564 0.442110 0.351716 0.438842 0.351891 0.431606 0.353817 0.423669 0.357843 0.404062 0.365371 0.393791 0.370973 0.380252 0.376576 0.374183 0.381127 0.369514 0.383578 0.330532 0.411239 0.322129 0.421394 0.317227 0.425420 0.314192 0.430322 0.312092 0.436450 0.305556 0.449580 0.302754 0.462010 0.302521 0.467787
0 0.052521 0.533964 0.053455 0.538165 0.057423 0.544293 0.062792 0.557248 0.065826 0.561275 0.072829 0.566001 0.080532 0.574755 0.085668 0.579132 0.102474 0.586310 0.105509 0.588761 0.154528 0.606092 0.178571 0.610644 0.195612 0.615021 0.227358 0.620973 0.257937 0.623249 0.266106 0.623074 0.268908 0.623599 0.272176 0.625350 0.278011 0.624475 0.286881 0.624475 0.314192 0.622374 0.338235 0.618697 0.369748 0.611169 0.386788 0.606092 0.394024 0.603116 0.411765 0.591912 0.420868 0.585259 0.424837 0.580532 0.428805 0.578081 0.435574 0.567577 0.436041 0.556723 0.435341 0.552229 0.436275 0.549545 0.440009 0.548144 0.440710 0.547094 0.439542 0.543417 0.423669 0.525560 0.421802 0.522409 0.418301 0.520308 0.414099 0.518908 0.407330 0.518207 0.390756 0.514706 0.380252 0.511730 0.370915 0.510154 0.334734 0.498775 0.330999 0.496849 0.326564 0.495798 0.314192 0.489321 0.302288 0.478817 0.296685 0.477941 0.215453 0.472164 0.185341 0.471989 0.171802 0.472864 0.167834 0.474265 0.163866 0.473739 0.158030 0.474440 0.141223 0.482318 0.135154 0.484419 0.106209 0.490721 0.102241 0.492122 0.092204 0.493697 0.085434 0.496499 0.081466 0.497024 0.066293 0.508578 0.060224 0.514531 0.053922 0.522409 0.052754 0.529237 0.052521 0.533964
0 0.438842 0.567577 0.439076 0.571429 0.441176 0.574055 0.439076 0.577731 0.440710 0.581057 0.440943 0.585084 0.452381 0.598915 0.462652 0.606793 0.474323 0.611520 0.485294 0.614846 0.487862 0.616422 0.515406 0.625700 0.543651 0.637605 0.605976 0.652136 0.635154 0.656863 0.653361 0.657388 0.658030 0.658964 0.660831 0.659139 0.689076 0.658613 0.730159 0.654412 0.763305 0.648985 0.775910 0.645658 0.780812 0.643207 0.794118 0.639006 0.806489 0.631478 0.811858 0.626926 0.817227 0.619748 0.820261 0.612570 0.823763 0.592437 0.824230 0.584559 0.823063 0.577906 0.818394 0.569678 0.813959 0.566001 0.812092 0.563200 0.806956 0.560224 0.803688 0.556548 0.791317 0.549020 0.779412 0.543592 0.769374 0.537990 0.747899 0.530287 0.720588 0.522934 0.690243 0.516807 0.661298 0.513305 0.637488 0.513480 0.633053 0.512605 0.615780 0.517507 0.605742 0.519433 0.602007 0.521183 0.574697 0.526611 0.563725 0.527136 0.550420 0.528887 0.526611 0.528361 0.522642 0.527661 0.507470 0.528186 0.495098 0.533438 0.480159 0.538165 0.470588 0.542717 0.461951 0.548319 0.456583 0.550070 0.451914 0.553746 0.450280 0.561450 0.442110 0.563725 0.438842 0.567577
0 0.461951 0.123074 0.455649 0.139181 0.451914 0.140756 0.454482 0.142507 0.458917 0.149510 0.466387 0.153011 0.467320 0.154412 0.467320 0.158263 0.465219 0.162990 0.465920 0.167892 0.473623 0.172444 0.477824 0.174195 0.488562 0.176646 0.519841 0.178046 0.529412 0.179972 0.536415 0.179797 0.549486 0.177521 0.561625 0.177171 0.594538 0.174195 0.610177 0.167192 0.616713 0.163340 0.623016 0.161590 0.627451 0.159489 0.633520 0.158438 0.651261 0.152836 0.664799 0.147584 0.668534 0.145133 0.675070 0.142332 0.678805 0.141982 0.685808 0.139531 0.689076 0.137955 0.699580 0.129902 0.700980 0.127451 0.716387 0.110644 0.720355 0.104692 0.726190 0.092437 0.727124 0.081057 0.724323 0.067927 0.722222 0.063901 0.716153 0.057248 0.701681 0.043592 0.699580 0.042017 0.685341 0.036765 0.661765 0.035014 0.633053 0.037990 0.602941 0.042892 0.570028 0.051646 0.551120 0.059874 0.539916 0.063025 0.529178 0.067402 0.514939 0.075455 0.501867 0.080882 0.485994 0.092262 0.473389 0.105217 0.467320 0.113095 0.461951 0.123074
1 0.650560 0.301996 0.640990 0.321078 0.644491 0.322304 0.647759 0.331057 0.653595 0.338410 0.664799 0.347689 0.667600 0.348739 0.682306 0.358543 0.689776 0.360119 0.692110 0.363095 0.696078 0.365371 0.701447 0.365896 0.706349 0.368347 0.712652 0.365721 0.713585 0.367472 0.712418 0.367997 0.711951 0.369573 0.713119 0.370448 0.717087 0.368697 0.720121 0.372199 0.731326 0.375700 0.734827 0.377451 0.743464 0.378326 0.755135 0.380777 0.758403 0.379552 0.768908 0.383578 0.772876 0.383754 0.775677 0.384804 0.782913 0.384979 0.787115 0.383403 0.788515 0.385154 0.792951 0.386555 0.831466 0.390756 0.834500 0.389881 0.838235 0.391807 0.845472 0.392157 0.848506 0.391282 0.859711 0.391807 0.870448 0.391106 0.887021 0.391807 0.890289 0.389881 0.894491 0.390231 0.911998 0.389356 0.921102 0.386730 0.927871 0.386029 0.932540 0.386555 0.954482 0.381653 0.969888 0.376401 0.977124 0.375700 0.980392 0.373950 0.987862 0.372374 0.992530 0.370623 0.996965 0.365721 0.999767 0.364846 0.999767 0.250525 0.988095 0.247199 0.974090 0.245098 0.945612 0.237570 0.938609 0.237045 0.935574 0.235994 0.932773 0.236870 0.924837 0.237395 0.922035 0.236345 0.911064 0.234944 0.899627 0.234244 0.894958 0.234594 0.883987 0.233543 0.859944 0.234944 0.845472 0.236520 0.839636 0.238445 0.835668 0.238971 0.831466 0.237920 0.828665 0.239146 0.817694 0.239846 0.813492 0.242122 0.803688 0.242647 0.800187 0.244573 0.796452 0.244048 0.791317 0.245973 0.779412 0.247549 0.772642 0.249650 0.768674 0.249825 0.751401 0.254902 0.720355 0.265406 0.701681 0.272584 0.698413 0.276261 0.695845 0.276085 0.685574 0.279762 0.683707 0.281688 0.680205 0.282913 0.678338 0.285189 0.673669 0.286590 0.671802 0.286415 0.670635 0.288515 0.668301 0.288340 0.660831 0.294643 0.659197 0.297269 0.654995 0.300245 0.650560 0.300245 0.650560 0.301996
1 0.678338 0.495273 0.680205 0.501576 0.689309 0.510679 0.702381 0.517157 0.725724 0.522584 0.762138 0.533964 0.781746 0.536064 0.812558 0.537290 0.848973 0.536239 0.851541 0.536765 0.875584 0.536765 0.887255 0.537465 0.903361 0.536415 0.931373 0.533789 0.966853 0.528186 0.999767 0.519608 0.999767 0.376225 0.992297 0.375000 0.981092 0.375700 0.963585 0.380777 0.953548 0.382003 0.929272 0.387255 0.925070 0.387255 0.904528 0.390231 0.880252 0.392332 0.848739 0.393032 0.841737 0.394083 0.810691 0.401961 0.796685 0.407038 0.786415 0.409314 0.765640 0.416141 0.755836 0.420868 0.745098 0.424370 0.732026 0.431723 0.717320 0.438375 0.711951 0.445903 0.707049 0.456408 0.700514 0.464461 0.684174 0.481268 0.678571 0.490371 0.678338 0.495273
1 0.846172 0.599615 0.847106 0.605567 0.848506 0.610819 0.852474 0.619048 0.857843 0.626751 0.861811 0.629727 0.867180 0.637255 0.876984 0.645133 0.890523 0.650735 0.895658 0.651961 0.907796 0.657913 0.911531 0.658964 0.918534 0.663165 0.924837 0.664916 0.929272 0.665091 0.938842 0.667192 0.965920 0.668943 0.991130 0.667717 0.999767 0.665966 0.999767 0.521534 0.994398 0.521884 0.977124 0.527311 0.945845 0.532563 0.942810 0.533789 0.932306 0.535189 0.927871 0.535014 0.922035 0.536239 0.914799 0.536415 0.903595 0.539391 0.894958 0.539566 0.887021 0.542192 0.874183 0.550245 0.855742 0.569153 0.847806 0.584909 0.846639 0.591387 0.846172 0.599615
1 0.001634 0.342787 0.000000 0.342787 0.000000 0.484244 0.004902 0.486870 0.009804 0.487395 0.025677 0.491246 0.043184 0.491422 0.052754 0.493172 0.056256 0.492647 0.060224 0.493172 0.081699 0.492647 0.109244 0.488796 0.124183 0.485644 0.143791 0.479517 0.158030 0.472514 0.161064 0.469013 0.164799 0.466737 0.168768 0.462885 0.171569 0.459559 0.175070 0.453081 0.181839 0.445553 0.185574 0.437325 0.187208 0.429447 0.186275 0.421744 0.183007 0.414566 0.176704 0.406513 0.166200 0.396884 0.147759 0.386029 0.129552 0.379727 0.122549 0.376576 0.105042 0.371499 0.093371 0.365896 0.084967 0.360469 0.070962 0.353817 0.064192 0.352066 0.054388 0.350840 0.046685 0.348564 0.039916 0.347689 0.030345 0.344888 0.018207 0.342612 0.005602 0.341562 0.002568 0.341912 0.001634 0.342787
1 0.000000 0.582283 0.000000 0.744048 0.007470 0.746324 0.019841 0.747899 0.022176 0.748775 0.026144 0.748424 0.035714 0.750350 0.064893 0.749475 0.109711 0.744573 0.126517 0.741246 0.164566 0.728641 0.179505 0.721814 0.196545 0.709909 0.209150 0.696078 0.213352 0.688725 0.215686 0.682598 0.215920 0.669293 0.215920 0.653011 0.213819 0.641106 0.210551 0.633929 0.197479 0.619573 0.193044 0.617122 0.186508 0.614846 0.149860 0.606268 0.111345 0.592262 0.102241 0.588585 0.095705 0.584559 0.088469 0.582458 0.081466 0.582108 0.077264 0.580882 0.055556 0.577906 0.028478 0.578606 0.025677 0.577731 0.014006 0.579832 0.012372 0.580882 0.011438 0.580882 0.008403 0.578431 0.000000 0.582283
0 0.223856 0.685749 0.230392 0.695553 0.239963 0.707283 0.252101 0.716912 0.258637 0.720763 0.269608 0.725315 0.272176 0.727766 0.279412 0.730917 0.285247 0.732493 0.307190 0.741947 0.320962 0.746499 0.331232 0.748599 0.334967 0.750000 0.346172 0.751225 0.355509 0.753501 0.386555 0.757353 0.419701 0.757178 0.450280 0.755077 0.461485 0.752976 0.495798 0.748950 0.512138 0.746674 0.517040 0.745273 0.522642 0.744923 0.532446 0.743172 0.553688 0.737220 0.567227 0.730567 0.574697 0.723915 0.583800 0.710434 0.587302 0.698179 0.586134 0.681898 0.578198 0.668067 0.573063 0.661590 0.567927 0.656863 0.553688 0.645833 0.547852 0.642507 0.521475 0.629552 0.469888 0.611169 0.459851 0.608543 0.446545 0.606618 0.415266 0.603992 0.404295 0.603992 0.397526 0.605917 0.394024 0.606092 0.351307 0.617647 0.329832 0.621674 0.311858 0.624125 0.279178 0.626225 0.275910 0.627101 0.263305 0.633578 0.244398 0.647584 0.230392 0.663340 0.225023 0.673319 0.223623 0.678046 0.223856 0.685749
1 0.589169 0.710259 0.585901 0.716912 0.588469 0.722339 0.595705 0.730917 0.607610 0.739846 0.612745 0.744748 0.619748 0.749125 0.630019 0.752451 0.633053 0.755602 0.636321 0.756653 0.640056 0.759629 0.654528 0.764006 0.663399 0.765231 0.666083 0.766194 0.670401 0.769258 0.676004 0.769958 0.702614 0.778887 0.716853 0.781338 0.728058 0.782038 0.740896 0.784839 0.754435 0.786064 0.768441 0.788690 0.786648 0.789741 0.823529 0.788340 0.853641 0.784314 0.879785 0.777661 0.901494 0.769783 0.915033 0.762955 0.924837 0.756653 0.932073 0.751225 0.939542 0.741947 0.942110 0.737745 0.943744 0.731092 0.944211 0.723389 0.942577 0.713060 0.936041 0.701506 0.933240 0.688725 0.929739 0.679097 0.920868 0.667542 0.910598 0.660889 0.897759 0.654412 0.880252 0.649335 0.869748 0.647584 0.855275 0.643382 0.846405 0.642332 0.825864 0.642157 0.818161 0.639181 0.811391 0.638305 0.800887 0.638831 0.793184 0.641807 0.790149 0.641982 0.783147 0.644783 0.768908 0.648634 0.729692 0.655637 0.718254 0.656513 0.702848 0.658789 0.689309 0.658789 0.680205 0.659664 0.675070 0.659314 0.661298 0.660539 0.647526 0.664741 0.633053 0.670343 0.622316 0.675070 0.611578 0.681373 0.599673 0.691352 0.593838 0.695203 0.590103 0.703957 0.589169 0.710259
1 0.340803 0.824755 0.344538 0.831583 0.348973 0.837885 0.355976 0.844713 0.369048 0.853291 0.390523 0.863095 0.404062 0.867997 0.431606 0.873950 0.442810 0.874475 0.452848 0.876050 0.480859 0.878501 0.491130 0.879027 0.535014 0.878852 0.545285 0.877626 0.561858 0.877801 0.591737 0.873599 0.602007 0.870273 0.619981 0.866422 0.625817 0.863971 0.637021 0.861345 0.647292 0.857668 0.655229 0.853817 0.659664 0.850315 0.667834 0.846464 0.679038 0.834909 0.683940 0.824580 0.684874 0.817052 0.683707 0.790266 0.679739 0.780637 0.675537 0.775210 0.671802 0.772409 0.634921 0.758929 0.609244 0.745798 0.598973 0.744573 0.591970 0.742297 0.587768 0.742122 0.584967 0.741071 0.559991 0.737570 0.553688 0.738620 0.546685 0.741071 0.539916 0.742472 0.501634 0.749125 0.479692 0.752101 0.470121 0.752626 0.444678 0.756303 0.433940 0.757178 0.424837 0.757003 0.414799 0.757878 0.411765 0.758754 0.397059 0.759279 0.391457 0.760679 0.382586 0.764881 0.371849 0.771359 0.362278 0.778536 0.359711 0.781863 0.355976 0.784839 0.351074 0.793592 0.348973 0.803396 0.340336 0.817227 0.340803 0.824755
1 0.008403 0.800770 0.009337 0.807423 0.013305 0.817752 0.017740 0.824405 0.026377 0.833859 0.032213 0.838936 0.040149 0.843312 0.043184 0.845938 0.046919 0.847164 0.057190 0.853817 0.068161 0.858018 0.077965 0.863270 0.098506 0.870623 0.107143 0.871674 0.117180 0.874125 0.127684 0.875350 0.141690 0.876576 0.159664 0.877101 0.167834 0.876050 0.184407 0.876050 0.190009 0.876926 0.212652 0.874475 0.225957 0.871148 0.237628 0.870273 0.242297 0.868873 0.248366 0.868697 0.253268 0.866772 0.275910 0.860644 0.289683 0.855392 0.295051 0.852591 0.297386 0.850490 0.306489 0.845938 0.316760 0.838585 0.330065 0.827206 0.334967 0.821429 0.345238 0.804797 0.347806 0.796744 0.348506 0.786415 0.344771 0.772759 0.342437 0.767332 0.336601 0.758578 0.330532 0.752276 0.325397 0.749650 0.311858 0.745798 0.289916 0.736520 0.279178 0.732843 0.267974 0.728116 0.255369 0.721113 0.245565 0.717087 0.236928 0.714986 0.223389 0.714111 0.206116 0.715511 0.197246 0.718662 0.189076 0.718662 0.170868 0.727766 0.128618 0.742122 0.102941 0.746674 0.089636 0.747549 0.081466 0.749125 0.073063 0.749825 0.049720 0.750875 0.035948 0.753326 0.032446 0.755252 0.022409 0.764356 0.012605 0.778361 0.008637 0.788165 0.008403 0.800770
1 0.686508 0.824580 0.683473 0.831408 0.684174 0.833333 0.687675 0.838936 0.691877 0.841211 0.695378 0.845763 0.701214 0.849265 0.704715 0.852941 0.716620 0.859944 0.728525 0.863971 0.731092 0.865896 0.734827 0.866947 0.737628 0.868697 0.762138 0.873599 0.765640 0.874825 0.796452 0.879727 0.814192 0.881127 0.821195 0.882353 0.829599 0.882528 0.856909 0.880602 0.872782 0.878151 0.882586 0.875350 0.891457 0.874125 0.902194 0.871148 0.913632 0.866947 0.940476 0.854167 0.961718 0.838936 0.972456 0.827381 0.977824 0.818978 0.980859 0.811450 0.983193 0.801120 0.983193 0.796394 0.982726 0.793417 0.979692 0.789916 0.977591 0.785539 0.966153 0.772409 0.960551 0.764356 0.956583 0.760679 0.942810 0.753852 0.935341 0.751751 0.932540 0.752626 0.925303 0.757178 0.914799 0.764706 0.897059 0.772584 0.876284 0.779762 0.855742 0.784839 0.842437 0.786765 0.821429 0.788690 0.817694 0.789566 0.775677 0.790266 0.772642 0.789216 0.744631 0.786415 0.731092 0.783438 0.710084 0.782213 0.703081 0.785364 0.700514 0.787815 0.694211 0.797269 0.691176 0.800245 0.688842 0.806548 0.686508 0.824580
1 0.140289 0.910714 0.144024 0.920343 0.147526 0.925595 0.157563 0.936099 0.168301 0.943978 0.178105 0.949930 0.192810 0.955707 0.195845 0.957808 0.202614 0.960609 0.215453 0.963936 0.241130 0.968312 0.264239 0.969538 0.293184 0.970063 0.314659 0.969363 0.345472 0.965511 0.354809 0.962535 0.373249 0.958333 0.378618 0.955532 0.393791 0.950280 0.414332 0.939426 0.429972 0.929272 0.443044 0.916492 0.451447 0.901261 0.453782 0.894783 0.454248 0.889881 0.452614 0.880602 0.450280 0.877801 0.445145 0.876576 0.415266 0.872549 0.379318 0.859594 0.364379 0.852066 0.354108 0.844888 0.347339 0.838761 0.338469 0.827906 0.337535 0.827906 0.327965 0.831408 0.311391 0.844188 0.294585 0.854517 0.275677 0.862045 0.260971 0.866597 0.244631 0.870798 0.227824 0.873775 0.217087 0.874300 0.205649 0.876576 0.199346 0.876751 0.190243 0.878151 0.179739 0.876751 0.171102 0.876926 0.159664 0.878852 0.153828 0.882878 0.143791 0.897584 0.140056 0.905637 0.140289 0.910714
1 0.005602 0.823704 0.000000 0.826155 0.000000 0.974090 0.003268 0.974265 0.012138 0.973389 0.032680 0.969188 0.041317 0.966036 0.068394 0.958683 0.088469 0.950280 0.108777 0.939426 0.126751 0.925070 0.131653 0.918592 0.135854 0.910714 0.139589 0.891106 0.138422 0.880077 0.137021 0.878326 0.130719 0.876576 0.119514 0.875525 0.100840 0.871849 0.086134 0.867647 0.076797 0.863971 0.053922 0.853116 0.036415 0.842962 0.027778 0.836835 0.018908 0.827556 0.014239 0.823880 0.011905 0.820553 0.007703 0.821604 0.005602 0.823704
1 0.468721 0.910189 0.470355 0.915091 0.473389 0.919643 0.482493 0.929097 0.493464 0.937150 0.508403 0.945203 0.532213 0.954657 0.536415 0.956232 0.544351 0.957458 0.560691 0.962360 0.567927 0.963936 0.579599 0.965161 0.588002 0.967612 0.603175 0.967437 0.619514 0.970938 0.633053 0.972689 0.649627 0.973564 0.672035 0.973564 0.687675 0.972514 0.695612 0.971113 0.701214 0.969363 0.706583 0.968662 0.719888 0.964461 0.745331 0.953606 0.748366 0.950805 0.751634 0.949930 0.761204 0.943277 0.765873 0.939776 0.769374 0.935924 0.778945 0.922269 0.782446 0.911590 0.782913 0.905987 0.780112 0.890931 0.776144 0.880077 0.773810 0.877976 0.741130 0.870273 0.737862 0.870098 0.716387 0.861695 0.713585 0.859769 0.707983 0.858368 0.706349 0.856618 0.703081 0.857318 0.700047 0.852591 0.695612 0.848915 0.687442 0.844188 0.685574 0.841912 0.682306 0.840861 0.678805 0.841562 0.674837 0.846639 0.671802 0.847689 0.667134 0.850665 0.642157 0.860819 0.631186 0.864671 0.588936 0.875175 0.561625 0.879202 0.549020 0.879027 0.540149 0.880252 0.525444 0.880252 0.523109 0.879727 0.518207 0.880252 0.508403 0.879552 0.498833 0.880602 0.495098 0.880077 0.480626 0.880602 0.477358 0.883053 0.472689 0.890056 0.468721 0.903536 0.468721 0.910189
1 0.927404 0.671744 0.929272 0.675245 0.945612 0.728817 0.944678 0.736169 0.939076 0.744573 0.938842 0.748249 0.941410 0.751576 0.947712 0.753676 0.961251 0.760504 0.970355 0.762080 0.973856 0.763655 0.988095 0.766807 0.999767 0.768557 0.999767 0.667717 0.980859 0.669468 0.966200 0.669643 0.934874 0.667717 0.931139 0.668242 0.928105 0.670693 0.927404 0.671744
1 0.563959 0.290266 0.567460 0.296744 0.570728 0.299370 0.576797 0.301471 0.612745 0.319678 0.630019 0.323004 0.640523 0.323354 0.644258 0.313550 0.653128 0.301821 0.668301 0.289041 0.690710 0.277486 0.720822 0.264356 0.737162 0.258403 0.758403 0.251926 0.762138 0.250175 0.765640 0.249825 0.779879 0.245798 0.831232 0.236345 0.838936 0.236345 0.848506 0.234419 0.866480 0.233718 0.876284 0.232493 0.878151 0.230742 0.874650 0.217087 0.868114 0.207458 0.860878 0.201681 0.846872 0.195028 0.841970 0.194328 0.838936 0.193102 0.834734 0.188725 0.814426 0.185049 0.798086 0.183298 0.782446 0.182598 0.773810 0.183648 0.764939 0.183298 0.761905 0.182423 0.745098 0.183999 0.735528 0.185749 0.718487 0.187325 0.706349 0.189251 0.685574 0.194503 0.682306 0.196254 0.668534 0.198880 0.664799 0.200630 0.647526 0.205357 0.626984 0.214111 0.609244 0.224090 0.600140 0.230742 0.597106 0.234419 0.593604 0.236870 0.577965 0.255252 0.570261 0.267157 0.564192 0.282563 0.563959 0.290266
1 0.564659 0.212710 0.563959 0.224790 0.565126 0.227416 0.567694 0.229167 0.581466 0.231618 0.587535 0.233543 0.591970 0.235994 0.615546 0.220588 0.619514 0.219188 0.629085 0.213060 0.634921 0.210434 0.655462 0.202731 0.664332 0.200280 0.668301 0.200280 0.672502 0.198354 0.685808 0.195553 0.693861 0.192227 0.696078 0.192402 0.707049 0.190126 0.710084 0.188725 0.730626 0.186450 0.738095 0.184524 0.746965 0.183298 0.762372 0.182248 0.765873 0.183824 0.769141 0.184174 0.772176 0.183298 0.775910 0.183298 0.779178 0.182073 0.800187 0.182073 0.824463 0.185749 0.831466 0.188200 0.833567 0.187850 0.836601 0.185574 0.838002 0.179447 0.838235 0.175070 0.836134 0.165791 0.833333 0.161064 0.825630 0.152486 0.818861 0.146884 0.811391 0.143032 0.797619 0.138480 0.775910 0.133228 0.757937 0.131478 0.742997 0.131478 0.719888 0.133929 0.706116 0.137430 0.697246 0.138831 0.671802 0.146534 0.664799 0.149685 0.619748 0.164391 0.595938 0.174895 0.586601 0.180672 0.577031 0.188025 0.570728 0.194853 0.563959 0.209909 0.564659 0.212710
1 0.409430 0.245448 0.407330 0.248249 0.411298 0.251751 0.415033 0.253326 0.424603 0.260504 0.436508 0.272584 0.441176 0.280462 0.444211 0.291141 0.446078 0.292892 0.450047 0.292717 0.480626 0.287290 0.509337 0.286940 0.520075 0.287990 0.535714 0.290616 0.550654 0.294643 0.564192 0.297269 0.564659 0.296569 0.563259 0.294118 0.563492 0.285539 0.564426 0.279412 0.567227 0.271884 0.573296 0.260854 0.583567 0.247724 0.588936 0.242297 0.590103 0.237570 0.584967 0.234419 0.561858 0.229867 0.533847 0.228291 0.487395 0.227591 0.452848 0.228466 0.430439 0.230042 0.426004 0.231268 0.421569 0.230742 0.413632 0.234244 0.411298 0.238971 0.409430 0.245448
1 0.443044 0.303746 0.445145 0.307248 0.446545 0.313375 0.446312 0.319503 0.446078 0.321779 0.442577 0.327731 0.441643 0.338410 0.437208 0.348739 0.439076 0.349965 0.445378 0.349090 0.455182 0.346113 0.484127 0.340511 0.511905 0.336660 0.536415 0.335084 0.545518 0.333859 0.558707 0.333859 0.592437 0.335609 0.602241 0.336835 0.612745 0.337185 0.622082 0.339111 0.626284 0.338410 0.624650 0.333508 0.621382 0.331232 0.615079 0.324230 0.609244 0.319678 0.596172 0.312500 0.588469 0.309174 0.583100 0.305847 0.571662 0.302171 0.563492 0.298494 0.535948 0.291141 0.517040 0.287815 0.505369 0.287115 0.486928 0.287465 0.446312 0.293592 0.444678 0.294818 0.443277 0.297794 0.443044 0.303746
1 0.457516 0.191176 0.451214 0.201331 0.437442 0.216036 0.422969 0.227241 0.424603 0.228992 0.429972 0.229517 0.465453 0.227591 0.475257 0.227941 0.482726 0.227416 0.529178 0.228116 0.553221 0.229342 0.561391 0.229342 0.563259 0.228466 0.563259 0.208333 0.567227 0.199755 0.566527 0.196254 0.563959 0.194678 0.557423 0.192227 0.553688 0.189951 0.548553 0.188725 0.537582 0.184174 0.526377 0.180847 0.518908 0.179622 0.472456 0.176821 0.463585 0.179272 0.461485 0.181022 0.457516 0.191176
1 0.166667 0.140406 0.168768 0.140756 0.171802 0.140406 0.173436 0.139356 0.180205 0.137605 0.189309 0.136555 0.192344 0.135504 0.196078 0.135679 0.199580 0.134979 0.216853 0.134104 0.230626 0.134279 0.246032 0.133228 0.276144 0.133403 0.286415 0.134804 0.296919 0.135329 0.306956 0.137080 0.314893 0.137430 0.354809 0.146359 0.362512 0.149860 0.370915 0.152486 0.380952 0.157563 0.393091 0.167717 0.397993 0.175245 0.400093 0.182248 0.402428 0.185224 0.404062 0.186275 0.408030 0.186800 0.409197 0.189076 0.408964 0.193627 0.410598 0.199405 0.413399 0.227416 0.414799 0.229342 0.418301 0.228992 0.426704 0.223039 0.428805 0.222339 0.443978 0.209034 0.451681 0.199580 0.455649 0.192927 0.461951 0.178221 0.462185 0.168943 0.463585 0.164916 0.459617 0.163515 0.458683 0.160714 0.460084 0.158438 0.463585 0.157213 0.464519 0.154937 0.464052 0.153887 0.463352 0.153361 0.459617 0.153536 0.450747 0.150385 0.448413 0.147759 0.447946 0.144083 0.441877 0.139881 0.435808 0.133754 0.428571 0.129377 0.411765 0.123074 0.401027 0.120098 0.384454 0.116772 0.342204 0.112045 0.326564 0.111695 0.297619 0.109594 0.268674 0.109594 0.240430 0.111695 0.227358 0.113796 0.213352 0.117297 0.206116 0.119573 0.202148 0.121674 0.190009 0.124125 0.183240 0.126401 0.172035 0.133053 0.167367 0.137780 0.166667 0.140406
1 0.839169 0.179797 0.840570 0.186450 0.844304 0.188725 0.845705 0.192402 0.848039 0.194503 0.859944 0.200280 0.867414 0.205707 0.873249 0.212710 0.875117 0.216036 0.876284 0.220938 0.880252 0.226891 0.903361 0.227416 0.907563 0.228466 0.918301 0.229517 0.921802 0.231092 0.931139 0.232493 0.942577 0.236169 0.946078 0.235819 0.947012 0.235119 0.948413 0.232668 0.953548 0.227766 0.954015 0.225140 0.957983 0.219013 0.959617 0.210434 0.958917 0.200105 0.954949 0.188200 0.941643 0.175245 0.930205 0.168067 0.923669 0.165791 0.918301 0.162115 0.913866 0.162990 0.897526 0.159139 0.877684 0.157913 0.861578 0.158613 0.841737 0.160889 0.838002 0.164041 0.839169 0.179797
1 0.915500 0.130602 0.917367 0.138655 0.920635 0.140756 0.929739 0.144433 0.945845 0.153711 0.956583 0.161415 0.960084 0.162640 0.970355 0.161590 0.984594 0.155812 0.987862 0.155287 0.990896 0.154062 0.998133 0.147934 0.999767 0.147934 0.999767 0.109944 0.997432 0.109419 0.984127 0.099090 0.973856 0.095588 0.966853 0.094888 0.952848 0.095938 0.939076 0.101015 0.929272 0.106092 0.924837 0.109069 0.922035 0.112920 0.918301 0.118522 0.915733 0.126401 0.915500 0.130602
1 0.764939 0.064776 0.766573 0.067577 0.775677 0.069503 0.783147 0.072129 0.792951 0.077556 0.798319 0.083158 0.804388 0.095938 0.811625 0.099615 0.820962 0.102766 0.824463 0.106968 0.829132 0.109244 0.835434 0.111345 0.852474 0.113445 0.857610 0.109419 0.860644 0.105917 0.860411 0.102241 0.861811 0.094188 0.859711 0.084909 0.857143 0.079657 0.842437 0.060924 0.834267 0.054797 0.825397 0.049720 0.817694 0.047269 0.803688 0.044818 0.795518 0.044993 0.786415 0.046218 0.779879 0.049720 0.774276 0.053922 0.770075 0.057423 0.765406 0.063200 0.764939 0.064776
1 0.780112 0.025910 0.784314 0.032213 0.785948 0.041667 0.787348 0.044118 0.791317 0.044818 0.804622 0.044643 0.817460 0.046218 0.831466 0.052171 0.838235 0.057423 0.841737 0.059174 0.845472 0.058648 0.849907 0.056373 0.851774 0.053571 0.857376 0.048319 0.860878 0.042017 0.862512 0.033088 0.862512 0.024860 0.861111 0.018382 0.855742 0.012430 0.845238 0.007353 0.825864 0.004902 0.813959 0.004902 0.806489 0.005777 0.798786 0.008053 0.793184 0.011204 0.784080 0.018732 0.780579 0.023634 0.780112 0.025910
1 0.865780 0.112745 0.870215 0.116246 0.882820 0.121148 0.888189 0.122374 0.898693 0.128852 0.904762 0.137955 0.911531 0.139356 0.915500 0.137780 0.915033 0.126050 0.915733 0.122899 0.920168 0.114671 0.924603 0.109244 0.918301 0.101190 0.903828 0.094888 0.897759 0.093487 0.893557 0.093312 0.888189 0.094363 0.883520 0.096464 0.873950 0.103466 0.869748 0.104867 0.866013 0.108894 0.865780 0.112745
1 0.824230 0.150910 0.834967 0.161590 0.836835 0.161940 0.838469 0.163690 0.839402 0.161590 0.841737 0.160539 0.872782 0.157913 0.896592 0.159314 0.915966 0.162815 0.918534 0.162990 0.921102 0.161415 0.916667 0.153186 0.910598 0.149510 0.907796 0.146884 0.900794 0.143207 0.897292 0.142682 0.893791 0.141106 0.876984 0.136380 0.869281 0.135679 0.859010 0.133228 0.848973 0.132353 0.830766 0.132178 0.827264 0.132703 0.824230 0.136905 0.824230 0.150910
1 0.728525 0.081758 0.727591 0.088936 0.729225 0.090511 0.744398 0.093838 0.765640 0.097339 0.780579 0.101891 0.795285 0.108018 0.799953 0.109419 0.801587 0.108894 0.802988 0.105742 0.802988 0.095063 0.798553 0.084034 0.793417 0.078081 0.789916 0.075280 0.777311 0.070378 0.758637 0.067402 0.755836 0.068102 0.737862 0.068277 0.728758 0.070378 0.727358 0.071254 0.727124 0.072479 0.728525 0.081758
1 0.693044 0.137430 0.696312 0.138831 0.720121 0.133929 0.743464 0.131478 0.767974 0.132528 0.779178 0.134104 0.793651 0.137255 0.811858 0.142682 0.817460 0.146183 0.820962 0.146884 0.822362 0.144083 0.824230 0.133228 0.819094 0.123950 0.810924 0.116947 0.799486 0.109594 0.769141 0.098039 0.754669 0.095063 0.743697 0.093838 0.730626 0.090861 0.727124 0.091737 0.719888 0.107318 0.712418 0.116947 0.709384 0.119573 0.700980 0.129902 0.694211 0.135154 0.693044 0.137430
1 0.650327 0.032913 0.652894 0.034664 0.661998 0.034139 0.683707 0.035714 0.693044 0.038340 0.699580 0.041317 0.714986 0.054972 0.720355 0.060574 0.723856 0.065651 0.727591 0.064601 0.735528 0.054797 0.736928 0.049895 0.739029 0.046919 0.739729 0.032213 0.741130 0.028361 0.741597 0.021884 0.738796 0.015406 0.733894 0.008578 0.726657 0.004377 0.718487 0.001751 0.718254 0.000000 0.692577 0.000000 0.692344 0.001751 0.682073 0.004202 0.676704 0.007003 0.660598 0.017857 0.656162 0.022234 0.651494 0.029237 0.650327 0.032913
1 0.603641 0.029587 0.605042 0.037115 0.605976 0.039741 0.607610 0.040266 0.617880 0.039916 0.644958 0.035714 0.649160 0.033438 0.652894 0.026436 0.661064 0.017857 0.668534 0.012080 0.669701 0.008578 0.661998 0.003852 0.654528 0.001751 0.654295 0.000000 0.632820 0.000000 0.632586 0.001751 0.626050 0.003501 0.619048 0.006828 0.611811 0.012955 0.603875 0.026085 0.603641 0.029587
1 0.191410 0.116422 0.192577 0.120448 0.196078 0.122549 0.212185 0.118347 0.219888 0.115371 0.243464 0.110994 0.267740 0.109594 0.279412 0.109769 0.283613 0.109069 0.349206 0.111870 0.370682 0.114671 0.378852 0.114671 0.390523 0.118347 0.410364 0.122024 0.429739 0.129202 0.432306 0.131653 0.437675 0.134804 0.438842 0.136905 0.449346 0.145308 0.453782 0.141807 0.457283 0.133929 0.459150 0.126926 0.466853 0.112920 0.467087 0.109594 0.470355 0.105917 0.467320 0.102241 0.464286 0.100665 0.460084 0.093487 0.448179 0.087185 0.445612 0.083859 0.441410 0.081933 0.436741 0.077556 0.432540 0.076331 0.428338 0.071954 0.418067 0.068452 0.412698 0.067927 0.404295 0.065301 0.402661 0.064076 0.397059 0.062150 0.384220 0.059874 0.373483 0.057073 0.367647 0.056723 0.359244 0.056723 0.307190 0.060574 0.304155 0.062675 0.296218 0.063025 0.287815 0.065651 0.271942 0.067402 0.269141 0.068978 0.258637 0.069678 0.252568 0.072129 0.234127 0.077206 0.230859 0.080357 0.227591 0.079132 0.223856 0.079657 0.209851 0.084034 0.197246 0.092087 0.193044 0.098214 0.191877 0.102766 0.191410 0.116422
1 0.001634 0.144258 0.000000 0.144258 0.000000 0.192927 0.002101 0.193452 0.005135 0.196254 0.008403 0.197829 0.012138 0.197304 0.014939 0.193102 0.016340 0.188725 0.020308 0.183824 0.024977 0.180497 0.036648 0.176120 0.042250 0.175420 0.050187 0.175770 0.066060 0.178922 0.071662 0.181022 0.074697 0.181373 0.076564 0.180497 0.080999 0.174895 0.083333 0.168242 0.087535 0.160714 0.095472 0.151786 0.099206 0.144083 0.099440 0.141282 0.097106 0.137780 0.088469 0.132703 0.077498 0.129902 0.064192 0.128676 0.029879 0.132178 0.022876 0.134104 0.005836 0.140756 0.001634 0.144258
1 0.113679 0.081933 0.114613 0.087535 0.115546 0.088761 0.138189 0.093312 0.141923 0.094713 0.150327 0.099615 0.151961 0.099790 0.154762 0.098389 0.162465 0.085434 0.166900 0.079657 0.174136 0.074930 0.178105 0.071078 0.174136 0.067402 0.158497 0.060399 0.144725 0.058648 0.136555 0.058824 0.129552 0.060049 0.122549 0.064251 0.117180 0.070028 0.113912 0.077731 0.113679 0.081933
1 0.080532 0.116246 0.083567 0.129727 0.095705 0.135329 0.098739 0.138655 0.102007 0.140231 0.105742 0.139181 0.120215 0.128151 0.126751 0.124650 0.136088 0.121674 0.143791 0.120798 0.147059 0.115196 0.152894 0.109419 0.152661 0.103116 0.151494 0.100315 0.142390 0.095063 0.137021 0.092787 0.130019 0.091387 0.119048 0.090511 0.114146 0.089461 0.101774 0.089461 0.094071 0.091737 0.084034 0.098915 0.081699 0.105917 0.080532 0.116246
1 0.319795 0.057248 0.323063 0.058123 0.349907 0.057248 0.362979 0.056022 0.371615 0.056548 0.390523 0.060224 0.395425 0.060399 0.396825 0.059524 0.398226 0.054622 0.399393 0.043242 0.396825 0.040441 0.392857 0.031863 0.388189 0.027836 0.383287 0.027311 0.369048 0.028011 0.355042 0.031338 0.343604 0.035364 0.329132 0.043417 0.324463 0.047619 0.320028 0.053746 0.319795 0.057248
1 0.441176 0.074755 0.442577 0.077906 0.451447 0.080532 0.453081 0.082108 0.457049 0.080882 0.460317 0.082633 0.468021 0.091912 0.470588 0.099790 0.472222 0.101190 0.474323 0.101716 0.473856 0.102416 0.502101 0.079657 0.507003 0.077906 0.508637 0.074755 0.505135 0.066176 0.498833 0.057073 0.491830 0.049545 0.484827 0.044818 0.478758 0.043592 0.466620 0.043067 0.456583 0.045693 0.452848 0.048669 0.447012 0.055672 0.442577 0.065126 0.441877 0.068803 0.441176 0.074755
1 0.460084 0.042892 0.480859 0.043592 0.486928 0.045868 0.493697 0.051120 0.498366 0.056723 0.506303 0.067227 0.508637 0.073880 0.509570 0.074580 0.513072 0.074580 0.542250 0.060749 0.545051 0.045868 0.545051 0.043242 0.542717 0.039916 0.538982 0.036415 0.532446 0.032038 0.525910 0.028711 0.519608 0.027311 0.515406 0.025560 0.504669 0.024510 0.491130 0.024860 0.477124 0.026961 0.473856 0.027836 0.469188 0.031513 0.464986 0.032913 0.462652 0.036765 0.459851 0.038866 0.460084 0.042892
1 0.788282 0.903711 0.788515 0.911590 0.791550 0.918067 0.796452 0.925420 0.799953 0.928571 0.835434 0.954482 0.841737 0.957808 0.859244 0.963235 0.866480 0.966387 0.883987 0.970413 0.897292 0.971989 0.927871 0.974265 0.938142 0.974440 0.957049 0.974090 0.977124 0.972339 0.987862 0.970938 0.998133 0.967437 0.999767 0.967437 0.999767 0.848389 0.998133 0.848389 0.990896 0.843137 0.981326 0.838936 0.978525 0.836835 0.977358 0.834734 0.970121 0.833683 0.966853 0.835609 0.962885 0.839811 0.957049 0.843137 0.942344 0.853641 0.923903 0.863270 0.900794 0.872024 0.873016 0.879202 0.866246 0.879902 0.859944 0.881478 0.841737 0.881828 0.837768 0.882878 0.828198 0.883754 0.814426 0.881653 0.800654 0.882003 0.796218 0.884279 0.793184 0.888130 0.789449 0.897234 0.788282 0.903711
1 0.163866 0.470588 0.165500 0.471814 0.168067 0.472164 0.176704 0.471464 0.223156 0.471639 0.258637 0.474615 0.276144 0.475315 0.286648 0.476716 0.296218 0.476891 0.299953 0.478116 0.302288 0.477941 0.303221 0.477241 0.301354 0.466912 0.301587 0.460084 0.306256 0.442752 0.315126 0.426296 0.318861 0.421919 0.324697 0.417017 0.330766 0.409839 0.334034 0.407913 0.331232 0.405987 0.324930 0.403887 0.311391 0.402486 0.295752 0.403536 0.282680 0.403536 0.266106 0.406513 0.244631 0.412640 0.241130 0.412990 0.217087 0.420693 0.200047 0.426996 0.189309 0.431898 0.185574 0.442752 0.172502 0.460259 0.165966 0.466912 0.163866 0.470588
1 0.705182 0.373074 0.710784 0.381127 0.714052 0.387605 0.718021 0.400385 0.718487 0.410189 0.716853 0.436099 0.720121 0.435749 0.727591 0.432598 0.739029 0.426646 0.758403 0.418943 0.761671 0.417017 0.810924 0.401085 0.824930 0.397584 0.827965 0.397409 0.838936 0.393908 0.836368 0.392682 0.828198 0.390931 0.820962 0.390756 0.779412 0.386555 0.748366 0.382353 0.719888 0.374825 0.707516 0.370973 0.706349 0.369923 0.705415 0.370623 0.705182 0.373074
1 0.001634 0.221814 0.000000 0.221814 0.000000 0.254377 0.008403 0.253852 0.035948 0.249825 0.040383 0.248249 0.045518 0.244748 0.046919 0.241422 0.046685 0.237920 0.044818 0.235294 0.044585 0.231618 0.045051 0.227066 0.047152 0.223915 0.049720 0.216912 0.048553 0.214636 0.036181 0.214636 0.025677 0.216387 0.022409 0.217612 0.012605 0.218137 0.001634 0.221814
1 0.042951 0.237045 0.044351 0.243347 0.045985 0.244573 0.058590 0.242122 0.077731 0.236169 0.084967 0.235994 0.085901 0.235119 0.086368 0.234069 0.085201 0.231092 0.080299 0.221639 0.079599 0.212010 0.080766 0.199405 0.082166 0.196078 0.081466 0.191352 0.077965 0.192052 0.063959 0.200630 0.055322 0.207633 0.049486 0.214286 0.047619 0.220413 0.042951 0.230042 0.042951 0.237045
1 0.004902 0.275035 0.000000 0.275385 0.000000 0.339811 0.011905 0.340686 0.064192 0.351190 0.065826 0.348915 0.059757 0.341912 0.056022 0.339461 0.052054 0.335259 0.042717 0.321429 0.035714 0.307773 0.033613 0.297969 0.034080 0.287640 0.035714 0.279412 0.038049 0.275910 0.038515 0.272584 0.024977 0.272059 0.011671 0.273284 0.004902 0.275035
1 0.056723 0.241772 0.035481 0.250000 0.000000 0.254727 0.000000 0.274685 0.019900 0.272409 0.030952 0.272234 0.036415 0.273284 0.039683 0.271884 0.044818 0.264531 0.048553 0.260679 0.068627 0.247024 0.074230 0.244923 0.086368 0.237745 0.084734 0.235994 0.083100 0.235644 0.074230 0.236520 0.056723 0.241772
1 0.154762 0.105917 0.155929 0.108193 0.158030 0.109244 0.162932 0.107143 0.188842 0.099440 0.198880 0.089461 0.216387 0.080357 0.234127 0.075105 0.238329 0.075455 0.242997 0.074580 0.252101 0.071078 0.249533 0.068978 0.242764 0.067577 0.213585 0.065651 0.196078 0.067227 0.182540 0.070728 0.169701 0.077906 0.163165 0.084734 0.157796 0.091912 0.154995 0.098564 0.154762 0.105917
1 0.146359 0.119748 0.147059 0.120273 0.151494 0.121148 0.162465 0.121499 0.175303 0.126401 0.179038 0.126401 0.189776 0.123424 0.190476 0.119223 0.189076 0.112150 0.189776 0.103817 0.189076 0.099965 0.185574 0.100140 0.167834 0.105217 0.163399 0.107493 0.154295 0.110644 0.148459 0.116246 0.146359 0.119748
1 0.225490 0.064076 0.228058 0.065826 0.253501 0.068452 0.268674 0.067752 0.273810 0.066001 0.285014 0.058473 0.288049 0.057248 0.290383 0.054797 0.290383 0.051996 0.289449 0.049895 0.286648 0.048144 0.272409 0.043242 0.267974 0.042717 0.255135 0.043242 0.244865 0.046394 0.238329 0.049545 0.230392 0.056022 0.226891 0.060574 0.225490 0.064076
1 0.294351 0.043417 0.291317 0.050245 0.292951 0.054622 0.296452 0.055322 0.300420 0.055322 0.302521 0.054622 0.314659 0.054972 0.319561 0.052346 0.324930 0.045868 0.330532 0.042017 0.344071 0.035189 0.362745 0.029062 0.372549 0.027661 0.387255 0.028186 0.393791 0.032913 0.395892 0.036765 0.396125 0.040266 0.397526 0.043067 0.400794 0.043067 0.401727 0.042017 0.403595 0.036415 0.403595 0.032563 0.401261 0.028361 0.380252 0.021534 0.352241 0.016457 0.343137 0.015931 0.334500 0.016632 0.321195 0.019083 0.313959 0.023810 0.306022 0.025210 0.300420 0.027836 0.298786 0.030287 0.294585 0.033088 0.293417 0.036415 0.294351 0.043417
1 0.094304 0.158088 0.096172 0.163690 0.095238 0.168417 0.098739 0.168943 0.110878 0.160014 0.128385 0.150735 0.148459 0.143207 0.161064 0.139706 0.178338 0.126576 0.164799 0.121499 0.158497 0.121148 0.144725 0.121849 0.135387 0.123249 0.125350 0.125875 0.119048 0.129202 0.104809 0.140756 0.097572 0.151085 0.094304 0.158088
1 0.398226 0.059874 0.399860 0.061625 0.403595 0.063200 0.415033 0.066001 0.430205 0.071954 0.435574 0.075105 0.439309 0.075630 0.441643 0.065826 0.445845 0.057248 0.446078 0.053571 0.443044 0.050245 0.437675 0.046744 0.428571 0.042717 0.418067 0.042192 0.406396 0.045693 0.400794 0.049545 0.399393 0.052696 0.398226 0.059874
1 0.436975 0.043067 0.437908 0.046744 0.446078 0.051996 0.449580 0.051296 0.451214 0.048494 0.453548 0.046919 0.454015 0.045168 0.457283 0.043417 0.459150 0.039916 0.459384 0.037115 0.462885 0.032738 0.475724 0.026786 0.494164 0.023810 0.508870 0.024335 0.521942 0.026961 0.523810 0.025910 0.516807 0.018032 0.511905 0.015581 0.506536 0.014006 0.494631 0.013130 0.478058 0.014881 0.466153 0.018732 0.455182 0.026085 0.442810 0.037465 0.438842 0.040091 0.436975 0.043067
1 0.543884 0.058298 0.544818 0.059874 0.546919 0.060399 0.570495 0.051120 0.585201 0.047794 0.602708 0.042192 0.605042 0.039566 0.602241 0.028186 0.597572 0.024510 0.595238 0.021183 0.585201 0.018557 0.574463 0.018557 0.566527 0.020833 0.556956 0.026611 0.550420 0.035014 0.546685 0.043768 0.544585 0.053046 0.543884 0.058298
1 0.585201 0.018908 0.595005 0.022234 0.602241 0.029937 0.605976 0.021884 0.612045 0.012955 0.619281 0.007003 0.629085 0.001576 0.629085 0.000000 0.590570 0.000000 0.589869 0.002801 0.584734 0.011730 0.585201 0.018908
1 0.733427 0.008578 0.735994 0.010504 0.741363 0.021008 0.739262 0.039391 0.739729 0.044643 0.752101 0.057423 0.754435 0.060749 0.754669 0.063901 0.761671 0.063200 0.765406 0.060749 0.767040 0.057948 0.772176 0.053746 0.782213 0.046744 0.783847 0.043067 0.782913 0.040266 0.783147 0.035889 0.781279 0.029412 0.778711 0.025910 0.777544 0.022584 0.769141 0.016632 0.760504 0.013480 0.755135 0.010154 0.748133 0.007703 0.741363 0.006478 0.737862 0.005077 0.735528 0.005252 0.733660 0.006478 0.733427 0.008578
1 0.954482 0.189076 0.957516 0.194503 0.958917 0.199580 0.959617 0.212885 0.958450 0.218487 0.952381 0.227066 0.952381 0.230567 0.967787 0.238971 0.973156 0.242647 0.977358 0.243873 0.980626 0.242647 0.981559 0.241422 0.987162 0.227241 0.989029 0.217787 0.988796 0.213235 0.987162 0.208683 0.983660 0.202906 0.978525 0.197654 0.969888 0.191527 0.956583 0.186099 0.954715 0.186099 0.954482 0.187325 0.954482 0.189076
1 0.964986 0.166667 0.962885 0.168417 0.967320 0.177871 0.972222 0.192402 0.978992 0.197829 0.988562 0.210434 0.990196 0.213410 0.989729 0.221639 0.990430 0.223389 0.991130 0.223915 0.999767 0.223564 0.999767 0.173669 0.991130 0.171919 0.984594 0.167542 0.980392 0.166317 0.976190 0.164041 0.970355 0.163515 0.965686 0.164916 0.964986 0.166667
1 0.012138 0.509279 0.014006 0.509804 0.015173 0.515581 0.018207 0.521183 0.022409 0.533088 0.024276 0.543943 0.021242 0.559174 0.017040 0.567577 0.009804 0.574580 0.010271 0.578081 0.015173 0.579132 0.020075 0.578606 0.063725 0.578606 0.067694 0.579657 0.083567 0.580532 0.084500 0.577906 0.079832 0.575455 0.074697 0.569503 0.065826 0.562150 0.063025 0.558648 0.055089 0.544993 0.051821 0.533964 0.051821 0.525910 0.054855 0.520308 0.063025 0.510504 0.073296 0.504902 0.075163 0.502101 0.074930 0.501050 0.067694 0.498950 0.062092 0.499125 0.060224 0.499475 0.057890 0.501576 0.055556 0.502276 0.046685 0.502451 0.023109 0.505952 0.015873 0.508929 0.011905 0.508228 0.012138 0.509279
1 0.901494 0.143908 0.901961 0.144433 0.904528 0.144958 0.908497 0.147059 0.915733 0.152311 0.919468 0.158088 0.920168 0.161064 0.923669 0.164916 0.927638 0.166317 0.940943 0.174020 0.948413 0.179622 0.950280 0.181898 0.956583 0.185924 0.960084 0.186800 0.966853 0.190651 0.969421 0.190476 0.970355 0.189776 0.968721 0.181723 0.958450 0.166317 0.943277 0.153186 0.940476 0.152136 0.930672 0.145658 0.918301 0.140406 0.914566 0.139706 0.907796 0.140581 0.902894 0.142857 0.901494 0.143908
1 0.810691 0.116246 0.813725 0.119748 0.818627 0.123424 0.821895 0.127626 0.824697 0.133929 0.827965 0.133929 0.831232 0.132703 0.835901 0.132178 0.855742 0.133053 0.875817 0.136380 0.878151 0.136029 0.879552 0.134629 0.879785 0.133578 0.873716 0.126401 0.856676 0.116246 0.841503 0.112745 0.826797 0.111345 0.817460 0.110994 0.812325 0.112395 0.810924 0.113445 0.810691 0.116246
1 0.014006 0.213936 0.015640 0.216737 0.020775 0.217437 0.035948 0.214636 0.046919 0.213936 0.050187 0.213235 0.058590 0.204482 0.070962 0.196429 0.078198 0.192752 0.080999 0.189076 0.078431 0.185574 0.075163 0.183473 0.060458 0.177346 0.050654 0.175945 0.039683 0.175595 0.036181 0.176296 0.024977 0.180847 0.019608 0.184699 0.016573 0.189076 0.013539 0.200805 0.014006 0.213936
1 0.081232 0.220588 0.088235 0.233718 0.090803 0.234419 0.102474 0.230392 0.109244 0.229517 0.143791 0.220063 0.166900 0.217962 0.185341 0.214286 0.196078 0.214986 0.236928 0.212710 0.294818 0.216211 0.327965 0.220413 0.344538 0.224265 0.352241 0.225315 0.373483 0.232668 0.376050 0.234244 0.389356 0.239146 0.397993 0.243347 0.400794 0.245448 0.404762 0.246324 0.407563 0.244573 0.409197 0.241246 0.412327 0.222660 0.410553 0.215673 0.411064 0.210609 0.407891 0.202033 0.405673 0.198373 0.408778 0.194713 0.410553 0.192051 0.409165 0.189761 0.409664 0.186800 0.406863 0.187325 0.402428 0.183473 0.397292 0.177696 0.395658 0.171744 0.391923 0.167192 0.385621 0.161415 0.380252 0.157738 0.373716 0.154237 0.361811 0.150210 0.359244 0.148284 0.352241 0.145833 0.334034 0.142157 0.331466 0.141106 0.318627 0.138655 0.290383 0.135329 0.255135 0.133403 0.198646 0.135329 0.186508 0.137430 0.182073 0.137430 0.175770 0.139356 0.174370 0.138831 0.170565 0.140816 0.165241 0.141148 0.160131 0.141457 0.138422 0.147409 0.125350 0.152661 0.118814 0.157038 0.110177 0.161064 0.094538 0.174020 0.084267 0.190301 0.081699 0.199930 0.080299 0.213410 0.081232 0.220588
1 0.879085 0.231268 0.880019 0.233018 0.883053 0.233718 0.902194 0.234244 0.922269 0.236345 0.933007 0.236695 0.934641 0.237745 0.937675 0.237745 0.936275 0.234244 0.935341 0.233894 0.921802 0.230217 0.904762 0.227416 0.880252 0.227066 0.879318 0.229167 0.879085 0.231268
1 0.802288 0.109244 0.810691 0.113971 0.815826 0.111345 0.823063 0.111345 0.826331 0.109594 0.820728 0.103992 0.813259 0.100315 0.810691 0.098039 0.804855 0.095938 0.803688 0.094888 0.802988 0.098915 0.802288 0.109244
1 0.854342 0.116246 0.858777 0.117647 0.859244 0.119048 0.860644 0.118522 0.863445 0.118873 0.867880 0.123249 0.872082 0.125525 0.875117 0.128676 0.877684 0.133578 0.881186 0.136905 0.900560 0.142507 0.903828 0.141457 0.904528 0.136905 0.901961 0.132878 0.893791 0.124825 0.890056 0.123074 0.881886 0.121499 0.880019 0.119748 0.864846 0.115546 0.855742 0.115721 0.854342 0.116246
1 0.727358 0.068452 0.731793 0.069153 0.755369 0.067752 0.757003 0.063901 0.749767 0.054272 0.744865 0.049195 0.741130 0.046744 0.737628 0.048845 0.732493 0.059349 0.727358 0.064601 0.727358 0.068452
1 0.152194 0.387080 0.155462 0.388305 0.156629 0.390581 0.159430 0.391632 0.161765 0.394083 0.169001 0.398109 0.182540 0.412640 0.187208 0.421569 0.189076 0.427696 0.190943 0.428221 0.192810 0.428221 0.232260 0.414916 0.239262 0.411064 0.246499 0.405287 0.252334 0.401961 0.257003 0.397584 0.252334 0.396534 0.228525 0.395133 0.220355 0.395308 0.192577 0.392682 0.182306 0.391282 0.174837 0.389006 0.168301 0.388831 0.161765 0.386905 0.152661 0.386730 0.152194 0.387080
1 0.422736 0.522584 0.425303 0.526611 0.433707 0.535539 0.436275 0.540616 0.438375 0.549895 0.449346 0.555322 0.451447 0.554622 0.472222 0.541317 0.478291 0.538515 0.494865 0.532913 0.499767 0.529412 0.494164 0.528011 0.489729 0.525910 0.481326 0.524510 0.440476 0.521534 0.429972 0.520308 0.425770 0.519083 0.424136 0.519608 0.422969 0.521359 0.422736 0.522584
1 0.999767 0.425668 0.999767 0.436899 1.000000 0.436899 1.000000 0.425668 0.999767 0.425668