0 0.215686 0.519083 0.218721 0.531162 0.220822 0.534839 0.224556 0.549720 0.227824 0.555147 0.228992 0.560749 0.235528 0.572479 0.237628 0.581758 0.241597 0.584034 0.243697 0.587185 0.248599 0.591036 0.251401 0.596289 0.255135 0.598039 0.260271 0.601891 0.277311 0.609244 0.288982 0.612395 0.292717 0.615021 0.298086 0.616772 0.303688 0.618172 0.311158 0.618697 0.331466 0.623249 0.347339 0.624825 0.363212 0.624825 0.369981 0.624300 0.374650 0.622724 0.389823 0.621674 0.401261 0.619048 0.409197 0.618172 0.425070 0.612920 0.435574 0.611345 0.446078 0.608543 0.457283 0.603992 0.487628 0.593838 0.498599 0.588936 0.504902 0.587710 0.539683 0.572129 0.571195 0.556197 0.585668 0.546919 0.592670 0.543768 0.595238 0.541667 0.598973 0.540616 0.609244 0.534664 0.621148 0.524335 0.630019 0.520833 0.655462 0.500875 0.658030 0.496849 0.664799 0.490546 0.687442 0.463235 0.697479 0.444503 0.707516 0.421569 0.714519 0.394258 0.715219 0.381127 0.714753 0.371674 0.711951 0.356443 0.705182 0.335084 0.700280 0.324755 0.687208 0.303571 0.671802 0.285189 0.647993 0.265581 0.632820 0.257178 0.630019 0.255952 0.623249 0.254727 0.612745 0.249650 0.602241 0.247724 0.598739 0.249300 0.595005 0.247199 0.591737 0.246849 0.584267 0.249475 0.574930 0.249650 0.567927 0.251401 0.560691 0.252101 0.554622 0.254377 0.543417 0.257003 0.540149 0.259804 0.526144 0.264531 0.522176 0.264356 0.519608 0.265406 0.516573 0.268557 0.469888 0.287115 0.467087 0.287640 0.462652 0.291667 0.454248 0.294468 0.446779 0.300070 0.439076 0.301996 0.436275 0.303922 0.425303 0.308648 0.411298 0.311800 0.399860 0.315826 0.377218 0.325455 0.368347 0.327556 0.365079 0.329657 0.356209 0.333333 0.331466 0.347514 0.325630 0.352591 0.319561 0.356268 0.317694 0.358718 0.313259 0.361520 0.309524 0.365896 0.300187 0.371324 0.288749 0.384279 0.283380 0.392507 0.277311 0.397409 0.263772 0.415091 0.257236 0.421919 0.244398 0.439076 0.242997 0.443102 0.235528 0.453081 0.235061 0.456408 0.232493 0.459909 0.228525 0.470238 0.223856 0.477416 0.220355 0.491422 0.217787 0.498074 0.216153 0.508228 0.215686 0.519083
1 0.582633 0.561625 0.584267 0.567577 0.590336 0.578606 0.591970 0.580707 0.604108 0.589636 0.619748 0.596639 0.633754 0.600840 0.640523 0.601541 0.644258 0.603291 0.674136 0.609244 0.689076 0.613971 0.699346 0.615546 0.716153 0.617297 0.720121 0.618522 0.725724 0.618697 0.730626 0.619923 0.739496 0.619923 0.744398 0.620973 0.752801 0.620623 0.761438 0.621674 0.767507 0.621324 0.772409 0.622374 0.778478 0.621674 0.793417 0.621499 0.831232 0.628501 0.834967 0.627801 0.838469 0.629552 0.846872 0.630077 0.852241 0.632178 0.856443 0.631828 0.866246 0.633578 0.885504 0.632178 0.894725 0.632178 0.904528 0.630602 0.922035 0.629027 0.938375 0.625350 0.945845 0.624825 0.976891 0.617297 0.994631 0.610469 0.997899 0.604867 0.999767 0.604517 0.999767 0.426296 0.998133 0.426296 0.996965 0.425245 0.991130 0.423494 0.956583 0.415616 0.908497 0.410539 0.866246 0.409489 0.820261 0.411239 0.784080 0.415441 0.755369 0.421919 0.744631 0.422969 0.726891 0.426296 0.721055 0.428396 0.710784 0.430322 0.707049 0.432423 0.703081 0.436975 0.696545 0.449930 0.693978 0.453081 0.692577 0.457458 0.685808 0.467612 0.671569 0.484594 0.667367 0.491071 0.663165 0.494748 0.659897 0.499300 0.645191 0.512255 0.636788 0.518382 0.631653 0.521183 0.623016 0.528361 0.612979 0.535364 0.600607 0.541667 0.594538 0.546744 0.588469 0.550245 0.584967 0.554097 0.582866 0.558298 0.582633 0.561625
1 0.072829 0.411940 0.076097 0.425420 0.081699 0.441702 0.081933 0.445903 0.091036 0.470938 0.097339 0.484594 0.101541 0.490721 0.122082 0.514531 0.139823 0.528536 0.147292 0.532563 0.161531 0.543768 0.168534 0.546043 0.171569 0.547969 0.178571 0.550070 0.183007 0.552346 0.196078 0.555147 0.202848 0.556022 0.221522 0.555322 0.223389 0.554097 0.223623 0.549895 0.214986 0.525035 0.214052 0.512955 0.214753 0.504377 0.218487 0.487745 0.232960 0.455182 0.240196 0.442402 0.250233 0.427171 0.277077 0.394608 0.282680 0.390056 0.290149 0.379377 0.295752 0.373249 0.334734 0.341562 0.340103 0.338936 0.342437 0.336485 0.345705 0.335434 0.350140 0.331583 0.353641 0.325105 0.354108 0.317577 0.352941 0.310574 0.348973 0.300420 0.343838 0.292892 0.332400 0.279412 0.324930 0.273459 0.298319 0.257878 0.293184 0.255952 0.286415 0.251751 0.258637 0.242297 0.252101 0.241422 0.244865 0.238971 0.241830 0.238620 0.228058 0.238796 0.203081 0.244048 0.186041 0.251401 0.167134 0.264531 0.160598 0.267157 0.154295 0.270833 0.144491 0.280287 0.117647 0.303046 0.104575 0.321254 0.095705 0.336485 0.090336 0.342437 0.082866 0.355567 0.077264 0.371148 0.073529 0.390056 0.072829 0.411940
1 0.082166 0.982668 0.083100 0.994923 0.084500 0.999825 0.391690 0.999825 0.391690 0.998249 0.394725 0.994923 0.404295 0.976366 0.410364 0.960084 0.417134 0.932073 0.423203 0.884104 0.423903 0.866947 0.422736 0.851716 0.419468 0.841562 0.405462 0.816001 0.400093 0.811800 0.393557 0.802871 0.366013 0.784839 0.349673 0.777486 0.317694 0.767157 0.300420 0.764006 0.286415 0.764531 0.276144 0.766807 0.266340 0.771359 0.258870 0.773810 0.230159 0.791842 0.203782 0.812150 0.170868 0.842262 0.162932 0.850490 0.158030 0.856968 0.147292 0.865896 0.139122 0.874475 0.126984 0.883929 0.112745 0.897584 0.107843 0.905462 0.101774 0.911590 0.097106 0.921919 0.091737 0.929797 0.088002 0.939076 0.082866 0.970413 0.082166 0.982668
1 0.117647 0.721113 0.119048 0.734769 0.122082 0.741947 0.126050 0.762080 0.134687 0.775910 0.141690 0.782913 0.147526 0.787290 0.153828 0.791492 0.171569 0.800770 0.182306 0.805322 0.196078 0.809174 0.199580 0.809524 0.202614 0.808999 0.208683 0.805497 0.227124 0.791667 0.243697 0.780462 0.251867 0.775735 0.277311 0.764006 0.287582 0.760679 0.304622 0.760504 0.310691 0.761555 0.318394 0.754902 0.324697 0.743697 0.329132 0.738270 0.331466 0.737045 0.334967 0.731968 0.340803 0.720238 0.345938 0.706232 0.348973 0.702206 0.350373 0.677171 0.350140 0.652836 0.346172 0.629202 0.341737 0.626225 0.326564 0.625000 0.292484 0.617997 0.285714 0.615896 0.265640 0.607318 0.258170 0.603116 0.244398 0.592612 0.231092 0.576331 0.227124 0.563725 0.193277 0.558999 0.188842 0.559174 0.182540 0.561275 0.171802 0.566527 0.159197 0.576506 0.151727 0.584909 0.140756 0.602766 0.133053 0.621324 0.124883 0.651961 0.122549 0.666842 0.122782 0.671919 0.119748 0.678571 0.120215 0.681373 0.117880 0.705707 0.117647 0.721113
1 0.394491 0.134104 0.399860 0.170168 0.404062 0.191702 0.406863 0.219538 0.409664 0.230917 0.413399 0.240896 0.414799 0.243347 0.418301 0.246148 0.436508 0.235994 0.440943 0.232318 0.464052 0.220763 0.481793 0.205182 0.489262 0.199755 0.509804 0.179972 0.515640 0.176996 0.522642 0.174545 0.535014 0.173845 0.539449 0.175595 0.543417 0.175770 0.550187 0.178571 0.553688 0.178922 0.584967 0.196254 0.588702 0.199405 0.592904 0.205182 0.601074 0.210259 0.610644 0.220938 0.614846 0.223915 0.620915 0.234594 0.626517 0.241246 0.626517 0.248249 0.630252 0.249825 0.633987 0.255077 0.638422 0.257003 0.643557 0.260504 0.650794 0.262255 0.651727 0.261730 0.655929 0.255427 0.658030 0.253676 0.665500 0.238095 0.678571 0.225490 0.688842 0.209909 0.689776 0.202731 0.682540 0.168592 0.682306 0.161064 0.676237 0.144608 0.669468 0.130252 0.658730 0.112220 0.647759 0.098039 0.637021 0.087185 0.626284 0.079132 0.616947 0.069678 0.605042 0.062675 0.601774 0.059874 0.585434 0.050945 0.580299 0.047094 0.553688 0.036239 0.537582 0.032038 0.526611 0.030462 0.491130 0.030462 0.483894 0.031338 0.458917 0.037290 0.430906 0.051996 0.416200 0.064076 0.414099 0.067227 0.411064 0.069153 0.407563 0.073004 0.404062 0.078256 0.397059 0.094713 0.394024 0.112395 0.394491 0.134104
1 0.657096 0.265231 0.658030 0.268032 0.672269 0.281513 0.681139 0.293242 0.690710 0.303922 0.706583 0.330882 0.714519 0.354342 0.717787 0.375875 0.718021 0.387605 0.715453 0.404762 0.711251 0.418242 0.711251 0.423144 0.712652 0.425595 0.720588 0.426296 0.726657 0.424545 0.743697 0.421744 0.748133 0.420168 0.758870 0.418768 0.783147 0.414041 0.820728 0.409489 0.839636 0.409314 0.848506 0.408263 0.856443 0.408613 0.874416 0.407738 0.879318 0.408438 0.905462 0.408613 0.908030 0.409139 0.915033 0.408789 0.922269 0.406688 0.926237 0.401085 0.928571 0.395133 0.929272 0.378151 0.936275 0.349790 0.936508 0.334209 0.935574 0.325105 0.936275 0.321429 0.936275 0.296744 0.935808 0.286064 0.934407 0.279762 0.935107 0.269958 0.934174 0.258929 0.931839 0.254552 0.928105 0.237570 0.920635 0.224090 0.918768 0.217437 0.912698 0.203081 0.904062 0.189601 0.900093 0.186099 0.893791 0.176646 0.888889 0.171569 0.887021 0.168417 0.879785 0.163340 0.866713 0.157038 0.852474 0.152311 0.845472 0.151786 0.827731 0.152311 0.810691 0.155812 0.803922 0.158438 0.796685 0.159664 0.782680 0.164041 0.771942 0.165441 0.761905 0.167717 0.744631 0.174195 0.731092 0.180847 0.720355 0.187675 0.708217 0.196604 0.698413 0.205007 0.685107 0.220063 0.681139 0.226541 0.670868 0.237745 0.659430 0.258578 0.657096 0.265231
1 0.689309 0.178746 0.691877 0.183824 0.694444 0.196429 0.696078 0.199580 0.698646 0.200455 0.699813 0.200455 0.705882 0.196779 0.713352 0.190476 0.720121 0.186975 0.724323 0.183298 0.737862 0.174720 0.746965 0.171218 0.761438 0.166317 0.789449 0.160539 0.813259 0.153711 0.837535 0.150035 0.845938 0.150035 0.852241 0.151085 0.862278 0.154062 0.880486 0.161064 0.886788 0.166317 0.899860 0.182598 0.901027 0.183473 0.904295 0.183648 0.907563 0.180147 0.912465 0.171569 0.916900 0.161064 0.922736 0.151786 0.931139 0.133929 0.936508 0.124825 0.937908 0.119748 0.941410 0.112745 0.948880 0.088235 0.949580 0.080882 0.952848 0.067052 0.954015 0.059874 0.953081 0.050245 0.949113 0.047794 0.937908 0.045518 0.918534 0.038866 0.914099 0.036415 0.900560 0.031162 0.890990 0.028186 0.873716 0.024335 0.865079 0.023985 0.841970 0.025035 0.818161 0.030987 0.799720 0.037465 0.788515 0.042717 0.782680 0.047444 0.772409 0.051996 0.757937 0.062150 0.751401 0.065651 0.732960 0.082983 0.718954 0.102241 0.715920 0.105042 0.707049 0.119748 0.706349 0.122899 0.693277 0.147409 0.688142 0.160889 0.689309 0.178746
1 0.146125 0.190651 0.147759 0.213585 0.154528 0.256653 0.155929 0.260679 0.157796 0.262955 0.161531 0.263130 0.167134 0.262080 0.175070 0.257528 0.183240 0.251401 0.197479 0.244048 0.219888 0.238270 0.232726 0.236695 0.244865 0.237220 0.252101 0.239496 0.263305 0.241772 0.279645 0.247899 0.287815 0.250175 0.296685 0.254552 0.307423 0.261730 0.319328 0.267682 0.335201 0.279412 0.342437 0.289741 0.349206 0.296744 0.352241 0.302696 0.355742 0.306373 0.359477 0.306022 0.362745 0.303922 0.368114 0.296744 0.375584 0.282913 0.382586 0.255602 0.383754 0.227066 0.381186 0.215861 0.380252 0.203606 0.376751 0.192402 0.374650 0.188725 0.363212 0.158088 0.359477 0.150910 0.356909 0.141106 0.353408 0.132878 0.333567 0.102416 0.324697 0.091387 0.314426 0.083158 0.303455 0.077031 0.295518 0.074580 0.285948 0.072479 0.258637 0.068978 0.227124 0.072304 0.216153 0.074580 0.203081 0.079482 0.189309 0.088060 0.176471 0.098039 0.164566 0.112220 0.159897 0.119923 0.153595 0.133403 0.151261 0.144083 0.149160 0.147934 0.146592 0.161239 0.146125 0.190651
1 0.517507 0.840686 0.517274 0.849090 0.516340 0.851716 0.516573 0.858718 0.518441 0.862745 0.523343 0.880252 0.535247 0.907213 0.541783 0.917367 0.552988 0.930847 0.561858 0.938725 0.583100 0.955182 0.584500 0.957108 0.591970 0.961485 0.611811 0.969188 0.619748 0.973039 0.640523 0.974790 0.644491 0.973389 0.647993 0.973739 0.650093 0.973039 0.660831 0.972339 0.670168 0.969713 0.683940 0.967437 0.696545 0.967437 0.722222 0.968838 0.751867 0.967787 0.758637 0.964286 0.769841 0.960609 0.787115 0.949230 0.795285 0.945553 0.802054 0.939776 0.810458 0.934699 0.833800 0.917192 0.843371 0.907213 0.848273 0.903186 0.850840 0.899685 0.862512 0.888305 0.868114 0.880252 0.883754 0.861520 0.885854 0.857843 0.889356 0.854517 0.902428 0.833158 0.906396 0.824755 0.914799 0.793417 0.917834 0.772759 0.916200 0.737745 0.898226 0.689251 0.891223 0.678046 0.887255 0.674370 0.880252 0.662465 0.876050 0.657738 0.869514 0.647409 0.866480 0.645483 0.838002 0.634629 0.807890 0.629902 0.799953 0.627801 0.786881 0.627276 0.780112 0.627801 0.768908 0.625525 0.741363 0.625350 0.720121 0.630077 0.700980 0.638130 0.696545 0.640581 0.692577 0.644083 0.682306 0.647759 0.675537 0.653361 0.647526 0.672444 0.640756 0.675770 0.630952 0.685574 0.623950 0.689251 0.590336 0.714286 0.587224 0.717320 0.581232 0.721113 0.562325 0.737745 0.556489 0.744223 0.536881 0.772584 0.530112 0.787115 0.527077 0.796218 0.524276 0.800420 0.521008 0.807948 0.517040 0.825630 0.517507 0.840686
1 0.906396 0.696604 0.909897 0.707808 0.910598 0.713235 0.912698 0.716562 0.914566 0.724090 0.917600 0.730567 0.921335 0.752976 0.921335 0.770483 0.919001 0.783088 0.918301 0.792892 0.914799 0.807248 0.911064 0.817227 0.910831 0.821954 0.905929 0.834734 0.906396 0.838235 0.915733 0.852591 0.928105 0.866597 0.938842 0.876751 0.941643 0.878501 0.942577 0.880077 0.953081 0.888130 0.957750 0.890056 0.965453 0.894958 0.980392 0.902661 0.991830 0.906338 0.999767 0.907038 0.999767 0.612570 0.998133 0.612570 0.992530 0.614846 0.984594 0.619398 0.964753 0.632178 0.941643 0.648985 0.930205 0.659314 0.915500 0.675070 0.907796 0.685749 0.906162 0.692052 0.906396 0.696604
1 0.354809 0.665616 0.355742 0.668592 0.353408 0.695203 0.353408 0.707633 0.355042 0.714111 0.362512 0.728992 0.368581 0.737045 0.376284 0.744573 0.401961 0.763655 0.426471 0.777486 0.440710 0.781863 0.442577 0.783088 0.445612 0.782913 0.448646 0.781688 0.453315 0.776085 0.457516 0.765231 0.464986 0.752626 0.475490 0.740196 0.481092 0.736695 0.488095 0.734069 0.498599 0.733018 0.504902 0.731268 0.515173 0.729867 0.533147 0.729867 0.543417 0.728992 0.546919 0.729517 0.550887 0.727241 0.553688 0.727416 0.549953 0.726891 0.548786 0.724090 0.550187 0.720763 0.549486 0.716912 0.551354 0.715161 0.552288 0.710609 0.555789 0.705707 0.556489 0.702906 0.559057 0.700280 0.560458 0.695028 0.564659 0.688200 0.567694 0.686099 0.568861 0.682423 0.570495 0.648985 0.577965 0.612395 0.579365 0.609769 0.580299 0.598915 0.571195 0.586310 0.568161 0.576856 0.566527 0.574405 0.562092 0.571779 0.560691 0.569328 0.557656 0.570203 0.553688 0.569503 0.532680 0.576681 0.527544 0.579657 0.489963 0.595588 0.459851 0.605917 0.456583 0.606443 0.447712 0.610119 0.432306 0.613796 0.411298 0.620098 0.386788 0.623775 0.379785 0.623950 0.359244 0.629027 0.357610 0.630252 0.354809 0.650385 0.354809 0.665616
1 0.420635 0.943627 0.422035 0.952906 0.424603 0.962010 0.437675 0.987570 0.446078 0.999825 0.596872 0.999825 0.607610 0.992997 0.619514 0.987920 0.630019 0.980917 0.633754 0.977416 0.630252 0.975665 0.620915 0.975140 0.612745 0.971289 0.609244 0.970938 0.604108 0.969188 0.600840 0.967087 0.592204 0.963585 0.584034 0.958333 0.569795 0.945903 0.556256 0.936450 0.548086 0.928571 0.535948 0.911590 0.529879 0.897409 0.527077 0.893908 0.520542 0.875350 0.517507 0.865196 0.517274 0.855392 0.515640 0.845238 0.515173 0.824405 0.515873 0.817402 0.517740 0.811099 0.535247 0.772234 0.543884 0.758228 0.546919 0.755077 0.552521 0.745798 0.556489 0.741246 0.558123 0.737745 0.553922 0.734944 0.539683 0.731968 0.529879 0.731618 0.513539 0.732143 0.500934 0.734594 0.487628 0.735994 0.480859 0.738445 0.477358 0.740896 0.473389 0.744748 0.466387 0.754377 0.460084 0.764706 0.448880 0.789741 0.437442 0.828431 0.434174 0.854867 0.430439 0.869748 0.426937 0.896183 0.420635 0.928046 0.420635 0.943627
1 0.000000 0.174545 0.000000 0.514881 0.005602 0.515231 0.012138 0.514706 0.019141 0.513130 0.046685 0.502626 0.059290 0.495098 0.069561 0.487745 0.081933 0.477241 0.084500 0.470238 0.082400 0.467087 0.080532 0.456758 0.078431 0.454482 0.076097 0.447304 0.072829 0.428571 0.070028 0.422094 0.067927 0.408789 0.067460 0.399685 0.070495 0.390931 0.071195 0.376225 0.073529 0.366071 0.077731 0.355742 0.089402 0.336835 0.098973 0.324230 0.102474 0.316001 0.106209 0.311800 0.113679 0.300420 0.115079 0.292717 0.113445 0.286765 0.110644 0.282388 0.106676 0.271709 0.098739 0.259104 0.096872 0.255427 0.096405 0.251225 0.090803 0.241246 0.081933 0.226891 0.075397 0.220238 0.061391 0.201331 0.050887 0.191527 0.047619 0.187500 0.039449 0.181022 0.032913 0.178046 0.026377 0.176646 0.009337 0.173845 0.004202 0.173845 0.000000 0.174545
1 0.000000 0.044468 0.000000 0.171744 0.008870 0.172444 0.032680 0.176296 0.041317 0.180497 0.046218 0.184174 0.053455 0.192752 0.059524 0.197479 0.066993 0.207283 0.071429 0.211485 0.077498 0.220588 0.084500 0.227066 0.087535 0.234244 0.097806 0.251576 0.098506 0.256478 0.106676 0.268207 0.112745 0.281513 0.116246 0.286590 0.119514 0.288340 0.123016 0.288690 0.124183 0.287115 0.137955 0.277136 0.142157 0.272409 0.148459 0.262080 0.148693 0.254552 0.145425 0.224790 0.143324 0.215861 0.140756 0.189601 0.139356 0.186450 0.139356 0.175245 0.133053 0.158088 0.125350 0.143908 0.120915 0.129902 0.117647 0.122724 0.109010 0.108018 0.105509 0.104517 0.103875 0.100140 0.094304 0.087535 0.078665 0.073004 0.070962 0.067227 0.058590 0.059349 0.051120 0.055497 0.046919 0.054272 0.037115 0.047794 0.032680 0.046919 0.029879 0.048144 0.026144 0.048144 0.012138 0.044118 0.005135 0.043768 0.000000 0.044468