0 0.071895 0.265756 0.073763 0.272934 0.077965 0.283438 0.084267 0.292367 0.085668 0.296744 0.095238 0.306898 0.109477 0.316001 0.112745 0.319153 0.122316 0.323004 0.140289 0.332108 0.160598 0.339111 0.200280 0.346989 0.225490 0.349090 0.238095 0.348739 0.241130 0.349615 0.259804 0.349440 0.281979 0.347339 0.290149 0.348214 0.300420 0.346289 0.321020 0.341036 0.331232 0.339811 0.339169 0.337185 0.345472 0.335959 0.351307 0.333158 0.376751 0.314951 0.387488 0.309174 0.389356 0.307598 0.391690 0.303221 0.392390 0.292542 0.386321 0.271359 0.382120 0.264181 0.374416 0.254727 0.373249 0.251576 0.369514 0.250700 0.360878 0.243347 0.351774 0.237570 0.336601 0.230917 0.324230 0.226891 0.317694 0.223739 0.303221 0.220938 0.289683 0.217262 0.266106 0.215511 0.253735 0.216036 0.213352 0.221289 0.144491 0.236169 0.123016 0.241772 0.119514 0.241947 0.115780 0.243347 0.109010 0.244573 0.096639 0.249125 0.078198 0.257178 0.075630 0.258754 0.072829 0.262605 0.071895 0.265756
1 0.003268 0.246499 0.001867 0.249125 0.000000 0.249300 0.000000 0.257528 0.001867 0.258929 0.003968 0.265581 0.010738 0.272059 0.013539 0.276961 0.020075 0.280637 0.022642 0.282913 0.045752 0.291317 0.082400 0.298319 0.084734 0.297619 0.085434 0.296569 0.073296 0.275735 0.070962 0.268032 0.071195 0.262080 0.077731 0.256828 0.100373 0.246849 0.128151 0.239321 0.151027 0.234594 0.156162 0.232843 0.179505 0.228641 0.210084 0.221289 0.244631 0.216036 0.261671 0.214461 0.263072 0.213585 0.262605 0.210084 0.255369 0.202031 0.247899 0.195378 0.230626 0.186450 0.213585 0.182423 0.193978 0.180497 0.152194 0.179272 0.129552 0.179622 0.106209 0.181197 0.079832 0.185399 0.070261 0.187675 0.056256 0.192577 0.036648 0.201681 0.024977 0.209559 0.016573 0.216912 0.014706 0.220413 0.009804 0.224265 0.009104 0.227241 0.005602 0.230742 0.003735 0.236520 0.003268 0.246499
1 0.000000 0.117472 0.000000 0.230742 0.005135 0.231618 0.009337 0.223564 0.011905 0.221814 0.016573 0.215861 0.028478 0.206057 0.035714 0.201506 0.043417 0.197479 0.056956 0.191877 0.070962 0.187150 0.075163 0.186625 0.085901 0.183648 0.110177 0.180147 0.140056 0.178221 0.161531 0.178221 0.164566 0.176120 0.164799 0.171043 0.163399 0.165616 0.159430 0.157213 0.148693 0.141106 0.139356 0.132528 0.123950 0.125000 0.108777 0.120623 0.078431 0.116246 0.066993 0.116071 0.044351 0.117997 0.034547 0.117822 0.021475 0.116422 0.004669 0.116947 0.000000 0.117472
1 0.299486 0.192752 0.302054 0.199055 0.306022 0.207633 0.310924 0.213060 0.311625 0.215511 0.315826 0.220413 0.320261 0.223214 0.344771 0.232318 0.359711 0.240896 0.368347 0.246849 0.369981 0.248950 0.386788 0.255952 0.393791 0.257528 0.400794 0.256828 0.421802 0.247899 0.432540 0.244223 0.444444 0.241246 0.463352 0.234769 0.480626 0.230742 0.525910 0.221989 0.536415 0.220763 0.547152 0.220413 0.553922 0.216912 0.554155 0.209909 0.548319 0.196954 0.541550 0.188550 0.527778 0.175245 0.512605 0.165791 0.496732 0.157913 0.485061 0.153887 0.456816 0.147934 0.449813 0.147059 0.442110 0.147059 0.427871 0.148109 0.404062 0.148634 0.376517 0.150560 0.374183 0.151261 0.369748 0.150910 0.355976 0.152836 0.345472 0.155112 0.328898 0.160714 0.314893 0.167542 0.304155 0.175245 0.299486 0.183123 0.299486 0.192752
1 0.214052 0.178746 0.215920 0.181373 0.217787 0.182248 0.227824 0.183123 0.230392 0.183999 0.248366 0.194678 0.256769 0.201681 0.266340 0.213410 0.272642 0.214811 0.289683 0.216387 0.298086 0.217962 0.306956 0.220588 0.313959 0.220763 0.314659 0.220413 0.313025 0.219013 0.311625 0.215861 0.306489 0.209734 0.299720 0.196078 0.299020 0.192927 0.298319 0.185399 0.299486 0.181373 0.304622 0.174545 0.322362 0.163165 0.348739 0.154062 0.364379 0.151436 0.401261 0.148634 0.404528 0.147409 0.400794 0.141457 0.391923 0.133578 0.383754 0.129027 0.374416 0.125700 0.360177 0.122374 0.345705 0.120623 0.323996 0.121499 0.302288 0.125700 0.277077 0.135504 0.264006 0.142682 0.225023 0.171569 0.217087 0.176471 0.214052 0.178746
0 0.336134 0.377101 0.340103 0.386730 0.345005 0.394433 0.350607 0.400735 0.358777 0.407738 0.371382 0.414916 0.393791 0.423144 0.466853 0.441877 0.473623 0.442402 0.483894 0.445903 0.507937 0.447654 0.519374 0.447479 0.538982 0.445378 0.550187 0.442927 0.582866 0.432248 0.592670 0.426120 0.595472 0.425245 0.610878 0.415441 0.618814 0.408613 0.623016 0.403361 0.626517 0.396709 0.630019 0.386905 0.631653 0.376926 0.630719 0.367997 0.627684 0.355917 0.623016 0.346639 0.613679 0.335084 0.602708 0.327381 0.594538 0.323179 0.584734 0.318978 0.574463 0.316001 0.551821 0.311625 0.511905 0.301471 0.497432 0.299370 0.475257 0.297794 0.453081 0.297619 0.438609 0.298144 0.429038 0.299370 0.404762 0.304972 0.390523 0.309524 0.369981 0.320728 0.360177 0.328081 0.345705 0.345063 0.341036 0.352416 0.336368 0.366947 0.336134 0.377101
1 0.387955 0.272234 0.394024 0.292892 0.393091 0.303922 0.395425 0.306022 0.397526 0.306373 0.420401 0.300070 0.436041 0.298669 0.441643 0.297444 0.449580 0.297619 0.469888 0.296394 0.484360 0.297094 0.505602 0.299720 0.519608 0.302521 0.528245 0.305322 0.540149 0.307773 0.550887 0.310924 0.573763 0.315126 0.587068 0.319328 0.602241 0.325980 0.605742 0.325805 0.612745 0.319853 0.616013 0.319153 0.618347 0.316702 0.623249 0.313901 0.630252 0.306373 0.632586 0.301646 0.638889 0.293417 0.643091 0.279937 0.642624 0.265581 0.640523 0.258403 0.636321 0.251225 0.623249 0.239846 0.611111 0.232668 0.602241 0.228992 0.574930 0.223214 0.559524 0.221464 0.531046 0.221989 0.518207 0.224790 0.494631 0.228291 0.462418 0.235469 0.450280 0.239846 0.432540 0.244573 0.413165 0.251576 0.405929 0.255077 0.400327 0.256478 0.394725 0.260154 0.393091 0.262430 0.389356 0.264531 0.387722 0.267157 0.387955 0.272234
0 0.622316 0.185574 0.622782 0.190651 0.624883 0.196078 0.630019 0.203081 0.633520 0.206408 0.643791 0.213410 0.647759 0.214636 0.654295 0.218312 0.665500 0.222689 0.702614 0.228817 0.734594 0.239496 0.744865 0.240371 0.754902 0.242822 0.761438 0.243172 0.786415 0.240546 0.793417 0.238620 0.824697 0.237395 0.830766 0.236520 0.834267 0.235469 0.838702 0.232843 0.845705 0.230917 0.862278 0.221989 0.870915 0.207633 0.875350 0.195203 0.875350 0.191702 0.873016 0.181548 0.870215 0.178746 0.868347 0.175245 0.859711 0.167542 0.843838 0.157913 0.820962 0.148985 0.796919 0.142157 0.779879 0.139181 0.765873 0.137780 0.745565 0.136905 0.717087 0.137780 0.693044 0.141106 0.670635 0.147059 0.653828 0.153361 0.640756 0.160889 0.629785 0.170693 0.625817 0.175595 0.623016 0.182423 0.622316 0.185574
1 0.520075 0.112220 0.524043 0.123950 0.531979 0.134279 0.545752 0.146008 0.555789 0.152486 0.570962 0.160364 0.579365 0.163515 0.585201 0.166667 0.609944 0.170168 0.623016 0.173144 0.626517 0.172444 0.635854 0.164041 0.647993 0.156162 0.668067 0.147059 0.683473 0.142682 0.709851 0.137955 0.736228 0.136029 0.753268 0.136029 0.754902 0.135854 0.756536 0.134104 0.756069 0.130077 0.752801 0.122549 0.745565 0.113971 0.734594 0.104517 0.719421 0.095063 0.706116 0.088060 0.693978 0.083683 0.678571 0.078957 0.650560 0.073354 0.627684 0.070553 0.611578 0.070553 0.582166 0.072479 0.564192 0.074755 0.553688 0.077556 0.537348 0.084384 0.526844 0.091387 0.521242 0.097689 0.519841 0.102241 0.520075 0.112220
1 0.532680 0.178746 0.536415 0.184349 0.540850 0.187150 0.545518 0.191877 0.551587 0.201681 0.555089 0.208859 0.555556 0.214636 0.554855 0.217087 0.556723 0.220588 0.588469 0.225490 0.612745 0.231968 0.636788 0.227241 0.653595 0.225315 0.660364 0.223915 0.656162 0.220238 0.640056 0.212535 0.633520 0.207808 0.625584 0.199230 0.621849 0.192402 0.620682 0.188025 0.621148 0.182073 0.624183 0.175420 0.622782 0.174195 0.605742 0.170168 0.592670 0.168592 0.579832 0.168592 0.566993 0.169293 0.550187 0.171569 0.535714 0.175245 0.533147 0.178046 0.532680 0.178746
1 0.086835 0.456583 0.089636 0.463936 0.094304 0.471289 0.097106 0.474265 0.104342 0.479517 0.118814 0.485819 0.130252 0.488445 0.147526 0.491246 0.190009 0.491772 0.224090 0.490546 0.233894 0.489671 0.244631 0.487570 0.281046 0.476891 0.303688 0.472164 0.321195 0.469363 0.331699 0.466036 0.345472 0.456408 0.353175 0.452031 0.363212 0.444503 0.375117 0.432773 0.381419 0.421744 0.376284 0.418067 0.366246 0.414041 0.358777 0.408964 0.350373 0.402311 0.343137 0.394433 0.338702 0.386730 0.333800 0.374125 0.334034 0.366246 0.338235 0.355742 0.337302 0.353641 0.334967 0.352416 0.324697 0.351015 0.310924 0.350140 0.304622 0.350665 0.286181 0.352416 0.262605 0.356092 0.238562 0.360294 0.210084 0.366947 0.180906 0.375525 0.153595 0.386204 0.128385 0.398810 0.112278 0.410189 0.105042 0.416317 0.097339 0.424895 0.095005 0.429447 0.091737 0.432598 0.089169 0.438901 0.087535 0.447479 0.086835 0.456583
1 0.001634 0.328782 0.000000 0.328782 0.000000 0.404062 0.001634 0.404062 0.007236 0.408964 0.024510 0.418592 0.038282 0.424195 0.048553 0.429622 0.063959 0.434349 0.080766 0.438025 0.088469 0.437675 0.096405 0.424895 0.104575 0.416141 0.127218 0.398634 0.153361 0.385329 0.165266 0.381127 0.168301 0.379377 0.202614 0.367997 0.211251 0.366246 0.218954 0.363620 0.226424 0.362745 0.232026 0.359244 0.228525 0.352416 0.226891 0.351716 0.220355 0.350315 0.188609 0.346464 0.168301 0.342787 0.165500 0.341387 0.155229 0.339111 0.150794 0.337010 0.140289 0.333683 0.131419 0.330007 0.121849 0.324405 0.112979 0.321604 0.092437 0.323179 0.058979 0.324580 0.031046 0.324755 0.015873 0.325805 0.003268 0.327731 0.001634 0.328782
1 0.002101 0.506653 0.000000 0.507178 0.000000 0.516106 0.001867 0.516282 0.004202 0.522409 0.011438 0.529587 0.018207 0.534139 0.029178 0.539916 0.075397 0.555147 0.084267 0.557073 0.092437 0.560049 0.133520 0.569153 0.143557 0.570553 0.158030 0.571429 0.162465 0.570028 0.163632 0.567577 0.151494 0.552871 0.149393 0.544993 0.150093 0.539566 0.152194 0.535539 0.158030 0.530462 0.162232 0.524860 0.178571 0.513480 0.189542 0.507878 0.205882 0.501576 0.213352 0.498074 0.216387 0.495798 0.221755 0.494573 0.215686 0.492997 0.209617 0.492647 0.155112 0.492472 0.140289 0.491071 0.127684 0.488971 0.110644 0.483543 0.102007 0.478817 0.093604 0.472164 0.085901 0.460609 0.084267 0.459734 0.080999 0.459734 0.052288 0.466211 0.033380 0.473915 0.023109 0.479692 0.015173 0.485994 0.005369 0.498599 0.002101 0.506653
1 0.000000 0.598915 0.000000 0.634454 0.011671 0.641106 0.020308 0.644958 0.047619 0.654937 0.055322 0.658613 0.077031 0.666667 0.085668 0.669118 0.092904 0.672269 0.098739 0.673494 0.106909 0.676471 0.115079 0.678046 0.123249 0.681197 0.126517 0.680672 0.127684 0.678396 0.126751 0.675245 0.120915 0.665091 0.118814 0.653711 0.119281 0.647759 0.120682 0.643732 0.125817 0.636380 0.135154 0.628151 0.145892 0.622199 0.151494 0.620973 0.169001 0.614496 0.175070 0.613796 0.183240 0.611520 0.192344 0.610469 0.204715 0.607668 0.219188 0.605917 0.221989 0.606092 0.223856 0.607143 0.225257 0.605917 0.223623 0.602416 0.220355 0.600140 0.214519 0.597689 0.205415 0.595413 0.193511 0.590861 0.178571 0.587185 0.159197 0.583859 0.145191 0.583683 0.140756 0.581583 0.116246 0.579482 0.086134 0.578957 0.056489 0.581057 0.036415 0.584909 0.012372 0.592437 0.000000 0.598915
1 0.000000 0.519783 0.000000 0.597164 0.001634 0.597164 0.010271 0.592787 0.029178 0.586134 0.046452 0.582108 0.067460 0.579482 0.084734 0.578256 0.112278 0.578431 0.133754 0.579832 0.164799 0.583333 0.168534 0.583158 0.170401 0.581583 0.170168 0.578256 0.164799 0.572304 0.143791 0.570728 0.119281 0.566527 0.088702 0.558824 0.040850 0.544468 0.022642 0.537465 0.006536 0.526436 0.001634 0.519783 0.000000 0.519783
1 0.000000 0.636905 0.000000 0.728992 0.011905 0.730042 0.018207 0.729167 0.049486 0.714811 0.072362 0.707108 0.098739 0.702031 0.123016 0.699405 0.126751 0.699755 0.130252 0.698880 0.143557 0.698704 0.144958 0.697829 0.145658 0.696078 0.143091 0.692752 0.130019 0.683648 0.126517 0.682073 0.091270 0.672094 0.081466 0.668242 0.076097 0.667017 0.043884 0.654062 0.028478 0.648985 0.026377 0.647409 0.019608 0.645308 0.001634 0.636905 0.000000 0.636905
1 0.007003 0.738445 0.001634 0.742472 0.000000 0.742472 0.000000 0.815126 0.011905 0.819503 0.018207 0.820028 0.070573 0.820378 0.105275 0.824405 0.113445 0.823704 0.119048 0.824580 0.127218 0.824580 0.133520 0.822654 0.137021 0.825105 0.139589 0.823704 0.151027 0.823529 0.152194 0.821078 0.147526 0.819503 0.145191 0.816702 0.144024 0.813550 0.140523 0.812850 0.137021 0.811099 0.132120 0.807423 0.122082 0.795868 0.118814 0.790441 0.115313 0.779412 0.115313 0.770833 0.116947 0.764881 0.121148 0.758403 0.126284 0.753852 0.130952 0.751751 0.133520 0.749650 0.139589 0.747899 0.168301 0.736345 0.182773 0.732843 0.193511 0.731793 0.202614 0.729867 0.206583 0.730217 0.218721 0.728116 0.221055 0.727241 0.223156 0.723739 0.220822 0.722339 0.216620 0.721989 0.213585 0.720588 0.181373 0.712185 0.160831 0.704132 0.154528 0.700980 0.144491 0.699930 0.129785 0.699755 0.106209 0.701506 0.074230 0.707283 0.050420 0.714636 0.012372 0.732843 0.007003 0.738445
1 0.119748 0.659314 0.124650 0.671394 0.129785 0.679097 0.136088 0.685749 0.140756 0.689076 0.168067 0.705182 0.175537 0.708508 0.187908 0.712010 0.191176 0.713585 0.209851 0.718838 0.213585 0.719013 0.216620 0.720063 0.220588 0.719888 0.230626 0.722864 0.254435 0.724265 0.261438 0.723739 0.275210 0.724090 0.328665 0.720588 0.332400 0.716737 0.334967 0.702731 0.340103 0.691176 0.344071 0.684874 0.351074 0.677171 0.370215 0.663515 0.390523 0.653361 0.411531 0.646008 0.418301 0.644783 0.421102 0.642682 0.422035 0.640406 0.418534 0.633053 0.414566 0.630252 0.409664 0.624650 0.402428 0.618873 0.389122 0.611169 0.383754 0.609244 0.374416 0.604342 0.352941 0.596639 0.338235 0.595763 0.258870 0.598214 0.251167 0.599440 0.241363 0.602416 0.233894 0.602941 0.223856 0.606268 0.220121 0.605917 0.175070 0.613620 0.161298 0.616947 0.158730 0.618522 0.154528 0.619573 0.151727 0.621499 0.147526 0.622374 0.137722 0.626576 0.133287 0.629552 0.128618 0.634104 0.123016 0.640581 0.119514 0.647584 0.119748 0.659314
0 0.332866 0.713410 0.334734 0.716912 0.349440 0.727591 0.358777 0.731968 0.362745 0.734769 0.380252 0.741422 0.398926 0.745623 0.411765 0.749650 0.422736 0.751926 0.449113 0.754727 0.459150 0.755252 0.473156 0.754902 0.490196 0.755952 0.493931 0.755427 0.501634 0.755952 0.511905 0.755602 0.536181 0.752801 0.550420 0.750175 0.564192 0.744748 0.567460 0.744573 0.591503 0.736695 0.616480 0.723564 0.619748 0.721113 0.621148 0.718662 0.623950 0.716912 0.627684 0.710609 0.631653 0.706933 0.633520 0.703081 0.635387 0.701331 0.640056 0.689076 0.639823 0.686625 0.633754 0.668417 0.628618 0.660364 0.624416 0.655637 0.621849 0.653536 0.608777 0.647234 0.595238 0.641807 0.574697 0.636204 0.552521 0.632703 0.529412 0.630777 0.502334 0.630077 0.483894 0.630777 0.456349 0.633754 0.446312 0.636204 0.404762 0.648985 0.393091 0.653361 0.376050 0.661239 0.357610 0.673319 0.347572 0.682248 0.338702 0.695553 0.333100 0.711660 0.332866 0.713410
1 0.116246 0.778536 0.119748 0.789741 0.125584 0.799370 0.129318 0.803746 0.147759 0.817752 0.149627 0.817927 0.153828 0.820028 0.160364 0.824580 0.164566 0.826506 0.189542 0.835609 0.205415 0.839286 0.220355 0.841562 0.258637 0.845238 0.267040 0.844188 0.286415 0.843312 0.310924 0.840336 0.342904 0.833508 0.345005 0.832283 0.348739 0.827556 0.356287 0.820845 0.365079 0.814601 0.372316 0.810924 0.376751 0.807773 0.390056 0.801646 0.411765 0.793592 0.415966 0.789916 0.417367 0.783789 0.417600 0.775735 0.416200 0.765931 0.406863 0.751225 0.400794 0.748775 0.394258 0.747549 0.378385 0.742647 0.367880 0.738620 0.357610 0.734244 0.338936 0.723214 0.331699 0.721639 0.327031 0.722689 0.313959 0.722864 0.284547 0.725490 0.260037 0.726190 0.255602 0.727066 0.248366 0.725315 0.235528 0.725140 0.185574 0.733368 0.166667 0.737920 0.147993 0.744748 0.144024 0.747724 0.133053 0.750700 0.126050 0.754727 0.122549 0.758578 0.120682 0.762255 0.119048 0.763130 0.117180 0.765756 0.116246 0.778536
1 0.009570 0.866246 0.005135 0.869923 0.003735 0.872374 0.000000 0.873775 0.000000 0.910714 0.001867 0.910889 0.004669 0.914741 0.014472 0.922094 0.028711 0.929272 0.049020 0.936275 0.083100 0.945028 0.088469 0.945553 0.091970 0.946954 0.095938 0.947129 0.116480 0.951331 0.133754 0.952381 0.136088 0.953081 0.151027 0.953256 0.156863 0.952906 0.155696 0.946254 0.147526 0.939776 0.142157 0.934174 0.136088 0.926120 0.131653 0.917542 0.129552 0.908088 0.129085 0.900735 0.130486 0.894258 0.132820 0.890581 0.137255 0.887255 0.144725 0.884804 0.156396 0.879202 0.165266 0.876576 0.173903 0.872024 0.214286 0.859419 0.216853 0.857143 0.220355 0.855742 0.212885 0.852241 0.203315 0.849090 0.199813 0.846989 0.186897 0.845238 0.181606 0.843487 0.178805 0.841737 0.170868 0.840511 0.164799 0.838585 0.150794 0.836660 0.139589 0.836310 0.126984 0.833333 0.115780 0.832808 0.109711 0.833508 0.102241 0.833333 0.082400 0.835784 0.069795 0.838235 0.060924 0.841036 0.053922 0.841912 0.035247 0.850140 0.024276 0.854167 0.016340 0.860294 0.011204 0.862920 0.009570 0.866246
1 0.000000 0.818102 0.000000 0.847689 0.011204 0.850140 0.025444 0.852066 0.033147 0.849790 0.055789 0.841036 0.071662 0.836660 0.101774 0.832108 0.114379 0.831408 0.117880 0.829482 0.117880 0.827906 0.116713 0.826681 0.112979 0.824755 0.101774 0.824230 0.081699 0.821429 0.067694 0.820553 0.011438 0.819853 0.003968 0.818102 0.000000 0.818102
1 0.000000 0.912115 0.000000 0.968312 0.005135 0.968662 0.038515 0.978992 0.039916 0.980917 0.043651 0.979867 0.046685 0.982318 0.051120 0.981092 0.053455 0.981793 0.058123 0.981793 0.064893 0.980742 0.073529 0.982143 0.086368 0.982493 0.097572 0.982143 0.109244 0.980392 0.119981 0.975140 0.128852 0.973564 0.129785 0.972689 0.130019 0.970413 0.149393 0.956758 0.147526 0.954132 0.140523 0.953782 0.132820 0.952206 0.124883 0.952206 0.106676 0.949755 0.098506 0.948179 0.091970 0.945903 0.080532 0.944153 0.064426 0.940476 0.060691 0.938901 0.057423 0.938725 0.047619 0.935924 0.036415 0.932423 0.021942 0.926471 0.010037 0.919643 0.001634 0.912115 0.000000 0.912115
1 0.130486 0.905287 0.132353 0.915966 0.138889 0.928922 0.143091 0.932248 0.146125 0.936625 0.161298 0.950105 0.165966 0.953081 0.182540 0.958508 0.191877 0.964461 0.199113 0.967087 0.213352 0.969888 0.218487 0.966562 0.219888 0.967612 0.226657 0.968312 0.231092 0.967962 0.248599 0.969013 0.251401 0.968312 0.276844 0.968662 0.310691 0.965511 0.321662 0.961835 0.332633 0.959384 0.338235 0.958859 0.364846 0.951155 0.374416 0.947654 0.380019 0.946779 0.382353 0.945203 0.411531 0.932598 0.418534 0.930672 0.423203 0.927521 0.428805 0.925595 0.442110 0.914916 0.439542 0.912290 0.436741 0.911239 0.420868 0.908263 0.405696 0.903887 0.395892 0.900035 0.377918 0.891632 0.368114 0.884279 0.354342 0.871324 0.346872 0.859069 0.344071 0.852766 0.343371 0.845763 0.344071 0.837710 0.342204 0.835434 0.301354 0.842962 0.261905 0.846989 0.245331 0.852066 0.234127 0.854517 0.227824 0.856968 0.223623 0.857318 0.219655 0.859419 0.212885 0.860469 0.189309 0.867297 0.185574 0.869048 0.181606 0.869748 0.168768 0.875525 0.147759 0.882528 0.143791 0.885854 0.140523 0.886380 0.133754 0.890406 0.130719 0.898985 0.130486 0.905287
1 0.200747 0.966912 0.206116 0.968838 0.208917 0.971113 0.216853 0.973039 0.220588 0.975490 0.237395 0.979517 0.245098 0.982318 0.269141 0.988270 0.289216 0.992122 0.304155 0.992822 0.321895 0.991597 0.334967 0.989671 0.349440 0.986345 0.359944 0.982318 0.370215 0.977416 0.385387 0.967612 0.395191 0.957983 0.398459 0.952731 0.396359 0.950630 0.393791 0.949930 0.384687 0.949230 0.373716 0.949405 0.327031 0.962010 0.320728 0.962885 0.310458 0.965511 0.292717 0.967962 0.282913 0.967787 0.277544 0.968838 0.260504 0.969363 0.225490 0.967962 0.210784 0.965686 0.202848 0.966211 0.200747 0.966912
0 0.346172 0.854342 0.348039 0.860119 0.355509 0.870973 0.360644 0.876926 0.375817 0.889356 0.379552 0.891106 0.383520 0.894258 0.400327 0.900385 0.404762 0.902836 0.427638 0.909139 0.434874 0.910364 0.440243 0.910364 0.449580 0.912815 0.459150 0.913866 0.482026 0.914916 0.512138 0.913165 0.515406 0.912465 0.525910 0.913866 0.532446 0.912465 0.553922 0.911239 0.578198 0.907913 0.594071 0.904237 0.599907 0.903887 0.604342 0.901786 0.623249 0.896534 0.640056 0.888831 0.648693 0.881828 0.653128 0.876751 0.657096 0.869398 0.659197 0.862920 0.658030 0.854342 0.660131 0.844713 0.655696 0.828256 0.650794 0.819328 0.648226 0.817052 0.645425 0.812150 0.638422 0.804097 0.636555 0.800245 0.632120 0.796043 0.625584 0.790791 0.617180 0.785889 0.595238 0.777136 0.580766 0.773284 0.554622 0.770308 0.532913 0.769783 0.494865 0.774335 0.480392 0.778536 0.423669 0.791317 0.417367 0.793943 0.414799 0.793768 0.411298 0.795693 0.403128 0.798144 0.382353 0.806898 0.359010 0.820903 0.351074 0.828081 0.346405 0.834909 0.345472 0.841387 0.346172 0.854342
1 0.463352 0.776786 0.464286 0.779062 0.465686 0.779587 0.468254 0.779412 0.473623 0.777311 0.482026 0.776085 0.489496 0.773810 0.497899 0.772759 0.505369 0.770483 0.522409 0.769433 0.526377 0.768032 0.528945 0.769083 0.535481 0.769083 0.542250 0.768032 0.555556 0.768207 0.577731 0.771008 0.589636 0.773634 0.598739 0.777486 0.606443 0.779412 0.609711 0.779412 0.617880 0.777486 0.635854 0.770833 0.657796 0.756653 0.665266 0.749300 0.669001 0.743522 0.672502 0.741422 0.676237 0.737395 0.686041 0.722164 0.690243 0.710084 0.691176 0.696254 0.689776 0.686450 0.685574 0.675245 0.671802 0.661765 0.666900 0.657913 0.650794 0.648810 0.637955 0.646709 0.626284 0.647409 0.623950 0.649685 0.623016 0.654412 0.624883 0.654937 0.629085 0.658964 0.638189 0.678746 0.640523 0.689251 0.637255 0.698354 0.633987 0.703957 0.629552 0.709209 0.626517 0.714636 0.622782 0.716912 0.621148 0.720238 0.617414 0.723915 0.606209 0.729167 0.599206 0.733543 0.586835 0.739146 0.578198 0.741772 0.575630 0.743347 0.568861 0.744573 0.550654 0.750700 0.533380 0.754202 0.528711 0.754377 0.525910 0.755777 0.523343 0.754902 0.519841 0.755077 0.505602 0.756478 0.501167 0.756303 0.495098 0.757528 0.473389 0.755777 0.468487 0.757003 0.465453 0.758578 0.463119 0.764531 0.463352 0.776786
1 0.477824 0.605917 0.480626 0.615196 0.486695 0.623775 0.491363 0.627451 0.494164 0.628151 0.498599 0.627976 0.501634 0.628852 0.524416 0.629202 0.532213 0.630252 0.557190 0.631653 0.592204 0.637255 0.637955 0.625000 0.650794 0.620273 0.671102 0.610469 0.675770 0.607143 0.684407 0.602941 0.689309 0.599090 0.700047 0.588060 0.707283 0.576331 0.711251 0.560224 0.710551 0.550070 0.708683 0.542717 0.705882 0.539741 0.704482 0.536239 0.700514 0.531338 0.690943 0.524160 0.686275 0.521359 0.683007 0.520308 0.678805 0.516457 0.671802 0.514356 0.664799 0.513655 0.663866 0.515406 0.664566 0.526436 0.662932 0.529412 0.663632 0.530812 0.665733 0.532038 0.666433 0.535189 0.664799 0.535889 0.664099 0.538165 0.661298 0.539216 0.657796 0.543067 0.655929 0.547269 0.649627 0.552871 0.641457 0.558999 0.637021 0.561099 0.618581 0.566702 0.598973 0.570553 0.571895 0.572829 0.549720 0.572829 0.522176 0.574055 0.502568 0.575805 0.487162 0.576155 0.484127 0.577906 0.480859 0.585084 0.477824 0.597164 0.477824 0.605917
0 0.348273 0.508053 0.350840 0.515756 0.361111 0.530637 0.373249 0.542367 0.390523 0.554622 0.405462 0.561450 0.425303 0.568277 0.452614 0.572654 0.468254 0.573880 0.473389 0.574930 0.478525 0.574580 0.498833 0.575630 0.569094 0.572129 0.595938 0.570378 0.605509 0.569153 0.623483 0.564776 0.626984 0.563200 0.630019 0.563025 0.644258 0.556022 0.651494 0.549895 0.654762 0.544818 0.657796 0.542892 0.659897 0.539391 0.661765 0.530987 0.663399 0.529412 0.662465 0.525385 0.663399 0.521709 0.661998 0.518908 0.661765 0.515523 0.662232 0.512080 0.656629 0.499300 0.651261 0.492472 0.637255 0.480042 0.616713 0.466912 0.596172 0.457458 0.585201 0.454657 0.580999 0.452906 0.551120 0.448529 0.539216 0.448179 0.525910 0.450630 0.504902 0.449930 0.495331 0.448880 0.491363 0.449580 0.473623 0.449230 0.436741 0.455882 0.414566 0.462885 0.401027 0.466211 0.385621 0.471814 0.380252 0.475315 0.376751 0.476190 0.360878 0.487745 0.358310 0.491772 0.355509 0.493347 0.352007 0.497549 0.348506 0.503676 0.348273 0.508053
1 0.546452 0.446078 0.550187 0.447129 0.560691 0.448179 0.564192 0.449580 0.568161 0.449230 0.574930 0.450280 0.588936 0.453957 0.616947 0.465861 0.641223 0.482143 0.647059 0.487745 0.651027 0.490196 0.658263 0.488620 0.665033 0.485294 0.682773 0.472164 0.690009 0.464111 0.693744 0.458158 0.695612 0.450805 0.694678 0.445203 0.691643 0.441614 0.691643 0.438901 0.694678 0.435749 0.694211 0.427171 0.687208 0.417192 0.680205 0.410539 0.671569 0.404762 0.664332 0.402136 0.651027 0.395833 0.633520 0.390056 0.630019 0.390756 0.626984 0.398634 0.620682 0.407563 0.614379 0.413690 0.602474 0.422269 0.595705 0.425245 0.584267 0.432073 0.574463 0.436099 0.565126 0.438200 0.550420 0.442752 0.546452 0.446078
1 0.437675 0.439251 0.439309 0.441352 0.449113 0.450105 0.452614 0.451331 0.460084 0.450805 0.469655 0.448179 0.473856 0.448880 0.478758 0.447829 0.480392 0.446779 0.484594 0.446254 0.466853 0.441001 0.462652 0.441001 0.453081 0.437675 0.449113 0.437500 0.446078 0.436099 0.439542 0.435049 0.437675 0.435574 0.437675 0.439251
1 0.614146 0.637080 0.619981 0.644608 0.623016 0.645483 0.631886 0.644608 0.648226 0.646359 0.658730 0.651611 0.670868 0.658964 0.673203 0.660714 0.676004 0.664916 0.679038 0.667192 0.681839 0.668242 0.686275 0.668417 0.717554 0.663515 0.731092 0.660189 0.734360 0.660014 0.758170 0.652136 0.762605 0.650035 0.771942 0.643908 0.777778 0.637605 0.779645 0.633228 0.781279 0.625525 0.780345 0.613445 0.776844 0.604167 0.768908 0.596989 0.760037 0.591737 0.740663 0.585084 0.710551 0.578957 0.706816 0.579132 0.693978 0.595763 0.685341 0.602941 0.663866 0.614496 0.649160 0.621324 0.637021 0.625875 0.619748 0.629902 0.613912 0.633228 0.614146 0.637080
1 0.694911 0.674020 0.702848 0.676996 0.702848 0.678746 0.705882 0.678046 0.709384 0.678746 0.727824 0.684349 0.732493 0.687150 0.742297 0.694853 0.744631 0.698529 0.747899 0.700980 0.756069 0.704307 0.758637 0.709384 0.761438 0.712010 0.768908 0.713585 0.789216 0.715161 0.807423 0.715336 0.824697 0.714636 0.838936 0.710959 0.848739 0.707458 0.852241 0.705182 0.864379 0.700105 0.873950 0.692927 0.880719 0.685399 0.884220 0.678922 0.885387 0.667192 0.884220 0.661590 0.878151 0.649335 0.868114 0.640231 0.859010 0.634104 0.848973 0.629902 0.838469 0.626751 0.824697 0.624125 0.811391 0.622724 0.789449 0.622549 0.786415 0.623599 0.783147 0.626576 0.780579 0.635504 0.778945 0.637955 0.771709 0.644783 0.761905 0.651261 0.742297 0.658613 0.727358 0.661765 0.720355 0.664216 0.711485 0.664916 0.698413 0.667892 0.695612 0.668943 0.694211 0.670518 0.694911 0.674020
1 0.689076 0.685574 0.690243 0.687850 0.691176 0.694503 0.690943 0.706583 0.686741 0.720238 0.678338 0.734419 0.670168 0.742472 0.665266 0.749475 0.659664 0.755077 0.642157 0.767157 0.630486 0.772409 0.627918 0.775910 0.636788 0.777311 0.647292 0.780462 0.650560 0.780637 0.654528 0.782213 0.680672 0.775035 0.687908 0.771534 0.692810 0.770483 0.721055 0.754902 0.739262 0.741246 0.745331 0.734069 0.748833 0.724265 0.749533 0.715511 0.747199 0.703256 0.742063 0.696078 0.729458 0.687500 0.720822 0.683473 0.713119 0.681022 0.706816 0.679797 0.695145 0.679097 0.692344 0.679272 0.689076 0.681373 0.689076 0.685574
1 0.664332 0.789566 0.665500 0.793417 0.676237 0.805672 0.678805 0.809524 0.683007 0.819153 0.684641 0.829832 0.679972 0.845413 0.671102 0.859594 0.666200 0.862920 0.665266 0.866246 0.663165 0.867647 0.661765 0.869923 0.658263 0.871674 0.651494 0.880952 0.644958 0.886905 0.630252 0.894958 0.622082 0.896709 0.612278 0.900910 0.609711 0.903011 0.605042 0.904412 0.612745 0.907563 0.619748 0.907913 0.683707 0.896884 0.692577 0.896709 0.697246 0.895308 0.699813 0.895833 0.708217 0.893908 0.734594 0.890406 0.740663 0.888305 0.751167 0.883053 0.756303 0.881303 0.759104 0.878852 0.766340 0.875175 0.777778 0.865896 0.786415 0.852591 0.793651 0.838410 0.796685 0.828782 0.797152 0.821254 0.796685 0.813901 0.794818 0.808123 0.783147 0.791317 0.777311 0.785714 0.768674 0.779937 0.741363 0.774510 0.727358 0.773634 0.712418 0.773810 0.695845 0.775385 0.685574 0.777486 0.676004 0.780987 0.662932 0.782913 0.660131 0.786415 0.664332 0.789566
1 0.749767 0.725140 0.742530 0.739671 0.720822 0.755952 0.704248 0.765931 0.700747 0.768908 0.702148 0.772409 0.717087 0.772059 0.742297 0.773810 0.765173 0.778536 0.771008 0.780812 0.781746 0.788866 0.792717 0.803922 0.796452 0.805847 0.806489 0.803922 0.824930 0.796919 0.835201 0.790791 0.845705 0.782913 0.855976 0.769608 0.859711 0.762430 0.861811 0.755077 0.861811 0.750525 0.859944 0.744748 0.852474 0.733894 0.843838 0.725665 0.834967 0.720763 0.824230 0.717787 0.818394 0.716912 0.805789 0.717437 0.760971 0.714461 0.758170 0.715161 0.750934 0.720413 0.749767 0.725140
1 0.615780 0.782913 0.617414 0.783438 0.624883 0.789916 0.629085 0.792542 0.635621 0.799545 0.649627 0.817577 0.654995 0.826681 0.658964 0.835434 0.660364 0.843487 0.658964 0.861695 0.661298 0.864496 0.664566 0.863796 0.668768 0.860469 0.675303 0.851190 0.679739 0.841562 0.683007 0.831408 0.683007 0.823004 0.678571 0.810574 0.671802 0.800245 0.658263 0.787290 0.651027 0.782738 0.637021 0.778711 0.630019 0.778361 0.623016 0.778887 0.620448 0.780812 0.616480 0.782213 0.615780 0.782913
1 0.631186 0.355567 0.631886 0.363095 0.633287 0.366071 0.635154 0.367122 0.636321 0.369223 0.633520 0.375000 0.632353 0.387255 0.633754 0.388831 0.637021 0.390406 0.644258 0.392857 0.647292 0.394608 0.654995 0.396884 0.659197 0.398810 0.661765 0.400910 0.673436 0.405637 0.679972 0.409839 0.686975 0.416317 0.692110 0.423669 0.695845 0.425070 0.698880 0.424895 0.700047 0.427346 0.700747 0.433473 0.706349 0.437500 0.707049 0.442052 0.703081 0.446954 0.699580 0.449580 0.698880 0.452731 0.699580 0.456758 0.717087 0.461310 0.732260 0.463060 0.737395 0.464636 0.761905 0.466387 0.776377 0.465861 0.783147 0.464636 0.793417 0.459909 0.797619 0.459034 0.810458 0.450630 0.817694 0.438901 0.819094 0.432948 0.817460 0.418417 0.812792 0.408088 0.805089 0.396534 0.791083 0.383053 0.780345 0.375175 0.769608 0.369048 0.748833 0.360819 0.738796 0.358193 0.732726 0.358018 0.727358 0.356443 0.723856 0.356268 0.720588 0.354692 0.690710 0.353992 0.675770 0.352591 0.665733 0.353992 0.656629 0.353992 0.647526 0.352241 0.643557 0.352941 0.640289 0.352066 0.633520 0.353641 0.631886 0.354867 0.631186 0.355567
1 0.690710 0.464986 0.681139 0.475490 0.665733 0.485819 0.654528 0.491071 0.654062 0.494923 0.659197 0.499475 0.664566 0.510504 0.668067 0.512780 0.681606 0.515581 0.684874 0.518557 0.690243 0.521534 0.693978 0.525910 0.701214 0.531513 0.707049 0.538340 0.711018 0.546744 0.712185 0.555847 0.712185 0.560749 0.709851 0.575105 0.714986 0.577556 0.723156 0.579832 0.748366 0.584909 0.758170 0.589111 0.761905 0.588936 0.763072 0.585959 0.764939 0.584734 0.779879 0.583683 0.789683 0.581408 0.796919 0.578782 0.810924 0.569328 0.815593 0.564251 0.821195 0.560749 0.822129 0.558824 0.824463 0.550945 0.824697 0.542892 0.816060 0.525385 0.804622 0.514006 0.797619 0.508578 0.776377 0.492822 0.755836 0.479167 0.738796 0.471113 0.734360 0.468137 0.730626 0.467612 0.727591 0.465861 0.699580 0.457633 0.696078 0.457808 0.694678 0.458859 0.690710 0.464986
1 0.761671 0.591912 0.766807 0.594538 0.776144 0.602591 0.781513 0.612745 0.782913 0.618347 0.785948 0.621324 0.799253 0.622024 0.813959 0.621849 0.817694 0.621499 0.830766 0.617647 0.855509 0.606092 0.865546 0.598564 0.870448 0.592612 0.880486 0.575805 0.881886 0.571078 0.882120 0.559874 0.878618 0.549020 0.873716 0.542717 0.866713 0.535714 0.859244 0.530462 0.851774 0.527661 0.838469 0.525210 0.825864 0.524685 0.820495 0.525385 0.819094 0.525910 0.819328 0.529762 0.820261 0.532913 0.823529 0.537640 0.825630 0.544118 0.825630 0.550945 0.823763 0.556373 0.824230 0.560749 0.820962 0.563375 0.817460 0.564076 0.816527 0.565651 0.810458 0.569503 0.807890 0.572654 0.797619 0.579307 0.779645 0.584384 0.761905 0.585959 0.759104 0.588060 0.761671 0.591912
1 0.734594 0.466912 0.739729 0.470588 0.750000 0.474965 0.752101 0.477066 0.755836 0.478116 0.763072 0.482668 0.769141 0.487745 0.784080 0.497549 0.793184 0.505252 0.806022 0.514181 0.813959 0.521359 0.816760 0.521884 0.824463 0.521183 0.833100 0.517682 0.848506 0.513130 0.857610 0.509629 0.874416 0.498775 0.878151 0.494748 0.880719 0.487745 0.882586 0.477416 0.877684 0.467787 0.871849 0.460084 0.860177 0.451506 0.853875 0.448880 0.845005 0.446078 0.828198 0.442927 0.821662 0.442052 0.817694 0.442227 0.808824 0.453606 0.794818 0.461310 0.783380 0.465161 0.774743 0.466387 0.765406 0.466737 0.750934 0.466387 0.744865 0.465511 0.737162 0.465861 0.735061 0.466562 0.734594 0.466912
1 0.690009 0.331758 0.686508 0.334734 0.689309 0.338060 0.703081 0.341036 0.706816 0.342437 0.719421 0.343838 0.748366 0.344013 0.763072 0.341562 0.780112 0.340161 0.807190 0.335609 0.817460 0.332808 0.824697 0.329307 0.830299 0.325105 0.835668 0.319328 0.840570 0.311975 0.842904 0.306723 0.843838 0.292717 0.842204 0.288165 0.835901 0.278186 0.829365 0.272584 0.818161 0.264531 0.803688 0.258578 0.782680 0.253151 0.762372 0.250875 0.751867 0.251576 0.749533 0.255252 0.753035 0.258578 0.756536 0.264531 0.758403 0.271884 0.758403 0.279762 0.757236 0.287290 0.753035 0.297444 0.744865 0.306373 0.729925 0.315301 0.719421 0.319678 0.690476 0.328081 0.690009 0.331758
1 0.151727 0.550245 0.153361 0.553746 0.158497 0.557598 0.160131 0.561099 0.165033 0.565651 0.167134 0.569853 0.179739 0.578957 0.189076 0.583859 0.199580 0.586310 0.210084 0.589811 0.217554 0.590511 0.220355 0.591562 0.226190 0.591912 0.244164 0.595238 0.258170 0.596639 0.286648 0.596639 0.345705 0.593487 0.355509 0.591211 0.366246 0.589986 0.376517 0.586660 0.392390 0.583158 0.401027 0.580007 0.421802 0.574055 0.425303 0.571078 0.423669 0.567402 0.413632 0.564251 0.411064 0.562500 0.404295 0.560924 0.396125 0.557423 0.389589 0.554272 0.381419 0.548319 0.376984 0.546043 0.362512 0.533263 0.351774 0.518908 0.348039 0.508929 0.348506 0.501576 0.351074 0.497199 0.364846 0.483894 0.369981 0.480217 0.376284 0.477766 0.381886 0.474090 0.380252 0.470413 0.373716 0.468838 0.358310 0.467787 0.334967 0.469188 0.331699 0.470063 0.313725 0.471464 0.286181 0.477591 0.231092 0.493172 0.206583 0.501926 0.199580 0.505427 0.190943 0.508403 0.177171 0.515406 0.171802 0.519608 0.166667 0.522059 0.161298 0.526786 0.157330 0.532038 0.152428 0.536239 0.151261 0.540441 0.151727 0.550245
1 0.619748 0.238270 0.623483 0.239846 0.631419 0.245973 0.639122 0.253852 0.642857 0.263480 0.644024 0.272409 0.646125 0.271709 0.648459 0.272059 0.649627 0.273634 0.652894 0.275210 0.654528 0.278361 0.654528 0.279587 0.650560 0.283088 0.648693 0.283438 0.647759 0.284489 0.644024 0.284839 0.639122 0.294993 0.631886 0.305497 0.625584 0.312675 0.616713 0.320028 0.613912 0.321078 0.613679 0.323354 0.609711 0.328081 0.616246 0.332283 0.619748 0.332808 0.622782 0.330882 0.633053 0.332808 0.647993 0.331933 0.661531 0.330532 0.665966 0.329482 0.678805 0.328957 0.692577 0.326856 0.698179 0.324755 0.718254 0.319678 0.724790 0.316527 0.731326 0.314426 0.744398 0.306022 0.750000 0.300420 0.755135 0.292017 0.756536 0.287990 0.758170 0.277661 0.757236 0.267507 0.747199 0.252976 0.733894 0.242997 0.728058 0.239846 0.714519 0.234244 0.696545 0.228817 0.675770 0.225490 0.665966 0.225490 0.661298 0.226015 0.658497 0.227066 0.651027 0.226190 0.634454 0.227766 0.623950 0.230042 0.619748 0.230217 0.617647 0.231268 0.615546 0.234069 0.619748 0.238270
1 0.724790 0.355742 0.739029 0.357493 0.748366 0.359769 0.769608 0.368347 0.780112 0.374475 0.794818 0.386204 0.805789 0.396884 0.812325 0.405987 0.816993 0.415091 0.818861 0.428396 0.820261 0.431373 0.821429 0.432073 0.838235 0.430322 0.845472 0.427696 0.857143 0.421919 0.869748 0.410889 0.876751 0.400910 0.880252 0.392507 0.880952 0.384279 0.880019 0.378852 0.873716 0.366071 0.869981 0.361345 0.858310 0.351716 0.848039 0.346814 0.837535 0.343137 0.827731 0.340686 0.807190 0.338060 0.775910 0.341562 0.770775 0.343137 0.724790 0.352241 0.724790 0.355742
1 0.000000 0.405462 0.000000 0.497549 0.005135 0.496499 0.009804 0.489496 0.022409 0.478992 0.035481 0.472339 0.053688 0.465161 0.071195 0.460784 0.078198 0.460084 0.083333 0.458333 0.084967 0.456408 0.086134 0.447829 0.085434 0.441702 0.084034 0.439251 0.071195 0.436450 0.049020 0.429797 0.029178 0.421218 0.012838 0.412640 0.001634 0.405462 0.000000 0.405462
1 0.000000 0.267507 0.000000 0.326856 0.008637 0.325630 0.023810 0.324755 0.044118 0.324580 0.081699 0.323004 0.105042 0.321254 0.108077 0.320203 0.109010 0.317577 0.094071 0.307598 0.084734 0.299370 0.071429 0.296744 0.063725 0.296043 0.034547 0.287990 0.024977 0.284139 0.016573 0.279762 0.010504 0.275735 0.006769 0.270658 0.001634 0.267507 0.000000 0.267507
1 0.751634 0.245273 0.758403 0.248249 0.760971 0.247199 0.765406 0.248950 0.772642 0.249125 0.778478 0.250700 0.783613 0.250700 0.796452 0.254027 0.803688 0.256478 0.807423 0.258754 0.820495 0.263305 0.855976 0.260854 0.873016 0.256653 0.881186 0.252976 0.887722 0.248775 0.895892 0.242297 0.908964 0.228291 0.912232 0.215511 0.910364 0.206408 0.905696 0.196429 0.897759 0.189251 0.892157 0.185574 0.877918 0.178396 0.873016 0.177346 0.871382 0.178746 0.873016 0.181548 0.875584 0.191527 0.875584 0.196604 0.874416 0.201155 0.871615 0.208508 0.865780 0.218662 0.857610 0.225665 0.843137 0.232318 0.831232 0.236345 0.812792 0.237570 0.790850 0.240021 0.779178 0.241772 0.765640 0.245273 0.762838 0.244223 0.758403 0.244748 0.755602 0.243873 0.751867 0.244223 0.751634 0.245273
1 0.375817 0.432948 0.363679 0.444678 0.336835 0.463235 0.332400 0.466912 0.333100 0.467437 0.338469 0.468137 0.346405 0.468137 0.351774 0.467087 0.367180 0.467612 0.380952 0.469363 0.383520 0.470413 0.387255 0.470413 0.426471 0.457808 0.437675 0.454832 0.446078 0.453957 0.448646 0.453081 0.443277 0.445553 0.438142 0.441527 0.436275 0.438725 0.428338 0.432598 0.399627 0.426120 0.387021 0.421744 0.383287 0.421744 0.375817 0.432948
1 0.359010 0.598915 0.366947 0.600665 0.369281 0.602416 0.381653 0.606968 0.395658 0.614146 0.408263 0.622899 0.411298 0.626225 0.419701 0.632878 0.425070 0.638655 0.432306 0.638480 0.439076 0.637430 0.447712 0.634804 0.459617 0.632528 0.486461 0.629902 0.488329 0.628326 0.488796 0.626576 0.483427 0.620973 0.478525 0.611345 0.477124 0.602591 0.478992 0.589811 0.481092 0.582808 0.483894 0.578081 0.480859 0.576155 0.449113 0.572829 0.432540 0.570203 0.428571 0.570378 0.421569 0.574055 0.401261 0.580707 0.396825 0.581408 0.383520 0.585959 0.363445 0.590686 0.355976 0.591562 0.348039 0.595238 0.359010 0.598915
1 0.410598 0.755077 0.416433 0.762955 0.418301 0.771884 0.418301 0.783088 0.420635 0.787290 0.421802 0.787815 0.424603 0.786590 0.427871 0.789041 0.432540 0.788866 0.448880 0.785364 0.460551 0.782038 0.462418 0.779412 0.461951 0.770658 0.463352 0.758403 0.462185 0.757353 0.458917 0.756303 0.447012 0.755602 0.419935 0.751576 0.410364 0.751576 0.410598 0.755077
1 0.439776 0.952906 0.431992 0.953100 0.449113 0.956583 0.484360 0.960959 0.524977 0.967962 0.539449 0.969363 0.557423 0.969363 0.588235 0.965336 0.610644 0.956933 0.621615 0.950455 0.630252 0.943978 0.637488 0.934699 0.640056 0.928922 0.641223 0.917717 0.639589 0.907913 0.638422 0.906513 0.636088 0.905987 0.626984 0.907563 0.623016 0.909314 0.612745 0.910014 0.610411 0.908964 0.605742 0.908263 0.601774 0.905637 0.598739 0.904762 0.588235 0.907038 0.550887 0.912290 0.528478 0.913866 0.522642 0.916141 0.519374 0.919993 0.515873 0.921919 0.505836 0.929972 0.499008 0.934217 0.487862 0.939601 0.484594 0.942052 0.466387 0.948880 0.456583 0.950105 0.449813 0.952731 0.434174 0.952906 0.439776 0.952906
1 0.388189 0.944503 0.384454 0.946078 0.390056 0.947829 0.395658 0.947829 0.401727 0.949580 0.435574 0.953081 0.438609 0.951856 0.443044 0.952206 0.454715 0.950455 0.470355 0.946954 0.480626 0.943102 0.495331 0.935924 0.506069 0.929447 0.520542 0.918242 0.522642 0.914916 0.519608 0.913690 0.484827 0.915091 0.447946 0.913690 0.445845 0.914391 0.441877 0.918417 0.421102 0.930497 0.390289 0.942577 0.388189 0.944503