0 0.448413 0.293592 0.453081 0.310574 0.457750 0.314776 0.459384 0.317402 0.466853 0.323354 0.490663 0.335784 0.502101 0.337535 0.512605 0.340686 0.525210 0.341737 0.540149 0.340686 0.549953 0.338235 0.562092 0.333508 0.576331 0.324580 0.582400 0.316702 0.584734 0.310224 0.585434 0.293592 0.583333 0.285539 0.580065 0.279412 0.576564 0.276085 0.574230 0.272409 0.560691 0.258929 0.553221 0.252626 0.548319 0.249825 0.535948 0.245448 0.532213 0.243347 0.527544 0.242122 0.525910 0.240896 0.520075 0.240896 0.501867 0.238270 0.491130 0.237920 0.468721 0.243873 0.459150 0.248599 0.454015 0.252976 0.449813 0.259104 0.447712 0.265406 0.447012 0.272059 0.448413 0.293592
0 0.504202 0.449580 0.508637 0.458859 0.522642 0.472339 0.535247 0.477416 0.552754 0.479517 0.560691 0.479692 0.605742 0.473389 0.612045 0.471464 0.615546 0.468487 0.619048 0.466912 0.623016 0.466211 0.633754 0.459734 0.637955 0.458158 0.647059 0.449580 0.647993 0.447304 0.650794 0.445028 0.659430 0.432423 0.660598 0.429097 0.661064 0.421043 0.659197 0.412640 0.658730 0.411590 0.650794 0.405987 0.644024 0.402136 0.630019 0.396534 0.614613 0.393382 0.584500 0.393908 0.578665 0.394783 0.551587 0.402836 0.536415 0.408964 0.532913 0.411064 0.528945 0.415266 0.520075 0.421218 0.510504 0.431373 0.506069 0.439076 0.504435 0.445378 0.504202 0.449580
0 0.760738 0.442752 0.763539 0.446429 0.770775 0.460084 0.777544 0.467787 0.792017 0.480567 0.799720 0.488971 0.816993 0.501926 0.831466 0.508578 0.837068 0.510329 0.845238 0.516282 0.853875 0.516807 0.859010 0.518207 0.865313 0.518732 0.883754 0.517157 0.901027 0.512255 0.907563 0.509104 0.917600 0.501576 0.919701 0.497899 0.922969 0.487920 0.921569 0.478291 0.916200 0.470063 0.915500 0.466912 0.898926 0.445903 0.894258 0.441527 0.883987 0.434349 0.875584 0.431373 0.868814 0.431022 0.866246 0.430147 0.859244 0.424895 0.852474 0.421569 0.834967 0.415091 0.814426 0.409314 0.803922 0.408613 0.791550 0.410189 0.778011 0.416141 0.768441 0.424720 0.765406 0.428396 0.761438 0.436975 0.760738 0.442752
0 0.690943 0.376751 0.697246 0.390581 0.698646 0.396884 0.698179 0.400910 0.702148 0.409489 0.710317 0.416141 0.717554 0.418417 0.728291 0.419643 0.733660 0.419118 0.738095 0.419643 0.749300 0.418417 0.764939 0.414566 0.772176 0.411239 0.780812 0.408613 0.790616 0.402486 0.799953 0.394783 0.806256 0.387955 0.811158 0.378676 0.813025 0.367297 0.812092 0.355917 0.808590 0.347864 0.804155 0.342087 0.791083 0.334034 0.775910 0.328256 0.769141 0.327556 0.751167 0.328081 0.737395 0.331583 0.728525 0.334909 0.719655 0.339986 0.703081 0.352941 0.692110 0.369923 0.690943 0.376751
0 0.714286 0.258578 0.716153 0.263480 0.728758 0.277486 0.737395 0.293417 0.743231 0.296919 0.751634 0.300070 0.765173 0.303396 0.784781 0.305497 0.800654 0.304972 0.815826 0.303046 0.823063 0.300595 0.824697 0.299370 0.826097 0.297094 0.825864 0.293592 0.821895 0.283789 0.819795 0.270658 0.816060 0.258578 0.810458 0.252276 0.801541 0.244888 0.795518 0.241071 0.788282 0.237745 0.781513 0.235644 0.765173 0.228817 0.759104 0.227766 0.744631 0.228116 0.734360 0.230742 0.722923 0.237570 0.716853 0.244573 0.714286 0.251401 0.714286 0.258578
0 0.626984 0.553922 0.627684 0.558999 0.632353 0.571254 0.648226 0.589286 0.654995 0.594188 0.661298 0.597339 0.677638 0.603817 0.703081 0.612395 0.747899 0.618172 0.762838 0.618522 0.779879 0.617297 0.793184 0.612920 0.798786 0.608718 0.804855 0.606793 0.809524 0.604342 0.811158 0.602941 0.817927 0.591912 0.819561 0.585434 0.820028 0.578081 0.817694 0.566352 0.809057 0.552871 0.802288 0.546218 0.783380 0.535189 0.765640 0.526611 0.738796 0.518908 0.727358 0.517682 0.710084 0.517157 0.682306 0.517332 0.668067 0.518382 0.664799 0.519608 0.660598 0.519608 0.650794 0.521359 0.647292 0.523284 0.644024 0.523985 0.635621 0.528887 0.631186 0.536064 0.627451 0.546919 0.626984 0.553922
0 0.467787 0.588410 0.471055 0.598739 0.472456 0.600665 0.477124 0.603817 0.499300 0.612045 0.507703 0.616772 0.515873 0.619748 0.536648 0.624825 0.548319 0.625000 0.561158 0.623599 0.574463 0.619223 0.578198 0.616597 0.584734 0.614321 0.596172 0.605742 0.609711 0.591737 0.613912 0.577906 0.613912 0.571254 0.611578 0.560749 0.609477 0.556197 0.602708 0.549720 0.595238 0.544818 0.581699 0.540441 0.564192 0.537640 0.529879 0.538866 0.515406 0.541141 0.501867 0.544293 0.497899 0.546744 0.490196 0.549720 0.482493 0.554797 0.476657 0.561275 0.472222 0.567752 0.468021 0.583683 0.467787 0.588410
0 0.585668 0.636730 0.591270 0.648810 0.592904 0.654412 0.595938 0.659664 0.605275 0.669818 0.622316 0.680497 0.634220 0.686450 0.654295 0.692227 0.667367 0.695028 0.682073 0.696604 0.689076 0.698529 0.710084 0.699755 0.713119 0.698704 0.723856 0.697829 0.734360 0.696078 0.741363 0.694153 0.748366 0.689076 0.753501 0.682248 0.754669 0.678922 0.755369 0.668242 0.748366 0.654062 0.744631 0.650210 0.737162 0.639181 0.720121 0.625175 0.706349 0.616772 0.685341 0.607143 0.673203 0.602941 0.657563 0.596289 0.650794 0.595938 0.641690 0.593137 0.635621 0.592087 0.622782 0.591737 0.613679 0.594363 0.606909 0.598389 0.595705 0.609244 0.592204 0.610819 0.588469 0.613971 0.586601 0.617297 0.585201 0.626576 0.585668 0.636730
0 0.503501 0.684349 0.504435 0.689076 0.508870 0.696078 0.513072 0.699930 0.518674 0.709909 0.527778 0.721639 0.542250 0.735644 0.556489 0.747024 0.570028 0.755952 0.574463 0.758578 0.581933 0.760854 0.584967 0.762780 0.597806 0.767332 0.613212 0.774160 0.620215 0.779237 0.643791 0.780287 0.650327 0.779937 0.657330 0.777136 0.665033 0.772234 0.668301 0.768908 0.669468 0.765931 0.669701 0.758754 0.664566 0.744573 0.660364 0.737745 0.657330 0.734419 0.654295 0.728466 0.629552 0.703431 0.617414 0.693978 0.611578 0.688200 0.594771 0.675420 0.574230 0.662640 0.547152 0.651786 0.532446 0.650210 0.522409 0.652661 0.518674 0.654237 0.514006 0.657913 0.505369 0.668417 0.503735 0.675420 0.503501 0.684349
0 0.296919 0.428746 0.293651 0.435399 0.293651 0.441001 0.293884 0.442752 0.296452 0.446254 0.303221 0.452556 0.306956 0.455182 0.325163 0.463936 0.354575 0.472164 0.373249 0.476190 0.387488 0.476366 0.394024 0.475315 0.402661 0.472689 0.411531 0.467262 0.418301 0.464811 0.420635 0.462710 0.427638 0.459034 0.436041 0.450630 0.440476 0.442577 0.443044 0.432773 0.443044 0.427521 0.440243 0.419293 0.434641 0.410889 0.428338 0.404762 0.415500 0.397759 0.407096 0.394958 0.400093 0.391632 0.376751 0.386029 0.361578 0.385504 0.353175 0.386380 0.338002 0.390231 0.320495 0.396359 0.307656 0.404587 0.302288 0.411064 0.299020 0.418768 0.296919 0.428746
0 0.116713 0.292892 0.117180 0.296394 0.121615 0.301296 0.129552 0.304972 0.147292 0.308298 0.160598 0.307598 0.174370 0.305847 0.182306 0.304097 0.187908 0.302346 0.204015 0.294818 0.215686 0.286765 0.228758 0.275385 0.238796 0.262255 0.243931 0.248424 0.244631 0.237045 0.242063 0.229867 0.235994 0.221989 0.220355 0.214986 0.217320 0.214286 0.206116 0.213936 0.196312 0.215161 0.192110 0.216387 0.182073 0.219713 0.179038 0.221989 0.175070 0.223389 0.152194 0.238270 0.147993 0.242122 0.143557 0.249125 0.133287 0.257703 0.127684 0.265406 0.117647 0.287465 0.116713 0.292892
0 0.355042 0.178922 0.359010 0.185224 0.362045 0.199580 0.364379 0.203431 0.369748 0.207458 0.383754 0.212360 0.409197 0.213060 0.430906 0.215861 0.436041 0.215511 0.446312 0.213410 0.460317 0.208158 0.470355 0.200105 0.476190 0.191702 0.477124 0.182073 0.472923 0.174370 0.469888 0.171394 0.456583 0.164391 0.450980 0.163515 0.442577 0.160014 0.414566 0.152311 0.404762 0.150910 0.396825 0.150910 0.386321 0.152136 0.380486 0.153711 0.366713 0.160889 0.362512 0.164216 0.358777 0.168242 0.355509 0.174195 0.355042 0.178922
0 0.128618 0.557773 0.130952 0.564076 0.136321 0.572304 0.143091 0.579132 0.157796 0.589636 0.164566 0.593137 0.168534 0.596464 0.190243 0.604167 0.219655 0.610644 0.232260 0.610819 0.242764 0.609769 0.255602 0.610294 0.282680 0.603641 0.290383 0.598564 0.290850 0.592437 0.288749 0.584909 0.283147 0.576331 0.271942 0.566352 0.270075 0.563725 0.257703 0.554272 0.255369 0.551646 0.241130 0.544818 0.227358 0.539916 0.192810 0.530287 0.182773 0.529237 0.164799 0.529937 0.153361 0.531863 0.142624 0.536415 0.135854 0.542367 0.130019 0.549370 0.128618 0.552346 0.128618 0.557773
0 0.276144 0.544468 0.278711 0.553922 0.285481 0.564951 0.292951 0.569328 0.296919 0.569678 0.300187 0.568978 0.303221 0.567227 0.307190 0.566352 0.313492 0.562850 0.331466 0.556373 0.335901 0.555497 0.340103 0.552696 0.351074 0.547794 0.362278 0.541317 0.373249 0.533088 0.381186 0.524510 0.387021 0.514531 0.389122 0.505777 0.388889 0.497549 0.385621 0.489321 0.373249 0.478992 0.358543 0.474090 0.352007 0.473564 0.337302 0.476891 0.330065 0.479342 0.303221 0.493522 0.298553 0.498950 0.293184 0.503151 0.288515 0.508403 0.279412 0.522409 0.276377 0.534489 0.276144 0.544468
0 0.041550 0.546919 0.045285 0.550770 0.054855 0.553922 0.071429 0.555847 0.097339 0.551646 0.113679 0.546744 0.133520 0.538690 0.150093 0.529587 0.163632 0.518032 0.170401 0.505427 0.174603 0.495273 0.182306 0.483193 0.193044 0.470588 0.193511 0.463761 0.192577 0.458158 0.189076 0.451155 0.183707 0.445553 0.169234 0.439251 0.158263 0.436625 0.147292 0.435749 0.140756 0.436275 0.131186 0.439251 0.117180 0.445903 0.108310 0.451506 0.081466 0.473214 0.067927 0.487395 0.054155 0.508929 0.047386 0.521709 0.044818 0.527486 0.041317 0.540441 0.041550 0.546919
0 0.117880 0.651961 0.119048 0.658789 0.129785 0.677696 0.134687 0.685749 0.150560 0.707633 0.164099 0.720588 0.165733 0.723739 0.175070 0.728466 0.178571 0.728817 0.185341 0.731968 0.188842 0.732318 0.200514 0.736169 0.210084 0.737745 0.227358 0.735469 0.235061 0.731968 0.242297 0.727416 0.249300 0.720413 0.257937 0.707283 0.262605 0.689251 0.261671 0.674720 0.256769 0.658088 0.248599 0.641982 0.230159 0.622549 0.227824 0.619048 0.219888 0.612745 0.213819 0.610294 0.202848 0.607843 0.199580 0.606443 0.192110 0.605392 0.171569 0.599090 0.161064 0.599965 0.147759 0.603291 0.139356 0.607668 0.126284 0.620098 0.119048 0.637080 0.118114 0.643908 0.117880 0.651961
0 0.269374 0.744923 0.271008 0.751751 0.272876 0.754727 0.281746 0.763831 0.296452 0.773634 0.320728 0.783088 0.326797 0.784489 0.355742 0.789741 0.370448 0.789916 0.388189 0.787290 0.407330 0.782213 0.411064 0.779937 0.415500 0.778711 0.435341 0.770483 0.444211 0.765931 0.456116 0.758578 0.464286 0.751050 0.469188 0.743697 0.471055 0.736169 0.470588 0.734069 0.468021 0.730392 0.458217 0.719713 0.457516 0.716912 0.456349 0.716036 0.444678 0.712710 0.427871 0.704832 0.410831 0.700455 0.401494 0.699055 0.391223 0.696429 0.370448 0.695728 0.352941 0.696604 0.328665 0.700980 0.324697 0.702381 0.317694 0.703431 0.298786 0.709734 0.286648 0.716211 0.278245 0.723039 0.272409 0.730742 0.270075 0.737570 0.269374 0.744923
1 0.265173 0.182248 0.268674 0.195203 0.271475 0.200805 0.279178 0.211134 0.285714 0.215161 0.290149 0.217087 0.309524 0.210959 0.319795 0.209559 0.335201 0.210434 0.339402 0.211485 0.352241 0.217787 0.355742 0.217437 0.359711 0.210259 0.360644 0.206933 0.359477 0.189251 0.352474 0.175595 0.345705 0.168592 0.338002 0.162640 0.325864 0.157038 0.314426 0.153011 0.300187 0.150910 0.286415 0.150560 0.284080 0.152836 0.272642 0.157913 0.268441 0.163866 0.265173 0.171919 0.265173 0.182248
1 0.235061 0.220588 0.242063 0.229342 0.245565 0.237745 0.245331 0.243522 0.240896 0.258578 0.241597 0.262080 0.246032 0.265581 0.257703 0.271008 0.274510 0.280462 0.282913 0.283438 0.288515 0.283088 0.288049 0.275910 0.283380 0.263130 0.280812 0.249300 0.281046 0.233018 0.285247 0.224615 0.288749 0.220413 0.287348 0.217962 0.283147 0.215161 0.279645 0.213936 0.274276 0.213761 0.265640 0.214111 0.246732 0.216562 0.240896 0.217612 0.236228 0.219363 0.235061 0.220588
1 0.361345 0.224090 0.362745 0.225840 0.368581 0.229692 0.376751 0.236870 0.388189 0.249300 0.391690 0.255602 0.394258 0.265231 0.397292 0.267332 0.409664 0.266106 0.414332 0.264356 0.422502 0.254552 0.435574 0.243697 0.444211 0.237745 0.446078 0.234419 0.442577 0.227241 0.436508 0.221814 0.429272 0.217962 0.418534 0.214986 0.404762 0.213585 0.389589 0.213761 0.383287 0.214461 0.373016 0.216737 0.365313 0.220238 0.362045 0.222514 0.361345 0.224090
1 0.438375 0.220588 0.446312 0.231618 0.449813 0.233894 0.495331 0.221289 0.532680 0.216036 0.536181 0.199930 0.535014 0.185574 0.533380 0.182073 0.528186 0.178528 0.524977 0.175245 0.514939 0.170868 0.498833 0.169118 0.490663 0.169293 0.480859 0.171919 0.474556 0.175245 0.477591 0.182248 0.476891 0.192752 0.473856 0.196779 0.461018 0.208508 0.452148 0.212185 0.440710 0.215686 0.439076 0.216912 0.438609 0.218662 0.438375 0.220588
1 0.406396 0.282913 0.407563 0.286415 0.421569 0.283263 0.429038 0.283263 0.432073 0.284314 0.439776 0.283964 0.446078 0.285539 0.447479 0.282913 0.446078 0.277136 0.446078 0.272934 0.447946 0.262780 0.453782 0.252976 0.460084 0.248074 0.469888 0.243172 0.478525 0.241422 0.487628 0.238620 0.502568 0.238270 0.522642 0.240021 0.525910 0.238445 0.540616 0.227591 0.544585 0.223739 0.541550 0.220413 0.532913 0.218137 0.524977 0.217787 0.517974 0.218312 0.501634 0.220063 0.473856 0.226366 0.461485 0.230042 0.446545 0.236169 0.440476 0.241772 0.435574 0.244223 0.423903 0.253852 0.419234 0.258578 0.416900 0.263130 0.413399 0.265581 0.412232 0.271359 0.406863 0.279412 0.406396 0.282913
1 0.525210 0.241422 0.531979 0.242647 0.546685 0.248074 0.555789 0.254027 0.562325 0.259804 0.570728 0.268908 0.574230 0.271359 0.583100 0.283263 0.585668 0.285014 0.595472 0.282388 0.612979 0.279587 0.630019 0.271709 0.635154 0.268557 0.640756 0.263480 0.650560 0.251401 0.660131 0.244573 0.663632 0.235644 0.665500 0.226541 0.660131 0.212360 0.656863 0.207808 0.654762 0.206408 0.650327 0.205882 0.644024 0.202906 0.633987 0.201155 0.609244 0.202031 0.582633 0.207633 0.570962 0.212360 0.551120 0.222689 0.543417 0.225665 0.527077 0.237745 0.525210 0.241422
1 0.632820 0.290441 0.633987 0.293067 0.635387 0.306197 0.638889 0.313200 0.649627 0.328606 0.654295 0.332633 0.661298 0.336660 0.678338 0.344013 0.684174 0.345588 0.689076 0.348564 0.723389 0.332458 0.730626 0.321429 0.733193 0.318803 0.736695 0.303922 0.735994 0.294993 0.732260 0.285014 0.728758 0.279412 0.721755 0.270833 0.716620 0.265931 0.712185 0.259104 0.696078 0.247549 0.686975 0.244398 0.679505 0.243697 0.664566 0.243697 0.659897 0.245973 0.647526 0.255952 0.637955 0.269083 0.636788 0.272409 0.637255 0.275298 0.635387 0.278887 0.633287 0.286940 0.632820 0.290441
1 0.736461 0.303922 0.732493 0.318978 0.728992 0.325105 0.725957 0.328081 0.725957 0.331408 0.731092 0.332283 0.744865 0.327556 0.762138 0.326155 0.767507 0.324755 0.766807 0.319853 0.769374 0.307423 0.767974 0.305497 0.764939 0.303746 0.758870 0.302871 0.746732 0.299370 0.737628 0.294993 0.736228 0.296569 0.736461 0.303922
1 0.485994 0.353641 0.487628 0.356968 0.494631 0.355917 0.498133 0.354167 0.508637 0.352591 0.513772 0.351015 0.529178 0.352591 0.546452 0.353291 0.580065 0.360294 0.598039 0.368172 0.602941 0.369048 0.616713 0.363445 0.623716 0.359769 0.630252 0.354167 0.634220 0.346289 0.635387 0.334909 0.633520 0.329307 0.630252 0.324405 0.623950 0.320028 0.609244 0.316001 0.605042 0.316001 0.602241 0.314776 0.591737 0.314426 0.588002 0.313550 0.584967 0.314426 0.579832 0.322129 0.574697 0.326681 0.565826 0.332108 0.553922 0.337360 0.543184 0.340511 0.523810 0.342787 0.509104 0.341036 0.496965 0.337885 0.491363 0.337535 0.487862 0.341912 0.486228 0.348214 0.485994 0.353641
1 0.281513 0.252276 0.284547 0.265581 0.288049 0.272584 0.287348 0.279587 0.315126 0.318452 0.324463 0.324755 0.329599 0.326155 0.331466 0.327381 0.338235 0.327206 0.339402 0.323529 0.346172 0.314076 0.356209 0.305322 0.369748 0.300245 0.383287 0.299195 0.387021 0.296919 0.387955 0.294818 0.390523 0.293242 0.392624 0.289916 0.393791 0.283438 0.394024 0.271884 0.391923 0.258754 0.388889 0.251401 0.376284 0.236870 0.352474 0.218137 0.341036 0.212360 0.332866 0.210434 0.313959 0.210084 0.300187 0.213761 0.291083 0.217087 0.283847 0.227066 0.281979 0.230742 0.281279 0.234769 0.281513 0.252276
1 0.248366 0.306022 0.246499 0.307248 0.248133 0.314601 0.253968 0.316001 0.266573 0.314776 0.271008 0.314951 0.278011 0.316877 0.284080 0.321078 0.288049 0.322829 0.294118 0.327731 0.297619 0.333859 0.299486 0.338235 0.300187 0.342787 0.301354 0.344013 0.303688 0.344538 0.306956 0.343312 0.323607 0.341562 0.337535 0.342612 0.340103 0.341912 0.337535 0.330182 0.326097 0.325805 0.316993 0.319853 0.309290 0.311450 0.306256 0.307248 0.305089 0.303746 0.296919 0.298144 0.294351 0.298845 0.278011 0.298669 0.262605 0.299895 0.255135 0.301471 0.249533 0.303746 0.248366 0.306022
1 0.157784 0.334154 0.158183 0.334154 0.158183 0.333741 0.157784 0.333741 0.157784 0.334154
1 0.130952 0.356793 0.131886 0.362920 0.133520 0.367997 0.136555 0.373074 0.139589 0.382703 0.144258 0.390756 0.146359 0.388831 0.148459 0.377101 0.155696 0.366947 0.159897 0.358718 0.175070 0.347164 0.191877 0.337885 0.206583 0.331583 0.211251 0.328081 0.208217 0.325105 0.199813 0.312850 0.193277 0.306373 0.189076 0.304272 0.185341 0.303922 0.149627 0.309874 0.144725 0.313200 0.140523 0.318452 0.137021 0.324755 0.133754 0.335434 0.131186 0.348214 0.130952 0.356793
1 0.372082 0.348915 0.375350 0.351190 0.379552 0.359244 0.385854 0.366071 0.404528 0.380077 0.406162 0.379727 0.409430 0.380427 0.417834 0.384454 0.432540 0.385854 0.439076 0.383403 0.442577 0.384104 0.448880 0.382178 0.460551 0.381127 0.461951 0.380077 0.466153 0.372199 0.475257 0.363270 0.482493 0.359769 0.484594 0.355917 0.485761 0.344013 0.488095 0.338410 0.486695 0.335084 0.474556 0.330532 0.471989 0.327556 0.458217 0.317927 0.456116 0.313725 0.452381 0.310749 0.449113 0.303571 0.447712 0.297094 0.447479 0.289741 0.443044 0.286415 0.425303 0.285014 0.418301 0.285539 0.411298 0.287815 0.404528 0.288515 0.392390 0.293067 0.390056 0.295168 0.388655 0.298669 0.383520 0.302171 0.382120 0.305672 0.379785 0.307073 0.379085 0.312500 0.376984 0.314251 0.376984 0.318627 0.373249 0.329307 0.372082 0.348915
1 0.339402 0.331933 0.342204 0.342087 0.348739 0.344538 0.369748 0.348739 0.372782 0.348564 0.373249 0.332283 0.374650 0.320378 0.383053 0.303922 0.382820 0.300770 0.373016 0.300945 0.359244 0.304447 0.355742 0.306197 0.344771 0.316527 0.341036 0.322479 0.339636 0.326681 0.339402 0.331933
1 0.278711 0.383754 0.280579 0.390231 0.283380 0.394258 0.291317 0.402486 0.300420 0.409139 0.303688 0.409314 0.307423 0.404062 0.313492 0.399685 0.320728 0.396008 0.330999 0.391982 0.344771 0.387780 0.355509 0.385504 0.361111 0.384979 0.375584 0.385329 0.400794 0.391457 0.411064 0.395308 0.413632 0.395133 0.415033 0.394083 0.409664 0.387080 0.409197 0.383578 0.386555 0.367472 0.382353 0.363095 0.377918 0.355742 0.373016 0.349790 0.359010 0.346289 0.341737 0.343662 0.323763 0.342087 0.303221 0.344538 0.289683 0.352066 0.286181 0.355042 0.281279 0.362745 0.278945 0.374825 0.278711 0.383754
1 0.244865 0.303922 0.258403 0.299895 0.271942 0.298669 0.293417 0.298845 0.296218 0.298144 0.297619 0.296744 0.295985 0.293242 0.289449 0.284489 0.282913 0.283088 0.272409 0.279062 0.268207 0.278361 0.265640 0.278711 0.255135 0.285539 0.251634 0.289391 0.244631 0.300245 0.244865 0.303922
1 0.440710 0.418242 0.443978 0.428571 0.443978 0.432248 0.440710 0.444328 0.432540 0.456408 0.433940 0.459909 0.436741 0.461835 0.439076 0.465511 0.442810 0.464286 0.444678 0.461660 0.452848 0.454307 0.467320 0.449930 0.480859 0.447479 0.486461 0.447479 0.497899 0.448354 0.501634 0.450280 0.507470 0.434874 0.510037 0.430322 0.515406 0.425245 0.517274 0.421919 0.514472 0.418242 0.509804 0.416317 0.484127 0.401436 0.463352 0.385329 0.460084 0.385329 0.455415 0.389706 0.447712 0.401961 0.440943 0.414916 0.440710 0.418242
1 0.272409 0.407913 0.275444 0.417892 0.284781 0.429447 0.289916 0.432598 0.293184 0.433298 0.296919 0.426296 0.297619 0.421043 0.300654 0.414741 0.301354 0.411064 0.287348 0.399160 0.279412 0.391282 0.275910 0.392507 0.271242 0.398459 0.272409 0.407913
1 0.223156 0.421744 0.224323 0.425070 0.226657 0.427171 0.238796 0.429622 0.253268 0.434349 0.266340 0.440826 0.277311 0.447654 0.287348 0.456408 0.293417 0.458333 0.298319 0.453957 0.298786 0.452906 0.292951 0.443102 0.291783 0.433123 0.285014 0.428746 0.279178 0.422794 0.274043 0.414916 0.271242 0.401611 0.269141 0.397584 0.255602 0.406513 0.244865 0.410189 0.236228 0.414741 0.227358 0.417192 0.223623 0.420868 0.223156 0.421744
1 0.202148 0.435574 0.202614 0.443452 0.206349 0.463060 0.206816 0.461835 0.213585 0.459909 0.228992 0.452031 0.234594 0.450630 0.251634 0.452556 0.258403 0.455007 0.265640 0.455532 0.270775 0.457458 0.281979 0.464286 0.285247 0.467262 0.286415 0.470588 0.290149 0.474265 0.292484 0.481618 0.294818 0.494398 0.292951 0.498249 0.293651 0.498775 0.296919 0.498074 0.298319 0.493873 0.300187 0.491422 0.299720 0.487570 0.300654 0.485469 0.299720 0.478116 0.296919 0.469363 0.293884 0.465861 0.290850 0.459209 0.274043 0.445728 0.262138 0.438550 0.254902 0.435399 0.246965 0.432073 0.235528 0.429097 0.227358 0.428396 0.213119 0.430497 0.208917 0.431723 0.202848 0.435049 0.202148 0.435574
1 0.084734 0.421919 0.086368 0.425420 0.100373 0.438550 0.105742 0.446429 0.109244 0.449755 0.126050 0.440476 0.134220 0.437675 0.143557 0.435574 0.154062 0.435399 0.171802 0.439426 0.183940 0.444678 0.187208 0.447304 0.191877 0.453431 0.194211 0.459559 0.195378 0.467262 0.196078 0.467787 0.197246 0.467262 0.202381 0.463410 0.203081 0.452731 0.201681 0.444153 0.200047 0.438901 0.193978 0.431022 0.186041 0.424720 0.180439 0.421744 0.163632 0.416492 0.154528 0.408964 0.147526 0.400735 0.144024 0.398634 0.137722 0.397584 0.123016 0.397934 0.102007 0.401611 0.095005 0.404237 0.090336 0.407563 0.087302 0.410539 0.084967 0.415441 0.084734 0.421919
1 0.373950 0.477591 0.375584 0.480742 0.385387 0.488796 0.388189 0.493697 0.389823 0.498775 0.390990 0.499825 0.395191 0.498775 0.401961 0.495623 0.411998 0.493172 0.435574 0.491597 0.436508 0.488620 0.436041 0.479867 0.437908 0.470938 0.437675 0.466912 0.433707 0.462535 0.428571 0.459209 0.414799 0.467437 0.403361 0.472514 0.394024 0.475490 0.387722 0.476541 0.374883 0.476891 0.373950 0.477591
1 0.302288 0.469888 0.304855 0.480042 0.310458 0.488270 0.314426 0.487570 0.322362 0.482843 0.328431 0.480917 0.333333 0.478291 0.342204 0.475315 0.349673 0.473739 0.349206 0.470413 0.330766 0.466036 0.320728 0.462010 0.317927 0.459734 0.308590 0.456408 0.306256 0.456057 0.303688 0.456758 0.302054 0.459034 0.302288 0.469888
1 0.357610 0.561099 0.359010 0.563901 0.365079 0.568102 0.376517 0.574055 0.383287 0.571954 0.398459 0.562500 0.406162 0.558648 0.414799 0.555497 0.429038 0.553922 0.436275 0.553922 0.449346 0.556373 0.453548 0.556373 0.457983 0.551996 0.464753 0.542017 0.468487 0.529587 0.467554 0.526786 0.461485 0.521534 0.445845 0.505252 0.435808 0.492297 0.413866 0.493347 0.404295 0.495273 0.397292 0.498074 0.391923 0.501576 0.390056 0.505077 0.388422 0.512955 0.384454 0.521183 0.381186 0.525910 0.373483 0.533964 0.361578 0.543417 0.358777 0.549020 0.357843 0.553746 0.357610 0.561099
1 0.436741 0.483193 0.437675 0.491071 0.446779 0.505077 0.452848 0.510329 0.458683 0.518557 0.476424 0.530637 0.488796 0.537465 0.501867 0.541667 0.508637 0.542192 0.530345 0.538340 0.547619 0.537115 0.561391 0.536940 0.564659 0.535189 0.567227 0.526261 0.567460 0.518908 0.566060 0.508228 0.563492 0.501050 0.554622 0.486345 0.547152 0.480567 0.531746 0.477766 0.522176 0.473739 0.513305 0.467087 0.511905 0.464461 0.508170 0.460609 0.503968 0.452206 0.501401 0.450280 0.495565 0.448354 0.480159 0.447829 0.466853 0.449930 0.456349 0.453081 0.447246 0.459734 0.441643 0.465686 0.438842 0.470238 0.437208 0.477066 0.436741 0.483193
1 0.611578 0.374475 0.623950 0.380777 0.626517 0.380427 0.633053 0.376225 0.647993 0.368873 0.652661 0.367297 0.656162 0.363796 0.661064 0.360994 0.663866 0.354867 0.664099 0.351891 0.661765 0.345413 0.660131 0.344188 0.656162 0.338060 0.651027 0.334909 0.647526 0.334559 0.643557 0.332808 0.636788 0.331583 0.635621 0.334209 0.635154 0.344888 0.634220 0.348389 0.631419 0.353291 0.622782 0.360644 0.605275 0.369398 0.611578 0.374475
1 0.147292 0.394258 0.150794 0.401961 0.154295 0.407213 0.160831 0.412990 0.165500 0.415616 0.179505 0.419993 0.183007 0.422269 0.189076 0.424020 0.192344 0.426296 0.195845 0.427521 0.200514 0.426471 0.202148 0.425070 0.211485 0.421394 0.217087 0.419818 0.221989 0.419293 0.226190 0.416842 0.237862 0.413690 0.243931 0.410014 0.247899 0.408964 0.255836 0.404937 0.265173 0.399510 0.276844 0.389881 0.277778 0.387080 0.276844 0.373249 0.277544 0.366772 0.281979 0.358543 0.285948 0.353466 0.292717 0.348915 0.296919 0.347689 0.299253 0.345238 0.298553 0.338060 0.293184 0.328081 0.288515 0.324055 0.276844 0.317052 0.268441 0.315126 0.261671 0.315826 0.247899 0.318627 0.231092 0.324580 0.224090 0.328606 0.210084 0.331408 0.199113 0.335259 0.181839 0.343312 0.172969 0.348739 0.161064 0.357493 0.156863 0.362920 0.151961 0.373424 0.148926 0.376751 0.147292 0.386380 0.147292 0.394258
1 0.626050 0.384629 0.630486 0.389356 0.633520 0.395483 0.654528 0.408263 0.658263 0.410014 0.673669 0.411765 0.682773 0.414916 0.686275 0.415266 0.689076 0.414041 0.693744 0.406338 0.696312 0.395308 0.693744 0.383578 0.691410 0.379727 0.687442 0.376751 0.675537 0.373599 0.647059 0.371324 0.642624 0.372549 0.633287 0.376751 0.627451 0.380077 0.626050 0.382353 0.626050 0.384629
1 0.664799 0.371148 0.666900 0.372549 0.678571 0.373950 0.689309 0.376576 0.690710 0.374650 0.691643 0.370448 0.701214 0.355742 0.708917 0.347864 0.718254 0.340511 0.722923 0.338410 0.723156 0.336835 0.724790 0.335434 0.726657 0.334909 0.723389 0.334734 0.720355 0.335609 0.707750 0.341036 0.704715 0.343137 0.699580 0.344713 0.690943 0.350490 0.675303 0.358543 0.664099 0.369398 0.664799 0.371148
1 0.163165 0.525910 0.166200 0.528186 0.179739 0.528011 0.188842 0.528711 0.199813 0.530812 0.203081 0.532738 0.214519 0.534839 0.235061 0.541492 0.242997 0.544468 0.246499 0.546919 0.251401 0.549020 0.255369 0.549545 0.271242 0.546919 0.274510 0.539741 0.276144 0.529062 0.280345 0.518207 0.287582 0.507528 0.290149 0.505252 0.293884 0.499825 0.296685 0.497724 0.297852 0.495098 0.297386 0.487745 0.294118 0.486870 0.293184 0.485819 0.291083 0.478116 0.288982 0.475665 0.287348 0.470763 0.283613 0.465511 0.280579 0.462885 0.272409 0.458158 0.265640 0.455357 0.247666 0.451681 0.238329 0.450455 0.230859 0.451331 0.222456 0.455007 0.219421 0.457108 0.209851 0.460084 0.202381 0.466211 0.195145 0.470938 0.190943 0.476366 0.185808 0.480742 0.181139 0.487045 0.178805 0.492122 0.175303 0.496849 0.166433 0.518732 0.163866 0.522759 0.163165 0.525910
1 0.028245 0.485119 0.030112 0.495098 0.029645 0.504552 0.036181 0.517157 0.039683 0.521534 0.043417 0.524510 0.046452 0.521709 0.050420 0.515931 0.055089 0.506478 0.068861 0.485469 0.087768 0.467262 0.105509 0.453081 0.106909 0.448880 0.100140 0.438901 0.095238 0.433824 0.087068 0.427346 0.083800 0.423494 0.078431 0.419818 0.074463 0.418592 0.070962 0.418417 0.067227 0.419468 0.059757 0.423494 0.053455 0.428046 0.042250 0.438550 0.030579 0.456758 0.028478 0.469538 0.028245 0.485119
1 0.257470 0.553746 0.260037 0.554797 0.261905 0.557073 0.271475 0.564076 0.273576 0.567227 0.276844 0.569153 0.278945 0.572654 0.283613 0.576506 0.288049 0.583158 0.291550 0.591912 0.292017 0.596289 0.287815 0.601190 0.283147 0.604167 0.278711 0.605742 0.286415 0.611695 0.297152 0.611520 0.318394 0.613095 0.334500 0.616422 0.348739 0.620973 0.351307 0.619573 0.358077 0.601015 0.361578 0.594363 0.370682 0.582633 0.375584 0.578081 0.375584 0.574405 0.374183 0.573354 0.353408 0.563025 0.335434 0.557073 0.331232 0.557248 0.324230 0.560049 0.321195 0.560574 0.300187 0.569678 0.294818 0.569853 0.289449 0.568452 0.284781 0.565126 0.281746 0.561099 0.277311 0.550245 0.275910 0.548669 0.271942 0.548494 0.263539 0.549720 0.261438 0.550245 0.257703 0.553221 0.257470 0.553746
1 0.070028 0.571604 0.072362 0.581232 0.077731 0.594713 0.086134 0.609244 0.091270 0.617472 0.096405 0.622724 0.100373 0.628326 0.108543 0.634279 0.116246 0.636905 0.119748 0.634279 0.121382 0.628501 0.125584 0.619748 0.137488 0.608018 0.149627 0.602066 0.162932 0.598739 0.165500 0.595413 0.147759 0.584034 0.137722 0.575105 0.132586 0.568627 0.128618 0.561275 0.127218 0.555322 0.128151 0.550070 0.132353 0.543417 0.130719 0.541842 0.123249 0.543417 0.116947 0.546394 0.095005 0.553221 0.073996 0.556022 0.071895 0.556898 0.070495 0.558648 0.070028 0.571604
1 0.248366 0.640756 0.252801 0.647409 0.259804 0.663515 0.262838 0.674545 0.264239 0.685749 0.272642 0.692752 0.286881 0.699230 0.296919 0.701155 0.301587 0.701331 0.310224 0.703606 0.314192 0.703431 0.355509 0.695553 0.365313 0.694853 0.393791 0.695203 0.400794 0.691527 0.403128 0.689076 0.405929 0.682248 0.405462 0.675070 0.403595 0.668417 0.397292 0.657738 0.392390 0.655462 0.377218 0.653711 0.371615 0.651786 0.362045 0.646183 0.354809 0.637255 0.349907 0.623424 0.342437 0.619748 0.317460 0.613796 0.303688 0.612745 0.286648 0.613971 0.269374 0.619748 0.258637 0.624475 0.253968 0.627976 0.248833 0.634104 0.248366 0.640756
1 0.453782 0.630252 0.458217 0.638831 0.464986 0.645483 0.469421 0.648634 0.477358 0.652136 0.480626 0.652836 0.494865 0.652836 0.512605 0.647059 0.529879 0.637430 0.534080 0.633228 0.535948 0.630077 0.536181 0.627801 0.536181 0.626576 0.532680 0.624300 0.523810 0.622724 0.510037 0.618172 0.499300 0.612395 0.473856 0.602941 0.470355 0.604867 0.469421 0.607843 0.464753 0.614671 0.459617 0.619573 0.454482 0.626751 0.453782 0.630252
1 0.419701 0.650910 0.422969 0.653887 0.430205 0.666842 0.443978 0.676120 0.452848 0.679622 0.459384 0.681197 0.471755 0.678922 0.481793 0.673494 0.491130 0.657738 0.492063 0.654587 0.490896 0.653361 0.488095 0.652311 0.480626 0.651786 0.473856 0.650035 0.466387 0.645658 0.461485 0.641282 0.458683 0.637255 0.456116 0.630427 0.456349 0.626576 0.455649 0.627626 0.453081 0.627626 0.444678 0.632878 0.434874 0.640931 0.425303 0.646008 0.421102 0.647409 0.420168 0.648985 0.419701 0.650910
1 0.394725 0.654412 0.402428 0.665616 0.405696 0.675245 0.406162 0.683648 0.404528 0.687150 0.402428 0.689076 0.402194 0.691702 0.400794 0.692577 0.404295 0.692752 0.408497 0.691001 0.413866 0.687500 0.419935 0.681197 0.423436 0.674370 0.424837 0.664916 0.421569 0.654587 0.418067 0.650560 0.414799 0.650035 0.402661 0.650910 0.397292 0.653011 0.394725 0.654412
1 0.454015 0.711310 0.454715 0.713410 0.460551 0.713585 0.469655 0.712010 0.489262 0.712535 0.500934 0.713936 0.522642 0.720063 0.523343 0.719713 0.523576 0.716912 0.518441 0.710084 0.512138 0.699230 0.500700 0.687850 0.477824 0.681022 0.467554 0.680847 0.459384 0.683999 0.455415 0.689426 0.454015 0.693277 0.454015 0.711310
1 0.456583 0.717262 0.458217 0.720413 0.462885 0.723739 0.465920 0.728466 0.470588 0.732143 0.471989 0.734244 0.471755 0.737745 0.468721 0.745273 0.463819 0.752276 0.449346 0.763655 0.436975 0.770483 0.430439 0.772409 0.422969 0.776261 0.414332 0.779062 0.407563 0.782913 0.407796 0.786415 0.414566 0.793067 0.424837 0.795518 0.436275 0.795693 0.439076 0.796744 0.444444 0.797094 0.452148 0.797094 0.465453 0.794993 0.478992 0.795168 0.494164 0.797269 0.511438 0.797794 0.526844 0.799195 0.532913 0.798494 0.546452 0.791492 0.551587 0.786940 0.560458 0.773985 0.561858 0.766982 0.561158 0.758578 0.558824 0.755427 0.558123 0.751576 0.546685 0.740371 0.534314 0.730217 0.526844 0.722864 0.512138 0.716387 0.489963 0.712885 0.469888 0.712535 0.460084 0.713761 0.457283 0.715336 0.456583 0.717262
1 0.481326 0.678922 0.483894 0.682248 0.492297 0.684524 0.498133 0.688025 0.501634 0.687150 0.501634 0.678396 0.503268 0.670693 0.510037 0.659839 0.514006 0.656338 0.520075 0.652836 0.525677 0.650910 0.532680 0.649860 0.540149 0.650210 0.550654 0.652311 0.553221 0.654412 0.562558 0.657213 0.576331 0.663340 0.592204 0.673144 0.595472 0.673494 0.598973 0.668067 0.594071 0.658613 0.582633 0.631303 0.579365 0.629552 0.567694 0.626225 0.553221 0.625875 0.547619 0.627626 0.539916 0.627976 0.534547 0.633929 0.519608 0.644433 0.507703 0.649160 0.497199 0.652311 0.489029 0.661590 0.484827 0.668417 0.484594 0.671218 0.482260 0.675420 0.481326 0.678922
1 0.596405 0.675420 0.598506 0.678571 0.602474 0.680672 0.614846 0.690476 0.616246 0.692577 0.637488 0.711485 0.649160 0.724615 0.654528 0.727941 0.657563 0.721814 0.659430 0.714286 0.658964 0.705707 0.655229 0.695028 0.650794 0.692577 0.633053 0.686975 0.620915 0.680672 0.609244 0.672969 0.602474 0.669643 0.598273 0.672094 0.596872 0.674020 0.596405 0.675420
1 0.563725 0.765756 0.561858 0.775385 0.562092 0.778536 0.564192 0.782213 0.571429 0.787115 0.584267 0.790266 0.598039 0.789916 0.608310 0.786590 0.614613 0.782913 0.615780 0.780812 0.618114 0.779412 0.616246 0.778186 0.615546 0.775735 0.613212 0.774160 0.608777 0.773459 0.599673 0.768557 0.582400 0.761905 0.564192 0.753852 0.562792 0.754727 0.563725 0.765756
1 0.659197 0.718662 0.656162 0.726891 0.656629 0.730742 0.658497 0.734244 0.662932 0.739146 0.666900 0.746849 0.671569 0.760504 0.678571 0.762780 0.693044 0.764181 0.706816 0.762080 0.717554 0.758929 0.725257 0.755252 0.735528 0.748424 0.751401 0.734244 0.753268 0.730917 0.749300 0.729167 0.733894 0.726891 0.715686 0.721113 0.709851 0.717087 0.707983 0.713585 0.707750 0.702731 0.706583 0.701681 0.700047 0.700280 0.688842 0.699230 0.675303 0.696604 0.668301 0.697129 0.666200 0.698880 0.660598 0.711485 0.659197 0.718662
1 0.707983 0.702731 0.707983 0.710259 0.708917 0.713936 0.710784 0.716737 0.715453 0.720938 0.728291 0.725315 0.737862 0.727591 0.753968 0.729342 0.776377 0.727941 0.796452 0.723564 0.804622 0.720763 0.817460 0.713410 0.834967 0.699930 0.851774 0.679972 0.856676 0.672444 0.864379 0.654937 0.863679 0.642857 0.858310 0.633578 0.852474 0.630252 0.845705 0.628676 0.838002 0.628151 0.825163 0.629377 0.807190 0.633053 0.800420 0.633403 0.756303 0.647234 0.750233 0.650910 0.749066 0.653711 0.750233 0.658263 0.754902 0.664741 0.756069 0.670868 0.755836 0.678746 0.752334 0.686099 0.746032 0.691877 0.737395 0.695903 0.724323 0.698529 0.716853 0.698354 0.708683 0.701681 0.707983 0.702731
1 0.707516 0.616246 0.711718 0.618172 0.731793 0.633403 0.744631 0.646884 0.748599 0.648634 0.788515 0.637080 0.801587 0.631478 0.808123 0.626225 0.811625 0.620973 0.813725 0.612395 0.815593 0.609244 0.810691 0.604867 0.797152 0.610644 0.793417 0.613445 0.779412 0.617472 0.769141 0.618873 0.740196 0.617647 0.713819 0.614321 0.708683 0.615196 0.707516 0.616246
1 0.699346 0.464461 0.694444 0.473389 0.681606 0.484419 0.679038 0.486345 0.661298 0.492822 0.658263 0.494748 0.660364 0.501576 0.662698 0.505252 0.666667 0.509454 0.675070 0.516106 0.680906 0.516807 0.685574 0.516282 0.718721 0.516282 0.723389 0.517157 0.742530 0.518032 0.755135 0.522584 0.763772 0.524685 0.773576 0.529412 0.780345 0.531688 0.782680 0.533263 0.786881 0.533263 0.788749 0.532388 0.796919 0.531338 0.800187 0.529237 0.804855 0.528361 0.810924 0.523459 0.818627 0.513130 0.819328 0.505077 0.806022 0.495798 0.782213 0.473564 0.775444 0.468487 0.766573 0.466737 0.755369 0.460959 0.751634 0.459734 0.737862 0.457808 0.727124 0.457458 0.712652 0.459734 0.705882 0.459909 0.702614 0.460959 0.699346 0.464461
1 0.353175 0.629902 0.355742 0.637080 0.358777 0.641807 0.362278 0.645483 0.376984 0.653186 0.383287 0.654237 0.394725 0.654587 0.402194 0.651085 0.417600 0.648810 0.427171 0.645308 0.436041 0.640056 0.450280 0.628501 0.461718 0.616772 0.467320 0.609419 0.471055 0.602416 0.470588 0.598915 0.467320 0.592087 0.466620 0.585259 0.470822 0.571429 0.469655 0.567752 0.463352 0.562675 0.456583 0.558824 0.437908 0.554622 0.428338 0.554447 0.419701 0.555322 0.412932 0.556723 0.404295 0.560049 0.396825 0.563725 0.382353 0.573004 0.376751 0.577031 0.371849 0.582283 0.364846 0.590686 0.360411 0.598564 0.355742 0.609419 0.352708 0.619398 0.353175 0.629902
1 0.554622 0.484419 0.561858 0.495448 0.565826 0.503852 0.569094 0.516282 0.570962 0.518908 0.573763 0.520658 0.582166 0.523985 0.594771 0.527136 0.606209 0.528536 0.623483 0.528711 0.633520 0.527661 0.647759 0.518732 0.652428 0.514706 0.656863 0.509104 0.658030 0.505777 0.657796 0.501576 0.654762 0.495798 0.651261 0.494923 0.647526 0.495623 0.640756 0.495623 0.633287 0.493522 0.625817 0.490371 0.618581 0.484244 0.612745 0.474790 0.609944 0.473214 0.564192 0.480392 0.556723 0.480567 0.554855 0.482143 0.554622 0.484419
1 0.464052 0.383578 0.465219 0.385679 0.479692 0.398284 0.485294 0.402486 0.502801 0.411765 0.508170 0.415441 0.518674 0.419818 0.522409 0.418768 0.526611 0.416317 0.533380 0.410364 0.538515 0.407388 0.553922 0.401786 0.577965 0.394958 0.587768 0.393032 0.598506 0.392507 0.605509 0.393557 0.615313 0.393557 0.625817 0.396183 0.630019 0.395833 0.630719 0.394608 0.629318 0.390056 0.625350 0.386380 0.623950 0.383228 0.620215 0.379902 0.602241 0.369748 0.598739 0.368873 0.584267 0.362045 0.553455 0.355042 0.522876 0.351190 0.514939 0.351366 0.498133 0.354867 0.496032 0.356092 0.486228 0.358193 0.473856 0.365721 0.466853 0.372724 0.464286 0.377101 0.464052 0.383578
1 0.613445 0.473915 0.619748 0.484594 0.626751 0.490021 0.633520 0.492997 0.640056 0.494573 0.657796 0.494398 0.679739 0.484769 0.685574 0.481092 0.693511 0.473214 0.701681 0.460084 0.703315 0.451155 0.703081 0.441702 0.700747 0.431548 0.697012 0.425070 0.692577 0.419993 0.687442 0.416317 0.671802 0.411415 0.665266 0.410714 0.659897 0.411415 0.662465 0.426646 0.654762 0.439601 0.642390 0.454657 0.629552 0.463060 0.620915 0.467787 0.616480 0.469363 0.614379 0.471464 0.613445 0.473915
1 0.691410 0.413165 0.689309 0.414916 0.690243 0.418417 0.697712 0.425945 0.701447 0.434524 0.703548 0.443277 0.703548 0.457983 0.705415 0.459034 0.708217 0.459384 0.729225 0.456758 0.751401 0.458158 0.757236 0.446954 0.759104 0.439076 0.759104 0.434524 0.757470 0.428396 0.752101 0.420518 0.748133 0.418943 0.732026 0.420693 0.723623 0.419993 0.706816 0.414916 0.701214 0.412115 0.696078 0.407388 0.692577 0.410539 0.691410 0.413165
1 0.570028 0.522759 0.574930 0.537290 0.582166 0.539916 0.589636 0.541667 0.605976 0.551120 0.610411 0.555672 0.613679 0.561099 0.623016 0.563375 0.626517 0.562325 0.626984 0.558824 0.626050 0.549895 0.626751 0.544118 0.627684 0.540266 0.632586 0.532913 0.633987 0.529412 0.633053 0.528711 0.630252 0.528011 0.612045 0.528711 0.601541 0.527836 0.574463 0.521709 0.570495 0.521884 0.570028 0.522759
1 0.803922 0.546919 0.807656 0.550420 0.819795 0.569153 0.820962 0.577031 0.820728 0.585259 0.819795 0.589461 0.815593 0.599090 0.815126 0.602416 0.820495 0.607143 0.831466 0.614146 0.838469 0.614846 0.845238 0.617822 0.862979 0.621849 0.907563 0.627451 0.929972 0.627276 0.946312 0.625175 0.958917 0.621148 0.963119 0.619223 0.966387 0.616071 0.968721 0.611520 0.968487 0.605217 0.963352 0.591912 0.957750 0.582458 0.954715 0.578081 0.941410 0.563375 0.922035 0.550070 0.903128 0.543067 0.890523 0.539741 0.837768 0.531338 0.827965 0.531338 0.818627 0.532913 0.811858 0.536415 0.807423 0.540091 0.804622 0.544118 0.803922 0.546919
1 0.842204 0.526085 0.842204 0.529412 0.848739 0.532563 0.882353 0.537115 0.890990 0.539741 0.897759 0.540966 0.925537 0.551821 0.933940 0.557773 0.939309 0.558999 0.954949 0.547094 0.961018 0.541492 0.968021 0.533263 0.973856 0.524510 0.978291 0.515581 0.982260 0.501225 0.983193 0.495623 0.982493 0.487745 0.977824 0.478992 0.972923 0.473214 0.963585 0.467787 0.943744 0.463060 0.926704 0.465161 0.918534 0.467787 0.917600 0.470238 0.919935 0.472864 0.924603 0.481793 0.924136 0.487920 0.920868 0.497899 0.917367 0.502626 0.908263 0.509279 0.901027 0.512955 0.883520 0.518032 0.868581 0.519433 0.862512 0.519258 0.856209 0.517682 0.852007 0.517682 0.847106 0.518908 0.845005 0.520308 0.843604 0.522584 0.842204 0.526085
1 0.808123 0.387430 0.803922 0.392157 0.785948 0.407913 0.786648 0.409314 0.793884 0.409489 0.799720 0.408438 0.814192 0.408964 0.833333 0.414391 0.852241 0.421394 0.868114 0.430847 0.869514 0.431373 0.873483 0.431022 0.884843 0.434816 0.898459 0.445028 0.907796 0.457283 0.914799 0.464811 0.918301 0.465861 0.921802 0.465511 0.930205 0.461485 0.934641 0.453256 0.935574 0.447129 0.930439 0.436450 0.917600 0.423669 0.913632 0.417892 0.908030 0.412115 0.879552 0.389531 0.866246 0.382703 0.851774 0.378852 0.838936 0.376926 0.831466 0.376576 0.821662 0.377976 0.810458 0.383403 0.808123 0.387430
1 0.752801 0.457283 0.753968 0.460084 0.768908 0.467087 0.776377 0.468312 0.776611 0.466737 0.774743 0.465336 0.774043 0.463410 0.767974 0.456232 0.763539 0.448704 0.761905 0.441527 0.758637 0.443627 0.753735 0.454307 0.752801 0.457283
1 0.410598 0.387080 0.415500 0.394783 0.422269 0.400910 0.430906 0.405987 0.434174 0.408789 0.439309 0.415791 0.442577 0.412990 0.449346 0.397409 0.435107 0.386905 0.421802 0.384104 0.410831 0.383578 0.410598 0.387080
1 0.394024 0.277311 0.395658 0.279937 0.394024 0.290091 0.401261 0.289916 0.406396 0.286415 0.406396 0.280987 0.409430 0.275910 0.411998 0.268732 0.411298 0.267682 0.408030 0.266807 0.400327 0.266982 0.396592 0.267857 0.394258 0.271183 0.394024 0.277311
1 0.615313 0.570553 0.615313 0.576856 0.613445 0.585084 0.608310 0.595413 0.609477 0.595763 0.619281 0.592262 0.625817 0.591562 0.644024 0.592262 0.644491 0.591912 0.642624 0.590336 0.639122 0.584034 0.637255 0.578081 0.634921 0.576506 0.634220 0.574405 0.632353 0.573529 0.628385 0.567052 0.623483 0.563901 0.619048 0.563901 0.616246 0.563025 0.613912 0.564251 0.612745 0.567402 0.615313 0.570553
1 0.571195 0.621148 0.564659 0.623249 0.573063 0.626751 0.581466 0.629377 0.582400 0.629027 0.584267 0.626926 0.584967 0.616071 0.579832 0.616422 0.571195 0.621148
1 0.584967 0.289916 0.586601 0.293242 0.585901 0.306898 0.586601 0.311275 0.589169 0.312675 0.601307 0.313375 0.613912 0.315476 0.627218 0.319678 0.633520 0.324230 0.635621 0.320903 0.636321 0.314251 0.630486 0.303922 0.630719 0.299370 0.629318 0.293417 0.627218 0.289916 0.623249 0.286765 0.619281 0.285539 0.613212 0.282213 0.605742 0.282038 0.598973 0.282913 0.594771 0.285189 0.586368 0.286415 0.585434 0.287815 0.584967 0.289916
1 0.560224 0.203256 0.563959 0.210084 0.559524 0.214636 0.556022 0.216912 0.557190 0.218662 0.560691 0.218312 0.566060 0.214636 0.577965 0.210259 0.581699 0.207808 0.605742 0.202556 0.619514 0.201331 0.640523 0.202906 0.654762 0.207458 0.659430 0.211485 0.663399 0.220413 0.664799 0.226891 0.664332 0.233368 0.662232 0.241071 0.662932 0.242472 0.665266 0.243522 0.678338 0.242647 0.682773 0.241246 0.682306 0.237745 0.679038 0.229867 0.662932 0.205007 0.657096 0.198704 0.643324 0.188375 0.637255 0.184524 0.630019 0.181723 0.602241 0.176296 0.591970 0.176646 0.583333 0.177871 0.573996 0.180847 0.566527 0.185749 0.563259 0.188901 0.560691 0.192752 0.559757 0.195903 0.560224 0.203256
1 0.222222 0.613445 0.224323 0.616246 0.228291 0.618697 0.241130 0.633578 0.244631 0.635329 0.248133 0.633228 0.252101 0.628151 0.253968 0.626926 0.271475 0.617822 0.279412 0.615546 0.283147 0.612745 0.279645 0.608018 0.275910 0.606618 0.258403 0.610469 0.226424 0.610994 0.220588 0.612570 0.222222 0.613445
1 0.480626 0.549720 0.480859 0.552871 0.481793 0.553571 0.484127 0.553746 0.487162 0.551120 0.492530 0.548319 0.503035 0.543768 0.506769 0.543242 0.502334 0.542192 0.498599 0.539741 0.488562 0.537640 0.484360 0.535364 0.481793 0.535889 0.481092 0.537465 0.480626 0.549720
1 0.566760 0.531863 0.565593 0.536590 0.567460 0.537815 0.571195 0.538515 0.572829 0.536590 0.571195 0.528011 0.567694 0.521884 0.567227 0.522934 0.566760 0.531863
1 0.839402 0.373775 0.841036 0.376751 0.845472 0.377101 0.855976 0.380252 0.859244 0.380427 0.872316 0.385504 0.878852 0.389181 0.904062 0.409489 0.914799 0.416842 0.924603 0.416317 0.931139 0.413165 0.936508 0.409664 0.943277 0.400385 0.945612 0.391457 0.945612 0.379727 0.940009 0.355742 0.937208 0.349265 0.934407 0.346464 0.926471 0.335084 0.922502 0.331933 0.908964 0.323354 0.897993 0.318627 0.893791 0.316001 0.889589 0.315826 0.880486 0.313550 0.873716 0.313375 0.866013 0.316352 0.862278 0.319153 0.855042 0.327031 0.848973 0.337710 0.841270 0.359069 0.839636 0.368347 0.839402 0.373775
1 0.434874 0.387080 0.438609 0.390406 0.449580 0.397934 0.452848 0.394608 0.455182 0.389881 0.458917 0.387080 0.459851 0.383578 0.455882 0.383053 0.444678 0.385154 0.438842 0.385504 0.435574 0.386555 0.434874 0.387080