1 0.001634 0.093312 0.000000 0.093312 0.000000 0.137605 0.026377 0.138130 0.039916 0.141106 0.051587 0.145308 0.060924 0.149860 0.075397 0.160364 0.087302 0.173144 0.107143 0.202031 0.114146 0.214811 0.120682 0.230217 0.125117 0.244748 0.126517 0.253151 0.130019 0.252276 0.142390 0.239846 0.153595 0.230567 0.172502 0.218137 0.183240 0.213410 0.185574 0.210084 0.185107 0.196254 0.179739 0.180847 0.173436 0.168592 0.165033 0.155987 0.160364 0.151436 0.153361 0.138480 0.143091 0.124650 0.129085 0.110644 0.110177 0.097164 0.099206 0.091387 0.091270 0.088235 0.070962 0.082983 0.057423 0.081232 0.043184 0.080532 0.029879 0.081057 0.018674 0.084034 0.015640 0.085959 0.011905 0.086660 0.007937 0.089286 0.003501 0.090861 0.001634 0.093312
1 0.000000 0.139531 0.000000 0.352241 0.002801 0.353291 0.004902 0.356268 0.008870 0.358543 0.014239 0.363796 0.027077 0.371499 0.036415 0.375175 0.039916 0.375350 0.050654 0.378852 0.060691 0.378501 0.075163 0.374825 0.089402 0.367997 0.098973 0.360994 0.109944 0.345938 0.113445 0.338761 0.119748 0.317927 0.124650 0.286239 0.126284 0.266106 0.126050 0.256303 0.123249 0.240896 0.114379 0.217087 0.106676 0.202906 0.087768 0.175245 0.075163 0.161239 0.065359 0.153711 0.054155 0.147234 0.039916 0.141982 0.025910 0.139356 0.018908 0.138831 0.003268 0.139181 0.000000 0.139531
1 0.000000 0.353466 0.000000 0.435049 0.003501 0.435049 0.015406 0.433473 0.030345 0.429972 0.036415 0.426646 0.047852 0.416141 0.051587 0.410889 0.055089 0.401085 0.056022 0.393732 0.053688 0.382878 0.051120 0.379377 0.042717 0.376576 0.036415 0.375875 0.028011 0.372199 0.013305 0.362220 0.009104 0.360294 0.001634 0.353466 0.000000 0.353466
1 0.127684 0.285539 0.125350 0.292717 0.119048 0.330007 0.116246 0.339461 0.112745 0.345938 0.114379 0.348739 0.113912 0.352766 0.115546 0.359069 0.114613 0.366246 0.114846 0.373599 0.117180 0.387255 0.125117 0.402836 0.135621 0.415791 0.147526 0.425595 0.151027 0.427171 0.154295 0.427346 0.181839 0.413165 0.209851 0.404412 0.239262 0.400210 0.262372 0.399510 0.269841 0.398284 0.273810 0.395133 0.280345 0.387780 0.287815 0.376751 0.290149 0.374825 0.296685 0.362570 0.299720 0.350840 0.306022 0.335259 0.312325 0.306723 0.314426 0.287815 0.314893 0.272234 0.312792 0.266807 0.311158 0.254727 0.307423 0.245448 0.303455 0.237920 0.298786 0.233368 0.296919 0.230392 0.292484 0.227416 0.289216 0.223915 0.282680 0.220063 0.275444 0.216912 0.255135 0.210434 0.241597 0.208508 0.235061 0.208683 0.226424 0.207458 0.215686 0.207458 0.206583 0.208508 0.199813 0.209909 0.192577 0.212885 0.188842 0.213235 0.178338 0.216912 0.161531 0.226716 0.147059 0.237395 0.143324 0.241422 0.138889 0.244573 0.128385 0.258578 0.127684 0.285539
0 0.111345 0.485994 0.112979 0.497549 0.115079 0.502976 0.126517 0.514531 0.137255 0.522759 0.171802 0.536239 0.185808 0.539566 0.188142 0.540966 0.202614 0.545518 0.231092 0.553046 0.241130 0.554097 0.251634 0.557248 0.261671 0.558298 0.264939 0.557248 0.271709 0.558123 0.285014 0.558123 0.310458 0.554972 0.324930 0.551120 0.338002 0.548669 0.356443 0.541317 0.380252 0.528186 0.397526 0.514181 0.405696 0.505952 0.410598 0.499300 0.414566 0.491422 0.416900 0.481793 0.416900 0.473564 0.413632 0.459909 0.408497 0.452381 0.404995 0.449755 0.403128 0.446429 0.403361 0.435399 0.401727 0.432423 0.394258 0.425595 0.383987 0.418242 0.376517 0.414566 0.366947 0.411239 0.338936 0.404412 0.331699 0.403711 0.323996 0.401786 0.303688 0.401085 0.296218 0.399860 0.268674 0.399860 0.230159 0.402136 0.206349 0.405637 0.189776 0.410714 0.173203 0.418067 0.150093 0.430497 0.137488 0.439426 0.123483 0.453081 0.119281 0.458508 0.114379 0.467087 0.112979 0.472864 0.111345 0.485994
1 0.001634 0.496849 0.000000 0.496849 0.000000 0.658964 0.008170 0.657913 0.019141 0.654937 0.043184 0.647584 0.048786 0.644783 0.060691 0.640581 0.083333 0.625000 0.096405 0.613796 0.099673 0.610469 0.109944 0.592962 0.121615 0.567927 0.124650 0.564251 0.126751 0.559349 0.131186 0.540616 0.131186 0.532913 0.130252 0.528711 0.128151 0.522409 0.123483 0.515231 0.116013 0.508228 0.100840 0.500175 0.095705 0.496674 0.088469 0.493697 0.067694 0.488445 0.046452 0.487395 0.029645 0.488270 0.016340 0.491422 0.005836 0.494748 0.001634 0.496849
1 0.044351 0.671043 0.045518 0.678396 0.048553 0.685749 0.049720 0.692402 0.055322 0.706583 0.059524 0.712185 0.070261 0.734419 0.079132 0.744923 0.083100 0.752101 0.093838 0.763130 0.098739 0.766106 0.102474 0.765231 0.105742 0.763480 0.113445 0.757178 0.121849 0.751751 0.149860 0.735469 0.178105 0.723389 0.189076 0.720588 0.198413 0.716562 0.210084 0.714286 0.220121 0.712885 0.235061 0.713060 0.240896 0.714111 0.247666 0.714111 0.249533 0.713410 0.249767 0.709734 0.242530 0.695378 0.231559 0.680147 0.222689 0.671744 0.210784 0.662815 0.200047 0.650210 0.190943 0.642857 0.175070 0.634979 0.171569 0.632528 0.137021 0.619048 0.115780 0.615196 0.103408 0.614496 0.098973 0.614846 0.066060 0.638831 0.047852 0.647234 0.045285 0.650910 0.044351 0.655812 0.044351 0.671043
1 0.001867 0.711134 0.000000 0.711134 0.000000 0.857143 0.001634 0.857143 0.003268 0.854167 0.005369 0.852591 0.016573 0.838761 0.040383 0.806022 0.048086 0.791317 0.061625 0.759804 0.064426 0.750175 0.066060 0.739321 0.065593 0.730742 0.064426 0.727766 0.055789 0.709384 0.051821 0.705182 0.044118 0.703256 0.028945 0.703606 0.007236 0.708683 0.001867 0.711134
0 0.040850 0.910539 0.042017 0.919643 0.041317 0.925595 0.042951 0.928922 0.044118 0.943102 0.046452 0.950630 0.048553 0.963410 0.053455 0.974265 0.063725 0.984069 0.074697 0.991597 0.090570 0.997899 0.091036 0.999825 0.147993 0.999825 0.148226 0.998074 0.154528 0.996849 0.161298 0.992822 0.165033 0.992997 0.182306 0.987395 0.186041 0.983718 0.199346 0.979342 0.206349 0.974965 0.209851 0.973915 0.213819 0.969188 0.224556 0.963761 0.227591 0.961134 0.231793 0.955182 0.247899 0.942752 0.264706 0.921919 0.270542 0.912815 0.277544 0.899335 0.292017 0.861870 0.293184 0.855567 0.295051 0.851891 0.297152 0.838410 0.298786 0.834384 0.300654 0.820028 0.302521 0.813725 0.304855 0.797794 0.305789 0.780637 0.305322 0.772584 0.303688 0.769083 0.303688 0.764531 0.302054 0.762255 0.301587 0.758578 0.298553 0.751576 0.293884 0.744398 0.287582 0.738620 0.268441 0.723915 0.261905 0.720763 0.251634 0.716211 0.244631 0.714986 0.228992 0.713936 0.217554 0.714286 0.196545 0.718137 0.192344 0.720238 0.180205 0.723915 0.157796 0.732668 0.143791 0.740721 0.136555 0.744048 0.113912 0.758578 0.108543 0.763305 0.091503 0.775210 0.086368 0.781688 0.077264 0.789916 0.061858 0.816527 0.057190 0.831583 0.052521 0.841737 0.044585 0.885329 0.040850 0.910539
1 0.016340 0.841562 0.004902 0.855392 0.001867 0.860819 0.000000 0.860994 0.000000 0.999825 0.084267 0.999825 0.084267 0.998249 0.081466 0.995448 0.073063 0.992472 0.057190 0.979867 0.051354 0.973039 0.045985 0.956583 0.041550 0.935924 0.039916 0.912465 0.043417 0.887255 0.048086 0.866071 0.049020 0.855917 0.055089 0.831232 0.062325 0.814251 0.066993 0.807248 0.070028 0.799545 0.074463 0.793768 0.074463 0.789216 0.067694 0.790791 0.064426 0.792367 0.053455 0.800070 0.039916 0.812150 0.021008 0.834559 0.016340 0.841562
1 0.305089 0.800070 0.305322 0.803922 0.300187 0.831408 0.297852 0.850840 0.294818 0.859769 0.293184 0.860819 0.289449 0.869573 0.281279 0.895133 0.279178 0.897759 0.270075 0.916317 0.262605 0.925245 0.254202 0.937675 0.244164 0.948004 0.235994 0.953081 0.234127 0.956408 0.229925 0.959734 0.228058 0.963235 0.222689 0.966912 0.229692 0.978116 0.235761 0.985469 0.242063 0.990721 0.246965 0.999825 0.399160 0.999825 0.401261 0.990546 0.402428 0.973389 0.399627 0.967087 0.391457 0.954482 0.382353 0.932073 0.378618 0.903887 0.376517 0.897934 0.376751 0.873424 0.373249 0.854167 0.368114 0.834909 0.359944 0.825805 0.352241 0.819503 0.347572 0.817402 0.345238 0.814951 0.335201 0.809699 0.324230 0.802171 0.316060 0.799195 0.310458 0.794643 0.307190 0.794468 0.306723 0.795343 0.305089 0.800070
1 0.306489 0.790791 0.307423 0.793417 0.324230 0.801646 0.339169 0.811099 0.345472 0.813375 0.348973 0.807073 0.350840 0.800595 0.351541 0.786415 0.348973 0.777486 0.342437 0.769958 0.338702 0.768207 0.334267 0.768207 0.320261 0.771534 0.314192 0.772059 0.307656 0.774685 0.306956 0.775560 0.306489 0.790791
1 0.239029 0.686099 0.242764 0.691877 0.244631 0.697829 0.251401 0.706758 0.255602 0.709909 0.257937 0.714986 0.260037 0.716912 0.263539 0.718312 0.265640 0.720413 0.270542 0.722164 0.277778 0.726541 0.284080 0.732143 0.285948 0.735119 0.295518 0.743347 0.302521 0.754027 0.307190 0.771884 0.323529 0.771359 0.332166 0.768032 0.339402 0.766807 0.341970 0.765231 0.348973 0.763655 0.359477 0.758578 0.375817 0.748599 0.388422 0.737745 0.394958 0.730742 0.402194 0.721814 0.414799 0.702206 0.429038 0.675070 0.436741 0.655987 0.440710 0.640581 0.440009 0.636555 0.439076 0.635504 0.437675 0.637430 0.434874 0.639181 0.432773 0.642857 0.418768 0.654762 0.401727 0.665266 0.389589 0.671043 0.367880 0.679272 0.355742 0.682773 0.338469 0.685049 0.323529 0.688025 0.302288 0.688901 0.265640 0.685049 0.245098 0.678571 0.241830 0.680147 0.240196 0.682598 0.239029 0.686099
1 0.196312 0.633403 0.197012 0.636905 0.209384 0.657913 0.214986 0.661590 0.217787 0.664741 0.224790 0.668242 0.229225 0.672094 0.235528 0.674195 0.241363 0.677521 0.248366 0.679097 0.249533 0.680147 0.254902 0.681898 0.268908 0.684699 0.289449 0.687500 0.301120 0.688375 0.323529 0.688025 0.331933 0.685924 0.351774 0.683473 0.368347 0.679972 0.396359 0.667542 0.410831 0.659489 0.424136 0.650560 0.429739 0.645658 0.433007 0.640406 0.442577 0.629727 0.452614 0.613796 0.461951 0.602066 0.466387 0.592262 0.470588 0.590511 0.478525 0.580882 0.486228 0.568102 0.493231 0.553746 0.495331 0.546744 0.494865 0.542892 0.496732 0.537115 0.497199 0.529412 0.491597 0.514706 0.484594 0.507178 0.470355 0.499650 0.442577 0.492297 0.433240 0.490896 0.428105 0.491071 0.421802 0.489671 0.418067 0.489846 0.414799 0.492472 0.412698 0.497374 0.408964 0.501926 0.408030 0.504902 0.402894 0.508754 0.401494 0.511905 0.392390 0.519608 0.387021 0.522409 0.384921 0.525385 0.376751 0.531688 0.369748 0.535014 0.360177 0.540966 0.344771 0.547094 0.317694 0.554447 0.294585 0.558473 0.284781 0.558999 0.265173 0.558473 0.262138 0.558999 0.239029 0.575455 0.234594 0.577731 0.226657 0.585434 0.215920 0.591912 0.209617 0.600490 0.201914 0.608718 0.199580 0.612920 0.196545 0.622549 0.196312 0.633403
1 0.131886 0.524160 0.133287 0.532388 0.133520 0.542542 0.134687 0.546744 0.136321 0.548669 0.137488 0.557423 0.139356 0.563550 0.146125 0.581758 0.153128 0.595063 0.171335 0.620448 0.189076 0.637255 0.192577 0.638655 0.194678 0.635854 0.195378 0.620973 0.201914 0.607318 0.204482 0.603817 0.216853 0.590511 0.223856 0.585434 0.227124 0.584034 0.229925 0.581057 0.239011 0.574243 0.258403 0.560574 0.256769 0.559174 0.249533 0.556898 0.237862 0.554097 0.227358 0.553046 0.199580 0.544993 0.183940 0.539566 0.174370 0.537290 0.163866 0.533964 0.161531 0.532563 0.151961 0.529937 0.136321 0.523459 0.133520 0.521534 0.130486 0.522234 0.131886 0.524160
1 0.056256 0.397234 0.056256 0.401085 0.054388 0.404062 0.053688 0.407563 0.049020 0.415266 0.044351 0.420168 0.034314 0.428221 0.018207 0.433824 0.005135 0.435924 0.000000 0.436099 0.000000 0.482493 0.001867 0.482668 0.002801 0.484769 0.008637 0.490896 0.011905 0.491246 0.028945 0.487220 0.039216 0.486520 0.054155 0.486345 0.068394 0.487745 0.088702 0.492472 0.097806 0.496674 0.105742 0.501751 0.109010 0.502801 0.110878 0.502626 0.112278 0.501225 0.110177 0.490196 0.110644 0.480567 0.112045 0.471289 0.114379 0.465336 0.121849 0.453957 0.133987 0.441352 0.146592 0.432248 0.148459 0.428746 0.145425 0.426996 0.144725 0.425245 0.126517 0.408964 0.118581 0.408438 0.098273 0.409139 0.094071 0.408613 0.077498 0.404237 0.061158 0.396884 0.057190 0.396359 0.056256 0.397234
1 0.055089 0.387430 0.057890 0.393908 0.079132 0.404587 0.087302 0.406688 0.101541 0.408789 0.116013 0.407913 0.122782 0.406513 0.125117 0.405112 0.125350 0.404237 0.116713 0.387605 0.114846 0.380952 0.113679 0.365546 0.115313 0.354867 0.114146 0.349090 0.112745 0.346989 0.109244 0.348214 0.108077 0.351190 0.105976 0.352766 0.099907 0.361169 0.085901 0.370798 0.066993 0.378501 0.054855 0.380077 0.055089 0.387430
1 0.274743 0.397409 0.276611 0.398284 0.294351 0.398810 0.324697 0.401436 0.353408 0.407038 0.368814 0.411239 0.380719 0.415616 0.387255 0.419818 0.402894 0.433123 0.404295 0.436800 0.406396 0.439251 0.411531 0.440126 0.417834 0.438200 0.421335 0.438725 0.423669 0.440301 0.425303 0.444678 0.428805 0.439776 0.426704 0.432073 0.426471 0.412815 0.425070 0.404412 0.421802 0.401786 0.404762 0.395483 0.384220 0.382703 0.371382 0.373599 0.357610 0.359769 0.349673 0.347689 0.341970 0.338235 0.338469 0.338235 0.319795 0.344538 0.312792 0.347514 0.302988 0.353466 0.290616 0.376576 0.281279 0.389181 0.276611 0.394083 0.274743 0.397409
1 0.412232 0.456057 0.413866 0.458508 0.416433 0.466737 0.418301 0.469363 0.422969 0.460084 0.425303 0.448880 0.421569 0.448354 0.416433 0.449055 0.414566 0.449930 0.411998 0.452731 0.412232 0.456057
1 0.369048 0.817927 0.369981 0.834734 0.375350 0.855392 0.380719 0.884629 0.380952 0.913690 0.383053 0.928046 0.385154 0.935749 0.390523 0.949930 0.398459 0.963410 0.410364 0.978291 0.427638 0.995448 0.433240 0.998249 0.433240 0.999825 0.608077 0.999825 0.617647 0.987920 0.624883 0.970938 0.627218 0.953081 0.626751 0.932073 0.625584 0.921744 0.622782 0.914741 0.620448 0.904587 0.609244 0.876576 0.586134 0.833859 0.568394 0.812675 0.554622 0.801646 0.550420 0.797269 0.545051 0.794643 0.542250 0.791317 0.536415 0.786940 0.535014 0.785014 0.528945 0.780987 0.526377 0.778011 0.518674 0.773109 0.505369 0.766807 0.477824 0.758578 0.468021 0.757528 0.462885 0.755777 0.453081 0.754202 0.444211 0.754027 0.435808 0.755077 0.431839 0.754902 0.428105 0.756828 0.421102 0.757003 0.414332 0.758228 0.403128 0.761905 0.398226 0.764706 0.396125 0.766807 0.387021 0.770658 0.381653 0.775735 0.378852 0.782388 0.375350 0.786590 0.369514 0.803221 0.369048 0.817927
1 0.346172 0.814251 0.348739 0.817577 0.354108 0.820378 0.362278 0.827031 0.366246 0.831583 0.366947 0.831408 0.368347 0.830007 0.369281 0.825630 0.368114 0.814426 0.369281 0.800070 0.373249 0.788165 0.379552 0.779237 0.381653 0.774335 0.387021 0.769783 0.394024 0.766807 0.401961 0.761204 0.417134 0.757178 0.435341 0.755077 0.430205 0.753852 0.427638 0.751751 0.422502 0.750875 0.408030 0.751751 0.398459 0.755252 0.396359 0.756828 0.384921 0.761730 0.373249 0.772584 0.355509 0.796394 0.348273 0.808824 0.346172 0.814251
0 0.493697 0.697129 0.499300 0.718487 0.505135 0.730917 0.518441 0.750525 0.548786 0.783263 0.554388 0.787640 0.563725 0.797969 0.581466 0.813550 0.584034 0.814776 0.617414 0.839986 0.622782 0.842612 0.633520 0.850840 0.658497 0.864146 0.688842 0.875700 0.706116 0.878501 0.709851 0.877801 0.713819 0.877976 0.720355 0.879727 0.723156 0.879027 0.728992 0.879202 0.741130 0.876225 0.747666 0.873249 0.765173 0.860994 0.771942 0.852416 0.779879 0.838410 0.783613 0.821254 0.783847 0.813725 0.781746 0.797444 0.778011 0.782738 0.775444 0.776436 0.774977 0.772409 0.768441 0.758403 0.763305 0.750175 0.755135 0.739671 0.747666 0.732318 0.741597 0.724790 0.732260 0.716562 0.699813 0.693978 0.683007 0.684699 0.668301 0.678221 0.664566 0.675420 0.650327 0.669293 0.640523 0.663340 0.627684 0.658088 0.612512 0.649685 0.605742 0.647759 0.581933 0.638655 0.557423 0.633578 0.539916 0.633578 0.519141 0.641457 0.510971 0.647409 0.501634 0.657563 0.499066 0.661590 0.496499 0.668242 0.494164 0.678046 0.493697 0.697129
1 0.454248 0.751751 0.457049 0.753501 0.466853 0.756127 0.476657 0.757703 0.494865 0.763480 0.499066 0.764181 0.507703 0.766982 0.521475 0.773810 0.533613 0.782213 0.545985 0.793417 0.552288 0.797619 0.554155 0.800245 0.558824 0.802696 0.562325 0.806548 0.571895 0.814426 0.576797 0.821254 0.584267 0.828957 0.592904 0.843312 0.595238 0.849090 0.599440 0.855392 0.608543 0.873249 0.618814 0.896709 0.624883 0.915791 0.629085 0.919993 0.633754 0.920693 0.637255 0.919643 0.641923 0.914741 0.655696 0.907913 0.659430 0.905287 0.668067 0.901786 0.679505 0.893732 0.690243 0.884279 0.693044 0.880252 0.690243 0.877626 0.658730 0.864846 0.649627 0.860294 0.644024 0.856092 0.631653 0.850140 0.625584 0.845413 0.615546 0.839811 0.609711 0.834034 0.580065 0.813200 0.578198 0.810749 0.575864 0.810049 0.569561 0.803922 0.562792 0.799370 0.554388 0.789391 0.545051 0.780987 0.540850 0.775385 0.535247 0.770133 0.516573 0.749125 0.503968 0.730217 0.498833 0.719538 0.496499 0.712010 0.494631 0.710084 0.491130 0.710784 0.480859 0.714811 0.468721 0.722514 0.459150 0.732843 0.455182 0.744573 0.454248 0.751751
1 0.393324 0.737920 0.396825 0.743172 0.404995 0.748599 0.409430 0.750175 0.423203 0.750525 0.428105 0.751576 0.434641 0.751926 0.450514 0.751751 0.453782 0.748950 0.455182 0.740546 0.458217 0.733718 0.467554 0.723214 0.480159 0.714986 0.493464 0.709034 0.494164 0.706057 0.491597 0.686275 0.492297 0.678396 0.493231 0.673319 0.496032 0.664916 0.498366 0.661239 0.500000 0.654412 0.492764 0.649160 0.483894 0.637605 0.473856 0.616947 0.465686 0.617647 0.451914 0.622549 0.446312 0.626401 0.442344 0.633754 0.440009 0.647409 0.434407 0.664391 0.427871 0.679447 0.408497 0.714636 0.396125 0.730742 0.393557 0.735294 0.393324 0.737920
0 0.649860 0.646884 0.651494 0.654762 0.657563 0.668242 0.661765 0.672794 0.675070 0.680322 0.685574 0.684524 0.688609 0.686975 0.701214 0.693803 0.721989 0.707808 0.727824 0.710434 0.730859 0.713761 0.736111 0.715949 0.744631 0.722689 0.751401 0.724965 0.757703 0.728817 0.778011 0.736345 0.796919 0.742472 0.803455 0.743873 0.810224 0.744398 0.817460 0.746499 0.823140 0.746849 0.845472 0.750875 0.855275 0.751401 0.886788 0.751050 0.907563 0.747199 0.926471 0.741947 0.946078 0.735119 0.949580 0.733193 0.963585 0.723389 0.971522 0.713936 0.977824 0.702906 0.979692 0.693803 0.981092 0.672094 0.980159 0.654062 0.977358 0.647059 0.970355 0.638305 0.960551 0.628852 0.943511 0.618172 0.935808 0.615371 0.925537 0.610294 0.891457 0.597514 0.866013 0.590511 0.856909 0.588936 0.845005 0.585784 0.809757 0.579657 0.780812 0.576856 0.765173 0.576856 0.747666 0.577906 0.738095 0.579657 0.720355 0.584559 0.695612 0.593487 0.686741 0.597514 0.678338 0.603466 0.671802 0.606443 0.663632 0.611870 0.660364 0.615546 0.654995 0.624300 0.651494 0.633403 0.649860 0.646884
1 0.679505 0.522584 0.691410 0.541317 0.704715 0.554797 0.709150 0.558298 0.721755 0.565126 0.728758 0.569853 0.743931 0.576506 0.762372 0.576331 0.766106 0.575455 0.771475 0.575280 0.775910 0.576155 0.806723 0.578256 0.831699 0.582283 0.866713 0.589986 0.883520 0.594538 0.893091 0.596113 0.897759 0.595938 0.902894 0.594538 0.918301 0.593662 0.935574 0.589461 0.942110 0.586310 0.954248 0.576506 0.964052 0.564426 0.968254 0.556723 0.971055 0.543417 0.969655 0.536415 0.960784 0.514881 0.942577 0.493697 0.938375 0.491071 0.932773 0.485994 0.918534 0.476891 0.910598 0.473915 0.901027 0.468662 0.896592 0.467437 0.878151 0.458158 0.873249 0.456758 0.852474 0.453782 0.842437 0.453782 0.838469 0.455882 0.830532 0.464811 0.811275 0.480480 0.795051 0.489671 0.784547 0.494048 0.753735 0.503151 0.741363 0.505602 0.718954 0.508228 0.696078 0.511555 0.692577 0.512605 0.689076 0.512605 0.681373 0.515056 0.679972 0.516632 0.679505 0.522584
1 0.472923 0.606268 0.477358 0.623249 0.480159 0.629902 0.487162 0.641282 0.494164 0.649510 0.497899 0.652661 0.501401 0.653711 0.503501 0.652836 0.516807 0.641807 0.530812 0.634454 0.535948 0.633053 0.539683 0.633228 0.549486 0.631828 0.563025 0.632878 0.574230 0.635329 0.595005 0.642157 0.598973 0.644258 0.609010 0.647759 0.612745 0.647584 0.616246 0.644083 0.623950 0.629027 0.630252 0.612045 0.633053 0.600665 0.638422 0.585434 0.640756 0.564251 0.639823 0.548144 0.635621 0.532738 0.630252 0.522934 0.627218 0.522059 0.599673 0.521709 0.567694 0.516632 0.565593 0.518557 0.557423 0.530812 0.551120 0.535364 0.547386 0.539566 0.538982 0.545168 0.529412 0.548494 0.521709 0.549720 0.509104 0.549895 0.503501 0.549195 0.498133 0.547619 0.495798 0.549195 0.492297 0.558473 0.485061 0.573179 0.472923 0.591737 0.472923 0.606268
0 0.525444 0.448311 0.523576 0.452906 0.523576 0.463585 0.529412 0.485644 0.539216 0.498074 0.543417 0.500875 0.547619 0.501751 0.549953 0.505427 0.556022 0.507703 0.566760 0.513480 0.568394 0.515056 0.577731 0.517332 0.601774 0.520658 0.623249 0.521008 0.637255 0.520308 0.654528 0.518382 0.674136 0.514706 0.678571 0.514881 0.685107 0.512955 0.744631 0.503852 0.766573 0.499125 0.783147 0.493522 0.796685 0.487570 0.813025 0.477591 0.837535 0.456408 0.840103 0.453081 0.842904 0.446078 0.847106 0.442752 0.852474 0.435049 0.854108 0.431898 0.855509 0.425070 0.859477 0.418242 0.862045 0.411239 0.863212 0.396709 0.862512 0.387605 0.860177 0.376751 0.856443 0.372374 0.853875 0.367297 0.849206 0.362570 0.828198 0.345238 0.820962 0.341036 0.813725 0.338585 0.810458 0.338410 0.803922 0.335609 0.789916 0.334384 0.754902 0.334734 0.741130 0.336310 0.717087 0.340336 0.699813 0.344713 0.689776 0.346464 0.675303 0.350490 0.661298 0.353116 0.609944 0.368873 0.593838 0.375525 0.573763 0.387430 0.559991 0.397759 0.544818 0.411415 0.534547 0.425245 0.527544 0.438901 0.525444 0.445553 0.525444 0.448311
0 0.326331 0.265756 0.328898 0.289041 0.334967 0.317752 0.338002 0.323880 0.338936 0.328081 0.347339 0.343662 0.351541 0.348564 0.354108 0.353641 0.359711 0.361169 0.373716 0.374650 0.383053 0.381653 0.400794 0.392682 0.406629 0.395483 0.421569 0.400735 0.426237 0.403186 0.439309 0.405987 0.450514 0.406513 0.456116 0.407563 0.459384 0.406863 0.474323 0.406513 0.488562 0.403186 0.506069 0.395308 0.515640 0.388655 0.525910 0.376926 0.531046 0.363095 0.531979 0.349265 0.531279 0.328606 0.523109 0.296218 0.521709 0.279937 0.517040 0.262430 0.504202 0.237220 0.498599 0.229867 0.492063 0.223564 0.483193 0.216912 0.471055 0.209559 0.461018 0.204482 0.442577 0.198529 0.428338 0.195203 0.422035 0.194153 0.401027 0.194328 0.394024 0.195553 0.389006 0.197479 0.380019 0.198179 0.373249 0.201155 0.369748 0.200980 0.367880 0.202206 0.362745 0.203606 0.358077 0.206232 0.355742 0.206408 0.349907 0.208859 0.341737 0.215861 0.334967 0.225490 0.329599 0.237745 0.326797 0.254377 0.326331 0.265756
1 0.441176 0.471639 0.445378 0.491246 0.455882 0.493522 0.475724 0.500700 0.482026 0.503852 0.486928 0.507528 0.493231 0.515056 0.497899 0.525560 0.497666 0.546744 0.502334 0.548494 0.511905 0.549720 0.525910 0.548845 0.534080 0.546919 0.546685 0.540266 0.550887 0.536064 0.554388 0.533789 0.560691 0.526436 0.565126 0.515581 0.561391 0.512955 0.556723 0.512080 0.553922 0.508754 0.551120 0.507353 0.550187 0.504902 0.547852 0.505252 0.542951 0.502451 0.537582 0.498249 0.534781 0.493522 0.529178 0.487570 0.524743 0.473039 0.523109 0.463761 0.524043 0.448704 0.526844 0.438025 0.531979 0.427871 0.541317 0.414566 0.549020 0.405812 0.571895 0.387080 0.579832 0.382178 0.588235 0.378852 0.589869 0.376751 0.589869 0.372374 0.588469 0.367997 0.575163 0.355742 0.560458 0.349615 0.543417 0.347164 0.534080 0.347689 0.532680 0.349440 0.531746 0.366246 0.529412 0.372724 0.525210 0.379727 0.516573 0.389706 0.501867 0.398810 0.489963 0.403536 0.476891 0.407213 0.460551 0.409314 0.456116 0.409139 0.453081 0.410189 0.445845 0.425595 0.443044 0.439426 0.441176 0.455532 0.441176 0.471639
1 0.591970 0.372199 0.594071 0.372899 0.598039 0.372549 0.626284 0.362920 0.657563 0.354342 0.664099 0.351891 0.671802 0.350665 0.689076 0.345938 0.720355 0.338936 0.737395 0.335784 0.741597 0.335784 0.749767 0.334384 0.771942 0.333508 0.797619 0.334034 0.810924 0.336660 0.814659 0.338585 0.821895 0.338761 0.836368 0.324405 0.843838 0.318978 0.846172 0.316176 0.853175 0.307073 0.855042 0.300245 0.859477 0.291667 0.860878 0.284139 0.860644 0.273109 0.858543 0.265231 0.853875 0.254902 0.845472 0.245273 0.838469 0.241422 0.832400 0.236695 0.810691 0.230567 0.799720 0.228992 0.788982 0.228466 0.786415 0.227591 0.783147 0.228291 0.758170 0.228817 0.751867 0.230917 0.741597 0.232493 0.740430 0.234069 0.738095 0.234944 0.730392 0.235994 0.716620 0.242297 0.710784 0.245973 0.707283 0.247024 0.695612 0.254027 0.671102 0.270308 0.668067 0.273284 0.666200 0.273634 0.661531 0.278536 0.650327 0.285889 0.649393 0.289391 0.646359 0.293067 0.627918 0.311625 0.623483 0.317402 0.620215 0.318978 0.617414 0.323880 0.607843 0.334559 0.605042 0.338761 0.601307 0.341912 0.593371 0.355567 0.591737 0.362395 0.591970 0.372199
1 0.648459 0.286064 0.646592 0.289566 0.647292 0.291141 0.648926 0.289041 0.651027 0.288340 0.654528 0.284314 0.661531 0.279412 0.666433 0.273810 0.681139 0.264706 0.686975 0.262080 0.691643 0.257528 0.698646 0.253326 0.703081 0.251576 0.708917 0.247024 0.731326 0.237395 0.748133 0.232143 0.765173 0.229342 0.776377 0.228641 0.787115 0.228992 0.809057 0.231618 0.823296 0.234419 0.831699 0.237220 0.833800 0.234769 0.833800 0.230917 0.832400 0.226541 0.820028 0.207808 0.816060 0.203782 0.804155 0.195728 0.789916 0.192227 0.779178 0.192402 0.761438 0.194853 0.757470 0.196779 0.748133 0.199230 0.736461 0.204307 0.723856 0.211835 0.718487 0.215861 0.717554 0.217437 0.713585 0.218312 0.710551 0.221113 0.695845 0.230917 0.679505 0.244573 0.678805 0.246148 0.664332 0.258754 0.654295 0.272409 0.652194 0.277311 0.649860 0.279937 0.648459 0.286064
1 0.478758 0.209559 0.479925 0.213235 0.491830 0.221989 0.503735 0.234419 0.519141 0.262780 0.523343 0.279237 0.523109 0.290091 0.525210 0.301646 0.531279 0.324405 0.533613 0.344188 0.534547 0.345413 0.536648 0.346113 0.560458 0.348564 0.574697 0.340336 0.578431 0.335259 0.583333 0.331232 0.594071 0.317052 0.599907 0.310924 0.601774 0.305497 0.618347 0.277661 0.632353 0.252276 0.637488 0.241246 0.642624 0.227241 0.644958 0.205707 0.642857 0.189076 0.635387 0.167542 0.631186 0.160714 0.625350 0.156162 0.621382 0.149685 0.613679 0.144258 0.609244 0.140056 0.598973 0.134279 0.595705 0.132878 0.580532 0.129202 0.564893 0.129027 0.550187 0.130777 0.542951 0.133403 0.539916 0.133403 0.529178 0.138305 0.518441 0.145133 0.516106 0.147934 0.510504 0.152311 0.494398 0.174195 0.487628 0.186450 0.479925 0.204832 0.478758 0.209559
1 0.454715 0.101891 0.448413 0.127101 0.430672 0.157213 0.416667 0.172794 0.407796 0.179972 0.403595 0.182248 0.401027 0.185749 0.403361 0.189076 0.409430 0.191702 0.413399 0.192577 0.422035 0.192752 0.428105 0.193627 0.441877 0.196779 0.455415 0.201155 0.474323 0.209559 0.477358 0.208508 0.481793 0.196779 0.489963 0.180497 0.500934 0.162290 0.507470 0.154062 0.508170 0.151261 0.508170 0.130252 0.505135 0.116246 0.498366 0.102416 0.490896 0.092437 0.480392 0.084384 0.473856 0.081232 0.460084 0.075630 0.457516 0.077381 0.454715 0.101891
1 0.260271 0.152486 0.261438 0.161940 0.265406 0.178746 0.269608 0.185399 0.278245 0.193277 0.285948 0.197829 0.296218 0.202556 0.307656 0.205882 0.313959 0.206758 0.326564 0.207633 0.342204 0.206933 0.349673 0.205707 0.366246 0.200630 0.380019 0.195378 0.393791 0.188025 0.405929 0.179797 0.419701 0.169118 0.424370 0.162465 0.432306 0.154062 0.447012 0.127451 0.452614 0.109769 0.455882 0.090686 0.456816 0.078256 0.455649 0.056373 0.451914 0.043067 0.448880 0.036590 0.443277 0.029237 0.439309 0.026085 0.437208 0.022409 0.431606 0.019258 0.428105 0.016106 0.415266 0.010154 0.410364 0.009804 0.401961 0.006828 0.394024 0.005602 0.386088 0.006127 0.379785 0.005427 0.366713 0.007353 0.362045 0.009104 0.359010 0.008578 0.349907 0.012605 0.344304 0.014181 0.328198 0.022409 0.324697 0.023284 0.310691 0.031513 0.303221 0.036415 0.289216 0.050420 0.278478 0.063901 0.272409 0.075280 0.267040 0.091912 0.262372 0.120098 0.260971 0.134454 0.260271 0.152486
1 0.163399 0.134454 0.166667 0.155462 0.177871 0.174195 0.187442 0.192577 0.190710 0.196429 0.196078 0.207808 0.199580 0.209034 0.207516 0.207108 0.222456 0.205882 0.244631 0.207808 0.258637 0.210434 0.282913 0.219188 0.287348 0.221814 0.298553 0.230742 0.306022 0.239496 0.309290 0.245273 0.314426 0.258403 0.314659 0.265756 0.317694 0.267157 0.322596 0.266457 0.324463 0.264531 0.324930 0.254552 0.329132 0.233894 0.334267 0.222164 0.341737 0.209909 0.338702 0.208508 0.321429 0.208158 0.308824 0.206583 0.293417 0.202031 0.281746 0.196078 0.274510 0.191352 0.266573 0.182248 0.261438 0.171394 0.259337 0.149335 0.260971 0.123424 0.265640 0.098564 0.265406 0.091562 0.249066 0.087360 0.233660 0.085259 0.219655 0.085434 0.200514 0.088410 0.192577 0.091737 0.183707 0.096814 0.173436 0.105742 0.166900 0.114146 0.164799 0.119573 0.163632 0.126576 0.163399 0.134454
1 0.128852 0.109244 0.131186 0.113095 0.145658 0.128151 0.155462 0.141457 0.161298 0.151961 0.163399 0.153011 0.164799 0.154937 0.165266 0.149510 0.162932 0.132820 0.163399 0.124300 0.165966 0.116246 0.164799 0.113445 0.161298 0.111520 0.147292 0.108543 0.137722 0.107843 0.132120 0.108368 0.128852 0.109244
1 0.620915 0.150910 0.623716 0.152486 0.634220 0.164216 0.641690 0.180672 0.644958 0.198529 0.645425 0.213936 0.642624 0.231092 0.633287 0.251926 0.621148 0.272059 0.611111 0.291141 0.606209 0.297269 0.604575 0.303746 0.604575 0.307423 0.605742 0.310049 0.609010 0.309524 0.612045 0.307073 0.618347 0.305147 0.623483 0.302171 0.625350 0.301821 0.627218 0.300070 0.644024 0.292542 0.651961 0.276085 0.661531 0.262605 0.683940 0.240896 0.708917 0.221464 0.712185 0.217087 0.715453 0.202556 0.715686 0.195203 0.714753 0.189076 0.710317 0.175420 0.707049 0.169818 0.699580 0.160364 0.693044 0.154237 0.686741 0.149860 0.674837 0.145308 0.658497 0.142157 0.643091 0.142332 0.630952 0.143732 0.626751 0.144783 0.620915 0.147409 0.620915 0.150910
1 0.590103 0.324230 0.576797 0.339636 0.562792 0.348915 0.574697 0.355392 0.581466 0.361695 0.588469 0.366422 0.591737 0.360294 0.592670 0.355742 0.597806 0.347339 0.613912 0.326681 0.616480 0.324580 0.620215 0.317752 0.616246 0.314776 0.609477 0.313550 0.598973 0.313901 0.595472 0.316527 0.590103 0.324230
1 0.825864 0.341912 0.827031 0.344363 0.827965 0.345588 0.831466 0.347164 0.839169 0.352591 0.847456 0.359856 0.855976 0.370448 0.861578 0.380077 0.864146 0.391282 0.863912 0.404937 0.860644 0.419993 0.852941 0.435924 0.848039 0.443277 0.844538 0.446078 0.842437 0.449580 0.843838 0.451506 0.848273 0.452906 0.866947 0.454657 0.873950 0.450630 0.875584 0.448529 0.882586 0.443627 0.887488 0.439076 0.899860 0.425420 0.928338 0.390231 0.932540 0.382178 0.933007 0.373074 0.932306 0.369923 0.929038 0.363095 0.922502 0.353992 0.914799 0.348564 0.910364 0.347689 0.904295 0.343662 0.898459 0.342612 0.894024 0.340511 0.890289 0.339986 0.879785 0.336485 0.873249 0.335259 0.869514 0.335609 0.866246 0.334734 0.858310 0.334559 0.831466 0.336310 0.830532 0.337185 0.825864 0.341912
1 0.508637 0.154762 0.509570 0.153011 0.512138 0.151786 0.520775 0.143382 0.530579 0.137080 0.526377 0.133578 0.520542 0.132003 0.514006 0.131127 0.510504 0.131127 0.508637 0.132003 0.508637 0.154762
1 0.625350 0.631828 0.626517 0.636730 0.628852 0.637780 0.635854 0.644433 0.637021 0.646884 0.639122 0.644083 0.640756 0.643557 0.647292 0.646183 0.648693 0.643908 0.653128 0.626225 0.659197 0.615896 0.668067 0.607493 0.687908 0.596464 0.709851 0.587185 0.713352 0.586835 0.720822 0.584384 0.723856 0.582633 0.742063 0.578081 0.738562 0.575980 0.737395 0.574405 0.723856 0.567577 0.713119 0.563725 0.706583 0.563901 0.696312 0.566527 0.685574 0.567927 0.679272 0.570028 0.673903 0.573179 0.664799 0.576155 0.661531 0.576506 0.654528 0.579132 0.640523 0.589461 0.638189 0.592437 0.636555 0.595413 0.635154 0.603116 0.626284 0.626401 0.625350 0.631828
1 0.745098 0.727416 0.746732 0.728291 0.747666 0.730917 0.750467 0.732493 0.753268 0.735469 0.754669 0.738270 0.762838 0.747899 0.774743 0.769783 0.781513 0.791492 0.786415 0.814601 0.788515 0.812675 0.793184 0.810399 0.811625 0.792367 0.820962 0.786064 0.835901 0.772584 0.836368 0.765231 0.833800 0.756828 0.828431 0.749825 0.826564 0.748950 0.818627 0.747724 0.810691 0.745273 0.796919 0.743172 0.757003 0.729867 0.748133 0.725315 0.745331 0.726541 0.745098 0.727416