0 0.380720 0.608867 0.383385 0.623747 0.391826 0.644094 0.404709 0.662314 0.414927 0.668995 0.416259 0.671728 0.421590 0.675676 0.438916 0.684179 0.464238 0.690859 0.508663 0.692074 0.539760 0.688126 0.550422 0.685697 0.580631 0.675372 0.602399 0.661707 0.605064 0.656848 0.612617 0.652293 0.640604 0.627088 0.659263 0.602794 0.670369 0.584877 0.680142 0.564834 0.694358 0.522320 0.696135 0.494686 0.685917 0.465533 0.674811 0.451260 0.664594 0.443365 0.641937 0.431521 0.622834 0.425144 0.596179 0.419982 0.573079 0.419678 0.547312 0.423322 0.525988 0.430307 0.506442 0.438506 0.483341 0.452171 0.474456 0.460067 0.466459 0.464622 0.448689 0.480717 0.429587 0.501367 0.393159 0.550258 0.387383 0.562405 0.380720 0.589432 0.380720 0.608867
0 0.068858 0.742180 0.072412 0.755238 0.084851 0.781962 0.100844 0.803826 0.120835 0.824780 0.143936 0.844519 0.146602 0.848466 0.179920 0.874886 0.264327 0.929548 0.292315 0.944428 0.318969 0.954753 0.325189 0.955360 0.342070 0.960826 0.358063 0.963863 0.372723 0.965077 0.402044 0.964774 0.421590 0.960826 0.442470 0.952627 0.457130 0.943213 0.471346 0.928940 0.479343 0.914971 0.485118 0.897358 0.482896 0.864561 0.476677 0.842089 0.456686 0.808078 0.427810 0.770726 0.406486 0.751291 0.388716 0.730641 0.373167 0.715761 0.352288 0.699059 0.324300 0.682053 0.296757 0.667780 0.288316 0.665047 0.274989 0.657152 0.241670 0.645308 0.193247 0.637716 0.157263 0.638627 0.143048 0.642879 0.119058 0.654115 0.116393 0.660796 0.101733 0.668084 0.078187 0.692378 0.068858 0.715761 0.068414 0.721531 0.068858 0.742180
1 0.000000 0.731552 0.000000 0.999696 0.029765 0.999696 0.034207 0.993927 0.055531 0.975402 0.070191 0.958700 0.099956 0.916793 0.111506 0.897358 0.123945 0.868813 0.131497 0.848163 0.132830 0.838445 0.097290 0.802308 0.079520 0.775888 0.069747 0.753416 0.063972 0.723656 0.060862 0.722138 0.050200 0.721531 0.003998 0.730641 0.000000 0.731552
1 0.000000 0.485879 0.000000 0.728819 0.029765 0.724264 0.062639 0.716672 0.073745 0.693289 0.087517 0.677801 0.115060 0.657455 0.115504 0.655633 0.132830 0.644701 0.136828 0.640753 0.142603 0.613119 0.143492 0.592773 0.141271 0.578804 0.128832 0.550562 0.117281 0.536896 0.096846 0.518980 0.072412 0.504403 0.053310 0.496204 0.024878 0.488005 0.005331 0.485879 0.000000 0.485879
1 0.002221 0.327361 0.000000 0.327968 0.000000 0.483146 0.032874 0.488309 0.053310 0.494686 0.074189 0.503189 0.104398 0.521713 0.128832 0.548436 0.130164 0.549347 0.136828 0.549043 0.162594 0.535074 0.183030 0.518980 0.188805 0.511084 0.199467 0.501063 0.211906 0.484664 0.221235 0.470392 0.227899 0.455512 0.232785 0.432129 0.230564 0.390222 0.220791 0.349529 0.211462 0.326450 0.207019 0.320073 0.194136 0.307926 0.165260 0.292742 0.110618 0.281810 0.091071 0.283632 0.058196 0.291831 0.036428 0.301549 0.009329 0.320377 0.002221 0.327361
1 0.000000 0.000000 0.000000 0.097783 0.002221 0.102338 0.002665 0.115396 0.005331 0.120559 0.009329 0.140601 0.018214 0.164288 0.035984 0.198603 0.052865 0.223504 0.077299 0.253568 0.093292 0.267234 0.120391 0.280899 0.174589 0.292439 0.201688 0.290920 0.233230 0.284543 0.251000 0.278166 0.269214 0.266930 0.283430 0.253568 0.298090 0.233526 0.302088 0.224112 0.308752 0.195263 0.307863 0.175828 0.302088 0.154570 0.294536 0.135439 0.271879 0.098694 0.224789 0.032189 0.197690 0.000000 0.000000 0.000000
1 0.000000 0.151534 0.000000 0.325235 0.028876 0.304889 0.052865 0.293046 0.073301 0.286061 0.107064 0.279381 0.106175 0.276040 0.091515 0.267234 0.082186 0.259642 0.051977 0.223504 0.030653 0.191619 0.017326 0.165806 0.012439 0.152141 0.008441 0.147586 0.005331 0.148193 0.000000 0.151534
0 0.221679 0.341330 0.221679 0.345885 0.230120 0.373520 0.232341 0.390525 0.234118 0.433343 0.231453 0.456423 0.233674 0.463104 0.240782 0.474036 0.249667 0.484968 0.275877 0.506225 0.321191 0.526268 0.357175 0.528394 0.366504 0.528090 0.388716 0.524446 0.395380 0.520802 0.402044 0.514121 0.408707 0.502885 0.411373 0.494078 0.420258 0.481020 0.432697 0.450957 0.458463 0.407531 0.466015 0.388703 0.468681 0.361980 0.465127 0.334649 0.456686 0.313392 0.443359 0.291831 0.430031 0.275433 0.417592 0.265411 0.407819 0.259034 0.388272 0.250228 0.362506 0.242940 0.342514 0.241421 0.315860 0.242332 0.303421 0.244762 0.289649 0.249620 0.278099 0.262678 0.270102 0.269056 0.245669 0.284543 0.236339 0.299727 0.230120 0.314303 0.221679 0.341330
0 0.443359 0.271485 0.443803 0.289705 0.463794 0.323413 0.473567 0.366231 0.480231 0.374734 0.486450 0.379897 0.517548 0.401458 0.535318 0.409049 0.559751 0.417249 0.589516 0.417856 0.609507 0.419678 0.643714 0.428181 0.657486 0.427270 0.664149 0.425144 0.687250 0.421500 0.701022 0.416945 0.727232 0.402672 0.737450 0.387489 0.737894 0.375949 0.736562 0.366839 0.725900 0.337686 0.714793 0.320984 0.697912 0.286669 0.686362 0.269056 0.667259 0.251746 0.643714 0.237777 0.629942 0.231704 0.609063 0.225023 0.585518 0.219253 0.579298 0.219557 0.573967 0.218038 0.549089 0.218342 0.504220 0.221379 0.496668 0.222897 0.480675 0.229578 0.468681 0.236866 0.455353 0.247798 0.447357 0.258731 0.444691 0.266323 0.443359 0.271485
1 0.739227 0.303067 0.744114 0.332220 0.751666 0.361069 0.757885 0.380200 0.772101 0.404191 0.788983 0.421500 0.799200 0.428181 0.805864 0.435166 0.820524 0.444276 0.838738 0.451868 0.866726 0.459459 0.893825 0.463407 0.907597 0.464015 0.921368 0.462800 0.936473 0.459763 0.960018 0.451260 0.973789 0.442454 0.989338 0.423930 0.997335 0.409657 0.999556 0.408138 0.999556 0.247798 0.984007 0.226237 0.963572 0.204373 0.957797 0.201640 0.949356 0.194959 0.907152 0.176131 0.900044 0.175220 0.879609 0.169450 0.864060 0.167932 0.844958 0.167932 0.832075 0.170058 0.817859 0.175220 0.815637 0.177953 0.808974 0.181294 0.781875 0.189189 0.761439 0.202855 0.749445 0.217127 0.744558 0.226541 0.741004 0.237170 0.737894 0.259034 0.739227 0.303067
1 0.475344 0.174916 0.477566 0.179775 0.475789 0.182205 0.478454 0.188126 0.479343 0.197692 0.482008 0.202855 0.486450 0.208624 0.493558 0.214090 0.501999 0.217431 0.522434 0.218038 0.571302 0.214698 0.585073 0.209535 0.600622 0.201640 0.631275 0.181597 0.657930 0.159733 0.669924 0.144853 0.679254 0.136957 0.687250 0.127240 0.699245 0.109930 0.713461 0.082903 0.723234 0.060128 0.733008 0.024598 0.733896 0.000000 0.536206 0.000000 0.535762 0.003037 0.525544 0.013058 0.508663 0.037352 0.501111 0.061039 0.493114 0.077741 0.488672 0.099302 0.475344 0.174916
1 0.608618 0.209839 0.617948 0.224719 0.635273 0.231704 0.672590 0.253872 0.691693 0.271789 0.696135 0.274218 0.708574 0.277255 0.731675 0.279988 0.734340 0.279077 0.736117 0.275736 0.735673 0.264197 0.740116 0.234133 0.748556 0.215913 0.757441 0.204980 0.832519 0.165806 0.838738 0.165806 0.842292 0.149104 0.842292 0.127847 0.839183 0.114485 0.765882 0.068327 0.750777 0.055876 0.734340 0.034923 0.731675 0.037048 0.726788 0.055269 0.715682 0.081688 0.701910 0.107804 0.686362 0.131187 0.659263 0.160036 0.637494 0.178561 0.612172 0.196477 0.607730 0.201944 0.608618 0.209839
1 0.735673 0.030367 0.744114 0.046159 0.750777 0.053750 0.777876 0.075615 0.816970 0.100213 0.840071 0.112056 0.856952 0.117826 0.875167 0.121166 0.900489 0.121166 0.918703 0.116611 0.934251 0.110234 0.949800 0.098694 0.956020 0.089584 0.964016 0.072275 0.968014 0.055876 0.968014 0.027027 0.961351 0.000000 0.735673 0.000000 0.735673 0.030367
1 0.846735 0.162162 0.848956 0.165503 0.881386 0.167932 0.896935 0.173094 0.904487 0.174005 0.948912 0.193137 0.970235 0.209232 0.984451 0.223808 0.998223 0.242636 0.999556 0.242636 0.999556 0.077437 0.987561 0.075008 0.967126 0.073186 0.961795 0.077741 0.954687 0.094746 0.941804 0.107501 0.936028 0.111145 0.922701 0.116611 0.900489 0.122684 0.861395 0.121773 0.856952 0.124810 0.855175 0.128758 0.847623 0.153356 0.846735 0.162162
1 0.241670 0.049803 0.243892 0.058002 0.273656 0.098087 0.287428 0.119648 0.298978 0.140601 0.306086 0.160947 0.310973 0.182205 0.310973 0.193441 0.306975 0.212876 0.298978 0.233526 0.299867 0.238081 0.306530 0.241421 0.311861 0.238688 0.320746 0.240510 0.344291 0.238688 0.348734 0.240206 0.359396 0.240510 0.372279 0.243243 0.399822 0.253568 0.418036 0.264197 0.424256 0.263589 0.436251 0.257212 0.442470 0.250835 0.458019 0.221379 0.463794 0.183116 0.479787 0.137868 0.484229 0.118433 0.485118 0.097176 0.480675 0.077741 0.471790 0.055269 0.461128 0.039174 0.435806 0.014576 0.417148 0.003340 0.414927 0.000000 0.284762 0.000000 0.284318 0.001822 0.272768 0.006681 0.261217 0.015184 0.250111 0.028849 0.244336 0.041907 0.241670 0.049803
1 0.450466 0.026116 0.452243 0.029153 0.461573 0.038263 0.472235 0.053750 0.482452 0.077437 0.484229 0.088673 0.487783 0.093835 0.494447 0.072882 0.509551 0.036137 0.525988 0.011236 0.533096 0.005162 0.533096 0.000000 0.523767 0.000000 0.522434 0.002126 0.518880 0.001822 0.505109 0.005162 0.495335 0.006073 0.458907 0.018828 0.451355 0.024294 0.450466 0.026116
1 0.499334 0.813240 0.502443 0.831461 0.505997 0.837838 0.507330 0.851503 0.513105 0.869724 0.527765 0.904343 0.541537 0.926511 0.552643 0.937747 0.555309 0.943820 0.568636 0.959611 0.613061 0.994838 0.625500 0.996963 0.628165 0.998178 0.628165 0.999696 0.836961 0.999696 0.844514 0.977224 0.847179 0.959915 0.848068 0.924385 0.844514 0.889159 0.840071 0.869420 0.836073 0.827209 0.831186 0.806863 0.817414 0.779836 0.793425 0.747039 0.776544 0.730641 0.756997 0.716672 0.720569 0.694807 0.705908 0.687823 0.681919 0.680534 0.645491 0.674461 0.628165 0.675068 0.615726 0.674157 0.613505 0.675372 0.605064 0.674765 0.585073 0.676587 0.563305 0.682964 0.544647 0.690859 0.524656 0.708169 0.508219 0.730944 0.498889 0.764956 0.499334 0.813240
1 0.701910 0.664440 0.706797 0.684786 0.757441 0.714850 0.778765 0.730944 0.790760 0.741877 0.802310 0.754327 0.814749 0.772548 0.827632 0.793198 0.835184 0.811114 0.844069 0.817795 0.855175 0.822350 0.862728 0.821439 0.893825 0.822047 0.908485 0.823261 0.941359 0.828728 0.948912 0.826298 0.960018 0.819314 0.967126 0.809900 0.973789 0.805952 0.977788 0.795931 0.983119 0.789857 0.988450 0.768600 0.990671 0.737625 0.977788 0.675676 0.966237 0.657152 0.963127 0.647434 0.947579 0.623444 0.932919 0.605527 0.905375 0.580626 0.865837 0.557850 0.836961 0.548436 0.825411 0.546918 0.812972 0.547221 0.789871 0.549954 0.785429 0.551473 0.782763 0.550562 0.775211 0.551169 0.763216 0.554206 0.752554 0.555117 0.748556 0.557850 0.732563 0.563012 0.713461 0.580018 0.706353 0.591558 0.701466 0.621925 0.701910 0.664440
1 0.693914 0.531430 0.684140 0.559672 0.677032 0.571819 0.671257 0.587306 0.653932 0.611904 0.614394 0.652900 0.605953 0.658670 0.607286 0.662314 0.619280 0.669602 0.637050 0.672943 0.657041 0.673854 0.699245 0.682357 0.700578 0.661403 0.698356 0.642575 0.700133 0.620407 0.704131 0.595202 0.711684 0.579715 0.734340 0.558761 0.737894 0.560279 0.788538 0.546007 0.792981 0.547221 0.801422 0.546918 0.807197 0.545399 0.818303 0.544792 0.820524 0.542666 0.817859 0.536289 0.810751 0.527483 0.796979 0.514425 0.778765 0.505618 0.765438 0.502581 0.759662 0.503796 0.754776 0.502278 0.750777 0.502885 0.741448 0.498026 0.727232 0.494686 0.709462 0.495597 0.702355 0.496811 0.698356 0.499241 0.693914 0.531430
1 0.937685 0.545639 0.938130 0.545639 0.938130 0.545542 0.937685 0.545542 0.937685 0.545639
1 0.869391 0.558457 0.872945 0.560887 0.877388 0.561798 0.901377 0.576070 0.915149 0.587003 0.934251 0.604920 0.955131 0.631339 0.959574 0.631947 0.969347 0.618889 0.971124 0.609171 0.979565 0.596113 0.989338 0.586395 0.999556 0.579411 0.999556 0.505314 0.980009 0.504100 0.959129 0.505011 0.939582 0.508351 0.923145 0.513817 0.887606 0.536289 0.875611 0.546007 0.868947 0.553902 0.869391 0.558457
1 0.867614 0.557243 0.868947 0.558457 0.907508 0.581172 0.929809 0.600972 0.950689 0.624962 0.960018 0.640449 0.966681 0.645308 0.970235 0.640146 0.961795 0.630732 0.971568 0.620711 0.973345 0.606742 0.988894 0.587610 0.999556 0.580929 0.999556 0.505314 0.983119 0.504100 0.959574 0.505011 0.939138 0.508655 0.923145 0.513817 0.887161 0.535682 0.876055 0.545399 0.868503 0.554510 0.867614 0.557243
1 0.970680 0.612511 0.969791 0.619496 0.960906 0.629821 0.964904 0.638020 0.964904 0.644397 0.973789 0.665047 0.982230 0.676587 0.992004 0.686001 0.999556 0.688734 0.999556 0.580626 0.997779 0.580626 0.992004 0.584877 0.984007 0.592165 0.973789 0.605831 0.970680 0.612511
1 0.443359 0.762223 0.438916 0.780140 0.457130 0.805345 0.477121 0.839053 0.483341 0.857273 0.486450 0.879441 0.487783 0.881263 0.490893 0.880960 0.509996 0.876101 0.512661 0.873368 0.503776 0.845126 0.498001 0.811418 0.496668 0.775585 0.499778 0.751291 0.507330 0.730337 0.517548 0.713939 0.539760 0.692378 0.531764 0.690556 0.513994 0.692985 0.476677 0.694200 0.469125 0.703917 0.460684 0.710902 0.457130 0.711813 0.449578 0.716975 0.443359 0.723960 0.442026 0.730033 0.443359 0.762223
1 0.584185 0.675676 0.630831 0.675068 0.631275 0.671728 0.626833 0.668995 0.624167 0.668084 0.619280 0.668995 0.605953 0.663832 0.601510 0.664136 0.595735 0.667173 0.584185 0.675676
1 0.384718 0.989068 0.380720 0.994838 0.381164 0.999696 0.612617 0.999696 0.606841 0.989979 0.589516 0.978743 0.569080 0.962041 0.558863 0.951108 0.548645 0.935925 0.536206 0.921652 0.524211 0.900698 0.516659 0.881567 0.512661 0.877316 0.494447 0.880656 0.487783 0.883389 0.486006 0.901306 0.478454 0.921348 0.469569 0.934406 0.458907 0.944428 0.435806 0.957789 0.420702 0.963559 0.397157 0.969025 0.387383 0.980869 0.384718 0.989068
1 0.034651 0.999696 0.321635 0.999696 0.322523 0.986638 0.318525 0.960522 0.314971 0.955967 0.280764 0.940176 0.232785 0.911631 0.183918 0.879441 0.178143 0.877923 0.165704 0.883085 0.150600 0.885515 0.132830 0.893410 0.119947 0.895840 0.113727 0.899787 0.105731 0.908594 0.087072 0.938658 0.062195 0.971151 0.037761 0.993927 0.034651 0.999696
1 0.136828 0.563012 0.144380 0.582144 0.146157 0.598542 0.143936 0.624355 0.140382 0.635591 0.140382 0.641057 0.157263 0.637413 0.195024 0.636198 0.216348 0.639842 0.233674 0.641360 0.276766 0.656241 0.333629 0.685697 0.360729 0.703917 0.389160 0.729122 0.408263 0.751291 0.435806 0.777710 0.438028 0.775281 0.440693 0.765260 0.441137 0.737625 0.436251 0.716672 0.427810 0.696629 0.415371 0.674765 0.399822 0.659885 0.391826 0.648345 0.385606 0.636502 0.380275 0.618281 0.360729 0.586395 0.340737 0.561798 0.311861 0.534771 0.287428 0.520498 0.275877 0.515943 0.258552 0.512906 0.245224 0.511995 0.216348 0.512906 0.189249 0.517765 0.184363 0.520194 0.167925 0.533556 0.154598 0.542363 0.139494 0.549954 0.135940 0.553599 0.136828 0.563012
1 0.188805 0.516247 0.225233 0.511995 0.247890 0.511691 0.267437 0.513817 0.282541 0.517765 0.290093 0.522016 0.296313 0.523838 0.304753 0.529305 0.309196 0.530519 0.320746 0.539933 0.324300 0.538111 0.325189 0.529608 0.323856 0.528394 0.318969 0.527483 0.263438 0.498330 0.257663 0.494078 0.247446 0.484361 0.230564 0.461889 0.227454 0.461585 0.210129 0.488916 0.197246 0.504707 0.188805 0.511995 0.188805 0.516247
1 0.346957 0.543274 0.358952 0.553599 0.376277 0.564531 0.383385 0.566657 0.391382 0.548436 0.413150 0.519891 0.432697 0.495597 0.457574 0.470695 0.494003 0.443972 0.502443 0.439113 0.534429 0.425144 0.533985 0.411175 0.521990 0.405709 0.502443 0.394169 0.490893 0.384148 0.479343 0.376556 0.473567 0.369572 0.470013 0.370483 0.469125 0.372912 0.467792 0.386578 0.462905 0.401458 0.433141 0.452171 0.423812 0.477073 0.414482 0.491649 0.411373 0.500759 0.402932 0.514728 0.393603 0.523838 0.384274 0.527483 0.348290 0.529608 0.340293 0.532038 0.346957 0.543274
1 0.714349 0.317340 0.729454 0.343152 0.739227 0.372609 0.739227 0.386881 0.729454 0.401154 0.722790 0.406620 0.711239 0.412694 0.688583 0.422411 0.649045 0.428181 0.647268 0.428788 0.647268 0.432129 0.670369 0.445187 0.683696 0.458245 0.690804 0.471606 0.699689 0.495597 0.712572 0.494078 0.730786 0.494078 0.741892 0.495597 0.754776 0.494078 0.768992 0.488005 0.794314 0.472517 0.810751 0.456423 0.817414 0.446098 0.816082 0.443061 0.805864 0.436988 0.781430 0.416945 0.773878 0.408442 0.756997 0.383541 0.749889 0.363498 0.742781 0.334953 0.735229 0.284239 0.718792 0.279381 0.700133 0.277255 0.695247 0.278773 0.714349 0.317340
1 0.415815 0.000000 0.415815 0.001518 0.429143 0.009414 0.443359 0.020650 0.449578 0.023079 0.460240 0.017613 0.477566 0.012147 0.501555 0.002429 0.502888 0.000000 0.415815 0.000000
1 0.962683 0.000000 0.969347 0.028545 0.968458 0.068630 0.972012 0.071667 0.997779 0.076222 0.999556 0.076222 0.999556 0.000000 0.962683 0.000000
1 0.000000 0.151230 0.000000 0.325235 0.028876 0.304889 0.052865 0.293046 0.073301 0.286061 0.107064 0.279381 0.106175 0.276040 0.091515 0.267234 0.082186 0.259642 0.051533 0.222897 0.031097 0.192530 0.021768 0.174916 0.012439 0.152141 0.008441 0.146978 0.005331 0.147889 0.000000 0.151230
1 0.832075 0.460067 0.850733 0.481628 0.866726 0.493167 0.892936 0.509262 0.904043 0.511084 0.926255 0.511388 0.939138 0.507136 0.957797 0.504100 0.970235 0.502885 0.987561 0.503189 0.999556 0.501670 0.999556 0.480413 0.996446 0.474643 0.993336 0.452475 0.987561 0.431218 0.984007 0.431825 0.973345 0.443972 0.961351 0.451260 0.942248 0.459156 0.922257 0.463407 0.901821 0.464318 0.880053 0.462193 0.857841 0.458245 0.834740 0.451260 0.828521 0.451260 0.832075 0.460067
1 0.838294 0.837838 0.840960 0.863650 0.847623 0.898269 0.849845 0.924992 0.847179 0.972669 0.840515 0.999696 0.999556 0.999696 0.999556 0.856969 0.985340 0.847252 0.972457 0.840571 0.949356 0.832372 0.938250 0.831157 0.921813 0.827209 0.897379 0.824172 0.881830 0.823869 0.848512 0.825084 0.842737 0.825995 0.839183 0.828120 0.838294 0.837838
1 0.000000 0.151534 0.000000 0.325235 0.028876 0.304889 0.054198 0.292439 0.073301 0.286061 0.107064 0.279381 0.106175 0.276040 0.091515 0.267234 0.082186 0.259642 0.051977 0.223504 0.031097 0.192530 0.017326 0.165806 0.012439 0.152141 0.008441 0.146978 0.004887 0.148193 0.000000 0.151534
1 0.000000 0.000000 0.000000 0.044944 0.001333 0.044944 0.006219 0.032189 0.022212 0.005162 0.023545 0.000000 0.000000 0.000000
1 0.415815 0.000000 0.415815 0.001518 0.431808 0.010932 0.443359 0.020650 0.449578 0.022776 0.459351 0.017613 0.484673 0.008807 0.500222 0.001518 0.500222 0.000000 0.415815 0.000000
1 0.962683 0.000000 0.969347 0.028545 0.968903 0.068327 0.971568 0.071363 0.997779 0.076222 0.999556 0.076222 0.999556 0.000000 0.962683 0.000000