0 0.338702 0.304797 0.339869 0.313375 0.342904 0.317402 0.343371 0.328081 0.345938 0.331232 0.348039 0.338410 0.355742 0.352591 0.359244 0.355567 0.362512 0.360119 0.387955 0.380427 0.398226 0.386555 0.402194 0.390756 0.424136 0.402836 0.439309 0.405987 0.451681 0.407563 0.464286 0.407388 0.480159 0.406162 0.492997 0.403361 0.505135 0.397234 0.519141 0.386730 0.525910 0.376751 0.527778 0.369223 0.529178 0.353466 0.528711 0.348389 0.525677 0.338585 0.516340 0.321429 0.491130 0.288515 0.487628 0.284139 0.480159 0.277836 0.470121 0.266457 0.447946 0.256303 0.441410 0.252626 0.401027 0.251050 0.393557 0.251050 0.387021 0.252276 0.373950 0.255077 0.367180 0.257528 0.355742 0.264881 0.348273 0.273284 0.341970 0.285014 0.340103 0.291141 0.338702 0.304797
0 0.644725 0.371849 0.645425 0.376576 0.647292 0.380077 0.652194 0.387430 0.671802 0.405462 0.717554 0.432773 0.730859 0.437325 0.735528 0.439951 0.757236 0.447829 0.783380 0.453606 0.807190 0.456583 0.834967 0.459034 0.846405 0.459209 0.855275 0.460609 0.883520 0.458859 0.900560 0.455882 0.907563 0.453782 0.921569 0.446254 0.936508 0.435749 0.942344 0.430147 0.945612 0.425245 0.946545 0.421744 0.946312 0.414741 0.942810 0.405637 0.928571 0.389531 0.921335 0.385854 0.886788 0.363095 0.860411 0.348564 0.831699 0.335434 0.824230 0.331232 0.800654 0.323004 0.797152 0.323880 0.789683 0.320903 0.768674 0.317402 0.755135 0.317052 0.748833 0.316176 0.723389 0.315301 0.701914 0.316702 0.689542 0.318452 0.676937 0.322654 0.664332 0.331232 0.658730 0.340161 0.653828 0.344713 0.649627 0.350490 0.646825 0.355742 0.645191 0.361695 0.644725 0.371849
0 0.337535 0.428922 0.339169 0.431898 0.341503 0.449755 0.345472 0.454132 0.352941 0.466912 0.359010 0.470238 0.361345 0.474440 0.366713 0.476190 0.368114 0.477941 0.378151 0.484419 0.395191 0.492822 0.411998 0.498424 0.424837 0.500350 0.428338 0.501576 0.436741 0.501926 0.465686 0.505427 0.480392 0.505602 0.490196 0.506478 0.514239 0.506653 0.522176 0.506127 0.532913 0.506828 0.550420 0.504377 0.558123 0.502276 0.568861 0.500525 0.573996 0.497549 0.581466 0.494748 0.588235 0.488620 0.591270 0.484069 0.594071 0.474440 0.593838 0.466387 0.592437 0.460434 0.588469 0.452206 0.578431 0.441176 0.570962 0.434524 0.553688 0.424020 0.539916 0.418242 0.518207 0.411590 0.491830 0.406162 0.465336 0.408613 0.446779 0.407913 0.428805 0.405287 0.379785 0.407213 0.360177 0.411415 0.350373 0.415091 0.341970 0.417192 0.338936 0.418768 0.337535 0.421569 0.337535 0.428922
1 0.177638 0.469888 0.181606 0.480042 0.184641 0.484944 0.189309 0.490196 0.196312 0.495623 0.203315 0.499650 0.216853 0.504727 0.223623 0.505427 0.230626 0.507353 0.235994 0.507528 0.255135 0.505602 0.268441 0.503326 0.275910 0.500175 0.281979 0.498599 0.303688 0.486520 0.307423 0.482668 0.321195 0.472339 0.326564 0.465686 0.332866 0.460434 0.339169 0.449755 0.339402 0.445728 0.337535 0.439251 0.336368 0.429272 0.336134 0.421394 0.337302 0.419293 0.341737 0.415966 0.345472 0.415266 0.348739 0.412815 0.360177 0.409139 0.362745 0.407563 0.363445 0.406162 0.368347 0.383929 0.368114 0.370098 0.365546 0.365896 0.355509 0.354692 0.350373 0.345938 0.348973 0.341211 0.341970 0.338936 0.313725 0.337885 0.295752 0.341737 0.281979 0.346113 0.272876 0.349965 0.266340 0.354342 0.262138 0.355567 0.251867 0.365896 0.245565 0.368873 0.227124 0.383053 0.210084 0.400385 0.198646 0.415966 0.192110 0.427346 0.189076 0.430147 0.186041 0.436625 0.183707 0.439426 0.180439 0.446254 0.176937 0.461134 0.177638 0.469888
0 0.153361 0.737920 0.154062 0.751751 0.155929 0.757528 0.157330 0.758578 0.157563 0.762255 0.161064 0.769083 0.167600 0.776786 0.172035 0.779062 0.182540 0.781513 0.205649 0.780462 0.213819 0.781162 0.241597 0.777661 0.314426 0.763480 0.331466 0.757878 0.338469 0.755252 0.341737 0.752626 0.349907 0.749300 0.357376 0.744223 0.362512 0.742122 0.381653 0.728817 0.387255 0.723739 0.401027 0.707983 0.410831 0.691877 0.414332 0.682248 0.416433 0.672094 0.419234 0.654412 0.416667 0.641106 0.413866 0.634979 0.404528 0.624125 0.388422 0.612570 0.376284 0.607668 0.369748 0.606443 0.362745 0.603817 0.354809 0.603116 0.329365 0.603817 0.317694 0.605392 0.296919 0.611169 0.260504 0.625875 0.252801 0.630777 0.233193 0.640231 0.220355 0.647234 0.188609 0.669118 0.182306 0.675420 0.176237 0.684874 0.170401 0.689776 0.167367 0.695553 0.162232 0.701681 0.158497 0.710084 0.155696 0.719363 0.154062 0.730917 0.153361 0.737920
1 0.324230 0.777311 0.325630 0.789216 0.329832 0.803746 0.333567 0.809874 0.347572 0.825980 0.351307 0.828782 0.357843 0.832808 0.369514 0.836660 0.380252 0.836835 0.401027 0.831933 0.414799 0.826506 0.436741 0.811800 0.451214 0.798494 0.457516 0.791317 0.467787 0.775735 0.471755 0.768382 0.476657 0.755252 0.480626 0.748249 0.486461 0.727766 0.489262 0.710084 0.489729 0.697829 0.492997 0.678746 0.493697 0.657563 0.491363 0.647234 0.486928 0.640056 0.473156 0.629202 0.471055 0.626050 0.458217 0.620448 0.449113 0.619048 0.441410 0.619398 0.431839 0.622024 0.424837 0.622549 0.418301 0.624475 0.414332 0.626751 0.411298 0.630252 0.413165 0.635154 0.417834 0.643032 0.419701 0.651961 0.419701 0.657913 0.415500 0.675070 0.415733 0.678922 0.414099 0.685399 0.405929 0.701856 0.388889 0.722339 0.374416 0.734769 0.365780 0.740896 0.353175 0.748249 0.342437 0.753852 0.330999 0.758578 0.325864 0.762255 0.324463 0.764706 0.324230 0.777311
1 0.140756 0.813901 0.142857 0.827906 0.160131 0.889531 0.168301 0.908964 0.188375 0.940651 0.196078 0.951506 0.203081 0.955707 0.213585 0.956933 0.230626 0.954132 0.241130 0.950805 0.244631 0.948704 0.254669 0.945203 0.259570 0.941877 0.268441 0.937675 0.272642 0.932948 0.277778 0.929797 0.286648 0.919293 0.291317 0.915441 0.299020 0.903361 0.304388 0.897759 0.312092 0.885504 0.317927 0.872724 0.322129 0.859769 0.326564 0.841387 0.329132 0.820378 0.327731 0.806898 0.320728 0.783438 0.319795 0.772234 0.317460 0.766106 0.313959 0.764181 0.310458 0.763831 0.305789 0.765406 0.293417 0.767682 0.289916 0.769083 0.286415 0.768908 0.283147 0.770133 0.272176 0.771008 0.252101 0.776611 0.217087 0.781162 0.199113 0.781338 0.189309 0.782388 0.173436 0.780462 0.165266 0.775735 0.160131 0.765931 0.161298 0.761905 0.159664 0.760679 0.159430 0.758578 0.154295 0.755252 0.150560 0.756303 0.148693 0.758578 0.147292 0.762605 0.143324 0.778711 0.140756 0.799370 0.140756 0.813901
0 0.538982 0.733894 0.539916 0.745098 0.543884 0.762080 0.552521 0.779412 0.565126 0.797094 0.580766 0.812675 0.589869 0.819503 0.602474 0.831408 0.612745 0.842087 0.627218 0.859069 0.637255 0.868347 0.641223 0.874650 0.656396 0.888831 0.664332 0.892332 0.671802 0.893732 0.685808 0.889881 0.689776 0.887955 0.699813 0.882178 0.706194 0.875992 0.711018 0.873074 0.716853 0.866422 0.724323 0.855917 0.729225 0.845588 0.732493 0.834909 0.733660 0.828606 0.733894 0.813725 0.730159 0.792717 0.721289 0.769608 0.711485 0.752626 0.703782 0.741422 0.698179 0.735469 0.692577 0.726190 0.681139 0.713585 0.678805 0.709734 0.673669 0.705882 0.668067 0.699580 0.652661 0.686625 0.633987 0.675070 0.629552 0.673144 0.619048 0.670693 0.613212 0.669818 0.601307 0.669993 0.592904 0.672094 0.581232 0.673144 0.574463 0.675245 0.554388 0.689251 0.548553 0.696604 0.545285 0.703081 0.543184 0.714286 0.539916 0.724790 0.538982 0.733894
0 0.713819 0.665791 0.715920 0.679097 0.722222 0.688901 0.723856 0.697129 0.732026 0.711310 0.744631 0.723915 0.762138 0.731968 0.774276 0.735469 0.791317 0.735294 0.803688 0.731968 0.809524 0.729517 0.821662 0.721289 0.829599 0.713585 0.849673 0.690476 0.851774 0.687150 0.863445 0.675420 0.877218 0.650035 0.881653 0.632353 0.881186 0.611695 0.879085 0.598564 0.877218 0.592612 0.873483 0.585259 0.866713 0.575280 0.861111 0.570203 0.851074 0.563025 0.838702 0.557248 0.824230 0.552171 0.818861 0.550945 0.813959 0.550595 0.808357 0.551821 0.786415 0.562150 0.772642 0.571604 0.764706 0.578256 0.741130 0.605742 0.730159 0.620973 0.717787 0.640406 0.714286 0.654412 0.713819 0.665791
0 0.580999 0.543592 0.582633 0.550420 0.605742 0.601366 0.612045 0.612395 0.617647 0.619573 0.633053 0.638480 0.647526 0.651436 0.661298 0.657038 0.671802 0.659314 0.679038 0.658964 0.686275 0.656162 0.700047 0.647059 0.710784 0.636905 0.720588 0.618347 0.724323 0.608894 0.727824 0.591211 0.728291 0.579307 0.727358 0.564076 0.723156 0.551646 0.717554 0.529937 0.711951 0.516982 0.708217 0.505077 0.693511 0.477241 0.685341 0.466912 0.679505 0.462360 0.673669 0.459384 0.657796 0.455007 0.637021 0.453606 0.626984 0.455182 0.623483 0.457108 0.619748 0.456583 0.604809 0.466912 0.595005 0.480567 0.586835 0.500700 0.582166 0.515581 0.580999 0.523109 0.580999 0.543592
1 0.344304 0.515581 0.346639 0.526085 0.355976 0.540616 0.362045 0.547444 0.375584 0.558648 0.384454 0.563375 0.389356 0.567752 0.397526 0.573179 0.419001 0.582283 0.439076 0.588410 0.446545 0.589986 0.463119 0.591737 0.473856 0.594538 0.500934 0.598739 0.507003 0.600490 0.516573 0.601015 0.522409 0.602416 0.538982 0.603992 0.553688 0.604167 0.571662 0.603291 0.589169 0.598039 0.592670 0.596289 0.598039 0.592087 0.598273 0.588410 0.597106 0.584734 0.591737 0.574405 0.587768 0.563550 0.578431 0.546569 0.568394 0.536415 0.555089 0.526261 0.539683 0.515406 0.529412 0.511380 0.522409 0.511029 0.519374 0.509979 0.515173 0.509804 0.505602 0.507878 0.461718 0.505952 0.422736 0.501751 0.413165 0.499650 0.401261 0.495973 0.392624 0.492472 0.373249 0.482668 0.369981 0.481793 0.358543 0.486345 0.354809 0.489496 0.350840 0.494923 0.345005 0.505777 0.344304 0.515581
1 0.214753 0.600840 0.212652 0.616422 0.216153 0.624475 0.216853 0.629902 0.218721 0.630952 0.223856 0.638655 0.227824 0.640581 0.230626 0.640581 0.238095 0.637255 0.246265 0.632353 0.255602 0.628501 0.261671 0.624300 0.269841 0.620448 0.308590 0.606793 0.330299 0.602941 0.355976 0.602416 0.359711 0.601015 0.363212 0.591211 0.363445 0.577381 0.361111 0.568627 0.357143 0.558824 0.352474 0.541317 0.337535 0.518557 0.320028 0.500350 0.310458 0.493347 0.303688 0.490371 0.300654 0.490546 0.281046 0.499825 0.266573 0.504727 0.262838 0.506478 0.261438 0.508053 0.247666 0.508053 0.237628 0.510679 0.234360 0.516282 0.230626 0.525910 0.230392 0.530112 0.227358 0.537115 0.224090 0.550770 0.221522 0.557248 0.221522 0.559874 0.219421 0.564076 0.218254 0.574230 0.215686 0.584909 0.214753 0.600840
1 0.009104 0.668943 0.001634 0.674895 0.000000 0.674895 0.000000 0.762780 0.008170 0.764881 0.018441 0.765756 0.022642 0.767157 0.027077 0.767507 0.029412 0.768732 0.049953 0.767682 0.056723 0.765931 0.074230 0.763831 0.088469 0.759104 0.099673 0.756478 0.116246 0.749650 0.131653 0.740371 0.150093 0.731443 0.152428 0.729342 0.153361 0.727241 0.154295 0.720238 0.158263 0.706583 0.162932 0.698179 0.166667 0.693803 0.168534 0.688901 0.173669 0.685574 0.174136 0.683298 0.189309 0.666667 0.196312 0.661590 0.202848 0.658088 0.217787 0.647059 0.220121 0.643908 0.220822 0.639881 0.216153 0.631478 0.214286 0.625175 0.209851 0.618697 0.194444 0.615371 0.171569 0.615196 0.157096 0.617297 0.148226 0.617822 0.131653 0.620973 0.102474 0.623950 0.066993 0.632878 0.052988 0.638831 0.032213 0.649860 0.026144 0.653361 0.016340 0.661239 0.009104 0.668943
1 0.005602 0.527136 0.000000 0.530287 0.000000 0.673319 0.001634 0.673319 0.005135 0.670868 0.016106 0.660189 0.030812 0.649335 0.036181 0.647759 0.044585 0.642332 0.063959 0.633228 0.078665 0.629027 0.091503 0.626401 0.098506 0.623775 0.100607 0.621148 0.103408 0.614671 0.106909 0.601190 0.107143 0.584734 0.105976 0.574930 0.103641 0.567402 0.096405 0.551296 0.088936 0.541492 0.083567 0.536064 0.071195 0.528361 0.060691 0.524335 0.047152 0.521534 0.037348 0.520308 0.025444 0.519958 0.012372 0.521884 0.008403 0.523634 0.005602 0.527136
1 0.000000 0.412290 0.000000 0.528011 0.001634 0.528011 0.010738 0.522059 0.014706 0.521008 0.021242 0.520133 0.037582 0.519608 0.053221 0.521884 0.057190 0.523459 0.066760 0.525385 0.081466 0.534839 0.084967 0.535539 0.088702 0.532038 0.095472 0.516632 0.097806 0.505427 0.096872 0.491597 0.093604 0.473915 0.087535 0.458333 0.086134 0.447129 0.084500 0.444328 0.083567 0.439426 0.077264 0.431373 0.075163 0.425070 0.073063 0.422794 0.070261 0.416667 0.061858 0.409314 0.052754 0.405287 0.039216 0.405812 0.009804 0.410014 0.000000 0.412290
1 0.000000 0.316702 0.000000 0.408613 0.004669 0.409664 0.022642 0.407213 0.047852 0.400735 0.059057 0.401085 0.068161 0.398634 0.077731 0.394608 0.084967 0.394433 0.095005 0.389181 0.109711 0.377626 0.118814 0.371499 0.126517 0.367122 0.140056 0.361345 0.144491 0.357493 0.151961 0.347164 0.159197 0.335084 0.162932 0.324755 0.164799 0.315301 0.164566 0.307598 0.160598 0.296919 0.151727 0.285889 0.137255 0.278011 0.129318 0.276085 0.116246 0.274160 0.107376 0.273985 0.085901 0.276436 0.074463 0.279062 0.051587 0.285889 0.043184 0.288690 0.040149 0.290791 0.032913 0.292717 0.028711 0.294643 0.010504 0.306898 0.000000 0.316702
1 0.004902 0.215861 0.002801 0.217787 0.000000 0.218662 0.000000 0.299020 0.009570 0.298319 0.014472 0.296569 0.018908 0.298845 0.023576 0.296919 0.029645 0.293067 0.042717 0.288340 0.081232 0.276436 0.099440 0.273284 0.111578 0.272234 0.118581 0.252276 0.119748 0.241071 0.118814 0.234244 0.116480 0.227241 0.112745 0.221464 0.108077 0.216562 0.096405 0.208859 0.084500 0.202906 0.073996 0.199405 0.066527 0.198004 0.053221 0.198179 0.043184 0.199405 0.029178 0.203081 0.021475 0.206232 0.004902 0.215861
1 0.133053 0.272759 0.136555 0.275910 0.144958 0.279937 0.150560 0.283613 0.161298 0.293067 0.168301 0.290966 0.177171 0.285889 0.190943 0.280812 0.196312 0.279237 0.211951 0.276611 0.219655 0.272059 0.223389 0.268908 0.225023 0.265756 0.233427 0.256303 0.238796 0.248249 0.251167 0.217787 0.256536 0.209384 0.257236 0.192052 0.255836 0.185924 0.251867 0.178746 0.248599 0.174720 0.241597 0.169818 0.237395 0.167892 0.224090 0.165266 0.218487 0.164916 0.205649 0.167892 0.182306 0.181373 0.165266 0.196078 0.146825 0.220763 0.140056 0.234244 0.136555 0.244573 0.134921 0.255077 0.133053 0.272759
1 0.176471 0.318102 0.178805 0.338761 0.184641 0.356268 0.189076 0.365196 0.203081 0.385679 0.210084 0.393032 0.213352 0.394783 0.217087 0.392682 0.231793 0.378326 0.241830 0.370973 0.250467 0.366422 0.260037 0.357668 0.264706 0.354342 0.269374 0.352591 0.272642 0.349790 0.278711 0.346814 0.293651 0.341912 0.306489 0.339811 0.315593 0.339636 0.320495 0.338410 0.319328 0.334734 0.311391 0.327381 0.302988 0.320728 0.296452 0.317052 0.289683 0.313725 0.282213 0.311450 0.276144 0.307073 0.269141 0.304272 0.255135 0.299895 0.253268 0.300070 0.248133 0.297794 0.234360 0.295868 0.223389 0.296218 0.202848 0.298144 0.189542 0.300420 0.181606 0.303396 0.179972 0.304622 0.176937 0.311275 0.176471 0.318102
1 0.091270 0.426996 0.093137 0.442577 0.097339 0.453256 0.112745 0.476891 0.138889 0.506303 0.147059 0.513130 0.167134 0.526085 0.185574 0.532038 0.195378 0.532563 0.199113 0.533613 0.204482 0.533964 0.223389 0.531688 0.227124 0.530112 0.232960 0.515756 0.232260 0.512255 0.229692 0.508754 0.226891 0.507003 0.216153 0.505252 0.213352 0.504202 0.209384 0.501576 0.203081 0.499825 0.196078 0.495623 0.190943 0.491597 0.184407 0.484769 0.178105 0.473389 0.176937 0.463060 0.178338 0.450455 0.179739 0.445903 0.197946 0.415091 0.208450 0.402311 0.209617 0.398284 0.207049 0.393207 0.192577 0.377626 0.181839 0.371674 0.178571 0.369048 0.172269 0.365896 0.165033 0.363445 0.158497 0.362045 0.154062 0.361870 0.144958 0.362395 0.138655 0.363971 0.127918 0.367997 0.114846 0.375000 0.102007 0.385329 0.098039 0.390581 0.095005 0.397409 0.091503 0.412115 0.091270 0.426996
1 0.464519 0.619923 0.470355 0.624300 0.477358 0.626926 0.482726 0.630952 0.492764 0.648810 0.494631 0.658438 0.494631 0.672619 0.492063 0.696954 0.492997 0.703256 0.505369 0.708683 0.515640 0.714636 0.522642 0.717262 0.535714 0.718662 0.539683 0.717962 0.544585 0.701155 0.548786 0.694153 0.557890 0.685049 0.569561 0.676120 0.577965 0.671919 0.581933 0.668417 0.595238 0.643032 0.604108 0.630077 0.609244 0.616246 0.609477 0.612745 0.602474 0.598039 0.598973 0.595763 0.595472 0.595763 0.587535 0.599790 0.571429 0.603817 0.542717 0.604342 0.518207 0.602416 0.480626 0.595938 0.476891 0.595938 0.473389 0.597514 0.471522 0.600315 0.466620 0.609419 0.465686 0.613095 0.464519 0.619923
1 0.826564 0.723389 0.827031 0.732143 0.829599 0.746849 0.830532 0.758929 0.848039 0.791317 0.855742 0.803396 0.859477 0.807423 0.871849 0.824580 0.882586 0.834384 0.892390 0.845413 0.895658 0.847864 0.915966 0.870623 0.918768 0.872024 0.926004 0.879552 0.932306 0.883053 0.939309 0.888831 0.942577 0.890056 0.950280 0.896008 0.962185 0.903011 0.977824 0.909139 0.984127 0.910889 0.994631 0.910889 0.999767 0.909664 0.999767 0.735119 0.992530 0.726366 0.987628 0.722164 0.983894 0.720238 0.978058 0.713410 0.966153 0.705882 0.956816 0.696429 0.935808 0.682073 0.921335 0.675770 0.912232 0.673319 0.898226 0.671043 0.887722 0.672794 0.883520 0.672444 0.873716 0.673494 0.866480 0.675420 0.862979 0.678571 0.861811 0.680847 0.859010 0.682598 0.834967 0.709034 0.827731 0.720238 0.826564 0.723389
1 0.559290 0.905287 0.560458 0.918417 0.563959 0.929622 0.570261 0.943102 0.580532 0.957458 0.586601 0.961835 0.591970 0.967787 0.597572 0.972164 0.613445 0.981268 0.626284 0.986169 0.633287 0.987920 0.638655 0.988270 0.647292 0.987395 0.662465 0.982668 0.671802 0.977591 0.679038 0.970413 0.686041 0.960959 0.693744 0.943627 0.701214 0.922269 0.708917 0.891807 0.714286 0.876576 0.713819 0.872199 0.713352 0.871324 0.708917 0.874300 0.699580 0.882703 0.692577 0.886204 0.689076 0.888831 0.675070 0.893032 0.668067 0.893382 0.662932 0.892332 0.656396 0.888655 0.651027 0.882878 0.642390 0.876050 0.638422 0.871849 0.637255 0.869398 0.621382 0.853466 0.607376 0.837010 0.594538 0.825280 0.589402 0.819503 0.585201 0.816877 0.582400 0.814076 0.577965 0.813025 0.572129 0.829307 0.568627 0.835609 0.567460 0.841912 0.567927 0.845413 0.566527 0.848389 0.564426 0.859244 0.559524 0.897059 0.559290 0.905287
1 0.486228 0.734069 0.483894 0.741071 0.472689 0.768207 0.467554 0.777311 0.458683 0.790966 0.451447 0.798845 0.437908 0.811625 0.435341 0.812850 0.415500 0.827906 0.415733 0.837535 0.416900 0.845588 0.419701 0.852941 0.421569 0.862045 0.430439 0.883578 0.441877 0.900910 0.451681 0.911415 0.464986 0.923669 0.472923 0.929797 0.477824 0.932423 0.504435 0.941352 0.512838 0.942752 0.520542 0.942752 0.529412 0.941176 0.535948 0.935574 0.543417 0.923494 0.549020 0.909664 0.553455 0.886905 0.557890 0.855742 0.564893 0.820203 0.566293 0.804447 0.565359 0.800770 0.549253 0.777136 0.544118 0.767157 0.538515 0.749125 0.536881 0.736345 0.532913 0.728641 0.525910 0.722164 0.516807 0.717437 0.505135 0.709734 0.494631 0.707808 0.491597 0.708158 0.490663 0.709034 0.486228 0.734069
1 0.271942 0.939076 0.274977 0.943627 0.275677 0.946429 0.278478 0.950630 0.284314 0.955882 0.287348 0.959909 0.293184 0.963936 0.307190 0.970938 0.317460 0.973214 0.321429 0.972339 0.339169 0.964286 0.345938 0.959909 0.359010 0.946254 0.366713 0.935749 0.372549 0.925245 0.380252 0.913866 0.389823 0.894083 0.399627 0.876751 0.404762 0.863270 0.407796 0.852066 0.409430 0.835959 0.407796 0.831232 0.397292 0.832983 0.380252 0.837710 0.369514 0.837360 0.356443 0.832983 0.350607 0.829482 0.344771 0.824930 0.341970 0.820728 0.335434 0.813725 0.331232 0.811275 0.330299 0.813725 0.329832 0.825280 0.327498 0.842087 0.325163 0.849265 0.322829 0.861345 0.316527 0.878151 0.309290 0.891982 0.299020 0.904412 0.292250 0.915791 0.278945 0.929797 0.275210 0.932248 0.272176 0.935574 0.271942 0.939076
1 0.091737 0.866597 0.087302 0.895483 0.083800 0.908088 0.081466 0.911590 0.079599 0.921744 0.075630 0.929272 0.065593 0.939251 0.066293 0.946954 0.076797 0.970238 0.091970 0.990896 0.100607 0.999825 0.178805 0.999825 0.179272 0.997899 0.184174 0.995448 0.192110 0.987745 0.200280 0.977591 0.208917 0.964286 0.210317 0.959734 0.208217 0.957633 0.200980 0.955532 0.194678 0.950455 0.185107 0.936625 0.166200 0.905812 0.159430 0.888655 0.148926 0.850140 0.142857 0.832108 0.140056 0.817927 0.139356 0.806723 0.137021 0.800245 0.130019 0.801120 0.117647 0.807248 0.116246 0.806723 0.115313 0.809524 0.112745 0.812150 0.105742 0.825280 0.095472 0.853116 0.091737 0.866597
1 0.083800 0.761905 0.056256 0.767857 0.049720 0.767857 0.038515 0.769258 0.027077 0.769258 0.015406 0.766632 0.000000 0.765406 0.000000 0.931548 0.009337 0.936275 0.028945 0.941702 0.036181 0.942752 0.050187 0.941702 0.060924 0.938550 0.067460 0.935224 0.074697 0.928922 0.078198 0.921744 0.083100 0.903536 0.084967 0.900560 0.088702 0.876926 0.092670 0.858718 0.102941 0.828081 0.110878 0.810049 0.114846 0.796744 0.114846 0.785014 0.113445 0.778186 0.102941 0.758754 0.098739 0.757878 0.083800 0.761905
1 0.000000 0.934349 0.000000 0.999825 0.041083 0.999825 0.041317 0.998074 0.046919 0.996499 0.055089 0.991422 0.061391 0.986169 0.064893 0.980917 0.066293 0.974090 0.065593 0.960084 0.061391 0.941702 0.060458 0.940651 0.042484 0.942402 0.028245 0.941702 0.021942 0.940651 0.002101 0.934349 0.000000 0.934349
1 0.748833 0.849265 0.751167 0.876050 0.754669 0.890406 0.760271 0.905637 0.771709 0.930147 0.782680 0.946429 0.803922 0.970238 0.820261 0.984069 0.827264 0.988796 0.831699 0.990196 0.842437 0.995448 0.851541 0.998074 0.851774 0.999825 0.889356 0.999825 0.889356 0.998249 0.894258 0.995273 0.897759 0.991772 0.900560 0.987045 0.904295 0.977066 0.905696 0.969888 0.911298 0.887605 0.911064 0.867122 0.909897 0.864846 0.901027 0.855217 0.881886 0.835084 0.874650 0.828782 0.867880 0.820903 0.864846 0.815826 0.855042 0.803571 0.838002 0.775385 0.837068 0.772409 0.831466 0.766982 0.828198 0.766106 0.806022 0.763831 0.800187 0.762255 0.775677 0.777836 0.765873 0.788340 0.758170 0.802171 0.756303 0.807073 0.750934 0.831232 0.748833 0.849265
1 0.912698 0.887605 0.913632 0.894258 0.919234 0.901786 0.925070 0.915441 0.937442 0.932948 0.945845 0.942752 0.966153 0.960609 0.985061 0.971814 0.987628 0.974090 0.998133 0.978992 0.999767 0.978992 0.999767 0.910714 0.987628 0.910714 0.968954 0.905462 0.945145 0.892682 0.942810 0.890406 0.934874 0.885679 0.914799 0.869923 0.913399 0.873249 0.912698 0.887605
1 0.608077 0.446078 0.619514 0.456408 0.633754 0.453782 0.651027 0.453256 0.664332 0.455532 0.671802 0.457808 0.681139 0.462710 0.687442 0.467962 0.693511 0.475665 0.709150 0.503326 0.711018 0.505077 0.716620 0.507178 0.751401 0.512430 0.776377 0.513655 0.781979 0.514706 0.790383 0.514706 0.815359 0.513655 0.824697 0.514181 0.827731 0.513480 0.838702 0.513130 0.852007 0.510329 0.855509 0.508754 0.859944 0.505252 0.861345 0.500700 0.860177 0.487570 0.852708 0.466912 0.849907 0.462710 0.846405 0.459909 0.834734 0.459209 0.824930 0.457808 0.820962 0.457983 0.786181 0.453957 0.782446 0.452731 0.766106 0.450105 0.746032 0.444328 0.741363 0.441702 0.735528 0.439951 0.712185 0.430322 0.701681 0.423319 0.695845 0.420693 0.675303 0.407213 0.669001 0.410889 0.666200 0.414741 0.662465 0.417367 0.658730 0.421569 0.648693 0.427346 0.633520 0.432598 0.620215 0.435399 0.609010 0.436099 0.606909 0.437850 0.608077 0.446078
1 0.508637 0.309174 0.512138 0.311975 0.515406 0.318277 0.517740 0.319153 0.519608 0.321078 0.522409 0.331408 0.524276 0.333333 0.527778 0.340861 0.530345 0.351015 0.530345 0.359244 0.528245 0.373249 0.524510 0.381127 0.519141 0.388130 0.511671 0.394258 0.508403 0.396008 0.505602 0.399685 0.502801 0.400910 0.503735 0.404412 0.506536 0.405987 0.507937 0.407913 0.518908 0.408964 0.525910 0.411590 0.529412 0.413690 0.540616 0.416842 0.557890 0.424370 0.568161 0.430322 0.574697 0.432773 0.580065 0.431898 0.588235 0.433298 0.614846 0.434699 0.626050 0.433648 0.636088 0.431022 0.644725 0.426821 0.650794 0.425595 0.656863 0.421919 0.666433 0.412290 0.669001 0.407563 0.668067 0.404412 0.660598 0.396709 0.656629 0.393732 0.651961 0.388305 0.644258 0.375875 0.642857 0.367122 0.643557 0.362920 0.643091 0.357668 0.640523 0.357318 0.637021 0.354167 0.628151 0.352941 0.633287 0.344013 0.639356 0.341912 0.636088 0.337360 0.630019 0.332808 0.625817 0.331408 0.602241 0.319153 0.584267 0.314776 0.540616 0.309874 0.523576 0.306197 0.515640 0.303571 0.512605 0.304097 0.509570 0.303396 0.507236 0.303746 0.508637 0.309174
1 0.660131 0.324755 0.661298 0.327206 0.664099 0.328431 0.668301 0.327206 0.676471 0.321954 0.683707 0.319328 0.695612 0.316527 0.712418 0.315476 0.716153 0.314601 0.769374 0.317052 0.785481 0.319503 0.796452 0.322654 0.801120 0.322304 0.825163 0.330882 0.840570 0.338936 0.850840 0.342962 0.854809 0.345588 0.860644 0.347514 0.868581 0.352766 0.875817 0.356092 0.879318 0.356618 0.880486 0.356092 0.879785 0.352591 0.876751 0.348214 0.870682 0.342612 0.866713 0.334909 0.834734 0.307073 0.826331 0.298669 0.818161 0.292192 0.810691 0.288165 0.789449 0.279937 0.783147 0.278361 0.768207 0.276085 0.738329 0.273985 0.716620 0.275560 0.698179 0.279412 0.684174 0.284489 0.681839 0.286940 0.674370 0.290266 0.668301 0.296569 0.661298 0.307598 0.660364 0.311099 0.660131 0.324755
0 0.446312 0.241597 0.447246 0.246324 0.448646 0.248074 0.452614 0.249650 0.454715 0.251751 0.460784 0.253852 0.465920 0.257178 0.473389 0.263655 0.494631 0.274160 0.519141 0.284139 0.534781 0.288515 0.536648 0.290091 0.542717 0.292367 0.552054 0.294643 0.571429 0.297269 0.586601 0.296919 0.602007 0.299545 0.609244 0.299370 0.614613 0.297969 0.630019 0.296043 0.640523 0.292892 0.668534 0.279412 0.682306 0.265581 0.686041 0.259454 0.688375 0.247199 0.685808 0.237570 0.665500 0.221814 0.647759 0.212360 0.640056 0.210434 0.615546 0.199580 0.609244 0.197304 0.595472 0.193978 0.577965 0.186450 0.567227 0.182948 0.556723 0.180322 0.544118 0.178221 0.538982 0.178922 0.535247 0.174545 0.532913 0.173319 0.528245 0.174895 0.525910 0.174895 0.524276 0.176471 0.514006 0.177171 0.512605 0.178571 0.508403 0.177171 0.501867 0.179272 0.495565 0.179797 0.482260 0.186450 0.472222 0.189251 0.469188 0.192927 0.466153 0.193803 0.460784 0.200455 0.452614 0.206408 0.450280 0.213060 0.447012 0.217262 0.446545 0.219888 0.446312 0.241597
1 0.337535 0.056723 0.338702 0.071254 0.344304 0.083333 0.351774 0.092087 0.352007 0.094888 0.354108 0.098739 0.359711 0.101541 0.364613 0.106268 0.369748 0.109419 0.386088 0.117822 0.390523 0.120798 0.399860 0.125000 0.407796 0.127451 0.411765 0.127976 0.435107 0.118697 0.440476 0.118522 0.445845 0.119398 0.452848 0.121674 0.458217 0.124650 0.463119 0.126225 0.476424 0.126751 0.491130 0.119923 0.498833 0.112570 0.500233 0.107843 0.499300 0.098389 0.495331 0.088585 0.491130 0.082108 0.485994 0.077381 0.472689 0.067577 0.441877 0.046394 0.437208 0.044643 0.432073 0.041492 0.415266 0.036415 0.401961 0.033964 0.385621 0.032913 0.369748 0.033964 0.359477 0.036064 0.353408 0.038340 0.346872 0.042192 0.338702 0.050245 0.337535 0.056723
1 0.304622 0.136029 0.306489 0.144433 0.312092 0.159139 0.313492 0.165091 0.320028 0.173669 0.320962 0.174370 0.330999 0.174895 0.345238 0.177696 0.352007 0.180147 0.353875 0.181723 0.356209 0.185924 0.357143 0.189601 0.355976 0.192752 0.358310 0.196604 0.362512 0.199930 0.376284 0.207283 0.380019 0.207983 0.383520 0.209734 0.394024 0.209384 0.400794 0.207283 0.402661 0.202381 0.396592 0.183298 0.395425 0.171569 0.396125 0.155112 0.398926 0.144783 0.406629 0.133578 0.407330 0.130077 0.401727 0.126576 0.365079 0.108193 0.361111 0.106968 0.355509 0.106618 0.349907 0.104342 0.341970 0.102591 0.334967 0.102591 0.328431 0.104517 0.314426 0.112570 0.307190 0.122024 0.305089 0.129377 0.304622 0.136029
1 0.246499 0.263655 0.244865 0.268382 0.246265 0.275910 0.254435 0.290966 0.258403 0.295168 0.264706 0.300420 0.269841 0.302346 0.271475 0.303746 0.284781 0.307598 0.293417 0.311450 0.300420 0.313375 0.314192 0.311975 0.327498 0.307423 0.334967 0.302171 0.344771 0.276961 0.351541 0.268207 0.362045 0.258403 0.363212 0.256478 0.364379 0.248599 0.363912 0.241246 0.359711 0.224265 0.352241 0.212535 0.338469 0.201681 0.330999 0.199580 0.327264 0.199405 0.321195 0.200980 0.310458 0.202031 0.304388 0.204657 0.296685 0.206232 0.284781 0.210084 0.282446 0.213936 0.279412 0.214986 0.276377 0.220763 0.272409 0.220938 0.266340 0.223739 0.262138 0.230917 0.261204 0.234069 0.255836 0.237045 0.251634 0.241071 0.249533 0.244923 0.248133 0.251576 0.246499 0.263655
1 0.244001 0.243192 0.241667 0.249845 0.241126 0.254597 0.240039 0.259507 0.241300 0.264298 0.243775 0.267679 0.245168 0.250020 0.246569 0.248620 0.247269 0.244593 0.248903 0.242842 0.248903 0.239516 0.258240 0.232338 0.271078 0.221858 0.273881 0.216326 0.279715 0.215006 0.283917 0.215356 0.287185 0.207303 0.290453 0.209054 0.291620 0.205727 0.295122 0.202926 0.333870 0.201001 0.335754 0.200017 0.339473 0.201876 0.342274 0.204677 0.344375 0.205027 0.349277 0.208178 0.353011 0.201526 0.355346 0.190496 0.355813 0.183669 0.354179 0.179992 0.352545 0.178767 0.343208 0.175966 0.325000 0.175090 0.302591 0.179642 0.290687 0.183494 0.283217 0.186995 0.274113 0.193122 0.266644 0.201701 0.259407 0.208178 0.257073 0.213430 0.255206 0.215006 0.254039 0.218858 0.251471 0.221484 0.244235 0.239516 0.244001 0.243192
1 0.395892 0.171744 0.397526 0.185224 0.399393 0.188375 0.404295 0.202206 0.411298 0.214111 0.414099 0.215161 0.414799 0.216912 0.418301 0.219888 0.421802 0.218662 0.423203 0.216912 0.422969 0.209384 0.426471 0.199755 0.432540 0.194853 0.440009 0.191001 0.457049 0.185749 0.460317 0.183123 0.463352 0.181898 0.474090 0.181022 0.491130 0.177171 0.498366 0.174545 0.499767 0.172269 0.497199 0.164741 0.491130 0.154412 0.470121 0.132178 0.464519 0.128501 0.453548 0.123074 0.440943 0.118873 0.435574 0.119048 0.427871 0.121849 0.411298 0.129552 0.407330 0.133228 0.401961 0.140581 0.397526 0.151261 0.396125 0.164391 0.395892 0.171744
1 0.361811 0.227591 0.365546 0.243347 0.365313 0.255427 0.366013 0.256303 0.369748 0.255952 0.378852 0.253151 0.391457 0.251050 0.425537 0.251225 0.429972 0.250350 0.434407 0.248249 0.431373 0.243873 0.428338 0.241772 0.425070 0.237920 0.409664 0.214111 0.407796 0.211835 0.404528 0.209909 0.387722 0.211835 0.377218 0.214461 0.371615 0.216562 0.362045 0.223389 0.361811 0.227591
1 0.598739 0.661940 0.600373 0.668242 0.602241 0.669118 0.614379 0.668943 0.622549 0.670168 0.633053 0.673669 0.644725 0.680322 0.646825 0.682423 0.656162 0.688200 0.662698 0.693803 0.664332 0.696254 0.670635 0.700805 0.679505 0.709209 0.693978 0.726366 0.699580 0.735644 0.703081 0.739146 0.706349 0.738620 0.727591 0.714461 0.729458 0.710434 0.728525 0.706408 0.722923 0.698004 0.719888 0.689076 0.715453 0.682073 0.712885 0.673494 0.712418 0.664216 0.713819 0.652136 0.713352 0.640581 0.708450 0.641982 0.689309 0.655287 0.684174 0.657738 0.678571 0.659314 0.675070 0.659489 0.665033 0.658438 0.648459 0.652311 0.638889 0.645133 0.625117 0.629727 0.623483 0.626576 0.619748 0.622374 0.616246 0.619048 0.612745 0.618347 0.611345 0.619573 0.604575 0.634454 0.599440 0.653536 0.598739 0.661940
1 0.716153 0.252801 0.717554 0.261380 0.718954 0.266807 0.721522 0.272584 0.723156 0.274160 0.727824 0.274510 0.735994 0.273459 0.746265 0.273284 0.751634 0.274335 0.769374 0.275735 0.789683 0.280112 0.811158 0.287990 0.817927 0.292017 0.829132 0.300420 0.837302 0.309174 0.842670 0.312850 0.847572 0.318102 0.859244 0.328081 0.863679 0.327906 0.866013 0.331232 0.867414 0.328957 0.883053 0.321429 0.890289 0.319153 0.896592 0.315126 0.900794 0.313375 0.905696 0.309874 0.908497 0.306723 0.909897 0.303746 0.912698 0.290791 0.913165 0.271709 0.912465 0.266106 0.909664 0.258754 0.908263 0.251926 0.899393 0.236345 0.887722 0.223915 0.874650 0.215336 0.861111 0.209734 0.831466 0.203782 0.827965 0.203957 0.824930 0.202731 0.786881 0.196954 0.781279 0.197129 0.775910 0.196078 0.758637 0.195203 0.754902 0.195903 0.751401 0.196779 0.739029 0.202556 0.732026 0.208683 0.719888 0.230567 0.717087 0.237395 0.716387 0.242297 0.716153 0.252801
1 0.657796 0.214111 0.660131 0.216737 0.663632 0.218312 0.678338 0.229167 0.684991 0.234856 0.688375 0.239321 0.690476 0.245623 0.690243 0.252976 0.686275 0.262430 0.675070 0.274510 0.673669 0.279412 0.676237 0.280637 0.679272 0.280637 0.682073 0.279762 0.689076 0.280637 0.718021 0.274335 0.721055 0.272584 0.717787 0.265756 0.715686 0.254902 0.715453 0.247549 0.716620 0.237745 0.729458 0.212710 0.736928 0.203606 0.750000 0.196954 0.758403 0.195028 0.762138 0.195028 0.767040 0.196078 0.776144 0.195728 0.779412 0.196779 0.785247 0.197304 0.788982 0.196078 0.778478 0.188200 0.768674 0.185049 0.748833 0.182948 0.734360 0.182773 0.726891 0.183473 0.703081 0.188025 0.682306 0.196078 0.676237 0.199230 0.669001 0.206232 0.657796 0.213060 0.657796 0.214111
1 0.652428 0.172444 0.655229 0.178396 0.658497 0.181723 0.661064 0.186625 0.668301 0.192927 0.672035 0.192052 0.675303 0.194328 0.682306 0.194853 0.685574 0.194153 0.702148 0.188200 0.727358 0.183123 0.739729 0.182423 0.753968 0.182948 0.765873 0.183999 0.779645 0.187850 0.789683 0.195028 0.799953 0.198179 0.810691 0.199055 0.817927 0.200805 0.824930 0.201155 0.832400 0.199580 0.842204 0.195903 0.848973 0.194853 0.853175 0.192577 0.854809 0.188725 0.853641 0.175595 0.851541 0.168768 0.834967 0.151085 0.817694 0.139356 0.812092 0.137080 0.792484 0.130252 0.775444 0.127101 0.762372 0.125875 0.746965 0.126576 0.699580 0.133754 0.693744 0.136029 0.676004 0.140056 0.663399 0.146534 0.660598 0.148810 0.654295 0.158088 0.651727 0.164566 0.652428 0.172444
1 0.581232 0.150210 0.588235 0.165616 0.591970 0.170693 0.598039 0.172969 0.607610 0.174545 0.615546 0.176821 0.631886 0.182773 0.640056 0.187850 0.645892 0.192577 0.647059 0.194503 0.651027 0.197129 0.653828 0.196429 0.657563 0.197129 0.663399 0.196429 0.664566 0.195903 0.666667 0.192052 0.671802 0.190126 0.671802 0.188725 0.668301 0.188025 0.664566 0.188901 0.661531 0.187150 0.654295 0.176646 0.651261 0.169118 0.651261 0.165266 0.653595 0.158438 0.655462 0.154762 0.658030 0.152311 0.659430 0.148985 0.662232 0.147059 0.676004 0.139881 0.682073 0.137780 0.693744 0.135154 0.697246 0.133403 0.696078 0.130077 0.682073 0.109944 0.678571 0.105742 0.669234 0.098389 0.662232 0.094363 0.653828 0.091211 0.647526 0.089811 0.633287 0.087885 0.623950 0.088235 0.615780 0.090336 0.603175 0.097514 0.592904 0.105567 0.587768 0.111169 0.582633 0.119573 0.580532 0.132353 0.581232 0.150210
1 0.423203 0.213585 0.425537 0.220413 0.428805 0.223389 0.431373 0.228466 0.434407 0.231793 0.443044 0.235994 0.445378 0.233193 0.446078 0.227591 0.445378 0.223564 0.447246 0.217787 0.451214 0.210259 0.461951 0.198004 0.469888 0.190826 0.476891 0.187325 0.496032 0.180672 0.505369 0.180497 0.512138 0.179622 0.517040 0.177871 0.522409 0.178046 0.530345 0.177171 0.535948 0.178746 0.541783 0.178571 0.557423 0.180322 0.569094 0.183123 0.598506 0.194328 0.609711 0.197479 0.626984 0.204832 0.650560 0.213060 0.652894 0.212535 0.654062 0.210784 0.652894 0.203256 0.649860 0.196254 0.635621 0.184874 0.629318 0.181548 0.623249 0.179272 0.598973 0.173845 0.575630 0.170168 0.561625 0.169118 0.541550 0.169993 0.533613 0.171394 0.525677 0.171569 0.520542 0.172969 0.504902 0.174720 0.473156 0.181022 0.463585 0.182073 0.456349 0.186450 0.439309 0.191702 0.431839 0.195553 0.427404 0.199230 0.423669 0.207108 0.423203 0.213585
1 0.855042 0.174895 0.855976 0.181548 0.859244 0.181197 0.869748 0.185749 0.873016 0.185924 0.880019 0.188550 0.887021 0.190126 0.905696 0.199930 0.918534 0.205707 0.929038 0.213761 0.937208 0.223739 0.941176 0.237220 0.940943 0.240896 0.934641 0.248424 0.922035 0.250525 0.918534 0.252101 0.915033 0.250700 0.911298 0.250875 0.911298 0.252451 0.914099 0.254027 0.914799 0.255252 0.913866 0.259104 0.915500 0.265406 0.923669 0.269433 0.935808 0.277486 0.939776 0.279062 0.942577 0.279237 0.949346 0.274510 0.956116 0.272759 0.964052 0.269083 0.964519 0.264531 0.968487 0.263130 0.970355 0.263655 0.972456 0.262080 0.972923 0.257528 0.974090 0.256653 0.977124 0.256303 0.977824 0.252101 0.981326 0.248074 0.981559 0.244573 0.980159 0.240021 0.979925 0.228116 0.977358 0.217612 0.967554 0.199405 0.964286 0.194328 0.958450 0.189426 0.951914 0.181723 0.936041 0.171218 0.929505 0.168242 0.918534 0.164566 0.908030 0.162465 0.893091 0.161765 0.874183 0.162815 0.865780 0.164916 0.857610 0.168242 0.855509 0.170343 0.855042 0.174895
1 0.872549 0.338936 0.874416 0.344013 0.878385 0.347514 0.881419 0.352241 0.881186 0.359244 0.900794 0.370273 0.904528 0.373424 0.908497 0.375175 0.915266 0.380077 0.919701 0.381828 0.932073 0.391632 0.944911 0.406688 0.947946 0.416667 0.949580 0.418943 0.956583 0.414916 0.963819 0.407913 0.967087 0.400560 0.970355 0.388655 0.969888 0.376926 0.965453 0.363796 0.949580 0.344188 0.944911 0.340336 0.933707 0.334034 0.925303 0.331408 0.915266 0.329832 0.905462 0.330007 0.880019 0.332108 0.875817 0.334209 0.872549 0.338936
1 0.824930 0.549195 0.826097 0.551471 0.830299 0.553746 0.838235 0.556373 0.841970 0.558824 0.845705 0.559874 0.857143 0.566352 0.868347 0.576506 0.874883 0.587010 0.879085 0.596814 0.881886 0.611520 0.882353 0.632703 0.879785 0.648109 0.880719 0.651261 0.883053 0.654412 0.895658 0.663340 0.908497 0.669818 0.935107 0.680322 0.960784 0.698004 0.966853 0.704307 0.979225 0.712885 0.987862 0.721639 0.991130 0.723214 0.999767 0.724615 0.999767 0.603116 0.984360 0.578256 0.971289 0.563200 0.960551 0.552521 0.951681 0.544993 0.929038 0.528887 0.921569 0.524685 0.901261 0.516282 0.893791 0.514531 0.887021 0.513831 0.876984 0.513831 0.871615 0.514531 0.852241 0.518557 0.845238 0.521183 0.835434 0.527486 0.830766 0.531688 0.827264 0.536239 0.824930 0.543242 0.824930 0.549195
1 0.888889 0.508929 0.890056 0.512430 0.909197 0.518732 0.922269 0.524160 0.942110 0.536064 0.949346 0.542017 0.952848 0.542892 0.962885 0.542192 0.967320 0.540616 0.991130 0.528887 0.998133 0.522584 0.999767 0.522584 0.999767 0.395483 0.994631 0.396359 0.968021 0.407213 0.950047 0.421569 0.944911 0.429097 0.938375 0.435399 0.919701 0.448354 0.909664 0.454307 0.904062 0.456758 0.901727 0.459909 0.901261 0.463235 0.899393 0.467087 0.898459 0.474090 0.892157 0.486520 0.888889 0.497724 0.888889 0.508929
1 0.716387 0.519783 0.720121 0.536415 0.723623 0.550245 0.728758 0.563200 0.729925 0.574930 0.729925 0.590336 0.731326 0.593312 0.734127 0.594713 0.744398 0.596639 0.748133 0.595238 0.754669 0.587535 0.767507 0.574755 0.781046 0.564951 0.806956 0.551296 0.813725 0.549720 0.820495 0.549720 0.822596 0.548144 0.825864 0.537115 0.830299 0.529412 0.827264 0.518908 0.823996 0.515581 0.817694 0.514531 0.809757 0.514531 0.793884 0.515931 0.783613 0.516106 0.765406 0.513655 0.745565 0.512255 0.731559 0.510504 0.722923 0.510504 0.720355 0.509804 0.716620 0.512080 0.716387 0.519783
1 0.771709 0.737920 0.774743 0.741947 0.784314 0.751225 0.799020 0.759979 0.806256 0.762780 0.813725 0.764006 0.821429 0.764181 0.828431 0.761380 0.829365 0.758754 0.828898 0.751225 0.825397 0.735294 0.825163 0.730567 0.823063 0.724265 0.817694 0.724615 0.803688 0.732143 0.793184 0.734944 0.784314 0.735819 0.775210 0.735644 0.771942 0.737045 0.771709 0.737920
1 0.855976 0.189251 0.854342 0.193277 0.852708 0.194503 0.836134 0.199580 0.829599 0.203081 0.831699 0.204307 0.839169 0.204657 0.862979 0.209734 0.880019 0.218487 0.890289 0.226190 0.895658 0.231618 0.908030 0.250525 0.911765 0.251751 0.916433 0.250350 0.922502 0.250175 0.935808 0.248249 0.939309 0.245623 0.940710 0.242822 0.940943 0.237395 0.939309 0.230567 0.936975 0.224090 0.933707 0.219188 0.923669 0.209384 0.918768 0.205707 0.886788 0.190301 0.880252 0.188200 0.869748 0.186450 0.855976 0.182248 0.855976 0.189251
1 0.931373 0.328081 0.933007 0.331583 0.944678 0.339461 0.959851 0.354342 0.963352 0.356618 0.966853 0.361870 0.983894 0.364671 0.999767 0.362745 0.999767 0.246324 0.991363 0.247024 0.982960 0.249300 0.981326 0.251050 0.978291 0.257703 0.975724 0.258578 0.975957 0.262080 0.971989 0.264181 0.968954 0.264356 0.968721 0.265756 0.966853 0.266982 0.965453 0.271008 0.960317 0.273634 0.956583 0.272759 0.950514 0.275035 0.944444 0.279412 0.939542 0.286064 0.937908 0.293592 0.933240 0.305147 0.930906 0.315651 0.931373 0.328081
1 0.288049 0.046919 0.289683 0.053922 0.296685 0.067227 0.301120 0.072829 0.306256 0.081583 0.324230 0.100140 0.327498 0.102416 0.331232 0.100840 0.339169 0.100490 0.345472 0.101716 0.348739 0.103817 0.359944 0.105917 0.358310 0.102416 0.352474 0.097514 0.349673 0.088410 0.344771 0.084734 0.341036 0.078081 0.338002 0.071078 0.336368 0.060399 0.337068 0.055147 0.339402 0.049545 0.342204 0.047444 0.343371 0.045168 0.346639 0.042192 0.351774 0.038690 0.356209 0.036765 0.369981 0.033613 0.380486 0.032913 0.378852 0.029412 0.355976 0.018557 0.345472 0.014181 0.338702 0.012255 0.325630 0.004027 0.318161 0.002276 0.313725 0.002276 0.307423 0.003501 0.299253 0.008403 0.293184 0.015581 0.288049 0.029237 0.288049 0.046919
1 0.499767 0.098389 0.500700 0.105742 0.500233 0.109769 0.496965 0.115196 0.488329 0.122549 0.477824 0.127626 0.468954 0.130077 0.470822 0.133578 0.475724 0.137605 0.495098 0.159664 0.498833 0.168067 0.497199 0.171569 0.498366 0.173845 0.501634 0.174370 0.532913 0.170518 0.538282 0.168242 0.538982 0.162290 0.538049 0.147409 0.534080 0.131127 0.526144 0.118347 0.515873 0.105742 0.505369 0.097689 0.501634 0.096464 0.500467 0.097164 0.499767 0.098389
1 0.146825 0.359244 0.147526 0.359769 0.154062 0.360994 0.158730 0.360994 0.178571 0.364671 0.181839 0.366947 0.184407 0.365896 0.185341 0.362395 0.178338 0.338410 0.175537 0.319503 0.175303 0.311800 0.176704 0.306723 0.181373 0.302871 0.186275 0.300945 0.202381 0.298144 0.219655 0.296218 0.227124 0.295868 0.230859 0.296394 0.233894 0.295693 0.241130 0.296218 0.255135 0.300420 0.257937 0.300245 0.257937 0.296919 0.254202 0.292892 0.251634 0.286590 0.248133 0.281162 0.244398 0.277486 0.241363 0.276085 0.218254 0.276261 0.202614 0.278711 0.193978 0.280637 0.178805 0.285539 0.163399 0.294118 0.162232 0.296919 0.164566 0.303396 0.165733 0.312150 0.164566 0.324055 0.157796 0.340336 0.150794 0.352241 0.147059 0.356443 0.146825 0.359244
1 0.094071 0.525035 0.088235 0.536590 0.088702 0.539566 0.101074 0.557598 0.107143 0.574755 0.108310 0.583683 0.108543 0.596464 0.108077 0.602416 0.104108 0.618697 0.104809 0.621674 0.107843 0.622199 0.125117 0.620973 0.132120 0.619398 0.172736 0.613971 0.176704 0.610994 0.181373 0.598389 0.188842 0.584034 0.200047 0.570203 0.203782 0.563901 0.205415 0.556548 0.206116 0.544293 0.204015 0.537815 0.199813 0.534489 0.182073 0.532038 0.174837 0.529762 0.164566 0.524685 0.147059 0.513655 0.136555 0.504552 0.130719 0.498074 0.128852 0.494748 0.123016 0.490021 0.119514 0.489496 0.111345 0.495273 0.102007 0.505077 0.099206 0.509104 0.094071 0.525035
1 0.357610 0.556723 0.362045 0.569153 0.364613 0.579832 0.364379 0.589111 0.361811 0.598739 0.362045 0.602416 0.392857 0.612920 0.396359 0.615371 0.403595 0.622899 0.411298 0.628501 0.415966 0.624300 0.421335 0.622199 0.428571 0.621324 0.439542 0.618697 0.454015 0.618172 0.460084 0.619048 0.461718 0.617997 0.463585 0.612045 0.464986 0.599440 0.464052 0.596289 0.462652 0.594888 0.457049 0.591912 0.446078 0.590686 0.438375 0.588761 0.417834 0.581408 0.412465 0.580182 0.394258 0.571604 0.382120 0.563200 0.374650 0.559174 0.362745 0.549720 0.359244 0.549195 0.357376 0.551821 0.357610 0.556723
1 0.176704 0.612570 0.177871 0.613270 0.200514 0.614496 0.204015 0.615371 0.209851 0.618172 0.211018 0.617472 0.212652 0.613095 0.212885 0.607318 0.215453 0.597864 0.217554 0.576856 0.221989 0.557948 0.220588 0.555497 0.216853 0.556548 0.213119 0.558824 0.206116 0.563901 0.199346 0.570553 0.188842 0.584559 0.181839 0.597864 0.178805 0.606268 0.176704 0.612570