1 0.003501 0.196254 0.005602 0.203431 0.010037 0.213235 0.026144 0.226891 0.032913 0.229692 0.036181 0.230217 0.054855 0.236870 0.066527 0.239496 0.073763 0.240196 0.079132 0.242122 0.100607 0.246499 0.109477 0.247549 0.112512 0.248599 0.133287 0.250875 0.174603 0.250350 0.211718 0.252276 0.230859 0.250875 0.234127 0.248775 0.232493 0.229202 0.233660 0.220413 0.236461 0.213936 0.241363 0.206057 0.244164 0.202556 0.248599 0.199230 0.266340 0.191001 0.296452 0.183473 0.316993 0.179272 0.333567 0.177346 0.342904 0.175070 0.352241 0.174545 0.363445 0.172094 0.366013 0.171043 0.368347 0.168592 0.369748 0.164391 0.370915 0.154412 0.366713 0.140756 0.357843 0.137780 0.340103 0.130252 0.322829 0.116422 0.311625 0.100840 0.308590 0.095238 0.307656 0.091562 0.303455 0.084559 0.286648 0.080882 0.272876 0.079482 0.259337 0.078957 0.248366 0.077731 0.221055 0.076856 0.205415 0.077206 0.132586 0.082633 0.129085 0.085084 0.119748 0.085784 0.102241 0.091912 0.091970 0.094363 0.064426 0.104867 0.052988 0.111169 0.046452 0.117122 0.041783 0.119398 0.039683 0.119573 0.029879 0.129727 0.024510 0.133754 0.010504 0.153536 0.009804 0.156513 0.005836 0.163690 0.003268 0.175420 0.003501 0.196254
1 0.014006 0.006478 0.016573 0.009454 0.014706 0.012255 0.015873 0.012780 0.019141 0.011029 0.021008 0.013831 0.026611 0.017507 0.028011 0.019433 0.032913 0.021359 0.036181 0.028361 0.033847 0.029412 0.035714 0.029937 0.039916 0.033438 0.054155 0.033263 0.063725 0.035364 0.092204 0.044818 0.095238 0.045168 0.102007 0.047969 0.121148 0.052871 0.129318 0.055672 0.188842 0.069678 0.193277 0.070028 0.210084 0.073880 0.240430 0.076331 0.269374 0.077031 0.296919 0.070553 0.301354 0.068627 0.303688 0.066702 0.309991 0.047094 0.323529 0.023810 0.334967 0.011380 0.338469 0.009279 0.340803 0.006303 0.346872 0.001576 0.346872 0.000000 0.016106 0.000000 0.015873 0.001926 0.013772 0.003852 0.014006 0.006478
1 0.002568 0.064601 0.000000 0.065301 0.000000 0.162290 0.003735 0.162640 0.005135 0.162640 0.006069 0.160014 0.008403 0.157738 0.014239 0.145833 0.028945 0.129377 0.058123 0.108193 0.071195 0.102066 0.086601 0.096113 0.098973 0.092262 0.109944 0.090161 0.117180 0.087360 0.123950 0.086310 0.128151 0.084909 0.130019 0.085084 0.146125 0.081583 0.153828 0.080707 0.188609 0.077556 0.200514 0.077556 0.204482 0.076681 0.208450 0.074580 0.165266 0.063725 0.125584 0.054972 0.114846 0.052171 0.109244 0.049720 0.102708 0.048494 0.080766 0.041492 0.074930 0.040266 0.061858 0.042017 0.057423 0.043768 0.053455 0.043242 0.033147 0.049020 0.015873 0.055847 0.004435 0.062500 0.002568 0.064601
1 0.009804 0.280987 0.000000 0.285014 0.000000 0.370273 0.012138 0.380427 0.015406 0.381478 0.029879 0.391282 0.049720 0.402136 0.064426 0.407738 0.071195 0.408789 0.102241 0.417192 0.119048 0.418768 0.151027 0.419643 0.160598 0.421043 0.210084 0.422094 0.221522 0.421218 0.223856 0.419468 0.225724 0.407738 0.231092 0.397409 0.239029 0.388130 0.256536 0.371499 0.281279 0.357318 0.309991 0.347864 0.328198 0.343137 0.338469 0.341562 0.342670 0.338410 0.341737 0.333859 0.337302 0.328081 0.321429 0.322304 0.318161 0.320378 0.305556 0.316176 0.295752 0.311800 0.288982 0.307073 0.279879 0.302346 0.259337 0.285539 0.250467 0.275385 0.246265 0.268207 0.241130 0.263305 0.219888 0.256303 0.199813 0.254202 0.192577 0.252801 0.165500 0.251576 0.136321 0.252451 0.126517 0.253326 0.119281 0.255602 0.113912 0.254902 0.105976 0.255077 0.063725 0.260679 0.057656 0.262080 0.052754 0.264531 0.036648 0.268908 0.033380 0.270833 0.022176 0.274335 0.009804 0.280987
1 0.000000 0.439776 0.000000 0.579307 0.005369 0.580532 0.019141 0.586485 0.032446 0.589986 0.043184 0.591387 0.064426 0.597164 0.105509 0.600840 0.130719 0.601541 0.161531 0.601015 0.167834 0.599615 0.172502 0.599965 0.207516 0.597339 0.227124 0.592087 0.241830 0.585434 0.249767 0.578782 0.256536 0.571078 0.258170 0.563725 0.261671 0.557598 0.264239 0.555497 0.265173 0.550595 0.267274 0.546569 0.267507 0.538340 0.265640 0.529062 0.262372 0.521008 0.253735 0.508754 0.240663 0.495798 0.228291 0.486870 0.216853 0.481268 0.196312 0.468838 0.178805 0.459909 0.161298 0.453957 0.158030 0.452206 0.136788 0.446779 0.103175 0.443452 0.039216 0.441702 0.026377 0.440126 0.004902 0.439251 0.000000 0.439776
1 0.002101 0.607143 0.000000 0.607143 0.000000 0.732143 0.005369 0.733894 0.008637 0.736345 0.011671 0.737395 0.025210 0.739496 0.035714 0.740196 0.040616 0.741597 0.050420 0.742122 0.055556 0.743172 0.069795 0.743522 0.088002 0.745623 0.109477 0.745623 0.130252 0.744748 0.133520 0.743697 0.137021 0.743873 0.140289 0.742822 0.148226 0.742122 0.171802 0.737220 0.188609 0.729342 0.195378 0.727416 0.206816 0.722339 0.218954 0.713410 0.223856 0.708683 0.235061 0.691001 0.236461 0.680847 0.238796 0.676296 0.239963 0.668067 0.236228 0.654237 0.228525 0.643732 0.215453 0.632703 0.206349 0.626576 0.192577 0.620098 0.165733 0.610644 0.150560 0.608543 0.137255 0.605217 0.125584 0.603466 0.064192 0.598564 0.055556 0.600140 0.026144 0.602241 0.005602 0.605742 0.002101 0.607143
1 0.010037 0.782738 0.002723 0.788048 0.000000 0.788690 0.000000 0.897409 0.005135 0.899685 0.008403 0.900210 0.016573 0.904587 0.028245 0.907563 0.032913 0.909664 0.045518 0.911765 0.056956 0.915091 0.067927 0.917367 0.074463 0.917892 0.091503 0.921218 0.116013 0.923494 0.137021 0.924020 0.155229 0.922619 0.164799 0.921218 0.170635 0.919118 0.184641 0.916842 0.207049 0.909839 0.221055 0.902311 0.233894 0.892857 0.241363 0.888480 0.243931 0.885329 0.249066 0.881653 0.254902 0.875875 0.262138 0.867122 0.271942 0.852241 0.277077 0.841387 0.278945 0.835084 0.280579 0.820378 0.278945 0.807248 0.273343 0.793242 0.267974 0.786064 0.252801 0.773634 0.235994 0.764531 0.220588 0.759279 0.201914 0.755952 0.189076 0.754552 0.173669 0.754027 0.137411 0.755602 0.112278 0.755427 0.098039 0.756478 0.076097 0.759804 0.067694 0.759454 0.060924 0.762430 0.056723 0.762080 0.050887 0.764006 0.045985 0.766807 0.036648 0.769433 0.029412 0.772759 0.025910 0.773634 0.018674 0.778186 0.012138 0.780287 0.010037 0.782738
1 0.242530 0.668943 0.240430 0.681723 0.240430 0.687150 0.238562 0.692752 0.239496 0.696254 0.242997 0.702731 0.251167 0.713410 0.261671 0.721989 0.273109 0.727416 0.291783 0.731793 0.307656 0.733368 0.322362 0.733894 0.359944 0.729342 0.402194 0.720763 0.415966 0.717437 0.426237 0.713936 0.429739 0.710784 0.438142 0.693803 0.448880 0.675420 0.448179 0.673669 0.446312 0.672444 0.420868 0.672969 0.410831 0.674020 0.383754 0.671043 0.374650 0.668067 0.369281 0.667367 0.364146 0.665791 0.351774 0.659314 0.343838 0.653186 0.338936 0.647234 0.335201 0.644083 0.330299 0.637080 0.327965 0.630252 0.326331 0.620973 0.326331 0.611902 0.327498 0.599090 0.330299 0.592087 0.329599 0.590336 0.328198 0.589461 0.326331 0.590686 0.317227 0.593487 0.300420 0.602066 0.283380 0.612220 0.263539 0.626401 0.250700 0.640406 0.244398 0.650735 0.243697 0.655637 0.241363 0.661239 0.242530 0.668943
0 0.328431 0.623599 0.329832 0.630252 0.333800 0.640231 0.336134 0.643908 0.346405 0.654412 0.351774 0.658438 0.362979 0.664916 0.369981 0.666842 0.378385 0.668067 0.383987 0.670343 0.414799 0.673669 0.418301 0.672094 0.432540 0.672444 0.448413 0.669993 0.452381 0.670693 0.461951 0.670168 0.466853 0.671043 0.472222 0.670518 0.518441 0.673494 0.525910 0.673669 0.533147 0.672794 0.563725 0.667017 0.580999 0.660014 0.585901 0.658964 0.615780 0.644958 0.622082 0.640056 0.627451 0.637955 0.633053 0.631127 0.640990 0.627976 0.644258 0.625700 0.647292 0.622199 0.651261 0.619573 0.658030 0.613095 0.661765 0.607668 0.668768 0.600315 0.675303 0.587185 0.678571 0.578081 0.679739 0.566176 0.679272 0.556723 0.677638 0.550245 0.671802 0.538690 0.651494 0.515406 0.646825 0.511905 0.644491 0.508228 0.639122 0.504377 0.636788 0.501751 0.622549 0.495448 0.609244 0.492297 0.573063 0.490546 0.562092 0.492297 0.548553 0.492997 0.515173 0.496499 0.491130 0.501225 0.485761 0.503326 0.474790 0.506127 0.449813 0.511380 0.405229 0.526085 0.394958 0.531513 0.390289 0.532388 0.386321 0.535014 0.379085 0.538165 0.362512 0.549370 0.353175 0.558123 0.347106 0.565826 0.343604 0.568978 0.337768 0.577731 0.332400 0.589461 0.330065 0.595938 0.327965 0.607318 0.328431 0.623599
0 0.226424 0.418592 0.230392 0.432248 0.236228 0.441001 0.240663 0.445553 0.242997 0.450280 0.246732 0.453081 0.250467 0.458158 0.258637 0.464811 0.282913 0.479867 0.296685 0.486345 0.313259 0.492122 0.334734 0.497024 0.352941 0.500525 0.383520 0.502276 0.422502 0.500525 0.472456 0.493873 0.488095 0.492647 0.527077 0.483718 0.533147 0.481443 0.535714 0.478817 0.539683 0.478992 0.546685 0.477941 0.553455 0.476190 0.557890 0.473915 0.563959 0.473214 0.571429 0.471289 0.576797 0.468137 0.581466 0.467262 0.584034 0.464986 0.588469 0.462885 0.597106 0.456758 0.598273 0.454832 0.603875 0.449930 0.605042 0.446078 0.608310 0.441877 0.612278 0.432598 0.615313 0.414741 0.614146 0.404587 0.609944 0.397059 0.590570 0.375000 0.577731 0.362920 0.571195 0.358894 0.559057 0.353992 0.553688 0.350665 0.550420 0.349790 0.546919 0.347689 0.538749 0.345238 0.533380 0.341737 0.512138 0.335259 0.507937 0.335084 0.494164 0.331583 0.491363 0.330007 0.477124 0.327031 0.460317 0.325630 0.439309 0.324930 0.425070 0.325105 0.401261 0.328081 0.388889 0.332108 0.373950 0.334559 0.317227 0.347514 0.300654 0.352241 0.296218 0.354342 0.289683 0.355742 0.274510 0.362570 0.268908 0.366597 0.262138 0.369573 0.253268 0.375875 0.239262 0.389706 0.230859 0.399860 0.228291 0.404412 0.226424 0.411239 0.226424 0.418592
0 0.233894 0.232143 0.234827 0.242122 0.236928 0.249475 0.240430 0.255077 0.242997 0.262080 0.259104 0.282913 0.265406 0.289216 0.268207 0.290791 0.274743 0.296744 0.286181 0.304097 0.296685 0.308999 0.300187 0.311975 0.327731 0.322829 0.331466 0.323354 0.332866 0.324405 0.337768 0.325805 0.345238 0.325805 0.348739 0.327556 0.355042 0.329307 0.369514 0.332108 0.380252 0.332283 0.407796 0.325630 0.418768 0.324930 0.428105 0.323354 0.449813 0.323179 0.471055 0.324930 0.476424 0.325980 0.488095 0.326506 0.496265 0.322654 0.509337 0.319678 0.531046 0.311450 0.543884 0.305847 0.553455 0.300070 0.563959 0.291842 0.571895 0.283263 0.577498 0.268557 0.578665 0.253326 0.582166 0.240196 0.581232 0.223739 0.575864 0.214111 0.573063 0.210084 0.568861 0.206232 0.567227 0.203081 0.557890 0.194153 0.548319 0.186975 0.539916 0.181548 0.535481 0.179797 0.527778 0.174545 0.508170 0.167192 0.491130 0.163866 0.476424 0.163866 0.463352 0.162115 0.448880 0.162990 0.442577 0.161765 0.429505 0.161239 0.424603 0.161940 0.414799 0.161765 0.401494 0.164566 0.391457 0.167892 0.355742 0.175070 0.349206 0.175420 0.339402 0.177696 0.316760 0.180497 0.276144 0.189251 0.256536 0.196078 0.245331 0.202906 0.237628 0.213936 0.234360 0.223915 0.233894 0.232143
1 0.305089 0.078431 0.307656 0.088410 0.309991 0.095413 0.313959 0.101891 0.316993 0.104867 0.320495 0.111169 0.326331 0.117122 0.332633 0.121324 0.335201 0.124300 0.344071 0.130077 0.359244 0.135329 0.362745 0.137430 0.383520 0.142857 0.389823 0.143382 0.400560 0.146534 0.409897 0.147584 0.422736 0.150210 0.430205 0.150735 0.438609 0.153011 0.449346 0.153536 0.466620 0.158263 0.470121 0.155462 0.478058 0.155462 0.483660 0.156338 0.487395 0.155462 0.498133 0.156688 0.501634 0.158789 0.511905 0.159139 0.515173 0.157563 0.533613 0.156688 0.546452 0.153361 0.556256 0.149160 0.574463 0.140581 0.599440 0.123775 0.612745 0.112745 0.615546 0.108718 0.618814 0.105917 0.620215 0.101190 0.626984 0.095588 0.639823 0.074405 0.644491 0.057598 0.644024 0.036940 0.642157 0.029237 0.627684 0.000000 0.350373 0.000000 0.346405 0.004727 0.342204 0.007178 0.327965 0.020483 0.322129 0.028711 0.317227 0.036415 0.308824 0.054447 0.305089 0.070553 0.305089 0.078431
1 0.640756 0.022759 0.645191 0.033964 0.646592 0.046919 0.648693 0.053571 0.651027 0.057248 0.657796 0.060574 0.662698 0.061800 0.672269 0.065826 0.676237 0.068102 0.707049 0.075980 0.723856 0.078431 0.736928 0.079482 0.761905 0.079832 0.785948 0.081232 0.822362 0.081057 0.831466 0.080357 0.862745 0.075105 0.876517 0.071254 0.880019 0.070903 0.913866 0.055672 0.935808 0.043417 0.939776 0.039391 0.947712 0.034664 0.965686 0.020483 0.976891 0.007353 0.978525 0.004727 0.979458 0.000000 0.644024 0.000000 0.643557 0.005252 0.641923 0.009979 0.640756 0.022759
1 0.635621 0.119573 0.636321 0.121148 0.654528 0.133053 0.661064 0.140406 0.667600 0.145658 0.670868 0.150035 0.676237 0.161239 0.679739 0.175595 0.679038 0.187325 0.679739 0.200105 0.676937 0.206583 0.675537 0.212885 0.672969 0.216912 0.673903 0.220413 0.675070 0.221113 0.679272 0.219713 0.682306 0.220413 0.720822 0.217787 0.748133 0.214811 0.753268 0.213585 0.771242 0.211310 0.813959 0.203431 0.820728 0.202906 0.824463 0.201681 0.828665 0.198529 0.838469 0.194153 0.849907 0.187500 0.866947 0.173319 0.880486 0.148810 0.895425 0.129902 0.896125 0.123950 0.895425 0.111695 0.886321 0.092262 0.879785 0.082633 0.873950 0.077381 0.869748 0.075105 0.858077 0.076155 0.848739 0.078606 0.832633 0.081232 0.814659 0.082108 0.775910 0.081758 0.765873 0.080882 0.709150 0.079307 0.682073 0.089986 0.678338 0.090511 0.670168 0.096289 0.661298 0.100140 0.655229 0.103817 0.650560 0.105392 0.640289 0.112570 0.636788 0.116597 0.635621 0.119573
1 0.372316 0.161064 0.370915 0.168242 0.373249 0.170693 0.387021 0.168943 0.400794 0.163690 0.407796 0.161940 0.439076 0.160889 0.453315 0.162115 0.463352 0.160889 0.469888 0.162115 0.480159 0.162815 0.491597 0.162640 0.498599 0.163866 0.518674 0.170168 0.527544 0.173669 0.547152 0.185224 0.556256 0.192052 0.565593 0.200455 0.575864 0.211835 0.581699 0.221989 0.583333 0.230742 0.583100 0.241422 0.584734 0.243873 0.598739 0.242122 0.602941 0.240196 0.623016 0.235294 0.642390 0.228291 0.654528 0.222514 0.667134 0.211660 0.675770 0.193277 0.678805 0.183648 0.678805 0.174020 0.676004 0.162640 0.672035 0.153711 0.665266 0.144433 0.651727 0.131653 0.628385 0.119398 0.618814 0.116422 0.616480 0.115021 0.612745 0.115196 0.609010 0.117297 0.595238 0.128151 0.573529 0.141982 0.564192 0.146008 0.558824 0.149160 0.543651 0.154937 0.532913 0.157563 0.514239 0.159489 0.509337 0.158789 0.502801 0.158964 0.498133 0.158088 0.494631 0.156338 0.492063 0.156863 0.483660 0.156688 0.471055 0.155462 0.463119 0.156162 0.456349 0.154587 0.446312 0.153887 0.443277 0.153011 0.438842 0.153011 0.411064 0.149335 0.397526 0.146183 0.378151 0.143207 0.375817 0.143382 0.373016 0.145833 0.372549 0.147234 0.372316 0.161064
0 0.665033 0.369923 0.669234 0.381127 0.677171 0.394608 0.683473 0.402311 0.688609 0.407913 0.697246 0.414391 0.702148 0.419993 0.706116 0.422794 0.722923 0.431373 0.734594 0.438550 0.755369 0.442227 0.806489 0.453256 0.828198 0.458683 0.838702 0.459909 0.840803 0.459384 0.860878 0.459384 0.886088 0.457983 0.892624 0.456232 0.901027 0.455182 0.921802 0.449580 0.932773 0.444153 0.950280 0.431548 0.959851 0.421744 0.966153 0.411940 0.973156 0.403536 0.975957 0.397584 0.976424 0.383754 0.973856 0.373599 0.963119 0.355917 0.948646 0.342612 0.936975 0.334909 0.924370 0.329832 0.921802 0.327906 0.901494 0.320028 0.890056 0.316877 0.876284 0.311275 0.865546 0.308648 0.845705 0.307073 0.824463 0.306723 0.810691 0.307423 0.725957 0.307248 0.703081 0.309174 0.689076 0.314426 0.680906 0.320903 0.674837 0.327381 0.669468 0.335784 0.666667 0.341912 0.665033 0.348564 0.665033 0.369923
1 0.579365 0.272584 0.577498 0.275910 0.577965 0.281338 0.584967 0.284489 0.595472 0.287640 0.620448 0.299895 0.638889 0.313025 0.645191 0.318978 0.651261 0.326506 0.656162 0.334909 0.659197 0.349965 0.658263 0.355917 0.659430 0.359419 0.661298 0.360644 0.662232 0.348739 0.666200 0.338936 0.673903 0.327031 0.681373 0.319328 0.688375 0.314251 0.697479 0.310049 0.703548 0.308123 0.725023 0.306197 0.800654 0.306898 0.830299 0.305672 0.856443 0.306373 0.860411 0.305147 0.861811 0.303746 0.859477 0.300245 0.855976 0.297969 0.852007 0.293943 0.841737 0.281863 0.838469 0.275910 0.836368 0.269083 0.835434 0.261555 0.837068 0.248950 0.841970 0.238971 0.848506 0.230742 0.853408 0.227941 0.854809 0.226190 0.863212 0.220238 0.864613 0.216912 0.859477 0.212535 0.846872 0.207633 0.835201 0.205707 0.823996 0.205007 0.799953 0.206933 0.762372 0.214111 0.728291 0.219188 0.679505 0.222864 0.671569 0.222339 0.665966 0.224615 0.657563 0.224965 0.647759 0.227241 0.645191 0.228992 0.612512 0.240896 0.607610 0.244048 0.603641 0.248074 0.603408 0.254342 0.602241 0.256127 0.595238 0.257528 0.589169 0.259979 0.584034 0.262605 0.580999 0.265406 0.579365 0.272584
1 0.492997 0.328081 0.496732 0.330007 0.508870 0.334209 0.515640 0.335259 0.522409 0.337710 0.526144 0.338060 0.532213 0.339986 0.537348 0.342962 0.547386 0.346814 0.550887 0.349090 0.555556 0.350490 0.557656 0.352241 0.576331 0.360469 0.587302 0.368873 0.594304 0.377276 0.599673 0.381828 0.605976 0.390931 0.610411 0.395833 0.614379 0.401786 0.616013 0.406162 0.619048 0.409664 0.623249 0.408964 0.630952 0.402486 0.638655 0.394258 0.640756 0.387780 0.640990 0.383228 0.643557 0.377801 0.647292 0.372199 0.651027 0.369573 0.654295 0.365546 0.656863 0.349090 0.656396 0.341562 0.654762 0.334559 0.651494 0.328256 0.644958 0.320378 0.637722 0.313200 0.629552 0.307073 0.612979 0.296744 0.598973 0.290266 0.591737 0.288515 0.584967 0.285539 0.574463 0.283613 0.559290 0.297794 0.539916 0.309349 0.525677 0.315476 0.504669 0.323004 0.496965 0.325105 0.492997 0.328081
1 0.230626 0.484769 0.235994 0.491246 0.243931 0.496849 0.256303 0.509804 0.263305 0.520483 0.270308 0.538165 0.285014 0.549195 0.301354 0.557773 0.318861 0.563200 0.341737 0.567402 0.345472 0.565476 0.350607 0.559174 0.361111 0.549545 0.368114 0.544293 0.379085 0.536940 0.390756 0.530812 0.399160 0.527486 0.451214 0.509804 0.463352 0.507528 0.466853 0.507703 0.505135 0.496849 0.508637 0.497024 0.518207 0.495098 0.532680 0.494223 0.535948 0.493172 0.537115 0.491246 0.536181 0.487570 0.534080 0.485644 0.526144 0.485119 0.489496 0.493522 0.466853 0.495273 0.463352 0.496499 0.427638 0.500175 0.419001 0.501751 0.409197 0.501576 0.405229 0.502451 0.391923 0.502801 0.362512 0.501926 0.342904 0.498950 0.328198 0.495973 0.324463 0.494398 0.310691 0.491947 0.294351 0.485644 0.286415 0.482143 0.269141 0.472164 0.255836 0.463585 0.244631 0.453782 0.241597 0.452906 0.235294 0.459909 0.232026 0.470588 0.230626 0.484769
1 0.605275 0.486520 0.606209 0.488445 0.609477 0.489671 0.611345 0.491597 0.620915 0.493873 0.635621 0.500525 0.644725 0.507003 0.649160 0.512955 0.653595 0.515931 0.654528 0.519083 0.657096 0.517507 0.658964 0.518557 0.660598 0.521884 0.660831 0.525910 0.672736 0.537815 0.677404 0.546218 0.679972 0.553571 0.680906 0.568627 0.682540 0.572479 0.691877 0.578431 0.705415 0.585434 0.721289 0.592262 0.728058 0.594363 0.731092 0.596289 0.745098 0.600665 0.750700 0.601716 0.755836 0.603817 0.775910 0.607318 0.793184 0.608368 0.803688 0.608018 0.811158 0.606968 0.814192 0.605742 0.817927 0.605917 0.840336 0.601190 0.852708 0.599790 0.880019 0.589811 0.886555 0.585609 0.890990 0.583683 0.894024 0.580707 0.901261 0.576155 0.909197 0.569153 0.912698 0.563725 0.920635 0.547094 0.926471 0.529412 0.923203 0.526261 0.923669 0.522409 0.919234 0.511905 0.910831 0.501576 0.901027 0.493522 0.879785 0.480567 0.871148 0.477416 0.860878 0.472339 0.840803 0.465511 0.831232 0.461485 0.786415 0.449580 0.782213 0.449230 0.774977 0.447129 0.757703 0.443803 0.730859 0.440476 0.706349 0.440301 0.702381 0.441352 0.696078 0.440126 0.692577 0.442752 0.688375 0.442227 0.681839 0.443102 0.647993 0.451681 0.642157 0.453606 0.638189 0.457633 0.621849 0.468662 0.619281 0.469713 0.606209 0.480917 0.605509 0.482668 0.605275 0.486520
0 0.658263 0.658964 0.657563 0.661940 0.661064 0.678922 0.664799 0.683824 0.667134 0.693102 0.676004 0.706408 0.682073 0.713761 0.692344 0.724090 0.696078 0.726015 0.705182 0.732843 0.709851 0.734769 0.715453 0.739146 0.737162 0.748950 0.764939 0.757703 0.782913 0.761380 0.793651 0.764356 0.813725 0.768207 0.820028 0.768732 0.831466 0.771534 0.884454 0.778011 0.901727 0.778011 0.918534 0.775210 0.928805 0.772934 0.936041 0.770483 0.940243 0.767682 0.945845 0.765231 0.950280 0.761029 0.959851 0.754027 0.971755 0.735819 0.977591 0.724265 0.979225 0.712885 0.974556 0.696078 0.963119 0.678746 0.962185 0.675420 0.948880 0.662465 0.924370 0.646183 0.919234 0.644083 0.901261 0.632878 0.890523 0.628676 0.886088 0.626050 0.865546 0.619923 0.848506 0.616422 0.830065 0.614671 0.817694 0.612570 0.783147 0.609944 0.770075 0.609594 0.765873 0.608894 0.748366 0.609244 0.745565 0.608543 0.729692 0.608193 0.723156 0.608368 0.710784 0.610119 0.689309 0.615371 0.678571 0.619398 0.673903 0.622899 0.669935 0.626401 0.662232 0.637430 0.658730 0.647409 0.657796 0.654237 0.658263 0.658964
1 0.430205 0.737745 0.433007 0.748249 0.436508 0.755427 0.444678 0.766457 0.460317 0.779762 0.465686 0.783088 0.474323 0.786765 0.510971 0.798494 0.525910 0.799370 0.540850 0.798494 0.567927 0.791667 0.573296 0.788340 0.581466 0.785714 0.595472 0.779062 0.606676 0.771709 0.609477 0.771008 0.638189 0.750000 0.653595 0.734769 0.665500 0.717087 0.667134 0.710434 0.666667 0.699580 0.657563 0.675420 0.647759 0.657913 0.637255 0.646709 0.630019 0.641632 0.626284 0.640756 0.623249 0.641632 0.601774 0.652661 0.596639 0.654412 0.588469 0.658964 0.580299 0.661415 0.575397 0.664041 0.560458 0.668768 0.549020 0.671043 0.522176 0.674895 0.513072 0.673845 0.474323 0.672094 0.459150 0.671919 0.453081 0.672969 0.450514 0.678396 0.446078 0.683473 0.438842 0.695203 0.431373 0.714111 0.429972 0.723564 0.430205 0.737745
1 0.267274 0.782913 0.275210 0.794118 0.280812 0.807248 0.282213 0.816702 0.280579 0.830707 0.281513 0.834034 0.284547 0.837185 0.288982 0.840161 0.306723 0.846639 0.325163 0.850840 0.335901 0.852241 0.341970 0.851541 0.347572 0.845413 0.365313 0.837535 0.395191 0.829832 0.414799 0.826681 0.427638 0.822829 0.456583 0.816702 0.476657 0.810224 0.500467 0.803746 0.508170 0.800245 0.503268 0.796919 0.487162 0.791317 0.480859 0.789916 0.463352 0.782738 0.453704 0.776027 0.444911 0.767857 0.438609 0.760679 0.431606 0.748249 0.431139 0.743347 0.428338 0.734419 0.428105 0.720063 0.429272 0.717437 0.428805 0.716036 0.425537 0.716211 0.422269 0.717612 0.379318 0.726891 0.339169 0.733018 0.333100 0.734594 0.326797 0.738270 0.306256 0.747374 0.289683 0.757703 0.274276 0.771359 0.268207 0.780637 0.267274 0.782913
1 0.060924 0.946779 0.063492 0.956057 0.066527 0.960259 0.067694 0.965511 0.070962 0.970763 0.077498 0.977766 0.088469 0.988445 0.101774 0.999825 0.337302 0.999825 0.337768 0.997024 0.340336 0.994398 0.342670 0.994573 0.343371 0.996324 0.345238 0.997199 0.349440 0.991597 0.351074 0.973389 0.347106 0.959384 0.344071 0.953081 0.338936 0.946078 0.328198 0.934524 0.317694 0.926120 0.291317 0.909139 0.269141 0.898810 0.255369 0.893557 0.244631 0.890581 0.241130 0.890931 0.237862 0.892332 0.213119 0.908613 0.191877 0.915616 0.171102 0.921043 0.145191 0.924370 0.132586 0.924895 0.095472 0.922619 0.088469 0.921919 0.078198 0.919468 0.071195 0.919468 0.065126 0.925070 0.061391 0.933648 0.060924 0.946779
0 0.338469 0.877276 0.338936 0.884279 0.343137 0.900560 0.354575 0.921744 0.361578 0.930322 0.383754 0.946779 0.390289 0.950105 0.396592 0.954657 0.402428 0.956408 0.404295 0.957808 0.421569 0.963936 0.439076 0.966737 0.445845 0.969363 0.474090 0.973915 0.488095 0.974965 0.497432 0.973915 0.511671 0.973564 0.515873 0.974965 0.522876 0.973214 0.529879 0.973389 0.540149 0.971814 0.550187 0.972689 0.595472 0.964986 0.604809 0.962185 0.612745 0.961134 0.626517 0.957983 0.633053 0.955182 0.651261 0.950805 0.661531 0.947129 0.683240 0.936099 0.692577 0.928571 0.699580 0.920693 0.703315 0.914741 0.705415 0.908088 0.706116 0.900735 0.704715 0.876225 0.692110 0.855392 0.687442 0.848915 0.678805 0.840161 0.664799 0.829132 0.656629 0.825105 0.650560 0.821078 0.633287 0.817577 0.623016 0.813725 0.612745 0.810924 0.601074 0.808999 0.588235 0.805497 0.560224 0.802346 0.546919 0.801996 0.518674 0.802696 0.512838 0.804097 0.504902 0.804797 0.487395 0.808999 0.477591 0.812150 0.473623 0.812675 0.456583 0.817927 0.404528 0.829132 0.398926 0.831232 0.380486 0.834559 0.372549 0.837535 0.362745 0.839811 0.354809 0.843487 0.348273 0.847514 0.344071 0.851891 0.340570 0.859069 0.338469 0.877276
1 0.508170 0.999825 0.792951 0.999825 0.792951 0.998249 0.797386 0.991422 0.807656 0.969888 0.809524 0.958333 0.808357 0.943452 0.805556 0.935574 0.793651 0.915091 0.787582 0.910714 0.786181 0.907913 0.782680 0.904412 0.778011 0.902486 0.762372 0.891982 0.754902 0.887780 0.740663 0.885679 0.727358 0.884454 0.709851 0.884629 0.707983 0.886730 0.707049 0.890406 0.707750 0.902136 0.705415 0.913690 0.699580 0.923494 0.694678 0.928746 0.684174 0.936800 0.668301 0.945553 0.658030 0.950280 0.647526 0.953431 0.612745 0.962710 0.598739 0.964811 0.587768 0.967787 0.557656 0.972514 0.549720 0.973389 0.539216 0.973039 0.520075 0.975490 0.514472 0.978291 0.509804 0.984244 0.508870 0.991071 0.508170 0.999825
1 0.607143 0.803922 0.609244 0.807598 0.616013 0.808473 0.618581 0.810749 0.626517 0.813550 0.640289 0.817577 0.650327 0.819503 0.663866 0.826506 0.678571 0.837710 0.687442 0.846464 0.693744 0.854867 0.704482 0.872199 0.706349 0.877976 0.708917 0.880077 0.723623 0.882353 0.734360 0.882878 0.738329 0.883929 0.761905 0.885679 0.776844 0.884979 0.807656 0.881653 0.846172 0.874125 0.862278 0.867822 0.868814 0.859244 0.877918 0.843312 0.895658 0.816176 0.898693 0.809699 0.897759 0.800245 0.894958 0.792192 0.887021 0.781162 0.882353 0.778536 0.878852 0.777836 0.862745 0.777486 0.844771 0.773810 0.838702 0.773459 0.820962 0.770483 0.782913 0.762430 0.774043 0.761204 0.764939 0.759104 0.734827 0.749475 0.727591 0.747899 0.723623 0.748599 0.715219 0.748599 0.702148 0.751576 0.689309 0.753151 0.675770 0.755777 0.658964 0.759979 0.648693 0.763305 0.636555 0.770833 0.630019 0.776436 0.619048 0.781338 0.613679 0.785189 0.609010 0.793417 0.607376 0.799020 0.607143 0.803922
1 0.843604 0.928746 0.845705 0.934699 0.845472 0.939076 0.847106 0.942752 0.861578 0.958158 0.869748 0.963235 0.889589 0.972514 0.904528 0.977241 0.931373 0.981092 0.947246 0.981443 0.972456 0.978992 0.983894 0.976015 0.987862 0.976015 0.991597 0.975140 0.996732 0.972514 0.997666 0.970413 0.999767 0.968662 0.999767 0.768908 0.993931 0.768382 0.980859 0.769258 0.969421 0.771709 0.964052 0.773985 0.951447 0.777486 0.936508 0.783964 0.932306 0.786765 0.929038 0.787640 0.909664 0.802171 0.904528 0.808648 0.899393 0.813550 0.893791 0.821254 0.876517 0.848739 0.866480 0.867297 0.856443 0.883403 0.852941 0.890581 0.846405 0.910889 0.843838 0.925245 0.843604 0.928746
1 0.773109 0.897584 0.774510 0.899335 0.779178 0.902311 0.783613 0.903361 0.788282 0.907213 0.790149 0.912115 0.795518 0.916667 0.802754 0.929097 0.809757 0.946429 0.810691 0.957283 0.807890 0.969888 0.805556 0.976891 0.798086 0.992472 0.796218 0.994748 0.794585 0.999825 0.999767 0.999825 0.999767 0.974615 0.994631 0.975140 0.984127 0.977941 0.976190 0.978116 0.967320 0.981443 0.963119 0.980742 0.957049 0.982318 0.939076 0.982318 0.924837 0.980917 0.921802 0.979867 0.903595 0.977241 0.890756 0.973564 0.880019 0.967962 0.876517 0.967087 0.869514 0.963585 0.859010 0.956408 0.852007 0.949580 0.846639 0.942927 0.844071 0.937150 0.842204 0.927171 0.842437 0.921569 0.847572 0.901436 0.850607 0.894958 0.853875 0.883578 0.856209 0.880252 0.854342 0.876576 0.852708 0.875875 0.845238 0.875875 0.824230 0.880602 0.814659 0.882178 0.810458 0.882178 0.786648 0.887430 0.774977 0.893557 0.773343 0.895658 0.773109 0.897584
1 0.905929 0.599965 0.907796 0.612220 0.911531 0.623074 0.917600 0.629202 0.937208 0.639006 0.952148 0.644258 0.984594 0.653887 0.999767 0.656162 0.999767 0.525910 0.991130 0.526436 0.979225 0.529412 0.956816 0.537290 0.948413 0.542017 0.938142 0.550595 0.927404 0.557248 0.920401 0.563901 0.910598 0.578256 0.907796 0.585084 0.906162 0.592437 0.905929 0.599965
1 0.950980 0.462185 0.952381 0.472164 0.957983 0.484419 0.963352 0.491422 0.973156 0.499125 0.976424 0.500350 0.984360 0.505427 0.994631 0.510329 0.999767 0.511555 0.999767 0.381653 0.998133 0.381653 0.994398 0.383754 0.982026 0.395308 0.972689 0.408088 0.964052 0.418242 0.956116 0.431373 0.952381 0.442052 0.951214 0.452556 0.950980 0.462185
1 0.836835 0.265931 0.838469 0.272234 0.841970 0.280287 0.848973 0.289391 0.853175 0.292717 0.856209 0.296744 0.873249 0.307773 0.888889 0.314426 0.939076 0.333333 0.947946 0.334909 0.956349 0.339636 0.985294 0.347514 0.994631 0.348915 0.999767 0.348389 0.999767 0.206583 0.996965 0.204482 0.989729 0.202206 0.983660 0.201681 0.974090 0.199230 0.952381 0.198529 0.925770 0.200805 0.916900 0.202206 0.903828 0.204657 0.886321 0.209209 0.883053 0.210784 0.880019 0.211310 0.872782 0.214986 0.849907 0.230917 0.844071 0.237395 0.839869 0.244223 0.836835 0.255777 0.836835 0.265931
1 0.869748 0.192927 0.871615 0.195903 0.873249 0.202731 0.876050 0.208683 0.880019 0.210959 0.897759 0.204832 0.925070 0.200105 0.938842 0.199405 0.942110 0.198354 0.971755 0.197829 0.977124 0.198179 0.980859 0.199580 0.985061 0.199405 0.987395 0.200280 0.994631 0.200980 0.999767 0.200630 0.999767 0.110469 0.993697 0.110119 0.980159 0.110819 0.957283 0.112920 0.931373 0.116246 0.917134 0.120098 0.897526 0.131653 0.883520 0.146884 0.879552 0.153011 0.872316 0.167717 0.869281 0.178746 0.869748 0.192927
1 0.877684 0.074580 0.879085 0.078081 0.880952 0.079482 0.883520 0.084034 0.886321 0.085784 0.887021 0.088585 0.904295 0.091737 0.911064 0.095413 0.917834 0.096814 0.942577 0.097864 0.960784 0.096814 0.974090 0.095238 0.985061 0.092787 0.987628 0.091387 0.999767 0.089111 0.999767 0.000000 0.980392 0.000000 0.977124 0.006828 0.972222 0.013305 0.958683 0.026786 0.948880 0.034139 0.924837 0.050420 0.893557 0.066527 0.880019 0.071254 0.877684 0.074580
1 0.845005 0.466912 0.849206 0.467262 0.856443 0.470413 0.860177 0.471113 0.869514 0.476366 0.876984 0.478641 0.884454 0.482318 0.907330 0.497199 0.921569 0.512080 0.924837 0.521709 0.924136 0.530112 0.925303 0.536590 0.922969 0.546744 0.921802 0.548319 0.920401 0.554097 0.918301 0.557423 0.918301 0.560924 0.921802 0.559524 0.925303 0.556197 0.929505 0.553746 0.931839 0.550245 0.935574 0.549895 0.944911 0.542717 0.958683 0.535539 0.984127 0.526961 0.999767 0.523634 0.999767 0.513655 0.981793 0.505602 0.975957 0.501050 0.970355 0.498249 0.962652 0.491597 0.955882 0.481968 0.953081 0.477416 0.951214 0.470413 0.949813 0.457108 0.950514 0.445553 0.947712 0.439601 0.946078 0.439426 0.939076 0.442402 0.931839 0.446954 0.923436 0.450630 0.908263 0.454832 0.886788 0.458683 0.858777 0.460609 0.841970 0.463235 0.845005 0.466912
1 0.614613 0.428221 0.615546 0.439776 0.613912 0.446954 0.609010 0.447829 0.606909 0.449055 0.602007 0.453081 0.597806 0.458859 0.589402 0.464811 0.583567 0.467962 0.571195 0.473214 0.567460 0.473739 0.550887 0.479867 0.545285 0.480742 0.539683 0.482668 0.537582 0.484594 0.538282 0.488270 0.539916 0.491071 0.550187 0.490896 0.573763 0.488796 0.592904 0.488971 0.598973 0.488270 0.604108 0.480392 0.606909 0.477591 0.624416 0.465511 0.646825 0.452206 0.678805 0.443803 0.716387 0.439951 0.723856 0.440301 0.730392 0.439076 0.728291 0.435574 0.705882 0.423319 0.700280 0.418943 0.683940 0.404237 0.675303 0.395133 0.671569 0.388655 0.668301 0.386730 0.660598 0.386730 0.643557 0.389706 0.640523 0.392157 0.635154 0.398985 0.624650 0.408088 0.619048 0.411239 0.614613 0.428221
0 0.838469 0.612745 0.841737 0.614146 0.845005 0.613796 0.859244 0.618522 0.866013 0.618873 0.883520 0.624650 0.907563 0.636029 0.914099 0.640931 0.926471 0.647234 0.950514 0.663690 0.955182 0.669293 0.961251 0.674545 0.975257 0.696429 0.980392 0.713936 0.984594 0.713936 0.994164 0.710434 0.999767 0.709209 0.999767 0.657388 0.987628 0.655112 0.975257 0.650910 0.966620 0.649335 0.963352 0.647584 0.943277 0.642157 0.919935 0.632003 0.913399 0.626751 0.909430 0.620623 0.904995 0.609244 0.903361 0.596989 0.900794 0.592962 0.893791 0.593838 0.887488 0.595588 0.866246 0.597689 0.848973 0.603116 0.838936 0.612045 0.838469 0.612745
1 0.890289 0.782913 0.896359 0.792367 0.901027 0.807248 0.904295 0.806022 0.908263 0.801471 0.925070 0.789916 0.926471 0.788165 0.938142 0.782213 0.954715 0.775385 0.968021 0.771183 0.982960 0.768207 0.991363 0.767857 0.999767 0.766106 0.999767 0.710959 0.980859 0.716211 0.978992 0.723915 0.973389 0.735469 0.970822 0.737745 0.968721 0.744573 0.965920 0.746499 0.961018 0.753151 0.951447 0.760854 0.946078 0.766282 0.937442 0.770658 0.925537 0.774335 0.907563 0.777661 0.890523 0.779412 0.890289 0.782913
1 0.624416 0.102241 0.627218 0.102941 0.644491 0.096639 0.661765 0.085434 0.668768 0.079307 0.675070 0.071254 0.672736 0.067577 0.652661 0.059349 0.649393 0.057248 0.647526 0.054272 0.644725 0.059174 0.640056 0.075630 0.634220 0.086835 0.627918 0.096464 0.625350 0.098739 0.624416 0.102241
1 0.628852 0.000000 0.628852 0.001751 0.632586 0.008578 0.633520 0.012080 0.637021 0.017507 0.640056 0.016457 0.644958 0.000000 0.628852 0.000000