0 0.287923 0.546807 0.289382 0.556868 0.296091 0.567148 0.300758 0.571741 0.307176 0.576115 0.321179 0.581365 0.334597 0.583552 0.355893 0.583990 0.369312 0.582458 0.394107 0.576553 0.411610 0.569335 0.425029 0.560586 0.440490 0.547463 0.443991 0.543307 0.447783 0.533027 0.448366 0.518373 0.446616 0.508968 0.441657 0.501531 0.429113 0.489939 0.414527 0.483377 0.400525 0.480315 0.387106 0.478565 0.370770 0.478784 0.358810 0.480534 0.348891 0.483377 0.328180 0.491907 0.311552 0.501312 0.303676 0.508530 0.299008 0.514873 0.289965 0.536308 0.287923 0.546807
0 0.431447 0.481190 0.432030 0.485564 0.438156 0.491907 0.442240 0.494532 0.450117 0.505031 0.453034 0.506780 0.457118 0.506780 0.463244 0.508968 0.474912 0.510936 0.502917 0.513780 0.511085 0.512030 0.522754 0.510936 0.542007 0.505687 0.557176 0.498250 0.563011 0.493657 0.574679 0.488845 0.583139 0.483815 0.600933 0.471566 0.613186 0.460630 0.621062 0.449256 0.625729 0.439195 0.625729 0.431977 0.617561 0.407480 0.609685 0.398731 0.601809 0.393045 0.580513 0.384077 0.570887 0.383640 0.564761 0.382327 0.553384 0.382327 0.528588 0.385608 0.518961 0.388014 0.507585 0.393482 0.482205 0.409449 0.471120 0.419948 0.439323 0.459755 0.434947 0.466973 0.432614 0.473535 0.431447 0.481190
1 0.106768 0.547025 0.112310 0.552931 0.118145 0.557087 0.123979 0.566710 0.122812 0.571085 0.118728 0.574584 0.119312 0.578084 0.133606 0.597332 0.136814 0.599081 0.147025 0.600612 0.164819 0.601487 0.179405 0.603675 0.222579 0.615923 0.234247 0.620516 0.240957 0.621829 0.242999 0.614392 0.246499 0.607174 0.251459 0.605862 0.252625 0.603893 0.266336 0.593832 0.271587 0.591645 0.273921 0.588364 0.273046 0.578084 0.266044 0.564086 0.251750 0.544838 0.250000 0.543745 0.245333 0.536308 0.227538 0.518810 0.211785 0.508530 0.203034 0.504593 0.192532 0.501750 0.188740 0.501969 0.182905 0.500437 0.179697 0.498031 0.174737 0.496282 0.164527 0.494751 0.152859 0.494751 0.145858 0.496282 0.133606 0.497375 0.123104 0.502843 0.119603 0.505249 0.119020 0.507218 0.116103 0.508749 0.108226 0.522310 0.105893 0.536308 0.106768 0.547025
1 0.381272 0.723097 0.381855 0.731190 0.390607 0.734033 0.400817 0.735346 0.404317 0.736658 0.414236 0.742345 0.421820 0.749781 0.428238 0.762905 0.432322 0.785871 0.435239 0.788714 0.453909 0.791120 0.470828 0.787839 0.480163 0.784777 0.492124 0.777122 0.500292 0.770341 0.505543 0.764436 0.509627 0.755468 0.512835 0.744751 0.513127 0.737314 0.510502 0.724628 0.504084 0.712161 0.493874 0.701662 0.488331 0.698381 0.484539 0.697069 0.445741 0.694663 0.418320 0.685914 0.411610 0.687664 0.399358 0.695101 0.390315 0.703193 0.383022 0.717192 0.381272 0.723097
1 0.102100 0.842957 0.111144 0.863517 0.119312 0.874234 0.128355 0.883640 0.144107 0.895451 0.155193 0.900044 0.165986 0.902231 0.179113 0.901794 0.189032 0.899388 0.203034 0.893263 0.209743 0.891732 0.225788 0.879921 0.238915 0.863736 0.243582 0.852800 0.247958 0.837489 0.247375 0.820429 0.243291 0.807743 0.239790 0.801181 0.237748 0.799650 0.222579 0.799869 0.209743 0.797244 0.181447 0.786745 0.176488 0.784339 0.165986 0.776465 0.158401 0.768810 0.150233 0.758311 0.144107 0.758311 0.138273 0.761592 0.129813 0.768154 0.119312 0.778871 0.110560 0.793088 0.102975 0.811024 0.101225 0.820866 0.102100 0.842957
1 0.161319 0.456693 0.164527 0.468941 0.170653 0.484908 0.177655 0.494532 0.182322 0.496938 0.192240 0.498906 0.207701 0.504156 0.214119 0.506999 0.227246 0.515748 0.230747 0.517060 0.234247 0.516404 0.235414 0.511811 0.233664 0.492819 0.236289 0.475941 0.244166 0.461505 0.254959 0.449038 0.265461 0.441382 0.271295 0.439195 0.275379 0.435914 0.273337 0.431977 0.265753 0.425197 0.255251 0.418198 0.248250 0.415792 0.242124 0.414917 0.230163 0.409449 0.217036 0.407918 0.213536 0.406605 0.209452 0.406824 0.202742 0.407480 0.190198 0.410324 0.176779 0.417542 0.167736 0.425197 0.163944 0.430884 0.160735 0.440070 0.161319 0.456693
1 0.235414 0.506562 0.241540 0.525591 0.266336 0.559930 0.279463 0.584208 0.282672 0.585083 0.286173 0.584646 0.305718 0.578084 0.304259 0.574584 0.294341 0.566273 0.288215 0.556430 0.287340 0.543088 0.289673 0.532590 0.299300 0.513342 0.305134 0.506124 0.313886 0.498250 0.348308 0.482065 0.366978 0.477253 0.365228 0.470691 0.360852 0.463473 0.354142 0.456474 0.353267 0.452756 0.338390 0.441164 0.317095 0.435477 0.302217 0.433290 0.295799 0.433290 0.283256 0.435039 0.275671 0.437664 0.261960 0.444882 0.252625 0.452975 0.244749 0.462598 0.238915 0.473097 0.235706 0.487970 0.235414 0.506562
1 0.320012 0.335739 0.320887 0.338364 0.324387 0.342520 0.330805 0.347550 0.341599 0.350612 0.348600 0.350831 0.358518 0.348425 0.379522 0.347113 0.388856 0.343395 0.392065 0.341207 0.395274 0.338145 0.395566 0.329178 0.398483 0.314086 0.405484 0.299213 0.413069 0.274059 0.415694 0.268810 0.415694 0.263998 0.420070 0.258311 0.427655 0.252843 0.436698 0.251094 0.437865 0.246500 0.436406 0.241470 0.428530 0.236877 0.418028 0.232721 0.400525 0.230752 0.377188 0.235127 0.366978 0.240157 0.356768 0.246938 0.348308 0.254156 0.338390 0.270560 0.331972 0.289808 0.327888 0.296807 0.324387 0.306868 0.319428 0.326553 0.320012 0.335739
1 0.808960 0.626964 0.813302 0.628171 0.823804 0.635389 0.833431 0.640639 0.852100 0.655293 0.855601 0.656824 0.875438 0.673666 0.883022 0.683071 0.894107 0.691601 0.904901 0.690945 0.925029 0.686789 0.931739 0.682196 0.935823 0.677822 0.949825 0.671916 0.957118 0.664698 0.963827 0.662730 0.964994 0.661636 0.966453 0.656605 0.971120 0.649169 0.974037 0.640420 0.973746 0.631671 0.970537 0.619423 0.960327 0.606080 0.946033 0.594926 0.934509 0.592548 0.918309 0.597103 0.911222 0.597862 0.906834 0.598368 0.900085 0.598621 0.887106 0.597769 0.866394 0.594051 0.859685 0.592082 0.849460 0.588246 0.842035 0.591030 0.833935 0.596091 0.827596 0.601706 0.816803 0.612423 0.812135 0.619204 0.808960 0.626964
0 0.704492 0.661855 0.708285 0.678915 0.712660 0.688758 0.721704 0.703412 0.723454 0.710630 0.738915 0.728784 0.752334 0.739064 0.755834 0.741032 0.761377 0.741907 0.768961 0.745407 0.775671 0.747157 0.798425 0.761592 0.803384 0.765748 0.808051 0.772528 0.810968 0.774934 0.824387 0.779528 0.841890 0.782152 0.866103 0.781496 0.879813 0.777559 0.893232 0.768810 0.904317 0.751531 0.907818 0.739283 0.908110 0.730315 0.901400 0.706912 0.892065 0.692695 0.880980 0.682415 0.873104 0.673228 0.830805 0.641076 0.814469 0.631890 0.796966 0.620516 0.784131 0.615267 0.766336 0.610674 0.751167 0.610455 0.734539 0.613517 0.722579 0.619641 0.709160 0.637358 0.705659 0.650262 0.704492 0.661855
0 0.666569 0.415573 0.669778 0.426072 0.673571 0.432415 0.681447 0.441164 0.692532 0.449913 0.716744 0.463692 0.729580 0.468504 0.737456 0.473097 0.770128 0.482502 0.789090 0.485346 0.799592 0.486658 0.838390 0.488626 0.865519 0.485346 0.893816 0.478784 0.899942 0.475066 0.907235 0.472222 0.918028 0.465661 0.922112 0.464348 0.931155 0.457787 0.937865 0.449694 0.943407 0.439195 0.943991 0.432196 0.940490 0.425853 0.936114 0.420822 0.925321 0.411855 0.921820 0.411199 0.915403 0.408136 0.913069 0.405949 0.903442 0.400700 0.900817 0.397419 0.891190 0.394794 0.861144 0.374891 0.852684 0.370297 0.844807 0.367454 0.835764 0.360892 0.810677 0.352143 0.790257 0.348644 0.773337 0.347550 0.769253 0.346457 0.740957 0.346675 0.735998 0.349300 0.728705 0.351269 0.711202 0.354549 0.703034 0.358486 0.687865 0.369423 0.685823 0.372922 0.680863 0.376422 0.675904 0.381671 0.671820 0.390420 0.672112 0.394576 0.667736 0.397638 0.666861 0.402450 0.666569 0.415573
1 0.478413 0.236002 0.479872 0.251531 0.483664 0.264873 0.493582 0.279746 0.500583 0.293963 0.502625 0.296150 0.505251 0.297025 0.524796 0.290026 0.535589 0.287839 0.588973 0.281496 0.591015 0.280621 0.592182 0.275809 0.587806 0.265092 0.586348 0.254617 0.587223 0.237533 0.585764 0.230752 0.573804 0.215661 0.565053 0.208005 0.553676 0.200787 0.539965 0.195319 0.532964 0.193788 0.521295 0.193132 0.516044 0.194007 0.508751 0.193132 0.500000 0.197288 0.486873 0.206474 0.483956 0.210192 0.478705 0.222441 0.478413 0.236002
0 0.040548 0.660542 0.044341 0.669729 0.053384 0.683290 0.063886 0.692476 0.074387 0.699913 0.084306 0.704724 0.098600 0.709099 0.112310 0.711067 0.139440 0.712380 0.178821 0.711505 0.209743 0.708443 0.235706 0.703850 0.245333 0.701444 0.256709 0.694882 0.263419 0.686570 0.267211 0.675416 0.266919 0.664917 0.264002 0.654418 0.248541 0.633421 0.240082 0.626640 0.227246 0.619423 0.207993 0.612642 0.172112 0.604987 0.155193 0.603456 0.142065 0.603456 0.135064 0.601925 0.119895 0.602362 0.116978 0.603237 0.088098 0.605206 0.081972 0.606299 0.074679 0.609143 0.070887 0.612861 0.053676 0.623360 0.047258 0.632765 0.040548 0.650919 0.040548 0.660542
1 0.589265 0.263998 0.594807 0.278871 0.602975 0.282808 0.609685 0.284777 0.618728 0.290464 0.624854 0.299650 0.629522 0.313648 0.633606 0.316929 0.634481 0.315836 0.637981 0.315836 0.670070 0.326115 0.692532 0.330927 0.701284 0.334208 0.707993 0.334427 0.712660 0.335521 0.719078 0.338801 0.724621 0.338364 0.737748 0.339895 0.754667 0.343395 0.760502 0.342520 0.783256 0.334646 0.792007 0.328740 0.799008 0.321304 0.804842 0.309930 0.806884 0.301400 0.806593 0.289808 0.801634 0.275372 0.794632 0.263780 0.781214 0.250656 0.762252 0.239501 0.753792 0.236002 0.738331 0.231846 0.717328 0.227909 0.709743 0.227690 0.695158 0.224847 0.686698 0.224409 0.681739 0.222660 0.670653 0.222222 0.643232 0.215879 0.633897 0.214348 0.622229 0.213692 0.609102 0.216317 0.600058 0.222441 0.593641 0.229878 0.590140 0.237533 0.588681 0.244969 0.589265 0.263998
1 0.232789 0.404418 0.234831 0.409011 0.237456 0.410980 0.256418 0.417323 0.266628 0.423885 0.275963 0.431977 0.284714 0.433290 0.296383 0.431977 0.310385 0.432852 0.317678 0.434383 0.331389 0.438976 0.338681 0.439414 0.345683 0.438758 0.352392 0.437664 0.355601 0.436133 0.366103 0.436570 0.368145 0.435696 0.369895 0.429790 0.370770 0.414042 0.375438 0.396325 0.382147 0.385827 0.387106 0.382765 0.389440 0.379921 0.387690 0.375984 0.383314 0.374672 0.373396 0.369423 0.331389 0.362423 0.317095 0.361549 0.294049 0.363298 0.289673 0.362861 0.261669 0.368985 0.246208 0.375109 0.237165 0.383640 0.233081 0.395669 0.232789 0.404418
1 0.000000 0.437883 0.000000 0.510717 0.001750 0.512030 0.006126 0.519685 0.007585 0.520341 0.011669 0.519685 0.019837 0.513998 0.026254 0.511374 0.036173 0.508749 0.042299 0.508093 0.070303 0.507218 0.078180 0.507874 0.097433 0.512467 0.103851 0.511811 0.105601 0.510499 0.108518 0.501531 0.112602 0.476815 0.109393 0.466535 0.104142 0.456474 0.097433 0.447069 0.091890 0.435696 0.086056 0.428696 0.067678 0.417979 0.053676 0.414698 0.037048 0.415136 0.026254 0.417104 0.018961 0.420166 0.011085 0.425416 0.000000 0.437883
1 0.243291 0.622922 0.243291 0.626640 0.260210 0.645013 0.265461 0.652668 0.290257 0.658793 0.302800 0.659886 0.334889 0.660542 0.343932 0.657480 0.352975 0.657043 0.366394 0.653981 0.381855 0.648075 0.387981 0.644794 0.407818 0.630577 0.424446 0.614611 0.432614 0.610455 0.437281 0.604112 0.437865 0.598644 0.435823 0.595582 0.425029 0.586177 0.415986 0.572616 0.413361 0.571085 0.408693 0.571741 0.401984 0.574803 0.385064 0.579834 0.363186 0.583990 0.336931 0.584646 0.320887 0.582458 0.310093 0.579834 0.303676 0.579834 0.282964 0.587708 0.263419 0.598425 0.253792 0.605862 0.245624 0.615923 0.243291 0.622922
0 0.406359 0.654418 0.408401 0.668198 0.418320 0.682852 0.431155 0.689195 0.438156 0.690507 0.446324 0.693351 0.473162 0.696194 0.486581 0.696194 0.491540 0.697288 0.495916 0.695319 0.510793 0.693351 0.532380 0.688320 0.543757 0.682415 0.549883 0.680665 0.557176 0.675197 0.560677 0.673885 0.570595 0.665792 0.586639 0.647857 0.591307 0.637795 0.592182 0.626640 0.589265 0.618110 0.583139 0.608705 0.573804 0.601487 0.567678 0.598425 0.546674 0.591426 0.522754 0.589020 0.508168 0.589458 0.495041 0.591207 0.479288 0.594926 0.460035 0.600831 0.435823 0.610674 0.419195 0.622047 0.408401 0.636045 0.407235 0.640857 0.406359 0.654418
0 0.516628 0.803806 0.521295 0.823928 0.530922 0.844269 0.535589 0.849956 0.540840 0.854331 0.550467 0.861330 0.554551 0.862642 0.558926 0.867673 0.570012 0.872485 0.590723 0.874016 0.598891 0.872485 0.616394 0.865704 0.624854 0.859361 0.633606 0.847550 0.638273 0.837927 0.639148 0.833771 0.647900 0.817148 0.655776 0.786527 0.657526 0.755249 0.656359 0.744969 0.650233 0.726815 0.639148 0.709536 0.630105 0.699038 0.617853 0.688539 0.608518 0.682196 0.600350 0.678040 0.588098 0.674103 0.574387 0.671479 0.567970 0.672791 0.560385 0.676072 0.552509 0.681977 0.543757 0.696413 0.534422 0.720254 0.520128 0.762030 0.516628 0.784121 0.516628 0.803806
0 0.509627 0.937883 0.514877 0.945757 0.522462 0.953631 0.532672 0.960849 0.560677 0.972660 0.571762 0.976159 0.595391 0.980534 0.611727 0.982065 0.644107 0.980534 0.647025 0.979221 0.651400 0.979659 0.664527 0.977909 0.698950 0.971129 0.714702 0.964129 0.725496 0.957568 0.732497 0.951881 0.738915 0.944663 0.743291 0.935696 0.743582 0.928259 0.739790 0.918198 0.727246 0.902887 0.716744 0.895232 0.706534 0.889108 0.693699 0.883421 0.671820 0.876859 0.644399 0.870954 0.615811 0.869860 0.609102 0.870954 0.600350 0.874672 0.595099 0.875766 0.574387 0.874891 0.545508 0.880140 0.523921 0.890201 0.518378 0.893920 0.511960 0.901575 0.507876 0.911636 0.509627 0.937883
0 0.256418 0.919510 0.258460 0.928259 0.267795 0.938976 0.275963 0.945319 0.281311 0.947798 0.293466 0.957568 0.320595 0.971347 0.348891 0.981846 0.358518 0.983596 0.362602 0.985783 0.369312 0.986877 0.391482 0.989283 0.411319 0.989064 0.437281 0.983596 0.450408 0.979659 0.466161 0.973316 0.474037 0.968723 0.488915 0.954287 0.492124 0.949475 0.495916 0.938539 0.496791 0.928696 0.494749 0.921697 0.488623 0.910980 0.477246 0.899169 0.466744 0.892388 0.459743 0.889326 0.442532 0.878609 0.435531 0.875328 0.421529 0.870516 0.387106 0.861111 0.383314 0.861111 0.357643 0.870735 0.344516 0.874016 0.320595 0.872703 0.310968 0.868548 0.304551 0.864392 0.300467 0.864611 0.282964 0.872047 0.272170 0.878609 0.262835 0.890420 0.256418 0.904199 0.256418 0.919510
0 0.753209 0.899606 0.757293 0.911417 0.763127 0.921697 0.768378 0.928040 0.771295 0.930665 0.778296 0.933508 0.782964 0.936570 0.797550 0.940945 0.807176 0.942257 0.828180 0.941382 0.853851 0.934164 0.862310 0.929571 0.866686 0.926072 0.880105 0.919510 0.906943 0.898075 0.918611 0.885608 0.925321 0.877078 0.931739 0.866142 0.936698 0.852143 0.939032 0.835083 0.935823 0.828521 0.928238 0.818679 0.920070 0.804243 0.916278 0.796807 0.911610 0.780840 0.907235 0.774934 0.901109 0.771654 0.893816 0.770997 0.881564 0.778215 0.864644 0.783246 0.848600 0.784558 0.828180 0.782371 0.823512 0.784777 0.818845 0.789151 0.817386 0.793088 0.816219 0.804243 0.807760 0.818679 0.790548 0.832677 0.775671 0.840770 0.768378 0.843613 0.763127 0.847113 0.756126 0.862423 0.752917 0.878828 0.753209 0.899606
0 0.563011 0.498250 0.571179 0.505031 0.578763 0.508093 0.581389 0.510717 0.585473 0.510499 0.596266 0.518810 0.619895 0.527559 0.640023 0.531496 0.653734 0.533027 0.676196 0.533683 0.708868 0.529965 0.723746 0.520779 0.728121 0.519248 0.732497 0.515529 0.735123 0.511374 0.738331 0.509405 0.741249 0.504812 0.744457 0.497594 0.744457 0.489720 0.741540 0.480315 0.738623 0.476378 0.735123 0.473753 0.722870 0.468504 0.710035 0.461505 0.680572 0.443351 0.675029 0.441601 0.655776 0.439851 0.633606 0.440070 0.629813 0.440507 0.626604 0.442038 0.614352 0.461067 0.599475 0.474191 0.591890 0.478784 0.584889 0.484471 0.577888 0.487533 0.572637 0.491907 0.564177 0.494532 0.563302 0.496282 0.563011 0.498250
0 0.899650 0.397419 0.904317 0.401137 0.915986 0.406168 0.918320 0.408574 0.925029 0.409449 0.929113 0.412073 0.937865 0.422353 0.943991 0.427384 0.945449 0.435039 0.944282 0.442695 0.932614 0.457568 0.925029 0.463473 0.908693 0.472441 0.889440 0.480752 0.890607 0.484252 0.903734 0.488845 0.921820 0.498469 0.929113 0.500219 0.937865 0.500875 0.966744 0.500219 0.986581 0.496500 0.999708 0.491907 0.999708 0.401356 0.966744 0.395013 0.929988 0.391295 0.896149 0.390201 0.892940 0.390639 0.890898 0.393920 0.899650 0.397419