0 0.362149 0.501601 0.366418 0.512006 0.372821 0.518943 0.393099 0.532818 0.403771 0.536820 0.411597 0.538420 0.414088 0.540822 0.425116 0.545358 0.428673 0.545091 0.434365 0.548026 0.441836 0.548826 0.456421 0.553095 0.463536 0.556297 0.477410 0.559498 0.491996 0.560832 0.505158 0.560566 0.529705 0.555496 0.553895 0.544824 0.564212 0.538154 0.568125 0.537086 0.581999 0.528282 0.592672 0.518943 0.599431 0.509872 0.602988 0.498933 0.602988 0.494130 0.597652 0.484258 0.591604 0.466115 0.579865 0.458111 0.567769 0.453842 0.537887 0.446638 0.518321 0.445304 0.504447 0.443170 0.456777 0.440502 0.432231 0.443170 0.415866 0.447705 0.393810 0.456243 0.376734 0.469050 0.365350 0.484258 0.362504 0.492796 0.362149 0.501601
0 0.367841 0.622732 0.372465 0.629936 0.384205 0.639808 0.404482 0.650213 0.411242 0.652882 0.434721 0.658751 0.447883 0.659819 0.457488 0.662753 0.481679 0.667289 0.502668 0.668890 0.508716 0.670224 0.519032 0.669957 0.536820 0.667022 0.577730 0.653682 0.599431 0.640075 0.604767 0.633404 0.607969 0.624867 0.607969 0.613927 0.604411 0.602455 0.595162 0.591782 0.582711 0.583244 0.566702 0.576574 0.557453 0.574173 0.553540 0.571772 0.540377 0.568837 0.519032 0.564835 0.482035 0.561900 0.457133 0.562700 0.424048 0.569904 0.402348 0.577375 0.393810 0.581644 0.378869 0.592049 0.371042 0.602455 0.367485 0.611793 0.367841 0.622732
0 0.594450 0.459979 0.595162 0.471185 0.599787 0.483725 0.605123 0.491996 0.618997 0.504803 0.633227 0.513607 0.654216 0.523746 0.681964 0.531217 0.731057 0.534152 0.755247 0.532284 0.779438 0.527748 0.791178 0.521078 0.800071 0.514408 0.808609 0.501601 0.811099 0.489328 0.809321 0.477054 0.805407 0.468783 0.796514 0.457844 0.789043 0.451974 0.768410 0.441569 0.762006 0.439168 0.754891 0.438634 0.741017 0.434098 0.717894 0.431430 0.666311 0.433298 0.644255 0.432231 0.626823 0.433831 0.617218 0.435699 0.606546 0.439968 0.600854 0.445838 0.595518 0.456243 0.594450 0.459979
0 0.561722 0.922092 0.566702 0.935699 0.570971 0.942369 0.585912 0.955443 0.601565 0.964781 0.613305 0.968517 0.632871 0.971185 0.643543 0.970384 0.654571 0.971185 0.661330 0.970651 0.700107 0.958645 0.725720 0.944771 0.743508 0.931697 0.751690 0.921291 0.755247 0.912220 0.757382 0.893543 0.749200 0.875400 0.745286 0.872732 0.742796 0.868463 0.727143 0.858324 0.710068 0.853255 0.700818 0.847652 0.685521 0.843116 0.657773 0.840181 0.643543 0.842850 0.627179 0.848186 0.589470 0.870331 0.572038 0.885272 0.564568 0.896478 0.561722 0.903682 0.561722 0.922092
0 0.224120 0.803362 0.236571 0.819104 0.250800 0.832978 0.266097 0.843650 0.293490 0.857524 0.316613 0.863661 0.340448 0.865795 0.366773 0.865261 0.381003 0.862860 0.398079 0.861526 0.414799 0.857257 0.445393 0.847385 0.453219 0.842316 0.456421 0.841515 0.474920 0.827375 0.480968 0.820171 0.484169 0.814034 0.483102 0.792956 0.479900 0.789755 0.479189 0.785752 0.474208 0.778549 0.459979 0.765208 0.434721 0.754536 0.407684 0.746265 0.383849 0.741996 0.324084 0.751601 0.293134 0.752668 0.268943 0.763340 0.241907 0.778282 0.226254 0.791355 0.223764 0.796158 0.224120 0.803362
0 0.225543 0.949573 0.229100 0.956510 0.232302 0.959445 0.251868 0.970117 0.268943 0.975987 0.341871 0.984792 0.356101 0.984792 0.373177 0.982657 0.391676 0.978122 0.404838 0.971451 0.435432 0.951441 0.443970 0.943703 0.452152 0.935432 0.457488 0.926094 0.461757 0.911686 0.462113 0.896745 0.457488 0.887673 0.451085 0.880470 0.435788 0.871398 0.424404 0.867663 0.393810 0.864194 0.364995 0.867930 0.332266 0.869264 0.310566 0.873266 0.297403 0.877268 0.268943 0.888474 0.256848 0.895945 0.247599 0.904216 0.235148 0.918090 0.227321 0.931697 0.225898 0.939168 0.225543 0.949573
0 0.268943 0.224920 0.273212 0.237994 0.282462 0.251601 0.291000 0.261206 0.312344 0.276681 0.322305 0.282017 0.336891 0.286820 0.341871 0.287353 0.348986 0.290288 0.369619 0.294290 0.393810 0.296692 0.435788 0.296692 0.438990 0.297492 0.480968 0.294557 0.505158 0.288154 0.516898 0.283084 0.531839 0.272145 0.538954 0.263874 0.542156 0.258004 0.544290 0.243863 0.540733 0.230790 0.536820 0.223853 0.526503 0.212113 0.517965 0.205977 0.498043 0.194771 0.469228 0.183298 0.443259 0.174760 0.404127 0.172359 0.387051 0.174760 0.378157 0.177161 0.324795 0.182764 0.314123 0.185432 0.293134 0.193436 0.285663 0.197439 0.273924 0.205977 0.269299 0.213714 0.268943 0.224920
0 0.357880 0.080309 0.361437 0.090181 0.369264 0.100320 0.383849 0.113661 0.404127 0.123533 0.420847 0.128869 0.456065 0.134739 0.499111 0.126467 0.517965 0.124867 0.528637 0.125667 0.539666 0.124867 0.564568 0.113127 0.580221 0.102455 0.583778 0.098453 0.590181 0.081644 0.590537 0.070971 0.586268 0.056830 0.581999 0.049893 0.574173 0.042423 0.553540 0.029883 0.538598 0.022412 0.512985 0.014141 0.495909 0.011473 0.464603 0.011473 0.422625 0.017876 0.406261 0.022412 0.392387 0.028815 0.376734 0.038954 0.366062 0.050160 0.357880 0.066969 0.357880 0.080309
1 0.508360 0.787887 0.511562 0.796692 0.522234 0.808164 0.526503 0.811099 0.549271 0.822572 0.566346 0.826841 0.616151 0.830309 0.634650 0.830576 0.650658 0.829509 0.654216 0.827375 0.675205 0.820171 0.685165 0.814568 0.699751 0.804696 0.715048 0.791089 0.725009 0.775880 0.728211 0.767876 0.729278 0.763074 0.728566 0.751868 0.726432 0.744664 0.709356 0.729456 0.696194 0.725187 0.692636 0.723052 0.688011 0.723052 0.674493 0.727588 0.647812 0.732124 0.624689 0.732924 0.605123 0.736926 0.589826 0.738260 0.548915 0.739061 0.533262 0.747866 0.520811 0.758538 0.510139 0.775880 0.508360 0.787887
1 0.478833 0.699840 0.485592 0.709712 0.501245 0.722252 0.510850 0.727321 0.545358 0.736660 0.574529 0.737727 0.605834 0.736126 0.615795 0.731857 0.625400 0.732124 0.658840 0.729189 0.672714 0.726254 0.683742 0.722252 0.690146 0.718250 0.700462 0.713981 0.707222 0.707311 0.712914 0.696105 0.714692 0.683831 0.712202 0.671558 0.707577 0.661686 0.701174 0.653415 0.692280 0.644877 0.681964 0.639007 0.661330 0.631003 0.648168 0.628602 0.633582 0.628335 0.623266 0.625934 0.615439 0.625400 0.611526 0.626467 0.609392 0.628335 0.600498 0.641409 0.589470 0.648879 0.578086 0.654749 0.539666 0.667289 0.526859 0.669957 0.511917 0.671558 0.494842 0.669691 0.486660 0.674226 0.484525 0.678228 0.479900 0.681697 0.477766 0.687033 0.478833 0.699840
1 0.221985 0.709979 0.223764 0.715848 0.230879 0.727321 0.255069 0.743063 0.265386 0.746265 0.288509 0.750800 0.313056 0.751334 0.328353 0.750000 0.367129 0.743330 0.393454 0.736926 0.419779 0.725187 0.432231 0.716649 0.435432 0.716649 0.446105 0.708378 0.453575 0.698506 0.456065 0.692903 0.457844 0.683565 0.456065 0.669157 0.454287 0.666222 0.449306 0.662753 0.419424 0.656350 0.403771 0.651547 0.383849 0.641142 0.371754 0.631270 0.366062 0.630203 0.345429 0.630203 0.331199 0.632871 0.320527 0.636339 0.260761 0.666222 0.243686 0.676894 0.229811 0.689168 0.225187 0.695037 0.222341 0.703042 0.221985 0.709979
1 0.203842 0.571772 0.209890 0.581910 0.215937 0.585912 0.220562 0.587247 0.237638 0.596051 0.321238 0.624600 0.337958 0.627801 0.363216 0.628335 0.366773 0.627001 0.365350 0.615795 0.368196 0.605123 0.372110 0.597652 0.377090 0.591782 0.395589 0.579242 0.400925 0.578175 0.410886 0.572572 0.419424 0.569637 0.449662 0.562967 0.454287 0.560566 0.456421 0.557097 0.450729 0.553629 0.438634 0.549626 0.417289 0.544557 0.392031 0.533618 0.362860 0.513340 0.338670 0.510406 0.329064 0.510672 0.324440 0.509072 0.303451 0.509072 0.282818 0.511473 0.264319 0.515208 0.244753 0.522412 0.233013 0.528282 0.215226 0.541355 0.208467 0.550160 0.203842 0.561900 0.203842 0.571772
1 0.165422 0.412220 0.169335 0.425560 0.175382 0.435432 0.187004 0.445482 0.199573 0.453575 0.208467 0.458111 0.220206 0.461846 0.223052 0.463981 0.230879 0.465315 0.244753 0.470918 0.267876 0.477321 0.320171 0.488260 0.341160 0.490128 0.358947 0.490128 0.361793 0.487460 0.364283 0.481590 0.377683 0.465937 0.392387 0.455176 0.408040 0.449573 0.421558 0.442636 0.421558 0.438367 0.418712 0.431697 0.411242 0.422892 0.377090 0.414621 0.353611 0.405816 0.335112 0.394610 0.324440 0.383404 0.320882 0.381804 0.317325 0.382337 0.251868 0.374600 0.213447 0.376467 0.189256 0.382604 0.175027 0.389541 0.167912 0.397545 0.165777 0.406350 0.165422 0.412220
1 0.144788 0.303895 0.147279 0.311099 0.155461 0.325240 0.188901 0.348986 0.209890 0.358858 0.230523 0.364728 0.248310 0.367663 0.275703 0.369797 0.293490 0.369530 0.297759 0.370598 0.314835 0.368997 0.316613 0.366862 0.315190 0.359392 0.316258 0.348719 0.321949 0.339915 0.332978 0.329242 0.350053 0.319104 0.370687 0.313767 0.384561 0.311633 0.391320 0.309498 0.394166 0.307097 0.392031 0.300160 0.388118 0.298559 0.349342 0.291889 0.321594 0.283618 0.301316 0.271878 0.291711 0.263607 0.286375 0.261740 0.247954 0.262807 0.196371 0.271878 0.164354 0.279082 0.149057 0.285486 0.144433 0.291089 0.144788 0.303895
1 0.154749 0.203842 0.156884 0.214248 0.163287 0.224120 0.175382 0.234258 0.185343 0.237727 0.189256 0.240662 0.192458 0.240662 0.196371 0.243597 0.210245 0.247332 0.229456 0.250267 0.258271 0.250800 0.273212 0.247599 0.275347 0.245998 0.267520 0.226788 0.267165 0.216649 0.271434 0.207311 0.282462 0.197972 0.300249 0.188634 0.321594 0.181697 0.380647 0.175560 0.389897 0.172892 0.400925 0.171291 0.403415 0.169957 0.404127 0.167823 0.395945 0.156884 0.375311 0.139007 0.364639 0.132070 0.354322 0.127535 0.346852 0.122199 0.331199 0.116862 0.313767 0.113127 0.300605 0.111526 0.282462 0.111526 0.265386 0.113927 0.237638 0.122199 0.213091 0.133138 0.203131 0.139007 0.171113 0.164888 0.159374 0.179829 0.155105 0.191302 0.154749 0.203842
1 0.078975 0.016542 0.083244 0.028282 0.091782 0.042956 0.105301 0.056297 0.140164 0.079776 0.162576 0.088314 0.199217 0.100053 0.226610 0.106990 0.251512 0.111526 0.266809 0.111526 0.283885 0.109392 0.302028 0.109658 0.317325 0.111793 0.324440 0.111526 0.330843 0.108858 0.333689 0.106457 0.343294 0.091249 0.348986 0.085379 0.353611 0.074707 0.353967 0.061900 0.350053 0.050160 0.346140 0.043490 0.337958 0.033084 0.326930 0.022145 0.316969 0.013874 0.296692 0.001868 0.296336 0.000000 0.079331 0.000000 0.078975 0.016542
1 0.001779 0.109658 0.000000 0.109925 0.000000 0.182764 0.025969 0.192636 0.035930 0.195304 0.076485 0.201174 0.084312 0.200907 0.091782 0.197705 0.104233 0.197705 0.118107 0.200640 0.138029 0.200907 0.148346 0.199840 0.152615 0.194237 0.155105 0.185699 0.159374 0.177695 0.169691 0.164354 0.195660 0.143010 0.209890 0.133404 0.227321 0.124867 0.232302 0.119797 0.227321 0.112327 0.219495 0.107524 0.133760 0.080309 0.117040 0.080309 0.109925 0.078709 0.081110 0.080043 0.048737 0.084578 0.036998 0.088047 0.022412 0.094450 0.004625 0.105923 0.001779 0.109658
1 0.001423 0.239328 0.000000 0.239328 0.000000 0.308164 0.019210 0.320971 0.043401 0.329776 0.066169 0.334845 0.093205 0.334578 0.150836 0.326574 0.152259 0.324440 0.151547 0.320971 0.146567 0.312967 0.143010 0.301761 0.143010 0.291089 0.146211 0.285752 0.154038 0.281217 0.175027 0.274546 0.196016 0.270544 0.199573 0.270811 0.207044 0.268143 0.220562 0.265742 0.224120 0.262006 0.224120 0.255069 0.221985 0.251601 0.196016 0.246265 0.184276 0.241729 0.162931 0.227054 0.153682 0.213180 0.150836 0.211580 0.144433 0.210779 0.116329 0.210245 0.066880 0.215848 0.050872 0.219050 0.023123 0.228122 0.003913 0.236660 0.001423 0.239328
1 0.002490 0.378869 0.000000 0.379669 0.000000 0.418890 0.001779 0.418890 0.005692 0.422892 0.015653 0.428762 0.038065 0.436499 0.061900 0.441035 0.093561 0.441302 0.137318 0.437834 0.150480 0.434098 0.166845 0.431163 0.168623 0.427962 0.163999 0.413554 0.163999 0.406350 0.166133 0.397279 0.172536 0.389808 0.185699 0.382604 0.197794 0.378335 0.212024 0.375133 0.241195 0.374066 0.244397 0.372199 0.245820 0.369797 0.240484 0.367396 0.226254 0.364995 0.202063 0.356990 0.157951 0.332177 0.136962 0.330576 0.116684 0.332444 0.090715 0.338047 0.067236 0.346318 0.006048 0.375133 0.002490 0.378869
1 0.023835 0.516009 0.025614 0.522412 0.032373 0.531483 0.043045 0.540822 0.061544 0.549893 0.076841 0.554162 0.102099 0.557898 0.148702 0.555496 0.200285 0.548292 0.209890 0.545091 0.215226 0.538687 0.223764 0.532017 0.242618 0.521612 0.251512 0.517609 0.269655 0.512006 0.292778 0.507204 0.295624 0.502134 0.298470 0.487727 0.296692 0.485592 0.293134 0.484258 0.253646 0.474920 0.204909 0.457844 0.189256 0.449039 0.171825 0.433565 0.165777 0.433031 0.135183 0.441569 0.101032 0.455977 0.076129 0.468517 0.061544 0.473586 0.050516 0.479989 0.036286 0.490928 0.030594 0.497332 0.024191 0.509072 0.023835 0.516009
1 0.045180 0.626734 0.049449 0.637140 0.054785 0.643810 0.064746 0.651814 0.085379 0.661953 0.093917 0.664621 0.109925 0.667823 0.129847 0.669424 0.155105 0.668356 0.158307 0.667289 0.168268 0.666756 0.220206 0.657684 0.279616 0.638741 0.298115 0.630736 0.308787 0.623533 0.303451 0.619530 0.285308 0.612860 0.280683 0.610192 0.275347 0.609925 0.248666 0.602188 0.212024 0.585379 0.201708 0.571772 0.202419 0.559232 0.204909 0.553629 0.203486 0.549893 0.192458 0.550694 0.170758 0.555496 0.122732 0.569104 0.098541 0.578175 0.071861 0.591782 0.060832 0.598986 0.050160 0.609125 0.045535 0.618997 0.045180 0.626734
1 0.051227 0.740928 0.053718 0.751067 0.062967 0.766009 0.069015 0.772412 0.078620 0.779349 0.088581 0.784418 0.104945 0.790288 0.122732 0.794290 0.162576 0.796692 0.176094 0.795624 0.223764 0.788687 0.271434 0.759872 0.282462 0.755069 0.280683 0.751601 0.276770 0.749466 0.265386 0.747599 0.251868 0.743063 0.229811 0.727588 0.223052 0.718250 0.220206 0.706243 0.222341 0.697972 0.226254 0.690502 0.238349 0.678762 0.242263 0.673426 0.245109 0.671825 0.245109 0.669957 0.249733 0.668356 0.251512 0.669691 0.253646 0.668356 0.251512 0.664354 0.238705 0.664354 0.234436 0.662487 0.213091 0.661419 0.178940 0.667022 0.168268 0.671025 0.156528 0.676894 0.123088 0.688901 0.115617 0.693436 0.102455 0.697172 0.064390 0.719317 0.053718 0.728922 0.051227 0.733725 0.051227 0.740928
1 0.055141 0.856457 0.058342 0.876201 0.067592 0.889007 0.085379 0.901014 0.094628 0.905016 0.115617 0.911686 0.140164 0.915955 0.177161 0.914621 0.187834 0.913287 0.213803 0.909285 0.244397 0.902348 0.261473 0.889808 0.271789 0.884739 0.285308 0.880203 0.303095 0.872465 0.313412 0.869797 0.315902 0.866596 0.307008 0.862327 0.293846 0.858858 0.282818 0.854322 0.267876 0.846318 0.252223 0.835646 0.239061 0.823906 0.222697 0.804696 0.221274 0.801227 0.222697 0.792956 0.220562 0.791089 0.192102 0.794023 0.168623 0.798559 0.150480 0.799893 0.119530 0.811366 0.098897 0.817503 0.088936 0.821505 0.064034 0.835379 0.058698 0.841515 0.055496 0.850587 0.055141 0.856457
1 0.099253 0.977321 0.101032 0.981323 0.108502 0.991195 0.119175 0.998132 0.119175 0.999733 0.327997 0.999733 0.327997 0.998132 0.338314 0.991996 0.342938 0.987727 0.338314 0.985592 0.324084 0.984792 0.308075 0.981323 0.293846 0.980523 0.287086 0.978655 0.266453 0.976521 0.258627 0.974120 0.234792 0.963447 0.228744 0.959445 0.223764 0.949573 0.224831 0.935165 0.226254 0.929562 0.231590 0.919424 0.241195 0.907951 0.238705 0.906617 0.234080 0.906350 0.225543 0.908751 0.181430 0.915422 0.149413 0.916756 0.140519 0.918890 0.131270 0.924493 0.108858 0.946105 0.102099 0.957044 0.099964 0.963447 0.099253 0.977321
1 0.462469 0.891409 0.464603 0.903148 0.463180 0.915155 0.455354 0.933298 0.441124 0.949039 0.426894 0.958645 0.421202 0.963981 0.413732 0.966916 0.397367 0.977588 0.388830 0.980790 0.392387 0.984258 0.410174 0.991729 0.425827 0.994931 0.448239 0.997332 0.470651 0.996265 0.499822 0.990395 0.533262 0.985859 0.559943 0.979189 0.564924 0.976788 0.575240 0.974120 0.590181 0.964514 0.591249 0.963180 0.589826 0.960245 0.575952 0.949573 0.570260 0.943703 0.563145 0.932231 0.559587 0.921825 0.558876 0.905550 0.561366 0.896745 0.564568 0.889808 0.571327 0.883404 0.571327 0.880203 0.567058 0.875667 0.559587 0.872465 0.547492 0.870331 0.536108 0.866329 0.514763 0.862327 0.501957 0.864995 0.487015 0.870598 0.462113 0.875133 0.458200 0.876467 0.453931 0.880203 0.462469 0.891409
1 0.478122 0.782551 0.482746 0.790555 0.485592 0.808698 0.482391 0.813501 0.481323 0.820171 0.475276 0.827908 0.461757 0.838847 0.453931 0.843650 0.438990 0.850587 0.419068 0.855923 0.411242 0.860993 0.408396 0.860993 0.405550 0.862593 0.421558 0.864461 0.437567 0.870064 0.445037 0.874333 0.449662 0.875667 0.480612 0.870064 0.499822 0.864194 0.535041 0.848986 0.545002 0.841782 0.556030 0.836179 0.557809 0.832177 0.556741 0.827375 0.524724 0.811900 0.509783 0.797759 0.506226 0.790555 0.507649 0.775880 0.505158 0.771345 0.490928 0.767876 0.478833 0.767076 0.469228 0.767609 0.465315 0.768943 0.478122 0.782551
1 0.455710 0.668890 0.458911 0.678228 0.458911 0.686766 0.457844 0.693170 0.454642 0.699573 0.444682 0.710779 0.436499 0.717716 0.419779 0.726521 0.397367 0.735859 0.394166 0.737727 0.395589 0.740395 0.433298 0.752401 0.466382 0.765208 0.481323 0.764408 0.514763 0.757204 0.519032 0.755336 0.535752 0.743597 0.540733 0.741462 0.544290 0.737727 0.511206 0.728655 0.500889 0.723052 0.486660 0.712380 0.481679 0.707311 0.477054 0.699306 0.475631 0.687567 0.481323 0.676894 0.489150 0.671825 0.469940 0.666489 0.461046 0.665422 0.456065 0.666222 0.455710 0.668890
1 0.716115 0.568837 0.721096 0.572839 0.734614 0.576307 0.756314 0.578709 0.770189 0.578709 0.790466 0.576841 0.823550 0.569370 0.855212 0.557097 0.871576 0.540288 0.875845 0.533084 0.875845 0.529082 0.870864 0.515208 0.862682 0.505069 0.859125 0.502401 0.855923 0.501868 0.834578 0.507737 0.807898 0.510672 0.803629 0.512273 0.795375 0.519797 0.783351 0.527481 0.762006 0.532818 0.740306 0.534685 0.734258 0.536286 0.724653 0.556297 0.716827 0.564301 0.716115 0.568837
1 0.678762 0.430096 0.681964 0.431697 0.717538 0.430630 0.738171 0.431964 0.744575 0.435165 0.769477 0.441035 0.789043 0.450907 0.798292 0.458111 0.804696 0.466382 0.810744 0.477588 0.812878 0.489328 0.806830 0.508271 0.807186 0.509605 0.809321 0.510406 0.837780 0.506670 0.859836 0.499466 0.880114 0.487460 0.890430 0.478122 0.895411 0.470651 0.896478 0.461313 0.893988 0.449840 0.884739 0.438901 0.873710 0.431430 0.856635 0.423159 0.837424 0.417022 0.782640 0.403682 0.757737 0.401281 0.720384 0.405283 0.702953 0.410085 0.689079 0.418090 0.681252 0.423959 0.678762 0.427428 0.678762 0.430096
1 0.670224 0.415422 0.674493 0.421825 0.678762 0.423159 0.690502 0.416489 0.696549 0.411686 0.708645 0.407150 0.741373 0.401014 0.756670 0.400480 0.782995 0.403148 0.802561 0.408218 0.822839 0.411953 0.852721 0.421025 0.854500 0.419157 0.855212 0.408751 0.853077 0.401547 0.844895 0.390608 0.829954 0.379669 0.813234 0.372732 0.800071 0.369264 0.777659 0.366596 0.764852 0.366596 0.748488 0.368196 0.721096 0.374066 0.706154 0.376201 0.699395 0.378869 0.695126 0.382604 0.692280 0.389541 0.687656 0.395945 0.670936 0.412753 0.670224 0.415422
1 0.534329 0.272679 0.528282 0.278015 0.517965 0.284418 0.510139 0.287887 0.487727 0.294824 0.474564 0.296692 0.469940 0.296425 0.458556 0.300160 0.481323 0.304162 0.487727 0.307097 0.498399 0.309498 0.516542 0.316702 0.527570 0.323106 0.551049 0.338314 0.562078 0.352455 0.567414 0.364995 0.570971 0.367930 0.581644 0.366062 0.595873 0.360459 0.610815 0.350320 0.626467 0.329776 0.628958 0.321238 0.627890 0.314034 0.625756 0.306830 0.620776 0.299093 0.608680 0.286019 0.599431 0.278549 0.581288 0.268143 0.557097 0.257471 0.550338 0.257471 0.546781 0.254536 0.534329 0.272679
0 0.318036 0.363127 0.319815 0.369530 0.324084 0.379669 0.332266 0.389541 0.341871 0.397279 0.355390 0.405283 0.367485 0.410085 0.390608 0.417022 0.409107 0.419424 0.428673 0.419957 0.441836 0.422359 0.469940 0.421558 0.503735 0.417022 0.526503 0.412487 0.539666 0.407951 0.549982 0.402882 0.555674 0.398613 0.560655 0.394344 0.565635 0.386873 0.567058 0.377801 0.566346 0.363394 0.553540 0.342049 0.532906 0.326841 0.511917 0.315368 0.503024 0.311900 0.477410 0.304963 0.456421 0.302561 0.444682 0.302561 0.356101 0.318570 0.337247 0.327908 0.329064 0.334045 0.321949 0.342316 0.317681 0.351387 0.318036 0.363127
1 0.413732 0.168090 0.414799 0.171558 0.441836 0.173693 0.454998 0.176894 0.497332 0.192903 0.520811 0.206243 0.528637 0.212380 0.537531 0.222252 0.546781 0.237193 0.561722 0.235859 0.581999 0.232124 0.602988 0.226254 0.626112 0.208378 0.631448 0.199840 0.635005 0.184098 0.633938 0.169424 0.620420 0.153415 0.609392 0.144877 0.605123 0.143810 0.595518 0.138741 0.580221 0.135539 0.538243 0.128335 0.519032 0.126467 0.495553 0.128602 0.475631 0.132337 0.466738 0.135272 0.454287 0.140342 0.429029 0.154482 0.421202 0.159819 0.414799 0.166222 0.413732 0.168090
1 0.610103 0.145411 0.624333 0.156083 0.631092 0.164354 0.635361 0.175293 0.638207 0.178495 0.634294 0.188901 0.632871 0.198239 0.626467 0.208911 0.610103 0.221718 0.604411 0.223853 0.605478 0.227054 0.626823 0.232657 0.633938 0.233191 0.639986 0.231590 0.657773 0.229723 0.679473 0.223853 0.689079 0.216382 0.694771 0.209712 0.700462 0.199840 0.700818 0.186499 0.689434 0.169957 0.683387 0.163821 0.669868 0.153949 0.650658 0.146478 0.638563 0.143010 0.616151 0.139007 0.607969 0.139808 0.605478 0.143276 0.610103 0.145411
1 0.546781 0.256937 0.554607 0.256670 0.562078 0.258271 0.569192 0.262540 0.582355 0.267609 0.595162 0.274813 0.605123 0.282017 0.623977 0.302295 0.627890 0.309765 0.630025 0.319104 0.635005 0.319370 0.651014 0.313234 0.672003 0.297759 0.675560 0.291622 0.678762 0.278015 0.678762 0.270811 0.675205 0.259072 0.668090 0.251334 0.659694 0.247439 0.654571 0.243597 0.648168 0.241729 0.643899 0.239061 0.641053 0.239061 0.630025 0.234792 0.619708 0.233191 0.608324 0.228655 0.603700 0.228388 0.577019 0.234258 0.554251 0.237727 0.547492 0.241729 0.546425 0.244397 0.546781 0.256937
1 0.569548 0.373799 0.570971 0.377268 0.578086 0.380470 0.598008 0.383138 0.619353 0.384472 0.643187 0.389274 0.654927 0.396478 0.664532 0.410352 0.667734 0.411419 0.674137 0.407951 0.686944 0.395144 0.691213 0.388474 0.695838 0.376734 0.695838 0.368463 0.693703 0.359392 0.685521 0.345251 0.671647 0.334578 0.651370 0.330043 0.630025 0.330309 0.626823 0.332444 0.613661 0.348453 0.607969 0.353522 0.587691 0.364995 0.571327 0.368463 0.569904 0.370064 0.569548 0.373799
1 0.300605 0.000000 0.300605 0.001601 0.323017 0.016809 0.335824 0.028815 0.350053 0.047225 0.355745 0.061366 0.358947 0.059232 0.363927 0.050694 0.374600 0.039488 0.391676 0.028015 0.404482 0.021878 0.418356 0.017343 0.431163 0.015475 0.443259 0.012006 0.440057 0.008538 0.426894 0.002134 0.426183 0.000000 0.300605 0.000000
1 0.581999 0.048292 0.587335 0.056030 0.592672 0.074173 0.589826 0.087247 0.584490 0.099520 0.574884 0.108591 0.557809 0.117663 0.549982 0.119530 0.543223 0.123799 0.541800 0.126467 0.551049 0.129136 0.580576 0.133404 0.588047 0.135539 0.595873 0.136339 0.610103 0.135272 0.623977 0.128602 0.633582 0.121665 0.648168 0.107257 0.654571 0.096585 0.657062 0.088047 0.657773 0.080309 0.655639 0.074173 0.644966 0.057364 0.626112 0.045891 0.613661 0.042156 0.601565 0.040288 0.585557 0.038954 0.572394 0.039755 0.581999 0.048292
1 0.000000 0.000000 0.000000 0.050961 0.033084 0.062433 0.046603 0.065368 0.094628 0.071505 0.109570 0.071238 0.114906 0.069637 0.116684 0.068036 0.116329 0.066702 0.100676 0.054162 0.091071 0.044023 0.084312 0.034418 0.079687 0.024280 0.076841 0.013874 0.076485 0.000000 0.000000 0.000000
1 0.600854 0.510939 0.596229 0.517609 0.587335 0.525614 0.567769 0.539221 0.560299 0.542156 0.543579 0.551494 0.536820 0.553629 0.522234 0.560832 0.539310 0.567503 0.556741 0.571772 0.583067 0.581910 0.595518 0.590448 0.605834 0.601121 0.607969 0.601387 0.631092 0.600587 0.654571 0.596318 0.686944 0.583778 0.699395 0.576841 0.710779 0.568570 0.721807 0.557097 0.726076 0.550427 0.730701 0.539755 0.730345 0.535752 0.683031 0.532551 0.673070 0.529349 0.654216 0.525880 0.640697 0.519210 0.636428 0.516009 0.632515 0.514941 0.610103 0.500534 0.605834 0.499733 0.600854 0.510939
1 0.690146 0.643810 0.694771 0.646211 0.704731 0.656884 0.709712 0.664354 0.714337 0.675293 0.714337 0.696371 0.709000 0.707577 0.701174 0.714781 0.697261 0.720651 0.699395 0.723853 0.710423 0.727855 0.727143 0.741462 0.730701 0.741996 0.733903 0.735592 0.748132 0.727054 0.757737 0.717449 0.770900 0.699840 0.776236 0.689701 0.778371 0.681964 0.778726 0.673959 0.776236 0.664088 0.768054 0.649680 0.755603 0.640075 0.748132 0.636073 0.734614 0.632871 0.723942 0.632604 0.690146 0.637140 0.690146 0.643810
1 0.607257 0.605923 0.611882 0.623799 0.658129 0.627801 0.664176 0.629136 0.668090 0.631537 0.682675 0.636606 0.692636 0.633404 0.700462 0.628335 0.710068 0.624867 0.720384 0.616596 0.726432 0.608591 0.729989 0.600854 0.734258 0.598719 0.733191 0.598986 0.729634 0.594984 0.728566 0.587780 0.724297 0.579509 0.713269 0.570704 0.710068 0.570971 0.684810 0.585912 0.651014 0.597919 0.635005 0.601121 0.617218 0.602188 0.607969 0.601654 0.607257 0.605923
1 0.560655 0.835646 0.563501 0.839381 0.570971 0.845251 0.582355 0.852455 0.598364 0.855923 0.607613 0.855923 0.623621 0.846852 0.645856 0.838847 0.651370 0.837780 0.673782 0.839114 0.692280 0.843116 0.695838 0.842850 0.707933 0.837780 0.716115 0.831910 0.731057 0.819904 0.744931 0.803895 0.751690 0.792689 0.755603 0.781483 0.754891 0.772412 0.751690 0.766009 0.745286 0.758538 0.739239 0.753735 0.734258 0.752134 0.732835 0.752668 0.731057 0.755069 0.729634 0.765475 0.726076 0.774280 0.715048 0.791889 0.696194 0.807898 0.677695 0.819637 0.672003 0.822572 0.657417 0.826307 0.652259 0.829909 0.640342 0.830576 0.633582 0.832444 0.621131 0.832711 0.615084 0.831377 0.609036 0.832177 0.601565 0.829776 0.580932 0.828175 0.578086 0.828975 0.564212 0.828709 0.561722 0.831110 0.560655 0.835646
1 0.435053 0.432819 0.440030 0.441160 0.446178 0.440282 0.465671 0.439434 0.532906 0.444237 0.553895 0.448773 0.585243 0.460697 0.592562 0.466404 0.599787 0.444237 0.606546 0.438367 0.620776 0.433031 0.636784 0.430630 0.654571 0.430363 0.662826 0.431941 0.666046 0.423599 0.665244 0.414621 0.662042 0.407951 0.657773 0.402615 0.654043 0.397038 0.649591 0.394077 0.644255 0.392476 0.637140 0.388474 0.587292 0.382550 0.567091 0.379258 0.567058 0.389274 0.556030 0.400747 0.541800 0.408218 0.532551 0.411686 0.487727 0.420758 0.466738 0.421825 0.456777 0.423426 0.442191 0.423426 0.436144 0.422092 0.435076 0.422892 0.435053 0.432819