0 0.165266 0.737045 0.163866 0.752626 0.164799 0.765756 0.169001 0.782738 0.176704 0.796394 0.180439 0.800595 0.181139 0.804097 0.194211 0.817927 0.223156 0.845238 0.227358 0.846814 0.239729 0.858543 0.246032 0.862920 0.250700 0.867822 0.262138 0.874825 0.268441 0.876050 0.272176 0.878501 0.284080 0.883403 0.291550 0.887605 0.314192 0.895483 0.318861 0.898284 0.334267 0.902311 0.365546 0.912465 0.391223 0.916842 0.400327 0.917717 0.408030 0.917367 0.427871 0.918592 0.451914 0.917542 0.460084 0.916317 0.466153 0.914041 0.467554 0.913866 0.470355 0.914916 0.484127 0.911940 0.497432 0.908438 0.501867 0.907913 0.518207 0.903186 0.533380 0.895658 0.542951 0.887255 0.546685 0.882353 0.549020 0.876751 0.553688 0.871148 0.557190 0.860644 0.561391 0.852066 0.562558 0.846464 0.563259 0.827206 0.561858 0.819853 0.559524 0.814251 0.547619 0.800245 0.541317 0.796744 0.539683 0.793417 0.529412 0.787815 0.526611 0.785539 0.521008 0.783438 0.518674 0.779412 0.515173 0.776786 0.509570 0.774685 0.497666 0.765406 0.470355 0.750700 0.438142 0.738620 0.432306 0.735644 0.423903 0.733018 0.418301 0.730042 0.406629 0.726891 0.400560 0.724265 0.378618 0.719188 0.372782 0.717087 0.366713 0.716562 0.359711 0.714986 0.341270 0.713235 0.325397 0.709559 0.312558 0.708683 0.307656 0.706408 0.292017 0.705882 0.282213 0.707283 0.269608 0.706583 0.235761 0.706758 0.234127 0.706232 0.224323 0.708333 0.220121 0.708158 0.217320 0.709209 0.213585 0.709384 0.190943 0.716912 0.176937 0.723915 0.168534 0.729342 0.164566 0.734244 0.165266 0.737045
1 0.265640 0.703081 0.268908 0.704482 0.305556 0.705007 0.341503 0.711835 0.362278 0.713936 0.393091 0.720938 0.418534 0.728817 0.424136 0.731793 0.471055 0.749825 0.478992 0.753326 0.487862 0.758578 0.500700 0.763831 0.507937 0.765231 0.519141 0.763655 0.532680 0.760154 0.540149 0.759979 0.542951 0.758053 0.545285 0.757528 0.553922 0.757003 0.560691 0.755252 0.564192 0.755427 0.571895 0.752451 0.583333 0.750175 0.594771 0.746148 0.598039 0.743873 0.602474 0.742997 0.616246 0.736169 0.628151 0.727066 0.635154 0.718487 0.637021 0.717262 0.641457 0.708508 0.643557 0.696429 0.640990 0.678571 0.637488 0.668067 0.633987 0.661239 0.627918 0.655987 0.622549 0.654062 0.610177 0.651611 0.584967 0.641282 0.581933 0.639356 0.571429 0.635504 0.567460 0.633228 0.556956 0.629202 0.553455 0.626751 0.548786 0.625350 0.529412 0.616947 0.515640 0.613971 0.488329 0.605917 0.472689 0.603466 0.429272 0.598739 0.417600 0.599615 0.414799 0.598915 0.409197 0.600490 0.397526 0.600490 0.383287 0.601716 0.364379 0.605742 0.358777 0.608018 0.351774 0.609069 0.339869 0.613270 0.314893 0.626050 0.303922 0.632878 0.286415 0.646709 0.275677 0.660539 0.267274 0.681898 0.265406 0.695028 0.265640 0.703081
0 0.388655 0.300070 0.389589 0.311275 0.392390 0.318452 0.396825 0.326331 0.403128 0.332458 0.407330 0.334034 0.411531 0.337010 0.415733 0.338060 0.420868 0.340511 0.429505 0.343487 0.444678 0.346989 0.452848 0.349615 0.460317 0.349440 0.487628 0.354517 0.519841 0.355042 0.535901 0.353641 0.546452 0.354342 0.553688 0.353992 0.558357 0.352591 0.578198 0.349265 0.597572 0.341562 0.612512 0.336835 0.626751 0.332983 0.630952 0.332633 0.640756 0.329657 0.657796 0.326856 0.661765 0.325105 0.663632 0.321779 0.672502 0.314776 0.678805 0.307773 0.686041 0.296744 0.689076 0.289741 0.691643 0.279937 0.692344 0.265056 0.690476 0.258228 0.687442 0.251576 0.680672 0.243522 0.669468 0.236169 0.647292 0.226716 0.637021 0.223564 0.633287 0.223389 0.626050 0.221289 0.608543 0.219363 0.571195 0.218312 0.556956 0.219538 0.545518 0.220938 0.533147 0.223915 0.525910 0.223564 0.485294 0.231968 0.460084 0.240896 0.438842 0.251751 0.422736 0.258578 0.411765 0.265406 0.402428 0.272759 0.397292 0.279237 0.389589 0.293943 0.388655 0.300070
0 0.700980 0.474090 0.704949 0.485994 0.707983 0.489321 0.718254 0.504727 0.723389 0.509279 0.731559 0.514706 0.737628 0.520308 0.744398 0.525035 0.758870 0.533088 0.786181 0.545168 0.807190 0.552871 0.827965 0.558999 0.830999 0.558648 0.835901 0.559874 0.850840 0.560749 0.859477 0.560749 0.869981 0.559699 0.892857 0.555672 0.919468 0.547094 0.924370 0.545168 0.927638 0.542892 0.933240 0.540966 0.950047 0.532213 0.959617 0.523985 0.963819 0.519258 0.967087 0.513831 0.969655 0.506828 0.971522 0.499125 0.971055 0.487570 0.969655 0.481443 0.961485 0.462710 0.954248 0.453606 0.947246 0.448704 0.942344 0.444153 0.938842 0.442227 0.935574 0.438725 0.932306 0.437325 0.926704 0.432773 0.918534 0.428571 0.894258 0.418592 0.865313 0.411415 0.834500 0.410014 0.799953 0.412640 0.773343 0.416492 0.754902 0.421043 0.741597 0.425245 0.730859 0.429972 0.712418 0.441176 0.703081 0.449580 0.700980 0.461134 0.700980 0.474090
1 0.001867 0.113620 0.000000 0.113971 0.000000 0.198880 0.005135 0.201155 0.008637 0.201506 0.015640 0.205357 0.037115 0.212185 0.049953 0.214636 0.056489 0.217262 0.063025 0.218662 0.088469 0.222689 0.093838 0.224090 0.112745 0.222339 0.122782 0.220238 0.152661 0.217262 0.221289 0.216036 0.233427 0.215161 0.248366 0.215861 0.254902 0.213060 0.258170 0.210084 0.260504 0.205707 0.265640 0.203081 0.268207 0.199405 0.275910 0.196779 0.282446 0.192402 0.284314 0.189426 0.285247 0.185049 0.283613 0.179272 0.283613 0.174895 0.282446 0.173144 0.281979 0.168067 0.279178 0.161415 0.275910 0.157563 0.275210 0.154412 0.267507 0.147409 0.260738 0.142507 0.248366 0.135679 0.222689 0.124650 0.211251 0.121674 0.206816 0.119748 0.199346 0.118347 0.192110 0.115371 0.171102 0.110469 0.151494 0.103992 0.137021 0.099965 0.126284 0.098214 0.104575 0.095413 0.095472 0.095238 0.091970 0.094188 0.088235 0.094888 0.084967 0.094013 0.078198 0.096113 0.074697 0.098564 0.070962 0.096639 0.066993 0.096464 0.046919 0.097689 0.039916 0.099440 0.031279 0.102766 0.016106 0.106092 0.013072 0.107668 0.006069 0.109244 0.003268 0.110994 0.001867 0.113620
1 0.000000 0.000000 0.000000 0.108543 0.005369 0.108018 0.008637 0.106793 0.019608 0.104692 0.046685 0.096464 0.059757 0.095588 0.068861 0.095588 0.073529 0.096289 0.078198 0.094013 0.088235 0.093487 0.091503 0.092087 0.100140 0.094188 0.109244 0.094713 0.131653 0.097864 0.143791 0.100315 0.154295 0.104167 0.158030 0.104867 0.161765 0.104867 0.164566 0.103817 0.172736 0.091387 0.182073 0.081408 0.197712 0.067927 0.204949 0.063025 0.208450 0.057423 0.208917 0.042017 0.205182 0.029762 0.193511 0.014881 0.182773 0.005952 0.178338 0.002976 0.175303 0.001926 0.174837 0.000000 0.000000 0.000000
1 0.166200 0.105917 0.170635 0.109244 0.182540 0.112745 0.191643 0.114321 0.217320 0.122024 0.243464 0.132178 0.258637 0.139531 0.262605 0.140406 0.281746 0.139181 0.287348 0.133403 0.299720 0.125875 0.310691 0.120273 0.324463 0.116422 0.328198 0.116246 0.335901 0.113620 0.360411 0.109244 0.370215 0.106092 0.373249 0.105742 0.380486 0.102416 0.384220 0.098915 0.383520 0.095413 0.380019 0.090511 0.376517 0.091036 0.372549 0.089286 0.373716 0.085434 0.380952 0.083859 0.383287 0.082283 0.386555 0.076155 0.388655 0.063901 0.393557 0.055497 0.397292 0.050420 0.408263 0.046043 0.411531 0.043067 0.414332 0.041842 0.415733 0.039916 0.414799 0.036590 0.408030 0.028711 0.401961 0.025210 0.394024 0.022234 0.383754 0.019958 0.377218 0.019258 0.364846 0.019608 0.346172 0.017682 0.330766 0.017682 0.320261 0.018557 0.296685 0.022759 0.286415 0.025385 0.279645 0.028536 0.275910 0.028536 0.273343 0.030112 0.265173 0.032563 0.248133 0.039566 0.221755 0.052346 0.198133 0.068662 0.185341 0.079657 0.174603 0.091562 0.169468 0.098915 0.166200 0.105917
1 0.283380 0.149860 0.287115 0.156513 0.290616 0.168943 0.293417 0.173845 0.302988 0.184874 0.308357 0.185924 0.326797 0.183298 0.345238 0.183473 0.348739 0.184174 0.366246 0.184699 0.383754 0.188200 0.401261 0.192927 0.421569 0.196429 0.428571 0.196779 0.430672 0.196078 0.428805 0.192752 0.424837 0.190301 0.412698 0.178922 0.406863 0.167892 0.406629 0.156513 0.413165 0.135504 0.422736 0.119748 0.432773 0.112745 0.442577 0.108018 0.449813 0.106268 0.453315 0.104517 0.463119 0.101541 0.466853 0.102416 0.472923 0.102241 0.475023 0.100840 0.475957 0.098915 0.466853 0.095763 0.441643 0.098389 0.411531 0.105042 0.400560 0.105042 0.397993 0.105742 0.390289 0.104867 0.380252 0.105917 0.355742 0.110469 0.321662 0.118172 0.306723 0.123074 0.290149 0.132353 0.285247 0.137080 0.282913 0.140581 0.283380 0.149860
1 0.407796 0.167717 0.410131 0.172619 0.415500 0.180147 0.423203 0.187850 0.429505 0.192052 0.431606 0.195728 0.443511 0.204307 0.445845 0.207808 0.448880 0.209559 0.453081 0.213585 0.474090 0.224265 0.487628 0.228641 0.497899 0.228116 0.501634 0.226716 0.515406 0.224965 0.532680 0.221464 0.536648 0.221639 0.539916 0.220588 0.562558 0.217787 0.577264 0.217087 0.622782 0.219188 0.635854 0.222339 0.664566 0.232668 0.666200 0.232668 0.668301 0.232318 0.693978 0.210434 0.697012 0.206583 0.700747 0.198704 0.700280 0.184699 0.696779 0.175245 0.693044 0.168943 0.679038 0.158088 0.665033 0.145833 0.644491 0.132703 0.624416 0.124650 0.619281 0.123599 0.609477 0.120098 0.578198 0.113095 0.569795 0.110294 0.556956 0.108543 0.550654 0.106968 0.530112 0.104167 0.506536 0.103116 0.494631 0.099965 0.491363 0.101015 0.467554 0.103466 0.460084 0.103116 0.458217 0.104867 0.449346 0.106268 0.435107 0.112045 0.420868 0.123775 0.416900 0.130427 0.412465 0.134104 0.410131 0.147584 0.407796 0.155462 0.407796 0.167717
1 0.531979 0.041667 0.532680 0.050945 0.536415 0.067227 0.542951 0.088585 0.547852 0.095413 0.550420 0.102416 0.552288 0.104867 0.557190 0.107143 0.567227 0.108718 0.580299 0.112745 0.595472 0.115546 0.608777 0.119048 0.630952 0.126225 0.644491 0.131828 0.650560 0.134979 0.653828 0.137955 0.665500 0.145133 0.679038 0.156688 0.681839 0.160014 0.691410 0.166492 0.695612 0.171569 0.699580 0.179797 0.703081 0.179972 0.704015 0.179447 0.706816 0.177346 0.713585 0.169293 0.721289 0.158088 0.724323 0.152136 0.731092 0.143732 0.732260 0.140931 0.734360 0.139356 0.736695 0.135504 0.742297 0.130077 0.747432 0.123424 0.744865 0.113971 0.741363 0.105917 0.739029 0.103992 0.735761 0.097689 0.713352 0.071078 0.709150 0.067927 0.706583 0.063901 0.681839 0.044818 0.637021 0.014531 0.619514 0.007178 0.609244 0.003852 0.598973 0.001926 0.598273 0.000000 0.547152 0.000000 0.547152 0.000875 0.539916 0.008403 0.532680 0.025910 0.532446 0.028887 0.531979 0.041667
1 0.387021 0.078782 0.392390 0.085084 0.392857 0.087885 0.392624 0.091912 0.389823 0.094013 0.389589 0.099090 0.391923 0.102066 0.395658 0.103992 0.408263 0.104167 0.415266 0.103466 0.439776 0.098039 0.478758 0.095763 0.495098 0.097514 0.504902 0.100315 0.509337 0.100315 0.521008 0.102416 0.545985 0.104517 0.547386 0.104342 0.548786 0.102591 0.546685 0.096814 0.541783 0.087885 0.531979 0.054272 0.530812 0.039391 0.531513 0.029062 0.529879 0.026961 0.527544 0.026261 0.497199 0.024335 0.470822 0.025560 0.456816 0.027136 0.428805 0.034839 0.419468 0.039041 0.414099 0.043067 0.399860 0.050420 0.392857 0.057423 0.390523 0.061975 0.387722 0.071604 0.387021 0.078782
1 0.257703 0.220413 0.258870 0.234244 0.264706 0.244223 0.272409 0.253852 0.275910 0.257003 0.279178 0.258228 0.300887 0.258403 0.331466 0.260854 0.341970 0.263831 0.348739 0.266632 0.355976 0.266807 0.380019 0.275560 0.393557 0.279412 0.397526 0.277486 0.399160 0.274335 0.401494 0.272059 0.406162 0.269258 0.418534 0.259454 0.428571 0.255602 0.432306 0.253151 0.443744 0.248249 0.446545 0.246148 0.460317 0.240021 0.484360 0.230917 0.470355 0.223214 0.458450 0.218137 0.450514 0.213410 0.436508 0.201681 0.428338 0.198179 0.387955 0.189776 0.381886 0.187850 0.369981 0.185924 0.341737 0.183648 0.327731 0.183648 0.303688 0.186625 0.283147 0.194503 0.263539 0.208333 0.258637 0.218312 0.257703 0.220413
1 0.674837 0.237745 0.686041 0.245798 0.691176 0.255777 0.693511 0.262780 0.693978 0.272059 0.693044 0.282038 0.687908 0.297619 0.684874 0.303746 0.687208 0.309524 0.690476 0.311800 0.712652 0.317227 0.728058 0.316352 0.769374 0.308824 0.783147 0.302171 0.786648 0.299370 0.796685 0.295343 0.810271 0.286029 0.824697 0.277661 0.836134 0.269083 0.849440 0.255427 0.863212 0.235294 0.880952 0.197129 0.887255 0.178221 0.891923 0.169643 0.896125 0.157913 0.898459 0.140931 0.897993 0.127101 0.892624 0.109244 0.890056 0.105742 0.883287 0.102241 0.877218 0.097864 0.866013 0.094713 0.859477 0.091912 0.846405 0.090511 0.834734 0.090511 0.817694 0.093487 0.792717 0.100840 0.779178 0.106443 0.775210 0.109594 0.760971 0.117122 0.749300 0.125525 0.741130 0.132878 0.729692 0.147234 0.720121 0.161415 0.714052 0.172094 0.704482 0.185399 0.703081 0.188901 0.701681 0.201447 0.700514 0.204482 0.695378 0.212185 0.689076 0.217262 0.682306 0.226541 0.679505 0.229517 0.676937 0.230917 0.676471 0.234594 0.675070 0.236695 0.674837 0.237745
1 0.726190 0.085084 0.742530 0.107668 0.748599 0.120798 0.750000 0.122024 0.751867 0.122374 0.763539 0.114496 0.789216 0.101190 0.804388 0.096289 0.820962 0.092262 0.830999 0.090861 0.834734 0.089461 0.839402 0.083683 0.848973 0.076331 0.852474 0.074580 0.853641 0.070903 0.852241 0.067752 0.826564 0.059874 0.820728 0.054797 0.814192 0.053922 0.800654 0.055322 0.792484 0.055322 0.777544 0.058473 0.749767 0.066527 0.732960 0.076681 0.727591 0.081408 0.726424 0.083508 0.726190 0.085084
1 0.345005 0.000000 0.345005 0.001751 0.346172 0.013130 0.347806 0.015756 0.354575 0.016982 0.373249 0.017507 0.394024 0.021359 0.401494 0.023985 0.408263 0.027836 0.414332 0.034489 0.418768 0.037640 0.421569 0.037290 0.427171 0.034839 0.444211 0.029587 0.461251 0.025910 0.480626 0.024510 0.491597 0.022934 0.520308 0.024685 0.528478 0.023985 0.530812 0.022409 0.533147 0.015581 0.532213 0.012080 0.527778 0.004727 0.526611 0.000000 0.345005 0.000000
1 0.710551 0.678571 0.712885 0.685574 0.716153 0.706583 0.723156 0.720588 0.728992 0.728992 0.743464 0.741947 0.753968 0.748950 0.765873 0.755077 0.776144 0.758053 0.779412 0.759804 0.792951 0.763305 0.832633 0.770308 0.844771 0.771534 0.864457 0.770658 0.873249 0.771183 0.879785 0.769608 0.884220 0.769783 0.894491 0.767857 0.905229 0.766807 0.918067 0.764181 0.927404 0.761380 0.950747 0.757878 0.969888 0.757528 0.988562 0.755077 0.998133 0.751401 0.999767 0.751401 0.999767 0.620448 0.988095 0.616071 0.978758 0.613620 0.971289 0.610469 0.935808 0.604517 0.891223 0.600490 0.869514 0.602066 0.845472 0.605742 0.837068 0.610294 0.816060 0.619748 0.807890 0.624650 0.797386 0.626576 0.785247 0.631127 0.769141 0.635854 0.744865 0.644783 0.734827 0.651611 0.728758 0.654237 0.716387 0.662640 0.711485 0.667892 0.710551 0.670868 0.710551 0.678571
1 0.175070 0.619923 0.180906 0.629377 0.188142 0.638305 0.190943 0.639881 0.205415 0.654237 0.217087 0.663340 0.220355 0.664916 0.231092 0.673319 0.235994 0.676120 0.251167 0.683648 0.261671 0.686800 0.263539 0.686800 0.265406 0.686450 0.265873 0.685574 0.267740 0.675595 0.274743 0.660189 0.286415 0.645833 0.295051 0.638655 0.309991 0.628151 0.334967 0.614671 0.341503 0.611870 0.361111 0.606092 0.388189 0.600490 0.403828 0.599265 0.407796 0.598389 0.428805 0.597689 0.443044 0.599265 0.445845 0.600315 0.454248 0.600840 0.456583 0.600665 0.458217 0.598739 0.454482 0.591562 0.450047 0.587360 0.390756 0.562325 0.375817 0.558999 0.363445 0.554972 0.355509 0.553221 0.330766 0.550945 0.275444 0.548845 0.240896 0.550770 0.227591 0.552346 0.221989 0.553746 0.218254 0.556723 0.216620 0.560224 0.216853 0.564951 0.219421 0.574930 0.218721 0.579307 0.214753 0.587710 0.210317 0.593137 0.200747 0.601541 0.174603 0.613095 0.175070 0.619923
1 0.147526 0.620448 0.084967 0.631478 0.077965 0.631127 0.057190 0.634279 0.029412 0.634804 0.026377 0.635854 0.000000 0.633929 0.000000 0.700105 0.009337 0.702381 0.022876 0.707633 0.074930 0.718662 0.098739 0.722164 0.149160 0.726366 0.168301 0.725315 0.178338 0.720413 0.182306 0.717612 0.196078 0.712010 0.206583 0.708859 0.220588 0.706408 0.226657 0.704132 0.229692 0.696078 0.229692 0.680147 0.228758 0.675070 0.220822 0.667892 0.214986 0.664391 0.208683 0.659314 0.189076 0.640756 0.178805 0.628326 0.175770 0.625700 0.172035 0.618522 0.168301 0.616597 0.164099 0.616422 0.147526 0.620448
1 0.000000 0.508578 0.000000 0.632353 0.015173 0.634629 0.022876 0.634279 0.026844 0.634804 0.033380 0.634454 0.036181 0.633228 0.047386 0.633929 0.060458 0.633053 0.069328 0.631653 0.085201 0.630777 0.089169 0.629552 0.119048 0.624825 0.155696 0.617647 0.165033 0.613971 0.171102 0.612920 0.175537 0.610119 0.192344 0.603291 0.200280 0.599090 0.213585 0.585784 0.218487 0.578256 0.218021 0.570903 0.212418 0.553746 0.210317 0.550595 0.205649 0.546919 0.203548 0.543242 0.199813 0.539741 0.189076 0.532213 0.180205 0.527661 0.161531 0.520133 0.157330 0.519433 0.151027 0.516807 0.133987 0.512430 0.123249 0.511029 0.113445 0.508403 0.091737 0.505777 0.049020 0.504552 0.008170 0.507353 0.000000 0.508578
1 0.079132 0.447129 0.081933 0.448004 0.083100 0.450105 0.081466 0.452206 0.077965 0.453606 0.076564 0.456583 0.077965 0.458333 0.081466 0.456583 0.083100 0.457458 0.084734 0.460784 0.086601 0.470238 0.090803 0.477416 0.095705 0.481793 0.098506 0.485644 0.108777 0.492647 0.117414 0.496148 0.124416 0.500175 0.151494 0.509279 0.154528 0.512080 0.161765 0.513130 0.165266 0.511905 0.175070 0.514356 0.199346 0.516807 0.206583 0.516282 0.214519 0.517157 0.227358 0.516982 0.229692 0.516282 0.255135 0.514706 0.265873 0.512605 0.290850 0.506127 0.303922 0.500875 0.306489 0.497724 0.300187 0.480917 0.300187 0.470588 0.302521 0.466036 0.306256 0.461835 0.313959 0.456583 0.319094 0.454132 0.323996 0.449755 0.323763 0.442052 0.319561 0.435399 0.317460 0.428746 0.317694 0.419468 0.304622 0.403536 0.300654 0.404237 0.295985 0.404062 0.288515 0.406162 0.268908 0.405462 0.262138 0.404062 0.237628 0.401961 0.229692 0.400560 0.220355 0.397934 0.217087 0.397934 0.213585 0.396534 0.209851 0.396183 0.198880 0.392332 0.193744 0.391632 0.188842 0.391982 0.185574 0.393557 0.182306 0.393557 0.179038 0.394783 0.171569 0.395308 0.147292 0.399860 0.119748 0.408613 0.113679 0.411415 0.101074 0.418242 0.092204 0.424895 0.087068 0.430497 0.081933 0.439076 0.081232 0.444678 0.078665 0.446078 0.079132 0.447129
1 0.000000 0.423845 0.000000 0.507003 0.050887 0.503676 0.074230 0.504027 0.106209 0.506653 0.109244 0.507703 0.113679 0.507878 0.123016 0.509979 0.129785 0.510679 0.153361 0.516282 0.174136 0.523810 0.187442 0.529937 0.200047 0.538866 0.204715 0.542542 0.213352 0.553571 0.216853 0.554972 0.218254 0.553922 0.227358 0.551471 0.240663 0.549895 0.265406 0.548669 0.269841 0.546919 0.270308 0.543067 0.266807 0.536239 0.261438 0.529587 0.257003 0.526436 0.254902 0.522584 0.248133 0.516807 0.244398 0.516807 0.241130 0.517682 0.227124 0.516982 0.224323 0.517857 0.220822 0.517332 0.212885 0.517857 0.202381 0.516632 0.195845 0.517682 0.191176 0.516282 0.182540 0.515406 0.168534 0.512605 0.161765 0.511730 0.157796 0.512255 0.156162 0.510679 0.151261 0.508403 0.147759 0.508053 0.140756 0.505427 0.130719 0.502976 0.122082 0.499475 0.102474 0.488971 0.094071 0.481618 0.087768 0.474090 0.084734 0.466211 0.081699 0.461310 0.077498 0.460434 0.072596 0.456758 0.073296 0.454832 0.075864 0.453957 0.076564 0.452906 0.076797 0.449580 0.079132 0.444678 0.079599 0.442402 0.077264 0.438901 0.080766 0.436975 0.085434 0.429797 0.093371 0.423319 0.096172 0.421919 0.095238 0.420693 0.090103 0.419468 0.086835 0.417367 0.081933 0.416141 0.075397 0.415441 0.050654 0.414916 0.033147 0.415791 0.023810 0.417192 0.011671 0.420168 0.000000 0.423845
1 0.320261 0.428746 0.320962 0.430497 0.324230 0.431898 0.327965 0.448004 0.353408 0.445028 0.366713 0.444853 0.383520 0.447654 0.404528 0.449055 0.421802 0.452381 0.442344 0.458333 0.453315 0.460259 0.454015 0.459909 0.453081 0.456408 0.451214 0.454832 0.444211 0.443102 0.439542 0.428922 0.439309 0.418067 0.441176 0.412115 0.445845 0.404762 0.452381 0.399860 0.456816 0.398985 0.466853 0.395308 0.477358 0.393207 0.491130 0.388305 0.495098 0.385504 0.501867 0.385329 0.515640 0.380602 0.518908 0.380077 0.522409 0.377976 0.546452 0.369748 0.550887 0.366071 0.550887 0.364846 0.552988 0.363095 0.557190 0.363095 0.557890 0.362745 0.557423 0.361520 0.553688 0.356618 0.549720 0.357318 0.545285 0.356268 0.539683 0.356092 0.535948 0.356793 0.532680 0.355917 0.529645 0.357493 0.525910 0.356268 0.480859 0.357318 0.476891 0.360644 0.474556 0.359944 0.470355 0.359944 0.462652 0.361695 0.455182 0.364496 0.449580 0.367297 0.447246 0.369923 0.443511 0.372374 0.425303 0.378676 0.411298 0.380252 0.390523 0.384629 0.376284 0.386204 0.371693 0.388305 0.366013 0.387605 0.359244 0.388655 0.350373 0.394433 0.340336 0.398810 0.328898 0.407738 0.323996 0.414041 0.320495 0.423494 0.320261 0.428746
1 0.301354 0.477591 0.305556 0.492122 0.309524 0.498599 0.323996 0.515756 0.341503 0.529062 0.376751 0.552171 0.403828 0.566702 0.434174 0.579482 0.453315 0.586485 0.460784 0.587185 0.466620 0.589111 0.484360 0.591737 0.498133 0.593312 0.499300 0.592437 0.498599 0.588585 0.494164 0.582633 0.490196 0.574230 0.489496 0.570903 0.486928 0.567227 0.485994 0.557283 0.487628 0.539916 0.494865 0.526261 0.501867 0.520658 0.508870 0.511555 0.524043 0.501576 0.526144 0.498249 0.525677 0.497899 0.503501 0.491597 0.491130 0.486169 0.475257 0.477766 0.464986 0.470238 0.459851 0.465161 0.452848 0.462010 0.431139 0.455707 0.408263 0.450630 0.382353 0.448354 0.373483 0.446254 0.365546 0.445553 0.345472 0.446078 0.338002 0.447479 0.327965 0.450630 0.309524 0.460259 0.303688 0.466211 0.301587 0.472164 0.301354 0.477591
1 0.522642 0.781162 0.532446 0.785889 0.538049 0.789916 0.539449 0.793242 0.543184 0.797794 0.547619 0.799720 0.549020 0.803922 0.553922 0.806723 0.556489 0.810924 0.560224 0.813901 0.563259 0.820553 0.564659 0.835959 0.562792 0.852241 0.554388 0.869748 0.554155 0.873424 0.552288 0.875175 0.546919 0.884104 0.538749 0.893908 0.540850 0.899510 0.543184 0.902136 0.550420 0.905812 0.560458 0.908613 0.591503 0.910539 0.602241 0.912990 0.604809 0.911940 0.644258 0.912115 0.646592 0.911064 0.651261 0.912115 0.654295 0.911064 0.679038 0.910714 0.700047 0.909314 0.706583 0.907738 0.714052 0.907388 0.727124 0.905462 0.737628 0.902661 0.744631 0.902661 0.748133 0.901786 0.755135 0.899685 0.757703 0.897934 0.762372 0.897584 0.769374 0.895833 0.787115 0.887955 0.796452 0.884979 0.799020 0.883228 0.806256 0.881478 0.814893 0.876751 0.824230 0.872899 0.838469 0.863796 0.844538 0.858368 0.852941 0.852416 0.861345 0.842087 0.866013 0.831408 0.866947 0.821078 0.865780 0.817052 0.866713 0.814076 0.863912 0.800070 0.862045 0.797444 0.860644 0.792892 0.855742 0.788690 0.852241 0.783613 0.846172 0.778361 0.833100 0.773459 0.826564 0.771884 0.817227 0.770833 0.807190 0.767857 0.800654 0.767157 0.797152 0.765581 0.786181 0.763305 0.776144 0.759979 0.772642 0.759454 0.754669 0.751225 0.734127 0.738445 0.725957 0.738796 0.714753 0.737570 0.709617 0.738270 0.706349 0.737745 0.691721 0.738445 0.684874 0.737570 0.640523 0.740196 0.623016 0.743522 0.604809 0.748775 0.598739 0.751401 0.585201 0.755427 0.578898 0.758228 0.536881 0.770308 0.522642 0.777661 0.521942 0.778711 0.522642 0.781162
1 0.000000 0.820378 0.000000 0.946954 0.021242 0.958508 0.035948 0.962185 0.039916 0.962185 0.042017 0.961485 0.048786 0.961660 0.062092 0.963410 0.081933 0.963410 0.087535 0.964461 0.106209 0.964111 0.109010 0.963410 0.116246 0.963235 0.128151 0.965161 0.136321 0.965511 0.151494 0.964811 0.179038 0.960784 0.192110 0.957283 0.198880 0.956232 0.207283 0.953081 0.210084 0.951155 0.225257 0.945553 0.234594 0.943277 0.246032 0.939076 0.255836 0.933824 0.263305 0.931197 0.270075 0.926996 0.274276 0.925420 0.285714 0.917892 0.297852 0.904587 0.299953 0.894958 0.298553 0.891982 0.282913 0.884104 0.272642 0.880427 0.263539 0.875700 0.253968 0.871849 0.243697 0.862745 0.236695 0.858368 0.234360 0.855742 0.229925 0.852766 0.214519 0.835084 0.208917 0.832808 0.207283 0.831583 0.206349 0.828957 0.203315 0.827906 0.199580 0.823354 0.198646 0.823354 0.187675 0.814951 0.177871 0.803396 0.164799 0.776611 0.157796 0.776611 0.154528 0.777486 0.147292 0.777311 0.130486 0.780287 0.098273 0.789041 0.084734 0.793943 0.032913 0.806723 0.029412 0.808473 0.011905 0.814251 0.006303 0.817052 0.000000 0.820378
1 0.023810 0.724090 0.000000 0.724615 0.000000 0.817752 0.005135 0.816702 0.030345 0.807073 0.067927 0.797794 0.130019 0.779412 0.140523 0.776786 0.147292 0.776085 0.153361 0.772409 0.157796 0.773109 0.161998 0.769083 0.162465 0.764181 0.161064 0.744923 0.162232 0.733718 0.161064 0.730742 0.158964 0.729517 0.136788 0.725840 0.113679 0.723389 0.078431 0.721464 0.063959 0.721289 0.054622 0.722164 0.043884 0.722164 0.023810 0.724090
1 0.150327 0.998074 0.150327 0.999825 0.487628 0.999825 0.488095 0.995623 0.484827 0.977416 0.471989 0.951155 0.467787 0.945728 0.462418 0.940826 0.450980 0.932773 0.448413 0.930147 0.437908 0.923494 0.429038 0.921043 0.404062 0.919643 0.369281 0.914391 0.350607 0.909664 0.341970 0.906688 0.332166 0.905637 0.324463 0.907038 0.316060 0.909839 0.313025 0.911765 0.296452 0.917017 0.271942 0.928396 0.256536 0.937500 0.232726 0.945378 0.217087 0.952206 0.213352 0.953081 0.191176 0.966211 0.174837 0.978466 0.169001 0.983718 0.163866 0.986520 0.158497 0.991422 0.153595 0.994573 0.150327 0.998074
1 0.000000 0.951506 0.000000 0.999825 0.146359 0.999825 0.146359 0.998249 0.156863 0.991772 0.163165 0.985994 0.179972 0.973564 0.188842 0.965861 0.194444 0.963585 0.199580 0.960084 0.198179 0.957983 0.192577 0.957808 0.164799 0.963585 0.141223 0.965686 0.123716 0.964986 0.117180 0.964111 0.098273 0.965161 0.078198 0.963585 0.070728 0.964461 0.058824 0.964636 0.053221 0.964286 0.050420 0.963235 0.046452 0.963761 0.037348 0.962710 0.021709 0.959734 0.001867 0.951506 0.000000 0.951506
1 0.600840 0.924720 0.604342 0.933824 0.616013 0.947304 0.633754 0.960259 0.643324 0.964986 0.659897 0.971289 0.664566 0.972339 0.669701 0.972514 0.683007 0.976015 0.699813 0.978641 0.722689 0.980392 0.744631 0.981092 0.759570 0.980392 0.762605 0.980917 0.779645 0.980217 0.798086 0.977591 0.819795 0.971989 0.838936 0.963410 0.841036 0.961835 0.844304 0.957808 0.852474 0.950980 0.870682 0.928046 0.882820 0.915091 0.894725 0.905112 0.897292 0.901611 0.906162 0.895133 0.911531 0.885679 0.914799 0.883578 0.919234 0.877451 0.923203 0.866246 0.924370 0.859069 0.924136 0.852941 0.919468 0.838585 0.915733 0.832108 0.909664 0.824755 0.904762 0.821954 0.902428 0.819678 0.898459 0.818102 0.893791 0.814776 0.887722 0.813375 0.883287 0.813901 0.880719 0.813025 0.876517 0.812850 0.874416 0.813901 0.869748 0.819153 0.868114 0.831408 0.866013 0.833859 0.864613 0.838585 0.860878 0.844713 0.847495 0.858252 0.824930 0.873424 0.813725 0.878326 0.810691 0.880427 0.801120 0.883578 0.793417 0.887430 0.783147 0.890581 0.775910 0.893732 0.772642 0.894083 0.764939 0.897584 0.755602 0.899335 0.744631 0.902661 0.734360 0.903711 0.716853 0.907388 0.696779 0.909664 0.690476 0.909489 0.675770 0.910889 0.671335 0.910539 0.668534 0.911415 0.661998 0.911940 0.649393 0.912290 0.644024 0.911415 0.640756 0.912640 0.629552 0.912115 0.618347 0.913165 0.605742 0.913165 0.602708 0.914741 0.600840 0.917542 0.600840 0.924720
1 0.437442 0.921919 0.440476 0.925070 0.457516 0.936450 0.467787 0.945203 0.471755 0.950105 0.477824 0.960609 0.484127 0.975140 0.487862 0.977416 0.526144 0.972514 0.536415 0.968487 0.556956 0.964286 0.567927 0.959734 0.588469 0.947829 0.596405 0.940301 0.599440 0.935924 0.598039 0.921218 0.596405 0.915266 0.595005 0.913866 0.591737 0.912990 0.577264 0.912465 0.555556 0.909314 0.546685 0.906513 0.532913 0.899510 0.525910 0.900210 0.516573 0.905112 0.512138 0.905987 0.503501 0.909314 0.489963 0.911415 0.470355 0.915616 0.463585 0.915441 0.460317 0.917017 0.450980 0.919118 0.438609 0.920868 0.437442 0.921919
1 0.849440 0.775910 0.855742 0.783789 0.862745 0.791492 0.865079 0.792542 0.866246 0.794818 0.869514 0.796919 0.872082 0.793417 0.873716 0.793417 0.876284 0.795518 0.880486 0.794643 0.886788 0.796569 0.885154 0.800945 0.881653 0.803746 0.883987 0.807773 0.888889 0.811800 0.895892 0.814951 0.904295 0.820028 0.911531 0.822129 0.919234 0.822129 0.945378 0.824230 0.953315 0.823704 0.959150 0.824230 0.992997 0.824055 0.995098 0.824755 0.999767 0.822829 0.999767 0.753852 0.981326 0.757003 0.960784 0.758929 0.950047 0.758929 0.928571 0.762080 0.907563 0.767332 0.889823 0.770308 0.855742 0.771884 0.851774 0.772584 0.849673 0.775035 0.849440 0.775910
1 0.638655 0.668417 0.644491 0.685749 0.644024 0.689076 0.645191 0.691702 0.642624 0.710434 0.639823 0.714986 0.628618 0.728291 0.625350 0.730042 0.614379 0.738796 0.607376 0.741246 0.601541 0.746499 0.597339 0.748249 0.602474 0.748424 0.604575 0.747199 0.609010 0.746499 0.614846 0.744398 0.626050 0.742647 0.637722 0.739671 0.650794 0.738270 0.661765 0.738095 0.671102 0.736695 0.683940 0.735994 0.698413 0.737220 0.714338 0.736695 0.722689 0.736695 0.727124 0.737395 0.732260 0.737045 0.732726 0.734244 0.725724 0.726891 0.717787 0.713585 0.713352 0.699580 0.712185 0.689251 0.708917 0.675945 0.708917 0.671394 0.711485 0.665441 0.720355 0.657913 0.713119 0.654412 0.701914 0.653011 0.691877 0.653186 0.647292 0.657213 0.642857 0.658613 0.640523 0.662290 0.638889 0.662990 0.638655 0.668417
1 0.838002 0.570903 0.838235 0.574580 0.844304 0.594713 0.845005 0.601190 0.845472 0.602416 0.847806 0.603641 0.856443 0.603116 0.871849 0.600315 0.880252 0.600840 0.883053 0.599615 0.894958 0.599090 0.909897 0.601015 0.929038 0.601716 0.931839 0.602591 0.936041 0.601891 0.942577 0.604867 0.957283 0.606793 0.966620 0.609244 0.970588 0.609594 0.999767 0.618522 0.999767 0.553046 0.977824 0.549720 0.924603 0.547794 0.914566 0.549720 0.907563 0.552521 0.880252 0.559874 0.869514 0.560749 0.866713 0.561625 0.845238 0.562675 0.842670 0.563901 0.841036 0.566176 0.838002 0.570903
1 0.487162 0.564251 0.493697 0.578606 0.497666 0.585784 0.507703 0.597164 0.512605 0.601541 0.536648 0.617472 0.550420 0.624650 0.591970 0.643032 0.611345 0.650035 0.612745 0.651085 0.616947 0.651436 0.623716 0.653361 0.633520 0.657388 0.695378 0.651786 0.713119 0.653011 0.716620 0.654412 0.727358 0.653536 0.740430 0.645833 0.774977 0.632528 0.803221 0.623249 0.817927 0.617472 0.823296 0.614146 0.838936 0.607143 0.841036 0.605392 0.841970 0.602241 0.842204 0.598739 0.837302 0.578081 0.833100 0.570728 0.824463 0.560224 0.817694 0.556898 0.809290 0.554972 0.781746 0.544818 0.763072 0.535714 0.755602 0.532913 0.743114 0.525648 0.716620 0.505252 0.713352 0.503501 0.706816 0.502626 0.699813 0.500350 0.678805 0.498424 0.668534 0.495973 0.657796 0.494748 0.638189 0.493697 0.626050 0.494048 0.602708 0.497024 0.572829 0.499475 0.552007 0.500000 0.536181 0.499125 0.532446 0.499650 0.522409 0.504202 0.510504 0.511555 0.507236 0.514356 0.504669 0.518557 0.494631 0.527836 0.491363 0.537815 0.488796 0.541492 0.486928 0.550070 0.487162 0.564251
1 0.486695 0.984594 0.488562 0.990196 0.488796 0.999825 0.595005 0.999825 0.595005 0.998074 0.592670 0.994398 0.584967 0.985294 0.581232 0.982493 0.576797 0.980567 0.564659 0.976891 0.547152 0.974790 0.535014 0.974615 0.525677 0.973564 0.518674 0.973915 0.488095 0.978116 0.486461 0.979867 0.486695 0.984594
1 0.614379 0.998249 0.614379 0.999825 0.946545 0.999825 0.946312 0.998074 0.942227 0.996411 0.940243 0.994573 0.928571 0.987920 0.894024 0.973389 0.887488 0.971464 0.859944 0.966912 0.842437 0.965511 0.838469 0.965511 0.831699 0.967787 0.821895 0.972514 0.795985 0.979167 0.789916 0.979692 0.786415 0.980917 0.768674 0.981092 0.759337 0.982143 0.755369 0.981443 0.752568 0.981968 0.737628 0.981968 0.734827 0.981092 0.723389 0.981092 0.698646 0.979342 0.668067 0.973739 0.658030 0.973739 0.635854 0.980392 0.625584 0.986169 0.616947 0.994398 0.614379 0.998249
1 0.907563 0.897409 0.907563 0.901436 0.909897 0.908088 0.914332 0.913515 0.927171 0.925770 0.945145 0.936275 0.954248 0.938375 0.966620 0.944328 0.989262 0.950280 0.999767 0.951331 0.999767 0.826331 0.994398 0.826681 0.987862 0.829132 0.979692 0.830882 0.959150 0.838235 0.939076 0.846814 0.932073 0.851015 0.926704 0.855742 0.926004 0.863095 0.919935 0.879377 0.915033 0.886730 0.911064 0.889881 0.908964 0.893908 0.907563 0.897409
1 0.109010 0.324930 0.109711 0.327731 0.112979 0.332983 0.114613 0.338410 0.137488 0.363270 0.150327 0.370448 0.154062 0.373599 0.174837 0.381828 0.179038 0.384104 0.185107 0.385504 0.189776 0.387780 0.200514 0.390581 0.209851 0.394258 0.237162 0.400385 0.270075 0.404062 0.283847 0.404412 0.296452 0.403186 0.300654 0.400735 0.314192 0.395658 0.320728 0.394608 0.345005 0.387780 0.348973 0.387955 0.353641 0.386905 0.355742 0.387430 0.369514 0.385329 0.375584 0.385154 0.387488 0.383053 0.392157 0.381303 0.397759 0.381478 0.413399 0.378326 0.432073 0.375875 0.437442 0.373950 0.443044 0.370448 0.447012 0.365896 0.448179 0.362570 0.450047 0.349265 0.449113 0.347689 0.446312 0.346289 0.442577 0.347339 0.435808 0.346289 0.425303 0.343312 0.421569 0.341036 0.404995 0.334384 0.400794 0.331933 0.394258 0.324580 0.390756 0.315826 0.387488 0.311099 0.387021 0.304447 0.388189 0.293067 0.391923 0.287115 0.392390 0.282213 0.387955 0.279237 0.375817 0.275910 0.373016 0.274160 0.366246 0.271709 0.363445 0.271534 0.355742 0.268382 0.348506 0.267857 0.344538 0.265581 0.329132 0.261730 0.304155 0.259804 0.290850 0.259454 0.264706 0.260329 0.248133 0.261905 0.238095 0.263655 0.213585 0.265406 0.168301 0.273810 0.164799 0.275560 0.147526 0.279937 0.141457 0.282213 0.119981 0.295518 0.115546 0.300245 0.113679 0.303571 0.110411 0.314251 0.109010 0.324930
1 0.011905 0.273810 0.009804 0.275910 0.012138 0.278011 0.014706 0.289566 0.016340 0.293242 0.022409 0.301120 0.026611 0.305147 0.029879 0.306373 0.036415 0.311625 0.055789 0.319678 0.067694 0.321604 0.077731 0.324930 0.082166 0.324755 0.088002 0.326506 0.102474 0.328431 0.106443 0.327206 0.109244 0.324755 0.108543 0.320553 0.109944 0.310574 0.111578 0.304447 0.115313 0.298845 0.121382 0.293592 0.142157 0.280812 0.157796 0.276786 0.169001 0.272934 0.191643 0.269258 0.212885 0.264706 0.227591 0.264006 0.240896 0.261905 0.244631 0.261905 0.247899 0.260854 0.251634 0.260854 0.254902 0.259804 0.270075 0.258578 0.271709 0.255077 0.261905 0.241422 0.259570 0.240021 0.258403 0.238095 0.257003 0.223564 0.255369 0.220588 0.253268 0.219713 0.245565 0.218662 0.229225 0.218137 0.227358 0.217262 0.216153 0.217262 0.214286 0.216737 0.210317 0.217262 0.164332 0.217437 0.123016 0.221113 0.095472 0.225665 0.081232 0.229517 0.074463 0.230217 0.068627 0.232143 0.057190 0.234069 0.043417 0.239146 0.041083 0.241071 0.035948 0.242647 0.025910 0.249650 0.018674 0.257878 0.014472 0.265756 0.011905 0.273810
1 0.000000 0.307948 0.000000 0.381127 0.012605 0.385504 0.018207 0.388480 0.035247 0.394958 0.042951 0.400035 0.055322 0.404412 0.064426 0.408789 0.070495 0.412640 0.084267 0.415791 0.088936 0.416141 0.095472 0.418067 0.102474 0.416317 0.112979 0.410714 0.122549 0.407038 0.143324 0.400210 0.149627 0.398634 0.163632 0.396884 0.171802 0.394608 0.182540 0.393557 0.187675 0.391632 0.188375 0.390231 0.186975 0.386905 0.175070 0.383403 0.153361 0.374125 0.136788 0.363796 0.124650 0.351716 0.123016 0.348739 0.117880 0.344363 0.116246 0.341912 0.108310 0.335959 0.107376 0.331057 0.105742 0.328081 0.105275 0.328606 0.082166 0.327206 0.063259 0.322654 0.051587 0.318803 0.046685 0.316001 0.036415 0.312325 0.029178 0.307598 0.026377 0.306548 0.021942 0.307248 0.004902 0.307073 0.000000 0.307948
1 0.856209 0.287990 0.857376 0.292892 0.865780 0.308123 0.869281 0.317752 0.877684 0.328256 0.885854 0.335084 0.893091 0.338936 0.902894 0.346113 0.928571 0.360294 0.931839 0.360994 0.935341 0.360644 0.975023 0.343312 0.989262 0.338410 0.999767 0.333859 0.999767 0.256653 0.997899 0.256653 0.985294 0.250350 0.975957 0.247374 0.966620 0.245798 0.959851 0.242822 0.938842 0.239496 0.914332 0.238445 0.904295 0.240021 0.883987 0.247199 0.877918 0.253501 0.867880 0.258929 0.859010 0.272584 0.856443 0.279412 0.856209 0.287990
1 0.748366 0.331583 0.748366 0.335084 0.751167 0.338410 0.755602 0.339286 0.758870 0.341912 0.762838 0.343487 0.775444 0.351190 0.784547 0.358368 0.794818 0.369048 0.799486 0.377101 0.802754 0.386029 0.802988 0.403186 0.801120 0.407563 0.801354 0.411415 0.807890 0.411940 0.810458 0.411239 0.834967 0.409664 0.845705 0.409839 0.866013 0.411765 0.893324 0.418417 0.897993 0.417892 0.899160 0.414916 0.898926 0.411415 0.896592 0.403186 0.897526 0.396008 0.901027 0.387080 0.906863 0.379027 0.918301 0.369748 0.924837 0.366246 0.926704 0.362745 0.915966 0.354167 0.900560 0.345763 0.894258 0.341036 0.879085 0.332458 0.862045 0.328782 0.859711 0.327206 0.855509 0.325980 0.842204 0.324405 0.809757 0.323529 0.788796 0.325280 0.773109 0.325805 0.758403 0.327731 0.754902 0.329482 0.749300 0.330882 0.748366 0.331583
1 0.898926 0.397409 0.898926 0.400910 0.901027 0.411765 0.902661 0.415791 0.907563 0.417542 0.908497 0.421744 0.909430 0.422444 0.922035 0.429272 0.953081 0.450630 0.956583 0.452031 0.977124 0.454482 0.991597 0.455357 0.999767 0.454832 0.999767 0.335959 0.998133 0.335959 0.984127 0.340861 0.979225 0.343312 0.959617 0.350140 0.933940 0.362220 0.925070 0.368172 0.921102 0.369573 0.919234 0.371674 0.911298 0.376576 0.904762 0.383578 0.900794 0.392332 0.898926 0.397409
1 0.957750 0.456583 0.960784 0.459384 0.964519 0.466036 0.971522 0.484419 0.972923 0.494748 0.972456 0.502276 0.968021 0.514531 0.964753 0.519783 0.959150 0.526085 0.949813 0.533789 0.940710 0.536415 0.935341 0.541317 0.931606 0.543242 0.929272 0.543417 0.928338 0.545518 0.925303 0.546744 0.928571 0.546919 0.931606 0.548319 0.999767 0.551471 0.999767 0.456758 0.963585 0.453606 0.959851 0.453606 0.957983 0.455182 0.957750 0.456583
1 0.786181 0.307248 0.788982 0.314601 0.793184 0.318627 0.800420 0.322829 0.810924 0.322304 0.813959 0.322829 0.843137 0.323179 0.848506 0.324580 0.858777 0.325455 0.862979 0.325280 0.866246 0.323704 0.868347 0.321078 0.867414 0.313901 0.856443 0.292017 0.855509 0.287290 0.855742 0.282038 0.859010 0.270833 0.861345 0.266982 0.870215 0.255777 0.875350 0.252801 0.882120 0.244748 0.883287 0.241071 0.880252 0.237745 0.877218 0.238620 0.875117 0.238445 0.870448 0.237045 0.866246 0.233718 0.850607 0.255952 0.837302 0.269258 0.820962 0.281338 0.813959 0.284839 0.790383 0.300245 0.786415 0.304797 0.786181 0.307248
1 0.664332 0.324580 0.668301 0.326681 0.701914 0.326506 0.720121 0.329132 0.730859 0.332108 0.740196 0.333333 0.746265 0.333158 0.752568 0.330007 0.765406 0.327381 0.793884 0.324580 0.791550 0.319853 0.782446 0.313375 0.775444 0.309874 0.763305 0.310749 0.730859 0.317227 0.704949 0.316877 0.681839 0.311275 0.678805 0.311625 0.675537 0.313200 0.665266 0.321604 0.664332 0.324580
1 0.869281 0.230917 0.871615 0.233543 0.882586 0.235819 0.891690 0.235994 0.895425 0.237220 0.897526 0.238796 0.907796 0.236169 0.914799 0.236345 0.921335 0.235294 0.928805 0.236345 0.960784 0.236345 0.963585 0.236870 0.977591 0.235119 0.982960 0.233718 0.992764 0.233018 0.999767 0.231268 0.999767 0.122549 0.994865 0.121849 0.980392 0.122024 0.977124 0.123249 0.970121 0.122374 0.964753 0.123074 0.959851 0.125000 0.953548 0.125875 0.950747 0.125875 0.946078 0.123775 0.942110 0.124300 0.929972 0.126576 0.910831 0.133228 0.908030 0.133578 0.901027 0.136555 0.899860 0.140231 0.898926 0.151786 0.894958 0.165791 0.890289 0.175595 0.888189 0.184174 0.883520 0.193452 0.881653 0.200280 0.879318 0.203256 0.874883 0.213761 0.872549 0.216912 0.869048 0.226190 0.869281 0.230917
1 0.837302 0.088410 0.838469 0.089286 0.843604 0.090161 0.853875 0.090161 0.867647 0.092962 0.880019 0.097864 0.886088 0.102416 0.892157 0.105567 0.895892 0.109594 0.894958 0.113095 0.898693 0.123950 0.899393 0.129902 0.901027 0.133053 0.904295 0.134104 0.908030 0.132703 0.914799 0.131653 0.932540 0.125350 0.948880 0.122374 0.960317 0.122724 0.969188 0.121148 0.973623 0.121674 0.984827 0.121148 0.999767 0.119398 0.999767 0.025035 0.994398 0.024335 0.991363 0.025560 0.982260 0.026611 0.970355 0.029237 0.921802 0.043242 0.912698 0.047969 0.880719 0.059874 0.874416 0.063200 0.869514 0.067227 0.860644 0.069678 0.842204 0.082283 0.839169 0.085084 0.837302 0.088410
1 0.805089 0.022409 0.808357 0.032913 0.812558 0.036590 0.815126 0.043242 0.822129 0.053571 0.824463 0.054797 0.828198 0.058648 0.834034 0.061450 0.855509 0.067227 0.859244 0.067402 0.866713 0.065651 0.879085 0.059174 0.916200 0.044818 0.918301 0.043417 0.925537 0.041667 0.939309 0.036590 0.954949 0.033088 0.965453 0.029762 0.981092 0.026786 0.984360 0.025035 0.989262 0.025735 0.992764 0.024860 0.997199 0.022409 0.998366 0.021008 0.999767 0.021008 0.999767 0.000000 0.809524 0.000000 0.804622 0.014356 0.805089 0.022409
1 0.722222 0.040441 0.725023 0.044643 0.727358 0.051120 0.730159 0.055847 0.738796 0.061625 0.747899 0.065126 0.762372 0.062850 0.779879 0.057598 0.789683 0.055672 0.816060 0.053922 0.816760 0.050245 0.813492 0.047094 0.813259 0.043242 0.814659 0.039741 0.808123 0.032038 0.803922 0.018908 0.804388 0.012080 0.808123 0.000000 0.760271 0.000000 0.760271 0.001926 0.757236 0.007178 0.748833 0.018032 0.732026 0.031688 0.722923 0.036590 0.722456 0.037990 0.722222 0.040441
1 0.599440 0.000000 0.599440 0.001576 0.609244 0.003326 0.631186 0.011380 0.644958 0.019608 0.654295 0.027136 0.660598 0.030287 0.675303 0.040266 0.682306 0.042892 0.686508 0.043417 0.693978 0.041317 0.699113 0.039041 0.717087 0.037290 0.726891 0.033613 0.735528 0.028186 0.746732 0.019258 0.752101 0.012955 0.758637 0.001576 0.758637 0.000000 0.599440 0.000000
1 0.000000 0.203957 0.000000 0.292017 0.008170 0.294818 0.008637 0.296744 0.012138 0.297269 0.013772 0.300070 0.019608 0.303571 0.020308 0.300420 0.015873 0.293242 0.011204 0.275035 0.012605 0.268032 0.023109 0.252451 0.035247 0.242822 0.042717 0.239146 0.057656 0.234069 0.060691 0.233894 0.071895 0.230567 0.089169 0.227241 0.085201 0.223915 0.082866 0.223039 0.039216 0.213936 0.016106 0.205882 0.004202 0.203081 0.000000 0.203957
1 0.440476 0.428922 0.442344 0.432248 0.444911 0.442752 0.449813 0.446779 0.452614 0.454482 0.459150 0.463235 0.466853 0.470588 0.480159 0.479692 0.494164 0.486345 0.508870 0.491947 0.529412 0.497199 0.554155 0.499125 0.596639 0.496674 0.624183 0.492647 0.640523 0.487395 0.644258 0.487395 0.672035 0.478116 0.676937 0.475490 0.686508 0.472689 0.693511 0.469538 0.697946 0.464986 0.699346 0.462360 0.700747 0.452556 0.702848 0.447829 0.707283 0.445378 0.712418 0.439951 0.724090 0.432073 0.733660 0.426996 0.744164 0.424020 0.750700 0.420868 0.759337 0.419468 0.779412 0.414391 0.797152 0.411765 0.800420 0.407563 0.802288 0.398109 0.802521 0.390581 0.801354 0.383754 0.798319 0.376225 0.794351 0.369398 0.787815 0.362220 0.778945 0.354342 0.768908 0.347689 0.755369 0.340511 0.741130 0.334559 0.713585 0.328782 0.697012 0.327381 0.668067 0.327206 0.651494 0.328957 0.626751 0.334209 0.595005 0.343487 0.586601 0.346989 0.578198 0.351541 0.559991 0.363796 0.540850 0.372549 0.536415 0.373599 0.525677 0.378326 0.511438 0.383053 0.508637 0.384979 0.498133 0.386555 0.495798 0.388130 0.490430 0.390056 0.489262 0.391807 0.484594 0.393382 0.480392 0.393207 0.477824 0.394258 0.473856 0.394258 0.463585 0.397584 0.462418 0.398634 0.452848 0.401261 0.447246 0.404587 0.442577 0.411064 0.440243 0.419643 0.440476 0.428922