0 0.238095 0.713936 0.242764 0.727416 0.247199 0.735294 0.256303 0.748249 0.264472 0.763130 0.268207 0.766457 0.272409 0.772234 0.278478 0.777836 0.282446 0.779412 0.288282 0.784139 0.292717 0.786239 0.300420 0.791492 0.346405 0.804972 0.352146 0.805369 0.359944 0.806548 0.366480 0.807073 0.370682 0.808824 0.387021 0.810224 0.390523 0.811099 0.396511 0.812372 0.397679 0.812810 0.398459 0.812325 0.404762 0.811099 0.424837 0.813375 0.447012 0.813550 0.456053 0.813248 0.459851 0.813200 0.492063 0.813200 0.498133 0.812325 0.506069 0.812675 0.512372 0.811625 0.516573 0.810049 0.531746 0.808473 0.539916 0.806373 0.543184 0.806197 0.552754 0.803221 0.560691 0.802696 0.570495 0.799895 0.588469 0.796394 0.616713 0.785014 0.622316 0.781863 0.631653 0.778361 0.636555 0.775035 0.644725 0.771008 0.654295 0.764181 0.672502 0.748249 0.680906 0.735644 0.689076 0.720938 0.694211 0.706583 0.697712 0.689251 0.700514 0.661239 0.699113 0.655287 0.699113 0.642682 0.697479 0.630427 0.696078 0.622549 0.693044 0.612920 0.683007 0.592087 0.672035 0.577206 0.657563 0.566176 0.651261 0.563025 0.637021 0.558473 0.623249 0.556197 0.612045 0.556022 0.549486 0.558824 0.539449 0.560224 0.490663 0.563200 0.445845 0.568978 0.418301 0.574580 0.394024 0.580707 0.373016 0.589286 0.367880 0.590161 0.363912 0.592262 0.359244 0.592787 0.352007 0.595413 0.345472 0.600140 0.334734 0.605567 0.327731 0.607493 0.321895 0.610644 0.306956 0.621849 0.303688 0.623074 0.292017 0.630952 0.285948 0.633929 0.278711 0.641106 0.266807 0.650385 0.257470 0.661064 0.244865 0.679272 0.241830 0.686099 0.238095 0.699930 0.238095 0.713936
0 0.150327 0.452031 0.151027 0.467087 0.156162 0.481968 0.161298 0.491246 0.175070 0.504727 0.184641 0.512080 0.192344 0.516282 0.197246 0.517507 0.199580 0.519258 0.209851 0.522759 0.219655 0.524860 0.226891 0.527311 0.237395 0.529062 0.247432 0.529937 0.263072 0.529587 0.264939 0.530287 0.276377 0.529762 0.279645 0.530287 0.302754 0.527836 0.307656 0.528186 0.316293 0.526261 0.336368 0.523459 0.352708 0.520133 0.359244 0.517682 0.381419 0.512080 0.411765 0.500525 0.433240 0.491246 0.443744 0.485644 0.448179 0.482143 0.459851 0.476716 0.465686 0.472864 0.476657 0.464286 0.485761 0.455707 0.487395 0.453081 0.491597 0.450105 0.499300 0.440651 0.512138 0.422269 0.517507 0.411239 0.518441 0.407563 0.519608 0.399860 0.519608 0.382178 0.514472 0.348389 0.511204 0.335084 0.509337 0.331933 0.506303 0.321429 0.496032 0.307423 0.484127 0.300770 0.477591 0.299370 0.466853 0.298494 0.440243 0.297444 0.430906 0.297794 0.400794 0.300420 0.390990 0.302346 0.386788 0.304272 0.369981 0.306723 0.358310 0.310924 0.355275 0.311275 0.343137 0.315476 0.333567 0.317927 0.320495 0.319853 0.291550 0.326506 0.283380 0.329307 0.275677 0.330357 0.266340 0.333158 0.246965 0.340161 0.238095 0.345588 0.227358 0.350490 0.215920 0.356968 0.207049 0.362395 0.185574 0.379902 0.171102 0.395133 0.168768 0.400560 0.160598 0.413515 0.151727 0.441877 0.150327 0.452031
1 0.001867 0.945728 0.000000 0.946078 0.000000 0.999825 0.317227 0.999825 0.317227 0.998249 0.320261 0.996674 0.328431 0.985644 0.332166 0.978466 0.343838 0.949230 0.346872 0.938200 0.349440 0.932598 0.350373 0.925595 0.352474 0.921744 0.354108 0.908088 0.354108 0.889881 0.352241 0.876401 0.349440 0.869573 0.345938 0.863971 0.336601 0.852416 0.331232 0.848389 0.327731 0.846814 0.317694 0.838936 0.295285 0.828081 0.286648 0.825630 0.262372 0.822654 0.249066 0.822654 0.217787 0.825805 0.210317 0.827906 0.206116 0.828081 0.185341 0.832633 0.158030 0.841387 0.118814 0.857668 0.088002 0.874650 0.073296 0.884279 0.067460 0.886380 0.047619 0.898985 0.032213 0.911590 0.024977 0.919818 0.017507 0.925245 0.015873 0.927871 0.011671 0.931723 0.008870 0.936099 0.004902 0.939251 0.001867 0.945728
1 0.002334 0.787465 0.000000 0.787990 0.000000 0.939951 0.001634 0.939951 0.005369 0.937325 0.015173 0.924545 0.033847 0.909664 0.037115 0.905637 0.046452 0.898459 0.053221 0.894433 0.056956 0.890931 0.066993 0.884979 0.074463 0.882703 0.083333 0.875525 0.095238 0.869573 0.105042 0.862920 0.114613 0.857843 0.130019 0.852241 0.153828 0.841387 0.157796 0.840686 0.167600 0.836485 0.175070 0.834734 0.179038 0.832983 0.181606 0.831232 0.182540 0.826681 0.181606 0.818102 0.181839 0.807073 0.174603 0.795168 0.171569 0.786415 0.161531 0.770133 0.156629 0.758578 0.151261 0.754552 0.144258 0.752801 0.133754 0.752276 0.124183 0.749650 0.116013 0.749475 0.102007 0.750175 0.084967 0.753501 0.067460 0.758228 0.059290 0.761204 0.028245 0.774160 0.004202 0.785714 0.002334 0.787465
1 0.621148 0.919993 0.619514 0.928396 0.619748 0.958859 0.624183 0.987745 0.626984 0.999825 0.953782 0.999825 0.955415 0.995098 0.955182 0.976891 0.954015 0.960084 0.951447 0.946078 0.933707 0.897584 0.913632 0.855742 0.905929 0.842087 0.890289 0.820553 0.877218 0.806548 0.856909 0.786940 0.837768 0.771534 0.824463 0.767157 0.818161 0.766106 0.795985 0.766632 0.755135 0.775560 0.731092 0.784664 0.704482 0.799720 0.692344 0.808473 0.683940 0.813200 0.663866 0.828957 0.649160 0.845413 0.632820 0.873950 0.624416 0.896884 0.621148 0.911765 0.621148 0.919993
1 0.235761 0.241947 0.236695 0.248950 0.240196 0.260329 0.244164 0.268908 0.249300 0.276786 0.263539 0.291141 0.272176 0.297269 0.286181 0.305672 0.313959 0.316352 0.319561 0.316877 0.331699 0.316176 0.337535 0.314076 0.345472 0.312675 0.366246 0.305847 0.380019 0.303046 0.387488 0.302346 0.400093 0.298845 0.411531 0.298319 0.418067 0.296569 0.448973 0.295868 0.461485 0.297269 0.476424 0.297619 0.486928 0.300070 0.497199 0.306548 0.501167 0.310399 0.505135 0.316176 0.508637 0.317577 0.512138 0.317927 0.516573 0.315476 0.518908 0.315651 0.521242 0.314076 0.525910 0.313025 0.534781 0.308123 0.542017 0.304972 0.547152 0.303746 0.560691 0.296919 0.563259 0.293417 0.566527 0.291317 0.586134 0.270308 0.590803 0.262780 0.593371 0.256127 0.594771 0.246674 0.595005 0.237745 0.590570 0.223739 0.580999 0.209909 0.576797 0.206933 0.574930 0.204307 0.565126 0.196078 0.557890 0.192752 0.553688 0.189426 0.545285 0.185924 0.539916 0.182598 0.533147 0.180322 0.508870 0.174195 0.470588 0.169818 0.427404 0.170168 0.369048 0.173319 0.357376 0.175420 0.321195 0.177171 0.295985 0.180322 0.278945 0.187325 0.262138 0.196254 0.243697 0.214811 0.238796 0.223739 0.235994 0.234244 0.235761 0.241947
1 0.350607 0.810749 0.352241 0.814251 0.358543 0.821254 0.360411 0.825280 0.367414 0.834034 0.375817 0.847164 0.387021 0.862220 0.393091 0.867122 0.408730 0.875000 0.416433 0.876751 0.425770 0.881303 0.435574 0.884104 0.458917 0.888305 0.483894 0.890581 0.490663 0.892857 0.495565 0.892682 0.501634 0.893732 0.529645 0.894083 0.558824 0.889706 0.560691 0.890056 0.573529 0.886555 0.600607 0.881127 0.630019 0.870973 0.634921 0.866422 0.646125 0.846639 0.659897 0.830882 0.666667 0.824405 0.687442 0.808824 0.717554 0.790266 0.735528 0.781162 0.744865 0.777661 0.767974 0.770833 0.776144 0.769433 0.779412 0.767857 0.782913 0.767682 0.796685 0.763655 0.798553 0.758228 0.801120 0.755252 0.803922 0.748424 0.804388 0.737745 0.802754 0.731443 0.796919 0.720588 0.786415 0.709209 0.761905 0.692577 0.732726 0.681022 0.717320 0.677871 0.710551 0.677171 0.707516 0.677521 0.703081 0.679272 0.701214 0.682073 0.701681 0.691702 0.697946 0.695903 0.696779 0.705707 0.693744 0.713060 0.692110 0.720238 0.684874 0.734244 0.678805 0.740896 0.674837 0.748249 0.668534 0.755252 0.654918 0.766165 0.640523 0.775210 0.633520 0.779062 0.599907 0.793417 0.584967 0.798669 0.571195 0.801296 0.567227 0.802696 0.557890 0.803746 0.539449 0.808648 0.526377 0.810924 0.519141 0.811275 0.512138 0.813025 0.496499 0.814601 0.466620 0.815126 0.461951 0.814426 0.446078 0.815476 0.436741 0.814776 0.424837 0.815126 0.411531 0.813375 0.396825 0.813725 0.390289 0.813025 0.360177 0.808123 0.355509 0.808473 0.351541 0.810049 0.350607 0.810749
1 0.260971 0.626751 0.262138 0.630077 0.261671 0.634104 0.262838 0.644083 0.264006 0.647409 0.265640 0.648109 0.267974 0.646008 0.271475 0.644433 0.277544 0.639006 0.295518 0.625875 0.300420 0.623599 0.323763 0.607843 0.328198 0.606793 0.341970 0.599965 0.348973 0.595588 0.359711 0.591562 0.363679 0.590861 0.378852 0.585084 0.420401 0.572654 0.449580 0.567227 0.453315 0.567402 0.487395 0.562675 0.512372 0.560749 0.523109 0.560749 0.546218 0.557773 0.565359 0.557248 0.571895 0.556373 0.581466 0.556548 0.585901 0.555322 0.598739 0.554272 0.616713 0.554622 0.621382 0.553396 0.623016 0.552171 0.623483 0.550070 0.622082 0.547444 0.621849 0.543067 0.614146 0.528186 0.609244 0.522584 0.605509 0.519958 0.602007 0.515231 0.590570 0.508053 0.581466 0.503501 0.573296 0.500875 0.564192 0.498950 0.539916 0.496499 0.498133 0.494923 0.484127 0.495623 0.480159 0.496499 0.464052 0.497024 0.453782 0.498775 0.449113 0.498599 0.443044 0.500000 0.432306 0.498950 0.421569 0.499650 0.389122 0.510854 0.383053 0.513655 0.376751 0.515056 0.362278 0.521183 0.352241 0.522234 0.348973 0.523810 0.338469 0.525210 0.330999 0.528536 0.319639 0.538107 0.313259 0.541842 0.309290 0.545168 0.295285 0.557948 0.290616 0.563375 0.286181 0.571078 0.282680 0.574055 0.279879 0.579307 0.274743 0.584909 0.271942 0.589811 0.270075 0.595588 0.267740 0.598915 0.261204 0.619748 0.260971 0.626751
1 0.901961 0.197802 0.900794 0.202381 0.900327 0.211134 0.897759 0.220413 0.898226 0.227416 0.902194 0.235644 0.906162 0.241071 0.914799 0.248424 0.921802 0.251225 0.927871 0.255252 0.938375 0.259454 0.945378 0.260854 0.968021 0.261730 0.984827 0.259629 0.995565 0.256303 0.998133 0.253852 0.999767 0.253852 0.999767 0.023634 0.993464 0.024860 0.973856 0.037115 0.969655 0.038340 0.959384 0.046919 0.950280 0.053221 0.935574 0.066352 0.921802 0.085084 0.920868 0.088585 0.909664 0.106793 0.907563 0.112920 0.905696 0.122724 0.905929 0.142274 0.902428 0.160364 0.901961 0.197802
1 0.672502 0.057423 0.673203 0.070378 0.675537 0.084909 0.679972 0.098915 0.687908 0.116422 0.699580 0.132178 0.712185 0.144258 0.720822 0.150735 0.727124 0.157388 0.744865 0.169118 0.752334 0.171218 0.755836 0.172969 0.769374 0.175770 0.781746 0.177171 0.797619 0.177871 0.818161 0.176821 0.823529 0.175945 0.838936 0.172444 0.848273 0.167017 0.854575 0.164916 0.889589 0.144433 0.891457 0.137955 0.894258 0.101015 0.894258 0.091737 0.890990 0.067577 0.888889 0.064426 0.888189 0.053922 0.885854 0.048669 0.883754 0.036415 0.880252 0.025560 0.873249 0.014356 0.866947 0.007178 0.861111 0.002276 0.860177 0.000000 0.696078 0.000000 0.696078 0.001576 0.688375 0.007878 0.683240 0.015581 0.674837 0.032738 0.673669 0.040091 0.672502 0.057423
1 0.619981 0.096113 0.622082 0.108543 0.621849 0.116246 0.620448 0.126401 0.620682 0.136380 0.619514 0.149685 0.617647 0.158438 0.613212 0.169643 0.606209 0.179622 0.599440 0.187850 0.582633 0.201856 0.581933 0.202906 0.582400 0.206758 0.593604 0.224440 0.598039 0.237395 0.599673 0.248074 0.613912 0.257178 0.624883 0.265931 0.632820 0.271183 0.638189 0.277836 0.645658 0.284489 0.651494 0.291667 0.664799 0.317577 0.668067 0.319678 0.671102 0.318978 0.675303 0.319328 0.682073 0.320903 0.684874 0.322654 0.689542 0.323880 0.692577 0.324230 0.696312 0.323004 0.700280 0.323529 0.706349 0.322654 0.709851 0.320728 0.716853 0.320028 0.724090 0.314076 0.728525 0.311625 0.735528 0.305847 0.739729 0.300420 0.743231 0.298669 0.746265 0.296043 0.756303 0.269608 0.758170 0.262080 0.759104 0.241071 0.756069 0.216562 0.747666 0.196604 0.732026 0.168242 0.728992 0.165266 0.726657 0.161415 0.718954 0.154412 0.714753 0.151611 0.694444 0.130777 0.679038 0.103291 0.675303 0.098915 0.657096 0.090511 0.644258 0.087885 0.637021 0.087535 0.630019 0.088060 0.623016 0.090336 0.620915 0.091912 0.619981 0.096113
1 0.516807 0.345238 0.516807 0.349265 0.517974 0.352416 0.522876 0.383228 0.521709 0.405287 0.519374 0.412465 0.514706 0.421919 0.505369 0.436275 0.499533 0.443627 0.494631 0.446078 0.493231 0.450455 0.487862 0.454482 0.485528 0.458683 0.480859 0.461660 0.476657 0.467087 0.475724 0.470413 0.490196 0.472689 0.502334 0.471814 0.563725 0.471113 0.591036 0.466737 0.599206 0.466387 0.602708 0.467087 0.605509 0.466036 0.623716 0.465511 0.635154 0.463936 0.643091 0.461660 0.651261 0.460434 0.675070 0.452031 0.686508 0.445903 0.692577 0.439251 0.694444 0.435224 0.694911 0.425245 0.692577 0.415966 0.686975 0.404762 0.676704 0.390756 0.657796 0.374125 0.647292 0.370098 0.634921 0.361695 0.607610 0.350665 0.592670 0.346989 0.588002 0.345063 0.570728 0.341036 0.553688 0.335609 0.529645 0.331408 0.525910 0.329832 0.518674 0.329132 0.514939 0.327906 0.513305 0.328782 0.512138 0.331232 0.516807 0.345238
1 0.516106 0.323880 0.514472 0.324580 0.518908 0.325630 0.524510 0.328606 0.536181 0.330532 0.552521 0.334559 0.590803 0.345063 0.608077 0.350490 0.637722 0.361695 0.644258 0.366246 0.647292 0.367122 0.651261 0.366246 0.661531 0.358193 0.663165 0.355742 0.665733 0.342262 0.664799 0.334909 0.661998 0.327381 0.658964 0.312500 0.654528 0.301471 0.650327 0.293768 0.647526 0.289741 0.638889 0.282213 0.633754 0.276085 0.626517 0.269608 0.616013 0.261905 0.598973 0.251401 0.595238 0.253852 0.589869 0.267682 0.587535 0.271359 0.567460 0.293242 0.559757 0.297794 0.556489 0.300595 0.544118 0.306898 0.535481 0.309874 0.529879 0.313025 0.526144 0.314251 0.520308 0.317227 0.517507 0.320028 0.516106 0.323880
1 0.738095 0.171919 0.741130 0.179097 0.744398 0.183473 0.746265 0.189776 0.751634 0.201155 0.755369 0.206933 0.757703 0.212885 0.759337 0.220938 0.760971 0.238270 0.761204 0.252363 0.758170 0.271884 0.753501 0.285714 0.753968 0.289566 0.758403 0.294118 0.764939 0.297794 0.772409 0.300595 0.775910 0.300770 0.779178 0.301996 0.796919 0.301471 0.813959 0.297619 0.820962 0.293943 0.832166 0.290091 0.854575 0.275910 0.868581 0.262080 0.869748 0.259454 0.884921 0.241422 0.889356 0.234594 0.891690 0.229517 0.893091 0.222864 0.896825 0.195028 0.896125 0.164566 0.894958 0.154062 0.892857 0.147234 0.890756 0.145308 0.886321 0.146709 0.872782 0.156688 0.862745 0.160714 0.844071 0.171919 0.828431 0.176646 0.821429 0.177871 0.797852 0.179097 0.786648 0.181022 0.777544 0.181197 0.772642 0.178221 0.765406 0.177171 0.756769 0.174195 0.744865 0.171218 0.740430 0.170868 0.738562 0.171394 0.738095 0.171919
1 0.781513 0.317402 0.785948 0.331408 0.789683 0.333508 0.798786 0.346989 0.807190 0.355392 0.820728 0.362920 0.834734 0.367472 0.844771 0.369573 0.849673 0.369223 0.855742 0.370098 0.862745 0.365896 0.875812 0.355936 0.881886 0.347864 0.884220 0.347339 0.887722 0.348389 0.891457 0.348389 0.893791 0.347864 0.897526 0.345238 0.913165 0.325630 0.919234 0.310749 0.924837 0.290616 0.928338 0.265581 0.927171 0.258578 0.910598 0.248775 0.894024 0.232843 0.873483 0.255252 0.869748 0.262080 0.862278 0.269958 0.856443 0.275560 0.845238 0.283263 0.831466 0.291317 0.825397 0.293242 0.816993 0.297619 0.800420 0.301646 0.786181 0.302871 0.783847 0.303746 0.781279 0.306022 0.781513 0.317402
1 0.401494 0.133578 0.403361 0.149335 0.407563 0.164916 0.411998 0.168242 0.420168 0.168768 0.440710 0.167542 0.467554 0.167892 0.479925 0.169468 0.491130 0.169818 0.502101 0.171394 0.525677 0.176646 0.538749 0.180847 0.564659 0.194678 0.569328 0.198004 0.571195 0.200805 0.574930 0.201681 0.578198 0.200980 0.585668 0.196078 0.588235 0.195203 0.598973 0.185924 0.610177 0.172094 0.613445 0.164391 0.616480 0.154237 0.618114 0.141807 0.618581 0.106618 0.617647 0.098739 0.615313 0.092087 0.606443 0.077731 0.599673 0.068627 0.581933 0.056723 0.567694 0.048669 0.562325 0.047094 0.559057 0.044818 0.542250 0.038866 0.517274 0.028011 0.515640 0.025735 0.514472 0.026786 0.511905 0.027311 0.505135 0.026436 0.501634 0.025210 0.498366 0.025910 0.494865 0.022934 0.487395 0.022934 0.482726 0.023985 0.476424 0.024160 0.466620 0.022059 0.456349 0.022409 0.454715 0.024335 0.449580 0.026611 0.445845 0.029237 0.442577 0.033438 0.439309 0.034139 0.431606 0.040266 0.428105 0.043417 0.423203 0.050245 0.413866 0.072304 0.407563 0.091737 0.401727 0.119223 0.401494 0.133578