1 0.157563 0.240371 0.158263 0.244573 0.160831 0.250000 0.167367 0.258929 0.185574 0.276085 0.192344 0.280287 0.210317 0.288340 0.230159 0.292542 0.238095 0.292367 0.242764 0.285189 0.256069 0.272059 0.269141 0.262430 0.291317 0.249475 0.295985 0.244748 0.294118 0.236345 0.291783 0.230917 0.285481 0.224265 0.280345 0.217262 0.275910 0.213761 0.271475 0.212360 0.268674 0.210259 0.259570 0.206232 0.250000 0.202731 0.244398 0.201856 0.238095 0.199580 0.227824 0.197304 0.223623 0.197304 0.220355 0.195728 0.215453 0.195728 0.209150 0.194678 0.199813 0.195203 0.185107 0.199055 0.178338 0.202031 0.169935 0.208683 0.163632 0.215511 0.160831 0.220413 0.158497 0.230392 0.157563 0.240371
0 0.239963 0.296744 0.241130 0.299895 0.248599 0.307423 0.255135 0.311450 0.258170 0.312325 0.260971 0.314426 0.271942 0.319853 0.279412 0.322479 0.293417 0.325805 0.316060 0.327731 0.338702 0.326681 0.347339 0.325455 0.352241 0.323880 0.356209 0.324230 0.359244 0.323704 0.381419 0.315826 0.397526 0.312325 0.411765 0.311800 0.415266 0.312675 0.425303 0.311450 0.446312 0.299720 0.456583 0.294643 0.466387 0.290966 0.487395 0.278711 0.497666 0.270833 0.506769 0.260329 0.511438 0.251225 0.511438 0.237745 0.507003 0.230567 0.503735 0.227591 0.501167 0.222164 0.493464 0.216912 0.480626 0.213761 0.457283 0.210609 0.435341 0.210084 0.408263 0.211485 0.376517 0.217087 0.360644 0.222514 0.352474 0.224090 0.329132 0.233193 0.320728 0.235644 0.293651 0.248775 0.283147 0.255777 0.276611 0.258403 0.272409 0.261029 0.257003 0.271884 0.244631 0.283964 0.240196 0.292017 0.239963 0.296744
1 0.289216 0.196604 0.290149 0.203256 0.291783 0.207458 0.301587 0.223564 0.306022 0.229342 0.311158 0.234244 0.310924 0.235819 0.306489 0.237745 0.307190 0.238620 0.310458 0.238270 0.311391 0.237220 0.317694 0.236169 0.326564 0.232843 0.331699 0.231793 0.357376 0.221989 0.399860 0.211660 0.415266 0.209384 0.419935 0.206583 0.420868 0.188725 0.425303 0.165616 0.424603 0.158088 0.419701 0.147234 0.412698 0.139006 0.405229 0.133403 0.395892 0.128852 0.383520 0.124825 0.376284 0.123599 0.369981 0.123599 0.358543 0.124475 0.350840 0.126225 0.324930 0.139531 0.316527 0.146008 0.303221 0.161940 0.292017 0.182073 0.289683 0.189251 0.289216 0.196604
1 0.069328 0.349790 0.070728 0.362395 0.073529 0.369223 0.078198 0.375000 0.081466 0.376225 0.091270 0.376926 0.102241 0.376401 0.111811 0.377101 0.116480 0.376751 0.121615 0.377626 0.128618 0.380952 0.137021 0.383754 0.144958 0.388305 0.151961 0.393557 0.159897 0.403711 0.161531 0.408088 0.163399 0.409314 0.171802 0.411415 0.175303 0.411239 0.210784 0.415091 0.216853 0.416317 0.255369 0.415966 0.262838 0.414041 0.269608 0.404412 0.273810 0.396359 0.290149 0.377451 0.294818 0.370973 0.304155 0.362920 0.303688 0.359244 0.301120 0.354867 0.291550 0.344888 0.276611 0.334734 0.263539 0.327381 0.254202 0.323704 0.241130 0.319853 0.212885 0.314251 0.196078 0.312675 0.175070 0.312325 0.134454 0.315126 0.106443 0.320028 0.092204 0.323880 0.078431 0.332458 0.073529 0.337010 0.070028 0.343662 0.069328 0.349790
0 0.018207 0.453606 0.020542 0.459559 0.020775 0.466912 0.029645 0.476015 0.034547 0.484244 0.039683 0.487045 0.043417 0.491246 0.047152 0.492297 0.054155 0.495973 0.063725 0.498599 0.087068 0.498775 0.091503 0.498074 0.102941 0.492647 0.117414 0.483718 0.143791 0.471113 0.151727 0.465511 0.155929 0.457108 0.160598 0.442752 0.162698 0.421218 0.160131 0.406688 0.154062 0.397234 0.147292 0.390581 0.137021 0.384454 0.127918 0.381653 0.123483 0.379202 0.100373 0.377276 0.091503 0.377276 0.084734 0.378326 0.067694 0.384454 0.049953 0.395308 0.039216 0.403711 0.023810 0.424720 0.021475 0.428746 0.018207 0.438725 0.018207 0.453606
1 0.047619 0.565301 0.050187 0.575630 0.054855 0.585084 0.061858 0.591912 0.068394 0.596639 0.077731 0.600315 0.095005 0.603992 0.116713 0.603291 0.126284 0.602066 0.140289 0.598739 0.165266 0.590861 0.174603 0.586660 0.181606 0.585434 0.192810 0.580707 0.196078 0.575455 0.198413 0.567577 0.205415 0.552871 0.216387 0.538340 0.232493 0.525385 0.242530 0.520308 0.245798 0.517682 0.254902 0.514006 0.257703 0.511905 0.259804 0.508228 0.258637 0.501751 0.255602 0.494398 0.247899 0.484244 0.243231 0.479517 0.230392 0.471289 0.222689 0.468312 0.220355 0.466387 0.194444 0.462535 0.186741 0.462185 0.180906 0.462535 0.164799 0.465686 0.153128 0.469013 0.134687 0.476366 0.126751 0.480917 0.114379 0.486345 0.091737 0.500000 0.072596 0.515056 0.062792 0.524510 0.052754 0.538866 0.048086 0.551646 0.047619 0.565301
0 0.187675 0.624825 0.191176 0.637780 0.196078 0.645308 0.201914 0.651261 0.206583 0.654937 0.210551 0.656513 0.213352 0.658789 0.223389 0.662640 0.237395 0.665791 0.244398 0.666667 0.254902 0.665441 0.265640 0.665091 0.283613 0.660889 0.293184 0.655287 0.310458 0.646709 0.330532 0.631127 0.339636 0.622549 0.360644 0.596113 0.380252 0.566001 0.386555 0.549895 0.387955 0.536239 0.380252 0.522759 0.368814 0.518032 0.364379 0.514356 0.359477 0.506478 0.355976 0.503852 0.338702 0.499475 0.327965 0.498424 0.311158 0.498424 0.296919 0.500175 0.276144 0.505952 0.253268 0.514881 0.229458 0.528711 0.216853 0.539041 0.208450 0.549195 0.198880 0.569503 0.188375 0.608193 0.187675 0.624825
0 0.353175 0.474440 0.354108 0.487745 0.359944 0.505077 0.364613 0.511905 0.369748 0.515231 0.374416 0.516457 0.376517 0.517857 0.390523 0.521183 0.401494 0.521534 0.418067 0.519608 0.444678 0.514181 0.463585 0.507528 0.474323 0.501751 0.479458 0.499825 0.500233 0.484419 0.523343 0.462535 0.543884 0.445028 0.570261 0.418417 0.573296 0.413165 0.581933 0.405112 0.584034 0.398459 0.588469 0.392507 0.591036 0.387080 0.593838 0.376751 0.593371 0.371324 0.594771 0.366422 0.594071 0.364846 0.591503 0.363270 0.591270 0.359769 0.588702 0.355917 0.585668 0.348564 0.574930 0.341036 0.560224 0.334384 0.547152 0.330182 0.530345 0.327906 0.514706 0.328782 0.512372 0.328256 0.503968 0.328431 0.484594 0.331933 0.454949 0.339811 0.438842 0.346639 0.425070 0.355742 0.402661 0.376225 0.385854 0.401085 0.383287 0.403536 0.364846 0.431548 0.358077 0.446078 0.353408 0.459384 0.353175 0.474440
1 0.262372 0.429272 0.260037 0.435574 0.260037 0.439251 0.263539 0.452381 0.272176 0.464286 0.282213 0.473214 0.292717 0.475490 0.300187 0.475665 0.312558 0.473564 0.324697 0.472689 0.345472 0.465686 0.351074 0.462010 0.352941 0.459734 0.356443 0.447479 0.366013 0.428221 0.377451 0.411064 0.380252 0.408263 0.388655 0.395658 0.398459 0.383228 0.403828 0.374475 0.424136 0.355742 0.428805 0.353116 0.432773 0.349615 0.439076 0.345763 0.450047 0.342087 0.450047 0.338585 0.446312 0.331583 0.442344 0.327556 0.429972 0.319678 0.419001 0.315301 0.408497 0.313025 0.400093 0.313200 0.394024 0.313901 0.389745 0.315301 0.386788 0.315301 0.362278 0.323529 0.331933 0.340861 0.306489 0.360994 0.296685 0.370973 0.285481 0.385154 0.279879 0.390756 0.268908 0.407038 0.262838 0.419118 0.262372 0.429272
1 0.502334 0.490896 0.503735 0.501401 0.505836 0.505252 0.506303 0.508403 0.509570 0.512255 0.512138 0.518908 0.515640 0.521534 0.522642 0.529237 0.530812 0.535189 0.539916 0.544468 0.542017 0.544993 0.543884 0.546919 0.553455 0.552171 0.556256 0.556197 0.559290 0.558473 0.581466 0.569678 0.588936 0.571254 0.605509 0.573179 0.626517 0.573354 0.629785 0.572304 0.635621 0.572479 0.657796 0.570728 0.675070 0.568277 0.682306 0.566001 0.688375 0.565476 0.697012 0.561975 0.706583 0.555672 0.710551 0.549720 0.713585 0.547094 0.717320 0.540266 0.720355 0.529587 0.720355 0.515231 0.717320 0.512080 0.716620 0.508578 0.713352 0.501576 0.704248 0.491246 0.692344 0.482318 0.676471 0.473564 0.645191 0.459559 0.632353 0.454832 0.626751 0.451856 0.619748 0.451331 0.616246 0.449755 0.613212 0.450630 0.611811 0.448471 0.611811 0.446254 0.609477 0.445203 0.602941 0.444328 0.598739 0.442577 0.592670 0.441527 0.569561 0.440476 0.557190 0.441352 0.546919 0.444503 0.522409 0.464986 0.506303 0.480567 0.502568 0.485994 0.502334 0.490896
1 0.388889 0.536415 0.389589 0.543592 0.387255 0.554097 0.381653 0.567577 0.382120 0.569853 0.384220 0.572304 0.386788 0.578081 0.392157 0.584384 0.410831 0.602941 0.430439 0.617472 0.439542 0.623249 0.444678 0.625525 0.457516 0.634454 0.480859 0.644958 0.500700 0.651261 0.510504 0.653186 0.529412 0.653186 0.531746 0.652311 0.534080 0.647934 0.535247 0.640056 0.537582 0.632878 0.544351 0.618172 0.551821 0.608543 0.566527 0.597339 0.574463 0.592787 0.575163 0.591562 0.572362 0.583333 0.568627 0.577731 0.557190 0.564426 0.552988 0.557423 0.542951 0.550420 0.512605 0.521884 0.491130 0.506828 0.480392 0.501050 0.476891 0.501751 0.456816 0.511380 0.434407 0.517857 0.407563 0.522059 0.398459 0.522759 0.388189 0.522234 0.385854 0.523284 0.384687 0.525910 0.388889 0.536415
1 0.212185 0.738095 0.214753 0.741947 0.229692 0.755427 0.249767 0.776085 0.255135 0.779412 0.258403 0.780112 0.260504 0.779062 0.279412 0.775560 0.293651 0.770133 0.316527 0.752451 0.329365 0.744048 0.334500 0.738971 0.341737 0.734244 0.347806 0.727241 0.348273 0.725315 0.353875 0.718312 0.357143 0.715161 0.358310 0.712710 0.361345 0.710434 0.364146 0.705357 0.366246 0.703957 0.382353 0.671919 0.382586 0.668067 0.384921 0.664741 0.387021 0.654587 0.388189 0.640581 0.386088 0.626576 0.380252 0.615896 0.377218 0.612920 0.373016 0.610644 0.366480 0.609769 0.352241 0.610294 0.348973 0.612395 0.340570 0.623424 0.323296 0.638480 0.310458 0.647409 0.299020 0.653711 0.284547 0.660539 0.275444 0.663866 0.262605 0.666141 0.257470 0.665791 0.248133 0.667367 0.238329 0.667367 0.236461 0.667892 0.230859 0.675595 0.223389 0.692577 0.221755 0.699930 0.219655 0.703431 0.215453 0.716737 0.212418 0.734419 0.212185 0.738095
1 0.354575 0.783088 0.355976 0.786239 0.356209 0.789566 0.359944 0.797269 0.362045 0.804097 0.365546 0.809349 0.369514 0.812325 0.400560 0.822129 0.407330 0.822654 0.417134 0.822304 0.429739 0.816702 0.432540 0.813901 0.440476 0.808824 0.451214 0.799545 0.459384 0.791141 0.467554 0.780812 0.476190 0.765756 0.484827 0.746324 0.492063 0.720938 0.493931 0.707633 0.494164 0.691702 0.493464 0.679097 0.491597 0.667542 0.484360 0.651786 0.479225 0.646359 0.462885 0.638305 0.449580 0.637605 0.439076 0.638480 0.423436 0.644083 0.417134 0.647234 0.414177 0.649802 0.407096 0.653361 0.395892 0.661415 0.378852 0.682073 0.362979 0.717787 0.355509 0.744748 0.354575 0.758228 0.354575 0.783088
0 0.354575 0.782038 0.356209 0.786239 0.356443 0.789741 0.360177 0.797444 0.362278 0.804447 0.364846 0.808473 0.369048 0.811625 0.373016 0.813375 0.388889 0.817577 0.400794 0.822129 0.415500 0.822479 0.422269 0.820378 0.429505 0.816702 0.441176 0.808298 0.451681 0.799195 0.467554 0.780637 0.476424 0.765231 0.483193 0.750525 0.492063 0.720938 0.493931 0.707283 0.493931 0.683999 0.491830 0.668417 0.484360 0.651436 0.478525 0.645833 0.463352 0.638305 0.453548 0.637430 0.439076 0.638130 0.432306 0.640056 0.415966 0.647409 0.414099 0.649510 0.406863 0.653186 0.395425 0.661415 0.383520 0.674895 0.378618 0.682248 0.371849 0.696429 0.359244 0.729867 0.358543 0.735119 0.355509 0.744923 0.354575 0.758228 0.354575 0.782038
0 0.533613 0.661590 0.538282 0.683648 0.542017 0.692927 0.546919 0.701155 0.549953 0.703957 0.553221 0.709909 0.558824 0.713235 0.560691 0.717087 0.564659 0.718312 0.565359 0.720238 0.568861 0.723564 0.574930 0.728116 0.578898 0.729692 0.588469 0.738095 0.590803 0.739146 0.632353 0.769608 0.661765 0.784139 0.682773 0.789041 0.695145 0.789391 0.707750 0.787465 0.720588 0.782913 0.728291 0.779237 0.739029 0.771008 0.748133 0.758929 0.750934 0.751576 0.753501 0.739496 0.753501 0.729692 0.752101 0.717787 0.750000 0.710084 0.742997 0.695553 0.734127 0.682773 0.718021 0.662815 0.692110 0.633578 0.672736 0.615021 0.650794 0.597689 0.633987 0.589636 0.623483 0.586660 0.618347 0.586310 0.605976 0.587360 0.581699 0.592262 0.566527 0.598389 0.556256 0.605742 0.549253 0.612745 0.544585 0.619748 0.540850 0.627101 0.536415 0.639531 0.534314 0.650735 0.533613 0.661590
0 0.672269 0.607843 0.675303 0.615896 0.678805 0.617997 0.682306 0.622899 0.696078 0.637255 0.700980 0.641282 0.702614 0.644258 0.716620 0.659489 0.718954 0.661064 0.722689 0.666492 0.730392 0.672794 0.738796 0.675070 0.750233 0.681022 0.765406 0.685574 0.768908 0.687500 0.781746 0.690826 0.799720 0.696779 0.845705 0.703431 0.852007 0.705007 0.877918 0.705357 0.887255 0.704832 0.904295 0.700630 0.911998 0.696779 0.914099 0.695028 0.922969 0.681898 0.928805 0.676996 0.935574 0.672794 0.938142 0.668592 0.939776 0.658789 0.939309 0.654587 0.936275 0.647409 0.926471 0.634104 0.913165 0.621499 0.892390 0.607318 0.874416 0.598039 0.859244 0.592087 0.852941 0.588761 0.824463 0.579307 0.800187 0.573880 0.768674 0.568803 0.745331 0.566877 0.741363 0.567402 0.729692 0.567052 0.716153 0.568102 0.699813 0.571954 0.687908 0.577906 0.681373 0.583333 0.678105 0.587360 0.674837 0.592087 0.673203 0.597689 0.672269 0.607843
1 0.709851 0.494748 0.713585 0.498074 0.715219 0.500875 0.716620 0.505077 0.719421 0.508578 0.721289 0.514881 0.721989 0.526436 0.719888 0.540441 0.718721 0.543242 0.719188 0.544818 0.721755 0.548319 0.730626 0.555672 0.734127 0.557598 0.741130 0.559874 0.744865 0.562325 0.752568 0.565126 0.811625 0.574930 0.834734 0.580357 0.848506 0.582108 0.855976 0.582283 0.859010 0.581232 0.884454 0.581933 0.897059 0.580707 0.916667 0.580182 0.943744 0.576331 0.957516 0.571954 0.962885 0.569153 0.968954 0.564251 0.972456 0.558999 0.975257 0.556373 0.979692 0.548669 0.982726 0.546218 0.984594 0.536590 0.983894 0.529237 0.975957 0.514706 0.968954 0.507353 0.958917 0.500000 0.951914 0.496499 0.942110 0.490196 0.915266 0.480042 0.904995 0.477416 0.899393 0.476891 0.893791 0.474090 0.880719 0.471989 0.834734 0.471639 0.817460 0.473039 0.814659 0.473915 0.807656 0.473564 0.792250 0.474440 0.786881 0.475665 0.779412 0.475490 0.752101 0.478817 0.732726 0.482843 0.720822 0.486870 0.713585 0.491422 0.709851 0.494748
0 0.695378 0.401261 0.699580 0.415091 0.702848 0.422619 0.707983 0.430497 0.714986 0.437675 0.736928 0.453606 0.749066 0.458683 0.758403 0.463936 0.782913 0.469363 0.787815 0.469888 0.796685 0.472339 0.816293 0.472339 0.832633 0.470938 0.870915 0.470763 0.887255 0.468838 0.901961 0.463060 0.914799 0.459209 0.931839 0.444853 0.936508 0.438550 0.940009 0.431197 0.941643 0.418417 0.936041 0.404062 0.927871 0.391982 0.915733 0.381303 0.907796 0.376225 0.894491 0.370623 0.888422 0.367297 0.873016 0.361345 0.852241 0.355217 0.829599 0.350665 0.800887 0.346113 0.776611 0.343662 0.760971 0.343312 0.752568 0.343838 0.744631 0.345238 0.716853 0.354692 0.706116 0.362745 0.700980 0.369573 0.698179 0.375875 0.694911 0.387080 0.695378 0.401261
1 0.663866 0.324055 0.664099 0.337010 0.662698 0.344013 0.654528 0.366071 0.655229 0.369748 0.661998 0.374125 0.678338 0.379027 0.684641 0.380252 0.692344 0.380077 0.696078 0.378326 0.701214 0.367297 0.704015 0.363620 0.710084 0.358543 0.757236 0.342962 0.769374 0.342612 0.795985 0.344888 0.810691 0.346814 0.829132 0.350315 0.836134 0.350490 0.838469 0.349615 0.852708 0.339636 0.860177 0.331933 0.864613 0.324580 0.866480 0.318627 0.866947 0.312325 0.866013 0.306548 0.862745 0.300245 0.859244 0.296218 0.849440 0.289041 0.843838 0.286415 0.831466 0.283263 0.824930 0.282388 0.803688 0.280637 0.770308 0.279587 0.740430 0.281338 0.721055 0.283964 0.710084 0.286415 0.690710 0.292717 0.676704 0.298669 0.664566 0.306197 0.660831 0.310399 0.663866 0.324055
1 0.566060 0.432248 0.567927 0.435749 0.570495 0.437850 0.595005 0.440651 0.619281 0.446779 0.625584 0.450455 0.676004 0.472339 0.693277 0.481968 0.706583 0.490721 0.709851 0.490896 0.713352 0.489321 0.732260 0.477591 0.735294 0.474615 0.741363 0.466036 0.743931 0.460434 0.740663 0.456408 0.736928 0.455007 0.714986 0.439426 0.705415 0.429272 0.698179 0.415091 0.694678 0.405112 0.693044 0.389531 0.691643 0.387080 0.692810 0.383578 0.681606 0.381127 0.654995 0.372724 0.651027 0.375350 0.650093 0.379902 0.645658 0.386380 0.634454 0.397584 0.629552 0.401436 0.621148 0.405637 0.614379 0.408088 0.599206 0.409839 0.595705 0.409139 0.592670 0.409489 0.590103 0.411940 0.588469 0.416842 0.584967 0.414566 0.582400 0.414391 0.580999 0.412815 0.578198 0.412465 0.572596 0.418067 0.567694 0.425245 0.566293 0.430847 0.566060 0.432248
1 0.538049 0.227591 0.540850 0.235294 0.542951 0.237395 0.560224 0.234594 0.574230 0.236520 0.596405 0.244223 0.619514 0.257178 0.623249 0.257353 0.630019 0.255427 0.639122 0.249650 0.652894 0.234594 0.665966 0.213585 0.670868 0.199405 0.673436 0.185924 0.672269 0.171569 0.666667 0.158088 0.657796 0.147234 0.650560 0.142157 0.637255 0.134454 0.630252 0.132003 0.623716 0.130952 0.613679 0.130777 0.601074 0.133228 0.595238 0.134629 0.583567 0.139881 0.569795 0.149335 0.559757 0.160189 0.554855 0.167017 0.549720 0.178396 0.548553 0.183648 0.543184 0.197304 0.538282 0.217087 0.538049 0.227591
1 0.422502 0.192227 0.423203 0.202556 0.424370 0.206583 0.425770 0.208333 0.432306 0.209559 0.457049 0.209909 0.470588 0.211134 0.487862 0.214111 0.497899 0.218137 0.503968 0.223389 0.512138 0.234769 0.515640 0.234769 0.530579 0.228817 0.534080 0.224440 0.545518 0.185224 0.547386 0.181898 0.549020 0.175770 0.548786 0.167892 0.545285 0.154412 0.540383 0.146534 0.537348 0.143382 0.521709 0.132528 0.512605 0.127801 0.503968 0.125350 0.498833 0.124650 0.490196 0.124475 0.477124 0.126401 0.467320 0.129377 0.458683 0.133228 0.449346 0.139181 0.441176 0.146359 0.434407 0.153711 0.429272 0.161239 0.425070 0.173494 0.423203 0.181898 0.422502 0.192227
1 0.652894 0.269608 0.657330 0.278361 0.667834 0.290266 0.674603 0.295343 0.678338 0.295518 0.692577 0.292017 0.695145 0.290616 0.709150 0.286239 0.729925 0.282038 0.754669 0.279412 0.763772 0.278887 0.776144 0.279412 0.783147 0.278361 0.789916 0.273109 0.797619 0.262430 0.800654 0.251576 0.800420 0.244048 0.798786 0.237395 0.795285 0.230042 0.781746 0.215861 0.767040 0.205357 0.751634 0.200630 0.738562 0.199580 0.730159 0.199930 0.717087 0.201681 0.702848 0.205707 0.694211 0.209209 0.679505 0.216737 0.671802 0.223915 0.669935 0.226716 0.664799 0.230742 0.657096 0.243697 0.652661 0.257878 0.652894 0.269608
1 0.244631 0.470413 0.246032 0.472339 0.245798 0.477416 0.256303 0.492822 0.262138 0.508403 0.265873 0.508578 0.284547 0.502626 0.296919 0.499475 0.309757 0.498074 0.333100 0.498249 0.339636 0.498950 0.351541 0.501576 0.354809 0.501225 0.355742 0.498249 0.352241 0.485819 0.351307 0.466562 0.349206 0.464111 0.341737 0.466036 0.334734 0.469538 0.327965 0.470413 0.320962 0.472689 0.316993 0.473039 0.309524 0.475140 0.297852 0.476015 0.289216 0.475665 0.279645 0.471639 0.273576 0.466387 0.266340 0.457283 0.262138 0.449580 0.259104 0.439776 0.259337 0.428746 0.260738 0.420518 0.262372 0.418768 0.262138 0.417892 0.257937 0.419118 0.250467 0.428922 0.246732 0.431548 0.245098 0.435574 0.244631 0.470413
1 0.504202 0.305147 0.505135 0.313375 0.506769 0.324580 0.508637 0.326681 0.511438 0.327206 0.522642 0.326681 0.536648 0.327731 0.549953 0.329832 0.568861 0.337010 0.570962 0.338585 0.575397 0.340161 0.584734 0.347339 0.595705 0.368172 0.594071 0.380777 0.591503 0.389706 0.589636 0.393557 0.583333 0.402661 0.580999 0.404412 0.581232 0.405112 0.584734 0.407038 0.588702 0.407213 0.595005 0.409314 0.609477 0.408613 0.624883 0.403186 0.630019 0.400385 0.637021 0.394433 0.644491 0.386380 0.648459 0.380252 0.652194 0.371148 0.654062 0.362745 0.656863 0.358368 0.661298 0.345413 0.663165 0.335959 0.663165 0.327206 0.660131 0.311275 0.652194 0.294118 0.638889 0.277661 0.626284 0.264706 0.609244 0.251751 0.595238 0.244223 0.581232 0.238971 0.570261 0.236520 0.560924 0.235469 0.551354 0.236695 0.542951 0.239496 0.535948 0.243697 0.525910 0.252101 0.519841 0.258578 0.508403 0.276085 0.504435 0.293242 0.504202 0.305147
1 0.430672 0.317577 0.431606 0.318452 0.442577 0.326681 0.448646 0.332458 0.453081 0.338761 0.460084 0.337360 0.470355 0.334034 0.505602 0.326681 0.507703 0.324405 0.504902 0.316527 0.503501 0.304972 0.503501 0.295693 0.505135 0.285889 0.507236 0.278011 0.510971 0.270658 0.518908 0.260329 0.520542 0.257003 0.523109 0.255077 0.524743 0.251576 0.519141 0.250000 0.513539 0.250350 0.503501 0.266106 0.496265 0.272934 0.484594 0.281513 0.474556 0.287465 0.468721 0.289916 0.460084 0.295168 0.439542 0.303746 0.433007 0.310749 0.433007 0.314076 0.430906 0.316527 0.430672 0.317577
1 0.112045 0.639181 0.113212 0.644783 0.118347 0.651261 0.122782 0.654412 0.125584 0.661239 0.126050 0.664741 0.130486 0.668592 0.142157 0.673845 0.154062 0.675420 0.163165 0.675770 0.179038 0.674370 0.206816 0.668067 0.211485 0.665616 0.214519 0.661590 0.204949 0.655287 0.195612 0.646884 0.191643 0.640756 0.188609 0.633578 0.186508 0.623599 0.186508 0.615721 0.189309 0.598915 0.193511 0.585084 0.192577 0.583508 0.189076 0.583683 0.181373 0.586835 0.163632 0.591737 0.139589 0.600315 0.135621 0.603116 0.133987 0.605742 0.128151 0.610994 0.122082 0.618172 0.115313 0.627451 0.112278 0.633929 0.112045 0.639181
1 0.489729 0.660539 0.493231 0.672444 0.494631 0.687150 0.494631 0.706583 0.491597 0.726366 0.486928 0.742122 0.476891 0.766982 0.473623 0.772234 0.473156 0.776261 0.476657 0.782213 0.483894 0.788165 0.488329 0.790791 0.501401 0.793943 0.513305 0.794643 0.525210 0.796569 0.534314 0.796919 0.539683 0.796218 0.546452 0.793768 0.563025 0.782913 0.562792 0.779412 0.564659 0.776436 0.566760 0.765406 0.565593 0.762080 0.559524 0.754902 0.545985 0.734244 0.532213 0.699405 0.531979 0.696078 0.528011 0.685924 0.526844 0.675770 0.525210 0.670168 0.525444 0.662115 0.526611 0.657738 0.525210 0.656162 0.504902 0.653011 0.498599 0.651611 0.491130 0.648634 0.485061 0.648634 0.482960 0.650210 0.489729 0.660539
1 0.525444 0.668592 0.527778 0.676471 0.528711 0.685399 0.536181 0.708508 0.539216 0.713761 0.543417 0.729167 0.557656 0.751751 0.574463 0.769608 0.593604 0.786765 0.612979 0.800770 0.640990 0.813200 0.648693 0.814426 0.683940 0.810574 0.687675 0.807248 0.688375 0.804272 0.690710 0.800770 0.697479 0.793242 0.695612 0.790966 0.693978 0.790266 0.679505 0.789566 0.671802 0.788165 0.668768 0.786239 0.663866 0.784839 0.662232 0.782913 0.654062 0.781162 0.651494 0.778887 0.639589 0.773985 0.637255 0.772059 0.622549 0.764006 0.605742 0.750525 0.597572 0.745448 0.577731 0.730567 0.569328 0.725840 0.563959 0.720588 0.559524 0.718487 0.557423 0.714286 0.553221 0.711485 0.545051 0.700630 0.537815 0.686800 0.534781 0.675770 0.532680 0.657213 0.530579 0.655987 0.528478 0.656162 0.526611 0.658088 0.525677 0.661239 0.525444 0.668592
1 0.734594 0.682073 0.742764 0.692402 0.750467 0.708683 0.754902 0.726891 0.755135 0.741246 0.757003 0.742997 0.765873 0.746849 0.779412 0.748775 0.790149 0.749125 0.806956 0.745973 0.817460 0.740721 0.820261 0.740196 0.826797 0.735294 0.833800 0.725665 0.836368 0.719363 0.840803 0.713585 0.841270 0.706232 0.838469 0.703081 0.806489 0.698004 0.745565 0.679447 0.744865 0.678571 0.737628 0.676296 0.735061 0.676646 0.733660 0.677696 0.734594 0.682073
1 0.090803 0.321078 0.091737 0.321779 0.095472 0.321779 0.109010 0.318627 0.143791 0.314251 0.173203 0.312850 0.203548 0.313200 0.223856 0.316001 0.252334 0.322654 0.259337 0.324930 0.270308 0.330357 0.289683 0.342612 0.291783 0.341737 0.292717 0.339111 0.292951 0.327906 0.290616 0.326506 0.278245 0.323179 0.274977 0.321254 0.263305 0.317052 0.255369 0.312850 0.243464 0.304447 0.238562 0.298669 0.236695 0.295168 0.234594 0.293417 0.227124 0.293067 0.209851 0.289041 0.198880 0.284664 0.182306 0.276611 0.160598 0.273985 0.154062 0.273459 0.137021 0.274335 0.119981 0.293592 0.107376 0.303746 0.103641 0.308123 0.095005 0.314251 0.091270 0.319503 0.090803 0.321078
1 0.292717 0.341737 0.293651 0.345238 0.303688 0.356793 0.307190 0.359244 0.327498 0.344013 0.342904 0.335084 0.353408 0.327906 0.352708 0.325980 0.351074 0.325455 0.336134 0.327206 0.307890 0.327381 0.297852 0.326681 0.294585 0.327906 0.293884 0.330707 0.292717 0.341737
1 0.163632 0.421569 0.163165 0.429622 0.160364 0.451856 0.158730 0.456232 0.161298 0.462885 0.164099 0.462360 0.168768 0.463410 0.177871 0.460959 0.186975 0.460784 0.203081 0.461835 0.220588 0.463936 0.225490 0.464811 0.227358 0.466387 0.228525 0.464986 0.229925 0.464636 0.238329 0.464461 0.241363 0.465511 0.243231 0.462360 0.244164 0.456933 0.245331 0.434174 0.247432 0.429797 0.254435 0.421744 0.255369 0.418242 0.248833 0.416667 0.215686 0.416141 0.205882 0.415266 0.184407 0.412640 0.176237 0.412290 0.164799 0.410014 0.162698 0.411239 0.163632 0.421569
1 0.856676 0.357143 0.869748 0.360119 0.883520 0.364671 0.904995 0.374475 0.921802 0.385679 0.930205 0.393908 0.935574 0.401611 0.939309 0.403186 0.944911 0.394608 0.947012 0.386555 0.945145 0.380077 0.940710 0.373249 0.937442 0.365371 0.935341 0.361870 0.933007 0.360119 0.921569 0.355217 0.915500 0.353817 0.901494 0.352241 0.880019 0.352241 0.859477 0.353992 0.853875 0.355567 0.856676 0.357143
1 0.364379 0.592087 0.364379 0.595413 0.389122 0.614846 0.412465 0.627801 0.418534 0.630252 0.426004 0.632178 0.428805 0.634279 0.432306 0.629902 0.439076 0.627276 0.440710 0.627276 0.444211 0.629552 0.442810 0.633578 0.445845 0.635679 0.452381 0.633929 0.456816 0.633578 0.420868 0.610294 0.411765 0.603466 0.399627 0.592437 0.392157 0.584384 0.385621 0.576506 0.383520 0.571779 0.380486 0.568978 0.373249 0.578256 0.364379 0.592087