0 0.265756 0.079832 0.268732 0.093838 0.275210 0.110411 0.282038 0.125117 0.289916 0.137021 0.298494 0.144024 0.306197 0.148926 0.314076 0.151261 0.328782 0.149160 0.339111 0.143791 0.342087 0.140056 0.345763 0.133287 0.346989 0.130019 0.347514 0.125117 0.346989 0.109244 0.345413 0.105509 0.338410 0.092670 0.334909 0.088002 0.324755 0.077264 0.317577 0.071195 0.303746 0.063025 0.293768 0.060691 0.286064 0.060224 0.279237 0.061391 0.271359 0.065593 0.267507 0.069795 0.265756 0.074930 0.265756 0.079832
1 0.377451 0.118114 0.379027 0.137255 0.381127 0.147759 0.382353 0.150794 0.388305 0.158730 0.393908 0.162232 0.404587 0.164099 0.411064 0.161998 0.413340 0.159197 0.419293 0.140523 0.427696 0.126751 0.432773 0.110644 0.436450 0.102474 0.437675 0.094304 0.437850 0.087768 0.435924 0.075397 0.430147 0.064426 0.425420 0.059757 0.414391 0.056956 0.408263 0.058123 0.403887 0.059991 0.397584 0.064426 0.389006 0.074463 0.382353 0.088702 0.379377 0.098739 0.377626 0.109244 0.377451 0.118114
1 0.439426 0.100373 0.430497 0.119514 0.431723 0.123483 0.444503 0.114379 0.456232 0.110878 0.464286 0.110411 0.470763 0.111578 0.478291 0.114846 0.485119 0.120215 0.487920 0.124883 0.491246 0.127451 0.495623 0.117180 0.498775 0.104342 0.500525 0.092904 0.500350 0.077498 0.498950 0.069795 0.497024 0.064192 0.491422 0.055789 0.488270 0.052988 0.484419 0.051120 0.477591 0.050187 0.471113 0.051120 0.466387 0.052521 0.460784 0.055789 0.454132 0.062092 0.448880 0.070028 0.441176 0.088936 0.439426 0.100373
1 0.415966 0.158730 0.415091 0.161298 0.415616 0.162232 0.417717 0.163165 0.427871 0.163165 0.434349 0.165500 0.443277 0.173203 0.448529 0.179739 0.451155 0.184641 0.454832 0.195378 0.456408 0.207049 0.457283 0.208450 0.459734 0.209617 0.464461 0.207983 0.471289 0.203315 0.473915 0.199346 0.474790 0.195845 0.481092 0.185574 0.483718 0.178805 0.487745 0.172969 0.489146 0.173669 0.491246 0.177171 0.492647 0.167134 0.494748 0.162465 0.494223 0.155462 0.495098 0.150560 0.494223 0.140523 0.492822 0.133987 0.489496 0.126517 0.484769 0.119514 0.477591 0.114613 0.472514 0.112278 0.466211 0.111111 0.459909 0.110644 0.446254 0.113679 0.437675 0.120682 0.430672 0.124883 0.419993 0.140289 0.416317 0.151027 0.415966 0.158730
1 0.493873 0.182540 0.495798 0.195845 0.495623 0.199580 0.497549 0.210084 0.498599 0.211951 0.501576 0.214052 0.504027 0.210784 0.519258 0.198179 0.525560 0.196545 0.532738 0.197946 0.536239 0.197246 0.549545 0.187675 0.561975 0.182540 0.564076 0.179739 0.567227 0.171335 0.568452 0.163399 0.565301 0.147059 0.558648 0.133520 0.554447 0.127918 0.548845 0.124183 0.542542 0.121849 0.533613 0.121148 0.526436 0.122782 0.519258 0.126284 0.515056 0.129085 0.507353 0.137021 0.501401 0.147759 0.494398 0.171802 0.493873 0.182540
1 0.545693 0.122082 0.555147 0.128385 0.558824 0.133287 0.564951 0.144958 0.568627 0.161298 0.570903 0.163165 0.578081 0.155929 0.581408 0.150794 0.582633 0.141457 0.592262 0.126751 0.587010 0.119281 0.582283 0.115313 0.575805 0.111111 0.570028 0.109010 0.562675 0.108777 0.557073 0.109944 0.548144 0.115546 0.544643 0.119514 0.545693 0.122082
1 0.582283 0.149860 0.582808 0.151027 0.584909 0.151727 0.597164 0.146825 0.606092 0.146592 0.615721 0.148693 0.625875 0.153361 0.640931 0.167600 0.647409 0.178338 0.654412 0.187908 0.658789 0.179972 0.663515 0.167834 0.663866 0.163165 0.662815 0.158730 0.660014 0.153128 0.657038 0.149627 0.651085 0.139823 0.644083 0.132820 0.637255 0.128618 0.632003 0.127451 0.626576 0.124650 0.622899 0.124183 0.619748 0.122082 0.607318 0.120915 0.599965 0.122782 0.591737 0.129318 0.588060 0.133520 0.583859 0.139589 0.582283 0.144725 0.582283 0.149860
1 0.566352 0.178805 0.566702 0.182073 0.574405 0.182306 0.581758 0.183940 0.593137 0.188375 0.600665 0.193511 0.611520 0.205182 0.616422 0.213352 0.621324 0.224556 0.626050 0.245798 0.626751 0.251401 0.626926 0.266573 0.625875 0.280112 0.623424 0.296218 0.620623 0.304155 0.619923 0.310691 0.625875 0.312325 0.630077 0.311858 0.637605 0.308590 0.645133 0.303922 0.651611 0.296218 0.660714 0.279879 0.663690 0.269608 0.666141 0.248366 0.666141 0.235294 0.664391 0.222222 0.661239 0.209851 0.659839 0.207516 0.656513 0.195845 0.652136 0.184874 0.639706 0.166433 0.625875 0.153595 0.617122 0.149627 0.606443 0.146825 0.595938 0.146592 0.589111 0.150560 0.581758 0.152661 0.569678 0.167834 0.567052 0.175770 0.566352 0.178805
0 0.516457 0.289683 0.518908 0.314192 0.522934 0.332400 0.528011 0.346872 0.542192 0.369748 0.556197 0.382120 0.564076 0.387255 0.574405 0.392390 0.588585 0.392857 0.592087 0.392157 0.602066 0.387021 0.609594 0.378852 0.611870 0.373716 0.614146 0.359244 0.614846 0.339869 0.616071 0.327264 0.617822 0.316060 0.620098 0.307190 0.621324 0.304855 0.623775 0.293884 0.625525 0.282913 0.626401 0.267740 0.625525 0.244164 0.622899 0.230859 0.617122 0.215453 0.609944 0.203782 0.596289 0.190476 0.588585 0.186975 0.574930 0.183240 0.564251 0.183473 0.556898 0.185574 0.550245 0.188142 0.542367 0.193511 0.534664 0.201914 0.526786 0.216853 0.526786 0.220588 0.523810 0.228291 0.520133 0.244631 0.518207 0.258403 0.516632 0.279412 0.516457 0.289683
0 0.406338 0.381886 0.407913 0.397759 0.410889 0.411531 0.418242 0.428105 0.422794 0.435341 0.425245 0.442110 0.436975 0.457750 0.443978 0.463819 0.453081 0.468954 0.459209 0.470588 0.467787 0.470588 0.474790 0.470355 0.479167 0.467320 0.484244 0.465686 0.493172 0.456583 0.495623 0.449580 0.496849 0.442810 0.498074 0.428805 0.498074 0.417134 0.499300 0.404295 0.500700 0.397759 0.499475 0.391690 0.500700 0.383754 0.501751 0.366246 0.500700 0.334500 0.496674 0.313959 0.491246 0.300187 0.481092 0.285948 0.473214 0.278945 0.462885 0.274043 0.456933 0.272876 0.444328 0.274510 0.439251 0.276377 0.428221 0.285714 0.422969 0.293417 0.420693 0.299720 0.410364 0.320728 0.409139 0.329832 0.409664 0.338469 0.407388 0.341737 0.407563 0.343838 0.406338 0.348506 0.405987 0.357843 0.406338 0.381886
0 0.299195 0.366713 0.300595 0.387955 0.301821 0.393557 0.301646 0.397526 0.303922 0.401494 0.303922 0.407096 0.306548 0.415966 0.313200 0.429505 0.321078 0.439076 0.327381 0.443744 0.331583 0.445378 0.348915 0.448179 0.365896 0.440243 0.371499 0.435808 0.379902 0.427171 0.392332 0.408964 0.399510 0.390523 0.400035 0.386788 0.403186 0.378852 0.403887 0.373716 0.403011 0.369748 0.403186 0.362745 0.404412 0.359711 0.404937 0.353175 0.404237 0.341270 0.407913 0.329132 0.408088 0.320962 0.407038 0.314659 0.405112 0.311625 0.404237 0.308240 0.404237 0.306956 0.406338 0.303221 0.402836 0.283847 0.393032 0.264006 0.387780 0.258637 0.374125 0.250467 0.356793 0.246499 0.338585 0.251167 0.328081 0.257937 0.313550 0.272409 0.309524 0.278478 0.306548 0.285247 0.301646 0.307190 0.299545 0.330299 0.299195 0.366713
1 0.345238 0.515640 0.346113 0.522642 0.348564 0.529879 0.349440 0.539683 0.350840 0.546452 0.360644 0.569094 0.365196 0.574930 0.369573 0.583333 0.375700 0.590803 0.382353 0.595705 0.391632 0.598506 0.397059 0.598273 0.400735 0.597106 0.408438 0.590803 0.413165 0.581933 0.429622 0.558590 0.436625 0.540383 0.445553 0.487628 0.445378 0.477124 0.443978 0.467087 0.434174 0.456816 0.424020 0.441643 0.415091 0.422502 0.411064 0.415733 0.404587 0.412698 0.393732 0.411064 0.390406 0.413165 0.377626 0.430906 0.365196 0.441410 0.354692 0.447012 0.351015 0.451214 0.349090 0.457049 0.347514 0.466620 0.345588 0.501634 0.345238 0.515640
1 0.239671 0.498133 0.240896 0.501167 0.239200 0.502759 0.239116 0.507053 0.240021 0.512605 0.241246 0.526144 0.244398 0.539449 0.249125 0.550420 0.254377 0.557656 0.256127 0.562092 0.260154 0.567694 0.270308 0.575630 0.279412 0.578198 0.293592 0.568394 0.300420 0.561625 0.331057 0.524043 0.339986 0.510504 0.342787 0.504669 0.344363 0.499300 0.346289 0.467087 0.347864 0.452848 0.345588 0.450747 0.328256 0.445378 0.320378 0.440009 0.315301 0.434407 0.308473 0.422969 0.304447 0.414099 0.301646 0.403595 0.300245 0.401727 0.297094 0.402428 0.286415 0.408030 0.282213 0.411531 0.275035 0.422502 0.265756 0.432073 0.258053 0.442577 0.250525 0.456349 0.248424 0.464286 0.246499 0.466853 0.244048 0.476424 0.241772 0.481559 0.240896 0.492764 0.240021 0.494865 0.239671 0.498133
1 0.275210 0.316760 0.275735 0.346172 0.277311 0.366947 0.279237 0.378385 0.282563 0.387488 0.286415 0.392157 0.293417 0.396592 0.300245 0.397759 0.301120 0.392857 0.299020 0.371382 0.299020 0.333800 0.301996 0.304155 0.305672 0.287582 0.311800 0.274977 0.318627 0.266807 0.327381 0.258170 0.340511 0.249533 0.345763 0.248133 0.349615 0.244631 0.351891 0.245798 0.353992 0.244631 0.346989 0.239262 0.346464 0.237628 0.342612 0.236695 0.338761 0.233894 0.324405 0.234360 0.315651 0.237862 0.305147 0.244631 0.297969 0.252334 0.286415 0.270308 0.282563 0.277544 0.279237 0.286415 0.276085 0.300187 0.275210 0.316760
1 0.231268 0.386555 0.231443 0.401494 0.237220 0.444678 0.241246 0.455882 0.244748 0.461951 0.245652 0.466789 0.248424 0.459150 0.252451 0.450980 0.260329 0.437908 0.268557 0.427638 0.273985 0.422269 0.280987 0.411765 0.287640 0.406396 0.292542 0.404295 0.301848 0.401564 0.299016 0.399828 0.291155 0.396878 0.285889 0.392857 0.283789 0.390523 0.281863 0.387488 0.278361 0.376984 0.276261 0.362979 0.274510 0.331933 0.274510 0.310691 0.273459 0.308590 0.272584 0.307890 0.265406 0.308590 0.261905 0.310224 0.258228 0.313259 0.255077 0.317927 0.250875 0.320962 0.247724 0.326097 0.238796 0.348039 0.234419 0.366246 0.231968 0.381419 0.231268 0.386555
1 0.158964 0.471522 0.160889 0.485294 0.162840 0.491086 0.165966 0.494631 0.168417 0.496732 0.174720 0.499066 0.182248 0.498833 0.193102 0.495098 0.201856 0.489029 0.207808 0.483427 0.210259 0.480626 0.217787 0.467087 0.234944 0.447712 0.235644 0.441877 0.231092 0.408730 0.230567 0.386088 0.232318 0.373249 0.236870 0.352708 0.236870 0.348273 0.235644 0.345005 0.227416 0.339169 0.212010 0.338235 0.206583 0.339402 0.198529 0.343838 0.189251 0.351074 0.180847 0.360878 0.176471 0.368814 0.171919 0.380019 0.166492 0.399860 0.161415 0.429505 0.158789 0.452848 0.158964 0.471522
1 0.117822 0.439076 0.119398 0.446078 0.122724 0.449580 0.126751 0.451914 0.141106 0.455182 0.150210 0.454015 0.157563 0.451214 0.159489 0.446545 0.161590 0.425303 0.167192 0.395892 0.169293 0.387021 0.171744 0.379785 0.175070 0.373249 0.177171 0.366013 0.181373 0.358777 0.185574 0.353875 0.192752 0.348739 0.197129 0.344304 0.203081 0.340570 0.207808 0.338469 0.213936 0.337768 0.228641 0.338469 0.230567 0.330999 0.228466 0.321429 0.225315 0.314192 0.220763 0.308357 0.213761 0.304855 0.207983 0.303922 0.198529 0.305322 0.194153 0.307423 0.185924 0.313259 0.170343 0.327965 0.165966 0.333567 0.158088 0.341270 0.143032 0.362979 0.137605 0.373016 0.135329 0.379085 0.127801 0.394258 0.123775 0.404762 0.121148 0.414799 0.120798 0.418301 0.119573 0.421569 0.117997 0.433940 0.117822 0.439076
1 0.187850 0.505602 0.188550 0.512138 0.194153 0.532913 0.198004 0.540850 0.203081 0.547852 0.205182 0.543417 0.204482 0.535714 0.205182 0.533147 0.204657 0.524977 0.204097 0.515666 0.205182 0.502801 0.206232 0.496965 0.206797 0.493030 0.207942 0.490088 0.210609 0.484594 0.210084 0.482493 0.206408 0.484127 0.201856 0.489262 0.187675 0.498133 0.186450 0.501167 0.187850 0.505602
1 0.199055 0.612745 0.200227 0.620462 0.201518 0.623282 0.208375 0.617771 0.206830 0.593490 0.205735 0.588505 0.205972 0.586177 0.205882 0.580766 0.206933 0.578198 0.207108 0.554622 0.208158 0.548086 0.209909 0.543417 0.210959 0.536181 0.218662 0.516573 0.225490 0.505135 0.230567 0.499300 0.237920 0.495098 0.244748 0.470588 0.244923 0.466620 0.244223 0.463585 0.237745 0.450747 0.233894 0.451914 0.225140 0.461485 0.220413 0.465453 0.212360 0.479458 0.208912 0.488127 0.207108 0.491130 0.206705 0.493941 0.205169 0.500030 0.204132 0.506769 0.204266 0.520586 0.204597 0.549120 0.202381 0.566293 0.200224 0.593030 0.198880 0.598739 0.199055 0.612745
1 0.207633 0.564426 0.208333 0.566527 0.208158 0.606909 0.209034 0.616246 0.212185 0.626517 0.214111 0.637021 0.219363 0.651027 0.226190 0.664566 0.230917 0.671569 0.244573 0.685808 0.255077 0.691877 0.262955 0.692810 0.268908 0.691410 0.277136 0.685808 0.285014 0.671569 0.290616 0.640289 0.290616 0.621700 0.292367 0.591737 0.292017 0.580999 0.290791 0.576564 0.287815 0.574930 0.286239 0.574697 0.279587 0.578198 0.275735 0.578198 0.269783 0.575864 0.260154 0.567927 0.254727 0.560691 0.253852 0.557190 0.247724 0.547852 0.244398 0.540149 0.240896 0.526144 0.239321 0.510504 0.239671 0.507236 0.240097 0.507398 0.240546 0.503268 0.239386 0.503762 0.240112 0.500355 0.238970 0.497655 0.238714 0.493590 0.238095 0.496032 0.230042 0.501167 0.225840 0.506303 0.221113 0.514239 0.213936 0.529412 0.210609 0.545518 0.208859 0.550654 0.207808 0.559057 0.207633 0.564426
1 0.090336 0.568861 0.093487 0.592204 0.095938 0.603408 0.104342 0.623016 0.115721 0.637021 0.119923 0.640990 0.126401 0.645191 0.136555 0.648226 0.147584 0.648926 0.150735 0.647993 0.154062 0.645425 0.159314 0.638655 0.164916 0.625817 0.183473 0.564192 0.184874 0.555089 0.187325 0.546919 0.187850 0.540616 0.187150 0.515173 0.186099 0.508403 0.184349 0.505135 0.183999 0.501634 0.182773 0.500467 0.172969 0.499066 0.168242 0.497432 0.162640 0.491130 0.158964 0.481559 0.157913 0.467320 0.155637 0.458450 0.156162 0.456349 0.154587 0.454015 0.151436 0.456583 0.142507 0.457049 0.130077 0.459150 0.120098 0.464986 0.111520 0.473156 0.105217 0.483193 0.101716 0.490430 0.099090 0.498833 0.095238 0.515873 0.092087 0.532680 0.090161 0.550187 0.090336 0.568861
1 0.148634 0.744398 0.147584 0.748599 0.148810 0.752801 0.149160 0.762372 0.150210 0.765173 0.151436 0.774977 0.155112 0.789916 0.161239 0.802054 0.168417 0.809057 0.172619 0.811858 0.176296 0.813025 0.182073 0.813259 0.186450 0.812092 0.197654 0.804388 0.203782 0.797852 0.219713 0.775910 0.224615 0.767040 0.228992 0.760971 0.235469 0.746265 0.244048 0.719888 0.248599 0.708917 0.251050 0.699580 0.251401 0.692577 0.248074 0.689076 0.244398 0.686975 0.226015 0.665266 0.218662 0.651494 0.210084 0.622316 0.209034 0.620915 0.206408 0.619748 0.200805 0.623249 0.197129 0.628151 0.191877 0.632820 0.189076 0.636788 0.186625 0.642157 0.181898 0.647759 0.175245 0.657796 0.171744 0.664566 0.162815 0.685574 0.160014 0.690243 0.157213 0.699346 0.155287 0.703081 0.152136 0.714753 0.151085 0.726424 0.149335 0.734360 0.148634 0.744398
1 0.068627 0.699580 0.069853 0.716853 0.072479 0.720822 0.082808 0.728058 0.094188 0.741130 0.102941 0.755369 0.109419 0.770775 0.112395 0.766340 0.113270 0.758637 0.117122 0.745798 0.122199 0.738095 0.126401 0.733193 0.130077 0.730859 0.132703 0.726891 0.133578 0.723623 0.136730 0.723156 0.140756 0.724323 0.147584 0.721755 0.148985 0.720355 0.151611 0.710084 0.152136 0.705182 0.151961 0.678105 0.153361 0.658730 0.153011 0.652428 0.151085 0.648693 0.139006 0.648926 0.132878 0.647759 0.123775 0.644024 0.117647 0.639356 0.109944 0.631419 0.104167 0.623016 0.096989 0.608310 0.094188 0.598273 0.091737 0.595938 0.089111 0.598973 0.085434 0.605742 0.081232 0.618347 0.073179 0.653828 0.068803 0.682306 0.068627 0.699580
0 0.020483 0.793884 0.021534 0.809757 0.022759 0.817694 0.025735 0.828898 0.031162 0.845705 0.045168 0.872082 0.053046 0.884921 0.067577 0.904995 0.074580 0.911765 0.081933 0.916900 0.090511 0.920168 0.095413 0.920401 0.102416 0.918768 0.105567 0.916200 0.110119 0.907796 0.113095 0.892624 0.117472 0.858077 0.117472 0.851541 0.113095 0.822829 0.110119 0.779178 0.106268 0.765173 0.099790 0.751634 0.095588 0.744631 0.090511 0.737628 0.084034 0.730859 0.071078 0.720588 0.064251 0.718954 0.057073 0.718721 0.047794 0.722222 0.035364 0.731326 0.030987 0.737395 0.027311 0.744631 0.021884 0.765406 0.020658 0.782446 0.020483 0.793884
1 0.199930 0.818161 0.199055 0.821662 0.199230 0.849907 0.202906 0.887488 0.207458 0.910598 0.213410 0.929505 0.221113 0.946078 0.226190 0.954015 0.238095 0.966387 0.242122 0.967787 0.265231 0.969421 0.269083 0.969421 0.272234 0.967320 0.283789 0.946312 0.287815 0.932540 0.290616 0.919701 0.294818 0.877218 0.295168 0.862278 0.294818 0.855742 0.293417 0.848973 0.289916 0.848273 0.286590 0.849673 0.279937 0.849673 0.274685 0.847339 0.265581 0.840103 0.258754 0.830532 0.252976 0.817927 0.248599 0.803221 0.246324 0.783380 0.244573 0.776144 0.244748 0.768674 0.243873 0.766106 0.243873 0.758637 0.242472 0.757470 0.241071 0.757003 0.234594 0.758403 0.228466 0.765173 0.202731 0.800420 0.199405 0.807190 0.199930 0.818161
1 0.245973 0.756303 0.244923 0.762372 0.245448 0.764472 0.245448 0.776611 0.246849 0.783847 0.247024 0.790149 0.250175 0.807890 0.254027 0.819561 0.258228 0.828431 0.265581 0.839636 0.272409 0.845705 0.279237 0.848973 0.283613 0.848973 0.289391 0.847106 0.298144 0.840570 0.304447 0.832166 0.311450 0.819094 0.316352 0.806022 0.319503 0.794818 0.324055 0.771709 0.326506 0.752101 0.327556 0.716853 0.314601 0.703782 0.310049 0.696545 0.302171 0.680205 0.293242 0.655229 0.289741 0.654995 0.287815 0.660598 0.285189 0.672736 0.277836 0.686041 0.269608 0.692110 0.264706 0.693277 0.258403 0.693277 0.255952 0.694911 0.249650 0.714286 0.245798 0.741830 0.245973 0.756303
1 0.297794 0.885387 0.300770 0.915033 0.305847 0.937442 0.313200 0.956116 0.321254 0.968487 0.327906 0.972923 0.339111 0.974556 0.348915 0.969888 0.356968 0.961018 0.366947 0.945145 0.374125 0.926937 0.382003 0.900560 0.383578 0.892857 0.385679 0.874650 0.386204 0.834967 0.384979 0.831933 0.381478 0.827031 0.378501 0.824697 0.372549 0.816993 0.362395 0.799720 0.357318 0.789216 0.353992 0.780345 0.349790 0.764939 0.347339 0.761671 0.341211 0.760271 0.335084 0.761905 0.331583 0.764239 0.325805 0.772176 0.318452 0.802054 0.312675 0.818394 0.305322 0.832633 0.299020 0.841970 0.298494 0.845705 0.299370 0.848506 0.297794 0.862278 0.297794 0.885387
1 0.348564 0.742530 0.349615 0.759104 0.354342 0.778945 0.362745 0.798319 0.375350 0.819328 0.387605 0.832166 0.397584 0.837302 0.401085 0.837068 0.404237 0.838936 0.418067 0.839169 0.421569 0.837535 0.427346 0.831699 0.429272 0.827965 0.431197 0.813725 0.432248 0.810924 0.433473 0.797152 0.435924 0.781046 0.436800 0.766106 0.435924 0.762138 0.437150 0.758637 0.419468 0.749533 0.410714 0.742530 0.402836 0.733660 0.395308 0.720822 0.387955 0.705882 0.384104 0.692577 0.383578 0.685574 0.381303 0.678338 0.380077 0.669701 0.376751 0.671335 0.375350 0.673903 0.367472 0.694211 0.361345 0.706116 0.352766 0.717787 0.349790 0.720588 0.348739 0.731559 0.348564 0.742530
1 0.387255 0.862979 0.388130 0.876984 0.392332 0.899160 0.396884 0.933473 0.404237 0.964519 0.407388 0.971522 0.410889 0.977124 0.414566 0.979458 0.435749 0.980859 0.442577 0.977824 0.450980 0.968954 0.458333 0.956583 0.470763 0.926004 0.472864 0.918067 0.474615 0.915266 0.478116 0.905229 0.481793 0.890523 0.483894 0.869281 0.483543 0.866246 0.481968 0.862745 0.478817 0.859244 0.469713 0.845005 0.459734 0.824230 0.451681 0.803688 0.444678 0.779412 0.441352 0.771242 0.440476 0.767040 0.439251 0.765173 0.437675 0.768908 0.437850 0.771942 0.436275 0.779412 0.435749 0.789916 0.434524 0.793651 0.432948 0.810224 0.431548 0.814192 0.430847 0.821429 0.428396 0.831466 0.423845 0.837068 0.420343 0.839169 0.416141 0.840103 0.400735 0.839169 0.393557 0.837068 0.390406 0.834500 0.389181 0.835201 0.387780 0.841270 0.387255 0.862979
1 0.443627 0.772176 0.445203 0.778945 0.457633 0.817694 0.472339 0.847339 0.486520 0.868114 0.498249 0.876517 0.501225 0.876984 0.504902 0.880252 0.516457 0.882353 0.526961 0.880252 0.535714 0.877218 0.539741 0.874416 0.546218 0.866246 0.548494 0.859244 0.550245 0.848739 0.551296 0.822129 0.550420 0.806489 0.544293 0.762838 0.541842 0.755369 0.524685 0.733894 0.513305 0.715453 0.508578 0.704248 0.500700 0.679038 0.496148 0.668768 0.487745 0.664099 0.480742 0.663866 0.477241 0.664799 0.475490 0.675070 0.473915 0.712652 0.471639 0.730392 0.471814 0.734360 0.470413 0.742297 0.469013 0.743231 0.465686 0.749066 0.463235 0.751401 0.457458 0.754902 0.449580 0.758170 0.443627 0.758637 0.442577 0.760738 0.443627 0.772176
1 0.380952 0.670635 0.381828 0.678105 0.383403 0.683007 0.384279 0.692810 0.388655 0.707283 0.398985 0.727124 0.403887 0.735061 0.410014 0.741597 0.418768 0.748599 0.431373 0.755836 0.438375 0.757470 0.449580 0.756769 0.453606 0.755135 0.456408 0.751867 0.462710 0.748366 0.467962 0.742297 0.470763 0.734127 0.471989 0.723623 0.473739 0.688842 0.476891 0.651027 0.477416 0.640289 0.475665 0.631419 0.475315 0.624183 0.473564 0.619281 0.468312 0.617414 0.462710 0.613912 0.456583 0.607843 0.451681 0.600607 0.444153 0.585434 0.441877 0.578898 0.438025 0.562092 0.435574 0.556489 0.431898 0.557656 0.429447 0.561625 0.425070 0.565826 0.421919 0.572129 0.416141 0.578431 0.414916 0.581699 0.408438 0.591503 0.399860 0.598039 0.390231 0.601074 0.388305 0.605509 0.383578 0.623249 0.383228 0.628618 0.380952 0.640523 0.380602 0.647059 0.380952 0.670635
1 0.292892 0.637021 0.295168 0.651494 0.296919 0.657796 0.297094 0.661531 0.300245 0.671802 0.308473 0.692577 0.314251 0.701681 0.328081 0.714986 0.335959 0.718021 0.341912 0.719188 0.348915 0.718954 0.352941 0.716387 0.360294 0.706816 0.366597 0.694911 0.377276 0.666433 0.378676 0.660598 0.381478 0.631186 0.386029 0.608310 0.388305 0.602474 0.388305 0.600373 0.388130 0.598973 0.378852 0.593838 0.373074 0.588936 0.359069 0.565826 0.349965 0.546218 0.347514 0.528711 0.344538 0.520308 0.344188 0.515640 0.342787 0.513305 0.341912 0.512605 0.338585 0.515873 0.328606 0.529178 0.320203 0.537815 0.305497 0.556723 0.298845 0.567460 0.297094 0.579365 0.295343 0.585901 0.292367 0.611578 0.292892 0.637021
1 0.491772 0.620682 0.493172 0.622782 0.492297 0.626984 0.494923 0.651027 0.499825 0.674136 0.504902 0.691643 0.514706 0.716620 0.528887 0.738329 0.536239 0.748133 0.541141 0.752801 0.546919 0.760037 0.551646 0.762838 0.553922 0.765640 0.561099 0.770075 0.571078 0.774276 0.583683 0.776144 0.591211 0.775444 0.596989 0.773109 0.602591 0.767274 0.604692 0.762138 0.605217 0.755602 0.605217 0.719655 0.603992 0.708683 0.603291 0.691410 0.602066 0.682306 0.602066 0.675070 0.599440 0.660598 0.596814 0.654762 0.587710 0.650327 0.582108 0.644491 0.576856 0.637255 0.570378 0.624183 0.561450 0.598506 0.558298 0.591270 0.555322 0.586601 0.546744 0.580299 0.539741 0.577031 0.529587 0.574463 0.524160 0.575163 0.522234 0.576797 0.513831 0.591503 0.512780 0.594538 0.505952 0.604575 0.495448 0.614846 0.489146 0.619514 0.491772 0.620682
1 0.439076 0.543884 0.438375 0.546919 0.440476 0.567460 0.443627 0.581699 0.449405 0.595005 0.459034 0.609477 0.463585 0.613212 0.469888 0.616480 0.475140 0.616246 0.476716 0.617880 0.477591 0.621849 0.481618 0.618347 0.484244 0.617647 0.488445 0.618114 0.499300 0.610411 0.506303 0.603408 0.512255 0.594071 0.518382 0.581232 0.525035 0.570728 0.525735 0.567694 0.533613 0.549953 0.537115 0.538515 0.539916 0.522409 0.539741 0.518908 0.537465 0.514472 0.531513 0.509570 0.524335 0.501401 0.514881 0.486928 0.508403 0.472689 0.501576 0.450514 0.498249 0.448646 0.494923 0.452848 0.493873 0.456349 0.491597 0.459384 0.487745 0.463819 0.482318 0.467787 0.475665 0.470822 0.459384 0.470822 0.455882 0.471522 0.454307 0.472923 0.448354 0.486695 0.446078 0.494631 0.438725 0.539449 0.439076 0.543884
0 0.499300 0.439076 0.504202 0.459617 0.505252 0.461251 0.510329 0.477358 0.514531 0.486228 0.521534 0.497432 0.531688 0.509337 0.542542 0.519141 0.553571 0.525444 0.558824 0.530345 0.581583 0.541083 0.591211 0.542484 0.602591 0.541317 0.610119 0.537582 0.615371 0.531979 0.617997 0.525910 0.618522 0.522409 0.621148 0.518908 0.622024 0.505135 0.617297 0.480392 0.611520 0.459384 0.602941 0.438842 0.597689 0.430672 0.592787 0.420635 0.587535 0.411765 0.574755 0.395892 0.556548 0.383987 0.543067 0.372549 0.536765 0.370682 0.525910 0.371615 0.518207 0.375584 0.508403 0.386788 0.502976 0.398926 0.500175 0.411064 0.499475 0.422269 0.499300 0.439076
1 0.554272 0.565126 0.556022 0.580999 0.558298 0.588469 0.563375 0.600140 0.570553 0.623016 0.577731 0.637488 0.584909 0.646125 0.591211 0.650794 0.599090 0.654062 0.608718 0.654295 0.616246 0.653595 0.625875 0.648226 0.631478 0.644024 0.638480 0.634687 0.644433 0.625117 0.648810 0.616246 0.653011 0.603875 0.654237 0.592904 0.654237 0.577264 0.652836 0.563025 0.648284 0.545985 0.640931 0.524043 0.637255 0.516807 0.630077 0.509104 0.626751 0.507703 0.622199 0.507703 0.619923 0.511905 0.620273 0.516106 0.618522 0.525910 0.615371 0.532446 0.612045 0.536415 0.605567 0.540149 0.592962 0.542951 0.581057 0.541317 0.570728 0.535714 0.564251 0.532913 0.560399 0.532213 0.558648 0.533380 0.556723 0.536648 0.554272 0.550187 0.554272 0.565126
1 0.607318 0.679505 0.608018 0.690710 0.609769 0.703548 0.610994 0.709617 0.615721 0.721055 0.624125 0.735528 0.632703 0.745798 0.638480 0.750467 0.647409 0.756069 0.650910 0.757236 0.658088 0.758170 0.662465 0.757003 0.671744 0.754202 0.680322 0.749066 0.687500 0.742063 0.699755 0.725724 0.703081 0.720355 0.703957 0.716853 0.706758 0.712885 0.709559 0.706816 0.711310 0.699580 0.712885 0.680439 0.712360 0.668301 0.708683 0.650794 0.703957 0.639122 0.700105 0.632353 0.681548 0.619514 0.672094 0.609944 0.668768 0.608543 0.654412 0.608310 0.652486 0.609944 0.650735 0.612278 0.646008 0.623483 0.638130 0.636788 0.631127 0.644958 0.627101 0.648459 0.621324 0.651727 0.610994 0.655696 0.608718 0.660364 0.607843 0.668301 0.607318 0.679505
1 0.547444 0.772176 0.556548 0.796685 0.563901 0.810691 0.570553 0.821429 0.577906 0.831699 0.595413 0.850607 0.612045 0.872549 0.616246 0.876050 0.619748 0.880952 0.626576 0.885621 0.637430 0.885621 0.647584 0.880252 0.654762 0.871382 0.660714 0.859244 0.663866 0.845472 0.665091 0.831933 0.664566 0.810691 0.661239 0.793417 0.659664 0.790383 0.658088 0.783847 0.652661 0.768441 0.648459 0.759337 0.640231 0.753968 0.637780 0.751167 0.632703 0.747666 0.626050 0.739963 0.609244 0.709851 0.605742 0.708450 0.604692 0.712185 0.605392 0.718954 0.605217 0.737862 0.605917 0.744398 0.605042 0.761905 0.602416 0.768441 0.598915 0.772176 0.594888 0.774510 0.589111 0.776144 0.580532 0.776144 0.568803 0.773576 0.560224 0.770542 0.550245 0.761905 0.547794 0.762372 0.546919 0.763772 0.547444 0.772176
1 0.604692 0.880486 0.605217 0.887021 0.607843 0.892624 0.608894 0.898693 0.612395 0.909197 0.624475 0.935574 0.636905 0.960084 0.657913 0.991830 0.661239 0.993697 0.670868 0.995331 0.685749 0.995098 0.690476 0.992297 0.694503 0.987162 0.697129 0.985061 0.702031 0.978291 0.704657 0.973623 0.708683 0.963352 0.714986 0.935808 0.715861 0.912932 0.714461 0.890990 0.707808 0.862278 0.704132 0.852474 0.699930 0.845705 0.687675 0.829832 0.680366 0.818452 0.678746 0.814659 0.677171 0.813725 0.672444 0.806956 0.671744 0.804855 0.664916 0.804155 0.664741 0.807190 0.666141 0.809757 0.666667 0.812792 0.666492 0.826564 0.666141 0.831933 0.665091 0.834967 0.665091 0.845005 0.663165 0.848273 0.660889 0.859244 0.658613 0.865313 0.654412 0.873249 0.649685 0.878852 0.644958 0.882586 0.636905 0.886788 0.626926 0.886555 0.624125 0.885387 0.619573 0.881419 0.612570 0.873249 0.610819 0.872549 0.609419 0.869748 0.607143 0.868581 0.605917 0.866246 0.605042 0.869748 0.604692 0.880486
1 0.483368 0.911298 0.485644 0.925537 0.493697 0.957283 0.501576 0.977358 0.504902 0.982260 0.508578 0.984594 0.531513 0.985294 0.539041 0.981092 0.554272 0.979692 0.560924 0.977124 0.565826 0.973156 0.567927 0.970121 0.570553 0.968721 0.576681 0.961485 0.580707 0.954482 0.583158 0.951681 0.590686 0.937675 0.596639 0.919935 0.599790 0.907796 0.602766 0.890756 0.603817 0.866013 0.601891 0.860644 0.595763 0.852007 0.579307 0.833800 0.569328 0.820728 0.557248 0.800654 0.553746 0.797386 0.551821 0.797386 0.550945 0.806022 0.552521 0.826331 0.552171 0.845472 0.550770 0.849440 0.549020 0.859944 0.544293 0.870915 0.536765 0.877451 0.532563 0.880019 0.514531 0.883754 0.503326 0.880719 0.487745 0.869281 0.486169 0.870915 0.484769 0.875584 0.483193 0.892157 0.483368 0.911298
1 0.658789 0.763772 0.660189 0.769841 0.663340 0.778011 0.666492 0.789449 0.672794 0.804155 0.690651 0.831699 0.710784 0.858777 0.721989 0.876984 0.724090 0.878852 0.726190 0.882353 0.731793 0.888189 0.740021 0.894491 0.748074 0.898459 0.759104 0.894725 0.762955 0.891690 0.769083 0.884687 0.771183 0.879785 0.772759 0.873016 0.773459 0.852007 0.771884 0.835201 0.766807 0.807423 0.763130 0.795285 0.759454 0.785948 0.756828 0.781746 0.746849 0.776611 0.737395 0.770308 0.729517 0.763305 0.723915 0.756536 0.716562 0.746265 0.712360 0.738095 0.709384 0.734127 0.706408 0.726891 0.706933 0.724790 0.706583 0.720588 0.696604 0.730859 0.693627 0.735761 0.682423 0.748366 0.675595 0.753035 0.669643 0.755602 0.662115 0.757470 0.659139 0.760037 0.658789 0.763772
1 0.716562 0.929272 0.714986 0.942110 0.713585 0.945845 0.712185 0.956116 0.712535 0.964052 0.716737 0.976891 0.723039 0.985528 0.726015 0.987395 0.729342 0.991363 0.737570 0.996265 0.751401 0.997199 0.774860 0.996965 0.779237 0.996032 0.783438 0.993697 0.804272 0.974323 0.814251 0.956349 0.824580 0.932306 0.826506 0.926004 0.832108 0.901261 0.833508 0.883287 0.832633 0.873716 0.831232 0.869514 0.817577 0.858777 0.779412 0.822596 0.776085 0.819795 0.772234 0.818161 0.771008 0.819328 0.770483 0.821662 0.772584 0.838469 0.774160 0.844771 0.775035 0.859711 0.774160 0.862278 0.774335 0.866480 0.773459 0.873016 0.769258 0.884921 0.766106 0.889122 0.760154 0.894258 0.751751 0.898459 0.747724 0.898459 0.736345 0.892624 0.731618 0.888655 0.727416 0.883287 0.723739 0.880719 0.720413 0.882353 0.718838 0.890289 0.716912 0.894024 0.716562 0.929272
1 0.763480 0.793417 0.767157 0.804388 0.770308 0.810691 0.773459 0.813259 0.778011 0.819795 0.787990 0.827965 0.792017 0.832866 0.802171 0.841737 0.805672 0.846172 0.820028 0.859944 0.839111 0.873483 0.845238 0.876050 0.853641 0.877918 0.859244 0.876984 0.865196 0.874416 0.873249 0.866480 0.877626 0.860177 0.882878 0.845705 0.884804 0.828898 0.884804 0.813725 0.880952 0.789916 0.875875 0.775677 0.864496 0.754435 0.847514 0.727591 0.844188 0.723856 0.824580 0.706816 0.823354 0.707283 0.821954 0.709851 0.820903 0.731326 0.818452 0.744631 0.818452 0.748366 0.816877 0.754902 0.813200 0.765406 0.808648 0.772642 0.802346 0.780112 0.798494 0.783147 0.788515 0.787815 0.778536 0.788282 0.772409 0.787582 0.766457 0.785714 0.764706 0.785948 0.764006 0.787348 0.763480 0.793417
1 0.709909 0.650093 0.712535 0.654528 0.714636 0.672736 0.713060 0.696078 0.713585 0.699580 0.712010 0.702848 0.711835 0.706116 0.708333 0.712885 0.705882 0.720588 0.711134 0.735061 0.713235 0.737862 0.716912 0.745565 0.723739 0.755369 0.730217 0.763072 0.737745 0.769841 0.761380 0.784080 0.766807 0.785714 0.781863 0.787582 0.789741 0.786881 0.797969 0.782913 0.800595 0.779879 0.803746 0.778011 0.808473 0.771242 0.811099 0.768908 0.813901 0.761438 0.817577 0.747666 0.820028 0.734127 0.820903 0.710224 0.821954 0.703782 0.821604 0.678571 0.819678 0.665033 0.817752 0.658497 0.812150 0.645658 0.803746 0.633053 0.796569 0.625817 0.789741 0.620682 0.778536 0.626517 0.775035 0.629318 0.756828 0.635387 0.741597 0.637488 0.719888 0.637255 0.709384 0.635854 0.707283 0.637021 0.706933 0.639356 0.709909 0.650093
0 0.671919 0.605742 0.675945 0.612745 0.680497 0.617414 0.696078 0.628151 0.710609 0.634921 0.722864 0.636321 0.739496 0.636555 0.750350 0.635621 0.762255 0.633287 0.770308 0.630252 0.784139 0.623016 0.799020 0.613679 0.811800 0.603175 0.819678 0.595705 0.828256 0.585434 0.830357 0.584267 0.832808 0.578665 0.838585 0.569328 0.844013 0.554855 0.845238 0.543184 0.845063 0.536415 0.843487 0.529178 0.840511 0.521475 0.836134 0.513539 0.831758 0.507703 0.825105 0.501401 0.818627 0.497199 0.811975 0.493464 0.803571 0.490196 0.786590 0.486695 0.779412 0.486695 0.762255 0.489496 0.750350 0.494631 0.742122 0.500000 0.718662 0.522176 0.711660 0.531746 0.707108 0.536181 0.696078 0.550187 0.687150 0.562558 0.678571 0.577965 0.676296 0.585434 0.672269 0.592204 0.671569 0.597339 0.671919 0.605742
1 0.800420 0.626517 0.811625 0.641923 0.814601 0.647526 0.818978 0.658964 0.823354 0.682306 0.823354 0.696078 0.824055 0.702381 0.824580 0.704015 0.830007 0.710317 0.846113 0.724090 0.887080 0.753501 0.890931 0.753268 0.897234 0.755836 0.906863 0.758170 0.914916 0.757470 0.922444 0.753501 0.928746 0.746265 0.932073 0.741130 0.936275 0.727124 0.937850 0.713585 0.936800 0.696312 0.934699 0.678805 0.926821 0.656162 0.914916 0.633754 0.901085 0.616013 0.894433 0.609711 0.892507 0.606209 0.890231 0.604809 0.887955 0.601774 0.870798 0.588002 0.862745 0.582633 0.855742 0.579599 0.845238 0.584267 0.841211 0.587068 0.827731 0.588936 0.815651 0.601774 0.803396 0.612512 0.801296 0.616480 0.800595 0.620215 0.800420 0.626517
1 0.947751 0.805376 0.947988 0.805376 0.947988 0.804606 0.947751 0.804606 0.947751 0.805376
1 0.887255 0.765640 0.889356 0.775910 0.895658 0.797386 0.897759 0.803455 0.899685 0.806489 0.902486 0.819328 0.906162 0.831933 0.911064 0.845238 0.913866 0.848973 0.917892 0.861111 0.921744 0.867647 0.925595 0.872316 0.934699 0.875350 0.939601 0.878385 0.963761 0.875350 0.966912 0.874183 0.977416 0.866246 0.983718 0.859477 0.988270 0.852708 0.991772 0.845472 0.996849 0.827965 0.997724 0.812558 0.997724 0.765406 0.993347 0.737862 0.984944 0.723156 0.971814 0.704482 0.958158 0.682073 0.950630 0.672969 0.942752 0.668301 0.935749 0.666200 0.932248 0.666667 0.931548 0.668301 0.933473 0.672035 0.933648 0.675070 0.936625 0.686041 0.938025 0.704482 0.938200 0.717320 0.935049 0.733427 0.932248 0.740896 0.929097 0.744865 0.928221 0.747899 0.921569 0.754902 0.911940 0.758403 0.906688 0.758170 0.890756 0.753735 0.887255 0.754669 0.886555 0.756769 0.887255 0.765640
1 0.832808 0.918534 0.836485 0.935574 0.838235 0.942577 0.845063 0.960084 0.852416 0.972222 0.862745 0.982960 0.868873 0.987395 0.871499 0.991363 0.876926 0.995098 0.879377 0.995798 0.906688 0.996732 0.917717 0.995565 0.921394 0.991363 0.925945 0.978058 0.928221 0.956583 0.929447 0.952381 0.930847 0.940943 0.934524 0.925303 0.938025 0.900560 0.938200 0.880252 0.932598 0.875817 0.928746 0.875117 0.924370 0.872549 0.919643 0.866480 0.912815 0.849673 0.907213 0.838469 0.904412 0.828198 0.900210 0.817460 0.898459 0.809757 0.893732 0.796218 0.893557 0.793651 0.892157 0.791550 0.890756 0.785948 0.887430 0.778478 0.880077 0.777077 0.878852 0.779178 0.879902 0.784314 0.881653 0.788049 0.882528 0.796685 0.884454 0.806022 0.884104 0.810691 0.885329 0.815126 0.885854 0.827965 0.883228 0.845472 0.878676 0.859477 0.868522 0.872082 0.858894 0.878151 0.851190 0.878852 0.845763 0.877684 0.838936 0.874650 0.836485 0.875584 0.835784 0.876751 0.835609 0.883754 0.832458 0.906863 0.832808 0.918534
1 0.929797 0.605742 0.933123 0.623249 0.939076 0.643557 0.943627 0.653128 0.947479 0.663866 0.960434 0.683007 0.965686 0.693044 0.973214 0.704949 0.996499 0.738329 0.998074 0.740430 0.999825 0.740430 0.999825 0.553922 0.992122 0.544351 0.988796 0.541783 0.976891 0.535714 0.969888 0.534314 0.967437 0.536648 0.960959 0.552754 0.951506 0.568627 0.946779 0.574697 0.931022 0.587535 0.930147 0.588702 0.929797 0.591503 0.929797 0.605742
0 0.871148 0.474323 0.877101 0.525444 0.879202 0.535014 0.890056 0.567227 0.896183 0.575397 0.900560 0.577731 0.904587 0.581699 0.912115 0.585901 0.920168 0.587768 0.928571 0.587068 0.935749 0.583567 0.949580 0.571195 0.958683 0.556489 0.965511 0.539683 0.973214 0.505135 0.973915 0.495098 0.976015 0.481326 0.976190 0.473623 0.973915 0.455882 0.971814 0.445378 0.966737 0.428805 0.967087 0.425303 0.955532 0.404528 0.949230 0.397526 0.942402 0.392390 0.935399 0.389356 0.926120 0.387722 0.919293 0.388655 0.901085 0.397526 0.885854 0.417134 0.880952 0.425070 0.874300 0.445378 0.871499 0.466853 0.871148 0.474323
1 0.785889 0.470822 0.787640 0.484594 0.792892 0.486928 0.800770 0.488329 0.810399 0.491830 0.823529 0.499533 0.829832 0.505135 0.837535 0.514472 0.843312 0.526377 0.844888 0.532446 0.845588 0.539216 0.844713 0.554855 0.840336 0.567927 0.833333 0.578431 0.830707 0.585201 0.834734 0.586601 0.839811 0.585901 0.853291 0.579132 0.857668 0.576097 0.866772 0.565593 0.870273 0.557190 0.873249 0.552054 0.875350 0.546452 0.877801 0.536415 0.875175 0.517740 0.871148 0.473203 0.871324 0.460784 0.873599 0.446545 0.873599 0.442344 0.869923 0.431139 0.866246 0.424603 0.859769 0.421335 0.849790 0.423203 0.835609 0.422035 0.828957 0.419468 0.821254 0.415033 0.818452 0.414566 0.811625 0.417367 0.804447 0.418768 0.800245 0.422035 0.797444 0.425537 0.792717 0.435341 0.788165 0.453315 0.786064 0.467320 0.785889 0.470822
1 0.676471 0.504902 0.677521 0.511438 0.678922 0.536648 0.683648 0.553688 0.685224 0.556489 0.688901 0.559057 0.694853 0.550654 0.717481 0.523518 0.741947 0.499533 0.750875 0.493697 0.757703 0.491130 0.762605 0.487862 0.763305 0.485761 0.762605 0.473856 0.759454 0.458217 0.750175 0.429972 0.748424 0.427171 0.744923 0.423903 0.739846 0.434874 0.735119 0.442810 0.728466 0.450047 0.716912 0.459150 0.704307 0.462885 0.698179 0.462418 0.682948 0.456816 0.680147 0.457516 0.679097 0.460084 0.676471 0.504902
1 0.623074 0.502101 0.623950 0.504669 0.625525 0.506303 0.631478 0.509104 0.636555 0.515173 0.642157 0.526377 0.647059 0.539916 0.648109 0.541083 0.650735 0.542017 0.651961 0.541550 0.662465 0.533380 0.666667 0.528478 0.672094 0.516106 0.676471 0.495565 0.678922 0.456349 0.676296 0.452148 0.663165 0.437208 0.659314 0.430205 0.657913 0.425070 0.655637 0.423203 0.654412 0.420868 0.650910 0.427404 0.649335 0.442577 0.647234 0.449346 0.646709 0.455649 0.644958 0.463585 0.642507 0.471755 0.639881 0.477124 0.632178 0.486695 0.629027 0.489729 0.625350 0.491130 0.623249 0.497432 0.623074 0.502101
1 0.578081 0.397526 0.589811 0.414332 0.596989 0.426937 0.598739 0.431373 0.599965 0.432306 0.602066 0.436275 0.612045 0.459617 0.615371 0.473856 0.617472 0.478758 0.619748 0.491597 0.621499 0.493464 0.623074 0.498599 0.624475 0.491363 0.626401 0.488095 0.630077 0.487395 0.633578 0.484594 0.639181 0.477824 0.641457 0.472923 0.646008 0.457750 0.649160 0.439776 0.650560 0.426471 0.652661 0.421802 0.652661 0.415033 0.649685 0.400093 0.648634 0.387722 0.648985 0.376751 0.650910 0.369748 0.652661 0.355509 0.650910 0.348739 0.644608 0.334734 0.636905 0.323996 0.629552 0.316760 0.624300 0.314192 0.619748 0.314192 0.617822 0.317460 0.616246 0.330999 0.614146 0.366480 0.611520 0.377451 0.604692 0.385854 0.595763 0.391923 0.590336 0.393791 0.580707 0.394491 0.578431 0.395892 0.578081 0.397526
0 0.649335 0.391223 0.651436 0.404762 0.657913 0.425070 0.661239 0.432540 0.663515 0.435808 0.678922 0.453782 0.682598 0.456349 0.698529 0.462418 0.706758 0.462185 0.719013 0.457750 0.723915 0.452848 0.728817 0.449813 0.734769 0.442577 0.743873 0.427171 0.745623 0.423903 0.749825 0.410831 0.754027 0.400794 0.757003 0.389356 0.759104 0.375817 0.761905 0.366480 0.762255 0.362745 0.753852 0.330299 0.751225 0.313959 0.747899 0.307190 0.741772 0.298319 0.737745 0.295752 0.734419 0.292250 0.727591 0.289216 0.713761 0.287815 0.706232 0.288515 0.693803 0.293417 0.675595 0.310924 0.672969 0.314192 0.669993 0.320495 0.663866 0.328198 0.663690 0.330299 0.658789 0.342437 0.653536 0.362045 0.650385 0.376050 0.649685 0.382820 0.649335 0.391223
0 0.753326 0.293417 0.753326 0.300654 0.754202 0.307190 0.754027 0.320962 0.756127 0.334034 0.760679 0.352007 0.765756 0.366246 0.767857 0.369514 0.770833 0.379552 0.778711 0.394024 0.785714 0.402894 0.794468 0.411531 0.803396 0.416900 0.810399 0.416667 0.814951 0.414566 0.819328 0.409664 0.824055 0.401027 0.831057 0.380019 0.844713 0.327498 0.847689 0.310924 0.848739 0.300887 0.849265 0.282913 0.848214 0.264939 0.845413 0.251634 0.838410 0.230859 0.826681 0.213352 0.821429 0.207983 0.813725 0.202614 0.807773 0.200280 0.800070 0.199813 0.793242 0.200280 0.782563 0.204482 0.778186 0.208217 0.772409 0.215453 0.768557 0.223389 0.760854 0.244398 0.754727 0.272876 0.753326 0.293417
1 0.820028 0.411298 0.823354 0.414799 0.834909 0.420401 0.841036 0.421802 0.845588 0.421802 0.862745 0.417834 0.873249 0.411064 0.878501 0.404762 0.881478 0.402428 0.887255 0.393791 0.892682 0.383754 0.892857 0.379785 0.897234 0.366480 0.898109 0.359944 0.896709 0.341737 0.895133 0.331466 0.892157 0.320962 0.887255 0.308123 0.880427 0.298553 0.873775 0.291783 0.862570 0.285014 0.852416 0.280579 0.849790 0.282680 0.848915 0.303688 0.844538 0.330299 0.841737 0.338235 0.831758 0.379552 0.824930 0.399860 0.820728 0.407796 0.820028 0.411298
1 0.872549 0.265873 0.875350 0.284314 0.875525 0.289916 0.885329 0.302988 0.890931 0.314192 0.896183 0.331232 0.897409 0.338702 0.898985 0.341970 0.900035 0.351774 0.902486 0.355042 0.903186 0.359244 0.904587 0.362512 0.911239 0.368347 0.924020 0.384454 0.943627 0.392157 0.950805 0.397993 0.960084 0.409197 0.964111 0.409430 0.967087 0.408263 0.977241 0.400327 0.984244 0.387955 0.987045 0.376751 0.987395 0.356209 0.986169 0.345005 0.983368 0.327965 0.976015 0.300654 0.970938 0.286881 0.965686 0.276377 0.961660 0.270308 0.958158 0.262605 0.943978 0.243931 0.928746 0.227358 0.917192 0.220355 0.910539 0.218487 0.904062 0.218487 0.900560 0.219655 0.883578 0.231326 0.879377 0.235528 0.875875 0.240896 0.874300 0.244865 0.873424 0.253501 0.872549 0.265873
1 0.746849 0.225490 0.748950 0.247199 0.751576 0.258170 0.755077 0.263772 0.758053 0.254902 0.760679 0.242997 0.767682 0.224556 0.772059 0.216153 0.777486 0.208683 0.781688 0.204715 0.791492 0.200980 0.794643 0.196078 0.797444 0.193744 0.799895 0.195612 0.801120 0.199580 0.809874 0.200280 0.818277 0.204715 0.822654 0.208450 0.836835 0.226424 0.838410 0.230392 0.841737 0.228525 0.842262 0.225957 0.842787 0.206116 0.841562 0.196312 0.838761 0.186741 0.831933 0.175537 0.828081 0.171802 0.818627 0.164799 0.813375 0.163399 0.810749 0.161298 0.783088 0.161998 0.776085 0.165500 0.772409 0.165033 0.769083 0.167367 0.761730 0.173203 0.757353 0.178805 0.756303 0.183007 0.750525 0.195145 0.748249 0.203081 0.747549 0.209384 0.746849 0.225490
1 0.764181 0.170168 0.761905 0.171802 0.762080 0.175070 0.769958 0.168768 0.779412 0.163632 0.785539 0.162232 0.798144 0.163399 0.807948 0.162465 0.810924 0.161298 0.809524 0.156162 0.807598 0.154062 0.800595 0.152428 0.792892 0.152661 0.779062 0.156629 0.771709 0.160364 0.770133 0.161298 0.767157 0.166200 0.765231 0.167367 0.764181 0.170168
1 0.656162 0.189076 0.656688 0.193044 0.663866 0.215453 0.667367 0.237628 0.667017 0.251167 0.664741 0.268207 0.665091 0.272409 0.666492 0.276144 0.678396 0.292017 0.682773 0.294585 0.689251 0.295051 0.697479 0.290149 0.707458 0.285948 0.710259 0.283380 0.715511 0.274977 0.723915 0.265406 0.729692 0.250467 0.731092 0.244631 0.733543 0.239496 0.736345 0.228525 0.737395 0.217087 0.737045 0.182306 0.736345 0.174837 0.733718 0.161765 0.731443 0.158030 0.729692 0.153128 0.726190 0.147526 0.721464 0.142857 0.713585 0.139356 0.702556 0.138422 0.693102 0.140756 0.677521 0.149860 0.665266 0.168301 0.657913 0.183707 0.656162 0.189076
1 0.619748 0.119748 0.620798 0.122549 0.637955 0.129785 0.643032 0.133053 0.650210 0.139589 0.659314 0.153595 0.662815 0.163399 0.664741 0.164332 0.668067 0.161064 0.675595 0.150794 0.676296 0.147759 0.675945 0.140056 0.671744 0.126284 0.668943 0.119748 0.666141 0.115313 0.661940 0.109944 0.656688 0.105275 0.648634 0.101074 0.640406 0.100607 0.635854 0.102241 0.630252 0.105742 0.625000 0.111811 0.619748 0.119748
1 0.477941 0.279412 0.480567 0.283613 0.485119 0.288515 0.488620 0.294351 0.497549 0.314192 0.501050 0.331699 0.502451 0.358543 0.503501 0.363212 0.505602 0.365079 0.514356 0.364146 0.522759 0.360411 0.527836 0.356909 0.529937 0.352241 0.523459 0.334967 0.519433 0.317927 0.517857 0.307890 0.516807 0.293884 0.517157 0.269374 0.518557 0.255135 0.523634 0.228058 0.527311 0.216853 0.535364 0.199346 0.527136 0.197012 0.518207 0.198880 0.511730 0.202848 0.499300 0.216620 0.490371 0.230859 0.481968 0.251634 0.479692 0.261671 0.478116 0.276144 0.477941 0.279412
1 0.375700 0.248599 0.377801 0.251634 0.387080 0.257236 0.391982 0.261671 0.394783 0.266106 0.401786 0.279879 0.405637 0.291783 0.410014 0.312792 0.411239 0.314659 0.414741 0.309290 0.415616 0.304155 0.419993 0.295285 0.432598 0.280112 0.441527 0.274276 0.446078 0.272642 0.455707 0.271242 0.457808 0.269141 0.459209 0.260271 0.459034 0.232960 0.456933 0.212185 0.455707 0.206816 0.455882 0.202614 0.454657 0.196545 0.451331 0.185341 0.447129 0.178338 0.440826 0.171102 0.436099 0.166900 0.432248 0.165033 0.422444 0.163866 0.414916 0.165033 0.407388 0.168768 0.397584 0.177871 0.386555 0.192810 0.386204 0.197946 0.382003 0.205649 0.378676 0.216387 0.376050 0.235528 0.375700 0.248599
1 0.251401 0.303922 0.252276 0.310691 0.253151 0.312792 0.254902 0.314426 0.262255 0.307656 0.269083 0.306956 0.273985 0.305089 0.274860 0.303922 0.275735 0.297152 0.280637 0.280579 0.288165 0.266340 0.299370 0.249767 0.305672 0.243931 0.311975 0.239729 0.320728 0.234827 0.323880 0.234127 0.339111 0.233193 0.341036 0.233894 0.345413 0.237862 0.352241 0.237162 0.355042 0.234827 0.359769 0.220588 0.359419 0.203081 0.356268 0.196779 0.346639 0.188375 0.339636 0.186975 0.334909 0.187442 0.313725 0.196078 0.303571 0.202614 0.295868 0.209617 0.292192 0.213352 0.285014 0.224323 0.278361 0.232726 0.268557 0.251167 0.266982 0.255836 0.264706 0.258637 0.264006 0.261204 0.264006 0.267040 0.257003 0.286881 0.254027 0.292250 0.251751 0.301120 0.251401 0.303922
1 0.240721 0.294585 0.242472 0.304388 0.244923 0.310458 0.251576 0.316527 0.252276 0.313725 0.251050 0.306956 0.253501 0.292951 0.258929 0.278711 0.264181 0.268908 0.264531 0.263305 0.269958 0.247899 0.276261 0.236228 0.281338 0.228758 0.283263 0.227124 0.287640 0.219421 0.291842 0.213819 0.302521 0.203081 0.301646 0.200747 0.292542 0.199580 0.283263 0.203081 0.273634 0.209617 0.268207 0.214986 0.263130 0.221522 0.257878 0.230859 0.251401 0.245798 0.246499 0.261204 0.243873 0.266106 0.243172 0.273343 0.240721 0.285481 0.240721 0.294585
1 0.239846 0.255836 0.241246 0.266807 0.244748 0.267974 0.247374 0.256069 0.257178 0.232960 0.262955 0.221989 0.270133 0.213819 0.272409 0.209851 0.269433 0.208450 0.261730 0.209150 0.248775 0.216853 0.244223 0.223389 0.242647 0.227358 0.240721 0.234594 0.239846 0.243464 0.239846 0.255836
1 0.356618 0.241130 0.357668 0.244631 0.359244 0.246032 0.371849 0.249066 0.375000 0.248133 0.375875 0.233427 0.377451 0.221289 0.379552 0.212652 0.385679 0.196078 0.384979 0.193744 0.383578 0.193277 0.379727 0.196078 0.373249 0.203315 0.362395 0.223389 0.357318 0.237628 0.356618 0.241130
1 0.348915 0.189309 0.355217 0.194211 0.358718 0.199813 0.360994 0.217320 0.361695 0.220355 0.362570 0.221289 0.370448 0.207049 0.378151 0.196779 0.383929 0.192577 0.383053 0.189309 0.381127 0.187908 0.366597 0.181139 0.358193 0.181606 0.349790 0.185574 0.348915 0.188142 0.348915 0.189309
1 0.459559 0.233193 0.459734 0.250817 0.459209 0.265406 0.457633 0.268908 0.458859 0.270775 0.461660 0.272409 0.475315 0.278478 0.477241 0.280112 0.478291 0.279879 0.478817 0.279412 0.478992 0.267507 0.484594 0.245098 0.489671 0.232960 0.497374 0.220355 0.498424 0.216620 0.494748 0.211018 0.491422 0.208450 0.482668 0.206816 0.470413 0.207049 0.459384 0.211951 0.457808 0.214519 0.459559 0.233193
1 0.755952 0.394958 0.748424 0.418301 0.748599 0.421802 0.750350 0.424603 0.752101 0.429739 0.761730 0.436741 0.775910 0.440243 0.778711 0.439776 0.783088 0.436741 0.788165 0.429038 0.791667 0.420168 0.792892 0.414799 0.792367 0.411298 0.789566 0.407096 0.782213 0.399627 0.776436 0.390523 0.773985 0.387955 0.768032 0.375117 0.765581 0.367647 0.761905 0.368347 0.755952 0.394958
1 0.715161 0.282913 0.716036 0.285247 0.726716 0.288049 0.733368 0.290850 0.742822 0.299020 0.747724 0.304855 0.750175 0.309757 0.751926 0.318394 0.752626 0.287815 0.753852 0.272876 0.753852 0.269141 0.753151 0.267974 0.749475 0.264939 0.740546 0.261671 0.737220 0.261438 0.732318 0.262605 0.727241 0.264472 0.723389 0.267974 0.715336 0.279178 0.715161 0.282913
1 0.215890 0.303500 0.218691 0.306768 0.222543 0.308869 0.225694 0.312604 0.229195 0.319373 0.231996 0.331044 0.231646 0.338047 0.233922 0.338981 0.234973 0.341315 0.238299 0.342949 0.245302 0.329877 0.248390 0.319235 0.243676 0.314301 0.241450 0.298131 0.238299 0.293463 0.233572 0.293930 0.225869 0.296497 0.217291 0.302099 0.215890 0.303500
1 0.142332 0.359477 0.143908 0.361111 0.158964 0.340570 0.176646 0.321895 0.188550 0.311158 0.188375 0.307190 0.182073 0.302521 0.179097 0.301354 0.169643 0.300187 0.164041 0.301821 0.157563 0.306723 0.152136 0.314192 0.146884 0.328198 0.142507 0.352241 0.142332 0.359477
1 0.151961 0.690476 0.153011 0.698880 0.154412 0.701914 0.157738 0.696312 0.158088 0.693978 0.179447 0.649860 0.182248 0.646825 0.191439 0.632937 0.200455 0.623249 0.201331 0.619514 0.199055 0.612278 0.198880 0.600840 0.202206 0.570495 0.203081 0.567927 0.202906 0.563959 0.203606 0.560691 0.202556 0.556723 0.199405 0.556256 0.197654 0.556956 0.185574 0.563959 0.183473 0.566993 0.175245 0.591503 0.169643 0.614613 0.165966 0.625350 0.157738 0.641690 0.153711 0.647526 0.151961 0.690476
1 0.938725 0.911531 0.937850 0.914332 0.937500 0.922969 0.943803 0.943277 0.945378 0.950514 0.952906 0.972222 0.960084 0.983193 0.970413 0.994865 0.974965 0.996499 0.988095 0.997899 0.989321 0.999767 0.999825 0.999767 0.999825 0.833333 0.997899 0.833567 0.994748 0.837768 0.992997 0.844538 0.990371 0.848973 0.988796 0.853641 0.984594 0.859477 0.974265 0.869981 0.964286 0.875817 0.941352 0.880719 0.939951 0.882353 0.939076 0.886788 0.938725 0.911531
1 0.681373 0.144024 0.682248 0.145191 0.685924 0.144958 0.688375 0.142624 0.699055 0.138189 0.713410 0.138422 0.722339 0.142390 0.728992 0.149860 0.733193 0.159197 0.735994 0.170401 0.737570 0.182306 0.738095 0.195378 0.738445 0.217320 0.737745 0.220121 0.737745 0.228058 0.740196 0.232260 0.741246 0.237628 0.741597 0.235994 0.743697 0.234127 0.743697 0.231793 0.744748 0.228992 0.744223 0.224323 0.746499 0.205182 0.754727 0.182073 0.754727 0.178571 0.749300 0.165033 0.745098 0.157563 0.739846 0.149860 0.731443 0.139823 0.720763 0.132586 0.713410 0.130019 0.702556 0.129318 0.696078 0.130019 0.691176 0.131653 0.688025 0.134220 0.686625 0.137021 0.683648 0.140056 0.681373 0.144024
1 0.674720 0.135854 0.676646 0.144958 0.678046 0.146825 0.683123 0.144024 0.690301 0.133520 0.689776 0.130019 0.679622 0.122549 0.671919 0.121148 0.670518 0.122316 0.674720 0.135854
1 0.659664 0.283380 0.656338 0.289449 0.644258 0.305322 0.629727 0.314192 0.631828 0.317694 0.637080 0.322829 0.645833 0.335434 0.648985 0.341270 0.654412 0.354809 0.662640 0.331933 0.675654 0.310380 0.685224 0.300654 0.686625 0.296919 0.683473 0.296218 0.676120 0.290383 0.672269 0.285247 0.667542 0.280812 0.664916 0.276611 0.661590 0.277544 0.659664 0.283380
1 0.873599 0.552754 0.867472 0.565126 0.859944 0.574930 0.858193 0.578431 0.879202 0.593604 0.886380 0.600373 0.907213 0.623249 0.918067 0.637488 0.921394 0.637488 0.928922 0.633754 0.932073 0.631186 0.932773 0.630019 0.932773 0.626517 0.929447 0.608310 0.929622 0.591970 0.928746 0.588469 0.921043 0.588235 0.912290 0.586601 0.906338 0.583333 0.904937 0.581466 0.894433 0.574697 0.888831 0.565359 0.886555 0.557190 0.881478 0.546685 0.880077 0.540149 0.876751 0.544118 0.873599 0.552754
1 0.974440 0.450514 0.976891 0.469888 0.977066 0.484594 0.979692 0.498133 0.986520 0.521242 0.992472 0.536415 0.994748 0.541550 0.997549 0.543651 0.998249 0.548319 0.999825 0.548319 0.999825 0.410598 0.998074 0.410598 0.986870 0.417367 0.979517 0.425303 0.976541 0.432306 0.974615 0.444678 0.974440 0.450514
1 0.959734 0.265640 0.971464 0.287815 0.976716 0.302288 0.981618 0.319561 0.985994 0.345938 0.987745 0.366713 0.990371 0.368114 0.995973 0.366947 0.998249 0.363679 0.999825 0.363679 0.999825 0.341270 0.998074 0.341036 0.992122 0.310924 0.972164 0.265406 0.965861 0.261905 0.961485 0.262138 0.959909 0.264239 0.959734 0.265640
1 0.978291 0.265406 0.978641 0.276144 0.980042 0.282680 0.983894 0.293184 0.987220 0.300187 0.991246 0.306022 0.998249 0.310924 0.999825 0.310924 0.999825 0.259804 0.980742 0.261438 0.978992 0.263072 0.978291 0.265406
1 0.649160 0.543184 0.649335 0.547152 0.653186 0.565593 0.654237 0.575864 0.653711 0.605509 0.654412 0.606443 0.664391 0.607143 0.669118 0.606443 0.670343 0.604575 0.670518 0.597572 0.674195 0.586368 0.683824 0.567460 0.685749 0.560691 0.683648 0.556489 0.678746 0.536181 0.675245 0.526144 0.671569 0.524276 0.662290 0.533613 0.649860 0.542250 0.649160 0.543184
1 0.112045 0.772409 0.112220 0.800420 0.115371 0.833333 0.117997 0.846639 0.121324 0.856443 0.124475 0.869281 0.132178 0.887722 0.135154 0.892857 0.136380 0.897059 0.145833 0.911064 0.154412 0.921802 0.163165 0.929038 0.171569 0.932773 0.181723 0.932540 0.185224 0.931839 0.188725 0.929505 0.193803 0.922269 0.196254 0.916667 0.200280 0.904528 0.202381 0.894024 0.200630 0.872782 0.198179 0.854809 0.199493 0.819580 0.199937 0.808894 0.200381 0.802701 0.192164 0.808623 0.182598 0.813492 0.175420 0.813259 0.166492 0.808357 0.162640 0.804855 0.159839 0.800887 0.154587 0.789683 0.150735 0.775444 0.149160 0.762372 0.148810 0.753035 0.149685 0.727124 0.150858 0.723046 0.144083 0.725023 0.134979 0.728992 0.123950 0.737628 0.118172 0.746265 0.116246 0.751401 0.113270 0.764472 0.112045 0.772409