1 0.158730 0.029587 0.160831 0.037465 0.166667 0.046919 0.171569 0.052521 0.175070 0.055147 0.178571 0.054097 0.181839 0.049195 0.189776 0.041492 0.196545 0.037815 0.205182 0.034664 0.216387 0.032038 0.237628 0.029587 0.271008 0.030987 0.274510 0.030462 0.276377 0.029412 0.276611 0.022059 0.274510 0.013655 0.271008 0.009629 0.268674 0.005077 0.264472 0.001576 0.264472 0.000000 0.166900 0.000000 0.166900 0.001751 0.161531 0.008929 0.158964 0.017157 0.158730 0.029587
1 0.175303 0.075105 0.176004 0.081583 0.177404 0.085609 0.180672 0.091912 0.189076 0.102241 0.202614 0.111345 0.211951 0.116597 0.218721 0.118873 0.223856 0.121849 0.232960 0.124125 0.238562 0.127276 0.244631 0.129027 0.262138 0.131303 0.283147 0.127626 0.304855 0.126401 0.310924 0.127101 0.317227 0.128852 0.322362 0.131303 0.335201 0.129902 0.352474 0.126751 0.362512 0.123775 0.374883 0.116071 0.378618 0.112570 0.382353 0.105742 0.383287 0.098564 0.381653 0.091562 0.378618 0.084734 0.372316 0.079832 0.365313 0.075980 0.314192 0.041317 0.298553 0.036415 0.293651 0.036590 0.282680 0.034314 0.272409 0.030987 0.234127 0.029762 0.225490 0.031338 0.216853 0.031688 0.203315 0.034839 0.189309 0.041667 0.185107 0.045518 0.180906 0.050945 0.178105 0.057073 0.175770 0.067052 0.175303 0.075105
1 0.297152 0.005952 0.296452 0.008578 0.298086 0.011204 0.299720 0.019083 0.303221 0.022409 0.306256 0.028361 0.309757 0.031688 0.312792 0.036415 0.323296 0.046569 0.327965 0.049720 0.331699 0.050945 0.342670 0.060924 0.362979 0.073704 0.377684 0.080182 0.389823 0.081758 0.400560 0.082108 0.409197 0.080882 0.418301 0.077731 0.421802 0.077906 0.427171 0.074580 0.436975 0.063025 0.444211 0.057423 0.446779 0.053922 0.449813 0.035189 0.449580 0.028536 0.444911 0.011204 0.443511 0.008403 0.437208 0.001576 0.437208 0.000000 0.296685 0.000000 0.297152 0.005952
1 0.003035 0.150910 0.003968 0.169118 0.007003 0.178746 0.015640 0.189426 0.018674 0.191702 0.029178 0.195378 0.069795 0.193452 0.071662 0.192577 0.071662 0.189076 0.066293 0.180497 0.065126 0.169118 0.066760 0.161590 0.070962 0.154237 0.077031 0.146359 0.085201 0.139356 0.105275 0.130777 0.112745 0.128852 0.116713 0.128852 0.121615 0.126401 0.124883 0.113796 0.124183 0.105917 0.120215 0.099265 0.115079 0.094188 0.103641 0.086134 0.097806 0.083508 0.087768 0.080182 0.069561 0.078081 0.057423 0.077731 0.054855 0.078256 0.046919 0.081408 0.038049 0.083508 0.025677 0.089636 0.014706 0.098915 0.011204 0.105567 0.005135 0.133578 0.003035 0.150910
0 0.361578 0.398634 0.362512 0.407738 0.363912 0.414916 0.369748 0.432073 0.375584 0.442752 0.380019 0.446254 0.383053 0.450280 0.397059 0.463410 0.403128 0.467262 0.417367 0.474090 0.427871 0.477766 0.435574 0.479692 0.456816 0.480917 0.470355 0.478817 0.485994 0.472514 0.497899 0.465686 0.505602 0.459559 0.516106 0.449580 0.531046 0.430847 0.537348 0.421569 0.542484 0.416317 0.561858 0.379902 0.569795 0.355742 0.572129 0.342087 0.572129 0.327381 0.571429 0.320728 0.566527 0.298669 0.558357 0.284139 0.540383 0.262080 0.525677 0.251751 0.522876 0.250525 0.518674 0.249475 0.505135 0.251401 0.502568 0.252976 0.494398 0.255602 0.476657 0.265931 0.462185 0.272409 0.447479 0.283263 0.443978 0.285014 0.426471 0.299545 0.414332 0.310924 0.411298 0.312500 0.381653 0.341211 0.376984 0.346639 0.371849 0.353992 0.365079 0.369748 0.362745 0.379727 0.361811 0.389006 0.361578 0.398634
1 0.684874 0.276085 0.689076 0.279412 0.697246 0.281162 0.720121 0.289041 0.730859 0.297094 0.734594 0.299020 0.744631 0.307598 0.749767 0.310574 0.756303 0.316001 0.763772 0.324580 0.769841 0.329832 0.775910 0.338235 0.782913 0.356793 0.796919 0.352941 0.801821 0.349615 0.811391 0.346639 0.818861 0.343312 0.821195 0.341562 0.824697 0.340511 0.828665 0.336660 0.838469 0.333683 0.852941 0.325280 0.859477 0.318803 0.888189 0.296043 0.904762 0.276961 0.909664 0.269608 0.916200 0.255602 0.923903 0.234419 0.923903 0.209559 0.918768 0.194853 0.911531 0.182073 0.908730 0.179272 0.901261 0.175070 0.895892 0.175945 0.893091 0.177521 0.887722 0.178746 0.882353 0.177871 0.880252 0.176646 0.877451 0.176821 0.866713 0.179972 0.862745 0.182073 0.855742 0.183473 0.843604 0.187850 0.835901 0.192052 0.818627 0.197829 0.809524 0.202731 0.803922 0.204132 0.730392 0.236520 0.707049 0.251751 0.697946 0.259804 0.686975 0.272409 0.684874 0.276085
1 0.570962 0.315126 0.572596 0.318978 0.573529 0.337554 0.572129 0.351891 0.568161 0.366071 0.563959 0.376751 0.563725 0.380252 0.575630 0.394958 0.581699 0.398109 0.591737 0.405637 0.602241 0.409489 0.610878 0.411415 0.622316 0.413515 0.638655 0.414916 0.643791 0.415966 0.658030 0.416141 0.682306 0.414391 0.699346 0.412115 0.713352 0.411239 0.716620 0.410014 0.720588 0.409664 0.745098 0.401261 0.755135 0.396884 0.764939 0.391457 0.769141 0.387780 0.778245 0.373249 0.780112 0.363796 0.780345 0.355392 0.774276 0.337185 0.759804 0.321254 0.750467 0.313025 0.730859 0.297794 0.717320 0.289916 0.710084 0.287290 0.706583 0.285189 0.692810 0.281162 0.689076 0.280812 0.685107 0.279237 0.675070 0.277136 0.644258 0.274160 0.618347 0.275035 0.599907 0.277486 0.583800 0.282913 0.578898 0.285714 0.570962 0.292192 0.567694 0.298845 0.570962 0.315126
0 0.480626 0.623775 0.482726 0.637080 0.484360 0.640406 0.484827 0.655287 0.495565 0.692577 0.501401 0.706408 0.503035 0.707808 0.508637 0.718838 0.524977 0.741246 0.535948 0.753326 0.546218 0.761204 0.554155 0.765931 0.564893 0.770483 0.573763 0.773284 0.579832 0.774335 0.606209 0.776085 0.623483 0.774510 0.626517 0.772934 0.633287 0.771183 0.637021 0.771183 0.641923 0.769958 0.648226 0.765581 0.653361 0.763480 0.672269 0.749825 0.686041 0.735119 0.689542 0.729867 0.692577 0.727416 0.699346 0.718838 0.707983 0.706583 0.713352 0.694853 0.715920 0.684524 0.718254 0.678922 0.719655 0.668768 0.719421 0.664041 0.720355 0.661940 0.721055 0.652836 0.720588 0.639706 0.718254 0.627276 0.713352 0.612745 0.699346 0.585084 0.687908 0.567227 0.679739 0.552696 0.679038 0.550070 0.665033 0.529062 0.644491 0.508578 0.636788 0.502626 0.633987 0.501401 0.626517 0.494398 0.617414 0.487745 0.609244 0.483543 0.598739 0.479517 0.587068 0.478466 0.581933 0.478992 0.577264 0.480917 0.564192 0.483018 0.553688 0.485819 0.539216 0.494223 0.531046 0.500175 0.527077 0.504202 0.522409 0.507003 0.513072 0.518557 0.508403 0.522759 0.500000 0.536239 0.489729 0.557248 0.485294 0.571078 0.483427 0.580882 0.483427 0.589286 0.482026 0.594013 0.480626 0.623775
0 0.256069 0.515581 0.259337 0.539741 0.263305 0.553746 0.270308 0.567927 0.273109 0.575630 0.278245 0.583859 0.282213 0.588060 0.288749 0.598915 0.320962 0.636905 0.348973 0.661064 0.358777 0.666842 0.369981 0.671744 0.376284 0.672969 0.380719 0.672969 0.387021 0.671394 0.397292 0.664391 0.404762 0.656688 0.416900 0.630252 0.421102 0.599265 0.421335 0.586835 0.424370 0.568277 0.425070 0.549370 0.422502 0.522234 0.417367 0.503151 0.414099 0.494748 0.401494 0.472689 0.391923 0.460609 0.379318 0.448004 0.373950 0.443978 0.362512 0.437500 0.352241 0.433648 0.342670 0.431548 0.335668 0.431548 0.328431 0.433123 0.317227 0.432773 0.309290 0.434174 0.300420 0.436800 0.289916 0.442227 0.277778 0.453081 0.274510 0.463761 0.271242 0.470763 0.257937 0.494748 0.256769 0.500875 0.256069 0.515581
0 0.044351 0.414041 0.047852 0.421919 0.050420 0.432073 0.056723 0.443803 0.070962 0.464461 0.077264 0.470588 0.089869 0.480042 0.097339 0.487745 0.103408 0.492122 0.107610 0.494048 0.119981 0.501926 0.141223 0.512955 0.158030 0.517682 0.166900 0.518032 0.178338 0.520483 0.190710 0.519258 0.206583 0.519258 0.219888 0.516982 0.228758 0.513655 0.243697 0.503151 0.257003 0.490196 0.261671 0.484244 0.270542 0.467612 0.273810 0.456933 0.275444 0.447829 0.275910 0.432773 0.269841 0.407913 0.263072 0.395308 0.255135 0.383403 0.248133 0.376576 0.241363 0.370448 0.235061 0.366246 0.226891 0.361169 0.215219 0.355742 0.193277 0.348039 0.182540 0.345763 0.178105 0.345763 0.175303 0.343662 0.173669 0.343312 0.161765 0.343137 0.126751 0.332458 0.118581 0.331408 0.112745 0.329482 0.108543 0.329657 0.099673 0.328081 0.091737 0.328957 0.084500 0.331232 0.078198 0.334909 0.073296 0.339111 0.068861 0.341387 0.062325 0.347164 0.055789 0.355917 0.050420 0.366246 0.045518 0.381478 0.044118 0.396183 0.044351 0.414041
1 0.001867 0.491772 0.000000 0.492122 0.000000 0.530987 0.001867 0.531162 0.006536 0.539741 0.010971 0.543242 0.012838 0.546744 0.021242 0.553746 0.042484 0.567927 0.050187 0.570903 0.070261 0.556197 0.091970 0.544118 0.101074 0.538165 0.128151 0.526261 0.145892 0.521884 0.154528 0.521183 0.157563 0.519258 0.155462 0.517857 0.138189 0.511730 0.098039 0.489146 0.093371 0.484944 0.089169 0.479692 0.077264 0.471289 0.073763 0.466912 0.069561 0.463585 0.060691 0.451681 0.057190 0.449930 0.050654 0.451331 0.035714 0.457283 0.022642 0.464111 0.011905 0.472864 0.005836 0.480742 0.001867 0.491772
0 0.001867 0.648197 0.000000 0.649510 0.000000 0.681197 0.002334 0.683999 0.003268 0.688025 0.010271 0.699580 0.025910 0.713060 0.032680 0.716562 0.037815 0.717612 0.050420 0.721989 0.074230 0.724965 0.091970 0.722514 0.127218 0.714461 0.157330 0.701856 0.171569 0.694153 0.182306 0.686099 0.210317 0.667892 0.220822 0.659839 0.228758 0.652836 0.235994 0.644258 0.244164 0.630427 0.249767 0.623074 0.252568 0.614846 0.256536 0.597514 0.257470 0.588585 0.256769 0.574405 0.253968 0.564251 0.249533 0.555147 0.242764 0.546394 0.236695 0.540966 0.225023 0.534314 0.205649 0.526786 0.203315 0.524685 0.200280 0.524160 0.199346 0.522584 0.193511 0.521884 0.178571 0.521884 0.175537 0.523109 0.171802 0.521359 0.157330 0.520658 0.147759 0.522059 0.129785 0.526261 0.107143 0.535714 0.098039 0.540616 0.088235 0.547094 0.080999 0.550070 0.064192 0.561099 0.051821 0.570728 0.025910 0.594713 0.021008 0.602416 0.017740 0.605742 0.010271 0.619048 0.004435 0.633578 0.001867 0.648197
1 0.140523 0.754902 0.142157 0.761905 0.145191 0.767857 0.145892 0.775735 0.151494 0.781513 0.153361 0.785189 0.156396 0.786940 0.157796 0.787465 0.161298 0.785714 0.164099 0.785714 0.168768 0.784139 0.175303 0.783263 0.178571 0.781863 0.182540 0.781863 0.192344 0.780112 0.220822 0.780112 0.230859 0.781863 0.234827 0.781688 0.254435 0.785714 0.263305 0.788340 0.276377 0.794818 0.279412 0.797269 0.283147 0.797794 0.297619 0.809349 0.300420 0.810399 0.312558 0.806022 0.332400 0.793067 0.345005 0.779587 0.347572 0.773634 0.371148 0.737745 0.374650 0.734419 0.382120 0.722514 0.392624 0.709909 0.398926 0.692927 0.401261 0.688901 0.403128 0.682423 0.403128 0.675770 0.401494 0.668242 0.397526 0.665441 0.388655 0.671919 0.380019 0.673669 0.372782 0.673144 0.366013 0.671218 0.357610 0.667367 0.345005 0.659139 0.324463 0.640581 0.314426 0.632703 0.303922 0.633053 0.286648 0.635504 0.265873 0.640581 0.247666 0.646709 0.244631 0.648810 0.231092 0.653711 0.215997 0.665208 0.174837 0.692752 0.164332 0.702906 0.148693 0.723564 0.144491 0.731268 0.140756 0.742472 0.140523 0.754902
1 0.001867 0.876050 0.000000 0.876401 0.000000 0.999825 0.127218 0.999825 0.127684 0.997899 0.159430 0.985994 0.161765 0.983894 0.166667 0.981793 0.182773 0.972164 0.199580 0.960084 0.202148 0.956758 0.211485 0.949580 0.227358 0.934699 0.236695 0.924545 0.248599 0.913340 0.258637 0.901436 0.266573 0.894083 0.272876 0.885679 0.275910 0.883228 0.281046 0.875000 0.292717 0.852416 0.297152 0.841912 0.300420 0.825630 0.298786 0.814426 0.292017 0.806373 0.282913 0.799545 0.268908 0.792017 0.252334 0.786239 0.231559 0.782913 0.211485 0.780987 0.194678 0.781338 0.182073 0.782563 0.169234 0.785014 0.161298 0.787815 0.153361 0.788866 0.140289 0.793943 0.126284 0.798144 0.094304 0.814076 0.050187 0.838585 0.042250 0.844188 0.040850 0.846113 0.034703 0.850899 0.024743 0.855917 0.016106 0.863971 0.007470 0.868873 0.003268 0.872724 0.001867 0.876050
1 0.331232 0.842262 0.335434 0.858718 0.341970 0.872199 0.345238 0.875000 0.348506 0.880427 0.355509 0.888305 0.362745 0.892332 0.369514 0.894783 0.378151 0.895658 0.390523 0.894958 0.394024 0.892507 0.397526 0.888655 0.418067 0.863971 0.427404 0.855567 0.430906 0.848915 0.435341 0.843662 0.451681 0.828782 0.467320 0.817927 0.480626 0.806898 0.502101 0.793417 0.529645 0.782913 0.533847 0.779762 0.542250 0.765581 0.542017 0.761905 0.521942 0.739321 0.504902 0.714811 0.494164 0.692402 0.484594 0.661415 0.481092 0.658438 0.470355 0.660364 0.452148 0.666141 0.428338 0.680672 0.421569 0.686275 0.415966 0.689601 0.401027 0.703081 0.386321 0.720063 0.371615 0.741772 0.366013 0.748424 0.361811 0.757353 0.359244 0.758929 0.357143 0.762080 0.357143 0.767682 0.345005 0.786415 0.344538 0.788690 0.341970 0.792367 0.339169 0.802346 0.334500 0.810399 0.331466 0.820378 0.330532 0.827556 0.331232 0.842262
1 0.361811 0.971113 0.373016 0.991071 0.375817 0.990021 0.379318 0.990896 0.388655 0.999825 0.566993 0.999825 0.566993 0.998249 0.570962 0.997374 0.578898 0.990896 0.584967 0.988620 0.592204 0.983894 0.595238 0.983018 0.615079 0.971814 0.657096 0.944853 0.689542 0.915966 0.706583 0.892682 0.711718 0.873249 0.712185 0.855742 0.704715 0.833683 0.692577 0.814251 0.686741 0.810049 0.685574 0.807073 0.682073 0.803922 0.672502 0.798144 0.665733 0.792892 0.644024 0.784489 0.625584 0.780287 0.619981 0.780637 0.602941 0.778186 0.577965 0.776611 0.571195 0.777836 0.564192 0.777661 0.546919 0.780112 0.535714 0.783438 0.532213 0.783789 0.525910 0.785539 0.506303 0.793417 0.495331 0.799020 0.484127 0.806022 0.475724 0.812500 0.471755 0.814601 0.470355 0.817402 0.467087 0.820203 0.454949 0.828081 0.447479 0.835959 0.440476 0.841387 0.418067 0.866422 0.414099 0.869398 0.385854 0.904587 0.371615 0.931723 0.361111 0.960084 0.361811 0.971113
1 0.297619 0.844013 0.286881 0.866246 0.280345 0.878326 0.270542 0.890406 0.269374 0.894783 0.263772 0.897584 0.258637 0.902311 0.247432 0.916317 0.237395 0.925070 0.235528 0.928046 0.225490 0.938200 0.222689 0.939426 0.210551 0.951856 0.199580 0.960084 0.194678 0.965511 0.191410 0.966912 0.194211 0.971289 0.193277 0.973915 0.200980 0.984244 0.206349 0.985644 0.210317 0.985819 0.216853 0.988095 0.219188 0.988095 0.221755 0.988971 0.224090 0.991246 0.229925 0.991947 0.239029 0.995273 0.255135 0.997549 0.272642 0.997024 0.283847 0.994573 0.289683 0.994573 0.297386 0.993172 0.317694 0.992472 0.320728 0.991597 0.333333 0.991422 0.345238 0.990196 0.359944 0.987745 0.364613 0.984419 0.360411 0.971639 0.360411 0.959209 0.361578 0.953606 0.365313 0.942402 0.369748 0.932598 0.383520 0.906863 0.387488 0.897409 0.374183 0.896359 0.365546 0.894783 0.360411 0.893032 0.354575 0.888831 0.343371 0.876050 0.337068 0.866422 0.333567 0.857843 0.326564 0.832983 0.324230 0.831933 0.307190 0.830182 0.303688 0.826856 0.303221 0.827381 0.297619 0.844013
1 0.000000 0.764706 0.000000 0.871849 0.002334 0.871499 0.025210 0.855567 0.036181 0.848915 0.043417 0.843137 0.058824 0.833683 0.074930 0.825980 0.089402 0.816001 0.102241 0.810049 0.115546 0.802521 0.120915 0.800595 0.127218 0.796744 0.124183 0.792542 0.103175 0.777486 0.080999 0.767507 0.073996 0.765056 0.064426 0.762780 0.045051 0.761029 0.023576 0.761730 0.004435 0.763831 0.000000 0.764706
1 0.673203 0.539916 0.677171 0.543417 0.681606 0.553746 0.684407 0.556548 0.689776 0.567577 0.700280 0.583508 0.711485 0.604867 0.715686 0.615021 0.720588 0.630777 0.722689 0.647234 0.722923 0.658263 0.721522 0.667542 0.721989 0.672269 0.720355 0.675420 0.719655 0.688375 0.723156 0.697304 0.732726 0.710084 0.740196 0.716387 0.747199 0.723915 0.757703 0.732668 0.771942 0.741947 0.786181 0.748950 0.809757 0.756653 0.817227 0.757703 0.831699 0.757528 0.852474 0.755252 0.866480 0.751050 0.879318 0.745273 0.891690 0.736870 0.903595 0.721113 0.909197 0.705532 0.911998 0.682773 0.911064 0.673669 0.911064 0.656688 0.907330 0.639706 0.897759 0.615896 0.891690 0.605742 0.879785 0.591912 0.864846 0.577381 0.848273 0.563025 0.840803 0.557598 0.831933 0.549720 0.802521 0.528536 0.784314 0.516807 0.777778 0.513655 0.772409 0.512080 0.769841 0.510329 0.752334 0.504027 0.742530 0.502276 0.723389 0.502276 0.706116 0.506828 0.698179 0.511029 0.688842 0.517507 0.683707 0.522584 0.681606 0.525910 0.677871 0.529062 0.673436 0.536239 0.673203 0.539916
1 0.675070 0.428396 0.675070 0.440301 0.676237 0.446078 0.678571 0.447479 0.684407 0.448179 0.690009 0.447479 0.693744 0.448880 0.692810 0.452381 0.688375 0.456232 0.690476 0.460084 0.690710 0.463410 0.692810 0.464286 0.694444 0.468312 0.701214 0.478466 0.710551 0.485469 0.731793 0.493697 0.744865 0.499825 0.758637 0.504027 0.769141 0.506828 0.776377 0.507878 0.782680 0.509979 0.796685 0.511555 0.810224 0.512080 0.813492 0.512955 0.842670 0.514006 0.873483 0.511029 0.901027 0.505252 0.917600 0.499650 0.935808 0.490721 0.950280 0.479342 0.957983 0.472164 0.965219 0.463585 0.968254 0.457108 0.971055 0.446254 0.970355 0.438901 0.968254 0.432423 0.965453 0.429272 0.963585 0.424895 0.961485 0.423319 0.958217 0.418417 0.948880 0.410889 0.929972 0.400035 0.921802 0.396534 0.901961 0.389706 0.879785 0.384104 0.845472 0.377276 0.824697 0.373950 0.792717 0.372899 0.779879 0.374475 0.777311 0.376576 0.769374 0.389356 0.762605 0.394258 0.753735 0.398985 0.737628 0.405112 0.730626 0.406513 0.727824 0.408263 0.713585 0.412290 0.702848 0.413690 0.700047 0.412990 0.696779 0.413165 0.689076 0.414041 0.684641 0.415266 0.681373 0.417017 0.676004 0.425420 0.675070 0.428396
1 0.424136 0.524510 0.428805 0.556373 0.441410 0.563025 0.465219 0.569153 0.466620 0.570028 0.480626 0.570028 0.483193 0.569328 0.484594 0.567927 0.488095 0.557598 0.495098 0.543242 0.507703 0.522234 0.513539 0.516457 0.520075 0.507878 0.532913 0.497374 0.536181 0.495973 0.552521 0.485119 0.560224 0.482668 0.570028 0.480917 0.579365 0.477941 0.586601 0.477066 0.595472 0.477766 0.610411 0.483018 0.624650 0.491947 0.635387 0.501751 0.643324 0.505952 0.652194 0.515231 0.656396 0.518382 0.668301 0.531688 0.671802 0.533789 0.676004 0.527661 0.683240 0.519783 0.693044 0.512080 0.694911 0.509279 0.698179 0.502276 0.699580 0.495798 0.700514 0.488270 0.700047 0.480742 0.692577 0.467262 0.687442 0.463585 0.684874 0.459909 0.674603 0.452031 0.666900 0.444153 0.657796 0.439776 0.647292 0.436099 0.633987 0.433999 0.608543 0.433648 0.591970 0.435049 0.525677 0.446604 0.520775 0.448354 0.500233 0.464986 0.487628 0.472864 0.476657 0.477591 0.466153 0.480742 0.457983 0.482318 0.449346 0.486169 0.437675 0.496324 0.428105 0.508053 0.424370 0.518908 0.424136 0.524510
1 0.673203 0.939076 0.673203 0.942927 0.673903 0.946078 0.677638 0.949405 0.685574 0.951856 0.688842 0.952206 0.726190 0.966211 0.744865 0.976891 0.754902 0.980567 0.762138 0.980392 0.775677 0.978466 0.779645 0.978641 0.809290 0.974790 0.820261 0.972689 0.828431 0.969713 0.845472 0.965686 0.873716 0.956933 0.882586 0.952556 0.887488 0.951506 0.898693 0.945728 0.901027 0.945553 0.904295 0.944153 0.921569 0.934174 0.932540 0.925595 0.938842 0.918417 0.943044 0.916141 0.953081 0.905987 0.956583 0.903711 0.975257 0.878326 0.977591 0.873424 0.979458 0.862745 0.977124 0.861345 0.970355 0.859419 0.959150 0.853116 0.940710 0.838936 0.925070 0.821779 0.913866 0.804097 0.909897 0.793067 0.907796 0.791141 0.897759 0.789216 0.869281 0.788515 0.855742 0.791667 0.845705 0.792017 0.838469 0.793417 0.823529 0.798144 0.817694 0.798845 0.808357 0.803221 0.795518 0.806373 0.789683 0.808648 0.773109 0.820028 0.746265 0.832283 0.743697 0.835084 0.737395 0.839636 0.733193 0.841211 0.720121 0.850490 0.714519 0.855742 0.714286 0.872549 0.708217 0.893382 0.693511 0.914566 0.686975 0.921569 0.682073 0.925070 0.675770 0.932773 0.673203 0.939076
1 0.173669 0.984419 0.177171 0.986345 0.180205 0.993347 0.186975 0.996148 0.188142 0.997899 0.188142 0.999825 0.259337 0.999825 0.303532 0.993873 0.310924 0.994398 0.334967 0.992297 0.341036 0.990721 0.345938 0.990546 0.359244 0.988270 0.366013 0.984594 0.362278 0.977941 0.360177 0.969013 0.359711 0.962710 0.360878 0.955882 0.369514 0.932948 0.387722 0.897584 0.373249 0.896359 0.363679 0.894258 0.359944 0.892857 0.354108 0.888480 0.343371 0.876050 0.337068 0.866422 0.333800 0.858543 0.331232 0.848214 0.329599 0.845413 0.327031 0.833508 0.324463 0.831057 0.312558 0.830007 0.307190 0.828606 0.303688 0.826331 0.295285 0.849790 0.291783 0.855217 0.288515 0.863270 0.281279 0.876926 0.272409 0.887955 0.269374 0.894783 0.262138 0.898634 0.249533 0.913866 0.237162 0.925245 0.227124 0.936800 0.222689 0.939251 0.212418 0.950105 0.199346 0.960084 0.194444 0.964811 0.192810 0.966036 0.189076 0.966912 0.188609 0.969713 0.186741 0.971814 0.183473 0.974090 0.180205 0.978116 0.175537 0.980917 0.173669 0.984419
1 0.876284 0.363095 0.877218 0.365896 0.879318 0.369048 0.883520 0.382178 0.884687 0.383578 0.894958 0.387080 0.900560 0.388130 0.929505 0.398459 0.950047 0.409839 0.956349 0.414391 0.959851 0.414566 0.963119 0.412815 0.965219 0.410539 0.981092 0.399335 0.995331 0.390406 0.999767 0.388655 0.999767 0.267157 0.994164 0.267857 0.990896 0.267157 0.973856 0.268557 0.966620 0.270133 0.956583 0.273634 0.946078 0.279062 0.932306 0.288690 0.914566 0.299545 0.899160 0.312675 0.887955 0.327906 0.880486 0.341912 0.876517 0.359244 0.876284 0.363095
0 0.389356 0.171043 0.389823 0.178746 0.392857 0.185924 0.397759 0.193978 0.406629 0.203782 0.414799 0.210784 0.427638 0.218487 0.430672 0.221639 0.452381 0.236695 0.460084 0.239671 0.473623 0.243873 0.498599 0.246674 0.509570 0.247549 0.519374 0.246148 0.531513 0.242822 0.546452 0.236520 0.561158 0.227591 0.568861 0.219013 0.575163 0.204657 0.578898 0.189776 0.577731 0.178746 0.573296 0.167717 0.565593 0.155987 0.553922 0.146534 0.541783 0.139181 0.526144 0.131828 0.512138 0.126225 0.501401 0.123249 0.489729 0.120973 0.484594 0.119048 0.474090 0.117647 0.469421 0.117997 0.458683 0.116422 0.445845 0.116947 0.433707 0.120448 0.425537 0.121849 0.414566 0.126225 0.405696 0.131653 0.398459 0.140231 0.396359 0.145658 0.394491 0.147584 0.394725 0.150910 0.391690 0.153186 0.390289 0.158088 0.389356 0.171043
1 0.577264 0.207108 0.578431 0.209384 0.578198 0.213585 0.581232 0.223739 0.584967 0.234069 0.591970 0.246499 0.608077 0.265056 0.622549 0.272234 0.626517 0.272934 0.646592 0.272759 0.678338 0.276436 0.681606 0.275735 0.686508 0.271359 0.690476 0.265756 0.703782 0.253151 0.718021 0.242647 0.736928 0.231618 0.751867 0.225140 0.758637 0.223214 0.762138 0.220413 0.760037 0.212710 0.754902 0.203081 0.748833 0.194503 0.741363 0.188200 0.725957 0.177696 0.721989 0.176296 0.720355 0.174545 0.717787 0.175245 0.714052 0.173494 0.708217 0.168067 0.699113 0.161415 0.685808 0.153887 0.671802 0.148634 0.658030 0.144783 0.651261 0.144083 0.633754 0.144258 0.626284 0.145833 0.614846 0.149335 0.603641 0.155812 0.598039 0.160889 0.595938 0.164041 0.593137 0.165966 0.587768 0.174020 0.581232 0.189076 0.580999 0.193102 0.577965 0.202906 0.577264 0.207108
1 0.163399 0.216912 0.168301 0.234244 0.170868 0.237220 0.174837 0.245798 0.181373 0.255252 0.189076 0.264356 0.203548 0.278186 0.217787 0.286940 0.223856 0.291667 0.236928 0.297794 0.246032 0.303571 0.251167 0.307948 0.286648 0.322829 0.302988 0.327381 0.316760 0.329307 0.324463 0.328606 0.334967 0.324580 0.337768 0.321078 0.336368 0.317577 0.336368 0.313901 0.333800 0.307948 0.332166 0.297969 0.332866 0.275735 0.336134 0.271534 0.347806 0.263480 0.353408 0.260329 0.359010 0.258578 0.365079 0.254902 0.364846 0.248249 0.360411 0.240896 0.352007 0.231092 0.319328 0.202556 0.301821 0.188901 0.272176 0.171218 0.254435 0.162640 0.237628 0.157738 0.230159 0.156688 0.226190 0.155287 0.206583 0.154762 0.189076 0.161239 0.181139 0.165616 0.175303 0.171394 0.172269 0.175245 0.168768 0.182248 0.164099 0.202731 0.163399 0.216912
1 0.333567 0.303396 0.338936 0.315651 0.341503 0.324755 0.354575 0.340161 0.362745 0.346113 0.366013 0.347339 0.369748 0.349965 0.373016 0.349965 0.385387 0.337185 0.392624 0.331408 0.399393 0.323704 0.429272 0.297794 0.431606 0.294993 0.446078 0.283964 0.459384 0.275385 0.483193 0.262255 0.503035 0.254377 0.506769 0.253852 0.509570 0.252276 0.512838 0.251576 0.508637 0.251401 0.505369 0.249825 0.501401 0.250000 0.481092 0.247024 0.466620 0.246148 0.449113 0.246499 0.436275 0.248074 0.425070 0.247724 0.422035 0.248424 0.411064 0.248775 0.376517 0.253151 0.359244 0.259279 0.349206 0.264006 0.338002 0.271709 0.334967 0.276085 0.334034 0.279237 0.333100 0.294818 0.333567 0.303396
1 0.173436 0.341912 0.174837 0.343487 0.178805 0.343662 0.183240 0.345413 0.192810 0.346989 0.215453 0.355042 0.227591 0.360644 0.246032 0.373775 0.256769 0.384979 0.263072 0.393908 0.270542 0.408263 0.274276 0.420168 0.277077 0.435399 0.276377 0.446078 0.276844 0.447129 0.279412 0.448354 0.286648 0.441702 0.295985 0.435574 0.299486 0.430672 0.309057 0.422794 0.312558 0.418417 0.312558 0.414916 0.309524 0.408789 0.306956 0.399860 0.308824 0.391807 0.314426 0.382003 0.316527 0.380077 0.317694 0.362395 0.316060 0.355917 0.307890 0.338585 0.303922 0.334034 0.299020 0.331232 0.296685 0.328081 0.272409 0.318627 0.261671 0.313725 0.251867 0.311800 0.230626 0.311800 0.221289 0.314076 0.205182 0.320028 0.189542 0.327731 0.180906 0.334734 0.173436 0.341912
1 0.676704 0.108368 0.675303 0.109419 0.674136 0.112570 0.665966 0.124825 0.659897 0.131478 0.647059 0.139881 0.646359 0.140581 0.647059 0.141807 0.657796 0.144083 0.674136 0.148810 0.686741 0.153536 0.693744 0.157038 0.703315 0.163866 0.711485 0.168417 0.713819 0.172269 0.716853 0.174020 0.723623 0.175595 0.727591 0.177696 0.731092 0.181022 0.735294 0.182948 0.748366 0.192227 0.753268 0.198529 0.758637 0.208333 0.762138 0.210959 0.777077 0.202031 0.780812 0.198179 0.789683 0.192927 0.793184 0.188725 0.797386 0.185749 0.805322 0.175070 0.809290 0.164916 0.810924 0.154937 0.810691 0.147059 0.809290 0.140231 0.806489 0.135679 0.806256 0.133578 0.801354 0.126401 0.790383 0.115721 0.775677 0.105917 0.754202 0.096814 0.740896 0.093312 0.727358 0.090686 0.707750 0.090686 0.698646 0.091737 0.690243 0.094888 0.682540 0.096814 0.680439 0.098389 0.676704 0.108368
1 0.419701 0.099440 0.421335 0.108193 0.423436 0.113270 0.428105 0.117997 0.432073 0.118347 0.456349 0.115196 0.464986 0.115371 0.473856 0.116246 0.501167 0.121849 0.533613 0.134279 0.547619 0.141982 0.564192 0.153011 0.577264 0.154937 0.600840 0.152486 0.602474 0.152836 0.618581 0.146183 0.629785 0.143207 0.644024 0.140581 0.648459 0.136380 0.657330 0.131828 0.661298 0.128151 0.665266 0.122899 0.668301 0.116772 0.673669 0.110294 0.678338 0.099440 0.676704 0.085084 0.675070 0.081232 0.675537 0.071078 0.672502 0.063901 0.665733 0.056373 0.654528 0.049195 0.645892 0.045693 0.640523 0.042367 0.616246 0.037115 0.580532 0.031688 0.554155 0.029937 0.539683 0.029937 0.522176 0.031688 0.498833 0.036239 0.490896 0.038866 0.479225 0.040791 0.472689 0.042717 0.457049 0.050245 0.454248 0.052871 0.447946 0.056548 0.440009 0.063550 0.432306 0.071078 0.430205 0.074755 0.424370 0.080882 0.419935 0.091562 0.419701 0.099440
1 0.227591 0.154412 0.230626 0.156338 0.242063 0.158438 0.254902 0.162290 0.279062 0.174807 0.296919 0.184874 0.319094 0.201506 0.324697 0.206583 0.331232 0.210259 0.335668 0.207808 0.347572 0.193452 0.352708 0.180847 0.354108 0.172619 0.352708 0.160364 0.350373 0.154412 0.338936 0.143557 0.324697 0.132528 0.314893 0.129202 0.310458 0.127976 0.305556 0.127626 0.299020 0.128326 0.288049 0.128151 0.273109 0.129727 0.265406 0.131303 0.256303 0.134979 0.244865 0.138480 0.242063 0.141457 0.235061 0.145833 0.227824 0.153887 0.227591 0.154412
1 0.097106 0.279412 0.098739 0.282738 0.102241 0.286239 0.105509 0.291667 0.112745 0.297269 0.131419 0.288690 0.148459 0.285189 0.169701 0.283088 0.182306 0.283613 0.189542 0.284139 0.195145 0.286415 0.202614 0.287290 0.206349 0.289041 0.209851 0.288690 0.212652 0.286415 0.209384 0.282913 0.202614 0.278361 0.196312 0.271359 0.190476 0.266457 0.177171 0.250175 0.166433 0.230917 0.164799 0.223739 0.161298 0.214636 0.148693 0.221989 0.133520 0.227591 0.118581 0.236870 0.110411 0.244748 0.102241 0.256303 0.098506 0.263655 0.097339 0.268732 0.097106 0.279412
1 0.000000 0.296569 0.000000 0.411765 0.009337 0.412290 0.011671 0.412990 0.036415 0.412290 0.039916 0.411064 0.041783 0.407563 0.044118 0.383053 0.046685 0.373249 0.055556 0.354867 0.062092 0.346639 0.070962 0.339286 0.085201 0.330357 0.091737 0.328256 0.095472 0.328256 0.098506 0.327381 0.101774 0.328256 0.106209 0.328081 0.109244 0.328782 0.112045 0.327906 0.109244 0.321078 0.102241 0.313025 0.098039 0.310924 0.096639 0.307073 0.093604 0.305847 0.091737 0.303922 0.089402 0.304797 0.084500 0.303746 0.076331 0.301120 0.063959 0.294818 0.056723 0.292717 0.050420 0.291842 0.043184 0.291141 0.011671 0.294118 0.000000 0.296569
1 0.103875 0.310924 0.105275 0.313550 0.110644 0.319678 0.113679 0.325980 0.116013 0.328256 0.153361 0.339986 0.164099 0.342262 0.168768 0.342437 0.171569 0.341562 0.176704 0.336485 0.179272 0.335434 0.187442 0.328782 0.198646 0.322479 0.220121 0.314076 0.222689 0.310749 0.222923 0.303396 0.220355 0.298144 0.213352 0.293768 0.203081 0.289391 0.185341 0.285014 0.176237 0.283964 0.164332 0.283964 0.143091 0.286239 0.133287 0.288515 0.124416 0.292192 0.109944 0.299895 0.108077 0.302171 0.105042 0.303746 0.103641 0.306548 0.103875 0.310924
1 0.003501 0.208683 0.001634 0.210959 0.000000 0.210959 0.000000 0.267857 0.020542 0.277836 0.023576 0.278711 0.035714 0.280112 0.047386 0.279762 0.066993 0.280987 0.071429 0.282213 0.081466 0.283263 0.092670 0.280112 0.095472 0.276961 0.096172 0.268382 0.098039 0.262430 0.107610 0.246674 0.116713 0.238445 0.121382 0.233018 0.125117 0.230567 0.125817 0.227241 0.123483 0.224440 0.113679 0.219713 0.079365 0.198529 0.070962 0.195378 0.043417 0.195028 0.031513 0.196779 0.022876 0.200105 0.019141 0.200980 0.015640 0.200630 0.012138 0.202031 0.003501 0.208683
1 0.743931 0.074230 0.748599 0.085084 0.754202 0.094538 0.760738 0.098564 0.775677 0.104517 0.790149 0.114496 0.798553 0.121324 0.807190 0.132528 0.828665 0.140406 0.871615 0.149860 0.892390 0.150560 0.897059 0.149685 0.902428 0.150035 0.910831 0.148284 0.914799 0.148284 0.921802 0.147059 0.927171 0.144433 0.935808 0.138831 0.944211 0.126050 0.946545 0.117472 0.946545 0.108718 0.943978 0.097339 0.935107 0.077906 0.922502 0.063200 0.915966 0.056548 0.911064 0.053221 0.908263 0.050245 0.891223 0.038866 0.869514 0.028711 0.858543 0.025385 0.852708 0.022759 0.845705 0.021008 0.834267 0.019433 0.831699 0.018732 0.830065 0.016982 0.827965 0.016282 0.819795 0.016282 0.805322 0.013480 0.799020 0.013480 0.788982 0.014706 0.767740 0.022059 0.758870 0.026436 0.753035 0.035364 0.745565 0.050245 0.743464 0.063550 0.743931 0.074230
1 0.673903 0.113095 0.666200 0.124650 0.659197 0.132178 0.651494 0.137080 0.647526 0.140931 0.654062 0.143732 0.666433 0.146359 0.686275 0.153186 0.692810 0.156513 0.707516 0.166141 0.711485 0.167542 0.715219 0.172269 0.724090 0.175245 0.727358 0.177171 0.731326 0.180672 0.734127 0.181898 0.748133 0.192052 0.753501 0.198704 0.758637 0.208158 0.762138 0.209734 0.763772 0.208333 0.768908 0.206583 0.776144 0.202556 0.789916 0.192577 0.792951 0.188901 0.797152 0.185749 0.801587 0.180322 0.807190 0.171394 0.808824 0.167017 0.810924 0.154412 0.810458 0.147234 0.809057 0.140581 0.806489 0.136204 0.806022 0.133578 0.801354 0.126576 0.789916 0.115371 0.775910 0.106268 0.755135 0.097164 0.740430 0.093137 0.730859 0.092087 0.727824 0.090861 0.720588 0.090336 0.706116 0.090686 0.697712 0.091912 0.682306 0.096989 0.680205 0.098739 0.673903 0.113095
1 0.862512 0.157913 0.863445 0.159489 0.865546 0.160539 0.877684 0.159489 0.900327 0.161239 0.903828 0.162465 0.921102 0.165791 0.926471 0.168242 0.936741 0.171043 0.950280 0.176996 0.962885 0.184699 0.976190 0.194678 0.984127 0.203081 0.990196 0.207808 0.994631 0.213936 0.996499 0.214986 0.998133 0.218312 0.999767 0.218312 0.999767 0.150910 0.991130 0.147934 0.963819 0.141282 0.938609 0.139356 0.932073 0.141982 0.925303 0.146534 0.918301 0.148810 0.911064 0.149160 0.901961 0.150910 0.890289 0.150910 0.887255 0.151786 0.872316 0.151611 0.868114 0.152661 0.864146 0.155462 0.862512 0.157913
1 0.814192 0.192752 0.817694 0.197129 0.820028 0.195553 0.825630 0.195378 0.839402 0.188725 0.846639 0.187325 0.852941 0.183298 0.866013 0.181022 0.876984 0.176646 0.883754 0.176646 0.898226 0.174720 0.905229 0.175945 0.908263 0.177346 0.920168 0.196078 0.923436 0.205357 0.924837 0.216036 0.924136 0.235469 0.918301 0.251401 0.911998 0.262080 0.910131 0.269958 0.905229 0.277486 0.887955 0.297969 0.887488 0.300595 0.888889 0.304797 0.897059 0.309349 0.900560 0.309349 0.904295 0.307248 0.919801 0.295268 0.939076 0.283263 0.945845 0.278011 0.953782 0.273810 0.973156 0.267332 0.984127 0.265931 0.987862 0.264531 0.994631 0.263655 0.999767 0.262080 0.999767 0.220063 0.997899 0.219888 0.995565 0.215161 0.988562 0.207108 0.971755 0.191001 0.958217 0.181373 0.942810 0.173144 0.938842 0.172094 0.936741 0.170693 0.919234 0.165441 0.904528 0.162990 0.901027 0.161415 0.896825 0.161590 0.890289 0.160364 0.885854 0.158263 0.887722 0.155812 0.887255 0.153536 0.879902 0.154762 0.876517 0.154062 0.876517 0.154937 0.878385 0.154762 0.882820 0.158088 0.881886 0.158964 0.880252 0.159664 0.876284 0.159489 0.863912 0.162815 0.859010 0.161415 0.842670 0.167892 0.838002 0.171043 0.830065 0.174720 0.824697 0.179097 0.819094 0.182073 0.817227 0.186450 0.815593 0.187325 0.814426 0.190126 0.814192 0.192752
1 0.361345 0.237745 0.362278 0.241422 0.369748 0.254027 0.373483 0.254027 0.379785 0.252451 0.399860 0.249825 0.438375 0.247899 0.449113 0.245798 0.460084 0.245623 0.464753 0.244748 0.433240 0.225315 0.407796 0.207283 0.404528 0.207458 0.394258 0.211835 0.379785 0.220063 0.373950 0.224090 0.362278 0.236345 0.361345 0.237745
1 0.354809 0.167717 0.354809 0.175770 0.353875 0.179797 0.352007 0.185574 0.347339 0.194503 0.335668 0.209909 0.335668 0.211660 0.335901 0.213410 0.341970 0.220413 0.355742 0.232668 0.359244 0.234419 0.366713 0.229342 0.373716 0.223214 0.392157 0.212010 0.406863 0.206583 0.406396 0.202906 0.397759 0.194328 0.390756 0.181898 0.389356 0.176646 0.389122 0.162465 0.391223 0.151786 0.395658 0.143032 0.399393 0.137780 0.409664 0.130077 0.407563 0.128852 0.404295 0.128852 0.386555 0.132528 0.384220 0.134454 0.373950 0.139006 0.360411 0.146534 0.354342 0.150910 0.352941 0.154062 0.354809 0.167717
1 0.445845 0.005777 0.448413 0.008578 0.449346 0.009104 0.452381 0.008578 0.453782 0.009804 0.460317 0.029237 0.469888 0.037115 0.475490 0.039741 0.477358 0.040091 0.489496 0.037990 0.496265 0.035889 0.520775 0.031162 0.537348 0.029587 0.554622 0.029587 0.582866 0.031338 0.617647 0.036064 0.630019 0.039041 0.637488 0.039741 0.643091 0.038690 0.647993 0.036239 0.651027 0.035539 0.668301 0.026436 0.680205 0.016282 0.686275 0.009629 0.689076 0.003151 0.689309 0.000000 0.449580 0.000000 0.449580 0.001576 0.446078 0.002976 0.445845 0.003676 0.445845 0.005777
1 0.643324 0.043417 0.647759 0.046043 0.655696 0.048669 0.666900 0.056197 0.674603 0.065476 0.676704 0.070728 0.676237 0.074580 0.678571 0.078256 0.682306 0.080707 0.684641 0.080182 0.686741 0.080882 0.686041 0.082808 0.680439 0.087360 0.680672 0.092262 0.682306 0.094888 0.695845 0.090861 0.706349 0.089636 0.713819 0.089636 0.722222 0.088410 0.735761 0.079832 0.740663 0.075630 0.742297 0.071429 0.742764 0.058473 0.745331 0.050420 0.750233 0.038690 0.759570 0.025910 0.758170 0.024860 0.755135 0.024335 0.735761 0.023985 0.730159 0.023284 0.727358 0.022059 0.719188 0.020833 0.713119 0.019083 0.706349 0.015581 0.698413 0.012955 0.692577 0.009629 0.689076 0.009279 0.668534 0.027486 0.647759 0.037815 0.644725 0.040091 0.643324 0.043417
1 0.801354 0.007003 0.802288 0.012080 0.807190 0.014181 0.853408 0.023109 0.869981 0.028887 0.881186 0.033789 0.892157 0.039391 0.909897 0.051296 0.922502 0.062850 0.932073 0.074055 0.935574 0.075805 0.948179 0.074580 0.963119 0.070728 0.969655 0.067577 0.980859 0.060574 0.982026 0.058298 0.987862 0.054097 0.993697 0.046043 0.999767 0.040441 0.999767 0.000000 0.802054 0.000000 0.801354 0.007003
1 0.941877 0.088761 0.945845 0.098039 0.948413 0.110644 0.948179 0.122549 0.942110 0.133578 0.943978 0.137080 0.945845 0.138480 0.961485 0.139881 0.976190 0.143908 0.999767 0.148459 0.999767 0.056197 0.987862 0.055847 0.974556 0.066527 0.962185 0.072129 0.953548 0.074580 0.945612 0.077906 0.941410 0.084034 0.941877 0.088761
1 0.940009 0.084909 0.944678 0.095763 0.947946 0.112045 0.947246 0.122724 0.940710 0.133578 0.943044 0.137605 0.946078 0.139181 0.963119 0.140756 0.975257 0.144083 0.999767 0.148985 0.999767 0.056022 0.992530 0.055322 0.987862 0.055672 0.974790 0.066001 0.963819 0.071254 0.946078 0.076681 0.943277 0.078256 0.940243 0.082458 0.940009 0.084909
1 0.810924 0.155462 0.808824 0.169643 0.800887 0.182248 0.787115 0.196429 0.781746 0.200280 0.775677 0.202906 0.766807 0.210084 0.764706 0.213235 0.765873 0.215686 0.772642 0.216036 0.779412 0.214286 0.812558 0.199580 0.814426 0.196078 0.815126 0.185574 0.816993 0.183298 0.826564 0.176646 0.837068 0.170693 0.849907 0.164391 0.855509 0.162815 0.857843 0.161415 0.856443 0.157038 0.850140 0.150035 0.845938 0.146884 0.837768 0.143382 0.821662 0.138655 0.810691 0.136730 0.809524 0.137080 0.810924 0.155462
1 0.690476 0.005427 0.691410 0.008578 0.699346 0.013130 0.713585 0.019258 0.730392 0.023284 0.748133 0.023634 0.753268 0.024510 0.758170 0.023985 0.769141 0.021183 0.783847 0.015406 0.795051 0.006303 0.798319 0.001751 0.798319 0.000000 0.690943 0.000000 0.690476 0.005427
1 0.646125 0.779412 0.647993 0.782563 0.654528 0.786415 0.669468 0.792367 0.677171 0.797269 0.694678 0.811975 0.702848 0.825105 0.707049 0.828081 0.720121 0.830182 0.734594 0.830007 0.754435 0.826155 0.762138 0.823529 0.773343 0.817752 0.783847 0.810574 0.797619 0.797094 0.799486 0.793067 0.805089 0.786239 0.810691 0.773634 0.812092 0.768032 0.812558 0.760329 0.811625 0.758403 0.793184 0.753326 0.786881 0.750525 0.760738 0.735644 0.750233 0.727241 0.729692 0.707633 0.722689 0.699055 0.720355 0.694153 0.716853 0.692052 0.709851 0.706408 0.700047 0.720938 0.683240 0.740546 0.678338 0.744748 0.669001 0.754902 0.662465 0.758578 0.656629 0.763305 0.647526 0.768382 0.644258 0.772059 0.646125 0.779412
1 0.908497 0.766106 0.911531 0.790091 0.917600 0.807773 0.928571 0.824580 0.946078 0.842612 0.960551 0.853116 0.973389 0.859769 0.981092 0.862220 0.991130 0.863971 0.999767 0.863445 0.999767 0.619923 0.998133 0.619923 0.994631 0.622199 0.980626 0.635154 0.969421 0.647584 0.955182 0.667192 0.953315 0.671218 0.950047 0.675245 0.948646 0.679622 0.941877 0.687500 0.939542 0.692052 0.928805 0.706758 0.926937 0.711660 0.922736 0.716912 0.915733 0.730917 0.909197 0.752276 0.908497 0.766106
1 0.794585 0.517157 0.792951 0.519083 0.794351 0.520133 0.795285 0.522409 0.803922 0.527836 0.848273 0.562500 0.872549 0.583859 0.885154 0.596464 0.894958 0.609944 0.902428 0.623249 0.904762 0.631303 0.908263 0.639006 0.911298 0.653711 0.913399 0.657738 0.914799 0.658789 0.931373 0.662640 0.939309 0.663340 0.948179 0.662815 0.952848 0.663515 0.956349 0.662640 0.957983 0.659664 0.959851 0.658263 0.978291 0.635504 0.997899 0.616772 0.999767 0.616597 0.999767 0.552521 0.996965 0.551471 0.987862 0.545518 0.984360 0.542192 0.971989 0.536590 0.959851 0.529062 0.954949 0.527486 0.952848 0.525560 0.941410 0.521183 0.927638 0.514706 0.907330 0.508578 0.898693 0.507528 0.873483 0.512080 0.847106 0.514881 0.796685 0.514006 0.794818 0.515406 0.794585 0.517157
1 0.961251 0.421744 0.970355 0.434699 0.971989 0.439601 0.972222 0.446779 0.970121 0.456583 0.964753 0.465511 0.958917 0.472514 0.945612 0.484419 0.927171 0.498249 0.927638 0.508578 0.931839 0.514006 0.940243 0.518908 0.947246 0.521534 0.973856 0.536940 0.987162 0.539741 0.999767 0.538866 0.999767 0.390231 0.998133 0.390231 0.994398 0.392157 0.976891 0.403186 0.966853 0.410539 0.960084 0.418242 0.961251 0.421744
1 0.781046 0.372024 0.782446 0.373599 0.788049 0.372549 0.808590 0.372724 0.828898 0.373950 0.841737 0.376926 0.861345 0.379727 0.879785 0.383929 0.881653 0.383578 0.881886 0.379727 0.880719 0.376225 0.873483 0.362045 0.859711 0.350840 0.845705 0.345938 0.838469 0.344888 0.830532 0.345588 0.824463 0.343838 0.815359 0.346113 0.784547 0.359069 0.782213 0.362045 0.781279 0.366597 0.781046 0.372024
1 0.543884 0.418417 0.545285 0.428221 0.544585 0.434436 0.541783 0.438200 0.539216 0.439251 0.546452 0.442577 0.557190 0.441352 0.560924 0.440126 0.567927 0.439426 0.594304 0.434524 0.606443 0.433473 0.626050 0.433298 0.643557 0.434699 0.668768 0.443978 0.671802 0.441702 0.673436 0.428396 0.679272 0.418417 0.678805 0.416667 0.675770 0.414916 0.668768 0.415966 0.654295 0.416141 0.647292 0.415091 0.625350 0.414216 0.602474 0.409839 0.591036 0.405287 0.584734 0.400210 0.574463 0.394783 0.570261 0.388655 0.563959 0.383754 0.560691 0.384454 0.549253 0.407038 0.544351 0.414916 0.543884 0.418417
1 0.569795 0.219538 0.561858 0.227941 0.556256 0.231793 0.550654 0.234069 0.544351 0.238095 0.536181 0.241246 0.522876 0.248074 0.525677 0.249825 0.527311 0.251926 0.540616 0.260329 0.547852 0.263480 0.563259 0.273459 0.572129 0.282563 0.570962 0.286940 0.586368 0.280287 0.598973 0.276436 0.616947 0.272409 0.615780 0.269083 0.607143 0.263831 0.591503 0.246148 0.587302 0.238796 0.579365 0.220763 0.577031 0.208859 0.574463 0.208158 0.569795 0.219538
1 0.569094 0.157913 0.570962 0.161415 0.573529 0.162990 0.574697 0.165266 0.580299 0.167542 0.582166 0.169293 0.583100 0.174720 0.584967 0.176646 0.589636 0.169293 0.589636 0.164916 0.581699 0.159664 0.574230 0.160189 0.571429 0.157038 0.569795 0.157388 0.569094 0.157913
1 0.308123 0.402311 0.312325 0.410714 0.315593 0.414566 0.316293 0.417717 0.312325 0.422794 0.306956 0.426296 0.304388 0.430322 0.301821 0.432248 0.302521 0.433123 0.309991 0.432948 0.317927 0.431022 0.321195 0.431723 0.326097 0.429797 0.345938 0.431197 0.354575 0.433824 0.366246 0.439076 0.373249 0.441352 0.373716 0.439076 0.369048 0.431373 0.366947 0.424195 0.364613 0.419643 0.361578 0.407038 0.361111 0.386730 0.363679 0.373249 0.363445 0.370098 0.362512 0.369048 0.359010 0.368522 0.341270 0.371324 0.327264 0.375875 0.317460 0.382178 0.313959 0.385329 0.310224 0.390581 0.308123 0.397234 0.308123 0.402311
1 0.065826 0.168417 0.066760 0.178746 0.072362 0.190126 0.077031 0.195378 0.084500 0.200630 0.093137 0.205182 0.105742 0.214461 0.112512 0.218312 0.117180 0.219713 0.129085 0.225140 0.134220 0.225840 0.140289 0.224615 0.147526 0.221814 0.155462 0.217437 0.161298 0.215861 0.163399 0.199405 0.168067 0.182073 0.169701 0.178046 0.175537 0.170168 0.183473 0.163340 0.202614 0.155112 0.207983 0.154237 0.210784 0.151961 0.211251 0.150385 0.208450 0.146008 0.199580 0.140756 0.189076 0.136730 0.178571 0.133754 0.161765 0.131303 0.132820 0.130252 0.121148 0.129202 0.105976 0.131127 0.098973 0.133578 0.095705 0.135854 0.091270 0.136905 0.085668 0.139706 0.077965 0.145658 0.071895 0.153711 0.067694 0.161415 0.065826 0.168417
1 0.123483 0.126751 0.126517 0.128852 0.140056 0.130252 0.161531 0.131127 0.179272 0.133403 0.187675 0.135504 0.198646 0.139531 0.208917 0.145133 0.210084 0.146709 0.213352 0.146534 0.214286 0.144083 0.217087 0.141106 0.221522 0.138480 0.224790 0.134804 0.232260 0.130077 0.233660 0.126926 0.206349 0.113971 0.191643 0.103992 0.185341 0.098389 0.180439 0.092437 0.176471 0.083859 0.175070 0.078431 0.175303 0.068978 0.173669 0.068102 0.171335 0.068277 0.154295 0.077206 0.146359 0.082983 0.139122 0.089636 0.128151 0.105742 0.124183 0.120798 0.123483 0.126751
1 0.274510 0.000000 0.278011 0.013831 0.278245 0.026436 0.281746 0.030696 0.281746 0.032913 0.289916 0.033263 0.293184 0.034314 0.299720 0.034664 0.307890 0.034139 0.309290 0.032563 0.305089 0.028711 0.304155 0.025910 0.301821 0.023459 0.296685 0.008578 0.295051 0.005952 0.293884 0.000000 0.274510 0.000000
1 0.384220 0.095588 0.384687 0.103116 0.381186 0.110994 0.375817 0.116246 0.374883 0.118873 0.375817 0.120973 0.379318 0.123599 0.390289 0.128676 0.394258 0.129377 0.411298 0.126401 0.414332 0.124475 0.427171 0.119573 0.426237 0.116246 0.423203 0.113270 0.420868 0.109244 0.418534 0.101541 0.418534 0.095238 0.419468 0.091211 0.422502 0.085084 0.423436 0.081583 0.422502 0.080357 0.417834 0.080007 0.408030 0.082283 0.384220 0.082283 0.380719 0.083333 0.379785 0.084559 0.384220 0.095588
1 0.420868 0.616947 0.419234 0.622549 0.419935 0.631653 0.417834 0.637255 0.415500 0.640581 0.412232 0.650560 0.415266 0.661765 0.422035 0.666842 0.428571 0.667717 0.435341 0.670343 0.439309 0.670343 0.446545 0.668242 0.457516 0.663340 0.467087 0.660539 0.481092 0.657913 0.482726 0.649860 0.479692 0.625350 0.479692 0.602066 0.483193 0.574580 0.482260 0.572304 0.480626 0.571604 0.474090 0.573004 0.458450 0.577556 0.442810 0.584909 0.428105 0.595413 0.421802 0.605567 0.420868 0.616947
1 0.027778 0.717262 0.029178 0.721464 0.036181 0.730217 0.063492 0.749475 0.087068 0.760154 0.105742 0.763480 0.110878 0.762955 0.119748 0.764181 0.129552 0.762080 0.136788 0.761555 0.137955 0.760679 0.138889 0.758929 0.139589 0.743522 0.141923 0.734244 0.147292 0.723739 0.166433 0.699405 0.164566 0.698529 0.161298 0.699580 0.159430 0.701331 0.150794 0.704307 0.141457 0.708859 0.137021 0.709909 0.133754 0.712185 0.126517 0.714986 0.122316 0.715686 0.115780 0.718487 0.081699 0.724440 0.068861 0.724790 0.043884 0.721113 0.043417 0.720413 0.033613 0.716912 0.029645 0.715686 0.028245 0.716211 0.027778 0.717262
1 0.001867 0.438375 0.000000 0.438725 0.000000 0.489846 0.001634 0.489846 0.003968 0.483193 0.009104 0.475140 0.022176 0.464461 0.039683 0.455532 0.053455 0.450980 0.057190 0.451506 0.058590 0.450105 0.057656 0.445903 0.052754 0.437850 0.042951 0.413690 0.039683 0.412815 0.031279 0.416317 0.027778 0.418943 0.018441 0.423845 0.009804 0.430322 0.001867 0.438375
1 0.000000 0.689076 0.000000 0.763305 0.038982 0.760679 0.054155 0.760854 0.070962 0.762955 0.076331 0.762955 0.079365 0.762255 0.081466 0.759804 0.081466 0.758403 0.078198 0.757703 0.070028 0.753151 0.038982 0.732843 0.031979 0.725665 0.025210 0.713410 0.013072 0.704132 0.003501 0.692752 0.001634 0.689076 0.000000 0.689076
1 0.000000 0.534664 0.000000 0.609594 0.001401 0.609594 0.013072 0.604167 0.022409 0.596464 0.028711 0.588761 0.033613 0.580532 0.037115 0.568102 0.034080 0.564251 0.010271 0.546394 0.001634 0.534664 0.000000 0.534664
1 0.827965 0.999825 0.999767 0.999825 0.999767 0.919118 0.988329 0.919643 0.966620 0.922444 0.953548 0.925595 0.949580 0.925770 0.940943 0.928922 0.935574 0.928046 0.922269 0.935924 0.894491 0.950280 0.877918 0.957283 0.848039 0.967437 0.841970 0.972164 0.837535 0.977066 0.832166 0.984944 0.828198 0.994048 0.827965 0.999825
1 0.589869 0.999825 0.777544 0.999825 0.777544 0.998249 0.772642 0.994398 0.765406 0.990546 0.754435 0.982668 0.721289 0.965336 0.693511 0.955007 0.675537 0.950280 0.664799 0.950455 0.662232 0.949755 0.658263 0.947304 0.650093 0.951155 0.621849 0.969363 0.601541 0.980742 0.592904 0.987395 0.590103 0.995623 0.589869 0.999825
1 0.215219 0.150910 0.216853 0.152136 0.223156 0.153011 0.227124 0.152661 0.244631 0.139356 0.247432 0.137780 0.253968 0.136204 0.257937 0.133578 0.251634 0.130602 0.245098 0.129727 0.237862 0.129902 0.227358 0.135329 0.220355 0.140056 0.214753 0.147059 0.215219 0.150910
1 0.328431 0.133929 0.334500 0.140581 0.339402 0.143908 0.348739 0.152136 0.352474 0.153186 0.359185 0.147628 0.385387 0.133578 0.390523 0.130077 0.386555 0.127276 0.376050 0.122724 0.373016 0.120098 0.362045 0.125000 0.345472 0.129202 0.334967 0.130602 0.328665 0.133053 0.328431 0.133929
1 0.310691 0.341912 0.310691 0.345413 0.315593 0.354342 0.317227 0.360644 0.316293 0.375000 0.315593 0.378326 0.314192 0.380077 0.314192 0.382528 0.316176 0.380777 0.320962 0.379377 0.331699 0.373775 0.342437 0.370623 0.362979 0.367822 0.369748 0.356092 0.369981 0.352416 0.351074 0.337185 0.348973 0.334209 0.343838 0.331232 0.341737 0.328081 0.338469 0.327731 0.334734 0.329657 0.320962 0.332633 0.312092 0.339811 0.310691 0.341912
1 0.010037 0.282388 0.000000 0.283438 0.000000 0.296043 0.025444 0.291492 0.040616 0.290616 0.054155 0.291842 0.059991 0.293417 0.068161 0.296043 0.075630 0.300420 0.094304 0.303571 0.098739 0.306723 0.102241 0.305147 0.109244 0.300245 0.109244 0.296744 0.102241 0.291667 0.081699 0.285014 0.071195 0.282913 0.046685 0.280112 0.021709 0.279587 0.015173 0.280462 0.010037 0.282388