0 0.186975 0.251926 0.190710 0.264531 0.199813 0.272759 0.219421 0.283263 0.244631 0.294293 0.249767 0.295343 0.254902 0.297444 0.260271 0.298319 0.268674 0.301996 0.286181 0.306373 0.316293 0.309699 0.334967 0.309174 0.345938 0.306723 0.352241 0.303571 0.355976 0.303746 0.370448 0.295693 0.383053 0.291141 0.392857 0.282913 0.396359 0.276085 0.397526 0.266106 0.394725 0.258578 0.386788 0.251401 0.383520 0.250000 0.373716 0.242997 0.352007 0.233894 0.346172 0.230742 0.321195 0.221289 0.289683 0.210959 0.262372 0.204307 0.251401 0.204832 0.243931 0.206057 0.209617 0.214461 0.201914 0.218838 0.195145 0.223915 0.188375 0.234244 0.187208 0.242122 0.186975 0.251926
0 0.307656 0.365896 0.312558 0.376576 0.317227 0.382178 0.330999 0.393732 0.345005 0.401786 0.348973 0.406688 0.358310 0.411239 0.375817 0.422969 0.390289 0.429622 0.404528 0.434174 0.418768 0.437150 0.435341 0.439601 0.440476 0.439601 0.459617 0.441702 0.490430 0.442927 0.519141 0.437500 0.529879 0.432598 0.532680 0.431197 0.543417 0.422619 0.548319 0.415266 0.549020 0.407738 0.545051 0.399685 0.540850 0.395133 0.538749 0.391106 0.535948 0.389531 0.531279 0.384804 0.515873 0.374825 0.508637 0.371674 0.501634 0.367472 0.497899 0.364321 0.484127 0.355742 0.464986 0.346289 0.449346 0.336835 0.428805 0.328782 0.397993 0.324755 0.385154 0.324230 0.380719 0.324755 0.356209 0.324405 0.345472 0.326155 0.338469 0.328081 0.333333 0.330357 0.324230 0.336134 0.314192 0.345938 0.308590 0.355742 0.307890 0.358368 0.307656 0.365896
0 0.075864 0.319153 0.077264 0.330707 0.079832 0.338761 0.084267 0.347164 0.100607 0.366597 0.112512 0.376050 0.133987 0.390931 0.143091 0.395133 0.151261 0.396709 0.163165 0.397584 0.178571 0.396884 0.193511 0.392157 0.199580 0.389181 0.202381 0.386204 0.206816 0.383578 0.210784 0.377801 0.213819 0.371148 0.214986 0.366246 0.215219 0.352241 0.213352 0.341912 0.207516 0.328081 0.202148 0.320553 0.200980 0.310749 0.194911 0.300245 0.186041 0.289216 0.184641 0.286415 0.178105 0.281688 0.168067 0.276436 0.158263 0.272584 0.147526 0.270133 0.119048 0.269083 0.105976 0.271008 0.098039 0.274335 0.090803 0.278711 0.078431 0.297094 0.076331 0.304797 0.075864 0.319153
0 0.066993 0.418417 0.070261 0.428571 0.077731 0.439776 0.083800 0.446078 0.098506 0.457283 0.102474 0.458859 0.105976 0.461660 0.126751 0.470938 0.147292 0.476716 0.154295 0.477941 0.191176 0.480567 0.216853 0.481443 0.248366 0.481268 0.262838 0.479167 0.282680 0.471639 0.285714 0.469188 0.288282 0.464111 0.291317 0.449405 0.284547 0.435924 0.274743 0.426296 0.267740 0.420868 0.254902 0.412990 0.223623 0.401436 0.213119 0.400035 0.206349 0.398284 0.196545 0.398109 0.193277 0.397409 0.188375 0.398109 0.184874 0.397409 0.176704 0.398459 0.165966 0.398810 0.147993 0.397584 0.138655 0.396008 0.129352 0.396884 0.108777 0.397409 0.103641 0.398459 0.095238 0.398810 0.081466 0.403361 0.070728 0.404937 0.068627 0.405987 0.066760 0.409314 0.066993 0.418417
1 0.093371 0.492297 0.094771 0.501751 0.105742 0.517857 0.110878 0.523109 0.129085 0.536415 0.147526 0.544643 0.163399 0.549195 0.168301 0.551296 0.181839 0.553922 0.228992 0.561450 0.247432 0.563375 0.262138 0.563200 0.275677 0.561275 0.283613 0.558473 0.287582 0.556373 0.289916 0.553922 0.289449 0.550420 0.282213 0.532563 0.278478 0.508228 0.277311 0.505427 0.265873 0.496324 0.255135 0.489496 0.248366 0.486169 0.240430 0.484594 0.204248 0.482143 0.188842 0.481968 0.179038 0.480392 0.161998 0.479517 0.149860 0.478116 0.123716 0.471289 0.112979 0.466036 0.109477 0.465161 0.105742 0.465861 0.098739 0.472864 0.094771 0.480567 0.093838 0.485294 0.093371 0.492297
0 0.280112 0.513655 0.281513 0.526611 0.291550 0.555322 0.299953 0.567752 0.313959 0.584909 0.325630 0.596113 0.331466 0.600315 0.337535 0.603466 0.349440 0.607318 0.358543 0.609069 0.362745 0.609244 0.368347 0.607493 0.374883 0.603641 0.381186 0.597689 0.388422 0.586835 0.393791 0.564251 0.395191 0.547269 0.394258 0.532388 0.395191 0.529587 0.395191 0.520658 0.394024 0.511905 0.382586 0.477416 0.373483 0.460259 0.366713 0.450980 0.355742 0.443277 0.338702 0.438901 0.330299 0.438375 0.322129 0.439951 0.317227 0.439601 0.302988 0.445028 0.296452 0.449405 0.292717 0.453782 0.283613 0.488270 0.280345 0.504727 0.280112 0.513655
1 0.395892 0.512605 0.397059 0.520133 0.396359 0.537465 0.397526 0.545868 0.403128 0.551821 0.411531 0.554972 0.414799 0.551821 0.420401 0.542892 0.427171 0.534314 0.434174 0.528536 0.452381 0.518207 0.458917 0.516982 0.463352 0.517507 0.478291 0.523634 0.480859 0.525560 0.482026 0.525035 0.484127 0.522409 0.485761 0.511380 0.492997 0.500700 0.499300 0.496499 0.504669 0.494573 0.510504 0.491246 0.505135 0.487045 0.483894 0.489846 0.465920 0.490021 0.452148 0.491422 0.429038 0.488796 0.418301 0.489671 0.411298 0.493347 0.407096 0.496674 0.401261 0.501926 0.396359 0.507878 0.395892 0.512605
0 0.392624 0.616597 0.396592 0.630077 0.399393 0.632178 0.403595 0.640581 0.404528 0.644258 0.410131 0.654587 0.416900 0.663165 0.427171 0.668768 0.438609 0.671394 0.449346 0.670868 0.460084 0.668943 0.463352 0.667192 0.474323 0.658789 0.480859 0.651436 0.486695 0.643732 0.495098 0.629027 0.498133 0.622199 0.508170 0.585259 0.508637 0.576506 0.507703 0.567927 0.502801 0.550245 0.498833 0.542367 0.495798 0.538340 0.491363 0.533263 0.484360 0.527311 0.477591 0.523634 0.466853 0.519258 0.461251 0.518032 0.456349 0.518032 0.452848 0.518732 0.445378 0.522409 0.430906 0.531863 0.426237 0.536239 0.421335 0.542892 0.397526 0.581583 0.393557 0.592087 0.391923 0.602066 0.392624 0.616597
0 0.480626 0.680847 0.481092 0.692052 0.484594 0.699580 0.485528 0.705007 0.489496 0.714286 0.500467 0.735644 0.508170 0.747724 0.517040 0.759804 0.526144 0.769258 0.530345 0.775910 0.534547 0.779412 0.542484 0.788340 0.561391 0.802696 0.568394 0.805672 0.573996 0.807073 0.577965 0.809349 0.585434 0.811450 0.595472 0.811975 0.602474 0.809174 0.610411 0.803922 0.620448 0.791317 0.623016 0.786239 0.626751 0.769433 0.629785 0.737570 0.625817 0.713060 0.620682 0.695728 0.614379 0.682073 0.606676 0.668943 0.595472 0.654412 0.581699 0.640406 0.564893 0.626576 0.546919 0.619398 0.536648 0.617822 0.525910 0.618873 0.512138 0.622199 0.507937 0.625000 0.504902 0.628501 0.497199 0.633578 0.490196 0.643908 0.487862 0.661239 0.485994 0.667892 0.481793 0.675070 0.480626 0.680847
0 0.239496 0.682248 0.240196 0.692577 0.242764 0.700455 0.247432 0.709559 0.258637 0.724790 0.293884 0.766106 0.300187 0.775385 0.303922 0.778361 0.306723 0.783613 0.312092 0.790266 0.314192 0.792017 0.317460 0.793242 0.320962 0.794118 0.325163 0.794118 0.339869 0.789916 0.352241 0.783613 0.361345 0.776786 0.367880 0.770308 0.373249 0.763480 0.374883 0.759279 0.381886 0.748249 0.386555 0.727241 0.384921 0.708333 0.381886 0.695903 0.379318 0.689251 0.364613 0.663866 0.363912 0.661415 0.352708 0.644958 0.338469 0.630952 0.331699 0.626225 0.316293 0.619048 0.309290 0.617297 0.299953 0.617472 0.291083 0.619048 0.268207 0.626225 0.258170 0.632003 0.251634 0.639356 0.246499 0.646884 0.241597 0.659314 0.239963 0.668242 0.239496 0.682248
1 0.009570 0.566877 0.000000 0.570203 0.000000 0.687500 0.015173 0.686275 0.036181 0.679622 0.058123 0.669993 0.082166 0.655287 0.099206 0.640231 0.107143 0.629902 0.114613 0.616246 0.117180 0.602416 0.116713 0.591211 0.112745 0.581758 0.102241 0.569678 0.095472 0.563901 0.092437 0.563901 0.081466 0.560049 0.074697 0.558473 0.060924 0.557248 0.046685 0.557773 0.036648 0.560749 0.024043 0.561450 0.015406 0.563725 0.009570 0.566877
1 0.010738 0.357493 0.000000 0.364671 0.000000 0.476541 0.007470 0.477766 0.012138 0.477591 0.018908 0.476015 0.032680 0.471989 0.041317 0.468487 0.067460 0.451856 0.073996 0.446254 0.076564 0.442752 0.076331 0.439076 0.068861 0.425945 0.066060 0.414916 0.066060 0.409139 0.068161 0.405462 0.070495 0.403887 0.075163 0.403361 0.079443 0.401261 0.082633 0.401085 0.091737 0.397409 0.095238 0.397234 0.097806 0.393732 0.102708 0.393382 0.105509 0.392332 0.109244 0.383929 0.109711 0.378151 0.109244 0.376050 0.099673 0.367472 0.092904 0.359769 0.077965 0.339461 0.074230 0.338761 0.072362 0.339986 0.063959 0.341737 0.052521 0.341737 0.042717 0.343137 0.022409 0.349790 0.013072 0.354867 0.010738 0.357493
1 0.038982 0.471289 0.028945 0.473739 0.010971 0.479867 0.000000 0.481443 0.000000 0.567052 0.005135 0.567052 0.015873 0.562850 0.026144 0.560224 0.036415 0.559524 0.046218 0.557423 0.059057 0.556723 0.074697 0.557598 0.081232 0.558824 0.096639 0.563025 0.102241 0.566176 0.105976 0.557073 0.107376 0.546043 0.104342 0.522409 0.102241 0.516982 0.095238 0.505602 0.089869 0.493172 0.078665 0.481092 0.068161 0.472689 0.057190 0.467612 0.050187 0.467262 0.047619 0.467962 0.038982 0.471289
1 0.051587 0.709909 0.055556 0.727241 0.059057 0.734419 0.064192 0.740896 0.071662 0.745798 0.077965 0.748775 0.083567 0.750000 0.093371 0.749650 0.120448 0.741071 0.136555 0.732668 0.160598 0.713410 0.171802 0.701155 0.182540 0.685574 0.190943 0.666492 0.197246 0.647409 0.200047 0.634804 0.202148 0.609419 0.201914 0.602766 0.199580 0.594188 0.198413 0.591737 0.193744 0.587710 0.192577 0.585609 0.187442 0.582808 0.182306 0.581583 0.178338 0.578431 0.172736 0.576155 0.168534 0.575105 0.160831 0.574930 0.148926 0.576506 0.137488 0.579657 0.130019 0.583158 0.119748 0.589286 0.117880 0.591387 0.117647 0.609419 0.112045 0.623424 0.107143 0.631303 0.094771 0.645483 0.088936 0.650735 0.080065 0.657563 0.063959 0.667367 0.059057 0.671744 0.056489 0.675420 0.056022 0.678746 0.053688 0.682423 0.051587 0.690301 0.051587 0.709909
1 0.020308 0.685574 0.000000 0.688901 0.000000 0.818627 0.001634 0.818627 0.009337 0.812150 0.025210 0.795518 0.027544 0.793943 0.043651 0.768032 0.055089 0.740896 0.056489 0.733543 0.051587 0.720238 0.049486 0.708683 0.049253 0.687500 0.050187 0.685749 0.050187 0.682248 0.049720 0.678746 0.046685 0.676996 0.020308 0.685574
1 0.138655 0.755952 0.139589 0.765581 0.147759 0.789566 0.154295 0.803746 0.161064 0.813550 0.167600 0.821078 0.182073 0.832283 0.189776 0.835259 0.203315 0.838410 0.214753 0.838936 0.220355 0.837360 0.228758 0.832283 0.236228 0.825280 0.241597 0.818102 0.244865 0.811625 0.248599 0.800420 0.250700 0.787640 0.255135 0.772584 0.263072 0.751751 0.267040 0.737745 0.265640 0.734069 0.257236 0.724965 0.242764 0.703957 0.239262 0.692927 0.238562 0.686275 0.239496 0.661239 0.234594 0.656513 0.227358 0.652661 0.213585 0.647234 0.205182 0.646008 0.199346 0.646534 0.192810 0.661590 0.192344 0.665441 0.187208 0.678221 0.178805 0.693803 0.162932 0.712360 0.149393 0.723564 0.141690 0.730917 0.139356 0.734594 0.138655 0.755952
1 0.010971 0.824580 0.012372 0.834909 0.015640 0.845238 0.022176 0.853291 0.025910 0.856092 0.039683 0.863095 0.048086 0.864146 0.053688 0.863095 0.062325 0.859419 0.064893 0.857318 0.073996 0.852591 0.081699 0.846989 0.089402 0.838761 0.109244 0.814426 0.119748 0.797794 0.135854 0.762780 0.137021 0.751926 0.136088 0.747024 0.137021 0.736870 0.133520 0.735469 0.119748 0.741947 0.103175 0.747549 0.089869 0.750350 0.081232 0.750175 0.076797 0.748950 0.070728 0.746324 0.061625 0.739671 0.060691 0.737745 0.057190 0.738270 0.047619 0.761905 0.038982 0.776961 0.036181 0.779762 0.033147 0.786590 0.030812 0.788690 0.028478 0.793067 0.022176 0.799195 0.010738 0.813025 0.010971 0.824580
1 0.257236 0.821954 0.258403 0.829132 0.264706 0.845238 0.272176 0.855392 0.275910 0.859069 0.286415 0.867297 0.296452 0.873424 0.303455 0.876576 0.310924 0.878326 0.317694 0.879202 0.323763 0.878676 0.330999 0.876751 0.338702 0.873599 0.349440 0.866947 0.354108 0.862920 0.357843 0.856618 0.360644 0.853641 0.368814 0.839111 0.374183 0.827031 0.378852 0.808298 0.393557 0.778887 0.396125 0.754902 0.394024 0.738270 0.390523 0.731268 0.388189 0.731268 0.387021 0.731968 0.383520 0.748424 0.380952 0.751751 0.380252 0.754727 0.376050 0.758754 0.375117 0.762430 0.364146 0.775910 0.355742 0.781863 0.341503 0.790091 0.334967 0.792892 0.331466 0.793067 0.328198 0.794118 0.320495 0.794468 0.314893 0.792892 0.312325 0.791141 0.304855 0.782913 0.303688 0.779412 0.301354 0.777486 0.297386 0.771359 0.288749 0.761730 0.281746 0.751576 0.279412 0.749825 0.276144 0.750350 0.272409 0.757703 0.265640 0.776085 0.261438 0.797619 0.258637 0.806197 0.257470 0.814776 0.257236 0.821954
1 0.422269 0.807423 0.424837 0.819328 0.428571 0.828782 0.438609 0.845938 0.452848 0.866246 0.459851 0.873424 0.465920 0.877801 0.477124 0.883578 0.487862 0.887780 0.498599 0.889881 0.509804 0.890756 0.518207 0.889006 0.522176 0.887255 0.526844 0.883578 0.530812 0.876926 0.549720 0.796744 0.547619 0.793417 0.534781 0.781162 0.523343 0.768557 0.507470 0.748074 0.501634 0.738796 0.495331 0.725490 0.486695 0.710259 0.483660 0.702381 0.481326 0.700105 0.477358 0.699580 0.469888 0.702206 0.464286 0.705182 0.451914 0.713585 0.442577 0.723214 0.430672 0.744573 0.428805 0.753151 0.424370 0.766106 0.422269 0.783438 0.422269 0.807423
1 0.559290 0.807948 0.560458 0.811625 0.567460 0.828081 0.578431 0.845063 0.584734 0.852416 0.595238 0.861870 0.601541 0.866246 0.619748 0.876576 0.633520 0.881828 0.643324 0.884454 0.651727 0.885504 0.661998 0.884454 0.671802 0.881127 0.676471 0.877626 0.679739 0.873424 0.682773 0.864846 0.685341 0.851716 0.686275 0.840686 0.686041 0.824230 0.681373 0.772234 0.672035 0.755427 0.663632 0.743347 0.658030 0.736345 0.654762 0.733718 0.652661 0.730042 0.642624 0.721289 0.630252 0.714461 0.626984 0.714461 0.626517 0.715686 0.628852 0.726891 0.630252 0.740546 0.627451 0.769608 0.625350 0.779762 0.621849 0.789741 0.617180 0.797269 0.611111 0.803746 0.603641 0.809174 0.598739 0.811450 0.595938 0.811975 0.584967 0.811625 0.581466 0.809699 0.574230 0.807948 0.560691 0.802521 0.559524 0.804447 0.559290 0.807948
1 0.645425 0.706408 0.650794 0.716912 0.653828 0.720938 0.660831 0.727591 0.663399 0.728817 0.667600 0.732668 0.679505 0.735119 0.693978 0.734944 0.706116 0.733018 0.716853 0.729692 0.720588 0.729342 0.734594 0.724440 0.740663 0.723214 0.758637 0.715686 0.764006 0.714636 0.767974 0.712185 0.776377 0.709209 0.783147 0.704657 0.788982 0.702031 0.798786 0.694853 0.803688 0.692752 0.810924 0.686800 0.812792 0.683824 0.824463 0.672444 0.830999 0.660714 0.833567 0.650735 0.833333 0.634279 0.830766 0.625700 0.824930 0.618697 0.819795 0.615021 0.817927 0.612745 0.810924 0.609419 0.803688 0.604692 0.786415 0.603116 0.779412 0.604517 0.772176 0.609419 0.771008 0.612045 0.768441 0.613971 0.760738 0.617122 0.749533 0.623599 0.714286 0.638305 0.692577 0.643032 0.685341 0.643382 0.678338 0.645133 0.676004 0.647059 0.657563 0.671919 0.645658 0.696429 0.645425 0.706408
1 0.653128 0.727416 0.654295 0.730917 0.656863 0.731793 0.661298 0.740196 0.665500 0.741947 0.666200 0.744398 0.676704 0.761730 0.684407 0.772584 0.697946 0.786590 0.720355 0.804797 0.723623 0.805847 0.740896 0.814776 0.746732 0.816702 0.754435 0.821604 0.761438 0.824930 0.776144 0.830182 0.785247 0.831758 0.797152 0.832808 0.807190 0.831057 0.813492 0.828256 0.824230 0.821604 0.828431 0.817577 0.831466 0.812675 0.832400 0.808123 0.831466 0.796043 0.827965 0.784664 0.817694 0.766982 0.801120 0.746499 0.792017 0.736695 0.766340 0.716912 0.760738 0.716562 0.751401 0.720063 0.749767 0.721289 0.730626 0.726366 0.727124 0.728116 0.713819 0.731092 0.706116 0.734069 0.693277 0.735819 0.679272 0.735819 0.665033 0.732668 0.661298 0.729867 0.657796 0.729167 0.654762 0.723915 0.653595 0.725315 0.653128 0.727416
1 0.781279 0.513831 0.777077 0.518207 0.771008 0.522584 0.771475 0.525910 0.784314 0.532388 0.792484 0.542017 0.797386 0.557248 0.796919 0.565651 0.794118 0.580707 0.791317 0.589286 0.789216 0.591912 0.786181 0.598915 0.792250 0.599965 0.798786 0.598739 0.804155 0.598915 0.814192 0.602066 0.821662 0.602416 0.827965 0.601541 0.839169 0.596989 0.847106 0.588936 0.850140 0.582283 0.852007 0.570553 0.849206 0.553396 0.839402 0.533088 0.830532 0.522409 0.817927 0.509979 0.810458 0.504552 0.798319 0.497374 0.793417 0.496148 0.790149 0.499300 0.781279 0.513831
1 0.804622 0.498249 0.806723 0.501401 0.815359 0.507353 0.826097 0.517332 0.838469 0.530987 0.841737 0.532738 0.852241 0.534489 0.880252 0.535364 0.908263 0.531863 0.948179 0.519083 0.956116 0.515756 0.970822 0.508929 0.982960 0.501401 0.989729 0.494573 0.991597 0.491422 0.992764 0.486520 0.994865 0.484244 0.989262 0.470588 0.985994 0.466912 0.980859 0.463410 0.967087 0.456933 0.955415 0.453081 0.939076 0.450455 0.910131 0.450105 0.892390 0.453081 0.883287 0.455532 0.874650 0.459034 0.851541 0.471814 0.842904 0.476015 0.832633 0.479692 0.823763 0.484769 0.816293 0.487745 0.804855 0.494748 0.804622 0.498249
1 0.631419 0.544293 0.633520 0.557948 0.634220 0.558824 0.637021 0.559174 0.645892 0.551996 0.653828 0.548319 0.666667 0.539916 0.672269 0.537990 0.707049 0.530287 0.734360 0.527136 0.751867 0.526961 0.769374 0.523634 0.781279 0.513130 0.792017 0.496148 0.795051 0.488620 0.797152 0.477941 0.797152 0.472164 0.796218 0.463936 0.793417 0.457108 0.788982 0.452731 0.777778 0.445028 0.762138 0.440476 0.744398 0.439601 0.730859 0.443102 0.716387 0.448704 0.707983 0.452731 0.691877 0.462360 0.682540 0.466036 0.647059 0.497724 0.643791 0.502101 0.634220 0.522234 0.631419 0.532913 0.631419 0.544293
1 0.485294 0.526085 0.487628 0.529237 0.496499 0.537115 0.502568 0.547094 0.507937 0.564426 0.510271 0.577906 0.510037 0.581583 0.514239 0.588410 0.522642 0.598915 0.531279 0.605567 0.536415 0.610819 0.539916 0.612220 0.543651 0.615196 0.566993 0.626576 0.584500 0.640756 0.586601 0.643557 0.591737 0.646709 0.616246 0.655462 0.618814 0.654762 0.630019 0.655462 0.634687 0.652836 0.638889 0.648459 0.642390 0.636905 0.639356 0.632178 0.635621 0.630252 0.630952 0.625525 0.626751 0.622549 0.622782 0.614671 0.619048 0.609594 0.616480 0.602766 0.616480 0.593838 0.618581 0.581758 0.627684 0.564076 0.625350 0.562325 0.609244 0.537815 0.602474 0.530637 0.574697 0.507703 0.553688 0.494923 0.548786 0.492822 0.539216 0.490371 0.530112 0.489321 0.522176 0.489496 0.516807 0.490721 0.505135 0.494923 0.495798 0.499475 0.493231 0.501576 0.488329 0.508754 0.485294 0.519958 0.485294 0.526085
1 0.618347 0.657913 0.621148 0.659314 0.623249 0.661590 0.633987 0.665791 0.654295 0.671569 0.657796 0.669643 0.661531 0.665441 0.669001 0.654412 0.669935 0.651261 0.672736 0.647584 0.672502 0.645483 0.671102 0.643908 0.665033 0.642682 0.659197 0.642507 0.654528 0.640931 0.647292 0.637080 0.644024 0.637255 0.639122 0.648459 0.635621 0.652836 0.626751 0.655287 0.623249 0.654937 0.618581 0.657213 0.618347 0.657913
1 0.029879 0.307423 0.019608 0.305672 0.010971 0.306197 0.000000 0.304972 0.000000 0.362220 0.001634 0.362220 0.005369 0.360294 0.012138 0.354867 0.020542 0.350315 0.043651 0.342262 0.075163 0.340686 0.077965 0.339461 0.077965 0.336485 0.075397 0.327031 0.073296 0.323179 0.067694 0.320028 0.056489 0.317577 0.047152 0.312500 0.043884 0.311450 0.035481 0.306898 0.032680 0.301996 0.029879 0.307423
1 0.012605 0.198529 0.000000 0.205357 0.000000 0.291667 0.005369 0.291317 0.011671 0.289391 0.015873 0.289566 0.027311 0.286590 0.028945 0.283789 0.029645 0.276261 0.033380 0.265231 0.039916 0.252801 0.045051 0.246674 0.056489 0.236520 0.069094 0.228641 0.072129 0.223039 0.072362 0.216036 0.071195 0.210259 0.069328 0.206232 0.063959 0.199755 0.057190 0.194328 0.051354 0.192052 0.035714 0.190126 0.024276 0.192402 0.016573 0.195553 0.012605 0.198529
1 0.029412 0.286415 0.032913 0.296744 0.036415 0.303571 0.040616 0.307423 0.053922 0.313550 0.071895 0.316527 0.074697 0.315301 0.076564 0.299545 0.078431 0.294993 0.089636 0.279237 0.096405 0.274510 0.105742 0.270658 0.126284 0.267507 0.140056 0.268557 0.143791 0.268207 0.146125 0.259279 0.145892 0.248074 0.142390 0.241246 0.137955 0.235469 0.130486 0.230392 0.127218 0.229167 0.123249 0.225665 0.117180 0.223564 0.109010 0.223389 0.103875 0.224965 0.095238 0.224615 0.078665 0.227416 0.074463 0.226891 0.065826 0.232668 0.057190 0.236870 0.050187 0.242472 0.043417 0.249300 0.034080 0.265581 0.031046 0.275385 0.029412 0.286415
1 0.072362 0.227241 0.073763 0.228291 0.078898 0.226190 0.091970 0.224440 0.102941 0.224615 0.111345 0.223214 0.119514 0.224090 0.124650 0.225840 0.140289 0.236695 0.143557 0.240371 0.147526 0.248249 0.150794 0.244923 0.152661 0.241246 0.157796 0.217437 0.157563 0.209384 0.154295 0.203957 0.147993 0.201155 0.140523 0.200105 0.126751 0.200805 0.105509 0.205532 0.095238 0.208859 0.083567 0.215511 0.074230 0.223915 0.072362 0.227241
1 0.147059 0.266106 0.149393 0.269083 0.168301 0.275035 0.176237 0.271359 0.187208 0.268908 0.188609 0.267157 0.189076 0.261905 0.184641 0.248249 0.187675 0.233894 0.185808 0.232843 0.177871 0.233894 0.166433 0.237745 0.154528 0.244748 0.150327 0.248249 0.147993 0.254727 0.147059 0.266106
1 0.168067 0.276085 0.167367 0.275910 0.178805 0.282038 0.184641 0.286765 0.186275 0.289916 0.193744 0.298494 0.199580 0.307598 0.202614 0.309349 0.206816 0.307423 0.216853 0.306898 0.235294 0.309874 0.237162 0.310749 0.239262 0.310574 0.239496 0.306548 0.241830 0.300420 0.241830 0.296744 0.239496 0.293417 0.218487 0.283964 0.202614 0.275385 0.192577 0.268557 0.189076 0.268382 0.176237 0.271183 0.169001 0.274335 0.168067 0.276085
1 0.203081 0.318803 0.207049 0.323704 0.213585 0.337710 0.216853 0.355567 0.215219 0.370623 0.209851 0.383578 0.224556 0.398284 0.262138 0.413690 0.268908 0.417192 0.280112 0.418417 0.292250 0.420693 0.303688 0.421744 0.321195 0.420868 0.324697 0.419993 0.329365 0.417017 0.335901 0.414741 0.345705 0.409839 0.347339 0.407913 0.346172 0.404412 0.341270 0.400910 0.335434 0.398109 0.322829 0.388480 0.312558 0.378676 0.309524 0.373775 0.306022 0.362745 0.306256 0.359069 0.311391 0.348739 0.318861 0.338585 0.318627 0.334909 0.314192 0.331057 0.311391 0.330707 0.303922 0.327556 0.299020 0.326681 0.289216 0.322654 0.278011 0.320378 0.268441 0.319328 0.258170 0.315826 0.251634 0.315126 0.244865 0.312675 0.231326 0.309874 0.225023 0.309349 0.219888 0.307773 0.212885 0.307248 0.207283 0.308473 0.204015 0.310574 0.203081 0.312500 0.203081 0.318803
1 0.242063 0.310574 0.247666 0.313375 0.262372 0.316702 0.272409 0.319853 0.276144 0.319678 0.292717 0.323354 0.303688 0.327731 0.311858 0.329832 0.313959 0.332458 0.317694 0.334734 0.321195 0.334384 0.322129 0.331057 0.327031 0.322304 0.333333 0.314076 0.332633 0.311800 0.328665 0.310399 0.317694 0.310574 0.299253 0.308123 0.292717 0.307948 0.275677 0.304797 0.264706 0.301471 0.261905 0.299895 0.245331 0.295693 0.243464 0.296744 0.241830 0.303746 0.242063 0.310574
1 0.270542 0.202731 0.264239 0.203081 0.264472 0.206408 0.270542 0.206758 0.292951 0.212185 0.299020 0.214636 0.323529 0.221989 0.359944 0.236520 0.379085 0.245623 0.382120 0.245273 0.387021 0.242122 0.397059 0.234244 0.398926 0.231092 0.394958 0.222339 0.389122 0.216737 0.380252 0.210959 0.369048 0.206408 0.352708 0.202731 0.329599 0.199230 0.303688 0.198179 0.278711 0.200630 0.270542 0.202731
1 0.181839 0.200630 0.183240 0.207983 0.188609 0.221464 0.192577 0.224965 0.193044 0.223915 0.201914 0.217437 0.217554 0.211310 0.226657 0.209559 0.243697 0.204832 0.270542 0.201681 0.276377 0.199755 0.277077 0.198004 0.276844 0.195203 0.269141 0.182948 0.262138 0.175245 0.251634 0.166141 0.242530 0.159664 0.233427 0.154412 0.223389 0.152311 0.219888 0.152136 0.213585 0.153361 0.203081 0.157563 0.197479 0.161064 0.190943 0.167192 0.188375 0.170693 0.184641 0.178746 0.182540 0.187850 0.181839 0.200630
1 0.121382 0.164741 0.125350 0.182248 0.126284 0.185749 0.130019 0.191176 0.133520 0.194328 0.140523 0.198354 0.151494 0.201856 0.155170 0.204438 0.157563 0.207633 0.159664 0.216211 0.161765 0.218662 0.175303 0.226015 0.181839 0.227591 0.185341 0.227241 0.185107 0.224848 0.187208 0.222164 0.187442 0.219888 0.181139 0.199580 0.181373 0.192752 0.184407 0.178922 0.187675 0.171218 0.190009 0.167542 0.196779 0.161415 0.197712 0.157913 0.182073 0.149685 0.165500 0.139006 0.157796 0.135679 0.149627 0.134979 0.143791 0.136555 0.133987 0.141106 0.126751 0.148459 0.122549 0.154587 0.121615 0.158438 0.121382 0.164741
1 0.351541 0.322129 0.352708 0.324055 0.373249 0.323704 0.378618 0.324405 0.386788 0.323704 0.394024 0.324230 0.433940 0.330182 0.450514 0.337185 0.470355 0.348915 0.476424 0.351190 0.487862 0.357668 0.500700 0.366772 0.517274 0.375525 0.523109 0.380077 0.529178 0.383228 0.533147 0.384104 0.536648 0.382703 0.540850 0.380252 0.544585 0.376576 0.546919 0.369748 0.545518 0.362745 0.541083 0.355742 0.533613 0.348039 0.527311 0.343487 0.525677 0.340861 0.519841 0.335784 0.514939 0.332808 0.484360 0.309349 0.470588 0.301120 0.456349 0.295518 0.442810 0.292367 0.433007 0.291492 0.428805 0.290441 0.404762 0.290441 0.387021 0.292017 0.376050 0.295518 0.369748 0.298319 0.356209 0.307248 0.353641 0.310924 0.351541 0.319678 0.351541 0.322129
1 0.320728 0.425420 0.323529 0.427871 0.328198 0.436450 0.331232 0.437500 0.345705 0.439251 0.354809 0.441877 0.360644 0.445028 0.368347 0.451856 0.377451 0.465861 0.383520 0.477416 0.386788 0.479517 0.389356 0.479692 0.399393 0.483193 0.407796 0.484419 0.417600 0.487045 0.433940 0.488095 0.442344 0.489671 0.452381 0.490371 0.466153 0.489321 0.484827 0.488971 0.498833 0.487220 0.502801 0.485994 0.505836 0.483018 0.507003 0.477066 0.504902 0.467087 0.499767 0.449580 0.496965 0.443978 0.494865 0.442402 0.487162 0.443627 0.478992 0.442577 0.452848 0.441527 0.449580 0.440651 0.432073 0.439601 0.429272 0.438550 0.418301 0.437500 0.411531 0.436099 0.404995 0.434524 0.386088 0.427696 0.373483 0.421394 0.355742 0.409839 0.354342 0.409664 0.348739 0.410014 0.338702 0.415441 0.330299 0.417717 0.321195 0.424195 0.320728 0.425420
1 0.382820 0.248074 0.394024 0.255427 0.399393 0.262430 0.399393 0.269083 0.394725 0.286415 0.397993 0.288515 0.403828 0.289391 0.425537 0.289916 0.427404 0.289391 0.428105 0.286239 0.426237 0.282913 0.425070 0.278011 0.424370 0.263480 0.428105 0.248074 0.430205 0.242997 0.432540 0.239846 0.438142 0.233368 0.444444 0.228466 0.452381 0.224790 0.459150 0.222689 0.466153 0.221814 0.474323 0.221814 0.481793 0.223039 0.491130 0.226015 0.498133 0.227066 0.502334 0.228992 0.508403 0.230042 0.511671 0.231443 0.514939 0.230742 0.512138 0.223214 0.503735 0.216912 0.496732 0.214461 0.494631 0.212885 0.477824 0.209734 0.455882 0.210434 0.446312 0.211660 0.432073 0.214986 0.413632 0.221989 0.408030 0.227416 0.401261 0.231092 0.383987 0.245273 0.382820 0.248074
1 0.425070 0.276261 0.426704 0.282913 0.430205 0.289741 0.442810 0.291492 0.456116 0.294818 0.478291 0.304797 0.495798 0.317752 0.498599 0.318978 0.501867 0.322479 0.506769 0.325455 0.514239 0.331583 0.522409 0.336835 0.526144 0.337185 0.532680 0.336485 0.535948 0.334559 0.540383 0.334034 0.549953 0.328431 0.553688 0.327731 0.556956 0.325980 0.565126 0.319503 0.568161 0.314251 0.570495 0.301120 0.570495 0.285539 0.567694 0.272934 0.563025 0.268382 0.559757 0.259979 0.556723 0.255952 0.554388 0.250875 0.539683 0.239146 0.519141 0.232143 0.477591 0.222339 0.465453 0.221639 0.457750 0.222689 0.452848 0.224265 0.442577 0.229517 0.434407 0.237220 0.429505 0.244573 0.424837 0.262255 0.425070 0.276261
1 0.412932 0.192577 0.415033 0.195203 0.417367 0.201506 0.425070 0.208158 0.432306 0.212185 0.437908 0.212710 0.449346 0.210259 0.462652 0.209384 0.478525 0.209559 0.492997 0.211660 0.503035 0.215511 0.514006 0.223915 0.515640 0.227766 0.518908 0.229517 0.526144 0.229867 0.542951 0.227416 0.567694 0.220763 0.571195 0.217612 0.573063 0.213410 0.569328 0.202906 0.564893 0.196604 0.553455 0.186099 0.543184 0.178221 0.522876 0.168067 0.505135 0.162990 0.484360 0.161765 0.460084 0.164391 0.439542 0.168768 0.425303 0.172969 0.417134 0.180322 0.415033 0.185399 0.414099 0.185749 0.412932 0.192577
1 0.540850 0.241246 0.547152 0.244048 0.553688 0.250000 0.561858 0.264531 0.563025 0.269783 0.566527 0.273284 0.568627 0.276786 0.570962 0.285364 0.569094 0.310749 0.564659 0.320378 0.557656 0.325455 0.550654 0.327906 0.546218 0.330532 0.535714 0.334734 0.525910 0.336835 0.524510 0.338410 0.528945 0.344363 0.534547 0.348039 0.537815 0.351891 0.542951 0.355392 0.546685 0.356618 0.547619 0.355567 0.553688 0.352941 0.566527 0.343312 0.574930 0.338235 0.589402 0.318627 0.596872 0.297269 0.598039 0.275735 0.596172 0.265056 0.588936 0.251401 0.581232 0.242997 0.567694 0.237220 0.560458 0.235469 0.549720 0.235294 0.541083 0.237745 0.540850 0.241246
1 0.614846 0.321254 0.616713 0.328256 0.619514 0.334209 0.625584 0.339286 0.633053 0.348915 0.640523 0.356618 0.652894 0.364496 0.664799 0.366772 0.672736 0.367297 0.679505 0.366597 0.682073 0.365371 0.687208 0.358193 0.698179 0.353992 0.703782 0.352591 0.717087 0.351366 0.722923 0.350140 0.727358 0.346464 0.728758 0.344013 0.730859 0.338761 0.732260 0.324405 0.728291 0.306723 0.720822 0.293067 0.714753 0.286415 0.703548 0.278186 0.699113 0.275560 0.686975 0.270483 0.678805 0.267857 0.665266 0.266632 0.650560 0.266807 0.637021 0.271534 0.628151 0.279237 0.622549 0.285189 0.619514 0.289916 0.615079 0.307248 0.614613 0.312150 0.614846 0.321254
1 0.547852 0.373775 0.542250 0.383578 0.549720 0.394608 0.560458 0.403361 0.570028 0.416141 0.577731 0.421043 0.580766 0.421569 0.584734 0.423494 0.591737 0.424020 0.602007 0.421919 0.608077 0.418943 0.623483 0.415091 0.636788 0.408263 0.646825 0.400910 0.649627 0.396534 0.652661 0.387780 0.652894 0.380602 0.651494 0.375700 0.645658 0.364321 0.642624 0.360469 0.630252 0.347864 0.619514 0.339811 0.615079 0.338235 0.609244 0.337360 0.577965 0.339461 0.572129 0.341737 0.559057 0.350140 0.551821 0.355742 0.548786 0.360819 0.547852 0.373775
1 0.552521 0.484769 0.553455 0.491246 0.555322 0.494748 0.583333 0.514356 0.588235 0.516982 0.601774 0.516106 0.605742 0.514706 0.609477 0.514356 0.624183 0.508754 0.636788 0.502101 0.651261 0.491947 0.658497 0.485644 0.667834 0.474615 0.672736 0.471989 0.680205 0.464111 0.680672 0.459559 0.689776 0.442927 0.693044 0.428922 0.692810 0.414391 0.689776 0.404762 0.685574 0.396884 0.681373 0.393557 0.677871 0.392507 0.674603 0.392857 0.670168 0.394783 0.658030 0.398109 0.644024 0.404412 0.630486 0.413165 0.626517 0.414391 0.619748 0.417892 0.609244 0.420518 0.596172 0.425595 0.590336 0.429797 0.586601 0.431548 0.579832 0.437675 0.563959 0.457808 0.555789 0.472339 0.553221 0.480917 0.552521 0.484769
1 0.539916 0.394083 0.543884 0.397234 0.546685 0.400910 0.549720 0.408263 0.549486 0.414566 0.545285 0.421744 0.533147 0.431197 0.528011 0.434174 0.515406 0.439076 0.498366 0.442577 0.498599 0.446254 0.503735 0.459909 0.507003 0.472514 0.507703 0.484419 0.513772 0.487745 0.525677 0.485994 0.529412 0.486345 0.532913 0.483543 0.538282 0.482843 0.543184 0.483368 0.550654 0.479517 0.553688 0.475490 0.563259 0.457808 0.571895 0.446254 0.572829 0.443102 0.572596 0.432073 0.570495 0.421919 0.569094 0.416492 0.566293 0.411590 0.560691 0.403887 0.557190 0.400560 0.548319 0.394433 0.543884 0.390056 0.539216 0.389881 0.539916 0.394083
0 0.682073 0.379027 0.684641 0.389356 0.691877 0.397934 0.696545 0.400910 0.705415 0.410364 0.715219 0.418768 0.734360 0.429447 0.739729 0.430672 0.741597 0.432248 0.746265 0.433999 0.751634 0.437150 0.771942 0.441527 0.786415 0.446954 0.823763 0.444678 0.830999 0.442927 0.847572 0.436450 0.853641 0.432073 0.858543 0.425245 0.860878 0.419468 0.862278 0.411940 0.858777 0.398109 0.852941 0.389531 0.848039 0.385154 0.845938 0.381478 0.842204 0.379902 0.832633 0.372899 0.824930 0.369223 0.803922 0.362745 0.775910 0.356793 0.727358 0.352416 0.716853 0.352241 0.709384 0.352941 0.695845 0.355567 0.689076 0.358193 0.684874 0.362570 0.681839 0.371324 0.682073 0.379027
1 0.765406 0.338410 0.765640 0.341912 0.767974 0.346464 0.773810 0.354167 0.778945 0.356618 0.786415 0.357843 0.806489 0.363270 0.823529 0.368347 0.832166 0.371849 0.844071 0.380077 0.845472 0.383578 0.848739 0.384804 0.853175 0.389181 0.858543 0.396884 0.862512 0.408789 0.866013 0.408438 0.869981 0.404412 0.875584 0.394433 0.876751 0.387080 0.875584 0.365721 0.871382 0.353466 0.869748 0.345588 0.867180 0.340686 0.855976 0.325805 0.844071 0.314076 0.831699 0.306197 0.821895 0.303571 0.811858 0.302871 0.795752 0.304272 0.785948 0.307073 0.780579 0.310749 0.772409 0.320728 0.768674 0.328431 0.765406 0.338410
0 0.616947 0.599965 0.617880 0.605217 0.626751 0.621148 0.633754 0.627976 0.640289 0.632003 0.647526 0.633929 0.653828 0.639181 0.661531 0.641106 0.675537 0.643207 0.699813 0.640406 0.712885 0.637605 0.727824 0.632003 0.754902 0.619748 0.768441 0.612045 0.783147 0.599790 0.789683 0.590686 0.795051 0.574055 0.796685 0.557073 0.795285 0.550420 0.792250 0.543242 0.786415 0.535364 0.783147 0.532388 0.779178 0.531162 0.776144 0.528887 0.767974 0.526436 0.761671 0.526611 0.751867 0.528186 0.730859 0.528536 0.713585 0.530462 0.694911 0.533438 0.669001 0.539566 0.650794 0.549895 0.632353 0.562850 0.625350 0.570728 0.621382 0.577206 0.618347 0.584909 0.617414 0.591912 0.616947 0.599965
1 0.317227 0.616246 0.319328 0.619223 0.329599 0.623950 0.336134 0.627976 0.346172 0.636380 0.353408 0.644433 0.364379 0.660364 0.369281 0.671569 0.380019 0.689426 0.383520 0.690301 0.399860 0.678746 0.415500 0.664916 0.414799 0.661239 0.408263 0.652136 0.404295 0.643557 0.400093 0.637255 0.399160 0.632703 0.394958 0.627276 0.391923 0.616947 0.391223 0.609594 0.392857 0.588235 0.401027 0.573529 0.402894 0.568452 0.408030 0.560749 0.408030 0.556548 0.397526 0.549720 0.396359 0.550245 0.393091 0.573179 0.389356 0.587185 0.378618 0.601015 0.369748 0.607143 0.365780 0.608718 0.359244 0.609244 0.346872 0.606793 0.332866 0.601541 0.327965 0.597514 0.324463 0.596113 0.322129 0.598915 0.317460 0.612745 0.317227 0.616246
1 0.200280 0.592437 0.202614 0.599790 0.202614 0.643908 0.214286 0.645658 0.237862 0.657388 0.241130 0.656162 0.244631 0.650910 0.246732 0.643732 0.253501 0.635854 0.260504 0.629377 0.268908 0.625175 0.293184 0.617647 0.307190 0.616071 0.313959 0.610119 0.315593 0.607143 0.317694 0.605392 0.318627 0.591912 0.308123 0.578081 0.298553 0.567577 0.293184 0.560049 0.289916 0.557248 0.276377 0.561800 0.261905 0.563200 0.258870 0.564076 0.235061 0.562850 0.216620 0.560049 0.212418 0.562500 0.207516 0.570203 0.202848 0.581583 0.200514 0.589986 0.200280 0.592437
1 0.139823 0.106268 0.141690 0.113445 0.145658 0.118697 0.147759 0.120098 0.149160 0.124650 0.152661 0.130777 0.156629 0.133578 0.161765 0.135504 0.169468 0.141106 0.192577 0.154762 0.199346 0.157038 0.203315 0.157213 0.214986 0.152486 0.225023 0.151611 0.241130 0.157038 0.244631 0.159664 0.253501 0.160189 0.258870 0.159139 0.269141 0.154937 0.273343 0.151786 0.276144 0.147234 0.276844 0.136905 0.273109 0.126576 0.268207 0.119923 0.260504 0.112745 0.248133 0.103992 0.221055 0.087360 0.209851 0.082283 0.203315 0.080532 0.182073 0.077381 0.170868 0.077556 0.155696 0.079832 0.147759 0.083508 0.141690 0.091387 0.139589 0.097164 0.139823 0.106268
1 0.369048 0.179272 0.375350 0.189601 0.383287 0.199405 0.399860 0.212360 0.404062 0.217087 0.411064 0.219013 0.418534 0.219188 0.425070 0.216562 0.430439 0.213410 0.421802 0.204832 0.417834 0.202381 0.415266 0.198880 0.413399 0.195028 0.413165 0.189076 0.411064 0.187325 0.410131 0.185049 0.414799 0.183473 0.419701 0.177521 0.425070 0.173319 0.432773 0.170168 0.458450 0.164741 0.463352 0.162465 0.464052 0.161415 0.457750 0.153011 0.453315 0.143908 0.450280 0.140056 0.442344 0.133228 0.425070 0.125350 0.417834 0.124125 0.408263 0.125525 0.400794 0.125700 0.392624 0.128852 0.386788 0.132003 0.376751 0.140231 0.371615 0.146884 0.368581 0.155812 0.369048 0.179272
1 0.251401 0.165091 0.253968 0.168242 0.264239 0.177171 0.273576 0.189251 0.275210 0.192402 0.272176 0.199755 0.280112 0.199930 0.289216 0.198354 0.301821 0.197654 0.324697 0.198529 0.326564 0.197304 0.327731 0.191001 0.327031 0.178396 0.323063 0.166317 0.321429 0.157913 0.307190 0.137605 0.301120 0.133053 0.294118 0.129377 0.286415 0.126225 0.279879 0.124825 0.276144 0.125175 0.274276 0.126050 0.277311 0.136555 0.277311 0.143382 0.274510 0.151261 0.268908 0.156513 0.256769 0.160889 0.251634 0.163866 0.251401 0.165091
1 0.604342 0.213410 0.606209 0.216211 0.612278 0.220413 0.618581 0.221989 0.623249 0.224440 0.626284 0.228116 0.633520 0.233894 0.637955 0.235469 0.645658 0.243172 0.649627 0.250700 0.651961 0.263655 0.652894 0.265056 0.665500 0.265756 0.682306 0.268207 0.695845 0.273810 0.699113 0.274685 0.700280 0.274335 0.701914 0.269783 0.702848 0.255077 0.698179 0.233543 0.693277 0.222864 0.686508 0.213585 0.674136 0.202556 0.664566 0.196078 0.661064 0.194853 0.647759 0.191527 0.633287 0.191001 0.625817 0.191702 0.612745 0.196254 0.606909 0.199580 0.604342 0.203782 0.604342 0.213410
1 0.552054 0.231968 0.553455 0.233894 0.563725 0.235469 0.572829 0.238620 0.582400 0.243347 0.589402 0.251751 0.593137 0.257703 0.596872 0.265931 0.598739 0.275035 0.599907 0.275735 0.602941 0.276085 0.612745 0.275210 0.618347 0.273459 0.633520 0.271183 0.641690 0.267682 0.649393 0.265581 0.650794 0.264181 0.651494 0.261555 0.650327 0.251401 0.645425 0.242822 0.642157 0.239496 0.638189 0.235994 0.633520 0.233718 0.625584 0.227766 0.621615 0.223915 0.610177 0.219713 0.603641 0.215686 0.596172 0.212885 0.581466 0.210959 0.576331 0.213410 0.569094 0.221464 0.559290 0.223915 0.553221 0.227941 0.552288 0.229342 0.552054 0.231968
1 0.587302 0.324580 0.588002 0.328081 0.597806 0.335084 0.609244 0.335784 0.616246 0.334734 0.616713 0.330182 0.613912 0.319328 0.613912 0.310399 0.618581 0.292192 0.624416 0.282913 0.623016 0.280987 0.614613 0.277661 0.609477 0.276436 0.602708 0.276786 0.598973 0.278011 0.597572 0.282038 0.597806 0.287115 0.596405 0.298144 0.590103 0.317927 0.588002 0.321429 0.587302 0.324580
1 0.730626 0.341737 0.727824 0.346989 0.725257 0.348915 0.726424 0.350840 0.729692 0.352416 0.746965 0.353817 0.754902 0.355217 0.772409 0.355917 0.771709 0.352066 0.766340 0.344888 0.751634 0.332108 0.744865 0.327556 0.737628 0.324580 0.734360 0.324930 0.733660 0.326155 0.730626 0.341737