1 0.190710 0.132168 0.192577 0.142424 0.196078 0.147552 0.197946 0.148252 0.199580 0.150583 0.200280 0.154545 0.207750 0.174825 0.209851 0.185781 0.213819 0.189044 0.216387 0.194406 0.226424 0.207692 0.236928 0.217016 0.244631 0.221445 0.248133 0.221445 0.262605 0.207925 0.268908 0.204895 0.278711 0.203263 0.295985 0.204429 0.302754 0.210023 0.307190 0.212121 0.310691 0.212354 0.314192 0.214452 0.317927 0.213753 0.322362 0.214219 0.330999 0.211655 0.337068 0.208159 0.345705 0.195105 0.348739 0.179254 0.346872 0.160606 0.345472 0.154312 0.342204 0.147552 0.341503 0.144056 0.332166 0.124709 0.324463 0.113986 0.310691 0.102098 0.307190 0.099767 0.300887 0.097902 0.295518 0.091841 0.287348 0.087879 0.279879 0.086713 0.276144 0.085082 0.248133 0.085781 0.241363 0.086946 0.233427 0.090909 0.223856 0.097902 0.209617 0.104662 0.206583 0.105128 0.201214 0.108392 0.197479 0.111888 0.192577 0.119114 0.191410 0.123776 0.190710 0.132168
1 0.137021 0.223776 0.139589 0.233333 0.150560 0.251049 0.154762 0.255711 0.168301 0.262704 0.177171 0.270629 0.180672 0.272494 0.196078 0.273893 0.204015 0.273427 0.216153 0.277855 0.218021 0.276457 0.242530 0.227273 0.243231 0.224242 0.218721 0.200699 0.211251 0.190443 0.207750 0.182051 0.203782 0.178322 0.200047 0.177156 0.190710 0.176923 0.183707 0.175291 0.171335 0.175291 0.161064 0.176923 0.154062 0.179487 0.146125 0.185082 0.143091 0.189510 0.140056 0.197669 0.137255 0.213986 0.137021 0.223776
1 0.067927 0.300932 0.070962 0.313520 0.077965 0.325874 0.088936 0.331702 0.091270 0.330303 0.091970 0.327972 0.098739 0.321678 0.107143 0.309324 0.122316 0.295571 0.135387 0.286480 0.160364 0.275758 0.155229 0.262704 0.151961 0.257809 0.147526 0.254545 0.141223 0.252914 0.136788 0.250350 0.120448 0.246853 0.105275 0.247319 0.091737 0.251049 0.084267 0.254779 0.080766 0.257809 0.075163 0.265501 0.072596 0.270629 0.070261 0.276923 0.068394 0.286014 0.067927 0.300932
1 0.453548 0.765734 0.457049 0.776224 0.464286 0.789977 0.473156 0.801166 0.487628 0.814452 0.501401 0.825408 0.511438 0.831235 0.515873 0.836131 0.530112 0.846620 0.534314 0.848718 0.536881 0.851515 0.540149 0.852914 0.544351 0.857809 0.549020 0.861072 0.553922 0.862238 0.563725 0.867366 0.572829 0.868298 0.575630 0.869464 0.577965 0.872494 0.583800 0.873427 0.588002 0.873193 0.595705 0.869930 0.602241 0.862005 0.603641 0.859441 0.604575 0.854312 0.607610 0.849184 0.611578 0.845455 0.612745 0.823310 0.611811 0.793240 0.610177 0.775524 0.605275 0.755245 0.596872 0.729138 0.585201 0.712121 0.581466 0.710023 0.570962 0.710956 0.562325 0.716783 0.553455 0.720513 0.519141 0.729371 0.502334 0.731235 0.471522 0.730769 0.470822 0.734499 0.468721 0.736830 0.464986 0.746387 0.454715 0.762005 0.453548 0.765734
1 0.402661 0.657343 0.404762 0.668298 0.409897 0.680653 0.410831 0.685781 0.413165 0.688811 0.417367 0.699534 0.421569 0.706294 0.428571 0.713753 0.439776 0.720746 0.452848 0.725641 0.467087 0.728205 0.493697 0.729138 0.497432 0.730070 0.516807 0.728671 0.543884 0.722378 0.554388 0.718881 0.564426 0.713986 0.566760 0.711655 0.574930 0.708159 0.577264 0.705828 0.583100 0.703963 0.588469 0.700466 0.595705 0.692774 0.601541 0.682284 0.602474 0.677855 0.603175 0.649417 0.602474 0.639627 0.600840 0.636830 0.600607 0.633566 0.595005 0.626807 0.584967 0.619580 0.577498 0.615851 0.553221 0.618182 0.534781 0.617949 0.480159 0.610956 0.464286 0.606527 0.453081 0.607925 0.437208 0.613753 0.418067 0.625874 0.406629 0.640793 0.402894 0.650583 0.402661 0.657343
0 0.393091 0.523776 0.395425 0.536830 0.397526 0.542890 0.404295 0.555944 0.417600 0.569697 0.438609 0.586480 0.459384 0.598135 0.466853 0.603497 0.473856 0.606760 0.508637 0.613753 0.533380 0.616317 0.572129 0.614918 0.588702 0.611888 0.597572 0.608159 0.605976 0.603263 0.613445 0.597436 0.619514 0.590443 0.623716 0.587879 0.627451 0.583683 0.630252 0.578555 0.633754 0.568531 0.634921 0.560839 0.635387 0.543357 0.632586 0.533566 0.628852 0.526340 0.616246 0.509324 0.597106 0.493240 0.583800 0.485548 0.560458 0.477389 0.531746 0.471329 0.493697 0.470862 0.477591 0.472028 0.439542 0.479021 0.430906 0.481119 0.420401 0.485082 0.403128 0.494406 0.395892 0.501632 0.392857 0.511189 0.393091 0.523776
1 0.408730 0.378089 0.411531 0.394172 0.414332 0.403497 0.422269 0.420047 0.423436 0.425641 0.429038 0.438695 0.429739 0.442191 0.438842 0.456643 0.443277 0.460373 0.456583 0.467599 0.459851 0.471096 0.464753 0.472028 0.486134 0.470163 0.525910 0.469464 0.532913 0.465734 0.540616 0.454312 0.544585 0.436131 0.546452 0.397902 0.545985 0.381119 0.548319 0.360839 0.547619 0.348485 0.540149 0.321212 0.527778 0.300233 0.517974 0.286014 0.496032 0.264802 0.484127 0.257809 0.474090 0.253613 0.467087 0.251748 0.457283 0.251981 0.446078 0.254079 0.439076 0.257809 0.430906 0.265268 0.420635 0.281352 0.411998 0.304429 0.408964 0.327739 0.408730 0.378089
0 0.191176 0.365501 0.193511 0.379720 0.196312 0.386946 0.200980 0.393939 0.216387 0.411189 0.223623 0.416550 0.225957 0.417016 0.230626 0.420047 0.236228 0.420513 0.242063 0.423776 0.247666 0.424942 0.255369 0.424476 0.260504 0.426573 0.265640 0.427040 0.281513 0.422145 0.328898 0.397669 0.349907 0.385082 0.359944 0.377389 0.370448 0.365967 0.374183 0.358042 0.377918 0.353613 0.389356 0.333566 0.392857 0.317716 0.393091 0.307226 0.390756 0.300466 0.387722 0.295804 0.382353 0.289044 0.380952 0.285781 0.374183 0.278555 0.344771 0.265501 0.334734 0.263636 0.323296 0.263170 0.316760 0.264802 0.310224 0.265035 0.293884 0.267832 0.277077 0.271795 0.272409 0.271096 0.255602 0.273427 0.241597 0.279254 0.236695 0.284149 0.232493 0.286014 0.221755 0.293939 0.208217 0.306294 0.202848 0.313986 0.196545 0.327739 0.193978 0.335198 0.191410 0.351515 0.191176 0.365501
1 0.182773 0.493473 0.183940 0.498135 0.189776 0.504196 0.194211 0.512587 0.197946 0.517016 0.210084 0.527506 0.223623 0.535198 0.254202 0.548485 0.261905 0.549650 0.267974 0.548485 0.278945 0.549650 0.288982 0.548951 0.309991 0.543124 0.324463 0.537995 0.334267 0.532401 0.338936 0.531002 0.347339 0.526107 0.355976 0.519114 0.377684 0.499301 0.380952 0.495338 0.385854 0.485082 0.384220 0.475058 0.386321 0.467366 0.387255 0.466900 0.386088 0.453147 0.380019 0.439860 0.367180 0.420280 0.362512 0.415851 0.354342 0.411422 0.352474 0.409091 0.348739 0.406760 0.338469 0.395571 0.328431 0.399301 0.304388 0.410723 0.296685 0.416084 0.284547 0.422145 0.271709 0.427040 0.262372 0.429371 0.254902 0.428904 0.253268 0.427739 0.248133 0.426807 0.238796 0.427273 0.234594 0.429837 0.230859 0.427972 0.188842 0.465967 0.183240 0.479021 0.182773 0.493473
0 0.057190 0.508625 0.060458 0.523543 0.061158 0.536830 0.063959 0.546853 0.074230 0.563869 0.079832 0.568998 0.081466 0.572028 0.088469 0.578089 0.108310 0.589977 0.123950 0.591375 0.130486 0.590909 0.139589 0.588578 0.151494 0.582284 0.156396 0.576923 0.159897 0.571329 0.161064 0.567366 0.163399 0.545455 0.162698 0.532867 0.158964 0.516317 0.154062 0.512121 0.151961 0.508392 0.145658 0.501865 0.138889 0.492075 0.137021 0.487646 0.134687 0.485548 0.130252 0.478555 0.123716 0.471795 0.116480 0.467599 0.105976 0.463869 0.100140 0.462937 0.092437 0.463403 0.082633 0.465967 0.077965 0.468998 0.066293 0.479953 0.061858 0.487646 0.057423 0.504662 0.057190 0.508625
1 0.162465 0.509324 0.163866 0.529371 0.165033 0.532401 0.163866 0.557110 0.164566 0.560373 0.162932 0.564103 0.162932 0.571096 0.165966 0.587179 0.168301 0.594639 0.175303 0.609790 0.178805 0.613520 0.182306 0.623077 0.188609 0.631702 0.194678 0.637995 0.215453 0.652448 0.230859 0.657576 0.241830 0.659441 0.255836 0.660140 0.261905 0.659207 0.280812 0.649417 0.290850 0.641958 0.293884 0.637762 0.296919 0.627506 0.299486 0.611888 0.303221 0.598834 0.300187 0.588578 0.293884 0.576923 0.291783 0.560606 0.288749 0.555012 0.283380 0.551049 0.268908 0.550816 0.265173 0.551748 0.251167 0.548718 0.220588 0.535198 0.213352 0.529837 0.209150 0.528671 0.199580 0.520513 0.196078 0.515618 0.193511 0.513753 0.189309 0.503963 0.183940 0.497203 0.181606 0.488811 0.182306 0.478089 0.179505 0.475758 0.175303 0.477156 0.167600 0.486713 0.162932 0.501632 0.162465 0.509324
1 0.087302 0.646154 0.088235 0.653846 0.098039 0.677389 0.103408 0.686014 0.112745 0.695105 0.130252 0.700233 0.138655 0.700932 0.147526 0.699767 0.151027 0.697436 0.165733 0.692774 0.168534 0.689744 0.171802 0.688345 0.173903 0.686247 0.179739 0.679254 0.181606 0.673193 0.184174 0.671795 0.189542 0.645688 0.192577 0.640793 0.187908 0.633100 0.183940 0.628671 0.174837 0.610956 0.165033 0.588811 0.161298 0.576690 0.157796 0.577389 0.153128 0.582517 0.144491 0.587179 0.133520 0.591142 0.119048 0.592308 0.112745 0.590909 0.105742 0.590909 0.098039 0.606061 0.096172 0.615851 0.091970 0.622844 0.087535 0.637296 0.087302 0.646154
1 0.001867 0.389044 0.000000 0.389510 0.000000 0.479254 0.027311 0.546853 0.027311 0.550350 0.034080 0.560373 0.039449 0.564103 0.046919 0.565734 0.054622 0.565967 0.064192 0.564103 0.067927 0.562471 0.070028 0.560373 0.068627 0.556410 0.065826 0.552914 0.062325 0.543124 0.060458 0.522844 0.057190 0.516084 0.056256 0.508625 0.058357 0.495338 0.063259 0.480886 0.070495 0.475291 0.078198 0.466667 0.088469 0.463170 0.099440 0.461538 0.109244 0.464569 0.112745 0.464569 0.116013 0.466200 0.118347 0.464569 0.119748 0.459907 0.119748 0.452681 0.115546 0.425641 0.109944 0.413986 0.109010 0.407925 0.089869 0.388811 0.085201 0.379953 0.083567 0.374592 0.080065 0.369930 0.067927 0.361305 0.057423 0.359207 0.045051 0.358275 0.039449 0.358508 0.032213 0.360839 0.018441 0.368298 0.003968 0.384382 0.001867 0.389044
1 0.122782 0.466900 0.124416 0.470396 0.135387 0.483683 0.146825 0.501399 0.154762 0.508625 0.160831 0.505361 0.164566 0.490443 0.169001 0.482517 0.178571 0.474126 0.182073 0.474126 0.190009 0.463403 0.201447 0.454312 0.218721 0.436830 0.221522 0.433100 0.225023 0.424709 0.220355 0.418415 0.213119 0.410956 0.197479 0.399301 0.192810 0.397436 0.187442 0.396737 0.178338 0.397436 0.167134 0.401865 0.159664 0.406527 0.145425 0.421445 0.131886 0.440793 0.123950 0.459907 0.122782 0.466900
1 0.126984 0.747786 0.133053 0.763636 0.140523 0.771795 0.147526 0.777389 0.151027 0.779487 0.156162 0.780886 0.161998 0.784848 0.171802 0.793007 0.184174 0.801632 0.190943 0.807925 0.198646 0.812821 0.205882 0.816084 0.211485 0.816550 0.220355 0.814918 0.227358 0.811655 0.231092 0.807925 0.234127 0.806294 0.238329 0.796737 0.239029 0.789510 0.237628 0.786713 0.237862 0.779254 0.243464 0.755478 0.242063 0.741026 0.238562 0.735897 0.227124 0.728671 0.197012 0.697902 0.191643 0.695105 0.168067 0.694639 0.163866 0.695338 0.149860 0.701399 0.143091 0.705594 0.133287 0.715851 0.129085 0.723310 0.126517 0.732867 0.126984 0.747786
1 0.249066 0.775058 0.246732 0.791375 0.247432 0.813520 0.252334 0.828438 0.259804 0.844755 0.266106 0.851049 0.268908 0.855944 0.281979 0.870629 0.297152 0.884149 0.304855 0.889744 0.315126 0.894639 0.338469 0.899767 0.341737 0.901399 0.349440 0.898368 0.362745 0.886946 0.367880 0.879021 0.372316 0.869930 0.377918 0.862704 0.380252 0.856177 0.381886 0.794406 0.381653 0.789510 0.380252 0.786713 0.376517 0.784149 0.355742 0.778089 0.341036 0.770862 0.335201 0.766667 0.330766 0.762005 0.321429 0.748718 0.314426 0.734033 0.312558 0.724009 0.310458 0.719347 0.303688 0.721445 0.294585 0.728205 0.272876 0.738695 0.257470 0.742657 0.251867 0.749184 0.248833 0.758275 0.249066 0.775058
1 0.382353 0.854312 0.383520 0.862704 0.388655 0.867832 0.404062 0.878089 0.411064 0.880653 0.417600 0.881818 0.429505 0.880886 0.440243 0.875758 0.470355 0.868765 0.475490 0.866667 0.495098 0.855012 0.501867 0.847552 0.505135 0.845688 0.510738 0.839161 0.511671 0.835198 0.509104 0.831235 0.497432 0.823310 0.472222 0.801166 0.463119 0.789744 0.455649 0.775991 0.452848 0.768298 0.450047 0.767366 0.434641 0.776690 0.421335 0.782751 0.410131 0.785548 0.394258 0.787646 0.391923 0.788811 0.384220 0.803497 0.382586 0.827040 0.382353 0.854312
1 0.500934 0.884382 0.502801 0.890210 0.510271 0.901865 0.524276 0.912121 0.529412 0.914452 0.533147 0.914918 0.543651 0.920047 0.556956 0.923077 0.570962 0.924709 0.602241 0.923776 0.605509 0.922378 0.626517 0.919814 0.633520 0.917016 0.646592 0.908159 0.667600 0.891142 0.678571 0.876457 0.681373 0.870629 0.684407 0.862937 0.686275 0.848951 0.684641 0.845455 0.684407 0.842191 0.678805 0.836830 0.673203 0.834499 0.660598 0.826107 0.642157 0.819814 0.616013 0.815385 0.613679 0.817483 0.613679 0.832168 0.612278 0.845455 0.609244 0.848718 0.604809 0.857809 0.602007 0.860839 0.599673 0.866434 0.591970 0.872028 0.588469 0.873427 0.580999 0.873660 0.567694 0.868998 0.565359 0.869231 0.561625 0.867599 0.555089 0.866667 0.553221 0.864103 0.553922 0.862704 0.545985 0.859907 0.542250 0.855478 0.533613 0.848019 0.526144 0.844755 0.520775 0.840326 0.517507 0.839394 0.514706 0.839860 0.512138 0.844522 0.507470 0.848951 0.503501 0.855944 0.500700 0.865035 0.500934 0.884382
1 0.598273 0.730769 0.602474 0.741958 0.611111 0.779953 0.612745 0.806061 0.614146 0.811655 0.623249 0.815152 0.652428 0.820979 0.658263 0.820047 0.662698 0.818182 0.675303 0.811189 0.678105 0.807226 0.679272 0.803497 0.679272 0.800000 0.677404 0.796737 0.658730 0.779953 0.643324 0.758508 0.630952 0.743357 0.626984 0.739860 0.619514 0.737529 0.618347 0.735897 0.612512 0.732634 0.605275 0.729837 0.598973 0.725874 0.598273 0.726340 0.598273 0.730769
0 0.604809 0.685781 0.610878 0.704662 0.620448 0.723776 0.624883 0.728904 0.631886 0.741026 0.647059 0.762704 0.663165 0.783683 0.683707 0.801865 0.703081 0.808625 0.716153 0.807925 0.731326 0.804662 0.744865 0.796970 0.757003 0.786480 0.760971 0.781352 0.763539 0.775758 0.768908 0.749650 0.769141 0.736597 0.765873 0.720513 0.759570 0.707925 0.739029 0.682051 0.730859 0.670163 0.695845 0.634266 0.684874 0.625874 0.661531 0.616317 0.639823 0.617483 0.619981 0.623776 0.616480 0.626573 0.615313 0.628904 0.612745 0.630769 0.606443 0.638462 0.605509 0.651282 0.604809 0.685781
1 0.768674 0.656643 0.769841 0.664336 0.771709 0.669464 0.773109 0.671795 0.781279 0.679021 0.792250 0.686713 0.805789 0.693240 0.817694 0.696737 0.827731 0.698368 0.858543 0.699767 0.875584 0.697669 0.889589 0.697902 0.902894 0.695571 0.914099 0.692308 0.930672 0.683450 0.936041 0.681585 0.942810 0.675058 0.953548 0.651049 0.950047 0.650583 0.933707 0.652681 0.916667 0.653613 0.906629 0.653147 0.883520 0.648485 0.876984 0.646387 0.865546 0.644988 0.842904 0.638228 0.833100 0.636364 0.831232 0.634965 0.823296 0.632401 0.820728 0.631002 0.816527 0.626573 0.796685 0.613986 0.793417 0.614918 0.782680 0.626340 0.770775 0.647552 0.768674 0.656643
1 0.840440 0.574678 0.841157 0.574678 0.841157 0.574310 0.840440 0.574310 0.840440 0.574678
1 0.765406 0.557110 0.765640 0.560839 0.772409 0.580653 0.775210 0.585315 0.785481 0.596970 0.789683 0.604196 0.793184 0.606760 0.800420 0.614685 0.823296 0.630070 0.855742 0.641958 0.883520 0.647552 0.897526 0.651282 0.908497 0.652914 0.925070 0.652681 0.952381 0.649883 0.976891 0.639161 0.991597 0.627273 0.992297 0.623310 0.994631 0.622145 0.997899 0.612587 0.999767 0.612354 0.999767 0.571795 0.997899 0.571329 0.997199 0.567599 0.992063 0.558741 0.987395 0.554545 0.981092 0.551049 0.968954 0.539627 0.947712 0.525641 0.936508 0.519814 0.907796 0.510956 0.887488 0.508392 0.831466 0.509324 0.805789 0.507692 0.797386 0.509091 0.794585 0.510490 0.791083 0.514918 0.777077 0.543124 0.766807 0.553613 0.765406 0.557110
1 0.691410 0.397902 0.700747 0.402098 0.714286 0.415152 0.724790 0.428671 0.731326 0.438695 0.735761 0.456410 0.735294 0.460140 0.736461 0.474359 0.729925 0.490909 0.730392 0.493939 0.733894 0.498368 0.733427 0.507925 0.732260 0.515618 0.729925 0.522378 0.729925 0.526107 0.727358 0.533566 0.722689 0.541492 0.720355 0.543357 0.719655 0.546853 0.716853 0.550583 0.710551 0.567599 0.705882 0.571096 0.704248 0.574126 0.704715 0.577855 0.709617 0.579953 0.717787 0.581818 0.724323 0.582051 0.730159 0.580186 0.743231 0.572960 0.753035 0.563869 0.756069 0.562238 0.772876 0.546387 0.775910 0.542424 0.794118 0.507459 0.798086 0.490676 0.801587 0.480886 0.803922 0.465035 0.804155 0.451515 0.805556 0.438695 0.801587 0.404662 0.798086 0.388578 0.792017 0.373193 0.790383 0.369930 0.783147 0.362704 0.771709 0.357343 0.748133 0.354545 0.737395 0.354079 0.730859 0.355012 0.727124 0.356643 0.721989 0.362238 0.720355 0.365967 0.714052 0.373660 0.702614 0.384382 0.699346 0.388578 0.695378 0.391142 0.690943 0.396970 0.691410 0.397902
1 0.578198 0.480886 0.602941 0.496037 0.608077 0.501399 0.616013 0.506993 0.626517 0.523077 0.630952 0.527739 0.635621 0.539860 0.635854 0.563869 0.634454 0.570396 0.630952 0.579487 0.623716 0.588811 0.616480 0.595804 0.612045 0.598601 0.609477 0.602564 0.605742 0.605828 0.603175 0.609324 0.605976 0.612354 0.612512 0.614452 0.616713 0.613753 0.619514 0.614918 0.626284 0.615152 0.650560 0.613287 0.654295 0.614219 0.658263 0.613986 0.664332 0.611189 0.678571 0.602331 0.692577 0.591375 0.697479 0.586480 0.706349 0.574825 0.728058 0.530303 0.729692 0.526107 0.730392 0.518881 0.732960 0.511888 0.734827 0.494639 0.732960 0.490909 0.735528 0.478322 0.735528 0.466667 0.734360 0.454079 0.732026 0.442424 0.725257 0.430303 0.719655 0.424476 0.714753 0.417249 0.707049 0.409324 0.700514 0.403497 0.696312 0.401166 0.685574 0.397436 0.676004 0.396503 0.654762 0.397902 0.649627 0.400699 0.636321 0.404196 0.623016 0.410023 0.612512 0.417716 0.605042 0.425175 0.590570 0.443590 0.584500 0.454312 0.577965 0.472727 0.578198 0.480886
1 0.295051 0.644755 0.300187 0.651748 0.314659 0.658042 0.328431 0.659674 0.338235 0.659674 0.343604 0.658741 0.359477 0.653846 0.374650 0.640559 0.376984 0.633566 0.373716 0.616550 0.374650 0.598368 0.376751 0.584382 0.380952 0.576690 0.386788 0.568998 0.390289 0.565501 0.402194 0.560606 0.403128 0.558042 0.401961 0.552914 0.397292 0.544289 0.393324 0.533100 0.391223 0.520513 0.391457 0.506527 0.390756 0.503730 0.388889 0.501865 0.386555 0.501399 0.380019 0.503030 0.372782 0.507459 0.337535 0.533100 0.331232 0.536364 0.328431 0.539394 0.323063 0.559207 0.309057 0.592541 0.301821 0.613287 0.295051 0.639627 0.295051 0.644755
1 0.374883 0.620280 0.376050 0.626340 0.378852 0.632867 0.389823 0.646387 0.397292 0.650816 0.400794 0.651282 0.405462 0.640793 0.416900 0.625641 0.439542 0.611655 0.457750 0.605828 0.461485 0.602331 0.456583 0.597669 0.437442 0.586480 0.423436 0.575524 0.408497 0.562005 0.404295 0.559907 0.396125 0.562937 0.389823 0.566667 0.382586 0.574825 0.376984 0.585315 0.374883 0.605594 0.374883 0.620280
1 0.313025 0.721212 0.316060 0.735897 0.323763 0.751282 0.334734 0.764802 0.341737 0.770396 0.355509 0.777389 0.387255 0.785315 0.401961 0.785781 0.414332 0.783450 0.430906 0.777622 0.444211 0.770163 0.450514 0.765268 0.456583 0.756876 0.463585 0.745921 0.466853 0.737995 0.465686 0.730769 0.463585 0.728904 0.452381 0.726340 0.440243 0.721911 0.428338 0.714452 0.423436 0.709790 0.416900 0.700699 0.411765 0.690443 0.400794 0.658974 0.398693 0.657110 0.394258 0.655478 0.383287 0.656177 0.369514 0.658974 0.352007 0.667832 0.335434 0.678089 0.327731 0.685548 0.320962 0.694872 0.315126 0.706760 0.313259 0.713054 0.313025 0.721212
1 0.188842 0.674359 0.192344 0.686713 0.209617 0.709790 0.226657 0.727739 0.241130 0.735897 0.254435 0.740093 0.265173 0.739860 0.279645 0.735198 0.292017 0.728671 0.309991 0.715851 0.319328 0.693706 0.328665 0.681585 0.336368 0.675058 0.336134 0.671096 0.332400 0.661305 0.326797 0.662005 0.310691 0.659441 0.298786 0.652214 0.293184 0.644988 0.289683 0.645221 0.285948 0.646853 0.278011 0.652681 0.265640 0.658974 0.251167 0.660839 0.238562 0.659674 0.223156 0.655944 0.212885 0.651515 0.203081 0.644755 0.199113 0.644289 0.194211 0.647552 0.188609 0.664569 0.188842 0.674359
1 0.331466 0.244522 0.333567 0.243823 0.334034 0.247086 0.332400 0.258508 0.333567 0.261772 0.347572 0.265268 0.355976 0.269930 0.375117 0.277389 0.380952 0.283683 0.387021 0.293939 0.392157 0.300000 0.394725 0.310023 0.392624 0.327739 0.389122 0.337063 0.383520 0.344522 0.379785 0.352681 0.386788 0.359207 0.390523 0.361305 0.404062 0.365268 0.407096 0.364336 0.408730 0.359441 0.408030 0.339627 0.409197 0.315152 0.411765 0.300233 0.417367 0.286480 0.418534 0.277855 0.416200 0.261772 0.410364 0.237296 0.407796 0.221911 0.405696 0.215618 0.401261 0.212587 0.376984 0.206294 0.365780 0.206061 0.358310 0.210023 0.342437 0.216317 0.334034 0.227273 0.333333 0.233023 0.332166 0.235431 0.330299 0.236830 0.331466 0.244522
1 0.212652 0.300233 0.213585 0.300932 0.224790 0.291841 0.234360 0.285781 0.242997 0.278322 0.253501 0.273427 0.265173 0.271329 0.271709 0.270629 0.275910 0.271329 0.279645 0.270163 0.285948 0.269930 0.295985 0.266667 0.314893 0.264569 0.324230 0.262005 0.327031 0.255245 0.329599 0.251515 0.328665 0.241026 0.324697 0.231702 0.318627 0.223310 0.310691 0.215385 0.294118 0.205594 0.281746 0.203730 0.269608 0.205361 0.264239 0.207692 0.255135 0.214918 0.241130 0.230536 0.220121 0.272028 0.212885 0.296270 0.212652 0.300233
1 0.085201 0.370629 0.087535 0.380186 0.090336 0.387179 0.097572 0.394872 0.109944 0.404429 0.113912 0.406061 0.120915 0.406993 0.145658 0.403963 0.157796 0.403963 0.164332 0.400932 0.174603 0.394172 0.191176 0.380186 0.189776 0.355944 0.191877 0.338695 0.198880 0.320746 0.202614 0.313054 0.207516 0.306061 0.211251 0.297902 0.214519 0.287413 0.214986 0.282984 0.211485 0.279021 0.206583 0.276690 0.198646 0.275291 0.178105 0.274592 0.152194 0.279953 0.135854 0.286247 0.117414 0.300000 0.111111 0.305828 0.102241 0.316783 0.090336 0.333800 0.089869 0.338695 0.086835 0.346853 0.084967 0.357110 0.085201 0.370629
1 0.515173 0.276224 0.516340 0.282051 0.528245 0.299068 0.542717 0.324942 0.543884 0.331702 0.548086 0.344988 0.550187 0.368998 0.553688 0.370629 0.557190 0.370629 0.571429 0.366200 0.579365 0.360606 0.581466 0.357809 0.585201 0.359674 0.587068 0.356410 0.588469 0.356177 0.587535 0.353380 0.588235 0.347319 0.590803 0.341958 0.593137 0.339860 0.595238 0.336131 0.599673 0.321911 0.604108 0.312121 0.611811 0.298368 0.624416 0.282751 0.630719 0.265501 0.629552 0.262238 0.631419 0.256643 0.632353 0.247786 0.631419 0.237762 0.628151 0.223776 0.619748 0.208392 0.617880 0.202797 0.615079 0.200932 0.606209 0.185315 0.602241 0.181352 0.596405 0.178322 0.578431 0.172960 0.572129 0.172960 0.564192 0.174359 0.555789 0.177855 0.552054 0.182517 0.543651 0.190210 0.535014 0.203030 0.525444 0.223776 0.520542 0.237529 0.516106 0.264569 0.515173 0.276224
1 0.349907 0.390443 0.352241 0.392075 0.353641 0.395105 0.353875 0.401166 0.355742 0.404196 0.360177 0.407226 0.364846 0.414452 0.368814 0.418182 0.375117 0.428904 0.380252 0.434499 0.384687 0.445921 0.387255 0.448718 0.388889 0.449184 0.394258 0.457809 0.393557 0.459907 0.394491 0.462471 0.394958 0.473427 0.399393 0.479720 0.411998 0.484149 0.418768 0.484382 0.433707 0.479720 0.460317 0.473660 0.461485 0.470396 0.449580 0.464336 0.441877 0.459207 0.435107 0.452214 0.429505 0.442657 0.415033 0.404429 0.411998 0.400932 0.410831 0.397902 0.410131 0.390676 0.408030 0.382751 0.407563 0.372261 0.406396 0.369231 0.380019 0.358042 0.376050 0.361538 0.373950 0.365501 0.369514 0.369697 0.368114 0.372494 0.355742 0.383683 0.349907 0.390443
1 0.546685 0.403263 0.546452 0.430070 0.544351 0.446387 0.540850 0.457343 0.533380 0.466900 0.533380 0.470163 0.542951 0.473193 0.570495 0.479021 0.573296 0.478788 0.575630 0.475758 0.582400 0.456876 0.587068 0.448252 0.609244 0.418182 0.606676 0.414685 0.598506 0.408159 0.595005 0.400466 0.592437 0.383683 0.591503 0.382751 0.578898 0.381818 0.561391 0.383217 0.549953 0.386480 0.548086 0.390676 0.546685 0.403263
1 0.692577 0.593473 0.685574 0.598601 0.681606 0.603030 0.671335 0.608159 0.664566 0.612821 0.665033 0.616084 0.674603 0.620979 0.685574 0.624942 0.694911 0.632168 0.730159 0.667599 0.734360 0.673427 0.738329 0.674825 0.756069 0.666900 0.765640 0.657809 0.768441 0.648252 0.775910 0.635664 0.780579 0.625408 0.785714 0.606294 0.785948 0.601865 0.785014 0.598834 0.771942 0.582984 0.761905 0.562704 0.758403 0.562937 0.755135 0.564336 0.742297 0.574359 0.726657 0.582051 0.719655 0.582751 0.709851 0.581585 0.703081 0.583450 0.692577 0.593473
1 0.745098 0.333333 0.742063 0.338928 0.744164 0.348951 0.745098 0.350117 0.751634 0.353380 0.771008 0.355711 0.776844 0.357809 0.784547 0.363170 0.792017 0.371795 0.798086 0.386247 0.801120 0.396970 0.803922 0.414219 0.805089 0.432634 0.807190 0.437529 0.833100 0.441725 0.847339 0.441958 0.873016 0.438462 0.880019 0.435664 0.887488 0.429371 0.890056 0.418415 0.888422 0.403730 0.885154 0.391608 0.873950 0.359674 0.868581 0.348019 0.859477 0.334266 0.852708 0.326807 0.845472 0.320746 0.831466 0.313520 0.818161 0.308858 0.796919 0.305128 0.788282 0.305361 0.782680 0.306993 0.772176 0.312354 0.759570 0.321911 0.748366 0.327972 0.744865 0.331469 0.745098 0.333333
1 0.660831 0.243823 0.661531 0.244988 0.667134 0.242424 0.679972 0.234266 0.696312 0.227273 0.714286 0.225175 0.718721 0.225641 0.724090 0.228205 0.731909 0.230186 0.736461 0.234033 0.741130 0.244056 0.744631 0.242424 0.745565 0.243357 0.748599 0.247552 0.752334 0.265268 0.753501 0.282517 0.751167 0.286247 0.750934 0.289977 0.747666 0.300233 0.746499 0.308392 0.742764 0.321678 0.742530 0.325641 0.744865 0.326807 0.755602 0.322145 0.765640 0.314452 0.782913 0.304662 0.797152 0.293706 0.807423 0.282984 0.811625 0.275524 0.816527 0.262005 0.820962 0.256410 0.823296 0.251748 0.826331 0.241492 0.827731 0.223543 0.824930 0.203263 0.819328 0.192075 0.815593 0.187413 0.807890 0.180886 0.796452 0.176457 0.785481 0.173893 0.768908 0.173893 0.741363 0.176690 0.723156 0.181585 0.706116 0.188112 0.699113 0.194872 0.689309 0.202331 0.675303 0.217949 0.664099 0.231002 0.661064 0.239627 0.660831 0.243823
0 0.595005 0.377156 0.599206 0.392541 0.605976 0.401399 0.612979 0.404196 0.626751 0.404895 0.641923 0.400932 0.653828 0.396503 0.682540 0.394639 0.699346 0.384848 0.714753 0.369930 0.725490 0.355012 0.738796 0.331469 0.742530 0.320513 0.752101 0.279720 0.751634 0.265734 0.747199 0.244755 0.744865 0.241492 0.738329 0.238462 0.732960 0.231702 0.727124 0.230070 0.721989 0.227040 0.716387 0.225641 0.711951 0.225641 0.699346 0.227506 0.691877 0.229604 0.678338 0.236131 0.671569 0.240793 0.664332 0.243823 0.635154 0.271329 0.626751 0.282984 0.612278 0.300233 0.601774 0.320979 0.596872 0.337995 0.595938 0.351515 0.595005 0.377156
1 0.824463 0.296737 0.821895 0.300233 0.825864 0.306993 0.830299 0.310723 0.836835 0.313520 0.847417 0.319891 0.856909 0.327972 0.867180 0.343124 0.874650 0.358974 0.876517 0.366434 0.880019 0.373893 0.889823 0.387879 0.914799 0.389977 0.933707 0.395571 0.957516 0.407226 0.961251 0.409790 0.967320 0.416084 0.971522 0.418415 0.973856 0.422378 0.978291 0.425408 0.987162 0.428904 0.994398 0.430070 0.999767 0.429371 0.999767 0.276690 0.985994 0.267366 0.970121 0.253147 0.942577 0.237063 0.925070 0.232401 0.916667 0.229138 0.908497 0.227273 0.904062 0.227506 0.901027 0.226340 0.883287 0.227273 0.875117 0.229837 0.869514 0.232867 0.848973 0.246620 0.844071 0.251515 0.833567 0.265035 0.828198 0.274592 0.823296 0.293007 0.824463 0.296737
1 0.811625 0.182284 0.822829 0.194872 0.825864 0.202331 0.828431 0.223077 0.828198 0.240326 0.834967 0.241725 0.841270 0.240093 0.854342 0.233100 0.866480 0.230303 0.869981 0.228671 0.873249 0.228438 0.884454 0.224942 0.894725 0.224942 0.898926 0.224009 0.901027 0.222378 0.915266 0.202797 0.919468 0.192541 0.921569 0.182751 0.921802 0.175058 0.919001 0.150816 0.917367 0.146154 0.916200 0.134499 0.914332 0.126807 0.904528 0.114219 0.900794 0.111422 0.880719 0.109324 0.856209 0.117249 0.844771 0.123543 0.841036 0.126573 0.834967 0.133800 0.820962 0.152681 0.816293 0.161305 0.811158 0.175058 0.811625 0.182284
1 0.699346 0.161538 0.703081 0.163869 0.705182 0.162704 0.708683 0.162704 0.728058 0.168065 0.741830 0.168765 0.755135 0.167832 0.761905 0.165501 0.768674 0.161072 0.791317 0.138228 0.794818 0.130769 0.798086 0.116317 0.797619 0.098834 0.794351 0.087179 0.789449 0.077855 0.783147 0.070629 0.777544 0.061772 0.772409 0.050117 0.770308 0.047319 0.769141 0.043124 0.767040 0.041958 0.765640 0.038695 0.758870 0.034033 0.752101 0.025641 0.746032 0.021678 0.740430 0.015618 0.716853 0.004429 0.713352 0.007925 0.714753 0.012354 0.711018 0.018648 0.710317 0.041958 0.707516 0.065035 0.707983 0.078089 0.705415 0.084848 0.707049 0.094406 0.700980 0.119814 0.699346 0.161538
1 0.329599 0.096620 0.329365 0.099068 0.327498 0.102331 0.327264 0.109557 0.341970 0.138462 0.345705 0.138928 0.347339 0.140326 0.352007 0.141725 0.363912 0.143124 0.397292 0.151515 0.397993 0.143823 0.395658 0.126807 0.394725 0.102098 0.392624 0.093240 0.389122 0.031469 0.388422 0.026340 0.387021 0.023310 0.376284 0.026573 0.368581 0.027739 0.359477 0.031002 0.345705 0.041259 0.334034 0.054779 0.330999 0.063869 0.329365 0.073427 0.329599 0.096620
1 0.403361 0.883683 0.406629 0.890909 0.411765 0.898834 0.415033 0.903263 0.425537 0.913054 0.446312 0.921911 0.475023 0.932168 0.489029 0.934732 0.513072 0.931935 0.522176 0.928671 0.538749 0.927506 0.548553 0.925175 0.546685 0.921678 0.532446 0.915618 0.529412 0.914918 0.527077 0.915618 0.521475 0.912587 0.509804 0.902098 0.504202 0.894639 0.501167 0.886946 0.500233 0.881818 0.499300 0.872960 0.499767 0.862471 0.498133 0.859207 0.499300 0.855711 0.498366 0.855245 0.474556 0.868065 0.441176 0.875758 0.430205 0.881119 0.416900 0.882284 0.403595 0.879953 0.403361 0.883683
1 0.834500 0.470629 0.840103 0.485781 0.848039 0.499068 0.853175 0.505128 0.856209 0.506760 0.894491 0.507226 0.908964 0.509790 0.920635 0.513287 0.925770 0.515851 0.934641 0.517949 0.942577 0.522844 0.950514 0.526340 0.959851 0.533100 0.969888 0.538462 0.971989 0.537762 0.977824 0.532634 0.985994 0.523077 0.987862 0.519114 0.987628 0.516550 0.992063 0.507925 0.994631 0.497902 0.995798 0.488578 0.993931 0.474126 0.992063 0.470396 0.990896 0.460606 0.985294 0.444988 0.974790 0.425408 0.961951 0.412821 0.949813 0.403963 0.933940 0.397203 0.920168 0.392541 0.903828 0.389977 0.896125 0.389977 0.887021 0.392075 0.886088 0.394406 0.888422 0.400932 0.890756 0.414918 0.890523 0.422145 0.888655 0.429371 0.883754 0.434266 0.876751 0.437995 0.868581 0.440326 0.848973 0.442424 0.840570 0.444755 0.838936 0.446387 0.834734 0.459674 0.834500 0.470629
1 0.742063 0.680186 0.743464 0.685781 0.747199 0.689044 0.756536 0.700699 0.763072 0.712121 0.767974 0.724242 0.770075 0.736364 0.770308 0.746387 0.766340 0.768531 0.762838 0.781352 0.762838 0.783217 0.765640 0.789744 0.772876 0.800000 0.777778 0.809091 0.781979 0.813753 0.790149 0.820513 0.795985 0.823310 0.803221 0.828904 0.807190 0.830769 0.810924 0.831002 0.824697 0.828671 0.834967 0.824709 0.840803 0.818881 0.849907 0.812121 0.853875 0.807459 0.858077 0.797902 0.859477 0.792308 0.859944 0.786014 0.857610 0.766200 0.851074 0.748252 0.850840 0.741259 0.845472 0.731469 0.841036 0.726573 0.831466 0.711422 0.819094 0.699534 0.815593 0.697436 0.798786 0.691375 0.796685 0.689510 0.791083 0.687179 0.779645 0.679254 0.768908 0.668998 0.762605 0.667133 0.758637 0.667599 0.742297 0.675291 0.742063 0.680186
1 0.676004 0.817949 0.677404 0.824242 0.687208 0.834732 0.688375 0.838462 0.694211 0.844056 0.696078 0.847786 0.699580 0.850117 0.702614 0.848252 0.706816 0.849883 0.708217 0.852214 0.705415 0.855711 0.709617 0.859207 0.714286 0.858042 0.716153 0.859441 0.728291 0.859674 0.731326 0.860606 0.748133 0.854779 0.770075 0.845221 0.774276 0.841492 0.776611 0.834499 0.778245 0.824709 0.778245 0.813986 0.777311 0.810723 0.773343 0.802797 0.763305 0.789044 0.762138 0.786247 0.758637 0.786480 0.749300 0.794872 0.734360 0.804429 0.719888 0.808159 0.711951 0.809091 0.700980 0.808625 0.690476 0.805128 0.689076 0.803730 0.682306 0.802331 0.676471 0.814918 0.676004 0.817949