0 0.329029 0.432091 0.331836 0.436408 0.332117 0.448515 0.338012 0.461360 0.341662 0.474626 0.345031 0.477364 0.354295 0.501790 0.368613 0.525795 0.369736 0.529375 0.375912 0.535902 0.382931 0.549379 0.393880 0.566014 0.405109 0.587282 0.410724 0.594862 0.427007 0.623500 0.435710 0.635502 0.459854 0.663298 0.466592 0.667930 0.473330 0.675932 0.477541 0.678880 0.484278 0.680985 0.486805 0.684565 0.498316 0.693199 0.505053 0.693830 0.510387 0.695515 0.515160 0.703095 0.525828 0.707939 0.538742 0.710465 0.540707 0.713203 0.543515 0.714887 0.555867 0.719730 0.568782 0.722889 0.574677 0.726258 0.597417 0.734049 0.610051 0.736576 0.638405 0.736787 0.640651 0.737418 0.643739 0.736155 0.647389 0.736787 0.662268 0.736576 0.684166 0.734681 0.695677 0.731312 0.699607 0.728996 0.706625 0.727732 0.709994 0.723521 0.720943 0.720362 0.722066 0.718678 0.734138 0.709834 0.748175 0.693199 0.751263 0.682038 0.755755 0.678669 0.759405 0.668141 0.761370 0.658033 0.760528 0.626658 0.755474 0.605601 0.753509 0.602443 0.752386 0.592125 0.748456 0.581175 0.740034 0.564329 0.720101 0.534849 0.708591 0.520952 0.699607 0.506422 0.694273 0.501369 0.682482 0.482628 0.679955 0.480312 0.669287 0.460518 0.664514 0.455043 0.661426 0.445989 0.641213 0.418614 0.631948 0.410402 0.622965 0.400295 0.613700 0.394188 0.581134 0.378185 0.570466 0.370604 0.557271 0.366603 0.551937 0.364077 0.539865 0.360918 0.522740 0.358391 0.490174 0.350179 0.470241 0.346389 0.460977 0.345336 0.452181 0.345546 0.446659 0.344283 0.443010 0.344915 0.431499 0.344283 0.427850 0.345546 0.407917 0.347863 0.400618 0.350390 0.388265 0.355443 0.366648 0.366182 0.361033 0.369973 0.357945 0.373342 0.354015 0.375026 0.348681 0.382186 0.343627 0.386608 0.336609 0.397768 0.330994 0.411455 0.329309 0.421562 0.329029 0.432091
1 0.010949 0.727943 0.009826 0.730259 0.009826 0.734260 0.011510 0.748368 0.013476 0.751948 0.012633 0.754896 0.013476 0.765635 0.021336 0.786271 0.027232 0.797010 0.031162 0.801221 0.034812 0.807960 0.043234 0.817646 0.078046 0.847757 0.087872 0.857654 0.094610 0.862708 0.099102 0.869236 0.110893 0.879975 0.129702 0.894504 0.134756 0.896610 0.140371 0.900821 0.149074 0.904401 0.156373 0.909455 0.168445 0.915351 0.180236 0.919562 0.198203 0.928827 0.209714 0.932407 0.223470 0.934302 0.234980 0.933881 0.248175 0.930933 0.258843 0.925037 0.268950 0.922299 0.290567 0.908823 0.305727 0.896820 0.322291 0.877027 0.329309 0.862708 0.318360 0.838071 0.312465 0.804169 0.312746 0.782691 0.315834 0.769215 0.315272 0.751737 0.307973 0.736366 0.288602 0.703095 0.286917 0.696147 0.282987 0.692988 0.252386 0.700358 0.231986 0.699516 0.220101 0.696989 0.201011 0.689619 0.190623 0.682881 0.179113 0.677195 0.161707 0.671720 0.158057 0.669194 0.147951 0.665193 0.134194 0.656138 0.097136 0.638450 0.088714 0.633186 0.083661 0.631080 0.071308 0.622868 0.063728 0.619709 0.060359 0.619288 0.051656 0.623500 0.045761 0.632344 0.038181 0.639924 0.029759 0.658244 0.022459 0.662455 0.019090 0.673405 0.017406 0.675300 0.017125 0.678880 0.015160 0.681828 0.010387 0.716572 0.010949 0.727943
1 0.466311 0.332912 0.467434 0.339650 0.469399 0.342598 0.474172 0.345125 0.483998 0.346810 0.528636 0.357549 0.547445 0.360286 0.571589 0.368288 0.594891 0.383449 0.606682 0.388082 0.620719 0.395873 0.642897 0.417351 0.662268 0.443251 0.668164 0.452516 0.669006 0.456517 0.671814 0.457359 0.675463 0.456517 0.682482 0.452306 0.706906 0.441988 0.710556 0.439040 0.717855 0.435881 0.723470 0.431038 0.726839 0.429354 0.730769 0.425353 0.736384 0.416298 0.738069 0.410823 0.740595 0.387661 0.743403 0.373552 0.744526 0.358812 0.743403 0.341546 0.738911 0.321331 0.739753 0.296062 0.738349 0.287850 0.733015 0.277111 0.719259 0.259634 0.706625 0.249526 0.697923 0.244473 0.694273 0.240472 0.685570 0.234997 0.645705 0.235418 0.639528 0.234786 0.613419 0.231417 0.585626 0.226574 0.581134 0.224679 0.563167 0.222573 0.552779 0.220678 0.546884 0.218572 0.542673 0.218362 0.533408 0.215624 0.528916 0.216467 0.525267 0.215414 0.519090 0.216888 0.501684 0.224047 0.495508 0.231838 0.487367 0.237734 0.482313 0.243420 0.475295 0.255001 0.472207 0.258370 0.467715 0.283007 0.466592 0.308275 0.466311 0.332912
0 0.143178 0.287850 0.144582 0.298589 0.147108 0.311223 0.149635 0.315856 0.151600 0.324700 0.159180 0.334176 0.161426 0.338808 0.166480 0.344072 0.170691 0.347231 0.182201 0.359865 0.186412 0.362813 0.188097 0.365761 0.203257 0.376921 0.212802 0.380080 0.217294 0.379869 0.228804 0.381343 0.241157 0.380501 0.246491 0.378185 0.254351 0.378817 0.261931 0.376921 0.265300 0.377132 0.281022 0.372499 0.289444 0.371025 0.295340 0.367867 0.322010 0.350179 0.334082 0.339861 0.345312 0.331859 0.366648 0.312066 0.380685 0.295220 0.401179 0.275848 0.407917 0.266793 0.409882 0.261108 0.416339 0.251632 0.419989 0.240682 0.425042 0.216888 0.425604 0.197515 0.424481 0.182354 0.415778 0.156243 0.411567 0.147821 0.402864 0.134555 0.393880 0.124237 0.382931 0.116235 0.379562 0.112655 0.359068 0.103811 0.340258 0.101495 0.322291 0.101284 0.317518 0.101916 0.297866 0.108865 0.286356 0.111602 0.283829 0.113919 0.275126 0.117498 0.262212 0.124868 0.254071 0.131186 0.247333 0.134344 0.216451 0.160665 0.172375 0.210992 0.163111 0.219625 0.147389 0.248895 0.142897 0.271215 0.143178 0.287850
1 0.002246 0.372499 0.000000 0.373131 0.000000 0.568120 0.001965 0.568330 0.005615 0.572542 0.011791 0.585808 0.029478 0.595915 0.033127 0.596968 0.034250 0.598863 0.039865 0.602653 0.090679 0.632133 0.105839 0.640345 0.122684 0.647294 0.126614 0.650453 0.134756 0.654032 0.151881 0.663929 0.154127 0.666035 0.161988 0.669615 0.167602 0.670878 0.187535 0.678037 0.200730 0.685829 0.206906 0.687934 0.214486 0.692567 0.223470 0.695515 0.240034 0.697199 0.251825 0.697199 0.272038 0.692988 0.293375 0.686250 0.296463 0.686039 0.329590 0.672352 0.338855 0.665193 0.362437 0.639503 0.367490 0.632765 0.376474 0.616130 0.378158 0.609813 0.378439 0.601811 0.380966 0.592546 0.381527 0.580964 0.378720 0.572963 0.378439 0.567277 0.372824 0.551485 0.372824 0.543483 0.362718 0.526427 0.360004 0.524602 0.354576 0.512529 0.354015 0.508739 0.350365 0.503474 0.350084 0.501579 0.344189 0.496315 0.341943 0.491893 0.333801 0.488524 0.330713 0.484734 0.327344 0.482417 0.314711 0.467046 0.281022 0.439672 0.259686 0.423458 0.252667 0.420088 0.226839 0.400927 0.217855 0.397768 0.199045 0.385134 0.189500 0.381975 0.172094 0.372499 0.157777 0.366814 0.154688 0.366603 0.150477 0.364498 0.137002 0.360286 0.120438 0.358181 0.100225 0.353338 0.095452 0.350811 0.081415 0.349547 0.067378 0.349758 0.039865 0.353127 0.024705 0.357338 0.003088 0.369762 0.002246 0.372499
1 0.750421 0.283849 0.757440 0.311855 0.762493 0.324489 0.768950 0.333544 0.770915 0.338598 0.776811 0.346389 0.801516 0.366182 0.813869 0.374605 0.832678 0.380922 0.841662 0.387029 0.845873 0.388292 0.851769 0.391661 0.865525 0.395873 0.876474 0.396926 0.889949 0.399663 0.910163 0.400927 0.942729 0.398400 0.951993 0.396715 0.957889 0.394399 0.960977 0.391451 0.972207 0.387661 0.980067 0.379869 0.988209 0.366393 0.997193 0.345546 0.997193 0.342177 0.999719 0.338387 0.999719 0.179827 0.998035 0.179827 0.995508 0.177511 0.991297 0.176037 0.980348 0.174352 0.959573 0.173721 0.949747 0.172457 0.913251 0.165087 0.892757 0.159191 0.887423 0.156243 0.876474 0.152874 0.866648 0.146768 0.862437 0.145504 0.859068 0.145504 0.841662 0.169088 0.821449 0.184460 0.803762 0.194988 0.769512 0.209728 0.763054 0.213097 0.760528 0.215414 0.757440 0.220257 0.756036 0.242367 0.752948 0.251211 0.750702 0.265319 0.750421 0.283849
1 0.000000 0.000000 0.000000 0.105706 0.008703 0.109286 0.027793 0.112655 0.039585 0.116024 0.074958 0.129080 0.092925 0.138766 0.110051 0.152032 0.112858 0.153295 0.120719 0.153717 0.137563 0.152874 0.156654 0.145925 0.183324 0.139398 0.192308 0.135397 0.206625 0.122973 0.211679 0.115814 0.213925 0.110550 0.215328 0.088229 0.213644 0.065277 0.211398 0.056222 0.195957 0.034534 0.186412 0.018951 0.182762 0.009476 0.176867 0.001685 0.176867 0.000000 0.000000 0.000000
1 0.182762 0.000000 0.182762 0.001895 0.189220 0.017899 0.199326 0.035586 0.207187 0.046747 0.216732 0.057065 0.217855 0.060434 0.221224 0.063382 0.229646 0.074331 0.245087 0.086966 0.261370 0.096231 0.277372 0.101916 0.283268 0.104864 0.291971 0.106128 0.304323 0.104232 0.320606 0.098758 0.327625 0.099389 0.340820 0.098968 0.355980 0.100653 0.362718 0.096652 0.370298 0.088440 0.373666 0.083175 0.385458 0.058539 0.392195 0.042114 0.397529 0.022531 0.404829 0.005264 0.405109 0.000000 0.182762 0.000000
1 0.677709 0.934723 0.674060 0.949252 0.672375 0.969467 0.669568 0.981049 0.664795 0.990735 0.661426 0.992419 0.660303 0.994736 0.661426 0.996210 0.664514 0.996420 0.667883 0.997894 0.668164 0.999789 0.946940 0.999789 0.951151 0.991998 0.964627 0.973679 0.970803 0.963571 0.974733 0.953253 0.975856 0.946515 0.976418 0.897031 0.971926 0.869446 0.962942 0.842072 0.958450 0.837229 0.935991 0.803748 0.918866 0.788377 0.897810 0.781007 0.883212 0.777848 0.875632 0.777848 0.872263 0.779111 0.831275 0.811118 0.818641 0.819120 0.804885 0.825016 0.786356 0.830912 0.757440 0.835123 0.751544 0.833860 0.744245 0.834070 0.734700 0.838703 0.716732 0.855549 0.699607 0.875974 0.695957 0.884607 0.693431 0.894715 0.689220 0.901032 0.677990 0.925037 0.677709 0.934723
1 0.000000 0.840598 0.000000 0.999789 0.318080 0.999789 0.323133 0.997263 0.328186 0.996420 0.332117 0.997684 0.334924 0.996420 0.335486 0.993683 0.333801 0.987997 0.324537 0.974310 0.311903 0.963992 0.307131 0.957886 0.280460 0.938935 0.268950 0.927353 0.261651 0.928195 0.251544 0.932617 0.244526 0.933460 0.240314 0.935355 0.231611 0.936618 0.223751 0.936618 0.219540 0.935565 0.213363 0.935355 0.196238 0.929880 0.178832 0.920615 0.172656 0.918930 0.160584 0.913455 0.154408 0.910297 0.150477 0.907138 0.127456 0.895136 0.115665 0.885239 0.106962 0.880185 0.101067 0.873026 0.094329 0.867551 0.091802 0.862497 0.080853 0.853653 0.076362 0.848389 0.056990 0.833439 0.050533 0.830280 0.047726 0.830280 0.019090 0.833860 0.000000 0.840598
1 0.649354 0.756159 0.651600 0.765635 0.660584 0.775321 0.661707 0.779322 0.664234 0.781007 0.668164 0.788377 0.684728 0.803748 0.699607 0.814908 0.707468 0.818488 0.741157 0.829017 0.762493 0.831754 0.777092 0.830491 0.786356 0.828806 0.796743 0.825648 0.814149 0.818699 0.827625 0.811118 0.866367 0.779954 0.880404 0.765424 0.882931 0.760581 0.887002 0.756054 0.893038 0.751737 0.895284 0.746473 0.900337 0.740577 0.905671 0.736576 0.933184 0.702253 0.953397 0.663508 0.955081 0.654875 0.955643 0.640135 0.954239 0.627079 0.950028 0.605812 0.936272 0.584755 0.925884 0.572752 0.916901 0.564329 0.897529 0.552116 0.887142 0.548537 0.880404 0.547694 0.872824 0.544746 0.863279 0.543272 0.855699 0.540745 0.844469 0.540745 0.832959 0.542219 0.820326 0.541588 0.804043 0.544115 0.770634 0.552748 0.768389 0.553590 0.765862 0.556117 0.756597 0.559065 0.751825 0.562013 0.748737 0.564540 0.746771 0.571278 0.752667 0.584334 0.759686 0.608760 0.759686 0.612761 0.762774 0.623710 0.764739 0.636976 0.765300 0.660981 0.759124 0.682459 0.748175 0.700990 0.736103 0.713413 0.723751 0.722468 0.714206 0.727732 0.692588 0.735944 0.681920 0.737629 0.664795 0.741840 0.658057 0.741840 0.654127 0.742893 0.649635 0.748158 0.649354 0.756159
1 0.316115 0.786271 0.316957 0.813856 0.318360 0.828174 0.321168 0.837861 0.327344 0.852601 0.340539 0.873868 0.348400 0.881870 0.370859 0.897663 0.376474 0.902927 0.385458 0.908191 0.391072 0.910929 0.397810 0.912613 0.403987 0.916193 0.422235 0.922721 0.439079 0.926090 0.459573 0.927985 0.491859 0.926511 0.508984 0.923352 0.515722 0.919773 0.525828 0.916403 0.530507 0.911209 0.540988 0.902295 0.554183 0.887134 0.559236 0.878501 0.565132 0.873658 0.573554 0.863129 0.576081 0.858286 0.584222 0.847757 0.599663 0.821436 0.629141 0.782902 0.632791 0.771952 0.640651 0.755317 0.641213 0.744578 0.637002 0.741209 0.615104 0.740577 0.609208 0.738471 0.594048 0.735313 0.585065 0.732575 0.580292 0.729838 0.570747 0.727100 0.567659 0.725205 0.548849 0.720362 0.539865 0.715940 0.529759 0.714045 0.496070 0.694251 0.473049 0.678880 0.451432 0.657823 0.449467 0.654243 0.442167 0.646662 0.438518 0.640766 0.433184 0.636134 0.425323 0.624974 0.421673 0.623921 0.418304 0.625605 0.411567 0.631501 0.407075 0.637608 0.397249 0.647294 0.375070 0.674247 0.372824 0.679090 0.362998 0.692567 0.337732 0.722257 0.332678 0.730048 0.325660 0.744578 0.317238 0.779322 0.316115 0.786271
1 0.704941 0.000000 0.704941 0.001895 0.706345 0.003369 0.710275 0.003159 0.713363 0.005054 0.723470 0.007791 0.740876 0.009476 0.758843 0.012424 0.787760 0.021268 0.808254 0.030322 0.813869 0.034323 0.824537 0.038956 0.828748 0.041904 0.839978 0.052853 0.852611 0.074963 0.861595 0.106759 0.863279 0.120868 0.861875 0.137503 0.866367 0.143609 0.877035 0.151190 0.904267 0.160876 0.931780 0.167193 0.954520 0.171194 0.991859 0.173300 0.999719 0.171194 0.999719 0.000000 0.704941 0.000000
1 0.000000 0.111813 0.000000 0.326806 0.005896 0.329964 0.019090 0.333544 0.032566 0.338808 0.039023 0.340072 0.049130 0.339019 0.062044 0.343020 0.073835 0.345546 0.090399 0.345757 0.119315 0.340914 0.137844 0.331649 0.145705 0.324911 0.145705 0.316909 0.144020 0.308486 0.141494 0.303853 0.140932 0.293325 0.139248 0.287218 0.139248 0.273321 0.140651 0.260686 0.142897 0.251632 0.151319 0.234365 0.154688 0.223837 0.147670 0.206570 0.137844 0.190566 0.126334 0.174984 0.102751 0.148663 0.091802 0.140451 0.062886 0.126553 0.043234 0.119815 0.039865 0.119394 0.025828 0.114340 0.003930 0.111392 0.000000 0.111813
1 0.676867 0.470204 0.692588 0.494841 0.730488 0.547484 0.739191 0.557381 0.741157 0.561381 0.744806 0.563276 0.750140 0.556538 0.757440 0.554222 0.761931 0.553801 0.788040 0.545799 0.813588 0.540745 0.819483 0.537587 0.823975 0.531059 0.837451 0.515688 0.842785 0.507054 0.847277 0.502632 0.856261 0.486208 0.861595 0.473995 0.864964 0.453148 0.862718 0.427248 0.859349 0.411666 0.852892 0.397557 0.845592 0.390398 0.839697 0.388082 0.831836 0.382607 0.824537 0.381133 0.811342 0.375658 0.786917 0.357760 0.782987 0.356075 0.765020 0.355654 0.751544 0.353759 0.749298 0.355864 0.749298 0.358251 0.746491 0.362392 0.744245 0.384502 0.742280 0.391661 0.739191 0.415035 0.729085 0.432723 0.725997 0.435881 0.717855 0.440724 0.713083 0.441777 0.685570 0.454201 0.676305 0.459886 0.675182 0.461781 0.676867 0.470204
1 0.869175 0.460307 0.863841 0.476732 0.853734 0.497789 0.852611 0.505370 0.858787 0.522847 0.866086 0.536534 0.875351 0.543272 0.889669 0.545378 0.894722 0.547063 0.913812 0.558854 0.927850 0.571699 0.937675 0.583281 0.942448 0.591072 0.946098 0.594020 0.970241 0.596547 0.988209 0.594230 0.999719 0.590440 0.999719 0.355233 0.997754 0.355443 0.994666 0.357338 0.986805 0.374395 0.975295 0.388503 0.954801 0.397979 0.944133 0.399874 0.923919 0.401348 0.918585 0.402611 0.896126 0.402401 0.868613 0.398400 0.863560 0.400505 0.861314 0.403874 0.869175 0.460307
1 0.339978 0.991156 0.340539 0.999789 0.646547 0.999789 0.646547 0.998315 0.653285 0.994525 0.661426 0.970310 0.662830 0.963150 0.664795 0.959570 0.667041 0.947357 0.667041 0.930301 0.665076 0.917667 0.660865 0.910086 0.661145 0.907559 0.658619 0.901242 0.657496 0.894715 0.657777 0.883133 0.654408 0.866077 0.647108 0.850435 0.645985 0.841230 0.640651 0.831543 0.634194 0.824805 0.623526 0.817646 0.615946 0.814066 0.612296 0.813856 0.609208 0.814908 0.600786 0.822910 0.587310 0.847757 0.583380 0.853232 0.580011 0.855970 0.575519 0.865024 0.563728 0.876395 0.550814 0.894504 0.542673 0.903348 0.532285 0.911981 0.528355 0.916403 0.519652 0.921457 0.511791 0.924195 0.495789 0.927143 0.467715 0.929248 0.445255 0.927985 0.418024 0.923352 0.405952 0.919562 0.383773 0.910297 0.380124 0.910297 0.373105 0.918720 0.355699 0.949463 0.347277 0.968204 0.341381 0.985260 0.339978 0.991156
1 0.365244 0.102337 0.380966 0.110339 0.399775 0.126553 0.410724 0.139819 0.414935 0.147189 0.418304 0.149295 0.428692 0.148873 0.463504 0.144451 0.464627 0.142977 0.466873 0.127395 0.474733 0.094336 0.482313 0.078753 0.487647 0.072226 0.492139 0.067804 0.508422 0.057275 0.516002 0.050748 0.529759 0.041482 0.539865 0.037482 0.551656 0.029901 0.560079 0.025690 0.569624 0.022531 0.586188 0.018951 0.592083 0.016425 0.593487 0.015372 0.595733 0.005685 0.595452 0.000000 0.414374 0.000000 0.412970 0.003159 0.407355 0.008423 0.400898 0.022110 0.399775 0.029269 0.397529 0.033060 0.388827 0.057275 0.376474 0.082544 0.366086 0.098758 0.365244 0.102337