0 0.351074 0.418943 0.352708 0.439601 0.355042 0.449405 0.360878 0.463410 0.365313 0.470763 0.376751 0.485469 0.383987 0.491947 0.395191 0.499650 0.407096 0.505952 0.412698 0.507528 0.418301 0.510329 0.425303 0.512430 0.428571 0.512430 0.432306 0.514356 0.442344 0.514881 0.455182 0.514531 0.463352 0.513480 0.477824 0.508929 0.492063 0.501576 0.503501 0.492997 0.514472 0.477241 0.520075 0.466562 0.524043 0.452556 0.538282 0.411590 0.541317 0.397234 0.541783 0.384804 0.538515 0.369398 0.526611 0.348214 0.517507 0.337010 0.497432 0.319853 0.491363 0.316352 0.470588 0.308648 0.455182 0.306548 0.445845 0.306723 0.430439 0.308648 0.418534 0.311625 0.407096 0.316352 0.387955 0.328081 0.375817 0.341912 0.372316 0.347164 0.355742 0.390406 0.352474 0.404237 0.351074 0.418943
0 0.248833 0.593312 0.258637 0.630077 0.286415 0.697479 0.299486 0.720413 0.313959 0.734244 0.321195 0.736169 0.327031 0.735819 0.338469 0.733018 0.342904 0.731092 0.350840 0.729167 0.357843 0.725665 0.366713 0.722864 0.375350 0.718487 0.389589 0.707458 0.405462 0.686800 0.416667 0.665091 0.419468 0.657563 0.423203 0.641106 0.424603 0.613270 0.423203 0.591737 0.420868 0.578431 0.416900 0.567577 0.415033 0.557248 0.407563 0.536590 0.403595 0.528711 0.394024 0.514006 0.380019 0.502801 0.369748 0.498775 0.359711 0.496148 0.345938 0.495098 0.331699 0.495973 0.314192 0.499300 0.303455 0.503151 0.286648 0.512605 0.274977 0.521884 0.267040 0.533263 0.264006 0.536064 0.256069 0.550245 0.253035 0.557423 0.250700 0.564601 0.248599 0.577556 0.248833 0.593312
1 0.577965 0.506127 0.579365 0.515581 0.590336 0.546919 0.625817 0.600665 0.645892 0.625000 0.654295 0.633053 0.664099 0.640756 0.681606 0.651436 0.692810 0.654762 0.696312 0.656688 0.699346 0.657388 0.706583 0.656863 0.729692 0.649510 0.738406 0.642099 0.742530 0.639531 0.748366 0.633578 0.757470 0.619923 0.762138 0.605217 0.764239 0.585434 0.764239 0.573179 0.760738 0.550070 0.753268 0.516106 0.741363 0.493172 0.734827 0.483193 0.721289 0.465861 0.713585 0.457633 0.703081 0.450105 0.699346 0.450805 0.686275 0.463761 0.664799 0.477766 0.650093 0.482843 0.640990 0.484944 0.631419 0.485469 0.622549 0.484944 0.595938 0.476891 0.588469 0.472339 0.586835 0.473564 0.582400 0.480742 0.581933 0.484069 0.579832 0.487570 0.578198 0.497024 0.577965 0.506127
1 0.756069 0.515581 0.756769 0.522584 0.764006 0.555847 0.767507 0.577731 0.770308 0.581933 0.771709 0.586485 0.776844 0.594363 0.795285 0.630952 0.806022 0.646709 0.813959 0.656688 0.824697 0.665616 0.834734 0.670693 0.845238 0.674370 0.860644 0.674370 0.876751 0.672094 0.897526 0.664041 0.903595 0.660889 0.915966 0.648985 0.919701 0.642507 0.929038 0.633053 0.936041 0.623424 0.945145 0.602066 0.947712 0.585784 0.947012 0.564251 0.944444 0.546569 0.932540 0.508403 0.927171 0.494748 0.924136 0.489496 0.920635 0.487570 0.907796 0.486520 0.890756 0.483894 0.887021 0.482143 0.883754 0.481793 0.872082 0.477766 0.858310 0.471464 0.839169 0.457633 0.828198 0.448704 0.820962 0.448179 0.813725 0.449930 0.803922 0.453782 0.784080 0.467087 0.770775 0.481618 0.762605 0.494398 0.762138 0.497724 0.759570 0.501576 0.756769 0.508754 0.756069 0.515581
1 0.248133 0.397759 0.249300 0.411590 0.258403 0.436275 0.261204 0.440651 0.265406 0.451681 0.275210 0.468662 0.286415 0.490896 0.295985 0.503501 0.296685 0.504027 0.300187 0.503676 0.306022 0.500700 0.321662 0.496674 0.341036 0.494048 0.348506 0.493873 0.359866 0.494923 0.376751 0.498249 0.375117 0.496674 0.375350 0.492822 0.376751 0.491246 0.376050 0.487745 0.360411 0.464111 0.355275 0.453256 0.352474 0.442752 0.350373 0.428922 0.350607 0.412115 0.352241 0.401436 0.355509 0.389006 0.359944 0.376225 0.364613 0.366422 0.369514 0.349265 0.369048 0.345413 0.366713 0.341737 0.360411 0.335084 0.341270 0.326331 0.331699 0.323880 0.324930 0.323004 0.316993 0.323004 0.301120 0.324580 0.288515 0.328081 0.278245 0.333683 0.272409 0.338060 0.263539 0.347689 0.258403 0.355742 0.257236 0.360994 0.253268 0.368172 0.250000 0.379377 0.248599 0.389356 0.248133 0.397759
1 0.512372 0.220763 0.513772 0.223039 0.520308 0.225140 0.523109 0.226891 0.531323 0.227467 0.534345 0.230187 0.532532 0.233361 0.537815 0.238796 0.542951 0.250700 0.543417 0.269783 0.546452 0.274510 0.554855 0.264006 0.574463 0.245448 0.597106 0.228116 0.601074 0.223915 0.599206 0.217087 0.595938 0.212185 0.592204 0.207808 0.581933 0.198529 0.570261 0.192227 0.564192 0.190651 0.552521 0.189251 0.550887 0.183648 0.550187 0.182948 0.546919 0.182598 0.544818 0.188550 0.542017 0.191527 0.528478 0.199055 0.517274 0.209384 0.512605 0.217262 0.512372 0.220763
1 0.543884 0.286415 0.547152 0.287640 0.553688 0.288690 0.566527 0.295868 0.571195 0.299720 0.574463 0.300070 0.578198 0.298494 0.591830 0.289846 0.680906 0.264356 0.689776 0.264706 0.693744 0.264006 0.695145 0.262780 0.696545 0.258228 0.694678 0.244573 0.692344 0.238095 0.686275 0.228641 0.679505 0.221289 0.675070 0.218487 0.671535 0.216287 0.669745 0.215213 0.667134 0.213936 0.676725 0.208904 0.678336 0.205682 0.676009 0.205414 0.664566 0.209734 0.662944 0.211454 0.657796 0.210959 0.651027 0.208683 0.644024 0.207983 0.630486 0.210434 0.624883 0.212360 0.610878 0.219363 0.598973 0.226366 0.584734 0.237220 0.560224 0.258228 0.554155 0.265231 0.544351 0.280987 0.543884 0.286415
1 0.379085 0.254727 0.380952 0.261905 0.388422 0.279937 0.396592 0.303922 0.399860 0.309524 0.404295 0.313550 0.405462 0.310749 0.405462 0.296043 0.407096 0.286590 0.413399 0.270483 0.420635 0.258754 0.429038 0.249650 0.437675 0.242997 0.452614 0.233368 0.469421 0.226015 0.473856 0.224615 0.481092 0.223739 0.483894 0.220413 0.477824 0.214286 0.470121 0.209209 0.456116 0.203606 0.439542 0.200980 0.431606 0.200980 0.421102 0.202381 0.415033 0.205007 0.410831 0.205707 0.404528 0.208683 0.389589 0.221639 0.381653 0.237745 0.379085 0.249300 0.379085 0.254727
1 0.208428 0.195357 0.211545 0.196526 0.215596 0.198864 0.208917 0.203256 0.221989 0.205532 0.247199 0.217437 0.252801 0.225315 0.259570 0.242822 0.262138 0.257703 0.266106 0.271884 0.265640 0.283438 0.269608 0.281863 0.272409 0.279762 0.278011 0.265406 0.285014 0.252101 0.284547 0.237570 0.280112 0.226190 0.273343 0.216737 0.269841 0.213235 0.249300 0.201331 0.234127 0.197654 0.219421 0.197829 0.217155 0.195825 0.209986 0.191851 0.209051 0.193721 0.208428 0.195357
1 0.277311 0.276261 0.279412 0.278887 0.289449 0.273284 0.300187 0.270483 0.305089 0.269958 0.324230 0.270833 0.339169 0.273985 0.349673 0.280987 0.363445 0.296043 0.371615 0.312325 0.376284 0.326331 0.380019 0.331933 0.388655 0.324580 0.390289 0.311099 0.388889 0.296569 0.386088 0.279412 0.379085 0.258403 0.374650 0.250875 0.370915 0.246499 0.365313 0.241071 0.359244 0.237395 0.348506 0.232668 0.338936 0.230567 0.324463 0.230917 0.312792 0.233718 0.304388 0.237570 0.299720 0.240546 0.293417 0.245098 0.288749 0.249825 0.282913 0.258578 0.277311 0.271709 0.277311 0.276261
1 0.475490 0.305147 0.472222 0.307248 0.479458 0.311099 0.493231 0.316702 0.506769 0.326506 0.520075 0.338761 0.530812 0.353116 0.536415 0.363095 0.538049 0.363270 0.539683 0.366246 0.539916 0.362045 0.538982 0.358368 0.541550 0.344013 0.548319 0.330882 0.552754 0.324230 0.558590 0.316702 0.565593 0.308824 0.568394 0.307248 0.570728 0.303746 0.569094 0.299720 0.560924 0.293242 0.554388 0.290091 0.539916 0.286940 0.533147 0.286239 0.525910 0.286064 0.522861 0.285722 0.516010 0.285873 0.515406 0.283153 0.520644 0.277260 0.523868 0.273482 0.521652 0.272273 0.518831 0.272273 0.509159 0.286025 0.492235 0.292220 0.486794 0.295847 0.475490 0.305147
1 0.404995 0.308123 0.406162 0.312675 0.408263 0.314076 0.417134 0.311975 0.427171 0.308473 0.439542 0.306548 0.457283 0.306197 0.471289 0.307423 0.474790 0.305672 0.476922 0.303629 0.478992 0.300420 0.485938 0.295885 0.492990 0.291805 0.502863 0.288631 0.507003 0.286415 0.518441 0.273284 0.520775 0.273634 0.521709 0.275035 0.523810 0.279237 0.524276 0.283088 0.525910 0.285189 0.531513 0.285889 0.539683 0.285364 0.541317 0.283088 0.542484 0.277311 0.542250 0.251751 0.540149 0.245098 0.535714 0.237045 0.532331 0.232907 0.533741 0.230338 0.532331 0.228525 0.529308 0.227014 0.525910 0.228641 0.511671 0.223214 0.505602 0.222164 0.492063 0.222164 0.474323 0.224965 0.456349 0.231443 0.447946 0.236169 0.442810 0.240371 0.435107 0.244923 0.421569 0.258578 0.417367 0.264531 0.409897 0.280287 0.406396 0.293242 0.404995 0.308123
1 0.174136 0.414916 0.178805 0.433648 0.182306 0.433648 0.191643 0.426471 0.201447 0.422094 0.209617 0.417367 0.222689 0.412115 0.236928 0.410189 0.245798 0.410539 0.248133 0.410014 0.247432 0.388655 0.251867 0.365546 0.246732 0.352416 0.244631 0.344363 0.241130 0.344713 0.239029 0.349265 0.229692 0.359769 0.218721 0.367822 0.205649 0.372199 0.200514 0.372724 0.189076 0.372374 0.187908 0.373074 0.180205 0.383754 0.175770 0.396884 0.174837 0.402661 0.174136 0.414916
1 0.245331 0.338936 0.247199 0.351190 0.251167 0.361520 0.254902 0.362570 0.257470 0.356092 0.261204 0.350140 0.267974 0.341562 0.272642 0.337535 0.278478 0.333158 0.290383 0.327381 0.297619 0.324930 0.310224 0.323004 0.312558 0.321429 0.314426 0.316702 0.316293 0.315826 0.317694 0.315651 0.321662 0.317402 0.323763 0.321078 0.325397 0.322304 0.343371 0.326681 0.358310 0.332808 0.364379 0.336660 0.369748 0.343838 0.373016 0.341562 0.376284 0.335259 0.373950 0.321078 0.368581 0.307073 0.359711 0.292017 0.353641 0.285889 0.345938 0.278887 0.338469 0.274335 0.325163 0.271183 0.310691 0.270308 0.300420 0.271008 0.289916 0.274160 0.280812 0.279237 0.264706 0.292717 0.258637 0.299195 0.254202 0.306723 0.247899 0.321078 0.245565 0.330532 0.245331 0.338936
1 0.056256 0.401436 0.060458 0.427346 0.067227 0.442402 0.074230 0.450980 0.087302 0.460959 0.092670 0.462710 0.098739 0.462185 0.116013 0.458333 0.130486 0.452206 0.147759 0.439251 0.151261 0.434874 0.160364 0.426646 0.166200 0.419468 0.172035 0.409489 0.175537 0.393908 0.177871 0.386905 0.183473 0.376576 0.183707 0.374475 0.183707 0.372899 0.181839 0.369923 0.165500 0.359594 0.153361 0.346464 0.144725 0.330532 0.140756 0.319853 0.137488 0.304447 0.137021 0.296569 0.134687 0.296043 0.129318 0.296569 0.111811 0.302696 0.101074 0.309874 0.084967 0.324930 0.073529 0.337710 0.067227 0.348915 0.063492 0.357843 0.056723 0.380077 0.056256 0.401436
1 0.640523 0.276261 0.643557 0.277836 0.647059 0.278186 0.650093 0.281863 0.654762 0.282388 0.674603 0.289041 0.687442 0.300945 0.695378 0.313550 0.704248 0.338936 0.706349 0.351190 0.715219 0.378852 0.716620 0.391282 0.716387 0.404762 0.714753 0.414216 0.715920 0.418592 0.717087 0.419468 0.730392 0.421043 0.743931 0.420868 0.751401 0.419818 0.763772 0.416842 0.776844 0.410539 0.784547 0.404937 0.789683 0.399860 0.790850 0.397584 0.790383 0.391282 0.785014 0.373599 0.783613 0.334909 0.780812 0.329132 0.766340 0.306548 0.753035 0.291842 0.748599 0.287465 0.740430 0.281863 0.727358 0.274860 0.720121 0.271884 0.699580 0.266282 0.692577 0.265406 0.688842 0.265756 0.676937 0.264881 0.665500 0.265231 0.653361 0.268032 0.644024 0.272584 0.640523 0.276261
1 0.520075 0.466912 0.522176 0.468137 0.533847 0.463585 0.547619 0.453081 0.557890 0.442577 0.558357 0.439076 0.554388 0.431548 0.545518 0.418242 0.543184 0.411415 0.539916 0.410014 0.525910 0.446078 0.521008 0.463410 0.520075 0.466912
1 0.511671 0.494223 0.512372 0.495098 0.518674 0.498249 0.524977 0.500000 0.546919 0.510854 0.562092 0.520658 0.581466 0.536590 0.582166 0.536239 0.581933 0.526611 0.577731 0.509804 0.577264 0.497899 0.579832 0.485469 0.586134 0.473039 0.585434 0.470413 0.577031 0.463235 0.560691 0.443627 0.556723 0.444853 0.547619 0.454132 0.535014 0.463235 0.520542 0.470238 0.515173 0.478116 0.511905 0.484769 0.511671 0.494223
1 0.703548 0.446078 0.704015 0.449580 0.715453 0.458683 0.732726 0.479167 0.741830 0.492472 0.752101 0.511555 0.755135 0.510154 0.760971 0.495623 0.768207 0.483718 0.774043 0.476190 0.782213 0.467962 0.798319 0.456408 0.798786 0.455357 0.799486 0.452906 0.797619 0.438901 0.795051 0.435749 0.794351 0.432773 0.789916 0.425245 0.783847 0.416842 0.780345 0.413340 0.779412 0.412465 0.775910 0.411765 0.766573 0.416317 0.749767 0.420693 0.738329 0.421744 0.717087 0.420693 0.715453 0.422269 0.713352 0.428746 0.705182 0.442752 0.703548 0.446078
1 0.930205 0.495273 0.931839 0.502101 0.945612 0.545343 0.947479 0.554972 0.949113 0.580007 0.951214 0.587885 0.966620 0.615721 0.969655 0.619048 0.972222 0.624300 0.980859 0.637080 0.987395 0.644083 0.994865 0.650035 0.999767 0.651085 0.999767 0.443452 0.994398 0.443627 0.984594 0.446429 0.976424 0.450280 0.969888 0.452381 0.964052 0.456758 0.953315 0.461660 0.946078 0.470763 0.942110 0.473915 0.932073 0.485469 0.930439 0.489321 0.930205 0.495273
1 0.922969 0.677696 0.928571 0.702031 0.935341 0.719188 0.944211 0.734769 0.953081 0.747024 0.966853 0.761730 0.971522 0.765056 0.975023 0.769083 0.985294 0.776261 0.988095 0.780112 0.993931 0.784314 0.998133 0.786590 0.999767 0.786590 0.999767 0.652836 0.997043 0.652019 0.988329 0.645483 0.979925 0.636730 0.959851 0.606443 0.956116 0.603466 0.952848 0.603116 0.946078 0.605217 0.944911 0.609419 0.935808 0.626576 0.928805 0.637080 0.925303 0.651786 0.923203 0.667192 0.922969 0.677696
1 0.902194 0.692752 0.893791 0.713410 0.881186 0.740896 0.871849 0.758053 0.867647 0.769083 0.860177 0.782213 0.853641 0.790791 0.848506 0.796744 0.838936 0.804972 0.834967 0.807248 0.835901 0.810574 0.840336 0.818452 0.854575 0.837010 0.867880 0.849790 0.891923 0.867297 0.899393 0.869398 0.911298 0.874650 0.921802 0.877451 0.941877 0.881478 0.956583 0.881303 0.964519 0.878326 0.971289 0.871674 0.978992 0.855742 0.980159 0.847689 0.982493 0.841562 0.986228 0.820203 0.987162 0.809349 0.987395 0.782563 0.985061 0.777661 0.975023 0.770133 0.970355 0.764881 0.960784 0.756478 0.951914 0.746674 0.943044 0.734594 0.930439 0.710084 0.924370 0.692577 0.921802 0.681197 0.917367 0.678746 0.911531 0.677171 0.907796 0.677171 0.905929 0.679447 0.902194 0.692752
1 0.754669 0.717262 0.757937 0.734069 0.763772 0.751576 0.768207 0.762080 0.772409 0.769433 0.782913 0.783263 0.794818 0.794643 0.807190 0.802696 0.817227 0.807073 0.825864 0.807948 0.831933 0.807248 0.834734 0.806197 0.845472 0.798845 0.858310 0.783964 0.883520 0.734244 0.895658 0.706933 0.902428 0.687500 0.905462 0.672969 0.904528 0.660364 0.901027 0.661415 0.894258 0.665966 0.879552 0.671569 0.863912 0.674895 0.855275 0.675420 0.846639 0.674020 0.843371 0.673144 0.840570 0.671394 0.827498 0.667542 0.819328 0.662990 0.806256 0.648634 0.801120 0.639881 0.794351 0.631127 0.789683 0.622899 0.786415 0.614496 0.782913 0.609944 0.778945 0.612570 0.770075 0.626576 0.763539 0.640581 0.757236 0.661590 0.753968 0.690126 0.754669 0.717262
1 0.654062 0.818102 0.657796 0.829307 0.660598 0.836310 0.662698 0.838410 0.663632 0.842087 0.672969 0.856268 0.678105 0.862745 0.681606 0.865371 0.685574 0.870623 0.691643 0.876576 0.696312 0.879727 0.699113 0.882703 0.713585 0.891282 0.724556 0.894608 0.733894 0.896359 0.749066 0.896709 0.755135 0.896183 0.769374 0.890231 0.783847 0.876926 0.789916 0.869398 0.793417 0.867822 0.812558 0.816001 0.813959 0.807073 0.809991 0.804097 0.805789 0.802521 0.797852 0.797444 0.782446 0.783263 0.776144 0.775560 0.767974 0.762430 0.761438 0.748249 0.756303 0.730742 0.753268 0.713761 0.752568 0.686275 0.750934 0.681898 0.748133 0.679797 0.744631 0.678571 0.740896 0.680147 0.739729 0.681373 0.738095 0.692052 0.734127 0.706057 0.719421 0.748074 0.714519 0.760504 0.710084 0.768908 0.703081 0.779412 0.693744 0.787815 0.685574 0.792717 0.677171 0.796394 0.661531 0.797619 0.655696 0.798845 0.653828 0.800245 0.652894 0.804272 0.654062 0.818102
1 0.496732 0.828782 0.499533 0.844888 0.508403 0.867997 0.514939 0.879552 0.522409 0.890406 0.535247 0.904237 0.546919 0.912465 0.553922 0.918768 0.573529 0.925245 0.584034 0.927171 0.591737 0.927171 0.598973 0.925770 0.606443 0.922794 0.612745 0.917017 0.617880 0.909314 0.628852 0.883929 0.632353 0.873074 0.639122 0.840511 0.646825 0.811450 0.648459 0.799895 0.647292 0.796394 0.626517 0.787290 0.619514 0.783263 0.601774 0.766807 0.593137 0.754902 0.585434 0.740721 0.581699 0.731092 0.580532 0.723214 0.576331 0.716211 0.568161 0.714461 0.564192 0.714461 0.560691 0.716036 0.559057 0.720763 0.556956 0.737920 0.554155 0.748074 0.547852 0.764881 0.541550 0.776786 0.535481 0.784314 0.524043 0.796218 0.512838 0.805672 0.499066 0.814251 0.496499 0.817752 0.496732 0.828782
1 0.357610 0.761730 0.349440 0.783438 0.339636 0.796218 0.330766 0.803046 0.315359 0.810224 0.314659 0.810749 0.314659 0.814076 0.336835 0.867472 0.342204 0.876751 0.348273 0.884454 0.358543 0.896008 0.369514 0.905462 0.375817 0.908789 0.387722 0.913340 0.390289 0.914041 0.400093 0.914041 0.414332 0.911064 0.419701 0.908964 0.429272 0.906688 0.431839 0.904587 0.437208 0.902486 0.444211 0.898284 0.464753 0.880952 0.471755 0.869748 0.478058 0.856268 0.482493 0.835784 0.482726 0.821078 0.480859 0.820203 0.476657 0.822304 0.455649 0.825280 0.436975 0.824755 0.431139 0.823880 0.423669 0.821429 0.416433 0.818277 0.412932 0.815826 0.408964 0.810574 0.403595 0.800070 0.397292 0.758929 0.395658 0.741071 0.393324 0.734244 0.392157 0.723739 0.389122 0.713060 0.387021 0.711660 0.377451 0.719363 0.369748 0.722864 0.362979 0.727591 0.357610 0.761730
1 0.113445 0.791141 0.113679 0.800245 0.112278 0.803746 0.110644 0.821779 0.110878 0.828081 0.113912 0.845588 0.118347 0.862045 0.122549 0.872549 0.134454 0.891106 0.146592 0.902661 0.150327 0.904937 0.154295 0.906338 0.158030 0.909489 0.167134 0.913690 0.175770 0.915791 0.185574 0.917192 0.199813 0.917542 0.214052 0.915616 0.220588 0.913866 0.226657 0.911239 0.232260 0.907738 0.238095 0.902136 0.251634 0.879902 0.256303 0.867297 0.261905 0.857493 0.273576 0.820903 0.275677 0.810399 0.272642 0.807423 0.268441 0.806723 0.261905 0.804272 0.243931 0.794293 0.229692 0.782738 0.223389 0.776261 0.215920 0.765756 0.206349 0.747899 0.202148 0.734244 0.199113 0.719888 0.198413 0.709559 0.195845 0.704657 0.192110 0.703957 0.181139 0.704832 0.154528 0.710959 0.135154 0.721989 0.126751 0.730392 0.118581 0.744923 0.114146 0.758578 0.111578 0.778887 0.113445 0.791141
1 0.197712 0.696604 0.200280 0.713235 0.200747 0.724615 0.206349 0.745448 0.209617 0.753326 0.216620 0.765756 0.223856 0.776085 0.230626 0.782913 0.244631 0.794293 0.252101 0.798669 0.265406 0.805147 0.275910 0.808648 0.290149 0.810749 0.310458 0.810924 0.327264 0.803746 0.332633 0.800420 0.338469 0.795518 0.346405 0.785714 0.352241 0.773810 0.355976 0.762780 0.358310 0.751926 0.360644 0.731268 0.359944 0.727591 0.359010 0.727066 0.352241 0.729867 0.345938 0.730917 0.337768 0.734769 0.320495 0.736695 0.316527 0.735644 0.312092 0.733193 0.302754 0.724440 0.295518 0.714636 0.286181 0.697829 0.277544 0.678746 0.269841 0.658263 0.260271 0.637430 0.253735 0.616422 0.251401 0.612745 0.247666 0.612745 0.231092 0.619048 0.216853 0.628326 0.209384 0.637955 0.206349 0.640581 0.203081 0.647059 0.199113 0.661415 0.198646 0.671919 0.197712 0.674895 0.197712 0.696604
1 0.391690 0.709734 0.392390 0.719888 0.396592 0.742297 0.403828 0.799720 0.408263 0.806197 0.410131 0.811450 0.415733 0.817927 0.418534 0.819503 0.432073 0.823880 0.452848 0.825280 0.460084 0.824930 0.476424 0.821078 0.484127 0.820203 0.499066 0.812850 0.508403 0.806723 0.512138 0.805147 0.522642 0.796744 0.529645 0.787990 0.535247 0.782913 0.540850 0.775910 0.546685 0.765406 0.555556 0.739146 0.557890 0.718312 0.557190 0.713585 0.554155 0.710959 0.544351 0.707283 0.539683 0.704482 0.531513 0.701155 0.523109 0.696254 0.498366 0.678922 0.492764 0.672794 0.476657 0.658088 0.459150 0.635679 0.453315 0.624300 0.449580 0.620098 0.446312 0.617997 0.442577 0.618697 0.439076 0.620623 0.436508 0.623249 0.431139 0.626401 0.426471 0.631828 0.425303 0.634629 0.422736 0.651436 0.416433 0.668943 0.406629 0.688375 0.392624 0.706758 0.391690 0.709734
1 0.152194 0.494748 0.153361 0.507003 0.156629 0.525910 0.158964 0.531688 0.159430 0.540266 0.165033 0.557423 0.171335 0.567752 0.175303 0.572304 0.185808 0.581758 0.195845 0.586660 0.198413 0.587010 0.212885 0.586485 0.227358 0.584034 0.233660 0.581408 0.242997 0.578782 0.246732 0.575980 0.253501 0.554097 0.264006 0.535189 0.273576 0.522409 0.283147 0.515231 0.286881 0.511380 0.291550 0.508578 0.293884 0.505077 0.286415 0.492997 0.280579 0.480742 0.267740 0.458508 0.257937 0.438200 0.250233 0.417542 0.246732 0.411064 0.245331 0.410539 0.233193 0.410889 0.224090 0.412465 0.216853 0.414566 0.192577 0.426821 0.180672 0.435574 0.168301 0.449055 0.163165 0.456232 0.154295 0.473564 0.152428 0.483718 0.152194 0.494748
1 0.425303 0.547444 0.427404 0.557423 0.436275 0.584909 0.445845 0.610644 0.450280 0.616772 0.460317 0.636204 0.466620 0.644958 0.469888 0.647934 0.472456 0.652311 0.477824 0.658438 0.485294 0.665966 0.492063 0.671394 0.499533 0.679622 0.518207 0.692927 0.532446 0.701155 0.547619 0.708158 0.567460 0.713410 0.575397 0.713936 0.584734 0.712010 0.588936 0.711835 0.602474 0.709034 0.609244 0.705707 0.617647 0.699230 0.624183 0.684174 0.626050 0.675945 0.626284 0.653711 0.619514 0.612570 0.613445 0.591912 0.607843 0.580882 0.601774 0.573354 0.595938 0.560749 0.588469 0.548845 0.578198 0.535364 0.572129 0.530287 0.568627 0.525910 0.564192 0.523810 0.546452 0.511204 0.526377 0.501401 0.511204 0.496499 0.503968 0.495448 0.500934 0.496324 0.490430 0.504202 0.478525 0.509979 0.470355 0.512780 0.467554 0.512780 0.455649 0.515406 0.447946 0.515756 0.439076 0.515056 0.435808 0.516457 0.429272 0.522584 0.426237 0.529412 0.425537 0.534489 0.425303 0.547444
0 0.540616 0.356092 0.542017 0.358894 0.540616 0.369573 0.543184 0.373074 0.544118 0.377276 0.544585 0.387605 0.543184 0.401611 0.546218 0.414741 0.548786 0.421218 0.553221 0.427346 0.566060 0.449230 0.577731 0.463060 0.584500 0.468838 0.594538 0.475840 0.598506 0.477591 0.624650 0.484769 0.634687 0.485119 0.646825 0.483018 0.654528 0.480217 0.659197 0.479342 0.671569 0.473214 0.685808 0.463235 0.691877 0.457283 0.700280 0.448529 0.704715 0.440651 0.706816 0.438550 0.710317 0.432248 0.714519 0.418592 0.714286 0.414741 0.716153 0.402836 0.714753 0.380252 0.706349 0.352766 0.701681 0.332108 0.698179 0.321078 0.691643 0.307948 0.686041 0.300070 0.679505 0.293067 0.665266 0.285714 0.648467 0.280040 0.648088 0.277386 0.644929 0.275586 0.641517 0.276344 0.640759 0.278239 0.636336 0.277955 0.632798 0.277860 0.630019 0.278186 0.623483 0.279062 0.605742 0.283789 0.597806 0.287465 0.594771 0.289916 0.591270 0.290791 0.588002 0.293417 0.583567 0.295518 0.570495 0.305847 0.562792 0.313025 0.550187 0.328782 0.543417 0.341912 0.541550 0.348389 0.540616 0.356092
0 0.785714 0.363445 0.786648 0.373950 0.787815 0.380077 0.794585 0.400735 0.806489 0.421919 0.820495 0.438725 0.825630 0.442752 0.827031 0.445903 0.838936 0.456408 0.856209 0.468838 0.869748 0.475840 0.889356 0.482493 0.897993 0.484244 0.921569 0.487220 0.925303 0.486169 0.929272 0.483368 0.931606 0.480392 0.942577 0.470763 0.950280 0.459734 0.954015 0.449930 0.958217 0.442752 0.962885 0.422444 0.964519 0.418592 0.964986 0.408789 0.963352 0.381828 0.958683 0.362045 0.947012 0.334909 0.931139 0.314426 0.923669 0.309174 0.915500 0.301471 0.901494 0.291317 0.890523 0.285539 0.886788 0.284664 0.883287 0.282213 0.876751 0.280112 0.866947 0.279062 0.850140 0.278711 0.842204 0.279237 0.833567 0.281688 0.825163 0.285889 0.819094 0.287640 0.811858 0.291842 0.803922 0.298845 0.798319 0.307073 0.791550 0.321429 0.788982 0.328081 0.785948 0.341387 0.785714 0.363445
0 0.137488 0.294468 0.138655 0.305322 0.140756 0.317577 0.145425 0.331057 0.153828 0.346639 0.166200 0.359944 0.178105 0.367297 0.189309 0.371324 0.200280 0.372024 0.213585 0.369398 0.218254 0.367122 0.229225 0.359244 0.237628 0.349440 0.242297 0.341211 0.243931 0.337010 0.245798 0.325105 0.249533 0.313901 0.256769 0.299195 0.261204 0.292892 0.264239 0.283088 0.265173 0.276961 0.264939 0.269083 0.262372 0.260329 0.259804 0.244748 0.254902 0.230742 0.251401 0.223564 0.246732 0.217612 0.232026 0.210259 0.229925 0.208333 0.220355 0.206933 0.213585 0.204832 0.204482 0.204657 0.196078 0.205357 0.182540 0.209909 0.174136 0.215511 0.165266 0.223214 0.154295 0.237220 0.143557 0.258403 0.140523 0.268732 0.137955 0.285014 0.137488 0.294468
1 0.698880 0.261905 0.700280 0.265581 0.702848 0.267157 0.720355 0.271884 0.728758 0.275210 0.732726 0.277136 0.749767 0.288866 0.757236 0.295868 0.766807 0.307073 0.775444 0.321254 0.779412 0.326155 0.782913 0.330007 0.786181 0.331232 0.791083 0.317052 0.793184 0.313550 0.792484 0.303221 0.798319 0.293067 0.802054 0.289041 0.806256 0.286415 0.807656 0.282913 0.795518 0.260504 0.783613 0.246148 0.774276 0.239846 0.765640 0.235644 0.753968 0.233193 0.743697 0.232843 0.737628 0.231793 0.729925 0.233543 0.719188 0.237745 0.710317 0.244748 0.704949 0.250700 0.702614 0.254727 0.698880 0.261905
1 0.738095 0.227241 0.741130 0.230917 0.744398 0.232143 0.748366 0.231968 0.757937 0.233193 0.766340 0.235644 0.775910 0.240721 0.787348 0.250350 0.797386 0.264006 0.805556 0.279412 0.803922 0.285014 0.800654 0.285189 0.799253 0.286239 0.800187 0.288690 0.807190 0.285364 0.834734 0.269083 0.838469 0.261380 0.841270 0.258053 0.847806 0.253151 0.851074 0.247374 0.855509 0.245273 0.860177 0.244748 0.858543 0.226366 0.856443 0.215686 0.852941 0.207108 0.845705 0.196078 0.830766 0.181898 0.821895 0.177346 0.813492 0.174195 0.808123 0.172969 0.800887 0.172094 0.792951 0.172094 0.786181 0.173144 0.772876 0.176996 0.762838 0.181723 0.751401 0.191877 0.743697 0.202206 0.740663 0.208859 0.738095 0.220063 0.738095 0.227241
1 0.116713 0.585434 0.119748 0.597864 0.122782 0.605042 0.132820 0.620448 0.153595 0.640756 0.160831 0.645308 0.189076 0.667717 0.196078 0.671394 0.197946 0.665616 0.198646 0.657738 0.202148 0.647059 0.213819 0.630077 0.216387 0.627451 0.220355 0.625700 0.226657 0.620448 0.238562 0.614671 0.247899 0.612045 0.250233 0.610469 0.250700 0.605917 0.248133 0.595413 0.247199 0.584734 0.245565 0.577906 0.244631 0.577206 0.242297 0.579482 0.227358 0.584559 0.212885 0.586835 0.204715 0.587535 0.195845 0.587010 0.188609 0.584034 0.177404 0.574930 0.170868 0.567752 0.166200 0.561099 0.161531 0.550070 0.158730 0.539916 0.158263 0.532913 0.156629 0.530287 0.154528 0.529062 0.143791 0.532738 0.138422 0.535714 0.132820 0.539916 0.126284 0.547269 0.119748 0.560749 0.116480 0.574930 0.116713 0.585434
1 0.858777 0.217262 0.859944 0.219888 0.860644 0.227066 0.861111 0.244748 0.864613 0.245798 0.869514 0.249125 0.889356 0.249125 0.895892 0.250175 0.906863 0.253852 0.911765 0.256127 0.914799 0.258578 0.919001 0.260154 0.926471 0.266106 0.942344 0.275210 0.946078 0.276611 0.947479 0.275910 0.948880 0.272409 0.947712 0.269958 0.945612 0.248599 0.947712 0.234419 0.954482 0.224615 0.961251 0.218838 0.970822 0.213060 0.973156 0.210259 0.970588 0.206408 0.960317 0.198529 0.948179 0.191527 0.929505 0.184524 0.912465 0.181548 0.900327 0.182248 0.889823 0.185049 0.887255 0.186800 0.879785 0.189776 0.872316 0.194328 0.863679 0.202906 0.859711 0.210434 0.858777 0.217262
1 0.947246 0.262080 0.952148 0.278887 0.957983 0.286590 0.963119 0.291492 0.966853 0.293067 0.970121 0.292542 0.973856 0.290791 0.975724 0.287640 0.990196 0.275735 0.992297 0.275035 0.994631 0.276085 0.997199 0.273284 0.999767 0.272584 0.999767 0.204132 0.988095 0.206232 0.979458 0.209034 0.973856 0.211485 0.957750 0.222164 0.952848 0.227066 0.948179 0.234069 0.946545 0.246324 0.947246 0.262080
1 0.968721 0.339461 0.970355 0.351015 0.975023 0.366071 0.978758 0.373074 0.991130 0.391807 0.998133 0.400035 0.999767 0.400035 0.999767 0.277836 0.997899 0.278011 0.992297 0.282038 0.988095 0.286415 0.985994 0.287465 0.985061 0.289916 0.982960 0.291842 0.982493 0.293768 0.978058 0.300245 0.977591 0.303571 0.972923 0.311975 0.968954 0.329132 0.968721 0.339461
1 0.834034 0.269958 0.834967 0.271008 0.843371 0.271008 0.857843 0.269608 0.871849 0.269958 0.883287 0.271183 0.907796 0.275560 0.918301 0.278536 0.935341 0.285539 0.942110 0.289916 0.945845 0.290966 0.953081 0.297444 0.956056 0.301296 0.963352 0.302346 0.963819 0.301996 0.964286 0.299895 0.961018 0.293242 0.956349 0.287465 0.951681 0.284139 0.949813 0.281688 0.928571 0.266807 0.914566 0.258053 0.901027 0.251926 0.895425 0.250350 0.890756 0.249475 0.867432 0.249970 0.862890 0.246790 0.856379 0.247358 0.851685 0.248266 0.850171 0.249742 0.851534 0.252808 0.842670 0.258053 0.834734 0.267507 0.834034 0.269958
1 0.794818 0.304272 0.792951 0.307073 0.793417 0.311800 0.794585 0.309349 0.796685 0.308298 0.798086 0.305147 0.804855 0.297444 0.813725 0.290791 0.825397 0.285014 0.831699 0.282738 0.851074 0.279062 0.866246 0.278711 0.879318 0.281338 0.888189 0.284839 0.905229 0.294118 0.916667 0.302521 0.925303 0.310574 0.929272 0.313025 0.941410 0.326155 0.950514 0.340161 0.960551 0.366422 0.963819 0.382178 0.965219 0.392857 0.965219 0.421744 0.966853 0.423144 0.969888 0.423669 0.978291 0.423669 0.994631 0.421744 0.998133 0.419993 0.999767 0.419993 0.999767 0.402136 0.997899 0.401961 0.992297 0.395133 0.978525 0.373950 0.974323 0.366422 0.969655 0.352416 0.967554 0.339986 0.967554 0.327731 0.970355 0.313901 0.966153 0.306898 0.963585 0.305147 0.959851 0.304797 0.956816 0.301646 0.943511 0.291667 0.939776 0.290616 0.936975 0.288515 0.935574 0.286239 0.932306 0.285714 0.928571 0.283088 0.916900 0.278186 0.896825 0.274685 0.890289 0.272584 0.869281 0.270133 0.850373 0.270483 0.831466 0.273634 0.820728 0.278186 0.802754 0.290266 0.800187 0.292717 0.795752 0.300595 0.794818 0.304272
1 0.611397 0.215347 0.611576 0.218434 0.616246 0.216211 0.629085 0.210434 0.633520 0.210084 0.640756 0.207983 0.649627 0.208158 0.654528 0.209734 0.661870 0.211320 0.671714 0.205950 0.676725 0.205145 0.679052 0.205414 0.679231 0.207427 0.672250 0.211186 0.667418 0.214139 0.672035 0.216912 0.675070 0.218312 0.684174 0.225840 0.687675 0.230217 0.693978 0.240896 0.695378 0.244573 0.696779 0.254902 0.695612 0.258578 0.696078 0.262080 0.697946 0.258929 0.699580 0.258053 0.704015 0.250700 0.715570 0.239758 0.723156 0.235644 0.735294 0.230917 0.735061 0.227066 0.732260 0.221814 0.724790 0.210959 0.718954 0.205182 0.705649 0.195728 0.697712 0.191702 0.687208 0.188375 0.675070 0.185574 0.662698 0.184349 0.655929 0.184699 0.640056 0.188725 0.637021 0.190651 0.632820 0.191702 0.626517 0.194853 0.620448 0.199755 0.615079 0.206408 0.613679 0.210259 0.611397 0.215347
1 0.382820 0.501576 0.384921 0.505252 0.391923 0.510154 0.402661 0.524860 0.406629 0.532563 0.412698 0.547969 0.417134 0.560924 0.418301 0.568627 0.421802 0.571078 0.428805 0.567927 0.428571 0.564076 0.424603 0.551471 0.423669 0.538340 0.426004 0.526611 0.433473 0.515581 0.429272 0.513655 0.411765 0.508929 0.390523 0.497899 0.387021 0.497549 0.383754 0.498249 0.383520 0.498950 0.382820 0.501576
1 0.424136 0.592262 0.426004 0.613971 0.425770 0.626751 0.428571 0.627976 0.438142 0.620273 0.446545 0.617472 0.447712 0.615896 0.447246 0.612745 0.430439 0.571254 0.428338 0.569503 0.422736 0.571078 0.421102 0.573354 0.424136 0.592262
1 0.622782 0.618697 0.628151 0.662990 0.627918 0.672269 0.625117 0.685399 0.619281 0.698880 0.612745 0.704657 0.608543 0.707458 0.600840 0.710609 0.595472 0.712360 0.584967 0.713761 0.582400 0.715161 0.580999 0.716737 0.581699 0.726716 0.584500 0.736870 0.591270 0.751576 0.598273 0.762255 0.611578 0.776436 0.625817 0.786765 0.640990 0.793417 0.654295 0.797269 0.665500 0.797619 0.678571 0.795168 0.686741 0.791842 0.693978 0.786940 0.703782 0.777486 0.713585 0.760504 0.724556 0.731618 0.736461 0.692052 0.738095 0.676296 0.736461 0.654412 0.734360 0.647759 0.733427 0.647409 0.730626 0.647409 0.727358 0.650385 0.720121 0.653361 0.704482 0.657913 0.699346 0.657738 0.694911 0.656688 0.688375 0.653711 0.681839 0.651786 0.667134 0.643732 0.655462 0.635154 0.642157 0.622724 0.630019 0.608368 0.627451 0.607668 0.626984 0.605917 0.626050 0.605742 0.622782 0.618697