0 0.774102 0.282551 0.782995 0.307364 0.789399 0.320704 0.793312 0.346585 0.800071 0.363394 0.813945 0.375934 0.824262 0.382337 0.834578 0.386873 0.852366 0.390075 0.858769 0.392743 0.890075 0.389541 0.921736 0.379402 0.935966 0.371131 0.950907 0.364194 0.966916 0.352188 0.979011 0.340181 0.988260 0.327375 0.993597 0.317503 0.997154 0.286019 0.999644 0.281217 0.999644 0.217182 0.997154 0.213981 0.995731 0.204642 0.986482 0.181964 0.982568 0.178762 0.978300 0.172625 0.972608 0.168090 0.960512 0.161419 0.945927 0.157684 0.942369 0.155550 0.925649 0.153682 0.907506 0.155016 0.877268 0.161419 0.872999 0.161153 0.852721 0.168090 0.849520 0.171291 0.845251 0.170224 0.832444 0.177428 0.801494 0.202775 0.786553 0.220384 0.786197 0.223586 0.781572 0.230523 0.774102 0.267343 0.774102 0.282551
0 0.443614 0.149413 0.445749 0.161419 0.453931 0.185165 0.461757 0.201441 0.474208 0.220384 0.487727 0.237460 0.500178 0.250800 0.516186 0.262540 0.540021 0.271878 0.543223 0.274280 0.560655 0.281483 0.577375 0.283351 0.589826 0.283351 0.616507 0.277481 0.623977 0.271078 0.636073 0.247332 0.637496 0.230523 0.635717 0.216382 0.631092 0.195571 0.620064 0.165955 0.600854 0.136606 0.588047 0.122999 0.553895 0.097118 0.546425 0.093383 0.525792 0.085646 0.505158 0.082978 0.490928 0.082711 0.475631 0.086179 0.467094 0.090448 0.459979 0.097118 0.452152 0.106990 0.446816 0.119797 0.443614 0.133138 0.443614 0.149413
0 0.408040 0.401281 0.416933 0.416222 0.424404 0.425827 0.438278 0.439701 0.477410 0.469584 0.504803 0.482657 0.538954 0.492796 0.552828 0.494397 0.567769 0.494130 0.582355 0.489061 0.592316 0.480790 0.597652 0.478122 0.604055 0.471985 0.609036 0.464248 0.611526 0.457311 0.612949 0.441302 0.613305 0.397012 0.609392 0.348453 0.602277 0.320704 0.589114 0.300961 0.574884 0.286019 0.559943 0.283351 0.552472 0.279082 0.528993 0.270277 0.509427 0.260406 0.498043 0.251334 0.493774 0.250800 0.488083 0.252134 0.480256 0.255069 0.473853 0.259072 0.452864 0.280950 0.445749 0.290822 0.436499 0.307097 0.431519 0.320704 0.429385 0.332978 0.412309 0.369530 0.407328 0.391409 0.408040 0.401281
0 0.181430 0.421291 0.184276 0.435699 0.191391 0.456510 0.209890 0.483725 0.224475 0.498132 0.244041 0.513874 0.254358 0.519477 0.263252 0.522145 0.268588 0.525080 0.280683 0.528282 0.302028 0.530416 0.321594 0.526948 0.329420 0.524280 0.338314 0.520544 0.348630 0.512540 0.360726 0.498666 0.366418 0.486660 0.371754 0.457577 0.371042 0.438100 0.363927 0.414888 0.350409 0.384739 0.338670 0.367396 0.330843 0.358324 0.310210 0.341782 0.301316 0.339381 0.279260 0.336713 0.247243 0.340181 0.241551 0.341782 0.237282 0.344450 0.229811 0.345784 0.213447 0.355656 0.205621 0.365795 0.200640 0.369797 0.191391 0.383671 0.182853 0.404749 0.181430 0.421291
0 0.220918 0.775880 0.220918 0.791089 0.225187 0.823906 0.236215 0.859392 0.247243 0.880470 0.251868 0.893276 0.259694 0.901547 0.265386 0.909819 0.282462 0.922092 0.295624 0.926361 0.306652 0.927962 0.313767 0.927428 0.323728 0.924493 0.358591 0.909018 0.371042 0.900747 0.383138 0.886606 0.398435 0.859392 0.404838 0.838847 0.406261 0.806297 0.398790 0.752668 0.395233 0.737460 0.387051 0.718250 0.379936 0.688901 0.369975 0.675027 0.362504 0.669691 0.339233 0.663463 0.337956 0.656283 0.331891 0.653651 0.329338 0.655326 0.329018 0.658677 0.327103 0.662985 0.316613 0.664888 0.303095 0.666489 0.292067 0.670491 0.267876 0.687834 0.250800 0.705710 0.244753 0.716382 0.234080 0.730790 0.222697 0.763874 0.220918 0.775880
1 0.555318 0.601121 0.549982 0.611793 0.530060 0.640342 0.530416 0.658485 0.532906 0.675827 0.541444 0.706777 0.547848 0.720117 0.561010 0.741195 0.573817 0.756937 0.590537 0.772679 0.605834 0.782818 0.635005 0.791622 0.661686 0.792956 0.688723 0.791089 0.703308 0.782551 0.716471 0.768943 0.724297 0.758538 0.730701 0.739061 0.734970 0.718250 0.739950 0.660352 0.737816 0.646478 0.728211 0.625400 0.720028 0.613127 0.713625 0.609658 0.704020 0.609658 0.681252 0.612060 0.663465 0.609392 0.648879 0.604589 0.629669 0.594184 0.610103 0.577375 0.593739 0.565101 0.588047 0.562166 0.584845 0.562166 0.572038 0.565902 0.567769 0.570971 0.563856 0.572839 0.555318 0.601121
1 0.298115 0.310832 0.303806 0.328175 0.309498 0.338047 0.324795 0.348986 0.341515 0.366329 0.349342 0.372732 0.376023 0.387140 0.397367 0.394877 0.404127 0.394877 0.408751 0.380203 0.410530 0.367396 0.427250 0.332444 0.434365 0.308431 0.441480 0.294824 0.452508 0.279082 0.462113 0.268943 0.466738 0.262006 0.466026 0.255336 0.459979 0.248399 0.438634 0.236126 0.429029 0.231857 0.408040 0.226788 0.374956 0.225187 0.369975 0.227588 0.358236 0.229989 0.345784 0.234258 0.341515 0.237193 0.333333 0.240128 0.327997 0.243863 0.307008 0.265475 0.300249 0.279349 0.297403 0.290555 0.298115 0.310832
1 0.032373 0.401547 0.036286 0.414888 0.041622 0.421825 0.044824 0.423159 0.046958 0.422359 0.048381 0.418090 0.048381 0.404216 0.053006 0.398879 0.071861 0.386073 0.077908 0.383938 0.087158 0.378335 0.102810 0.372465 0.130203 0.368196 0.157595 0.369264 0.161864 0.363927 0.173959 0.353789 0.185699 0.347652 0.188189 0.342049 0.194237 0.339114 0.197083 0.332177 0.199573 0.314301 0.199217 0.306030 0.197083 0.299360 0.190679 0.288420 0.174315 0.274013 0.168979 0.271878 0.150836 0.268410 0.137318 0.268410 0.128068 0.270011 0.105301 0.278015 0.081110 0.293490 0.067236 0.307097 0.060477 0.317503 0.043045 0.359125 0.032729 0.389274 0.032373 0.401547
1 0.048381 0.422892 0.046603 0.429296 0.049804 0.444237 0.066524 0.468250 0.084312 0.485059 0.101743 0.498132 0.113127 0.505069 0.122021 0.508805 0.158307 0.519744 0.171469 0.521878 0.173959 0.521078 0.175738 0.518943 0.169691 0.508538 0.161508 0.498933 0.154749 0.486126 0.151903 0.477054 0.149769 0.461846 0.147990 0.421825 0.150125 0.398079 0.156172 0.377001 0.155461 0.371665 0.151192 0.369797 0.134116 0.368997 0.100676 0.373799 0.087869 0.378869 0.064390 0.392209 0.052650 0.401014 0.048737 0.410352 0.048381 0.422892
1 0.364995 0.506137 0.367485 0.520544 0.370331 0.532818 0.378157 0.554963 0.385984 0.570971 0.405194 0.598186 0.414443 0.615261 0.433654 0.645678 0.448239 0.658218 0.458911 0.664621 0.463536 0.666222 0.478477 0.667022 0.498399 0.660352 0.520811 0.644610 0.532906 0.633138 0.545713 0.616062 0.558876 0.584578 0.559943 0.561633 0.558520 0.550160 0.553895 0.538954 0.548559 0.518677 0.537531 0.495731 0.532906 0.493330 0.520100 0.490128 0.514052 0.486926 0.502668 0.483458 0.475631 0.470918 0.450374 0.451174 0.445037 0.448239 0.428317 0.433298 0.423337 0.429829 0.420135 0.429296 0.411242 0.431697 0.397367 0.438901 0.383493 0.450907 0.375311 0.466649 0.365350 0.498933 0.364995 0.506137
1 0.558164 0.508271 0.566702 0.528282 0.599431 0.567236 0.630381 0.592850 0.654216 0.605390 0.674493 0.610192 0.689434 0.610192 0.712914 0.606457 0.727855 0.599253 0.734258 0.593383 0.748132 0.584845 0.755959 0.577908 0.763785 0.568036 0.769833 0.556564 0.771256 0.549893 0.781928 0.533885 0.783351 0.529616 0.784418 0.507737 0.780149 0.494664 0.772323 0.486660 0.763074 0.470918 0.754891 0.461580 0.736748 0.443170 0.694059 0.415155 0.678051 0.406884 0.658485 0.402081 0.639986 0.402348 0.630025 0.404749 0.615795 0.411153 0.614728 0.414621 0.615084 0.449573 0.612949 0.462914 0.608680 0.470117 0.601921 0.477855 0.582355 0.491729 0.562789 0.496798 0.557453 0.500000 0.558164 0.508271
0 0.813945 0.505603 0.821772 0.554162 0.833511 0.589648 0.840270 0.603789 0.846318 0.611526 0.858413 0.624600 0.876556 0.639274 0.889719 0.645678 0.923871 0.658751 0.928495 0.659819 0.943081 0.659285 0.950196 0.657951 0.963358 0.653415 0.977944 0.644077 0.988260 0.630203 0.999644 0.599520 0.999644 0.537086 0.986482 0.508538 0.970473 0.486660 0.963002 0.479189 0.959445 0.477855 0.948417 0.469050 0.942725 0.466115 0.897190 0.458645 0.870153 0.446905 0.851654 0.447172 0.835290 0.451441 0.826041 0.457844 0.818214 0.465582 0.815368 0.469851 0.813945 0.475720 0.813945 0.505603
0 0.739239 0.720651 0.741729 0.724386 0.743863 0.733191 0.755247 0.747599 0.758449 0.754269 0.762006 0.754803 0.767698 0.761206 0.786197 0.774813 0.821060 0.792156 0.835646 0.796158 0.847030 0.798292 0.872999 0.800694 0.898968 0.797759 0.911064 0.793490 0.918179 0.786019 0.925649 0.769744 0.930630 0.740928 0.927784 0.720651 0.921025 0.689168 0.911775 0.668090 0.901459 0.654216 0.893988 0.649680 0.887229 0.647812 0.877268 0.643010 0.865884 0.635005 0.861259 0.634472 0.826396 0.620598 0.815724 0.614995 0.794379 0.608858 0.782995 0.608858 0.769833 0.611793 0.748488 0.622999 0.742796 0.633671 0.743508 0.638207 0.740662 0.641942 0.739239 0.720651
1 0.695838 0.808698 0.693703 0.823372 0.697617 0.835379 0.709356 0.859392 0.727143 0.881804 0.738883 0.891142 0.758449 0.902882 0.781928 0.911953 0.792600 0.913821 0.803984 0.913554 0.812878 0.911419 0.817503 0.909018 0.832088 0.897545 0.842049 0.883138 0.849164 0.869797 0.858769 0.834045 0.864105 0.821772 0.866596 0.809765 0.866240 0.802828 0.862682 0.800160 0.844895 0.799093 0.821416 0.794290 0.808253 0.786286 0.782640 0.774013 0.766987 0.762273 0.753113 0.748132 0.748488 0.740662 0.741729 0.733458 0.738527 0.722785 0.734614 0.730523 0.728211 0.754536 0.724653 0.761740 0.707577 0.781483 0.697261 0.789755 0.696194 0.793223 0.695838 0.808698
1 0.383493 0.696105 0.386695 0.709979 0.398790 0.744664 0.406261 0.789755 0.414443 0.800160 0.436855 0.812967 0.463180 0.819904 0.475631 0.819904 0.484169 0.818303 0.504803 0.810832 0.523301 0.798559 0.535397 0.786553 0.543935 0.768677 0.546781 0.751067 0.545358 0.730256 0.532906 0.688634 0.516186 0.663821 0.511562 0.659819 0.505158 0.657684 0.493419 0.663821 0.480256 0.668356 0.466382 0.668356 0.453219 0.663554 0.432231 0.648346 0.424760 0.649146 0.421558 0.649947 0.403415 0.662220 0.390253 0.675560 0.383493 0.686499 0.383493 0.696105
1 0.532551 0.850053 0.536108 0.863927 0.546425 0.885272 0.563501 0.905016 0.574173 0.911953 0.588403 0.919157 0.608324 0.922892 0.623621 0.921825 0.631448 0.919424 0.643899 0.913554 0.668445 0.887940 0.683031 0.856990 0.686944 0.842316 0.692636 0.808698 0.691925 0.793223 0.688011 0.792156 0.673070 0.794557 0.654571 0.795091 0.630736 0.791889 0.611170 0.786019 0.590537 0.774546 0.570260 0.755336 0.567769 0.751334 0.563856 0.748933 0.560299 0.751868 0.552472 0.768410 0.543223 0.780683 0.534685 0.804696 0.531483 0.821772 0.532551 0.850053
1 0.865528 0.825240 0.872999 0.850053 0.886873 0.880736 0.897190 0.897279 0.912842 0.911686 0.918179 0.914888 0.929207 0.918356 0.950196 0.920224 0.976877 0.917823 0.989328 0.914354 0.999644 0.908751 0.999644 0.786286 0.987549 0.781483 0.969406 0.770277 0.963714 0.764141 0.944148 0.748132 0.942725 0.744397 0.935610 0.739594 0.932408 0.744130 0.928495 0.768677 0.921025 0.785486 0.916400 0.792423 0.912842 0.796158 0.902704 0.799360 0.890075 0.801761 0.871932 0.803362 0.869441 0.807898 0.865884 0.822038 0.865528 0.825240
1 0.914621 0.668356 0.920313 0.679296 0.923515 0.688901 0.932408 0.732924 0.942014 0.741195 0.953397 0.754803 0.969762 0.768943 0.986837 0.779616 0.999644 0.784418 0.999644 0.612593 0.997866 0.612860 0.989683 0.631003 0.982568 0.641409 0.977944 0.645945 0.963002 0.655016 0.949840 0.659552 0.939879 0.661153 0.930630 0.661419 0.915333 0.657951 0.914621 0.668356
1 0.669868 0.343116 0.665955 0.355656 0.666667 0.369797 0.671291 0.382070 0.678762 0.395144 0.691213 0.408218 0.709000 0.422359 0.744219 0.444237 0.771612 0.448506 0.781928 0.448773 0.810744 0.445838 0.834223 0.432764 0.848097 0.418356 0.853789 0.404749 0.854500 0.393810 0.852366 0.391942 0.834578 0.388207 0.826396 0.385005 0.813115 0.376912 0.799360 0.364728 0.795802 0.358858 0.791533 0.346852 0.787620 0.321772 0.782640 0.313234 0.779082 0.311633 0.768410 0.309498 0.754891 0.308431 0.748132 0.310299 0.734970 0.317769 0.728922 0.324173 0.699751 0.337247 0.695838 0.336980 0.691925 0.338314 0.683031 0.336980 0.667734 0.338314 0.669868 0.343116
1 0.851654 0.421825 0.858769 0.431964 0.868730 0.442903 0.889363 0.453842 0.907862 0.458911 0.933831 0.462914 0.946282 0.462647 0.966560 0.459712 0.985059 0.451441 0.999644 0.442903 0.999644 0.318036 0.994308 0.318303 0.986482 0.333511 0.974742 0.347385 0.961224 0.358324 0.948417 0.366596 0.920669 0.380736 0.903949 0.386606 0.873355 0.393010 0.859125 0.393810 0.856990 0.396745 0.855923 0.407150 0.851654 0.414888 0.851654 0.421825
1 0.622554 0.168623 0.632159 0.192903 0.638207 0.219317 0.638919 0.241462 0.637851 0.248399 0.626823 0.269210 0.622199 0.275080 0.608680 0.282818 0.610459 0.295624 0.619708 0.306030 0.627890 0.312433 0.633582 0.319637 0.641053 0.324707 0.650658 0.328442 0.654571 0.331110 0.670936 0.334845 0.702597 0.333511 0.713269 0.329776 0.723942 0.324440 0.733547 0.316169 0.742440 0.310566 0.758449 0.295624 0.769477 0.279349 0.770900 0.265475 0.772679 0.262273 0.774457 0.251601 0.776592 0.230790 0.770900 0.202775 0.766987 0.192369 0.763429 0.175560 0.760228 0.168356 0.742796 0.137140 0.732835 0.126467 0.727499 0.122732 0.720384 0.120331 0.703664 0.118730 0.686233 0.119530 0.675205 0.121665 0.647456 0.133138 0.628246 0.147545 0.623266 0.152348 0.621487 0.157150 0.622554 0.168623
1 0.161508 0.634739 0.165777 0.649680 0.180719 0.679829 0.199573 0.693970 0.213803 0.700374 0.223052 0.701974 0.230879 0.704642 0.244753 0.704109 0.253291 0.699573 0.269299 0.683831 0.290644 0.668090 0.297047 0.664888 0.313767 0.661953 0.321949 0.653949 0.331910 0.637940 0.340804 0.616062 0.346852 0.586179 0.347207 0.571238 0.343294 0.550427 0.335824 0.529082 0.331555 0.526147 0.299182 0.532551 0.283529 0.530149 0.269655 0.526948 0.262896 0.523479 0.250800 0.519744 0.234080 0.507204 0.227321 0.503469 0.223764 0.503735 0.202419 0.516009 0.181074 0.536286 0.169691 0.554162 0.161508 0.580843 0.161508 0.634739
1 0.190679 0.855923 0.195660 0.874333 0.205621 0.896745 0.216649 0.916222 0.231234 0.933565 0.252223 0.945838 0.271078 0.953575 0.286019 0.956777 0.313412 0.958111 0.349698 0.958111 0.403415 0.954376 0.421558 0.950640 0.436499 0.946105 0.450018 0.938100 0.456421 0.932231 0.459979 0.926894 0.465315 0.914621 0.466738 0.897279 0.464603 0.869530 0.461757 0.859392 0.446460 0.836980 0.432942 0.824707 0.418712 0.816435 0.411242 0.810566 0.407684 0.811099 0.409107 0.824973 0.405905 0.845518 0.398435 0.862593 0.380292 0.893010 0.366062 0.907684 0.352188 0.915155 0.338314 0.921825 0.335112 0.922092 0.329064 0.925827 0.321594 0.928228 0.314123 0.928228 0.310921 0.929296 0.299893 0.928228 0.292423 0.926361 0.282818 0.923426 0.278549 0.921025 0.264319 0.910085 0.249733 0.891409 0.230523 0.848453 0.223052 0.818036 0.220206 0.792423 0.218072 0.788420 0.218428 0.781483 0.217360 0.779349 0.206332 0.775080 0.204198 0.775880 0.204909 0.779082 0.208467 0.782017 0.211313 0.787086 0.195660 0.812967 0.191747 0.822038 0.189968 0.831644 0.190679 0.855923
1 0.233013 0.301761 0.235859 0.317769 0.243686 0.338581 0.251512 0.338314 0.260050 0.335912 0.278549 0.335112 0.297047 0.337247 0.300249 0.338581 0.307008 0.338581 0.296692 0.311099 0.295624 0.291622 0.298826 0.279349 0.306297 0.264408 0.319815 0.249200 0.329064 0.241195 0.327286 0.240395 0.324440 0.235326 0.303451 0.225187 0.300249 0.225187 0.270366 0.237460 0.257204 0.247332 0.246887 0.257737 0.237638 0.272946 0.233013 0.288954 0.233013 0.301761
1 0.329064 0.139274 0.333689 0.171825 0.343650 0.199039 0.355034 0.212647 0.362860 0.217449 0.374600 0.222519 0.382782 0.223853 0.408040 0.223853 0.421914 0.221985 0.451085 0.208645 0.456777 0.203308 0.458911 0.199039 0.447172 0.171291 0.442547 0.153682 0.441836 0.141942 0.444326 0.122999 0.451085 0.106457 0.461046 0.093917 0.473853 0.085379 0.487727 0.082444 0.489861 0.081377 0.490217 0.079776 0.487727 0.067236 0.484169 0.057631 0.472785 0.042956 0.463180 0.036553 0.454287 0.032551 0.434009 0.027748 0.410530 0.028282 0.389897 0.035219 0.366062 0.049626 0.350409 0.064301 0.335824 0.082978 0.329064 0.106190 0.329064 0.139274
1 0.251512 0.157684 0.253291 0.165688 0.265386 0.187033 0.286375 0.209178 0.308787 0.225454 0.330843 0.236926 0.338670 0.236660 0.349342 0.230790 0.366062 0.225987 0.368552 0.224386 0.369264 0.223853 0.366773 0.220384 0.362860 0.219050 0.351121 0.209979 0.344717 0.201441 0.337247 0.186499 0.330487 0.163020 0.327997 0.145411 0.327286 0.110459 0.334401 0.082711 0.340448 0.074707 0.339381 0.071238 0.326930 0.068570 0.313056 0.069904 0.293134 0.076307 0.279972 0.082978 0.264319 0.098186 0.256492 0.110459 0.252579 0.112860 0.250089 0.130203 0.251512 0.157684
1 0.215226 0.168890 0.216649 0.182764 0.231590 0.216649 0.236571 0.232657 0.248310 0.245197 0.251512 0.247599 0.254714 0.247332 0.267520 0.237994 0.288154 0.228122 0.297403 0.220384 0.295269 0.217182 0.274280 0.198239 0.264674 0.187033 0.258983 0.178495 0.252579 0.164888 0.250445 0.157684 0.249022 0.129402 0.252579 0.116329 0.259694 0.102455 0.258983 0.101654 0.244397 0.109925 0.230167 0.122999 0.222341 0.133404 0.216293 0.154749 0.215226 0.168890
1 0.508360 0.081644 0.522590 0.083778 0.533974 0.086980 0.548559 0.093116 0.570971 0.107524 0.583778 0.093917 0.596229 0.084578 0.599787 0.080576 0.614016 0.070971 0.626467 0.064301 0.626467 0.060566 0.612593 0.046958 0.607257 0.042956 0.594450 0.036286 0.577375 0.031750 0.565635 0.030683 0.553184 0.030950 0.544290 0.032818 0.536464 0.036019 0.525080 0.043223 0.514763 0.056830 0.508004 0.075774 0.508360 0.081644
1 0.574529 0.109392 0.576663 0.112593 0.599431 0.132070 0.609036 0.146211 0.616151 0.153949 0.627535 0.144877 0.646389 0.132337 0.680185 0.117396 0.683031 0.106724 0.683742 0.090982 0.682319 0.082177 0.679118 0.074440 0.673070 0.067503 0.661330 0.058431 0.654927 0.060566 0.644255 0.060032 0.631092 0.063234 0.618641 0.069104 0.603700 0.078709 0.595518 0.086713 0.587691 0.092049 0.574884 0.105923 0.574529 0.109392
1 0.734258 0.122999 0.734970 0.126734 0.741017 0.132337 0.746354 0.140075 0.764497 0.173693 0.767698 0.189701 0.772323 0.200907 0.781572 0.204376 0.789755 0.209979 0.792956 0.209178 0.824262 0.181430 0.845607 0.157150 0.849520 0.147812 0.846318 0.140342 0.839203 0.132604 0.823195 0.122199 0.810744 0.115795 0.790466 0.109925 0.781928 0.109125 0.755247 0.111259 0.744219 0.114728 0.735681 0.120331 0.734258 0.122999
1 0.909285 0.119797 0.911419 0.122999 0.936322 0.124066 0.952330 0.127801 0.962291 0.132337 0.973675 0.141409 0.985059 0.158485 0.989328 0.168356 0.991106 0.178495 0.994664 0.185699 0.996798 0.185966 0.998221 0.188901 0.999644 0.188901 0.999644 0.044023 0.983636 0.043757 0.966204 0.046958 0.939523 0.062166 0.925649 0.074707 0.919957 0.087513 0.912487 0.098986 0.909641 0.110993 0.909285 0.119797
1 0.832800 0.175560 0.834934 0.176628 0.841338 0.172892 0.855567 0.168356 0.864461 0.163821 0.876201 0.160352 0.886162 0.159552 0.907506 0.154749 0.924582 0.153148 0.948417 0.156350 0.970829 0.166756 0.983991 0.177962 0.986837 0.175560 0.987549 0.169424 0.986837 0.164354 0.981857 0.153949 0.962647 0.133671 0.954465 0.129402 0.944504 0.126201 0.917111 0.124066 0.907862 0.124600 0.882248 0.133138 0.876201 0.135272 0.861259 0.143543 0.852010 0.150747 0.848097 0.157417 0.833867 0.172092 0.832800 0.175560
1 0.747065 0.453042 0.763429 0.469584 0.769477 0.481057 0.780149 0.493330 0.785841 0.511473 0.784063 0.531217 0.773035 0.549360 0.764852 0.568570 0.758449 0.575774 0.755959 0.581377 0.759160 0.584312 0.766275 0.586980 0.784774 0.587513 0.804340 0.582177 0.818214 0.574707 0.822483 0.569904 0.822483 0.563767 0.816080 0.533351 0.811811 0.496265 0.812166 0.472519 0.817960 0.464697 0.825679 0.457101 0.825679 0.452218 0.823749 0.449686 0.818201 0.448239 0.811206 0.447335 0.806475 0.447705 0.793312 0.449573 0.772679 0.449306 0.747777 0.446105 0.744931 0.448506 0.747065 0.453042
1 0.348630 0.591249 0.345073 0.602988 0.344006 0.612060 0.337602 0.630470 0.325863 0.651814 0.318748 0.661419 0.323017 0.662220 0.328709 0.660085 0.334401 0.662220 0.342938 0.661953 0.351476 0.663821 0.366773 0.671025 0.379936 0.684365 0.401992 0.661419 0.415866 0.652615 0.418712 0.649680 0.428317 0.646211 0.430096 0.644077 0.403771 0.598453 0.390964 0.583778 0.372110 0.581377 0.352188 0.575240 0.349342 0.577908 0.348630 0.591249
1 0.199573 0.295091 0.202775 0.313234 0.202419 0.341515 0.216293 0.342583 0.224831 0.344450 0.230523 0.343650 0.240840 0.338314 0.241195 0.335379 0.233013 0.309498 0.233013 0.283618 0.235148 0.276147 0.240484 0.266275 0.250800 0.251601 0.249733 0.248132 0.237638 0.235859 0.234080 0.236126 0.222697 0.240395 0.209890 0.252401 0.202419 0.270277 0.199929 0.284418 0.199573 0.295091
1 0.195304 0.193703 0.197439 0.206243 0.199573 0.211846 0.209178 0.227321 0.220562 0.237994 0.224475 0.238260 0.230167 0.236926 0.236215 0.234258 0.235859 0.230790 0.230879 0.216115 0.215937 0.184098 0.215226 0.155016 0.222697 0.133671 0.220918 0.132070 0.217360 0.133138 0.212736 0.136606 0.202775 0.151014 0.195660 0.184098 0.195304 0.193703
1 0.579153 0.286286 0.579153 0.289755 0.593383 0.304696 0.602988 0.318837 0.610103 0.346051 0.612238 0.377535 0.612949 0.379402 0.616151 0.380736 0.630025 0.370331 0.639986 0.358591 0.651370 0.338314 0.652437 0.331910 0.636784 0.323639 0.631448 0.319370 0.627535 0.314034 0.618285 0.307364 0.610815 0.299360 0.602988 0.284418 0.581288 0.285752 0.579153 0.286286