1 0.000000 0.038866 0.000000 0.213235 0.001867 0.213410 0.008637 0.212535 0.017507 0.209209 0.043417 0.194853 0.060924 0.181723 0.070495 0.173319 0.085201 0.153186 0.090570 0.144083 0.092437 0.139006 0.096172 0.116597 0.099440 0.104167 0.099206 0.098564 0.097339 0.091562 0.090103 0.076506 0.086368 0.070728 0.082400 0.067227 0.073996 0.057073 0.053455 0.044118 0.042484 0.039741 0.036181 0.037990 0.026377 0.036590 0.023109 0.036940 0.011905 0.036064 0.004435 0.036940 0.000000 0.038866
1 0.001634 0.240371 0.000000 0.240371 0.000000 0.290266 0.002101 0.291317 0.003968 0.296569 0.004435 0.303396 0.007236 0.307248 0.008170 0.311099 0.017507 0.317752 0.021709 0.322304 0.026844 0.325630 0.032446 0.327731 0.046452 0.335959 0.055089 0.339461 0.064192 0.341737 0.068861 0.340161 0.077965 0.333333 0.107143 0.322654 0.119748 0.320903 0.130719 0.320553 0.140990 0.321078 0.152428 0.324405 0.171802 0.333333 0.181373 0.335434 0.185808 0.338060 0.186741 0.334734 0.185574 0.333158 0.183940 0.333333 0.181839 0.331801 0.181606 0.327731 0.173203 0.321604 0.161064 0.308999 0.156162 0.297269 0.154995 0.289741 0.155929 0.276436 0.162932 0.259279 0.166200 0.254902 0.166900 0.251401 0.165033 0.249825 0.160831 0.248074 0.147526 0.244923 0.137488 0.241246 0.126751 0.239146 0.114146 0.238095 0.105509 0.235994 0.088002 0.233718 0.062092 0.231443 0.050654 0.228817 0.036415 0.228641 0.022409 0.229517 0.007937 0.235994 0.001634 0.240371
0 0.155462 0.290266 0.156396 0.294993 0.157796 0.300945 0.161298 0.308648 0.167834 0.316176 0.175303 0.322479 0.182540 0.327206 0.200747 0.334559 0.213585 0.337710 0.223389 0.338235 0.233427 0.339811 0.242297 0.339986 0.255602 0.339111 0.263772 0.337710 0.269141 0.337535 0.303922 0.327206 0.319094 0.318627 0.330299 0.308824 0.333333 0.307073 0.346405 0.290266 0.353408 0.275910 0.354809 0.269258 0.355042 0.262080 0.352941 0.254202 0.343371 0.237570 0.330532 0.223915 0.322362 0.219363 0.317694 0.216912 0.306956 0.213235 0.297386 0.211310 0.286648 0.210259 0.258403 0.209909 0.248366 0.211134 0.237862 0.213585 0.218254 0.219888 0.210317 0.222864 0.200047 0.228291 0.194444 0.230392 0.184641 0.236870 0.171569 0.248249 0.164099 0.258754 0.156863 0.275560 0.155696 0.281513 0.155462 0.290266
0 0.042250 0.390406 0.045752 0.398810 0.050654 0.403887 0.063725 0.412115 0.077965 0.416667 0.100140 0.421043 0.116713 0.421043 0.129318 0.419118 0.140756 0.414916 0.150794 0.410014 0.164799 0.401436 0.168067 0.398109 0.172269 0.395483 0.179739 0.387605 0.187908 0.373074 0.189776 0.363796 0.189776 0.358894 0.188375 0.352241 0.183473 0.343838 0.176237 0.336835 0.158263 0.327031 0.147526 0.323004 0.137255 0.321779 0.123016 0.321429 0.106676 0.323354 0.092904 0.327906 0.084034 0.332458 0.077731 0.334559 0.063492 0.344013 0.061158 0.347339 0.052521 0.355042 0.049253 0.359244 0.044351 0.369398 0.042017 0.378676 0.042250 0.390406
1 0.000000 0.407388 0.000000 0.474440 0.001634 0.474440 0.003035 0.476190 0.021008 0.488971 0.057423 0.509104 0.077731 0.518557 0.086835 0.521183 0.091737 0.523634 0.109244 0.530112 0.116246 0.531162 0.130019 0.535189 0.151261 0.536064 0.168534 0.533613 0.179505 0.529412 0.182540 0.526085 0.190243 0.520658 0.192577 0.519783 0.199813 0.508929 0.203081 0.501926 0.203315 0.492647 0.201681 0.487220 0.197479 0.479692 0.185808 0.466912 0.178805 0.460434 0.162465 0.448704 0.143324 0.438550 0.126284 0.431197 0.116947 0.428571 0.113912 0.426646 0.109010 0.425070 0.102474 0.424195 0.060691 0.412465 0.056956 0.410714 0.039916 0.406513 0.026611 0.404412 0.016573 0.404412 0.004669 0.406162 0.000000 0.407388
1 0.135387 0.425595 0.138422 0.428746 0.138655 0.430672 0.147526 0.438200 0.166433 0.449580 0.184641 0.463585 0.192810 0.468662 0.195612 0.469363 0.216853 0.469888 0.246312 0.469013 0.268908 0.469188 0.272642 0.467262 0.283613 0.451155 0.292717 0.440476 0.303455 0.422969 0.308357 0.417717 0.309991 0.414741 0.321429 0.405637 0.335434 0.391632 0.340336 0.389006 0.350840 0.385679 0.359244 0.385329 0.362745 0.384279 0.374650 0.385504 0.391690 0.389706 0.400794 0.393382 0.409197 0.398634 0.411531 0.401261 0.418301 0.404237 0.421102 0.397584 0.420635 0.393382 0.421802 0.391632 0.422502 0.387255 0.420168 0.383228 0.421802 0.380427 0.421802 0.373074 0.416200 0.360819 0.410364 0.357318 0.408263 0.352241 0.408030 0.348915 0.401727 0.345763 0.399160 0.342262 0.387722 0.334559 0.376284 0.330357 0.369981 0.329307 0.366246 0.327731 0.354342 0.326155 0.339869 0.325280 0.324463 0.325805 0.286881 0.332983 0.266807 0.338761 0.245098 0.341036 0.233193 0.341036 0.224790 0.342437 0.220355 0.341912 0.213119 0.346113 0.199346 0.351190 0.191176 0.355742 0.190009 0.368347 0.188609 0.373599 0.185808 0.379902 0.180672 0.387605 0.173903 0.394608 0.164566 0.402486 0.137722 0.418417 0.135621 0.424370 0.135387 0.425595
1 0.230859 0.568277 0.234360 0.584909 0.237628 0.595238 0.243464 0.603817 0.250000 0.610994 0.251634 0.611870 0.265406 0.614671 0.277311 0.615721 0.292717 0.618697 0.320962 0.622724 0.346172 0.625175 0.349673 0.624125 0.367180 0.613270 0.378385 0.603992 0.400093 0.582808 0.403361 0.577906 0.415500 0.564601 0.423903 0.553746 0.429739 0.543768 0.442344 0.515231 0.448646 0.487920 0.449346 0.472164 0.447479 0.454132 0.437675 0.431022 0.429972 0.419468 0.418067 0.406513 0.403595 0.396183 0.394725 0.391982 0.381886 0.387955 0.373016 0.386380 0.355042 0.386029 0.348973 0.387080 0.338936 0.390406 0.329365 0.397584 0.320962 0.407038 0.313492 0.413165 0.309524 0.418943 0.302521 0.424895 0.300887 0.428746 0.271475 0.470413 0.266340 0.479692 0.248833 0.505427 0.245798 0.508578 0.239262 0.522584 0.234594 0.535889 0.234127 0.544468 0.231092 0.554097 0.230859 0.568277
1 0.005602 0.570203 0.006069 0.573179 0.004902 0.575630 0.003035 0.576331 0.000000 0.579482 0.000000 0.604692 0.003735 0.605917 0.007703 0.612920 0.019374 0.619748 0.029412 0.624475 0.051587 0.631127 0.061858 0.632528 0.070728 0.634979 0.084500 0.637255 0.102474 0.638305 0.105509 0.639181 0.116480 0.639006 0.119981 0.639531 0.144725 0.629202 0.168301 0.621148 0.186275 0.618347 0.199346 0.615196 0.219421 0.612570 0.221755 0.611520 0.228758 0.605567 0.234360 0.598915 0.235061 0.596989 0.235294 0.595238 0.230392 0.576155 0.228992 0.556898 0.228058 0.554447 0.227358 0.553571 0.215686 0.549895 0.206349 0.548144 0.196312 0.546744 0.184641 0.546394 0.162465 0.543592 0.130486 0.537990 0.103641 0.536590 0.093137 0.537465 0.081232 0.537115 0.053688 0.541141 0.036415 0.545693 0.026144 0.550070 0.019374 0.555672 0.010271 0.560224 0.006536 0.564076 0.005602 0.570203
1 0.000000 0.624650 0.000000 0.751225 0.005369 0.751050 0.010271 0.749825 0.043184 0.738620 0.046919 0.738095 0.077031 0.722339 0.078198 0.720588 0.077965 0.716912 0.074697 0.706933 0.073763 0.698004 0.079832 0.679622 0.083567 0.673144 0.095938 0.657388 0.105275 0.649335 0.109711 0.647409 0.114613 0.644083 0.111811 0.641632 0.109010 0.640406 0.084267 0.638130 0.062792 0.634629 0.046919 0.631127 0.018441 0.621849 0.014939 0.621499 0.008637 0.622549 0.000000 0.624650
0 0.075864 0.696078 0.075864 0.703256 0.077965 0.712535 0.082166 0.720938 0.087535 0.726891 0.095472 0.741422 0.100607 0.745973 0.105742 0.752101 0.125350 0.764356 0.139356 0.770833 0.151261 0.775035 0.154762 0.777661 0.161298 0.779937 0.172969 0.781688 0.175537 0.783088 0.182540 0.785014 0.199113 0.787115 0.226891 0.792192 0.245905 0.792542 0.273810 0.795168 0.283847 0.795343 0.310924 0.793768 0.321195 0.792367 0.344771 0.786765 0.368581 0.778536 0.380486 0.771534 0.387021 0.768908 0.397993 0.760329 0.418534 0.750000 0.424837 0.745973 0.429972 0.743873 0.440710 0.736169 0.444444 0.732143 0.451214 0.721989 0.452614 0.715511 0.454949 0.710259 0.455649 0.703606 0.454482 0.696078 0.449580 0.688901 0.447246 0.686800 0.443744 0.680497 0.432540 0.667892 0.427871 0.664566 0.425537 0.661590 0.414566 0.654412 0.401027 0.647059 0.393557 0.644083 0.387488 0.640056 0.352007 0.628151 0.331699 0.624475 0.314426 0.623074 0.252568 0.613796 0.219188 0.614146 0.195378 0.617122 0.189309 0.618873 0.180906 0.619748 0.168301 0.622374 0.133520 0.634454 0.122082 0.640231 0.105976 0.650385 0.100840 0.654412 0.094538 0.661064 0.084034 0.675070 0.081232 0.684699 0.077731 0.689601 0.075864 0.696078
1 0.460784 0.699930 0.465219 0.714636 0.470355 0.723739 0.486228 0.738796 0.494865 0.741772 0.504902 0.743347 0.512605 0.745973 0.515640 0.748074 0.522409 0.750875 0.525910 0.751751 0.529412 0.751576 0.532680 0.752801 0.537582 0.751751 0.550887 0.751225 0.564426 0.748249 0.573529 0.745273 0.594538 0.735119 0.605042 0.728817 0.612045 0.722689 0.623016 0.716912 0.628385 0.712710 0.631653 0.711134 0.661531 0.689426 0.669001 0.681022 0.679739 0.662990 0.684407 0.658438 0.690009 0.650210 0.693511 0.644258 0.694444 0.640756 0.695612 0.631303 0.694444 0.623074 0.692810 0.616071 0.686508 0.602766 0.678571 0.594188 0.671802 0.591912 0.664799 0.590511 0.637255 0.588235 0.602474 0.579482 0.598973 0.579132 0.595472 0.577381 0.586835 0.575280 0.581466 0.573179 0.574930 0.573004 0.570495 0.575280 0.564426 0.576856 0.560924 0.578957 0.550187 0.582808 0.533147 0.591387 0.527778 0.595413 0.515406 0.601891 0.490896 0.619223 0.479692 0.632878 0.470355 0.647409 0.468021 0.655462 0.464986 0.661590 0.460551 0.681723 0.460784 0.699930
0 0.500467 0.484244 0.501634 0.497374 0.508637 0.512955 0.511905 0.517682 0.522409 0.530287 0.527778 0.534664 0.535714 0.543242 0.549253 0.552871 0.554155 0.557773 0.571195 0.568102 0.598739 0.577731 0.629085 0.585609 0.657330 0.589986 0.670868 0.590511 0.685107 0.589811 0.699580 0.587360 0.709150 0.584734 0.720822 0.578957 0.727591 0.571779 0.729925 0.568277 0.731559 0.563200 0.732493 0.557073 0.731092 0.550595 0.729225 0.544643 0.720588 0.525735 0.718487 0.515931 0.710551 0.495623 0.704482 0.488095 0.684407 0.471814 0.676237 0.468137 0.661765 0.459909 0.624183 0.445028 0.600840 0.438725 0.579132 0.435924 0.556956 0.436625 0.543184 0.439251 0.528945 0.444853 0.522409 0.448354 0.515873 0.453606 0.506303 0.465511 0.502334 0.473915 0.500467 0.484244
1 0.402194 0.585259 0.411298 0.596639 0.415266 0.599265 0.432073 0.607493 0.442577 0.610644 0.450280 0.611520 0.467320 0.611520 0.484360 0.607668 0.495798 0.602766 0.505369 0.596289 0.513305 0.589286 0.520308 0.581583 0.526144 0.570903 0.529645 0.561975 0.530812 0.543417 0.526611 0.536064 0.514939 0.523810 0.507470 0.513130 0.500233 0.498424 0.498833 0.487570 0.497899 0.486169 0.494865 0.485119 0.491130 0.485294 0.488796 0.486520 0.478058 0.489321 0.455882 0.488796 0.449580 0.490721 0.444678 0.512780 0.439076 0.524685 0.437208 0.530987 0.429505 0.546043 0.419935 0.560924 0.413632 0.568452 0.410598 0.570903 0.402661 0.582108 0.402194 0.585259
1 0.352941 0.626751 0.355275 0.627976 0.387255 0.639181 0.420635 0.656688 0.442577 0.675595 0.450280 0.672794 0.460784 0.665441 0.463352 0.661415 0.470355 0.645133 0.471989 0.637255 0.470588 0.626576 0.463352 0.614846 0.460084 0.613796 0.453081 0.614146 0.445378 0.611695 0.440710 0.610994 0.426937 0.606618 0.423203 0.604517 0.414799 0.601716 0.397292 0.602066 0.386088 0.603992 0.376517 0.608193 0.367647 0.614496 0.358543 0.619573 0.353875 0.623424 0.352941 0.626751
1 0.026844 0.896359 0.029178 0.914041 0.035247 0.929272 0.043417 0.942577 0.050420 0.949405 0.066527 0.961660 0.081466 0.969013 0.085201 0.971814 0.093838 0.974790 0.109010 0.979167 0.126517 0.981968 0.134687 0.981968 0.140289 0.983193 0.167834 0.983368 0.192810 0.983018 0.199580 0.981968 0.203081 0.980567 0.207283 0.980217 0.220588 0.976366 0.230392 0.974615 0.240663 0.971814 0.246265 0.968662 0.250000 0.967612 0.265640 0.956583 0.279879 0.942927 0.291783 0.921569 0.298086 0.902311 0.299486 0.894783 0.299953 0.876050 0.299253 0.864671 0.295051 0.841912 0.291083 0.833333 0.282913 0.820728 0.269374 0.806022 0.256069 0.796394 0.248133 0.794293 0.234827 0.794118 0.188842 0.787290 0.161298 0.781162 0.153595 0.781863 0.149782 0.783088 0.136088 0.785364 0.126517 0.788866 0.115546 0.794468 0.105976 0.797444 0.092437 0.804272 0.088702 0.807948 0.080532 0.812675 0.056956 0.834909 0.049953 0.842962 0.040850 0.856443 0.033380 0.869573 0.030579 0.875875 0.027544 0.886555 0.026844 0.896359
1 0.360411 0.783613 0.321195 0.793417 0.297386 0.796043 0.262138 0.796744 0.264239 0.800245 0.270542 0.805147 0.272176 0.807773 0.277778 0.812850 0.290850 0.829832 0.294818 0.838235 0.298319 0.848739 0.301354 0.882528 0.300187 0.897934 0.295518 0.915266 0.287115 0.932773 0.283847 0.942927 0.286648 0.949405 0.289683 0.952556 0.292017 0.956583 0.299720 0.964286 0.313725 0.974615 0.323763 0.976891 0.338702 0.976891 0.351541 0.975840 0.364379 0.971289 0.380952 0.960259 0.394725 0.946779 0.405696 0.932248 0.404995 0.928746 0.403128 0.927171 0.390056 0.919993 0.382586 0.913165 0.375117 0.903536 0.368347 0.887080 0.364613 0.872199 0.363679 0.862395 0.358310 0.844888 0.356443 0.834559 0.355742 0.823004 0.357843 0.810399 0.360177 0.803571 0.366480 0.793592 0.367180 0.789741 0.369748 0.786415 0.369281 0.782913 0.366013 0.780462 0.360411 0.783613
0 0.357143 0.830007 0.359010 0.841912 0.364146 0.862045 0.364846 0.869573 0.367880 0.878852 0.369048 0.887080 0.375350 0.902486 0.383520 0.912290 0.388422 0.917192 0.395425 0.922094 0.400794 0.924195 0.404528 0.926996 0.417600 0.931197 0.423903 0.931898 0.461018 0.932773 0.471989 0.930322 0.477591 0.927871 0.481793 0.925070 0.486461 0.923669 0.509104 0.908789 0.526611 0.891807 0.540616 0.874825 0.553688 0.849965 0.559991 0.831583 0.561158 0.817752 0.560458 0.800070 0.555789 0.786239 0.547386 0.772409 0.540149 0.765756 0.520075 0.751751 0.504902 0.745623 0.483894 0.740721 0.473389 0.740021 0.456349 0.740196 0.449580 0.741071 0.434407 0.744748 0.425070 0.748249 0.397059 0.763130 0.389823 0.768732 0.377218 0.780987 0.372549 0.784314 0.367180 0.792542 0.360644 0.806898 0.357376 0.820203 0.357143 0.830007
0 0.545752 0.882003 0.550654 0.900735 0.557190 0.914916 0.566527 0.932073 0.576331 0.944153 0.595472 0.959384 0.612979 0.968312 0.625350 0.969013 0.641923 0.965336 0.656863 0.957808 0.667834 0.949580 0.672269 0.945728 0.682773 0.931373 0.691176 0.908613 0.693511 0.897409 0.694911 0.884279 0.694444 0.867472 0.695845 0.853291 0.693978 0.822129 0.690943 0.809524 0.682306 0.792717 0.676704 0.785889 0.668067 0.778536 0.656863 0.772409 0.640523 0.766807 0.637255 0.766632 0.632586 0.765231 0.630019 0.763831 0.622316 0.764531 0.612512 0.763480 0.605275 0.764881 0.596405 0.767682 0.591737 0.768382 0.581466 0.773985 0.572362 0.783964 0.568861 0.786415 0.562792 0.796569 0.561625 0.831583 0.557656 0.844713 0.550187 0.859244 0.545051 0.871674 0.545752 0.882003
1 0.405462 0.939251 0.411064 0.955182 0.417367 0.965336 0.425070 0.974440 0.430906 0.978817 0.442810 0.985819 0.452614 0.990021 0.456349 0.990896 0.459851 0.993172 0.471522 0.996148 0.484360 0.997549 0.492530 0.997549 0.503501 0.996148 0.520308 0.992122 0.532680 0.988270 0.540149 0.984769 0.558123 0.971464 0.561858 0.967612 0.568161 0.958158 0.573296 0.946078 0.572362 0.941702 0.563725 0.928571 0.552288 0.907913 0.547852 0.898284 0.546685 0.890581 0.538982 0.883403 0.536181 0.883578 0.534781 0.886380 0.522176 0.897584 0.515640 0.905287 0.501634 0.915791 0.498133 0.917017 0.489729 0.922444 0.483660 0.924545 0.472456 0.930322 0.460317 0.933298 0.449580 0.932948 0.438142 0.933648 0.421102 0.932423 0.411064 0.929972 0.408497 0.931548 0.405929 0.935574 0.405462 0.939251
1 0.144258 0.987920 0.149627 0.997549 0.150093 0.999825 0.297386 0.999825 0.299020 0.986345 0.298553 0.966737 0.296919 0.963761 0.290616 0.956758 0.282913 0.945028 0.279412 0.944678 0.270775 0.951856 0.265640 0.957808 0.251634 0.967437 0.237862 0.973389 0.198646 0.983368 0.169234 0.984244 0.147292 0.983894 0.144491 0.984944 0.144258 0.987920
1 0.011438 0.750000 0.000000 0.751751 0.000000 0.901261 0.005369 0.900735 0.021942 0.896008 0.024043 0.894783 0.025910 0.888480 0.026377 0.882528 0.030112 0.872724 0.041550 0.853116 0.053221 0.837010 0.063725 0.825455 0.084967 0.807073 0.083800 0.800245 0.078431 0.797444 0.070728 0.790966 0.067927 0.785189 0.067694 0.778536 0.070028 0.764531 0.067227 0.758578 0.058824 0.750000 0.046919 0.740721 0.043184 0.739846 0.037115 0.741246 0.011438 0.750000
1 0.645425 0.731793 0.647059 0.745623 0.647059 0.756127 0.649393 0.766632 0.651961 0.769258 0.657563 0.771359 0.668534 0.777836 0.681373 0.790441 0.685574 0.796394 0.692577 0.811099 0.696779 0.834909 0.697012 0.854867 0.695612 0.868347 0.696545 0.874300 0.698413 0.875875 0.702614 0.877626 0.716853 0.879727 0.728992 0.879902 0.745331 0.877626 0.754902 0.875175 0.764706 0.871674 0.774743 0.866246 0.779645 0.862745 0.782913 0.861520 0.794585 0.853116 0.808123 0.838936 0.809524 0.834209 0.816993 0.826506 0.820728 0.821254 0.823996 0.818627 0.830299 0.807423 0.841270 0.776261 0.847106 0.744573 0.848039 0.704482 0.844538 0.681548 0.838469 0.654412 0.831466 0.640581 0.828198 0.639706 0.826797 0.640406 0.818161 0.650560 0.807656 0.658263 0.796685 0.663340 0.789683 0.665441 0.774510 0.666141 0.762605 0.665616 0.757236 0.663866 0.746732 0.658263 0.736461 0.649335 0.732493 0.644958 0.728058 0.637255 0.723856 0.624125 0.720355 0.620273 0.702614 0.628151 0.697946 0.631303 0.694911 0.644083 0.690943 0.651261 0.675070 0.673319 0.672502 0.678396 0.662465 0.690126 0.647292 0.702206 0.645425 0.705532 0.645425 0.731793
1 0.834500 0.640406 0.838936 0.650910 0.842904 0.663866 0.845705 0.669468 0.845472 0.675770 0.847339 0.692577 0.848739 0.700280 0.851541 0.706057 0.857843 0.710959 0.867414 0.713761 0.880019 0.715511 0.894024 0.714986 0.900794 0.713761 0.923436 0.703957 0.940243 0.690126 0.949113 0.679272 0.956583 0.666667 0.962652 0.647584 0.964052 0.632353 0.962185 0.616597 0.958450 0.609769 0.957283 0.605742 0.943978 0.595588 0.937208 0.587885 0.935574 0.584734 0.928338 0.580182 0.922035 0.581933 0.904528 0.592437 0.892624 0.597164 0.868114 0.603817 0.855976 0.605742 0.851307 0.605742 0.848973 0.607493 0.841970 0.619223 0.834500 0.634104 0.834500 0.640406
1 0.927638 0.498249 0.929505 0.501751 0.932306 0.504202 0.943511 0.510679 0.948413 0.515931 0.950514 0.520483 0.949580 0.527486 0.938142 0.542892 0.936975 0.559174 0.932773 0.570728 0.933240 0.574230 0.938842 0.586660 0.945845 0.595413 0.956349 0.602766 0.960551 0.604692 0.973856 0.607668 0.994865 0.607318 0.999767 0.605917 0.999767 0.426296 0.994865 0.424895 0.980626 0.424545 0.970822 0.425245 0.961718 0.428746 0.962185 0.432248 0.966153 0.435224 0.968021 0.438725 0.967787 0.440651 0.966153 0.442577 0.965920 0.446254 0.966853 0.447654 0.970355 0.447654 0.971522 0.449930 0.970355 0.451155 0.966853 0.451331 0.963819 0.460084 0.960784 0.462710 0.954715 0.464986 0.951447 0.467262 0.949580 0.470063 0.944911 0.473915 0.943277 0.477591 0.939542 0.482143 0.932073 0.488445 0.927871 0.493873 0.927638 0.498249
1 0.800420 0.516982 0.820962 0.522584 0.831466 0.526961 0.840803 0.535014 0.847106 0.543067 0.852708 0.560224 0.853875 0.573529 0.852708 0.577906 0.852241 0.588060 0.849673 0.600315 0.849673 0.602591 0.851307 0.604167 0.859711 0.604342 0.870448 0.602241 0.897292 0.594713 0.910831 0.588060 0.923669 0.578606 0.929972 0.572304 0.935808 0.558648 0.936508 0.542892 0.938609 0.539041 0.947246 0.529412 0.949346 0.525735 0.949813 0.522059 0.949113 0.519083 0.946078 0.514881 0.931606 0.505427 0.921802 0.500875 0.918301 0.500700 0.911298 0.498775 0.894258 0.497024 0.852474 0.499475 0.837768 0.501401 0.820728 0.504902 0.809991 0.508578 0.802288 0.512080 0.799720 0.514881 0.800420 0.516982
0 0.721989 0.603641 0.725257 0.624825 0.729692 0.639881 0.735761 0.648284 0.741830 0.653186 0.751634 0.658964 0.754202 0.661415 0.763772 0.664916 0.773343 0.665441 0.789216 0.664741 0.799720 0.661765 0.807423 0.658263 0.819328 0.648810 0.822129 0.645658 0.828898 0.637080 0.847572 0.605742 0.848506 0.597689 0.850607 0.590861 0.852474 0.567577 0.851307 0.557073 0.846172 0.542542 0.839402 0.534489 0.831699 0.528186 0.817460 0.521884 0.804388 0.519433 0.796685 0.516457 0.790616 0.515756 0.777778 0.516282 0.765873 0.519433 0.761905 0.521008 0.752334 0.528711 0.746499 0.534839 0.743464 0.539391 0.736928 0.550070 0.731092 0.569153 0.728992 0.573529 0.723389 0.580707 0.721989 0.587185 0.721989 0.603641
1 0.744398 0.438200 0.747199 0.446254 0.752334 0.451681 0.757937 0.459734 0.763072 0.461660 0.785247 0.473564 0.786415 0.475490 0.790383 0.473739 0.795285 0.474265 0.817227 0.473739 0.830999 0.470938 0.845705 0.465336 0.860644 0.456758 0.866013 0.452731 0.876284 0.442577 0.883287 0.428922 0.886555 0.418417 0.886555 0.404062 0.883520 0.394258 0.877451 0.384629 0.871615 0.378326 0.859244 0.369573 0.852474 0.366422 0.845238 0.364671 0.834734 0.364321 0.830532 0.365021 0.824697 0.367472 0.820962 0.367297 0.816760 0.368347 0.794585 0.376751 0.782913 0.382178 0.776844 0.386029 0.767274 0.393732 0.765406 0.396359 0.763072 0.405637 0.759104 0.413165 0.753501 0.422794 0.750467 0.425245 0.748133 0.429797 0.744631 0.433473 0.744398 0.438200
1 0.687908 0.470413 0.688842 0.473739 0.703782 0.486169 0.712652 0.497374 0.719655 0.516106 0.723856 0.531338 0.729692 0.541667 0.731092 0.546744 0.734360 0.550070 0.737395 0.547444 0.746732 0.532913 0.760971 0.521359 0.765640 0.518732 0.772642 0.516457 0.779178 0.515056 0.790383 0.514356 0.791783 0.513655 0.792951 0.511555 0.795051 0.500350 0.794818 0.494573 0.792951 0.488095 0.789916 0.483193 0.784314 0.476891 0.777544 0.471814 0.769141 0.466912 0.754902 0.460434 0.736928 0.457108 0.719655 0.455532 0.712885 0.456583 0.693511 0.466737 0.687908 0.470413
1 0.785948 0.477591 0.791550 0.483718 0.794585 0.490371 0.795985 0.496849 0.794818 0.512080 0.796685 0.513305 0.799953 0.512605 0.802521 0.510329 0.806723 0.508403 0.820495 0.504202 0.844771 0.499825 0.886088 0.496674 0.894725 0.496499 0.908730 0.497549 0.910131 0.496499 0.911298 0.490371 0.913165 0.487220 0.914799 0.474790 0.913399 0.469013 0.910598 0.466912 0.902894 0.458158 0.886555 0.445378 0.882820 0.443627 0.880019 0.441176 0.873249 0.445553 0.868581 0.450980 0.859944 0.457633 0.854108 0.461485 0.841737 0.467437 0.824930 0.472864 0.819561 0.473739 0.804855 0.474790 0.791083 0.474265 0.787115 0.473389 0.784314 0.473739 0.785948 0.477591
1 0.434407 0.421569 0.439776 0.431197 0.447712 0.450280 0.449346 0.452031 0.455649 0.453782 0.473389 0.455532 0.478058 0.455532 0.480392 0.454832 0.487862 0.455357 0.497666 0.454482 0.515406 0.450805 0.524510 0.445553 0.542484 0.438025 0.552988 0.435749 0.560691 0.432948 0.585201 0.417892 0.588469 0.416667 0.599907 0.409839 0.609477 0.403361 0.617880 0.392857 0.631419 0.378852 0.652194 0.363270 0.654528 0.360294 0.656396 0.355742 0.658497 0.349265 0.659197 0.343662 0.658497 0.336310 0.656396 0.327906 0.652428 0.318452 0.640523 0.306548 0.637255 0.305322 0.633754 0.304972 0.628151 0.304797 0.619048 0.305847 0.591737 0.304622 0.575864 0.303046 0.563259 0.301296 0.560924 0.300420 0.552754 0.299895 0.549486 0.300245 0.546685 0.301471 0.536415 0.302171 0.533147 0.303922 0.524510 0.305847 0.518441 0.308298 0.510738 0.312150 0.506769 0.315301 0.485761 0.328081 0.478525 0.336134 0.471289 0.342087 0.458683 0.355917 0.453548 0.363270 0.447946 0.373775 0.439076 0.394083 0.436508 0.401085 0.434174 0.414566 0.434407 0.421569
1 0.480626 0.262080 0.483427 0.265231 0.500700 0.277486 0.536415 0.292192 0.548553 0.295168 0.557190 0.298144 0.584734 0.302171 0.604575 0.303571 0.624416 0.303396 0.637255 0.302521 0.654062 0.298494 0.668067 0.293417 0.679972 0.284839 0.686041 0.278186 0.687675 0.274860 0.688609 0.269608 0.686975 0.263130 0.679272 0.253501 0.668768 0.244573 0.660364 0.238971 0.650794 0.233894 0.635154 0.226541 0.627918 0.224265 0.609244 0.214461 0.581466 0.204132 0.553221 0.198179 0.539916 0.197304 0.513072 0.198704 0.506303 0.199580 0.501401 0.201506 0.500233 0.202906 0.499767 0.206758 0.493931 0.223564 0.487628 0.248074 0.484594 0.254552 0.481326 0.258754 0.480626 0.262080
1 0.391457 0.334909 0.407330 0.346814 0.423436 0.375175 0.424370 0.391282 0.422736 0.401436 0.425070 0.407913 0.429038 0.406513 0.429972 0.407738 0.429038 0.411415 0.432073 0.415791 0.433707 0.405462 0.439776 0.390756 0.448413 0.372024 0.457516 0.356793 0.470588 0.341912 0.479458 0.334559 0.485761 0.327381 0.498133 0.320553 0.509804 0.312325 0.526844 0.303746 0.527077 0.300245 0.525444 0.299020 0.518674 0.297269 0.493464 0.295868 0.476891 0.296043 0.456349 0.299195 0.424837 0.310399 0.414799 0.312500 0.403128 0.319853 0.391690 0.331232 0.391457 0.334909
1 0.354575 0.274685 0.353408 0.278536 0.339869 0.302346 0.338235 0.303571 0.338702 0.305497 0.355275 0.308473 0.388889 0.311625 0.406863 0.312325 0.421802 0.310049 0.429505 0.308123 0.443277 0.303746 0.457283 0.297269 0.470588 0.288690 0.477358 0.285364 0.482726 0.280812 0.485294 0.279587 0.489729 0.272934 0.484360 0.267157 0.477824 0.263130 0.468721 0.267332 0.458450 0.269783 0.452381 0.270133 0.431839 0.268032 0.423903 0.266282 0.407563 0.265406 0.395658 0.262955 0.383754 0.261555 0.359477 0.258929 0.355976 0.259279 0.354575 0.274685
1 0.662232 0.237745 0.664566 0.240896 0.676237 0.249650 0.686041 0.260504 0.688375 0.264531 0.689076 0.272409 0.687208 0.276786 0.677171 0.289916 0.679972 0.295868 0.694211 0.318978 0.699346 0.325280 0.710784 0.335259 0.716853 0.337885 0.731559 0.340686 0.748133 0.346464 0.751634 0.346814 0.753968 0.346289 0.758403 0.344538 0.761905 0.344188 0.768674 0.341211 0.780812 0.332283 0.786648 0.324230 0.791783 0.311625 0.793651 0.304272 0.794118 0.291667 0.792484 0.272409 0.787348 0.257528 0.775677 0.238095 0.771709 0.233894 0.769608 0.230217 0.762605 0.223039 0.747899 0.211660 0.741130 0.208333 0.737628 0.206933 0.716853 0.201856 0.710784 0.201681 0.704248 0.202906 0.691877 0.207458 0.687208 0.210084 0.683065 0.213542 0.677754 0.215336 0.674136 0.215161 0.670635 0.215861 0.669468 0.216912 0.669001 0.221113 0.666667 0.227416 0.664099 0.231092 0.663165 0.234069 0.662232 0.237745
1 0.762138 0.220413 0.764006 0.223564 0.770075 0.228992 0.774510 0.234594 0.782913 0.247199 0.790383 0.262780 0.793417 0.272409 0.794118 0.278186 0.795518 0.294118 0.794585 0.303221 0.795285 0.308123 0.798319 0.313375 0.806022 0.318978 0.817227 0.318978 0.829832 0.317052 0.841737 0.316527 0.854108 0.313901 0.867414 0.313200 0.898459 0.312850 0.910598 0.314076 0.914799 0.315476 0.925070 0.315826 0.929038 0.314776 0.942577 0.308648 0.953548 0.297269 0.961485 0.282738 0.965920 0.268382 0.966620 0.258053 0.965686 0.251050 0.963585 0.244398 0.960784 0.238095 0.954949 0.230392 0.942577 0.217962 0.929739 0.207808 0.913632 0.199405 0.901027 0.194853 0.876517 0.189076 0.863912 0.187500 0.845705 0.188025 0.827965 0.191877 0.800187 0.200105 0.778011 0.208683 0.765173 0.215511 0.762838 0.217612 0.762138 0.220413
1 0.760271 0.352416 0.767040 0.357843 0.771942 0.363445 0.777077 0.367822 0.783613 0.378501 0.786181 0.380252 0.791083 0.377101 0.803455 0.372899 0.811625 0.369223 0.817460 0.367122 0.826564 0.365196 0.830766 0.363445 0.844304 0.363620 0.852474 0.365721 0.865955 0.372855 0.880019 0.385854 0.885854 0.396709 0.889122 0.409139 0.890990 0.411940 0.897526 0.414741 0.907796 0.416667 0.922035 0.415791 0.931839 0.413340 0.939776 0.412640 0.942577 0.413165 0.944678 0.410714 0.946779 0.410189 0.948179 0.412290 0.950047 0.412640 0.960784 0.409489 0.967554 0.404937 0.975724 0.401611 0.982726 0.397584 0.991130 0.390406 0.995798 0.382178 0.997666 0.374825 0.999767 0.373249 0.999767 0.358543 0.997899 0.357493 0.995331 0.350140 0.986928 0.340861 0.976657 0.334384 0.973623 0.332983 0.967087 0.331583 0.959851 0.327906 0.942577 0.321779 0.928571 0.318452 0.901494 0.314426 0.885854 0.313375 0.874416 0.313725 0.837535 0.317402 0.820261 0.320903 0.813959 0.320553 0.788515 0.327556 0.771242 0.341036 0.763072 0.345413 0.760504 0.350665 0.760271 0.352416
1 0.704248 0.169468 0.703548 0.171744 0.708217 0.180322 0.712652 0.185574 0.717087 0.189951 0.725023 0.195203 0.735994 0.204307 0.744631 0.209384 0.758403 0.215511 0.762138 0.215336 0.765640 0.214111 0.777077 0.208508 0.806022 0.197654 0.826331 0.191352 0.845705 0.186975 0.848973 0.185574 0.850373 0.182248 0.849907 0.178571 0.850840 0.175070 0.847806 0.167542 0.844538 0.161940 0.838469 0.154937 0.832400 0.151436 0.824930 0.145658 0.811858 0.139531 0.803922 0.136905 0.790383 0.134104 0.772176 0.132178 0.769141 0.131127 0.766340 0.131653 0.756536 0.131127 0.744865 0.132003 0.730626 0.135329 0.720355 0.139531 0.711485 0.147234 0.705882 0.154412 0.703782 0.160889 0.704248 0.169468
1 0.591970 0.139181 0.592670 0.141282 0.598739 0.142332 0.609477 0.141632 0.624416 0.143032 0.643791 0.146183 0.665033 0.151961 0.683707 0.160714 0.692810 0.167192 0.696078 0.168242 0.699346 0.168242 0.702381 0.165091 0.704482 0.155112 0.707516 0.150385 0.714753 0.143032 0.720588 0.138655 0.725023 0.136380 0.737862 0.132178 0.751634 0.130427 0.764939 0.130252 0.768908 0.127451 0.776611 0.116246 0.781279 0.106268 0.795285 0.084559 0.798086 0.075980 0.799953 0.057773 0.799253 0.050595 0.797386 0.044993 0.791083 0.035889 0.776844 0.024160 0.761905 0.017157 0.755135 0.015581 0.734594 0.016632 0.718954 0.021534 0.703315 0.030987 0.693277 0.036064 0.688375 0.040091 0.683707 0.042192 0.670635 0.051296 0.660131 0.056373 0.639589 0.072654 0.633754 0.078431 0.626050 0.083859 0.619281 0.091036 0.608077 0.105742 0.599907 0.119573 0.596405 0.126576 0.595472 0.130952 0.593137 0.133403 0.591970 0.139181
1 0.504669 0.185399 0.502568 0.195728 0.503735 0.197129 0.509104 0.197654 0.535714 0.195728 0.547619 0.196078 0.549953 0.192927 0.551587 0.178746 0.558590 0.166492 0.566293 0.157388 0.569561 0.154762 0.577031 0.149510 0.589402 0.142682 0.590570 0.133403 0.589869 0.124475 0.587068 0.116422 0.582400 0.107318 0.574930 0.097514 0.568861 0.091737 0.561858 0.086485 0.555322 0.083158 0.540616 0.080182 0.536181 0.080182 0.532446 0.082808 0.520308 0.128501 0.511671 0.154412 0.508870 0.169818 0.505369 0.175245 0.504669 0.185399
1 0.044118 0.000000 0.046685 0.025560 0.049020 0.033088 0.051587 0.037990 0.055789 0.043242 0.077965 0.058123 0.080065 0.057948 0.088469 0.054797 0.091737 0.052696 0.094538 0.051821 0.098973 0.051646 0.109010 0.049020 0.111578 0.047269 0.115079 0.036239 0.119514 0.015056 0.121615 0.000000 0.044118 0.000000
1 0.000000 0.000000 0.000000 0.036239 0.014272 0.035539 0.027311 0.036415 0.037115 0.037640 0.046452 0.040266 0.050654 0.040441 0.051120 0.039741 0.049020 0.036415 0.046685 0.029062 0.042951 0.000000 0.000000 0.000000
1 0.000000 0.307598 0.000000 0.404762 0.001634 0.404762 0.004669 0.403361 0.026144 0.402661 0.043417 0.405287 0.046919 0.404937 0.045985 0.400910 0.041083 0.390581 0.039683 0.379902 0.042717 0.370623 0.048786 0.358193 0.061391 0.345413 0.061391 0.341912 0.052988 0.339111 0.039683 0.333158 0.003735 0.309874 0.001634 0.307598 0.000000 0.307598
1 0.000000 0.489846 0.000000 0.565651 0.001634 0.565651 0.011438 0.557948 0.017740 0.555497 0.028245 0.549020 0.038049 0.544818 0.053688 0.540791 0.064192 0.539566 0.074463 0.537115 0.084500 0.535889 0.095705 0.535714 0.102474 0.534839 0.107376 0.533088 0.102241 0.528887 0.073529 0.517157 0.045752 0.503852 0.041317 0.500525 0.029645 0.494573 0.012372 0.490196 0.002801 0.489846 0.000000 0.489846
1 0.068161 0.783263 0.070728 0.789916 0.080299 0.796919 0.091970 0.801120 0.098273 0.800245 0.107376 0.795868 0.117180 0.793242 0.126284 0.787990 0.148226 0.780462 0.154295 0.779412 0.151727 0.778711 0.148926 0.775560 0.144024 0.773985 0.127218 0.766282 0.107843 0.754377 0.095238 0.742822 0.092437 0.742997 0.089869 0.744748 0.075864 0.758403 0.070962 0.766632 0.068394 0.779062 0.068161 0.783263
1 0.193978 0.526085 0.195145 0.531863 0.201447 0.545343 0.202848 0.546394 0.214753 0.548669 0.227358 0.552171 0.229458 0.551471 0.230859 0.550070 0.231793 0.546919 0.234127 0.533088 0.243231 0.511730 0.253268 0.496499 0.257937 0.491422 0.257470 0.489846 0.255602 0.488620 0.247899 0.488270 0.233894 0.490021 0.229692 0.491071 0.214753 0.497199 0.209384 0.500350 0.204482 0.504902 0.197479 0.514531 0.194211 0.522584 0.193978 0.526085
1 0.602941 0.435574 0.606676 0.438550 0.625584 0.444503 0.651261 0.454307 0.654528 0.456408 0.665733 0.460784 0.677638 0.467437 0.682073 0.469013 0.685574 0.468662 0.700747 0.461660 0.720121 0.450805 0.728058 0.445378 0.742530 0.433473 0.755135 0.418067 0.762138 0.404237 0.764006 0.393732 0.760971 0.383228 0.752334 0.370623 0.743931 0.362220 0.737628 0.358193 0.731559 0.355742 0.728058 0.352766 0.713585 0.349090 0.706116 0.348915 0.701914 0.349965 0.692577 0.350315 0.678571 0.353992 0.671802 0.358018 0.654528 0.365196 0.642624 0.372024 0.632820 0.379552 0.619748 0.393032 0.611578 0.404412 0.605742 0.417192 0.602708 0.428922 0.602941 0.435574
1 0.659664 0.350665 0.656629 0.358718 0.657796 0.361870 0.661298 0.361695 0.676471 0.355042 0.691877 0.350140 0.705182 0.348739 0.716387 0.349440 0.721755 0.350840 0.724090 0.352416 0.740896 0.359244 0.744631 0.364671 0.748599 0.366947 0.754435 0.372899 0.765406 0.392157 0.779178 0.383754 0.782913 0.380252 0.780112 0.373074 0.776844 0.368347 0.766807 0.358543 0.757003 0.351891 0.739496 0.344363 0.734127 0.342787 0.712652 0.338761 0.702381 0.335434 0.695378 0.335259 0.689309 0.333333 0.682773 0.333508 0.668301 0.331408 0.661531 0.332633 0.660364 0.335609 0.659664 0.350665
1 0.550420 0.196078 0.551120 0.196429 0.563492 0.199580 0.577498 0.202031 0.595238 0.207983 0.599206 0.210084 0.609711 0.213761 0.626751 0.222514 0.636555 0.226015 0.640756 0.228641 0.651027 0.232318 0.654062 0.234944 0.657796 0.236520 0.661298 0.235294 0.667367 0.223389 0.693511 0.206057 0.698413 0.204132 0.707049 0.202031 0.715219 0.200980 0.717554 0.199755 0.714753 0.192577 0.703782 0.177521 0.693744 0.168242 0.682540 0.161064 0.667834 0.153887 0.650560 0.148109 0.625817 0.144083 0.614379 0.143032 0.602241 0.142682 0.588235 0.144783 0.583567 0.146534 0.572829 0.153011 0.565593 0.159489 0.556956 0.169993 0.552521 0.178746 0.550887 0.187150 0.550420 0.196078
1 0.628385 0.714811 0.609244 0.725315 0.605976 0.728466 0.599206 0.732668 0.577965 0.743522 0.567460 0.747549 0.563259 0.747549 0.550420 0.751751 0.536181 0.752976 0.529412 0.755077 0.531746 0.756303 0.532446 0.758578 0.544351 0.767857 0.548319 0.771884 0.552754 0.778536 0.560691 0.794293 0.564192 0.793242 0.566060 0.789566 0.569795 0.785364 0.580532 0.775210 0.584967 0.772759 0.588936 0.769433 0.592670 0.767857 0.608777 0.764006 0.631419 0.764531 0.644024 0.766982 0.646359 0.765756 0.647059 0.761905 0.644491 0.731618 0.644258 0.716562 0.643324 0.709559 0.642390 0.707633 0.640523 0.706408 0.628385 0.714811