1 0.117180 0.102766 0.120215 0.115196 0.126517 0.122724 0.133754 0.128852 0.137722 0.131653 0.141923 0.133403 0.147292 0.137605 0.157330 0.140756 0.160831 0.143032 0.175537 0.146884 0.185107 0.148109 0.189542 0.150210 0.192577 0.150560 0.211018 0.149160 0.227824 0.145483 0.234360 0.143207 0.240896 0.142507 0.249533 0.139881 0.276844 0.134804 0.285948 0.132353 0.289916 0.132178 0.300187 0.130077 0.300887 0.128501 0.303688 0.127276 0.303922 0.126401 0.302288 0.125350 0.301587 0.123074 0.299486 0.121674 0.298086 0.119223 0.292484 0.114846 0.287582 0.109419 0.282680 0.102416 0.279178 0.094888 0.277077 0.084909 0.279412 0.070903 0.287815 0.054272 0.299253 0.039216 0.315359 0.024510 0.318394 0.023459 0.325397 0.019258 0.334967 0.012605 0.348273 0.008403 0.349673 0.005077 0.347339 0.002626 0.346405 0.000000 0.190243 0.000000 0.178338 0.008578 0.177171 0.011380 0.174837 0.013831 0.164099 0.021884 0.156863 0.030637 0.150560 0.036239 0.142624 0.046569 0.139122 0.049895 0.136788 0.054622 0.129552 0.064426 0.119514 0.082983 0.117180 0.095063 0.117180 0.102766
1 0.000000 0.022759 0.000000 0.127101 0.011671 0.131653 0.030112 0.135679 0.050187 0.138831 0.071195 0.139706 0.077965 0.138130 0.094771 0.131303 0.123483 0.125000 0.124883 0.122549 0.123950 0.119748 0.121615 0.117822 0.118814 0.112220 0.116713 0.102766 0.116713 0.094188 0.119281 0.081933 0.124416 0.072304 0.127451 0.064076 0.130952 0.061275 0.136088 0.052346 0.147526 0.037990 0.151261 0.035014 0.159897 0.024860 0.161298 0.022409 0.159430 0.019433 0.144258 0.013655 0.123483 0.009804 0.105742 0.007528 0.092904 0.007528 0.052288 0.010504 0.025677 0.015581 0.003968 0.021534 0.000000 0.022759
1 0.006536 0.220413 0.013772 0.234594 0.024743 0.241772 0.045985 0.250350 0.060924 0.252276 0.077031 0.256303 0.085434 0.256478 0.115780 0.249825 0.127684 0.248249 0.151027 0.247024 0.154762 0.246148 0.158730 0.244573 0.159430 0.241071 0.149393 0.229867 0.139589 0.212710 0.136555 0.197304 0.137255 0.187150 0.139356 0.183648 0.142857 0.180322 0.157096 0.170168 0.176471 0.160889 0.182540 0.158613 0.186741 0.157913 0.189776 0.150910 0.185574 0.149335 0.182073 0.148985 0.178571 0.147409 0.165033 0.144433 0.152894 0.139356 0.146825 0.137780 0.130252 0.126751 0.126751 0.126576 0.116480 0.127976 0.094771 0.132878 0.070728 0.142507 0.067694 0.144958 0.051821 0.152311 0.031513 0.167192 0.021242 0.177521 0.012838 0.189076 0.007937 0.199580 0.006536 0.206057 0.006536 0.220413
1 0.136555 0.196604 0.138889 0.209384 0.147292 0.226891 0.153361 0.234419 0.158730 0.238095 0.161064 0.241947 0.169001 0.248249 0.182306 0.255952 0.192577 0.259804 0.195845 0.262080 0.205882 0.265581 0.213352 0.267157 0.218021 0.268908 0.229225 0.271008 0.237628 0.271884 0.248366 0.271359 0.261438 0.269083 0.272409 0.266282 0.290383 0.264006 0.296685 0.262080 0.297619 0.260854 0.298086 0.258578 0.297386 0.257703 0.287348 0.249650 0.283847 0.245448 0.281513 0.240896 0.279879 0.228466 0.280579 0.220238 0.283147 0.213585 0.288049 0.205707 0.294818 0.197654 0.310691 0.185049 0.323529 0.178396 0.331232 0.175245 0.345005 0.171218 0.375350 0.164916 0.376751 0.161415 0.370215 0.159664 0.359477 0.154062 0.347339 0.149510 0.330299 0.140406 0.315826 0.135154 0.302754 0.133929 0.289449 0.134279 0.272176 0.136204 0.221055 0.147934 0.210084 0.149860 0.177404 0.161239 0.162232 0.167892 0.149860 0.175070 0.142157 0.181548 0.137021 0.189076 0.136555 0.196604
1 0.278711 0.086134 0.280345 0.095063 0.284314 0.102241 0.291317 0.111520 0.304388 0.121674 0.306022 0.123775 0.321662 0.134454 0.339869 0.144258 0.349206 0.148459 0.359244 0.152136 0.369748 0.157038 0.391457 0.163690 0.417134 0.164391 0.450514 0.167717 0.473856 0.170868 0.487862 0.171218 0.504902 0.167892 0.513539 0.165441 0.521942 0.161415 0.525910 0.160714 0.532680 0.157913 0.539449 0.154412 0.546685 0.152311 0.562558 0.144083 0.565048 0.141865 0.573296 0.138305 0.577498 0.134279 0.584734 0.129552 0.597572 0.113620 0.603408 0.103466 0.608543 0.090511 0.610644 0.080182 0.610878 0.071078 0.608310 0.050245 0.605742 0.047444 0.601307 0.046744 0.599673 0.043592 0.599673 0.039741 0.587068 0.025035 0.569094 0.013655 0.560924 0.009629 0.540149 0.003326 0.532213 0.001926 0.531513 0.000000 0.369048 0.000000 0.349206 0.007703 0.348039 0.008929 0.341737 0.010854 0.329365 0.017332 0.321429 0.022234 0.317694 0.025560 0.314426 0.026786 0.302754 0.036590 0.298319 0.041317 0.294818 0.046744 0.291083 0.050245 0.289683 0.053922 0.286415 0.057073 0.280579 0.071078 0.279178 0.079132 0.278711 0.086134
1 0.281046 0.235119 0.284547 0.244573 0.286648 0.247899 0.296919 0.255077 0.305789 0.264006 0.311158 0.266632 0.314426 0.269433 0.327965 0.277836 0.335668 0.280462 0.341970 0.284139 0.405696 0.312675 0.425070 0.317052 0.430672 0.317402 0.438842 0.319328 0.453315 0.319153 0.467320 0.316877 0.484594 0.315126 0.508870 0.307073 0.513305 0.306373 0.516573 0.303571 0.518441 0.300245 0.517274 0.295868 0.515406 0.293242 0.510738 0.289741 0.505602 0.282913 0.503501 0.278536 0.501401 0.276786 0.494398 0.262080 0.491130 0.248074 0.488329 0.227941 0.489029 0.220763 0.490896 0.214286 0.496732 0.206232 0.502101 0.201681 0.505602 0.200280 0.509570 0.196954 0.518674 0.192577 0.518674 0.189251 0.509804 0.185399 0.498366 0.181548 0.480626 0.177171 0.477358 0.175420 0.463352 0.172619 0.455882 0.169993 0.442577 0.168067 0.423669 0.167017 0.414566 0.165616 0.403361 0.165266 0.383287 0.165091 0.369748 0.167017 0.342204 0.172444 0.331466 0.175945 0.314426 0.183824 0.296919 0.196078 0.295518 0.198880 0.290616 0.203081 0.285481 0.210784 0.281046 0.223389 0.281046 0.235119
0 0.489963 0.235119 0.495798 0.262080 0.501634 0.275560 0.513772 0.290966 0.521008 0.297969 0.525910 0.301471 0.535481 0.307423 0.542951 0.310224 0.546919 0.312850 0.554388 0.315476 0.570728 0.319328 0.575163 0.319503 0.591503 0.324055 0.602007 0.325805 0.607843 0.325280 0.616246 0.327731 0.634454 0.327206 0.650093 0.327906 0.676237 0.327206 0.690943 0.327731 0.720588 0.324230 0.737162 0.320553 0.745565 0.319678 0.761905 0.311975 0.769608 0.306898 0.779412 0.296744 0.789916 0.279762 0.792017 0.267507 0.792017 0.257178 0.790850 0.250350 0.788749 0.244223 0.782913 0.233193 0.776611 0.223739 0.770075 0.216036 0.762372 0.209384 0.753035 0.202906 0.741130 0.195728 0.728992 0.190651 0.727124 0.189251 0.706349 0.180672 0.679739 0.174195 0.673669 0.174020 0.668768 0.172094 0.654062 0.172269 0.629318 0.174895 0.616246 0.176996 0.574463 0.180322 0.563959 0.182948 0.540149 0.187150 0.526144 0.190651 0.509337 0.198880 0.503501 0.202556 0.500000 0.206232 0.495098 0.209384 0.491130 0.216562 0.489496 0.222864 0.489963 0.235119
1 0.161298 0.340161 0.168067 0.353817 0.175303 0.365896 0.189076 0.379377 0.202614 0.388831 0.217087 0.396008 0.223856 0.397409 0.227591 0.397409 0.229925 0.398459 0.232493 0.400910 0.244631 0.404062 0.258403 0.405287 0.265406 0.406863 0.283147 0.407038 0.286181 0.407913 0.304622 0.407563 0.311391 0.408438 0.317694 0.408263 0.324463 0.406688 0.332866 0.402836 0.344538 0.378852 0.349907 0.370973 0.362278 0.358018 0.382820 0.344363 0.399160 0.336310 0.407796 0.333508 0.410131 0.331232 0.410831 0.328081 0.408964 0.320553 0.406629 0.316702 0.403128 0.313550 0.397993 0.310574 0.360411 0.292892 0.348039 0.288340 0.345472 0.286415 0.327731 0.278887 0.307423 0.266457 0.300887 0.264706 0.290383 0.265406 0.271942 0.267857 0.237628 0.274860 0.235294 0.276436 0.230392 0.277661 0.216853 0.283789 0.210784 0.285364 0.205882 0.287815 0.192110 0.292717 0.182306 0.298144 0.170401 0.307248 0.164799 0.314076 0.161998 0.321254 0.161298 0.326155 0.161298 0.340161
1 0.002568 0.303746 0.001867 0.306548 0.000000 0.306723 0.000000 0.379552 0.001401 0.379552 0.005135 0.381653 0.011905 0.383228 0.026144 0.385504 0.037815 0.385854 0.053688 0.384979 0.058357 0.383403 0.081933 0.380427 0.090803 0.377801 0.099206 0.377276 0.140056 0.370973 0.164799 0.368697 0.172035 0.367122 0.172969 0.365896 0.171102 0.359594 0.163165 0.346814 0.160131 0.338761 0.161064 0.321954 0.162465 0.316702 0.165733 0.310749 0.173669 0.302871 0.184174 0.296043 0.196545 0.289391 0.209851 0.284489 0.213352 0.284139 0.217554 0.281513 0.224323 0.279587 0.230392 0.275910 0.230159 0.274510 0.229225 0.272409 0.209851 0.268032 0.188375 0.260329 0.185808 0.258403 0.181606 0.257003 0.171569 0.250700 0.161765 0.247024 0.123249 0.249825 0.098273 0.254552 0.081933 0.258578 0.049486 0.270658 0.034314 0.278536 0.028245 0.282913 0.023109 0.285539 0.012838 0.293242 0.005135 0.300245 0.002568 0.303746
1 0.005135 0.427346 0.000000 0.433298 0.000000 0.488796 0.002568 0.489496 0.007470 0.492647 0.017974 0.494398 0.040850 0.494573 0.067694 0.493522 0.105976 0.490546 0.107843 0.489671 0.109244 0.488796 0.122316 0.469713 0.135854 0.455182 0.150560 0.444153 0.168534 0.433298 0.182773 0.426471 0.195612 0.422269 0.226190 0.414566 0.253035 0.411415 0.255602 0.410364 0.257470 0.407913 0.255135 0.407038 0.242063 0.405462 0.226891 0.401611 0.220355 0.397759 0.211485 0.394783 0.202381 0.390056 0.188142 0.380077 0.181139 0.373775 0.175070 0.371324 0.164799 0.371499 0.116013 0.376401 0.091970 0.381303 0.076564 0.385679 0.066527 0.389356 0.036415 0.402486 0.015173 0.416492 0.012838 0.418242 0.012138 0.419993 0.008637 0.421919 0.005135 0.425245 0.005135 0.427346
1 0.106909 0.512080 0.109010 0.518732 0.111111 0.520658 0.126984 0.526786 0.147292 0.530637 0.150093 0.530287 0.154528 0.532738 0.185107 0.535714 0.196545 0.535539 0.199346 0.534664 0.204482 0.535364 0.244865 0.535189 0.247666 0.536064 0.251867 0.535889 0.255135 0.536940 0.264706 0.537815 0.289683 0.537465 0.296685 0.535889 0.300654 0.533613 0.304855 0.524335 0.313959 0.513480 0.330766 0.499475 0.337768 0.494923 0.347572 0.490721 0.358077 0.484769 0.365313 0.481618 0.383754 0.475840 0.387021 0.473915 0.390756 0.472864 0.393324 0.470588 0.393324 0.463410 0.390990 0.459909 0.384921 0.459909 0.372549 0.456758 0.359477 0.450280 0.353875 0.446254 0.344071 0.437150 0.338702 0.428571 0.334967 0.417542 0.330299 0.413690 0.327965 0.413165 0.312325 0.413165 0.297386 0.411415 0.292717 0.411765 0.289916 0.411239 0.281279 0.412115 0.271709 0.411940 0.268207 0.411239 0.261905 0.411415 0.257937 0.412465 0.227358 0.415616 0.203081 0.420693 0.188142 0.425245 0.171802 0.432248 0.149627 0.445728 0.139589 0.453431 0.137722 0.456232 0.133520 0.459034 0.119748 0.474090 0.111111 0.488620 0.107610 0.505252 0.106909 0.512080
1 0.335668 0.414916 0.338235 0.420518 0.340336 0.428571 0.348739 0.440126 0.355509 0.446078 0.362745 0.450980 0.376517 0.456408 0.390990 0.458683 0.397759 0.460784 0.414799 0.460959 0.434407 0.459034 0.453315 0.458859 0.468254 0.456408 0.503268 0.455357 0.519141 0.455532 0.521942 0.454307 0.524043 0.451681 0.525677 0.439251 0.534080 0.427346 0.542250 0.421919 0.544818 0.419293 0.573063 0.401786 0.614379 0.381303 0.628151 0.371499 0.642390 0.362745 0.643324 0.359944 0.642624 0.356092 0.637955 0.347864 0.632820 0.344013 0.630019 0.340686 0.624183 0.336485 0.618347 0.333508 0.600140 0.328081 0.587768 0.326155 0.581466 0.323529 0.566993 0.320028 0.550654 0.317577 0.542017 0.318277 0.512372 0.315826 0.466620 0.318803 0.444444 0.323004 0.427638 0.327381 0.397292 0.338410 0.378385 0.347864 0.365313 0.356793 0.350140 0.372199 0.341270 0.387080 0.335901 0.404412 0.335668 0.414916
1 0.716153 0.331583 0.717554 0.332108 0.733427 0.331583 0.740196 0.330357 0.752568 0.330532 0.758170 0.331758 0.775677 0.333158 0.786881 0.335609 0.795752 0.336660 0.800187 0.338585 0.804155 0.338585 0.809524 0.342262 0.822362 0.347164 0.840103 0.358718 0.849440 0.368697 0.852708 0.375525 0.855042 0.387080 0.860177 0.400910 0.861578 0.407738 0.861578 0.415091 0.862745 0.416667 0.866480 0.416667 0.883520 0.411590 0.904528 0.406688 0.911298 0.404412 0.923669 0.398810 0.929272 0.397234 0.945845 0.389531 0.963585 0.376576 0.973856 0.363796 0.978992 0.352416 0.981326 0.341912 0.981092 0.334209 0.978992 0.327031 0.972456 0.314076 0.962418 0.301471 0.949580 0.291842 0.936975 0.285189 0.915500 0.277486 0.894024 0.272934 0.858543 0.272584 0.856676 0.273284 0.841503 0.274860 0.824463 0.278711 0.807190 0.284664 0.797152 0.290441 0.792717 0.292017 0.786415 0.296394 0.780112 0.299370 0.776377 0.303746 0.769374 0.309174 0.757236 0.316352 0.746732 0.321078 0.745331 0.322829 0.742530 0.323529 0.734127 0.323354 0.727124 0.325980 0.719421 0.327206 0.716853 0.328256 0.716153 0.331583
1 0.673903 0.170518 0.672035 0.171744 0.674603 0.172969 0.692577 0.175595 0.699580 0.177521 0.706349 0.179622 0.715219 0.183298 0.717087 0.184699 0.734827 0.190826 0.756069 0.203431 0.771242 0.215861 0.784080 0.232843 0.791783 0.248424 0.793184 0.256653 0.793184 0.268557 0.791317 0.282913 0.793184 0.284489 0.803922 0.283789 0.828198 0.275560 0.841036 0.272759 0.863912 0.269958 0.866947 0.269083 0.871148 0.266632 0.880019 0.264006 0.883287 0.260854 0.887021 0.259279 0.902661 0.248950 0.911298 0.240196 0.917600 0.236169 0.921335 0.231092 0.925303 0.228466 0.928571 0.228641 0.930205 0.227766 0.931839 0.223739 0.935574 0.222689 0.937442 0.220413 0.937442 0.208333 0.938375 0.206408 0.936275 0.203081 0.934174 0.192752 0.936975 0.189076 0.935808 0.188200 0.933707 0.188725 0.931373 0.186450 0.930205 0.181197 0.928805 0.180497 0.923203 0.173845 0.920168 0.172094 0.915966 0.167192 0.905696 0.160014 0.888422 0.154062 0.884220 0.151611 0.876517 0.150385 0.873016 0.149160 0.862512 0.148284 0.859244 0.146709 0.856443 0.147059 0.854108 0.146183 0.828665 0.144433 0.814893 0.141807 0.787115 0.139706 0.768674 0.140056 0.751167 0.142157 0.720822 0.147934 0.696312 0.156338 0.692344 0.158613 0.689076 0.159489 0.675303 0.168242 0.673903 0.170518
1 0.610411 0.096989 0.614613 0.106443 0.623016 0.117472 0.633520 0.127451 0.642857 0.133228 0.648693 0.138305 0.664566 0.145658 0.688842 0.153361 0.697012 0.153711 0.702848 0.152836 0.721055 0.146534 0.748133 0.141457 0.768441 0.139181 0.789916 0.138831 0.824697 0.141632 0.838469 0.144608 0.851541 0.144083 0.864146 0.135854 0.868814 0.133228 0.873716 0.132003 0.877218 0.129202 0.885621 0.124650 0.894258 0.116597 0.905462 0.095238 0.907096 0.088410 0.907096 0.078081 0.904528 0.064076 0.899160 0.051821 0.894024 0.043768 0.876984 0.026085 0.868114 0.020658 0.851774 0.008754 0.845005 0.007528 0.831933 0.003151 0.818627 0.002276 0.789916 0.002451 0.761905 0.008228 0.756536 0.009979 0.729925 0.020133 0.716853 0.025735 0.715453 0.027486 0.675303 0.041492 0.671802 0.043417 0.647292 0.050770 0.623483 0.064076 0.613679 0.071254 0.612045 0.074580 0.610411 0.090686 0.610411 0.096989
1 0.535714 0.000000 0.535714 0.001576 0.546919 0.003676 0.549020 0.005252 0.553455 0.006303 0.562325 0.009979 0.576097 0.017682 0.588002 0.026085 0.591270 0.029937 0.610177 0.059524 0.609711 0.064601 0.612745 0.069853 0.619514 0.064951 0.623016 0.064076 0.643557 0.051821 0.650794 0.048845 0.658263 0.046919 0.663632 0.043417 0.664799 0.037290 0.664566 0.032388 0.662465 0.025385 0.655929 0.012255 0.657796 0.008578 0.652894 0.006828 0.648459 0.002976 0.647292 0.000000 0.535714 0.000000
1 0.653828 0.000000 0.653828 0.001576 0.657796 0.005252 0.663632 0.008578 0.675070 0.013305 0.682540 0.014531 0.689076 0.017332 0.707283 0.021008 0.720822 0.022759 0.731326 0.020133 0.747199 0.013480 0.765406 0.007353 0.787815 0.002801 0.807423 0.001576 0.807423 0.000000 0.653828 0.000000
1 0.859010 0.427346 0.847806 0.446254 0.855509 0.452731 0.862045 0.460084 0.865546 0.462185 0.866246 0.466912 0.868814 0.469888 0.872782 0.478116 0.876751 0.480392 0.883754 0.477941 0.887021 0.477591 0.894491 0.474090 0.901261 0.470413 0.915733 0.459909 0.920168 0.453256 0.923669 0.449580 0.925303 0.444853 0.928571 0.432423 0.928338 0.418242 0.922969 0.404062 0.921802 0.402661 0.920635 0.402661 0.913632 0.404062 0.874883 0.415441 0.866246 0.417542 0.862745 0.417717 0.860878 0.420343 0.859010 0.427346
1 0.718954 0.512080 0.769141 0.521534 0.783147 0.526261 0.788749 0.529937 0.793417 0.531688 0.797386 0.533964 0.808824 0.543067 0.820962 0.564076 0.823763 0.564076 0.821895 0.560924 0.822596 0.557598 0.824697 0.556898 0.828431 0.553221 0.838469 0.548319 0.847106 0.542192 0.857143 0.532913 0.862512 0.526085 0.868347 0.515056 0.873483 0.500875 0.875350 0.484769 0.874883 0.480917 0.872782 0.478992 0.867647 0.469713 0.865546 0.463410 0.862278 0.461134 0.860878 0.458158 0.858777 0.456933 0.854108 0.451506 0.849206 0.448004 0.845472 0.448004 0.825163 0.464811 0.808357 0.475315 0.779178 0.489496 0.755602 0.497899 0.751634 0.500350 0.740430 0.504202 0.732493 0.505602 0.727591 0.507703 0.721755 0.509104 0.718954 0.512080
1 0.874883 0.498249 0.875584 0.499300 0.886788 0.504027 0.890056 0.506478 0.902661 0.513130 0.911765 0.520133 0.921569 0.531162 0.925303 0.533263 0.929272 0.528711 0.939309 0.520483 0.943044 0.516282 0.946545 0.511730 0.953081 0.498249 0.954482 0.487395 0.953548 0.478817 0.950980 0.473039 0.946312 0.466036 0.940943 0.459909 0.929038 0.451856 0.925303 0.450280 0.921569 0.452906 0.919468 0.456583 0.915733 0.460434 0.909664 0.465161 0.889589 0.477066 0.876751 0.481092 0.875117 0.483543 0.874883 0.498249
1 0.303455 0.536239 0.305322 0.542017 0.314192 0.555497 0.319795 0.560574 0.330766 0.567927 0.338469 0.571604 0.341970 0.575105 0.348506 0.577381 0.352007 0.579832 0.369748 0.586835 0.372782 0.587185 0.383520 0.591211 0.387021 0.591211 0.390289 0.592787 0.394258 0.593487 0.401027 0.593838 0.408263 0.592962 0.420868 0.592787 0.425770 0.591912 0.428571 0.592612 0.446312 0.592262 0.473856 0.589811 0.485994 0.586835 0.501634 0.584559 0.505135 0.582283 0.514939 0.572654 0.522642 0.566702 0.532913 0.561625 0.542873 0.554330 0.550420 0.549895 0.554388 0.548669 0.577498 0.536064 0.581699 0.535189 0.597339 0.529062 0.600607 0.525560 0.602007 0.514881 0.601074 0.512080 0.595238 0.508754 0.586368 0.505952 0.571662 0.499650 0.559757 0.493172 0.552988 0.487920 0.549720 0.486520 0.539216 0.477941 0.525910 0.459734 0.518908 0.458158 0.507703 0.457283 0.486928 0.457108 0.480626 0.456408 0.432306 0.462360 0.428805 0.463936 0.414332 0.465511 0.402194 0.470238 0.390523 0.473739 0.379085 0.478641 0.371849 0.479517 0.341737 0.493697 0.328898 0.501926 0.313959 0.514706 0.307190 0.523284 0.303922 0.531338 0.303455 0.536239
1 0.064426 0.630602 0.066760 0.637255 0.070962 0.641632 0.074930 0.642507 0.078198 0.644783 0.119748 0.654062 0.127218 0.654587 0.133754 0.656338 0.144491 0.656513 0.147759 0.657913 0.157096 0.659664 0.171569 0.661415 0.189076 0.666141 0.210317 0.670343 0.236695 0.672444 0.258403 0.671744 0.268441 0.670168 0.281279 0.666317 0.287348 0.655987 0.301587 0.637080 0.309057 0.628501 0.315826 0.622199 0.321195 0.618697 0.336368 0.610994 0.359711 0.602766 0.362979 0.602591 0.367180 0.600840 0.370215 0.598915 0.370448 0.594713 0.368347 0.589811 0.366246 0.587710 0.358777 0.584909 0.351541 0.583333 0.346405 0.579657 0.345238 0.577906 0.343371 0.577381 0.334500 0.571254 0.329599 0.569328 0.323529 0.565126 0.313492 0.556898 0.308824 0.550245 0.303688 0.545343 0.267507 0.542367 0.253735 0.542542 0.245565 0.543768 0.234127 0.543943 0.219655 0.545168 0.193978 0.545693 0.175070 0.548144 0.166667 0.550245 0.165033 0.552346 0.154528 0.553046 0.148226 0.554972 0.137021 0.560224 0.119514 0.566877 0.095705 0.579482 0.091503 0.582458 0.084267 0.589986 0.081232 0.592087 0.074230 0.600840 0.069328 0.609944 0.066760 0.612570 0.063259 0.622024 0.064426 0.630602
0 0.525910 0.452906 0.528245 0.458683 0.536415 0.472164 0.541550 0.477941 0.550887 0.485294 0.563725 0.493522 0.579132 0.501576 0.602007 0.509629 0.610644 0.511555 0.618581 0.514356 0.636321 0.516632 0.645191 0.517157 0.672035 0.516982 0.697479 0.513480 0.710784 0.509804 0.727358 0.507003 0.734594 0.504377 0.741130 0.503501 0.751867 0.499825 0.756303 0.496849 0.764472 0.493522 0.782913 0.487395 0.810924 0.473214 0.824463 0.464636 0.831232 0.458158 0.838702 0.452731 0.847339 0.444328 0.852941 0.436975 0.859711 0.418768 0.859711 0.404762 0.858077 0.401261 0.857843 0.397584 0.853408 0.386555 0.852241 0.376401 0.849206 0.369748 0.843371 0.362570 0.839402 0.359069 0.824463 0.348739 0.813725 0.345063 0.809524 0.341562 0.799953 0.339636 0.782913 0.334909 0.769841 0.333333 0.740430 0.331933 0.713352 0.334734 0.689076 0.340511 0.678571 0.344363 0.651027 0.358193 0.618814 0.379377 0.589169 0.395133 0.577031 0.400560 0.564192 0.408088 0.553688 0.415616 0.550420 0.416317 0.547619 0.418067 0.536181 0.426296 0.532213 0.430497 0.526611 0.439951 0.525910 0.452906
1 0.283847 0.679097 0.286181 0.685574 0.293184 0.690476 0.320495 0.703431 0.401027 0.729167 0.428571 0.733718 0.460551 0.736870 0.498366 0.736345 0.518908 0.731618 0.524043 0.729517 0.530112 0.728291 0.537815 0.724790 0.546685 0.722339 0.560691 0.713761 0.564893 0.709909 0.568394 0.708508 0.577264 0.700105 0.582400 0.692752 0.586835 0.683123 0.588002 0.669643 0.586835 0.661415 0.584734 0.659839 0.574697 0.657563 0.566293 0.654412 0.561391 0.653711 0.549020 0.649685 0.529412 0.641457 0.522642 0.637780 0.517507 0.633578 0.511905 0.630427 0.503735 0.622899 0.500467 0.617472 0.496499 0.605392 0.494398 0.603116 0.484360 0.599265 0.473856 0.597164 0.470121 0.597514 0.463585 0.595413 0.394024 0.596464 0.383754 0.599440 0.373016 0.601015 0.366947 0.603291 0.359244 0.604867 0.355509 0.607318 0.352007 0.608543 0.341737 0.610119 0.336601 0.612045 0.321662 0.619573 0.312558 0.626225 0.306022 0.633403 0.286415 0.659664 0.283847 0.668067 0.283847 0.679097
1 0.499300 0.609769 0.501634 0.616422 0.508403 0.626401 0.524510 0.637080 0.531513 0.639881 0.542951 0.646008 0.563959 0.653011 0.581699 0.656338 0.595472 0.661415 0.600892 0.660714 0.651027 0.660364 0.668301 0.657738 0.707049 0.648985 0.716853 0.645308 0.736928 0.639356 0.744164 0.635679 0.755135 0.632353 0.769141 0.625700 0.796685 0.610644 0.810924 0.599265 0.817694 0.585259 0.819795 0.576856 0.816993 0.567402 0.816060 0.557073 0.811158 0.548669 0.806723 0.543242 0.796919 0.535014 0.782913 0.527486 0.769141 0.522409 0.734127 0.515756 0.713119 0.513480 0.699346 0.515231 0.678805 0.519958 0.666900 0.519608 0.662232 0.518732 0.647059 0.518732 0.633987 0.520308 0.629785 0.521884 0.623016 0.522409 0.584734 0.535014 0.566760 0.542717 0.560224 0.546919 0.544351 0.554972 0.529412 0.564776 0.518441 0.570728 0.504202 0.585084 0.498833 0.598039 0.499300 0.609769
1 0.589402 0.687850 0.592204 0.699580 0.594071 0.703606 0.597806 0.708683 0.609010 0.712885 0.610644 0.714286 0.615780 0.716387 0.643091 0.723389 0.668067 0.726190 0.717787 0.726541 0.755836 0.724965 0.768908 0.722339 0.793651 0.713761 0.805322 0.707983 0.816760 0.699930 0.820261 0.696078 0.823996 0.693978 0.833333 0.684699 0.841270 0.671919 0.846172 0.657563 0.846872 0.643207 0.845005 0.633578 0.836368 0.619398 0.831466 0.613270 0.826097 0.609419 0.824463 0.607318 0.813959 0.601366 0.811158 0.601716 0.807190 0.603817 0.795051 0.613095 0.767507 0.627276 0.731559 0.641807 0.717320 0.645308 0.710784 0.647934 0.697246 0.651436 0.692344 0.653361 0.672502 0.657913 0.652194 0.660539 0.644024 0.660539 0.634220 0.661590 0.621148 0.660714 0.604575 0.661239 0.595238 0.660539 0.592670 0.661415 0.591270 0.664916 0.589402 0.687850
1 0.819328 0.563901 0.821195 0.565826 0.826097 0.566702 0.831699 0.569503 0.832866 0.571078 0.832866 0.574580 0.829832 0.575630 0.824697 0.574580 0.821662 0.574755 0.821429 0.578256 0.815126 0.595413 0.814659 0.598915 0.826564 0.607668 0.835201 0.615196 0.839402 0.616597 0.844771 0.617297 0.855742 0.616597 0.868114 0.613796 0.891457 0.611345 0.898459 0.607668 0.908263 0.604692 0.916667 0.599965 0.919468 0.597514 0.928805 0.585084 0.933007 0.574580 0.933940 0.566176 0.932306 0.554447 0.928571 0.544293 0.922035 0.532388 0.914099 0.522584 0.903361 0.514181 0.897292 0.511029 0.893791 0.508053 0.880019 0.501576 0.877218 0.500875 0.874883 0.501576 0.873016 0.503676 0.870682 0.511380 0.862512 0.527311 0.848506 0.541492 0.839402 0.548144 0.828198 0.553746 0.826797 0.555147 0.821195 0.557248 0.817460 0.557073 0.819328 0.563901
1 0.720355 0.512080 0.723623 0.513130 0.753268 0.517682 0.759570 0.519608 0.769608 0.521359 0.783613 0.526436 0.788282 0.529587 0.798086 0.534314 0.804855 0.539391 0.811391 0.546043 0.820261 0.564251 0.824463 0.564951 0.825397 0.563725 0.822829 0.560924 0.823763 0.557423 0.829365 0.552521 0.838469 0.547969 0.845705 0.542892 0.856676 0.533088 0.862278 0.525910 0.869748 0.511380 0.873249 0.500700 0.874183 0.493347 0.874183 0.480917 0.864379 0.463585 0.853875 0.451856 0.849206 0.448529 0.845472 0.448179 0.825397 0.464636 0.803221 0.477941 0.787815 0.485819 0.755836 0.498074 0.752101 0.500350 0.739963 0.504377 0.734827 0.505077 0.727591 0.507703 0.722689 0.508578 0.720822 0.511029 0.720355 0.512080
1 0.906629 0.248249 0.908263 0.248950 0.914799 0.248775 0.920635 0.249650 0.926704 0.251401 0.931139 0.253151 0.940943 0.259279 0.961251 0.275210 0.971755 0.285364 0.976657 0.290441 0.979458 0.295343 0.980859 0.300245 0.984360 0.303396 0.987862 0.298845 0.989496 0.293592 0.990430 0.287815 0.989963 0.279412 0.988095 0.272584 0.984827 0.265756 0.973856 0.255252 0.960084 0.247199 0.950514 0.243873 0.939309 0.241772 0.922035 0.235644 0.914799 0.238620 0.911998 0.241422 0.906629 0.248249
1 0.870448 0.271008 0.868347 0.272584 0.873249 0.273284 0.879318 0.272059 0.884687 0.271884 0.901261 0.273634 0.915033 0.276611 0.935808 0.284839 0.947946 0.290791 0.956116 0.296218 0.968021 0.306723 0.980859 0.326856 0.983894 0.314601 0.983660 0.310749 0.982726 0.305847 0.977124 0.292367 0.973389 0.288866 0.970822 0.284664 0.957750 0.272234 0.945612 0.262605 0.928805 0.251576 0.908030 0.248775 0.904295 0.249475 0.900093 0.251401 0.881419 0.263480 0.871382 0.269083 0.870448 0.271008
1 0.001867 0.552871 0.000000 0.553046 0.000000 0.591912 0.014239 0.603116 0.028011 0.610294 0.043417 0.615546 0.053455 0.617997 0.061858 0.618873 0.064192 0.618172 0.069561 0.606443 0.083333 0.589461 0.094304 0.579482 0.098739 0.577906 0.107610 0.572479 0.111111 0.570903 0.197246 0.544293 0.207049 0.544118 0.211044 0.542892 0.222689 0.542717 0.224790 0.541842 0.225957 0.539741 0.222689 0.537815 0.221755 0.536415 0.213819 0.535189 0.206816 0.535714 0.203081 0.537290 0.195845 0.536940 0.192810 0.535889 0.175070 0.536239 0.161765 0.533964 0.150093 0.533088 0.144024 0.532038 0.119981 0.525210 0.111345 0.521709 0.107843 0.518732 0.105976 0.510154 0.106909 0.500000 0.105742 0.497374 0.102007 0.496674 0.099440 0.497899 0.090103 0.500175 0.059757 0.513480 0.042951 0.523459 0.021942 0.534489 0.010738 0.542542 0.001867 0.552871
1 0.008637 0.710609 0.011671 0.717612 0.021242 0.727766 0.035948 0.737045 0.047619 0.741947 0.057190 0.744923 0.077498 0.748950 0.091503 0.750175 0.105976 0.749475 0.124183 0.746148 0.128151 0.743697 0.138889 0.723564 0.144725 0.715686 0.154062 0.705532 0.169701 0.694328 0.191176 0.685049 0.203081 0.682073 0.215453 0.677171 0.225724 0.675245 0.216153 0.671744 0.208683 0.670693 0.165266 0.661415 0.158030 0.660889 0.147526 0.658088 0.126517 0.655637 0.094304 0.649510 0.084500 0.646884 0.077965 0.646709 0.044585 0.666842 0.037582 0.671744 0.031279 0.677871 0.025677 0.681898 0.014472 0.694328 0.008870 0.706408 0.008637 0.710609
1 0.129552 0.761204 0.133053 0.769083 0.140756 0.775910 0.147526 0.780112 0.157796 0.784664 0.182073 0.790616 0.195145 0.792367 0.244631 0.796744 0.270775 0.795693 0.280112 0.794468 0.310691 0.792367 0.314192 0.789391 0.321195 0.780812 0.334267 0.769083 0.336835 0.765406 0.370915 0.746674 0.394491 0.737920 0.397993 0.735119 0.398459 0.733894 0.395425 0.730392 0.382586 0.723915 0.323529 0.706232 0.317927 0.703081 0.308590 0.699755 0.303455 0.696429 0.293417 0.692052 0.286881 0.688025 0.284314 0.685224 0.281046 0.672969 0.279412 0.671744 0.275677 0.671394 0.257236 0.674020 0.247666 0.674195 0.244865 0.674895 0.233427 0.674370 0.227824 0.675420 0.193277 0.685224 0.169935 0.695203 0.158730 0.703081 0.151494 0.709559 0.144725 0.717087 0.133287 0.734594 0.129552 0.750700 0.129552 0.761204
1 0.034547 0.849090 0.036648 0.859419 0.043184 0.872374 0.050420 0.880427 0.056723 0.884629 0.063959 0.887955 0.070495 0.889181 0.081466 0.889531 0.099440 0.888305 0.109244 0.886204 0.111111 0.882878 0.112278 0.875000 0.113912 0.872024 0.121382 0.863971 0.128385 0.858018 0.168301 0.838410 0.172035 0.837710 0.184174 0.832808 0.189076 0.830007 0.199580 0.826331 0.213352 0.819153 0.217320 0.816352 0.227824 0.811975 0.231092 0.809349 0.243464 0.802171 0.248133 0.800245 0.245331 0.798494 0.239262 0.796919 0.220121 0.795868 0.184874 0.791842 0.164799 0.786239 0.155462 0.784489 0.146359 0.780637 0.133987 0.771359 0.128618 0.762955 0.128151 0.758403 0.126517 0.755952 0.120215 0.757703 0.084967 0.778711 0.060458 0.798319 0.048086 0.811625 0.041550 0.821078 0.040850 0.824405 0.038749 0.827031 0.036181 0.834034 0.034781 0.842612 0.034547 0.849090
1 0.112745 0.889181 0.114379 0.894083 0.119514 0.903186 0.124883 0.910014 0.133520 0.917017 0.137722 0.918943 0.140990 0.922619 0.147292 0.926471 0.152661 0.929622 0.173903 0.936450 0.192577 0.939076 0.206116 0.940301 0.214052 0.940301 0.217087 0.941176 0.230859 0.939951 0.244164 0.927696 0.264939 0.912115 0.279645 0.903361 0.293417 0.896709 0.315126 0.888130 0.334734 0.881828 0.349440 0.877976 0.393791 0.869923 0.397526 0.866246 0.388189 0.860994 0.376984 0.858368 0.373249 0.856793 0.355042 0.852941 0.346872 0.849965 0.334967 0.845063 0.331232 0.842787 0.320962 0.839111 0.313259 0.834034 0.306489 0.824755 0.304388 0.817577 0.305556 0.804097 0.307890 0.800420 0.308824 0.796394 0.307190 0.794993 0.303221 0.794118 0.262138 0.797619 0.258870 0.798144 0.249066 0.801821 0.232726 0.809524 0.202381 0.825980 0.174603 0.838060 0.164332 0.841211 0.158730 0.844713 0.148459 0.848915 0.135621 0.855567 0.124416 0.862220 0.117880 0.869398 0.112512 0.877276 0.112745 0.889181
1 0.306022 0.810049 0.306256 0.818277 0.313492 0.832108 0.321429 0.837710 0.331232 0.841562 0.341036 0.846464 0.352241 0.850140 0.355976 0.852416 0.384220 0.858543 0.418067 0.867647 0.425303 0.868347 0.434641 0.870973 0.452614 0.874300 0.469888 0.876401 0.477358 0.876576 0.480859 0.875175 0.489029 0.868522 0.497199 0.863796 0.514006 0.856443 0.525677 0.852591 0.529178 0.850315 0.544585 0.844538 0.561858 0.839461 0.572129 0.835259 0.581933 0.832458 0.610177 0.820553 0.613212 0.817577 0.618581 0.804972 0.619981 0.788690 0.617880 0.778361 0.611345 0.770658 0.606209 0.766632 0.602708 0.759979 0.593137 0.751401 0.580999 0.745448 0.563492 0.741597 0.546685 0.739146 0.533380 0.737570 0.522409 0.737570 0.519141 0.735819 0.510037 0.737395 0.472289 0.739496 0.450747 0.738796 0.442344 0.737045 0.421335 0.735119 0.390523 0.741597 0.380019 0.744748 0.364846 0.750700 0.350840 0.758578 0.339169 0.765931 0.337535 0.768557 0.332633 0.772409 0.331232 0.775210 0.327965 0.776786 0.319561 0.784839 0.312558 0.793417 0.307190 0.805497 0.306022 0.810049
1 0.748133 0.732493 0.749300 0.734244 0.751634 0.735119 0.758637 0.734769 0.763072 0.733193 0.774043 0.733018 0.783380 0.731618 0.804622 0.733543 0.817927 0.735644 0.832166 0.739671 0.848739 0.748599 0.855509 0.750875 0.859010 0.750700 0.860878 0.748599 0.872782 0.745798 0.887722 0.740021 0.890523 0.738270 0.894024 0.737570 0.917134 0.721814 0.930205 0.708333 0.938142 0.693978 0.940009 0.685224 0.940009 0.678396 0.936508 0.668242 0.928805 0.655287 0.913165 0.641106 0.904528 0.636204 0.894258 0.632003 0.879785 0.629727 0.859711 0.627801 0.848973 0.627451 0.843838 0.628676 0.842204 0.630077 0.845705 0.637080 0.847106 0.643908 0.847339 0.651436 0.846172 0.659139 0.845005 0.664741 0.838469 0.677696 0.832866 0.685924 0.819561 0.698704 0.813725 0.702206 0.810691 0.705182 0.799486 0.711660 0.789683 0.715686 0.786415 0.716211 0.783847 0.718137 0.776611 0.720763 0.765873 0.723214 0.758637 0.726015 0.750700 0.726891 0.748133 0.729692 0.748133 0.732493
1 0.939076 0.685574 0.938609 0.692577 0.933240 0.703606 0.924136 0.714636 0.913866 0.724440 0.890990 0.738796 0.871615 0.746324 0.859477 0.748775 0.855742 0.751401 0.859010 0.755077 0.871148 0.764706 0.876050 0.769958 0.880019 0.772234 0.887021 0.771884 0.901027 0.769083 0.920635 0.762780 0.935574 0.755077 0.950047 0.742297 0.953782 0.737570 0.959851 0.727416 0.960784 0.724440 0.964052 0.710609 0.963352 0.703256 0.960317 0.695553 0.950980 0.684524 0.949813 0.681723 0.946312 0.679447 0.942810 0.678571 0.942577 0.677171 0.939076 0.685574
1 0.646359 0.798845 0.647526 0.809874 0.654295 0.810224 0.657563 0.811450 0.662932 0.812150 0.678571 0.812500 0.699346 0.816001 0.717554 0.821254 0.735994 0.829482 0.748833 0.836485 0.763072 0.847514 0.777311 0.862570 0.784547 0.874650 0.786415 0.876751 0.789683 0.878501 0.796919 0.877976 0.800980 0.876401 0.824930 0.875350 0.831699 0.874300 0.843137 0.870273 0.845472 0.870273 0.849673 0.867822 0.852241 0.867297 0.855976 0.864496 0.865780 0.860819 0.870215 0.856793 0.873249 0.855917 0.886555 0.841387 0.889589 0.835434 0.892624 0.825455 0.894258 0.807073 0.889122 0.789741 0.879318 0.774685 0.870915 0.766106 0.865079 0.761905 0.859711 0.756653 0.839636 0.744223 0.823996 0.738095 0.809757 0.735469 0.796685 0.734244 0.778478 0.734244 0.765406 0.735119 0.727591 0.743873 0.720588 0.744223 0.692810 0.751401 0.677871 0.757703 0.663399 0.765231 0.651961 0.778536 0.646825 0.790616 0.646359 0.798845
1 0.788049 0.883578 0.790850 0.889181 0.795051 0.891282 0.807190 0.893207 0.811625 0.892857 0.813725 0.893382 0.817694 0.892332 0.824463 0.891982 0.848739 0.886905 0.866480 0.880777 0.888189 0.867297 0.894725 0.860994 0.903595 0.848739 0.908263 0.837010 0.909897 0.826331 0.908263 0.811625 0.906629 0.807248 0.901027 0.798494 0.894024 0.791667 0.892624 0.791842 0.891457 0.793417 0.893324 0.799720 0.895425 0.814426 0.891690 0.832283 0.884454 0.844188 0.877451 0.852766 0.868114 0.858543 0.862745 0.863095 0.843838 0.870798 0.820495 0.876401 0.810458 0.877276 0.807190 0.878326 0.789916 0.879552 0.788282 0.881478 0.788049 0.883578
1 0.519608 0.734244 0.521942 0.735294 0.560924 0.740196 0.574930 0.743522 0.588002 0.747724 0.614379 0.769608 0.616246 0.772934 0.620215 0.776436 0.626517 0.775385 0.632820 0.772934 0.637255 0.772059 0.642857 0.769783 0.647993 0.766282 0.655929 0.764181 0.657796 0.761730 0.661298 0.761905 0.670868 0.754902 0.683940 0.741597 0.686741 0.737920 0.689076 0.730217 0.687208 0.728116 0.684641 0.727416 0.663866 0.726541 0.644725 0.724265 0.629785 0.719888 0.620215 0.717962 0.611578 0.714986 0.608077 0.712710 0.598506 0.708683 0.594538 0.705707 0.592904 0.703256 0.588235 0.688725 0.584967 0.690126 0.583100 0.694153 0.576331 0.702381 0.570028 0.708158 0.561158 0.714636 0.532680 0.728641 0.522409 0.731092 0.519608 0.734244
1 0.840570 0.620098 0.841970 0.624650 0.845472 0.626401 0.873483 0.628501 0.890756 0.631478 0.902194 0.635154 0.914799 0.641457 0.918534 0.638831 0.925303 0.630252 0.928805 0.622549 0.929739 0.609769 0.927871 0.598915 0.924837 0.595588 0.921802 0.594888 0.912465 0.602066 0.889823 0.610819 0.874650 0.612745 0.869748 0.614146 0.841270 0.618697 0.840570 0.620098
1 0.802054 0.904412 0.803221 0.908088 0.808824 0.916667 0.810691 0.922094 0.811858 0.936625 0.809991 0.948004 0.805789 0.956408 0.804855 0.960259 0.806956 0.963410 0.810924 0.966211 0.831699 0.976015 0.841737 0.977416 0.852007 0.977941 0.865313 0.980042 0.880486 0.986695 0.886088 0.987570 0.888889 0.987045 0.901027 0.987395 0.929038 0.985119 0.939076 0.982668 0.949113 0.981793 0.970822 0.974440 0.975257 0.972164 0.984827 0.965336 0.992530 0.954657 0.996265 0.944153 0.996032 0.932773 0.994631 0.926996 0.987628 0.915266 0.977591 0.904587 0.959617 0.890056 0.945845 0.883578 0.925303 0.875525 0.907096 0.872374 0.887021 0.870448 0.883520 0.871499 0.867880 0.881127 0.859477 0.884454 0.848739 0.887430 0.837768 0.891457 0.831232 0.891807 0.824930 0.893382 0.820728 0.893557 0.817694 0.894783 0.813959 0.894608 0.805789 0.900910 0.802054 0.904412
0 0.471522 0.901611 0.473856 0.914916 0.480859 0.928922 0.487862 0.938550 0.498133 0.949580 0.517040 0.964286 0.524977 0.968137 0.535948 0.975490 0.546685 0.979342 0.566527 0.984244 0.570962 0.986695 0.580532 0.987570 0.584034 0.988620 0.584734 0.991246 0.588469 0.992297 0.594304 0.991071 0.605509 0.990021 0.619748 0.990546 0.647292 0.988620 0.654062 0.987220 0.658263 0.987395 0.692577 0.978992 0.695845 0.975140 0.706116 0.973389 0.713352 0.973039 0.728291 0.965161 0.744164 0.958158 0.765640 0.943277 0.779412 0.930147 0.784314 0.922969 0.788982 0.911765 0.790383 0.903011 0.792250 0.900910 0.791550 0.897584 0.788515 0.893207 0.784080 0.877276 0.776377 0.862570 0.762605 0.848039 0.754902 0.841737 0.747666 0.837010 0.734360 0.829657 0.721989 0.824230 0.713352 0.820903 0.703315 0.818102 0.678571 0.813375 0.657096 0.813200 0.651494 0.812325 0.644258 0.813550 0.636788 0.813550 0.609944 0.821779 0.604342 0.824755 0.594771 0.827906 0.585668 0.832458 0.537582 0.848389 0.501867 0.862570 0.489729 0.869573 0.479692 0.877276 0.473856 0.883929 0.471755 0.891282 0.471522 0.901611
1 0.215453 0.990371 0.219421 0.998249 0.219421 0.999825 0.493931 0.999825 0.494865 0.997549 0.499767 0.993873 0.508403 0.982843 0.513072 0.978641 0.515873 0.973915 0.516106 0.967787 0.512372 0.961660 0.496965 0.949930 0.484127 0.935749 0.475724 0.921919 0.472923 0.915441 0.470121 0.901436 0.471055 0.890056 0.472923 0.883754 0.471522 0.879552 0.469888 0.878326 0.458450 0.876225 0.444678 0.875175 0.428105 0.871849 0.421335 0.871148 0.405229 0.872024 0.401027 0.873074 0.383520 0.873424 0.369281 0.874825 0.341970 0.880252 0.300420 0.894608 0.272409 0.907913 0.258637 0.917717 0.253501 0.922269 0.247899 0.925245 0.229692 0.943803 0.225257 0.952731 0.221289 0.957983 0.216853 0.967262 0.214519 0.978466 0.215453 0.990371
1 0.521942 0.980567 0.518674 0.984419 0.519841 0.993873 0.521709 0.999825 0.766340 0.999825 0.772642 0.993347 0.776844 0.991246 0.781513 0.987395 0.785481 0.982143 0.790383 0.977591 0.797386 0.967787 0.805089 0.953957 0.808357 0.946604 0.810924 0.933298 0.810458 0.926296 0.808123 0.918242 0.804622 0.911239 0.798319 0.903011 0.793417 0.898109 0.791317 0.898459 0.790383 0.908613 0.788049 0.917017 0.781046 0.929972 0.771242 0.938200 0.766573 0.943627 0.755135 0.951155 0.751634 0.954307 0.749066 0.955182 0.740663 0.960784 0.730392 0.964811 0.724556 0.968487 0.710551 0.974615 0.699346 0.976015 0.693744 0.978817 0.685107 0.981443 0.661298 0.987045 0.637488 0.989671 0.612512 0.990021 0.604809 0.990721 0.594771 0.990371 0.584034 0.988095 0.580999 0.986169 0.565826 0.984944 0.541317 0.977591 0.529412 0.972689 0.525677 0.972164 0.523343 0.973915 0.521942 0.980567
1 0.119281 0.995973 0.115780 0.998074 0.115780 0.999825 0.217787 0.999825 0.213819 0.987745 0.213352 0.980567 0.215920 0.967962 0.219421 0.959384 0.222689 0.953957 0.226657 0.949580 0.226424 0.946078 0.219655 0.946078 0.198880 0.951856 0.185574 0.956408 0.171802 0.963060 0.158964 0.971113 0.152194 0.973915 0.144725 0.978817 0.140056 0.980742 0.129785 0.987220 0.119981 0.994748 0.119281 0.995973
1 0.041083 0.977416 0.043184 0.984244 0.046218 0.988095 0.048553 0.989671 0.055789 0.999825 0.113912 0.999825 0.147993 0.974965 0.161064 0.969013 0.172269 0.962010 0.185107 0.956232 0.213819 0.946604 0.217320 0.942577 0.210784 0.941001 0.199113 0.940651 0.178338 0.938025 0.169701 0.936099 0.150560 0.929797 0.143791 0.925070 0.139823 0.923319 0.134921 0.918768 0.130952 0.916492 0.130019 0.914916 0.126050 0.912640 0.115546 0.900560 0.112979 0.895833 0.109244 0.895833 0.088002 0.913690 0.082400 0.917017 0.079599 0.919818 0.067460 0.928221 0.059991 0.934874 0.053221 0.942227 0.045985 0.953081 0.042717 0.959559 0.041083 0.966912 0.041083 0.977416
1 0.771008 0.999825 0.895425 0.999825 0.895425 0.998249 0.885854 0.990546 0.866246 0.981443 0.842204 0.978116 0.828198 0.979167 0.817694 0.981092 0.811391 0.983368 0.796919 0.987045 0.783380 0.988445 0.772409 0.995098 0.771008 0.999825
1 0.888422 0.991246 0.895892 0.997024 0.897059 0.999825 0.957750 0.999825 0.957750 0.998249 0.952381 0.995973 0.949346 0.993522 0.936508 0.987220 0.929505 0.985819 0.893791 0.987395 0.888655 0.990196 0.888422 0.991246
1 0.854108 0.144083 0.855042 0.145658 0.858077 0.147584 0.881653 0.152486 0.901961 0.160014 0.908730 0.163515 0.922269 0.174020 0.930205 0.185399 0.933940 0.199055 0.932773 0.210084 0.924603 0.222689 0.924370 0.230217 0.925303 0.230742 0.932073 0.227766 0.950280 0.210609 0.956349 0.200105 0.959851 0.190476 0.962418 0.177871 0.962652 0.168768 0.960551 0.161239 0.956583 0.154412 0.953315 0.150735 0.944211 0.144083 0.932073 0.137605 0.922502 0.133929 0.921802 0.132878 0.908263 0.128676 0.897759 0.127276 0.892857 0.125525 0.886788 0.126050 0.880019 0.130427 0.865079 0.137080 0.862278 0.139181 0.858077 0.140581 0.854575 0.143207 0.854108 0.144083