0 0.746265 0.526498 0.748599 0.538882 0.748133 0.543203 0.752334 0.559908 0.760738 0.603399 0.763305 0.612327 0.775210 0.640265 0.784314 0.650922 0.789683 0.660714 0.793651 0.658410 0.806723 0.662730 0.815826 0.663306 0.831699 0.660714 0.841970 0.656970 0.851307 0.651498 0.860411 0.643721 0.871148 0.631048 0.877218 0.622120 0.883053 0.608871 0.883754 0.604551 0.887255 0.598214 0.890990 0.578053 0.891690 0.562500 0.889356 0.536578 0.885854 0.515265 0.880252 0.494528 0.872549 0.475806 0.859944 0.449309 0.852708 0.438940 0.839169 0.427707 0.824463 0.420219 0.809757 0.420507 0.800654 0.422235 0.792951 0.425403 0.771475 0.442108 0.760037 0.458237 0.749533 0.480991 0.748599 0.488767 0.746732 0.493088 0.746032 0.497984 0.746265 0.526498
0 0.345005 0.323157 0.346172 0.334101 0.349440 0.345622 0.360644 0.373848 0.366480 0.381336 0.369514 0.387385 0.375584 0.394585 0.384220 0.400922 0.397526 0.406106 0.408030 0.407546 0.419701 0.406970 0.428805 0.403226 0.441643 0.394297 0.443744 0.390265 0.447479 0.386521 0.451447 0.376728 0.455415 0.363191 0.462885 0.324885 0.467320 0.310484 0.473156 0.281970 0.475023 0.263249 0.475023 0.257488 0.471755 0.235887 0.468021 0.222062 0.458450 0.202477 0.443744 0.184908 0.435341 0.179147 0.423669 0.173387 0.412232 0.171947 0.404062 0.173099 0.394024 0.177131 0.378852 0.188364 0.369514 0.198733 0.363212 0.209965 0.353641 0.237615 0.350140 0.252304 0.346639 0.269297 0.345238 0.286290 0.345005 0.323157
0 0.491597 0.330069 0.490196 0.335829 0.491597 0.345910 0.493697 0.349654 0.494164 0.352535 0.496032 0.354839 0.497199 0.358871 0.501634 0.363767 0.515406 0.372120 0.522176 0.373848 0.536415 0.374424 0.553922 0.370392 0.560458 0.367512 0.571195 0.360311 0.579832 0.352823 0.588469 0.342742 0.602241 0.319124 0.613912 0.289747 0.616947 0.276786 0.619748 0.269297 0.628385 0.221198 0.628385 0.209965 0.623483 0.181740 0.609711 0.160714 0.602007 0.155242 0.591970 0.151786 0.577965 0.150346 0.567460 0.152362 0.557190 0.157546 0.555789 0.159562 0.543417 0.167915 0.536415 0.173963 0.522409 0.190956 0.508170 0.219182 0.505135 0.230127 0.503035 0.249136 0.501401 0.254896 0.501634 0.258641 0.498133 0.272177 0.497199 0.281682 0.494865 0.290035 0.495098 0.293491 0.491130 0.313652 0.491597 0.330069
0 0.040149 0.231567 0.041550 0.243664 0.047852 0.262961 0.051354 0.269009 0.060458 0.277362 0.073296 0.283986 0.079832 0.285426 0.087768 0.285426 0.098973 0.280818 0.110411 0.269873 0.120215 0.256624 0.135154 0.239055 0.147993 0.213422 0.147759 0.209965 0.151961 0.195565 0.154995 0.179147 0.154528 0.147177 0.152894 0.144009 0.152428 0.139689 0.139122 0.119816 0.130019 0.113479 0.115780 0.110311 0.102007 0.113191 0.092904 0.118088 0.082633 0.128456 0.076564 0.132776 0.070728 0.141129 0.065826 0.145161 0.061391 0.153226 0.054622 0.161290 0.043884 0.189228 0.040383 0.209677 0.040149 0.231567
1 0.329832 0.532834 0.332400 0.550115 0.336134 0.567108 0.338235 0.570853 0.341036 0.581509 0.344771 0.584677 0.350373 0.594758 0.355976 0.599942 0.360878 0.603399 0.369514 0.607143 0.374650 0.608295 0.383987 0.607431 0.395658 0.602247 0.404062 0.595910 0.416200 0.583525 0.436508 0.558468 0.444678 0.544355 0.457750 0.519297 0.463119 0.500576 0.465453 0.466590 0.468487 0.447581 0.468487 0.438076 0.465219 0.421371 0.462418 0.412442 0.449813 0.388537 0.445612 0.387961 0.442344 0.394297 0.436975 0.397465 0.434874 0.400922 0.427871 0.404954 0.421335 0.408122 0.411531 0.409850 0.402894 0.408986 0.391457 0.405818 0.376751 0.396889 0.370215 0.400922 0.365546 0.414459 0.355042 0.436348 0.343838 0.466590 0.343137 0.471774 0.341036 0.477535 0.338469 0.480703 0.336134 0.486751 0.329599 0.517569 0.329832 0.532834
0 0.610411 0.554435 0.608777 0.563940 0.609944 0.572581 0.609944 0.592166 0.612045 0.620104 0.612745 0.623560 0.615780 0.629608 0.619514 0.633641 0.625350 0.637097 0.636788 0.639689 0.653128 0.638249 0.665966 0.635081 0.678105 0.630472 0.700980 0.616647 0.715920 0.602823 0.727591 0.587846 0.736228 0.569988 0.739496 0.560196 0.743931 0.533986 0.744398 0.491071 0.742297 0.479263 0.739729 0.472062 0.734594 0.462270 0.727124 0.453053 0.715920 0.444700 0.703548 0.440380 0.691877 0.440956 0.678805 0.444412 0.645892 0.461406 0.638422 0.466878 0.627218 0.480415 0.624183 0.485311 0.617414 0.501728 0.614146 0.515265 0.610878 0.535714 0.610411 0.554435
0 0.705182 0.265553 0.712185 0.281394 0.718254 0.299827 0.723623 0.330933 0.731326 0.348790 0.744164 0.366071 0.766340 0.381336 0.777778 0.385657 0.785948 0.387097 0.796685 0.388537 0.804388 0.388249 0.816293 0.384505 0.825163 0.378168 0.831699 0.366359 0.833800 0.360311 0.836601 0.342742 0.837068 0.313076 0.833800 0.275346 0.830299 0.258929 0.822362 0.237615 0.810224 0.219470 0.806256 0.215150 0.803455 0.209677 0.779645 0.188652 0.773109 0.188076 0.760738 0.182604 0.747199 0.182028 0.737395 0.183468 0.725257 0.188940 0.718254 0.196141 0.707983 0.216878 0.702848 0.238479 0.705182 0.265553
0 0.466153 0.550403 0.467787 0.556740 0.468487 0.567972 0.471055 0.581509 0.475957 0.595334 0.479692 0.602247 0.487862 0.608583 0.494631 0.610887 0.504902 0.612327 0.518207 0.610887 0.526844 0.607719 0.536648 0.602247 0.545051 0.595910 0.551120 0.589574 0.560924 0.576613 0.570495 0.560484 0.578198 0.540035 0.583800 0.519009 0.588235 0.487903 0.588469 0.446141 0.585901 0.425115 0.580065 0.403802 0.575630 0.395449 0.565359 0.383641 0.560691 0.379896 0.550420 0.375000 0.526377 0.377304 0.511438 0.384793 0.494865 0.399770 0.478291 0.425115 0.470822 0.446141 0.468021 0.457949 0.466153 0.483871 0.466153 0.550403
1 0.095005 0.546659 0.095705 0.588422 0.097106 0.597062 0.101307 0.605127 0.105742 0.610599 0.115079 0.616647 0.126984 0.620392 0.135854 0.620680 0.147993 0.618664 0.154528 0.616647 0.165033 0.611175 0.208683 0.560484 0.213352 0.552131 0.217554 0.538594 0.216853 0.529378 0.213352 0.512385 0.213119 0.497984 0.215219 0.478399 0.219888 0.453917 0.223623 0.442972 0.226190 0.438940 0.226424 0.435772 0.218487 0.422523 0.214286 0.410714 0.199580 0.395161 0.181839 0.394585 0.164566 0.398618 0.153595 0.404378 0.135621 0.417339 0.122082 0.432028 0.108077 0.453053 0.103408 0.466014 0.103175 0.470910 0.101307 0.474366 0.100140 0.480127 0.096172 0.516993 0.095005 0.546659
1 0.363212 0.750864 0.364379 0.761809 0.370915 0.789459 0.375584 0.799827 0.383520 0.810484 0.390289 0.817108 0.397526 0.822005 0.404528 0.825173 0.412232 0.826037 0.418768 0.824597 0.424837 0.821141 0.436508 0.809332 0.456583 0.780818 0.467320 0.760945 0.480392 0.733583 0.489262 0.713134 0.496032 0.693548 0.500000 0.678283 0.502568 0.661002 0.505369 0.627016 0.505135 0.618952 0.501634 0.613479 0.489963 0.610599 0.481326 0.605703 0.478758 0.602247 0.471055 0.584965 0.468487 0.574021 0.466387 0.556740 0.464052 0.551843 0.460084 0.550979 0.453782 0.551843 0.439076 0.559332 0.425770 0.573445 0.403128 0.601094 0.397993 0.613767 0.394024 0.619816 0.388889 0.630760 0.378385 0.661002 0.372549 0.684908 0.369748 0.692108 0.366246 0.709965 0.363445 0.732431 0.363212 0.750864
1 0.501401 0.681452 0.501401 0.697005 0.506769 0.780818 0.508870 0.802707 0.515173 0.838134 0.517740 0.845334 0.523576 0.852535 0.529645 0.854551 0.538982 0.855127 0.554388 0.854263 0.579832 0.839286 0.589169 0.830645 0.596639 0.822005 0.602474 0.813940 0.612045 0.797235 0.623716 0.767857 0.630019 0.745392 0.630486 0.737903 0.631419 0.699021 0.633053 0.672523 0.632820 0.654378 0.631419 0.641129 0.630019 0.639689 0.619048 0.635369 0.614146 0.630184 0.611811 0.625000 0.610177 0.616647 0.608777 0.586118 0.607143 0.580357 0.596172 0.570276 0.588702 0.565956 0.578431 0.562500 0.571895 0.562500 0.568861 0.564516 0.559290 0.580645 0.543651 0.598502 0.535014 0.604551 0.526377 0.609159 0.522409 0.609447 0.514006 0.614631 0.507470 0.633641 0.502801 0.667915 0.501401 0.681452
1 0.632586 0.745104 0.637488 0.769009 0.641923 0.778514 0.647759 0.795219 0.661298 0.815668 0.670868 0.824885 0.689309 0.838710 0.699813 0.842742 0.707049 0.842742 0.709617 0.841590 0.719655 0.843894 0.732493 0.844758 0.737628 0.843318 0.742764 0.837846 0.746732 0.832373 0.755602 0.814516 0.762838 0.794067 0.772176 0.748272 0.779412 0.723214 0.780812 0.711694 0.781513 0.690956 0.780812 0.675115 0.770542 0.645737 0.765640 0.636809 0.763305 0.629608 0.754902 0.616071 0.747899 0.609735 0.741130 0.601382 0.732026 0.594182 0.726190 0.592166 0.723856 0.593030 0.722923 0.595334 0.710551 0.609447 0.700747 0.618088 0.686041 0.627880 0.664799 0.636521 0.639823 0.640841 0.637255 0.647177 0.635387 0.660714 0.635387 0.674251 0.632820 0.706221 0.632586 0.745104
1 0.782213 0.730415 0.783847 0.746544 0.785247 0.754032 0.788049 0.762097 0.788282 0.769297 0.790383 0.779666 0.799486 0.811060 0.808123 0.831509 0.817927 0.848790 0.823529 0.856567 0.831466 0.862903 0.841503 0.866071 0.853175 0.866071 0.873483 0.860023 0.884454 0.853111 0.891923 0.846774 0.903828 0.831509 0.911298 0.817684 0.917134 0.804147 0.923436 0.782546 0.927404 0.752304 0.928338 0.723502 0.926237 0.696141 0.923903 0.686348 0.921569 0.668203 0.918534 0.661290 0.915733 0.647177 0.911531 0.635945 0.909897 0.627016 0.906396 0.619528 0.894258 0.605127 0.886321 0.600806 0.883520 0.602823 0.881653 0.614919 0.876284 0.625864 0.863445 0.642281 0.852007 0.652650 0.838469 0.659850 0.818394 0.664459 0.806723 0.663882 0.789683 0.658122 0.787582 0.659850 0.786181 0.663306 0.783380 0.674827 0.783147 0.682028 0.782213 0.730415
1 0.890523 0.599366 0.900794 0.610599 0.908263 0.622120 0.913632 0.640265 0.917834 0.649770 0.920401 0.661578 0.922269 0.665323 0.927638 0.700173 0.928105 0.716878 0.929272 0.720910 0.928105 0.755760 0.925303 0.776210 0.930906 0.778226 0.938375 0.783410 0.956583 0.787154 0.964753 0.780242 0.971989 0.771313 0.983193 0.751152 0.987628 0.741359 0.991830 0.723790 0.991363 0.720334 0.994865 0.709965 0.997432 0.684044 0.996265 0.646889 0.991363 0.623272 0.988796 0.605703 0.982960 0.586406 0.978992 0.576613 0.974323 0.568548 0.970355 0.562788 0.959851 0.552131 0.944444 0.545507 0.935341 0.544643 0.928571 0.550403 0.923203 0.560772 0.917134 0.567972 0.906162 0.576325 0.893324 0.580933 0.891223 0.585253 0.890289 0.591878 0.890523 0.599366
1 0.822129 0.418203 0.831699 0.421947 0.840570 0.427131 0.851307 0.436636 0.857610 0.443548 0.867414 0.461694 0.869514 0.468318 0.877451 0.485311 0.885854 0.513825 0.891457 0.545507 0.891923 0.575173 0.892624 0.577189 0.894024 0.578629 0.901961 0.576613 0.916200 0.567684 0.926237 0.553859 0.932773 0.541763 0.936508 0.528514 0.940476 0.495968 0.941877 0.474942 0.941410 0.452189 0.937908 0.436348 0.933940 0.425403 0.929972 0.417915 0.922269 0.405818 0.909430 0.390553 0.891690 0.379320 0.880952 0.376728 0.863212 0.379320 0.841737 0.389113 0.832166 0.396889 0.827031 0.402650 0.821895 0.413882 0.822129 0.418203
1 0.832166 0.262961 0.834267 0.272177 0.836835 0.298099 0.838235 0.332085 0.835668 0.353111 0.832400 0.366647 0.826097 0.377016 0.825163 0.380184 0.820495 0.383641 0.821895 0.387385 0.827031 0.390841 0.834967 0.391705 0.849907 0.383065 0.864146 0.377880 0.878852 0.374424 0.905462 0.344182 0.911298 0.332949 0.915266 0.328629 0.922269 0.314516 0.926004 0.303571 0.926237 0.272177 0.923903 0.255760 0.920168 0.244816 0.910364 0.227247 0.906863 0.222062 0.901261 0.216590 0.889356 0.210253 0.887021 0.207661 0.866947 0.208237 0.845705 0.216302 0.843371 0.218894 0.836368 0.222638 0.827731 0.229551 0.823296 0.237327 0.832166 0.262961
1 0.174370 0.915035 0.175537 0.928859 0.179972 0.945276 0.184407 0.956509 0.188142 0.960253 0.196078 0.963710 0.207049 0.964574 0.228058 0.959101 0.237628 0.952189 0.247199 0.947293 0.264006 0.930588 0.284781 0.894585 0.294118 0.872696 0.298319 0.857431 0.305089 0.820276 0.306022 0.808180 0.305556 0.806740 0.302521 0.804724 0.285481 0.795795 0.274743 0.783698 0.270075 0.776210 0.260971 0.755472 0.258403 0.745104 0.257003 0.726382 0.255135 0.719182 0.248599 0.720046 0.240896 0.727247 0.230626 0.740207 0.205182 0.781106 0.195145 0.794643 0.193511 0.803283 0.191176 0.807028 0.185107 0.828629 0.179739 0.853399 0.175070 0.880184 0.174603 0.900058 0.174370 0.915035
1 0.293884 0.916187 0.295051 0.944700 0.299953 0.970622 0.303688 0.977823 0.310691 0.982143 0.329599 0.983007 0.340570 0.981279 0.359244 0.972638 0.369981 0.964862 0.388655 0.943548 0.402428 0.919643 0.409197 0.904666 0.416200 0.880760 0.417367 0.857143 0.420635 0.834965 0.420635 0.828053 0.418768 0.826325 0.407330 0.826901 0.397759 0.823733 0.394491 0.822005 0.384921 0.813364 0.374883 0.799827 0.372316 0.794931 0.368114 0.783698 0.366480 0.775346 0.363912 0.770449 0.362745 0.763825 0.359244 0.762961 0.351074 0.776786 0.332866 0.797811 0.324463 0.803283 0.313492 0.805300 0.309991 0.809044 0.307190 0.818260 0.302521 0.841302 0.294818 0.900922 0.293884 0.916187
1 0.418301 0.888825 0.419234 0.907834 0.421802 0.925403 0.428105 0.948157 0.437208 0.968318 0.452381 0.991935 0.461018 0.997408 0.462885 0.999712 0.493464 0.999712 0.493931 0.997696 0.499767 0.993376 0.505369 0.986175 0.513539 0.972638 0.521242 0.956797 0.527077 0.941820 0.532446 0.922523 0.541550 0.897753 0.549953 0.862903 0.549253 0.858295 0.547619 0.856279 0.529645 0.855415 0.522176 0.852535 0.517974 0.847638 0.514472 0.838710 0.507937 0.800691 0.503735 0.740783 0.499767 0.716590 0.498133 0.713710 0.491130 0.713998 0.480859 0.734159 0.475257 0.747984 0.470121 0.756624 0.457516 0.782546 0.444444 0.800691 0.443277 0.803571 0.424136 0.824597 0.420168 0.848790 0.418534 0.866359 0.418301 0.888825
1 0.214519 0.508929 0.220588 0.538018 0.221289 0.550979 0.225724 0.581221 0.236695 0.612039 0.243931 0.620968 0.250700 0.624712 0.259104 0.626728 0.271942 0.626728 0.282913 0.624136 0.296685 0.616359 0.308357 0.605991 0.319094 0.592454 0.326097 0.581797 0.330766 0.571141 0.333333 0.562500 0.332866 0.554724 0.330999 0.549539 0.328431 0.533698 0.327965 0.521313 0.333333 0.494816 0.334967 0.479839 0.333333 0.467166 0.331466 0.459965 0.324697 0.438940 0.317227 0.424251 0.313959 0.421947 0.306489 0.429147 0.299486 0.432892 0.289449 0.440380 0.282213 0.444412 0.269608 0.448157 0.258170 0.447293 0.245565 0.444412 0.240430 0.442684 0.230392 0.436060 0.223856 0.445565 0.221755 0.451901 0.217320 0.471198 0.215453 0.487039 0.214519 0.508929
1 0.086134 0.369240 0.087068 0.383641 0.088702 0.387961 0.088235 0.392281 0.089169 0.400346 0.091970 0.408410 0.098506 0.411866 0.105976 0.413594 0.125584 0.414171 0.137021 0.411866 0.155229 0.400922 0.179272 0.376440 0.186975 0.362327 0.190476 0.336406 0.195845 0.318260 0.204248 0.298675 0.212418 0.286290 0.214753 0.279666 0.213819 0.265553 0.212418 0.258929 0.201914 0.250576 0.194678 0.241359 0.186508 0.227535 0.179505 0.225230 0.171102 0.225518 0.158263 0.229263 0.134454 0.242800 0.120682 0.257776 0.109711 0.272753 0.109010 0.275922 0.104575 0.283410 0.099206 0.296947 0.093137 0.317684 0.090570 0.334965 0.088702 0.341590 0.087302 0.354551 0.086134 0.369240
1 0.133754 0.734159 0.135387 0.747984 0.139122 0.762385 0.144024 0.775922 0.146592 0.779378 0.147526 0.782546 0.154295 0.791187 0.160598 0.797235 0.168301 0.802131 0.174837 0.803859 0.177871 0.803571 0.186041 0.799251 0.201914 0.782834 0.229458 0.738479 0.247666 0.715438 0.254902 0.704205 0.257703 0.689804 0.266807 0.659562 0.277077 0.629608 0.274276 0.628168 0.258870 0.627880 0.248366 0.625000 0.243464 0.622120 0.239963 0.618376 0.236928 0.614055 0.227124 0.588422 0.223389 0.574597 0.221289 0.555876 0.220355 0.554147 0.216153 0.555588 0.206583 0.564228 0.175070 0.601094 0.160831 0.620680 0.154295 0.632200 0.143324 0.655530 0.138422 0.671947 0.133987 0.720046 0.133754 0.734159
1 0.609244 0.157834 0.619748 0.170219 0.622082 0.171371 0.628618 0.196141 0.630019 0.207085 0.630019 0.215438 0.629318 0.226094 0.627918 0.230415 0.627684 0.239055 0.628852 0.245104 0.631653 0.251728 0.633520 0.253744 0.649627 0.245680 0.657096 0.244240 0.664566 0.244528 0.682540 0.248272 0.696078 0.257776 0.697712 0.257200 0.700047 0.252016 0.701681 0.203629 0.707983 0.173675 0.711018 0.163882 0.713819 0.140841 0.712418 0.120680 0.711018 0.112615 0.704949 0.092454 0.697712 0.077765 0.684874 0.064228 0.677638 0.059044 0.667600 0.054724 0.659897 0.054147 0.654528 0.055012 0.646592 0.057892 0.644024 0.060772 0.640756 0.061348 0.637255 0.063652 0.624883 0.078053 0.616480 0.098790 0.610878 0.123272 0.608777 0.145737 0.609244 0.157834
1 0.472456 0.149770 0.477358 0.167339 0.489963 0.194412 0.494631 0.200461 0.501167 0.205357 0.507937 0.207661 0.511905 0.207373 0.522176 0.188940 0.538749 0.168779 0.556256 0.156106 0.576331 0.147753 0.586835 0.116071 0.589169 0.099366 0.588702 0.084965 0.583567 0.064228 0.575397 0.048675 0.567694 0.037154 0.560224 0.029666 0.553455 0.025346 0.540850 0.021025 0.528945 0.019873 0.521475 0.021025 0.508637 0.027938 0.500934 0.035714 0.496965 0.041763 0.492997 0.048675 0.486695 0.063940 0.479225 0.091590 0.477124 0.115207 0.472923 0.139689 0.472456 0.149770
1 0.326331 0.169931 0.326797 0.182604 0.328665 0.192684 0.333100 0.203629 0.338702 0.211982 0.348039 0.221486 0.356443 0.222638 0.359244 0.218606 0.362045 0.209965 0.370915 0.195276 0.384921 0.181740 0.390990 0.177131 0.397993 0.173675 0.407330 0.171371 0.415500 0.170795 0.428805 0.174539 0.442344 0.182028 0.446545 0.181452 0.449346 0.179724 0.461018 0.165899 0.469188 0.151210 0.473389 0.126152 0.473389 0.118664 0.476657 0.110599 0.476657 0.098214 0.475724 0.094182 0.471522 0.083813 0.461018 0.070565 0.456349 0.066820 0.444911 0.062212 0.438142 0.060484 0.419701 0.061636 0.412232 0.063364 0.394725 0.070853 0.377218 0.082085 0.371849 0.087270 0.357843 0.097638 0.351774 0.104839 0.343137 0.119816 0.340103 0.122408 0.335901 0.129896 0.332633 0.138537 0.327731 0.157834 0.326331 0.169931
1 0.220588 0.122120 0.215920 0.136233 0.211951 0.154666 0.210317 0.168779 0.207516 0.176267 0.201914 0.205645 0.201447 0.212846 0.199580 0.216302 0.195845 0.216878 0.199580 0.218318 0.201681 0.224078 0.203548 0.234447 0.207750 0.241359 0.210084 0.247984 0.214052 0.250000 0.214986 0.255184 0.230859 0.258065 0.234127 0.254032 0.234827 0.251728 0.246499 0.238191 0.257003 0.228111 0.266106 0.222350 0.286648 0.215438 0.292484 0.214574 0.310691 0.215150 0.314192 0.210829 0.319328 0.199021 0.320028 0.188940 0.321895 0.185772 0.322362 0.181740 0.324463 0.176555 0.326797 0.155530 0.333100 0.133929 0.335901 0.120104 0.335668 0.097926 0.333100 0.082085 0.331466 0.078341 0.318394 0.060772 0.307190 0.051267 0.303221 0.051843 0.297152 0.049539 0.289683 0.048387 0.285481 0.048099 0.274510 0.050115 0.266807 0.053571 0.252568 0.063940 0.250000 0.067972 0.246965 0.069988 0.239496 0.078341 0.228992 0.095334 0.219888 0.119528 0.220588 0.122120
1 0.187675 0.220910 0.188842 0.227247 0.192577 0.235311 0.195378 0.241071 0.201914 0.248848 0.210784 0.252880 0.211718 0.252016 0.211018 0.247984 0.209851 0.245392 0.206349 0.241935 0.202614 0.230703 0.201681 0.224654 0.201914 0.209677 0.205415 0.188076 0.207983 0.175691 0.210551 0.168203 0.212418 0.154954 0.219888 0.118376 0.225724 0.103399 0.227358 0.101959 0.227358 0.095910 0.220588 0.101382 0.210317 0.112039 0.206116 0.119528 0.192577 0.173675 0.188842 0.192684 0.187908 0.204493 0.187675 0.220910
1 0.155929 0.155818 0.157096 0.178859 0.155696 0.188652 0.148459 0.213422 0.142390 0.228399 0.140523 0.230703 0.139823 0.233583 0.140523 0.236463 0.147292 0.234159 0.153828 0.229551 0.164099 0.225806 0.177871 0.223790 0.186041 0.225230 0.187442 0.223790 0.187908 0.202477 0.189309 0.189804 0.191643 0.177419 0.196312 0.160714 0.199113 0.144297 0.203548 0.130760 0.204949 0.123560 0.209384 0.112615 0.223856 0.097638 0.227358 0.095622 0.229458 0.090438 0.232026 0.088134 0.232726 0.084677 0.230859 0.083237 0.224090 0.081797 0.216853 0.081221 0.211485 0.082373 0.197946 0.086982 0.187442 0.094470 0.177638 0.103399 0.169468 0.116647 0.165733 0.120392 0.162465 0.126440 0.158030 0.142569 0.155929 0.155818
1 0.002334 0.650922 0.001634 0.652074 0.000000 0.652074 0.000000 0.734447 0.001867 0.734735 0.003735 0.740783 0.007937 0.749136 0.015406 0.758641 0.022409 0.765265 0.033147 0.771313 0.042717 0.773041 0.049720 0.772753 0.058357 0.770161 0.075163 0.757776 0.089869 0.741071 0.120215 0.693260 0.133520 0.676267 0.138889 0.665611 0.147292 0.641129 0.155462 0.626440 0.154295 0.619816 0.152194 0.618376 0.148926 0.618664 0.144258 0.620968 0.126284 0.621256 0.119748 0.619816 0.107843 0.613191 0.098739 0.602535 0.095005 0.588710 0.094538 0.582949 0.094304 0.533122 0.091503 0.530242 0.079132 0.535714 0.074930 0.539459 0.067460 0.543491 0.061158 0.553283 0.046452 0.571141 0.037115 0.594470 0.030579 0.607719 0.018908 0.625000 0.006536 0.637097 0.002334 0.650922
1 0.000000 0.396313 0.000000 0.636521 0.005602 0.635081 0.017274 0.624424 0.023343 0.616647 0.035714 0.595334 0.045752 0.567396 0.059991 0.515553 0.062092 0.505472 0.063259 0.491359 0.062792 0.475230 0.059290 0.460253 0.055089 0.449021 0.044818 0.427707 0.039683 0.419931 0.028011 0.407258 0.012372 0.397177 0.005836 0.396313 0.000000 0.396313
1 0.068861 0.859159 0.073763 0.890841 0.077965 0.906682 0.080766 0.910426 0.088235 0.926267 0.095472 0.936348 0.098739 0.938940 0.103175 0.939228 0.116480 0.934620 0.129085 0.928571 0.140756 0.920795 0.159897 0.894297 0.163632 0.885945 0.167134 0.881048 0.170168 0.871832 0.175770 0.860887 0.179505 0.848790 0.185574 0.819124 0.186975 0.806740 0.185808 0.804724 0.178105 0.805300 0.168067 0.802995 0.160831 0.798963 0.146825 0.783410 0.143324 0.776498 0.136321 0.756912 0.133053 0.737327 0.133520 0.709389 0.134921 0.700173 0.134921 0.688364 0.133520 0.684908 0.130252 0.686060 0.126517 0.689228 0.109244 0.713134 0.100840 0.727823 0.077965 0.761233 0.070962 0.794931 0.068861 0.815092 0.068861 0.859159
1 0.000000 0.737903 0.000000 0.887673 0.001634 0.887673 0.006536 0.884217 0.015406 0.874136 0.028245 0.857143 0.034314 0.846774 0.051587 0.809620 0.061158 0.782834 0.062325 0.773906 0.063959 0.769009 0.060458 0.769297 0.053922 0.772465 0.048319 0.773618 0.035948 0.773041 0.028011 0.769585 0.021942 0.765553 0.012605 0.756048 0.006303 0.747984 0.005135 0.744528 0.003035 0.742512 0.001634 0.737903 0.000000 0.737903
1 0.835668 0.984447 0.839169 0.999712 0.999767 0.999712 0.999767 0.837846 0.977591 0.805876 0.959851 0.791187 0.949813 0.786578 0.940243 0.784562 0.923903 0.784850 0.922269 0.786866 0.922269 0.789747 0.918768 0.802419 0.909664 0.820853 0.908263 0.826325 0.893324 0.847350 0.887488 0.852535 0.874650 0.860887 0.856676 0.867512 0.854108 0.870392 0.842204 0.907834 0.839869 0.918491 0.838002 0.932316 0.835668 0.965438 0.835668 0.984447
1 0.691176 0.862903 0.693978 0.890841 0.717554 0.960829 0.716620 0.963710 0.718254 0.966878 0.717787 0.970334 0.719655 0.971198 0.722456 0.980703 0.724556 0.983871 0.725257 0.988191 0.729225 0.996256 0.732026 0.998272 0.732026 0.999712 0.827264 0.999712 0.832166 0.987615 0.833800 0.978111 0.836601 0.926555 0.836368 0.911290 0.833333 0.876152 0.830999 0.865207 0.820028 0.853399 0.814426 0.845046 0.806256 0.829781 0.800187 0.815380 0.790616 0.786002 0.787348 0.764401 0.784080 0.756336 0.780112 0.737039 0.779412 0.736463 0.778245 0.737903 0.774743 0.744528 0.766573 0.783698 0.757003 0.813940 0.752101 0.824309 0.749066 0.828053 0.748133 0.831509 0.741363 0.841302 0.737162 0.844470 0.731793 0.845622 0.720355 0.844758 0.710084 0.842454 0.701447 0.843606 0.696779 0.841878 0.693978 0.842742 0.691877 0.845334 0.691176 0.862903
1 0.554855 0.876728 0.557423 0.944700 0.559991 0.977823 0.564659 0.999712 0.634454 0.999712 0.644958 0.990207 0.647526 0.984447 0.656396 0.972926 0.662465 0.962558 0.672269 0.939228 0.675537 0.929147 0.683007 0.893721 0.686975 0.841590 0.685808 0.838422 0.682540 0.834965 0.673903 0.829205 0.661064 0.817108 0.650794 0.803571 0.637722 0.774194 0.633287 0.757488 0.630252 0.753744 0.622549 0.772465 0.616713 0.790035 0.612979 0.798099 0.601307 0.817684 0.583333 0.837558 0.574930 0.843894 0.555556 0.855703 0.555089 0.861751 0.554855 0.876728
1 0.471989 0.233583 0.475023 0.252304 0.475957 0.261233 0.475257 0.273618 0.469188 0.308468 0.463119 0.327477 0.456116 0.366071 0.450047 0.383929 0.450514 0.386809 0.453081 0.391129 0.467320 0.401786 0.479458 0.404666 0.486695 0.404378 0.491597 0.402074 0.499300 0.393145 0.514006 0.380184 0.515406 0.376728 0.513772 0.372984 0.504202 0.368376 0.495565 0.359159 0.491830 0.352247 0.490196 0.347062 0.489029 0.336694 0.490430 0.328053 0.489496 0.321141 0.490430 0.310484 0.493931 0.296371 0.499300 0.262097 0.501634 0.253744 0.503268 0.238191 0.506769 0.220046 0.510738 0.213134 0.507703 0.209965 0.494631 0.204493 0.484127 0.207373 0.477591 0.210541 0.469188 0.216878 0.467554 0.220334 0.471989 0.233583
0 0.588002 0.394873 0.589869 0.408698 0.591737 0.414747 0.598039 0.429724 0.605042 0.442108 0.612745 0.450749 0.619748 0.456797 0.629785 0.461982 0.633287 0.462846 0.640523 0.462270 0.665966 0.450173 0.679972 0.440956 0.687442 0.429724 0.699580 0.404378 0.711718 0.373272 0.719188 0.347638 0.721055 0.335829 0.721055 0.330069 0.718954 0.307316 0.712652 0.286290 0.707516 0.274482 0.696078 0.259505 0.685808 0.251152 0.670868 0.246544 0.665966 0.245680 0.651494 0.246544 0.641457 0.251440 0.633287 0.257200 0.626751 0.269009 0.624650 0.275346 0.619048 0.281970 0.611111 0.304435 0.598506 0.330933 0.591737 0.341878 0.592670 0.344758 0.592437 0.348790 0.589636 0.355991 0.587535 0.376152 0.588002 0.394873
1 0.684641 0.438940 0.685574 0.439804 0.696779 0.438652 0.707750 0.439516 0.717087 0.444412 0.728291 0.453053 0.736461 0.463422 0.739729 0.469182 0.742764 0.476959 0.744865 0.486751 0.748133 0.484735 0.750467 0.477535 0.760504 0.455069 0.765873 0.449309 0.770075 0.442108 0.793184 0.424539 0.803221 0.420507 0.807423 0.420507 0.810924 0.418203 0.809290 0.403226 0.805556 0.391417 0.803688 0.389689 0.786881 0.387961 0.771709 0.384793 0.759804 0.378456 0.748599 0.370680 0.737862 0.359447 0.734127 0.357143 0.725257 0.362903 0.719421 0.365207 0.715219 0.369816 0.708917 0.383065 0.700980 0.403802 0.685341 0.436060 0.684641 0.438940
1 0.584967 0.418203 0.587302 0.428571 0.588936 0.447293 0.588469 0.490368 0.583333 0.523041 0.577498 0.545507 0.574230 0.553859 0.574230 0.557028 0.577031 0.560484 0.582400 0.561636 0.590570 0.565380 0.596405 0.568836 0.602474 0.574309 0.606909 0.576325 0.608777 0.574885 0.610177 0.536578 0.611345 0.526498 0.615546 0.506624 0.624416 0.482719 0.636555 0.466878 0.620682 0.457949 0.610411 0.449597 0.600373 0.436060 0.594071 0.423387 0.591503 0.415035 0.588469 0.411290 0.584967 0.412154 0.584967 0.418203
1 0.886088 0.369528 0.886088 0.373272 0.887488 0.376440 0.907563 0.388537 0.920401 0.402938 0.933240 0.423099 0.940476 0.445276 0.942110 0.457949 0.942110 0.475518 0.936975 0.530242 0.933707 0.540035 0.935107 0.541763 0.939076 0.542915 0.945845 0.541475 0.951447 0.537730 0.954482 0.533986 0.964052 0.517569 0.970822 0.498272 0.974090 0.483583 0.975957 0.468318 0.976657 0.438940 0.969188 0.397753 0.963819 0.379896 0.953081 0.361751 0.947012 0.355127 0.945845 0.352535 0.938375 0.349078 0.935341 0.346198 0.928805 0.343894 0.908964 0.346198 0.904295 0.348214 0.897292 0.355127 0.886088 0.369528
1 0.789449 0.196141 0.790383 0.197581 0.809057 0.217166 0.820962 0.235023 0.824697 0.233871 0.830532 0.226671 0.845005 0.216878 0.842904 0.209389 0.837535 0.201901 0.821429 0.190380 0.810224 0.188364 0.803455 0.188364 0.793884 0.190956 0.790149 0.193260 0.789449 0.196141
1 0.887722 0.204781 0.883520 0.206509 0.900794 0.216302 0.907096 0.222350 0.919468 0.242800 0.923903 0.254896 0.926004 0.264689 0.927171 0.291187 0.926471 0.304147 0.921569 0.318260 0.915500 0.328341 0.915033 0.330933 0.910131 0.335253 0.907096 0.341878 0.907330 0.343318 0.907796 0.344470 0.910131 0.344470 0.929739 0.342166 0.937442 0.335829 0.942577 0.328341 0.946779 0.318548 0.953081 0.298675 0.957283 0.272753 0.958217 0.260657 0.958217 0.243952 0.955182 0.226382 0.950047 0.214862 0.945612 0.209101 0.938142 0.202189 0.928805 0.197005 0.919935 0.194700 0.913866 0.194988 0.899860 0.197869 0.890523 0.202189 0.887722 0.204781
1 0.706349 0.096486 0.712185 0.113191 0.714052 0.140265 0.714986 0.143433 0.717554 0.144297 0.719888 0.143145 0.726657 0.143145 0.740663 0.148041 0.755369 0.160714 0.761204 0.171083 0.764706 0.182028 0.772176 0.186060 0.778945 0.187788 0.780579 0.187212 0.783613 0.181452 0.787348 0.167627 0.788982 0.154090 0.788749 0.133641 0.783613 0.109159 0.776844 0.093606 0.767974 0.080933 0.762372 0.075173 0.752101 0.069124 0.745098 0.067396 0.738329 0.067684 0.729925 0.069700 0.717087 0.076901 0.709384 0.084101 0.705415 0.090438 0.706349 0.096486
1 0.588936 0.082949 0.589636 0.100806 0.587768 0.114631 0.581466 0.131912 0.577498 0.147465 0.580999 0.148906 0.592904 0.150058 0.606676 0.155242 0.608077 0.154378 0.607610 0.143721 0.610644 0.120392 0.614379 0.104551 0.619748 0.088998 0.619748 0.084965 0.613212 0.078053 0.602007 0.069412 0.588702 0.065092 0.584967 0.064804 0.584500 0.067108 0.588936 0.082949
1 0.193511 0.050115 0.195145 0.060772 0.201447 0.078053 0.205882 0.082373 0.221055 0.079493 0.234360 0.083525 0.253501 0.062212 0.265640 0.052995 0.274276 0.049251 0.278945 0.047811 0.288049 0.047523 0.307190 0.050403 0.306489 0.046947 0.304622 0.044067 0.299486 0.039459 0.294351 0.032834 0.277544 0.021025 0.258403 0.013249 0.248133 0.010369 0.235294 0.008641 0.220355 0.008065 0.213119 0.010657 0.207516 0.018721 0.200980 0.022177 0.197479 0.025634 0.195145 0.030530 0.193511 0.039171 0.193511 0.050115
1 0.684641 0.439228 0.685574 0.439804 0.696312 0.438652 0.706816 0.439228 0.717787 0.444988 0.728058 0.453053 0.736461 0.463422 0.739729 0.469182 0.742764 0.476959 0.744865 0.486751 0.748133 0.485023 0.750934 0.476382 0.760271 0.455645 0.770308 0.441820 0.792717 0.424539 0.802521 0.420507 0.807190 0.420507 0.810924 0.418203 0.809290 0.402938 0.805556 0.391417 0.803688 0.389689 0.787115 0.387961 0.772642 0.385081 0.763772 0.380760 0.749300 0.371256 0.737862 0.359447 0.734127 0.357143 0.725257 0.362903 0.719188 0.365207 0.715686 0.368952 0.710551 0.379320 0.700514 0.404666 0.685341 0.436060 0.684641 0.439228
1 0.030812 0.408410 0.044351 0.425691 0.052754 0.441820 0.059757 0.459965 0.063025 0.473214 0.063959 0.484735 0.063025 0.503744 0.059057 0.521025 0.048786 0.556740 0.048553 0.561060 0.050187 0.563364 0.068161 0.542627 0.076097 0.536866 0.092670 0.528514 0.094304 0.526786 0.099907 0.461982 0.106909 0.438364 0.110411 0.430012 0.111811 0.420507 0.111345 0.418203 0.108310 0.415899 0.098739 0.413882 0.091503 0.409562 0.088702 0.403802 0.086368 0.390265 0.078665 0.385081 0.064192 0.384505 0.056956 0.386809 0.042017 0.395737 0.031979 0.406106 0.030812 0.408410
1 0.001634 0.213422 0.000000 0.213422 0.000000 0.262385 0.005602 0.264401 0.017040 0.271889 0.026377 0.282546 0.034080 0.299251 0.036881 0.308756 0.038049 0.325461 0.036648 0.335253 0.029178 0.359159 0.022409 0.372984 0.019141 0.382776 0.021008 0.385657 0.029412 0.386233 0.041550 0.382776 0.055089 0.374424 0.074930 0.353111 0.084034 0.328053 0.087768 0.307604 0.089169 0.292627 0.088469 0.287442 0.087535 0.286578 0.078665 0.286290 0.071662 0.284562 0.061858 0.279954 0.052288 0.270737 0.048319 0.265265 0.042951 0.250864 0.040383 0.240783 0.039449 0.213422 0.042017 0.196429 0.042017 0.192108 0.040616 0.189516 0.025910 0.192396 0.019841 0.195276 0.010971 0.202189 0.001634 0.213422
1 0.056256 0.155242 0.057190 0.157834 0.063959 0.146601 0.076564 0.132200 0.096639 0.115207 0.108310 0.110599 0.119048 0.110023 0.127218 0.111751 0.141690 0.121256 0.144024 0.126440 0.150794 0.135657 0.152661 0.133641 0.152661 0.129896 0.151261 0.125000 0.144258 0.111751 0.140056 0.108295 0.137488 0.104263 0.131186 0.097926 0.119748 0.090438 0.109711 0.088134 0.098506 0.088710 0.088469 0.091878 0.084967 0.094470 0.069795 0.112615 0.063025 0.129320 0.061625 0.135657 0.059524 0.139113 0.056489 0.150346 0.056256 0.155242
1 0.132586 0.098790 0.140990 0.107431 0.148226 0.118376 0.151961 0.125576 0.158030 0.143145 0.163399 0.126440 0.165500 0.122408 0.176237 0.105991 0.185107 0.095334 0.182073 0.091878 0.179038 0.091014 0.156162 0.089286 0.139823 0.091878 0.133287 0.095334 0.132820 0.096774 0.132586 0.098790
1 0.338469 0.126152 0.347106 0.111463 0.358310 0.097638 0.373716 0.085541 0.382120 0.077477 0.380719 0.075749 0.377451 0.074597 0.362512 0.074597 0.358310 0.075749 0.345238 0.082373 0.336835 0.091878 0.338469 0.126152
1 0.000000 0.167627 0.000000 0.211406 0.001634 0.211406 0.010504 0.201901 0.021942 0.192396 0.019841 0.186636 0.012138 0.175115 0.001634 0.167627 0.000000 0.167627
0 0.214519 0.397465 0.215453 0.400634 0.215453 0.408122 0.220355 0.422523 0.230159 0.435484 0.244398 0.443548 0.259337 0.446141 0.270075 0.446717 0.284547 0.442684 0.307190 0.427419 0.319328 0.413306 0.332166 0.386809 0.334267 0.380472 0.334500 0.376440 0.336368 0.373272 0.338936 0.364055 0.342904 0.345334 0.344071 0.336982 0.342904 0.310052 0.343838 0.280818 0.347106 0.258929 0.347106 0.251152 0.345472 0.244816 0.338469 0.235311 0.330299 0.227247 0.319094 0.219182 0.310458 0.216590 0.302988 0.215726 0.287348 0.216590 0.267740 0.223214 0.258403 0.228975 0.244631 0.241935 0.236695 0.252016 0.229458 0.265265 0.222222 0.275922 0.223156 0.282834 0.222689 0.286290 0.220355 0.292915 0.217087 0.311636 0.214519 0.362615 0.214519 0.397465
1 0.190476 0.360311 0.193744 0.377880 0.200747 0.393721 0.208217 0.403514 0.213819 0.408122 0.215219 0.406106 0.214519 0.354027 0.216620 0.315668 0.218487 0.299827 0.223623 0.282834 0.224556 0.275922 0.223856 0.272753 0.219655 0.275922 0.202614 0.303283 0.192577 0.329781 0.190476 0.341878 0.190476 0.360311
1 0.256303 0.714286 0.258403 0.728687 0.258170 0.734159 0.263072 0.758641 0.270775 0.775634 0.278945 0.787730 0.288515 0.796659 0.299953 0.802707 0.306956 0.805012 0.320028 0.803283 0.329132 0.798963 0.338936 0.789747 0.345705 0.781394 0.354342 0.768721 0.360878 0.755184 0.362512 0.728111 0.365546 0.708237 0.372782 0.676843 0.387488 0.629896 0.388189 0.626440 0.385854 0.617656 0.387255 0.612615 0.383520 0.609447 0.370448 0.608871 0.357843 0.603399 0.353175 0.599654 0.341737 0.584101 0.338469 0.582373 0.335434 0.577765 0.335901 0.574309 0.334967 0.572581 0.331466 0.573733 0.327264 0.583237 0.309057 0.607143 0.297386 0.617512 0.285481 0.623560 0.280112 0.628456 0.265406 0.667051 0.258403 0.692396 0.256536 0.706221 0.256303 0.714286
1 0.701681 0.221198 0.703081 0.229839 0.703548 0.226671 0.706349 0.222638 0.711251 0.208237 0.717787 0.195853 0.723156 0.190380 0.737862 0.182604 0.747899 0.181452 0.762138 0.182028 0.763305 0.179435 0.762138 0.173387 0.755369 0.160714 0.743464 0.149770 0.726657 0.143433 0.716387 0.144297 0.713352 0.147177 0.712418 0.160138 0.701914 0.206221 0.701681 0.221198
1 0.000000 0.263249 0.000000 0.393721 0.009804 0.395449 0.012605 0.394009 0.018207 0.384217 0.031513 0.352247 0.036415 0.334389 0.038049 0.320565 0.036415 0.307892 0.033613 0.299251 0.026377 0.283122 0.015640 0.271313 0.001867 0.263249 0.000000 0.263249