0 0.179505 0.085609 0.181606 0.095238 0.185574 0.103641 0.192577 0.112745 0.199346 0.119573 0.208917 0.127101 0.218254 0.131653 0.220355 0.133578 0.232026 0.136730 0.267040 0.137605 0.285714 0.135504 0.318861 0.133578 0.325163 0.131653 0.338002 0.125525 0.343371 0.121674 0.352241 0.116947 0.359944 0.110644 0.366013 0.101891 0.367180 0.098915 0.367414 0.094888 0.366013 0.086134 0.359244 0.071604 0.356209 0.066877 0.341270 0.053922 0.323763 0.043943 0.320962 0.043242 0.308473 0.043768 0.303922 0.042192 0.299486 0.042017 0.296685 0.040966 0.290850 0.040441 0.280112 0.037990 0.268674 0.037465 0.262838 0.038165 0.257470 0.039216 0.255369 0.040966 0.242764 0.044118 0.237628 0.043943 0.234360 0.045518 0.227124 0.045168 0.221522 0.046394 0.216853 0.046394 0.205182 0.050070 0.193044 0.056898 0.189076 0.060224 0.187908 0.062675 0.185574 0.064251 0.182073 0.071078 0.179972 0.077906 0.179505 0.085609
0 0.601074 0.563901 0.601541 0.568627 0.606443 0.575630 0.608310 0.588410 0.610644 0.595588 0.626050 0.610119 0.630019 0.612045 0.633520 0.615371 0.654062 0.623950 0.661531 0.626225 0.674603 0.628676 0.703081 0.639706 0.709150 0.640406 0.716620 0.643032 0.720822 0.643207 0.726891 0.645133 0.757937 0.650035 0.784080 0.651611 0.800187 0.651961 0.810691 0.651436 0.832166 0.649160 0.848039 0.645833 0.866480 0.640581 0.880019 0.633754 0.892624 0.625700 0.908730 0.612220 0.916900 0.602591 0.920401 0.595238 0.923436 0.585259 0.922502 0.570553 0.921102 0.564076 0.916200 0.553221 0.911998 0.546744 0.897526 0.532563 0.889356 0.527136 0.876984 0.520483 0.869748 0.518557 0.865079 0.518207 0.857610 0.513130 0.852007 0.507878 0.839636 0.502976 0.833800 0.499825 0.817694 0.494223 0.784080 0.485644 0.762838 0.484769 0.739262 0.484769 0.725023 0.487745 0.721989 0.488796 0.720588 0.490546 0.717087 0.489846 0.714286 0.490546 0.709150 0.493697 0.703081 0.492122 0.695378 0.494048 0.692577 0.493522 0.664332 0.501050 0.644958 0.510329 0.626984 0.522409 0.619514 0.528361 0.612745 0.536239 0.607843 0.543592 0.602474 0.557073 0.601074 0.563901
0 0.382820 0.042017 0.387722 0.047969 0.397292 0.054622 0.411064 0.060749 0.432306 0.066702 0.446312 0.069328 0.461951 0.071254 0.483427 0.072654 0.503735 0.071254 0.515873 0.069328 0.539916 0.063200 0.550187 0.058999 0.558123 0.055147 0.570495 0.047094 0.574463 0.039741 0.575630 0.032913 0.575397 0.029412 0.573763 0.025385 0.570028 0.021183 0.557656 0.012780 0.549486 0.009804 0.543884 0.004377 0.521242 0.004202 0.505836 0.000000 0.422035 0.000000 0.421102 0.002801 0.410364 0.012780 0.401261 0.019083 0.397526 0.020308 0.383987 0.027661 0.381186 0.029587 0.380486 0.031688 0.382820 0.042017
1 0.201214 0.000000 0.201214 0.001576 0.206583 0.005077 0.264939 0.034139 0.275910 0.036415 0.283613 0.036940 0.299953 0.040616 0.312792 0.041842 0.326564 0.041842 0.331466 0.040441 0.338936 0.040266 0.352241 0.037990 0.380252 0.029237 0.390056 0.023284 0.400093 0.019083 0.407563 0.014356 0.417367 0.005252 0.420635 0.001576 0.420635 0.000000 0.201214 0.000000
1 0.365780 0.082108 0.368347 0.091211 0.368114 0.099090 0.366713 0.102591 0.360644 0.110994 0.352241 0.117997 0.337068 0.126751 0.333100 0.130077 0.335201 0.131127 0.345238 0.132003 0.359244 0.131478 0.373950 0.129727 0.480859 0.123249 0.487628 0.121324 0.499066 0.120623 0.503501 0.119573 0.508403 0.117122 0.512372 0.116422 0.511438 0.112395 0.513072 0.106443 0.512838 0.102416 0.509104 0.094363 0.505836 0.090161 0.499533 0.084384 0.490430 0.077906 0.483894 0.074405 0.479692 0.073529 0.452848 0.071254 0.425770 0.066001 0.412232 0.061800 0.394024 0.054272 0.390756 0.053746 0.388189 0.054272 0.383520 0.053746 0.373016 0.056548 0.362278 0.060049 0.356209 0.064076 0.365780 0.082108
1 0.177638 0.027311 0.159897 0.053396 0.159897 0.057248 0.161064 0.059524 0.165500 0.066001 0.171569 0.077731 0.175303 0.081933 0.177404 0.081583 0.178571 0.080357 0.181606 0.070903 0.186975 0.062500 0.189076 0.060924 0.190476 0.058298 0.198413 0.052871 0.213352 0.046569 0.217320 0.046744 0.224090 0.045168 0.234594 0.044293 0.238329 0.042892 0.240896 0.043592 0.245098 0.042892 0.248133 0.043242 0.251634 0.041317 0.255135 0.041667 0.263539 0.036415 0.260504 0.032038 0.245098 0.025035 0.236695 0.020133 0.234360 0.017682 0.228291 0.014356 0.225490 0.011730 0.223389 0.011380 0.220355 0.012255 0.213585 0.008929 0.200747 0.011029 0.182540 0.018207 0.181139 0.019608 0.177638 0.027311
1 0.547852 0.008578 0.550187 0.008929 0.559057 0.013305 0.573996 0.024510 0.575397 0.026786 0.576331 0.031513 0.575864 0.037990 0.574230 0.043242 0.574697 0.044293 0.578198 0.044468 0.591503 0.042192 0.595005 0.040966 0.614146 0.039741 0.633754 0.039391 0.634220 0.038866 0.634921 0.036239 0.628852 0.028536 0.619981 0.012780 0.618347 0.007178 0.617647 0.000000 0.554855 0.000000 0.553922 0.002276 0.547386 0.005077 0.547852 0.008578
1 0.527544 0.094713 0.529412 0.100315 0.531279 0.103291 0.538282 0.110469 0.542017 0.112570 0.542017 0.116422 0.543417 0.117297 0.546685 0.117647 0.549720 0.116772 0.560691 0.118172 0.582166 0.118172 0.625350 0.116422 0.629785 0.115546 0.634454 0.115721 0.686508 0.111870 0.692577 0.110994 0.695378 0.109069 0.698413 0.104867 0.701214 0.098564 0.701214 0.087885 0.698179 0.078256 0.693744 0.070728 0.687908 0.064426 0.682306 0.061800 0.668534 0.057948 0.655696 0.051996 0.638889 0.041492 0.632820 0.040266 0.619048 0.039741 0.602474 0.040791 0.588002 0.043067 0.574463 0.046218 0.566527 0.050070 0.560924 0.054447 0.552754 0.058999 0.547852 0.061450 0.540850 0.063550 0.532680 0.068277 0.529412 0.073704 0.527311 0.082108 0.527544 0.094713
1 0.618814 0.000000 0.618814 0.002101 0.620215 0.012255 0.628852 0.027136 0.639356 0.039916 0.647993 0.046919 0.661531 0.053922 0.675537 0.059524 0.692344 0.062150 0.714286 0.062500 0.730859 0.060749 0.750000 0.055147 0.763072 0.048669 0.777311 0.037115 0.780579 0.032738 0.781279 0.028711 0.776144 0.000000 0.618814 0.000000
1 0.778945 0.007528 0.784547 0.035714 0.785948 0.039741 0.789216 0.043768 0.799253 0.050770 0.806489 0.054622 0.816760 0.057248 0.834500 0.059349 0.862745 0.058648 0.880719 0.057073 0.888189 0.055322 0.912465 0.047094 0.929272 0.038340 0.934641 0.033964 0.945145 0.019958 0.948179 0.009104 0.947479 0.000000 0.779178 0.000000 0.778945 0.007528
1 0.963119 0.008578 0.963119 0.014881 0.966387 0.026085 0.968954 0.029412 0.973389 0.032563 0.981092 0.035539 0.999767 0.040441 0.999767 0.000000 0.966620 0.000000 0.963119 0.008578
1 0.860177 0.085084 0.860177 0.092437 0.863212 0.102066 0.866013 0.102941 0.907563 0.103817 0.918067 0.103291 0.928105 0.101366 0.931839 0.101891 0.961485 0.101716 0.990196 0.100315 0.995331 0.100665 0.999767 0.099615 0.999767 0.041667 0.984360 0.036940 0.971055 0.034139 0.949580 0.036239 0.928338 0.040441 0.897759 0.053221 0.887722 0.056373 0.879085 0.060574 0.873950 0.064076 0.870448 0.067577 0.867414 0.070903 0.862745 0.078431 0.860177 0.085084
1 0.707750 0.084909 0.711018 0.095238 0.718721 0.106968 0.723389 0.109069 0.731326 0.109419 0.744865 0.108018 0.772409 0.108543 0.854108 0.104867 0.858310 0.103992 0.860411 0.102416 0.858777 0.092087 0.856676 0.086310 0.845938 0.070553 0.838936 0.063901 0.829832 0.059349 0.814659 0.057073 0.800420 0.053046 0.796685 0.049720 0.792250 0.047444 0.789916 0.044643 0.782680 0.039216 0.779412 0.038866 0.775910 0.040091 0.770542 0.043242 0.766573 0.047094 0.756769 0.052521 0.741597 0.058298 0.728525 0.061975 0.713352 0.063025 0.709150 0.064251 0.707283 0.070203 0.707750 0.084909
1 0.411064 0.234769 0.415033 0.245448 0.420635 0.255077 0.421802 0.258578 0.428105 0.263130 0.433240 0.264531 0.435574 0.266106 0.438842 0.266807 0.442810 0.266457 0.445845 0.267682 0.448413 0.267507 0.452848 0.269958 0.463119 0.273284 0.470588 0.273284 0.477358 0.269433 0.484127 0.266807 0.494631 0.265581 0.498133 0.262080 0.499767 0.258929 0.503035 0.258578 0.505135 0.259279 0.505135 0.258053 0.503268 0.257528 0.503035 0.255077 0.500934 0.252626 0.499533 0.247724 0.498366 0.241947 0.498833 0.237745 0.496499 0.234244 0.495798 0.231443 0.496265 0.223039 0.496732 0.220413 0.501401 0.212010 0.514939 0.198179 0.529178 0.189426 0.545051 0.182423 0.549953 0.181898 0.557190 0.178922 0.559757 0.180147 0.561391 0.182423 0.564192 0.182948 0.567694 0.181022 0.571195 0.179972 0.574697 0.179972 0.581466 0.177696 0.583333 0.175070 0.577031 0.171569 0.560691 0.167192 0.533613 0.166492 0.497899 0.168242 0.473856 0.170868 0.469888 0.172444 0.457049 0.175420 0.445145 0.180147 0.430205 0.190126 0.424136 0.195028 0.415033 0.206583 0.410364 0.220413 0.411064 0.234769
1 0.504902 0.248249 0.519841 0.259979 0.518441 0.262080 0.545285 0.275910 0.554622 0.279412 0.563959 0.281338 0.569795 0.283789 0.578198 0.284664 0.581699 0.286239 0.602708 0.292017 0.615546 0.293417 0.620215 0.293067 0.624183 0.293768 0.627918 0.293242 0.630019 0.290791 0.630019 0.289566 0.618581 0.278361 0.611578 0.269083 0.608077 0.262255 0.605275 0.252801 0.605042 0.244398 0.606909 0.234244 0.610177 0.227941 0.614846 0.223214 0.615546 0.220063 0.618347 0.216387 0.629552 0.204657 0.633754 0.202031 0.637255 0.200980 0.640990 0.198354 0.647526 0.196429 0.651027 0.194328 0.658497 0.192752 0.661531 0.190126 0.669468 0.189076 0.668301 0.188025 0.663632 0.186975 0.661298 0.184524 0.650794 0.180497 0.643557 0.179097 0.633754 0.178396 0.630019 0.176646 0.623716 0.175070 0.619048 0.175770 0.608543 0.175245 0.584967 0.178746 0.571895 0.181898 0.567227 0.184699 0.563959 0.185399 0.557423 0.190301 0.551587 0.192927 0.546452 0.193978 0.540383 0.200280 0.536181 0.202906 0.534781 0.205357 0.519374 0.216912 0.515640 0.223915 0.513072 0.235469 0.510971 0.237745 0.514239 0.240896 0.514939 0.245098 0.508637 0.247724 0.506536 0.247199 0.505135 0.245798 0.504902 0.248249
1 0.496965 0.231268 0.500000 0.238620 0.501634 0.251576 0.504669 0.254727 0.507703 0.256303 0.511905 0.262255 0.514706 0.262255 0.515873 0.258578 0.510504 0.256653 0.509337 0.253852 0.521942 0.214286 0.530112 0.208333 0.535948 0.202381 0.547152 0.193627 0.560691 0.187850 0.570728 0.182073 0.563025 0.179447 0.553688 0.180497 0.542017 0.183824 0.523810 0.192402 0.515406 0.197829 0.501634 0.212010 0.498833 0.216912 0.496732 0.223564 0.496965 0.231268
1 0.640990 0.176646 0.645892 0.178396 0.654762 0.180497 0.658497 0.180672 0.668067 0.183824 0.671802 0.184174 0.675303 0.186450 0.677638 0.186975 0.688842 0.188025 0.703315 0.187325 0.730392 0.189776 0.740896 0.192227 0.744631 0.191527 0.752334 0.184349 0.758637 0.180497 0.768441 0.177171 0.776144 0.176120 0.778245 0.175245 0.774977 0.171919 0.773109 0.171043 0.738095 0.164391 0.734360 0.165441 0.729458 0.165616 0.709851 0.164566 0.707049 0.165616 0.702381 0.165266 0.687675 0.167367 0.672269 0.168067 0.669234 0.169118 0.664799 0.169293 0.654295 0.171218 0.639589 0.175070 0.640990 0.176646
1 0.744865 0.192577 0.762372 0.198354 0.765640 0.200105 0.777077 0.203081 0.781746 0.202031 0.789916 0.197304 0.807190 0.193452 0.827498 0.191702 0.837768 0.189776 0.846172 0.189601 0.852941 0.191176 0.859477 0.189951 0.862512 0.188550 0.880486 0.187850 0.883520 0.187150 0.885621 0.185574 0.880486 0.182073 0.871148 0.178396 0.852474 0.174545 0.828198 0.171919 0.806022 0.171919 0.799720 0.172269 0.787115 0.174545 0.775910 0.174895 0.774276 0.175945 0.758170 0.180847 0.747432 0.188901 0.744865 0.192577
1 0.887255 0.185574 0.890523 0.186625 0.915266 0.187150 0.926237 0.188200 0.942810 0.190826 0.961485 0.196078 0.964753 0.196429 0.967320 0.195203 0.970355 0.191702 0.984127 0.183999 0.995798 0.179622 0.998133 0.178046 0.999767 0.178046 0.999767 0.169643 0.981793 0.164741 0.973856 0.164041 0.960084 0.164391 0.941643 0.167367 0.918067 0.172794 0.890289 0.181022 0.887955 0.182598 0.887255 0.185574
1 0.784547 0.207108 0.789916 0.210084 0.796919 0.212710 0.800187 0.214986 0.811391 0.219713 0.822829 0.227941 0.830766 0.232493 0.851074 0.248599 0.860878 0.258578 0.865079 0.261204 0.869281 0.265581 0.870215 0.265231 0.873016 0.259629 0.876517 0.258053 0.880019 0.258578 0.897993 0.240896 0.902894 0.238270 0.911531 0.235119 0.928571 0.232143 0.934874 0.231793 0.967087 0.231968 0.977358 0.233718 0.993931 0.234944 0.999767 0.234769 0.999767 0.222689 0.984360 0.208333 0.970355 0.200280 0.957283 0.194853 0.946779 0.191877 0.929038 0.188901 0.919234 0.187675 0.908263 0.187325 0.900560 0.187325 0.897059 0.188025 0.890523 0.187150 0.887021 0.185399 0.884921 0.185574 0.874883 0.187850 0.863445 0.188725 0.852941 0.191352 0.845472 0.189951 0.838469 0.190301 0.796685 0.195203 0.785714 0.199055 0.782913 0.201681 0.780112 0.202906 0.784547 0.207108
1 0.865079 0.290966 0.868814 0.303571 0.869748 0.310924 0.873950 0.318102 0.877684 0.321779 0.883287 0.324580 0.887255 0.324755 0.893791 0.326681 0.915500 0.330707 0.921569 0.332458 0.943978 0.335609 0.952381 0.338585 0.966387 0.340861 0.976424 0.343312 0.998133 0.352241 0.999767 0.352241 0.999767 0.237045 0.981559 0.234419 0.957283 0.232318 0.928338 0.232493 0.911064 0.235469 0.898459 0.241246 0.885387 0.250700 0.884220 0.251751 0.883520 0.256127 0.879085 0.256303 0.877684 0.259454 0.875817 0.260504 0.869281 0.267857 0.864846 0.279587 0.865079 0.290966
1 0.605509 0.243522 0.607143 0.255077 0.610411 0.265056 0.620682 0.279587 0.634220 0.291141 0.640056 0.294818 0.650560 0.299720 0.659430 0.306197 0.661298 0.308824 0.666900 0.310574 0.671802 0.313725 0.675537 0.313901 0.677404 0.315651 0.687442 0.319853 0.695845 0.320903 0.699813 0.322129 0.706583 0.325630 0.741363 0.336485 0.747432 0.335959 0.754902 0.337010 0.767274 0.336660 0.769608 0.337185 0.772642 0.336660 0.779412 0.332458 0.798553 0.326681 0.824463 0.320903 0.830299 0.320378 0.845938 0.320728 0.855509 0.319678 0.859477 0.320728 0.862278 0.317927 0.862979 0.313901 0.862045 0.309699 0.864146 0.301296 0.862979 0.284489 0.863445 0.275560 0.864846 0.272759 0.866246 0.265581 0.863679 0.261905 0.846639 0.245098 0.814426 0.221989 0.795752 0.213761 0.789683 0.209559 0.747199 0.193978 0.727591 0.189951 0.694444 0.188200 0.678571 0.188901 0.675770 0.190126 0.669001 0.190476 0.663866 0.192402 0.661298 0.192052 0.653828 0.193978 0.640523 0.199055 0.633520 0.202731 0.626284 0.207808 0.617880 0.217087 0.611111 0.228817 0.609010 0.230742 0.608077 0.234244 0.605742 0.238095 0.605509 0.243522
1 0.746499 0.396709 0.751401 0.415441 0.755602 0.422969 0.760271 0.435049 0.765640 0.442227 0.769374 0.445728 0.772409 0.450630 0.789449 0.466562 0.799486 0.473915 0.805089 0.476541 0.810691 0.480392 0.826564 0.488270 0.835201 0.491071 0.838702 0.492997 0.854108 0.497199 0.884220 0.498950 0.907563 0.495098 0.910598 0.494048 0.914799 0.494223 0.923436 0.492647 0.935808 0.491597 0.937208 0.490196 0.946720 0.487395 0.952848 0.487220 0.963119 0.484244 0.976891 0.482493 0.980392 0.481268 0.991363 0.479517 0.995098 0.476891 0.999767 0.475665 0.999767 0.353992 0.993697 0.351716 0.985761 0.347164 0.966153 0.341387 0.953315 0.339286 0.928805 0.333508 0.921335 0.332283 0.912932 0.331933 0.900327 0.329482 0.896359 0.329307 0.870215 0.323704 0.838936 0.321254 0.830299 0.321254 0.817927 0.322654 0.800887 0.326856 0.777077 0.335084 0.775677 0.339636 0.772642 0.342262 0.768674 0.342087 0.767507 0.344363 0.757003 0.355742 0.750700 0.365546 0.748833 0.373424 0.746965 0.376751 0.746032 0.382878 0.746499 0.396709
1 0.514006 0.369573 0.515406 0.379727 0.522409 0.391282 0.529178 0.398459 0.539683 0.407038 0.545868 0.409926 0.566760 0.423319 0.599440 0.439951 0.605275 0.441877 0.609477 0.444328 0.615313 0.445728 0.619748 0.448004 0.642157 0.454132 0.653595 0.455357 0.658030 0.457458 0.671335 0.459909 0.685808 0.461134 0.689076 0.462185 0.698880 0.463235 0.745331 0.461660 0.762138 0.459734 0.768908 0.457633 0.769841 0.456583 0.771242 0.453081 0.770075 0.449405 0.768207 0.446078 0.764239 0.442752 0.760971 0.437850 0.754669 0.425245 0.751867 0.421744 0.744631 0.397059 0.744398 0.383578 0.746032 0.375700 0.749300 0.366947 0.747666 0.362745 0.731092 0.353817 0.727124 0.352591 0.720355 0.348739 0.693744 0.337010 0.680672 0.330357 0.674837 0.328782 0.671802 0.326856 0.650794 0.321078 0.610177 0.316352 0.591503 0.316176 0.563959 0.318452 0.546919 0.322829 0.536181 0.328081 0.532446 0.332983 0.523109 0.342087 0.520542 0.348214 0.519841 0.352416 0.517740 0.354867 0.516106 0.359244 0.514006 0.369573
1 0.370915 0.343137 0.368347 0.355392 0.368814 0.363095 0.370915 0.366246 0.383287 0.378501 0.393557 0.384979 0.398459 0.386029 0.412465 0.391106 0.432540 0.396008 0.459384 0.399685 0.485994 0.400910 0.491130 0.402661 0.505369 0.402486 0.508403 0.401611 0.512138 0.401786 0.525444 0.398459 0.526144 0.397759 0.517740 0.386730 0.513539 0.378501 0.512372 0.373775 0.517040 0.355217 0.517040 0.348739 0.518441 0.345588 0.525910 0.339111 0.535481 0.328431 0.544818 0.322654 0.553688 0.319853 0.563492 0.317752 0.581466 0.315826 0.584500 0.314076 0.567694 0.306197 0.530812 0.296744 0.508637 0.292892 0.491597 0.291842 0.477358 0.292542 0.459617 0.294643 0.439309 0.299545 0.428805 0.300595 0.398926 0.307423 0.383520 0.315476 0.376284 0.321078 0.372782 0.327906 0.373016 0.331758 0.371615 0.334559 0.370915 0.343137
1 0.266340 0.294468 0.268441 0.303046 0.267740 0.307073 0.268441 0.310049 0.271242 0.316001 0.274510 0.320203 0.277077 0.326331 0.278711 0.327731 0.280112 0.332108 0.285014 0.338060 0.292250 0.340336 0.298553 0.345063 0.302288 0.349090 0.315593 0.355917 0.324463 0.359069 0.327965 0.361169 0.349907 0.361520 0.359944 0.362395 0.363445 0.361695 0.366246 0.359419 0.365780 0.355567 0.369748 0.348739 0.371849 0.335609 0.370915 0.332283 0.371382 0.328081 0.376050 0.319503 0.383754 0.314076 0.386788 0.313550 0.392624 0.309699 0.401027 0.305847 0.419701 0.301471 0.443511 0.298144 0.456816 0.294118 0.458450 0.293242 0.458917 0.288690 0.457516 0.283263 0.452848 0.279412 0.442577 0.273459 0.433473 0.269958 0.428805 0.266632 0.422736 0.264531 0.384687 0.254552 0.362278 0.251050 0.338702 0.249300 0.314426 0.251225 0.300187 0.255077 0.292484 0.258578 0.289449 0.261204 0.283847 0.264006 0.274276 0.272059 0.269841 0.279237 0.266573 0.291317 0.266340 0.294468
1 0.236461 0.292192 0.239496 0.303571 0.247199 0.316527 0.255135 0.325980 0.264939 0.332283 0.278011 0.342262 0.284080 0.344188 0.287115 0.346464 0.289916 0.346814 0.294585 0.345938 0.295285 0.345063 0.293184 0.340336 0.289216 0.339111 0.284781 0.336310 0.281979 0.332458 0.281046 0.327906 0.279412 0.325805 0.276611 0.324580 0.276144 0.320728 0.274276 0.318277 0.268441 0.305322 0.266340 0.294818 0.266573 0.289741 0.270775 0.278011 0.274743 0.271709 0.278245 0.268032 0.285247 0.262955 0.294351 0.258053 0.307190 0.253151 0.313259 0.251751 0.311858 0.249475 0.309290 0.248074 0.285948 0.247024 0.273109 0.250000 0.261204 0.254027 0.258170 0.253501 0.247432 0.261730 0.243697 0.265581 0.237862 0.276261 0.236461 0.281688 0.236461 0.292192
1 0.547386 0.293417 0.547852 0.298319 0.549486 0.300245 0.568394 0.305672 0.591503 0.314776 0.610878 0.315301 0.647993 0.319853 0.651261 0.319503 0.652894 0.318452 0.657796 0.314076 0.659664 0.310924 0.658964 0.307248 0.654295 0.303922 0.650794 0.302696 0.640756 0.296744 0.633053 0.294118 0.630019 0.292367 0.628385 0.293417 0.624183 0.294118 0.612745 0.293242 0.595238 0.290266 0.581466 0.286239 0.574930 0.285364 0.567227 0.285889 0.549486 0.291667 0.547386 0.293417
1 0.459851 0.286765 0.461718 0.292017 0.463819 0.293417 0.467087 0.293592 0.483894 0.291492 0.509337 0.291667 0.529178 0.295693 0.536415 0.295343 0.543184 0.292542 0.546919 0.292717 0.551821 0.289566 0.562792 0.286415 0.560458 0.282913 0.511905 0.265581 0.487862 0.268908 0.480859 0.271359 0.467087 0.277836 0.460084 0.283263 0.459851 0.286765
1 0.206116 0.401085 0.208917 0.410364 0.212885 0.417017 0.216853 0.421218 0.223856 0.426296 0.237628 0.433123 0.248366 0.436099 0.249533 0.421043 0.251867 0.414216 0.259104 0.400385 0.269141 0.388130 0.280812 0.378852 0.293184 0.372549 0.318161 0.365371 0.323529 0.362745 0.320962 0.359069 0.304155 0.350315 0.296919 0.347514 0.280345 0.349615 0.272409 0.349090 0.268674 0.350840 0.261905 0.351541 0.252568 0.353992 0.237862 0.359419 0.225490 0.366071 0.216853 0.372374 0.213119 0.376401 0.211718 0.379552 0.208450 0.383403 0.206349 0.389356 0.206116 0.401085
1 0.248833 0.425245 0.250700 0.435574 0.258637 0.450630 0.262838 0.449930 0.265173 0.451155 0.268908 0.450980 0.274510 0.448179 0.288982 0.442927 0.299720 0.439951 0.324230 0.436800 0.336835 0.436275 0.351274 0.436275 0.367180 0.438025 0.392624 0.443102 0.398226 0.445728 0.404295 0.446429 0.415500 0.450105 0.418301 0.449755 0.419935 0.448529 0.430672 0.445378 0.435808 0.444503 0.439776 0.442752 0.463352 0.438901 0.467320 0.432073 0.479692 0.418242 0.479925 0.411064 0.483427 0.404412 0.472689 0.401786 0.449346 0.399510 0.421569 0.394608 0.414566 0.391807 0.396592 0.386730 0.390523 0.384454 0.386788 0.381127 0.383754 0.379552 0.373483 0.369223 0.369514 0.366071 0.366246 0.364671 0.360177 0.364496 0.347106 0.362570 0.331232 0.362745 0.317460 0.366071 0.314192 0.366246 0.309991 0.367997 0.300187 0.370448 0.286881 0.376225 0.274276 0.383578 0.258403 0.400210 0.256769 0.404412 0.256536 0.408088 0.250467 0.419468 0.249300 0.423319 0.248833 0.425245
1 0.467087 0.435749 0.467787 0.438375 0.469421 0.439076 0.519374 0.436800 0.578898 0.439776 0.584500 0.440826 0.594071 0.441176 0.596639 0.441527 0.598039 0.442577 0.600840 0.442577 0.598506 0.439076 0.559290 0.419468 0.529412 0.400560 0.519141 0.401436 0.508870 0.404062 0.498133 0.404762 0.482493 0.417367 0.469188 0.432248 0.467087 0.435749
1 0.916433 0.550070 0.922736 0.562850 0.926237 0.581408 0.937442 0.598915 0.954015 0.613095 0.972689 0.625350 0.985761 0.631828 0.994865 0.634979 0.999767 0.635504 0.999767 0.491422 0.983894 0.493172 0.977358 0.494573 0.974090 0.496324 0.959617 0.500700 0.942810 0.508578 0.937442 0.512080 0.935107 0.514881 0.929505 0.517857 0.921335 0.525910 0.919001 0.529587 0.916433 0.542192 0.916433 0.550070
1 0.774043 0.482143 0.770308 0.484244 0.789683 0.485819 0.793184 0.487745 0.798319 0.488796 0.800654 0.490721 0.811158 0.492122 0.827498 0.496499 0.835668 0.499825 0.838235 0.501576 0.850607 0.506303 0.855976 0.510154 0.863912 0.513831 0.866246 0.515756 0.869048 0.516982 0.873483 0.517682 0.891690 0.527486 0.902894 0.535889 0.911531 0.544818 0.914799 0.544293 0.917834 0.536064 0.919001 0.529412 0.921724 0.524568 0.927871 0.518732 0.935574 0.513480 0.937208 0.511380 0.951681 0.503676 0.967087 0.497374 0.980626 0.493522 0.994631 0.492122 0.999767 0.490721 0.999767 0.485294 0.996499 0.484244 0.992997 0.480567 0.991130 0.479692 0.984127 0.480917 0.977124 0.483368 0.967087 0.484069 0.947012 0.488095 0.935808 0.488971 0.924370 0.491597 0.914566 0.492647 0.907796 0.494048 0.900794 0.496499 0.887255 0.498424 0.876050 0.498775 0.858077 0.497899 0.838936 0.493172 0.829365 0.489671 0.800420 0.476015 0.796685 0.474965 0.793417 0.474790 0.781979 0.481618 0.780112 0.481968 0.775910 0.480217 0.774510 0.480917 0.774043 0.482143
1 0.646359 0.456758 0.648226 0.459909 0.652894 0.462360 0.653361 0.463410 0.677871 0.482843 0.681606 0.486345 0.685808 0.492472 0.696312 0.491597 0.735528 0.484419 0.765406 0.483018 0.784781 0.478466 0.786415 0.478641 0.788049 0.475140 0.791317 0.473915 0.791317 0.470413 0.786415 0.467262 0.780345 0.459559 0.775910 0.456758 0.772642 0.455882 0.765640 0.459209 0.751634 0.461660 0.739262 0.462535 0.729225 0.461660 0.713119 0.463235 0.700980 0.462185 0.682306 0.461835 0.676704 0.460609 0.661298 0.459034 0.654528 0.456232 0.647059 0.456057 0.646359 0.456758
1 0.385854 0.493697 0.386555 0.501225 0.390056 0.514006 0.392857 0.519608 0.399860 0.529937 0.418301 0.547969 0.439076 0.561275 0.454248 0.568277 0.466853 0.572654 0.478291 0.575280 0.509104 0.580182 0.513539 0.580182 0.577965 0.573179 0.588235 0.570728 0.595238 0.570203 0.598273 0.567402 0.598739 0.564251 0.600607 0.561275 0.602241 0.553396 0.606909 0.542892 0.611811 0.535714 0.620682 0.526085 0.646359 0.507703 0.651027 0.507178 0.664332 0.500700 0.675770 0.496499 0.681139 0.495798 0.683707 0.494748 0.682773 0.491071 0.679739 0.486695 0.669001 0.476366 0.653595 0.464286 0.640056 0.456232 0.628151 0.452381 0.623483 0.449580 0.618347 0.448880 0.602474 0.443452 0.591970 0.442052 0.568394 0.439426 0.524043 0.437500 0.496732 0.438025 0.488095 0.439251 0.476424 0.439251 0.460317 0.440651 0.445845 0.443803 0.439076 0.444153 0.420401 0.450455 0.408263 0.456758 0.404528 0.457108 0.401494 0.462710 0.397059 0.467087 0.390289 0.476541 0.388655 0.480567 0.388422 0.484594 0.386555 0.488095 0.385854 0.493697
1 0.247899 0.478291 0.246965 0.482668 0.249533 0.499475 0.251401 0.503326 0.258170 0.511730 0.264939 0.516807 0.275444 0.522234 0.282680 0.527136 0.291317 0.531338 0.296685 0.534839 0.311158 0.541317 0.327264 0.547444 0.334967 0.548845 0.352241 0.555147 0.359711 0.556022 0.361345 0.557248 0.362745 0.562325 0.369748 0.561275 0.377918 0.558999 0.414799 0.553746 0.420168 0.550245 0.416900 0.546218 0.409897 0.540966 0.406162 0.536064 0.401961 0.532738 0.397292 0.527486 0.389589 0.513480 0.385621 0.498249 0.386088 0.487920 0.389122 0.477241 0.396125 0.466737 0.401961 0.461660 0.404062 0.457458 0.412698 0.452906 0.412932 0.449580 0.401261 0.445903 0.397292 0.445553 0.394958 0.446254 0.391923 0.445203 0.390523 0.443102 0.388189 0.443452 0.380719 0.440826 0.354575 0.436975 0.341270 0.436800 0.322596 0.437675 0.300420 0.440651 0.279645 0.446954 0.259104 0.457458 0.253735 0.464286 0.250233 0.467087 0.247432 0.473739 0.247899 0.478291
1 0.105042 0.498950 0.106909 0.511555 0.112278 0.525735 0.126050 0.554972 0.140289 0.572304 0.161765 0.588936 0.173203 0.594013 0.175303 0.595763 0.194911 0.602416 0.209617 0.604692 0.226891 0.605917 0.248133 0.606268 0.251634 0.604692 0.255135 0.604517 0.268908 0.600490 0.279178 0.595588 0.285247 0.588585 0.292717 0.574405 0.294585 0.560574 0.294818 0.542892 0.292717 0.536415 0.290383 0.532563 0.279645 0.526261 0.275677 0.523109 0.264939 0.518207 0.260621 0.514793 0.250000 0.502626 0.247199 0.494748 0.246965 0.487745 0.245098 0.484244 0.244164 0.477591 0.247666 0.470413 0.243464 0.466562 0.223856 0.457458 0.196312 0.450805 0.172736 0.448880 0.147059 0.451155 0.138889 0.453081 0.126517 0.459034 0.119281 0.464286 0.112512 0.471464 0.108543 0.477766 0.105742 0.489496 0.105042 0.498950
1 0.039449 0.543943 0.042250 0.553396 0.046685 0.560399 0.060224 0.574755 0.070495 0.582633 0.088235 0.593137 0.098973 0.597339 0.110878 0.599440 0.119748 0.601891 0.168067 0.610119 0.171802 0.609944 0.178805 0.608018 0.189542 0.602416 0.176004 0.596464 0.156629 0.585959 0.139356 0.572304 0.127218 0.557073 0.114613 0.532388 0.106909 0.512080 0.104809 0.499475 0.105742 0.488971 0.104575 0.487045 0.102708 0.486520 0.095005 0.486870 0.084967 0.488620 0.073296 0.493873 0.056256 0.505952 0.049953 0.511555 0.042484 0.522234 0.039449 0.529412 0.039449 0.543943
1 0.299486 0.630427 0.303688 0.639706 0.306956 0.650910 0.312792 0.658964 0.316527 0.662115 0.319795 0.666667 0.327264 0.672444 0.345472 0.681197 0.348973 0.682073 0.352474 0.681898 0.355976 0.685749 0.359244 0.686800 0.362979 0.686975 0.366246 0.688375 0.369748 0.688200 0.390523 0.693627 0.407330 0.695203 0.421335 0.694153 0.463119 0.686625 0.471989 0.683648 0.474790 0.681898 0.475724 0.678571 0.471522 0.671218 0.464286 0.650210 0.463119 0.644083 0.464052 0.629727 0.480859 0.601366 0.483660 0.600140 0.493931 0.591211 0.503501 0.584909 0.505135 0.581583 0.497899 0.579307 0.472456 0.574930 0.460084 0.571254 0.446078 0.565126 0.430672 0.556373 0.425070 0.554272 0.394725 0.557948 0.383287 0.560924 0.371849 0.562150 0.356443 0.566877 0.352241 0.569503 0.336835 0.576331 0.327965 0.579307 0.321195 0.582983 0.313025 0.588410 0.303688 0.598389 0.300187 0.606968 0.299486 0.615371 0.299486 0.630427
1 0.464286 0.640931 0.465686 0.650735 0.473156 0.672094 0.482260 0.685924 0.494631 0.697304 0.503735 0.702206 0.506769 0.704307 0.507937 0.706408 0.510971 0.707458 0.515640 0.711485 0.518908 0.712535 0.521942 0.714636 0.537348 0.720588 0.563959 0.727591 0.583567 0.729692 0.597106 0.730392 0.612278 0.728992 0.678105 0.714986 0.706116 0.707983 0.709617 0.705707 0.714986 0.703606 0.725957 0.700280 0.746732 0.688901 0.750233 0.685749 0.751867 0.682073 0.756769 0.676646 0.760738 0.667892 0.762605 0.661415 0.763305 0.654412 0.761671 0.652836 0.753501 0.651961 0.735294 0.647234 0.726891 0.646359 0.716853 0.643382 0.709150 0.642332 0.706349 0.640931 0.696078 0.639356 0.685341 0.633754 0.676937 0.631303 0.675303 0.630077 0.662232 0.627976 0.636088 0.617822 0.623716 0.609419 0.608077 0.595238 0.604809 0.587710 0.601774 0.584734 0.598039 0.582458 0.594304 0.581583 0.592437 0.580357 0.589402 0.575630 0.584967 0.574930 0.560458 0.575630 0.539683 0.577381 0.525910 0.579657 0.508170 0.584209 0.495565 0.591562 0.491830 0.595413 0.486928 0.598915 0.478291 0.610644 0.474556 0.612920 0.472222 0.617647 0.469421 0.619748 0.466620 0.625350 0.464753 0.633228 0.464286 0.640931
1 0.767040 0.668592 0.768207 0.680847 0.774510 0.692577 0.781746 0.701856 0.789683 0.709034 0.803221 0.718487 0.821662 0.727416 0.834967 0.732843 0.839169 0.733894 0.841970 0.735644 0.870682 0.741772 0.885154 0.743172 0.892157 0.744748 0.904762 0.746324 0.924136 0.747724 0.938375 0.748599 0.980859 0.748599 0.999767 0.745623 0.999767 0.637430 0.977591 0.628676 0.968721 0.623775 0.949346 0.610644 0.931839 0.606793 0.918301 0.605567 0.914566 0.607668 0.906629 0.616422 0.901027 0.619923 0.891457 0.628151 0.874416 0.638130 0.862979 0.643382 0.839169 0.648985 0.818161 0.651786 0.772642 0.652486 0.771008 0.654412 0.768441 0.661064 0.767040 0.668592
1 0.695845 0.789566 0.700514 0.798669 0.702381 0.800245 0.703081 0.803571 0.706583 0.804797 0.709384 0.811099 0.712652 0.813550 0.714986 0.817752 0.721989 0.824580 0.734360 0.831933 0.740896 0.833859 0.744398 0.836134 0.751401 0.838761 0.769374 0.843137 0.790383 0.846814 0.834734 0.852066 0.843604 0.851891 0.858310 0.853291 0.877218 0.853291 0.887021 0.852591 0.900560 0.850140 0.905229 0.848564 0.908730 0.848214 0.921802 0.843662 0.936275 0.836134 0.953081 0.824405 0.967787 0.811099 0.979458 0.796569 0.985061 0.782913 0.986928 0.775385 0.987162 0.770483 0.986461 0.765406 0.983660 0.759279 0.977358 0.751050 0.973856 0.749125 0.968021 0.748599 0.936842 0.749125 0.923436 0.748249 0.919234 0.747374 0.891457 0.745448 0.883754 0.743347 0.866013 0.741422 0.836134 0.733718 0.821429 0.728291 0.816060 0.724965 0.803688 0.720413 0.794585 0.714636 0.789683 0.709909 0.778945 0.703782 0.775444 0.703081 0.765406 0.706232 0.743464 0.717087 0.734360 0.722864 0.723856 0.731092 0.715686 0.740371 0.712885 0.745098 0.707516 0.751401 0.701914 0.760854 0.695845 0.775385 0.695845 0.789566
1 0.841970 0.856443 0.850140 0.869048 0.855976 0.873775 0.862278 0.876576 0.871148 0.885504 0.879085 0.891632 0.883520 0.894783 0.886788 0.895658 0.890523 0.898109 0.904062 0.901961 0.916433 0.903887 0.924370 0.904587 0.939076 0.904587 0.942110 0.905637 0.949346 0.906338 0.978058 0.905812 0.999767 0.903186 0.999767 0.777836 0.997899 0.777836 0.991130 0.774685 0.987862 0.776611 0.983660 0.791141 0.978992 0.799020 0.974556 0.804447 0.968021 0.811450 0.957049 0.821078 0.955415 0.823529 0.942110 0.832983 0.929739 0.840511 0.904062 0.850665 0.887021 0.853291 0.879318 0.853817 0.847339 0.853291 0.841970 0.854692 0.841970 0.856443
1 0.505369 0.856443 0.508637 0.866071 0.510738 0.869398 0.512605 0.875350 0.516807 0.880602 0.521242 0.884279 0.525210 0.886029 0.527544 0.887955 0.543651 0.894783 0.553922 0.897584 0.557656 0.899335 0.585201 0.903011 0.633520 0.906513 0.647292 0.905812 0.660364 0.906338 0.685341 0.903711 0.705649 0.898109 0.714286 0.894258 0.734360 0.883053 0.747666 0.873424 0.755602 0.866246 0.767274 0.848915 0.767274 0.847689 0.767040 0.845588 0.760504 0.841912 0.744865 0.837360 0.734127 0.832983 0.716387 0.821779 0.695612 0.793242 0.694444 0.789741 0.694444 0.772234 0.692110 0.769958 0.677871 0.765231 0.668534 0.763480 0.663632 0.763305 0.654528 0.761029 0.650327 0.761204 0.647526 0.760154 0.645425 0.762080 0.641923 0.773109 0.635621 0.784839 0.630719 0.791842 0.625350 0.798669 0.610177 0.812150 0.589402 0.824930 0.573529 0.831933 0.565593 0.833683 0.546685 0.840686 0.540383 0.841912 0.527544 0.845938 0.512605 0.848915 0.507937 0.850490 0.505602 0.852416 0.505369 0.856443
1 0.685341 0.911590 0.689776 0.918242 0.695378 0.919993 0.702614 0.925420 0.709851 0.929097 0.720121 0.932948 0.737162 0.937325 0.764472 0.941702 0.785714 0.943452 0.819328 0.945028 0.862512 0.944678 0.877918 0.942927 0.887255 0.940826 0.901027 0.936099 0.921802 0.926120 0.930439 0.919468 0.937208 0.912115 0.939542 0.907913 0.938842 0.906863 0.935574 0.905637 0.920168 0.904937 0.904995 0.902836 0.890523 0.898634 0.887021 0.896183 0.882820 0.894958 0.873950 0.888130 0.872082 0.887430 0.860644 0.876751 0.856209 0.875000 0.852474 0.871499 0.848506 0.869223 0.845472 0.863620 0.842670 0.861345 0.841270 0.856268 0.839402 0.853992 0.824930 0.851541 0.777077 0.845413 0.771942 0.845413 0.768674 0.846989 0.756303 0.866246 0.741130 0.879202 0.714753 0.894958 0.709617 0.896709 0.704949 0.899335 0.686975 0.904412 0.684874 0.906863 0.685341 0.911590
1 0.642157 0.724440 0.647059 0.743172 0.650327 0.746148 0.658964 0.745973 0.692810 0.742647 0.696312 0.741947 0.699346 0.740371 0.702381 0.740371 0.706116 0.739146 0.713352 0.738270 0.716853 0.736169 0.721989 0.730742 0.733660 0.721464 0.752568 0.709909 0.752801 0.706057 0.751634 0.703256 0.752568 0.699580 0.750233 0.689251 0.748833 0.688725 0.747199 0.689076 0.738329 0.695028 0.726891 0.700455 0.720121 0.702206 0.694211 0.711310 0.684874 0.713936 0.671569 0.716036 0.667834 0.717437 0.654528 0.720238 0.651027 0.721814 0.642624 0.723389 0.642157 0.724440
1 0.324230 0.800420 0.326097 0.803746 0.333800 0.807248 0.335901 0.810749 0.338702 0.813200 0.340570 0.818277 0.347806 0.828957 0.352941 0.832633 0.355976 0.836485 0.359477 0.837010 0.362745 0.841036 0.366013 0.842087 0.367647 0.845763 0.373249 0.850140 0.378618 0.853466 0.389823 0.857493 0.403828 0.860294 0.411298 0.860994 0.428805 0.860994 0.432306 0.861870 0.439542 0.859769 0.457983 0.858543 0.474323 0.855042 0.488095 0.854342 0.495098 0.852241 0.501401 0.851541 0.506536 0.848739 0.515640 0.847514 0.546919 0.839461 0.581699 0.827206 0.597572 0.819153 0.616246 0.806022 0.624416 0.798319 0.630252 0.790966 0.639356 0.775560 0.644258 0.752276 0.643324 0.745273 0.644258 0.742122 0.644024 0.738445 0.640289 0.725490 0.637955 0.723389 0.633754 0.723564 0.623016 0.727416 0.599206 0.731268 0.585201 0.730392 0.554388 0.726015 0.539916 0.722164 0.532913 0.719188 0.526611 0.717437 0.501401 0.704307 0.487628 0.693102 0.481559 0.690651 0.470588 0.688725 0.457516 0.689426 0.452381 0.691001 0.443044 0.691702 0.422269 0.695378 0.411298 0.698529 0.404528 0.701331 0.390990 0.708683 0.368814 0.724090 0.361578 0.730917 0.355742 0.737745 0.346872 0.751576 0.340103 0.765756 0.332866 0.789916 0.331466 0.791492 0.327965 0.791492 0.325630 0.793768 0.324230 0.800420
1 0.420635 0.881127 0.421802 0.890231 0.431139 0.909314 0.435341 0.915266 0.445612 0.922269 0.452614 0.925070 0.460084 0.927696 0.473389 0.930322 0.494631 0.933298 0.505135 0.933824 0.536881 0.934174 0.549253 0.933123 0.565126 0.933648 0.581933 0.932248 0.598273 0.929797 0.606676 0.926996 0.612512 0.925945 0.616246 0.924020 0.623483 0.921919 0.626284 0.919643 0.641923 0.912640 0.645425 0.907913 0.640990 0.906863 0.601074 0.904762 0.592437 0.903536 0.584967 0.903887 0.581699 0.902836 0.557656 0.899685 0.542017 0.894608 0.522642 0.885679 0.516340 0.880952 0.510037 0.873775 0.503735 0.855742 0.502101 0.854167 0.498366 0.853291 0.457750 0.859944 0.439309 0.861695 0.425770 0.869398 0.420868 0.873074 0.420635 0.881127
1 0.252101 0.859769 0.253968 0.873249 0.262605 0.883578 0.267040 0.886380 0.271475 0.891632 0.279412 0.896884 0.284314 0.898109 0.290149 0.898284 0.298786 0.901085 0.309991 0.903011 0.328665 0.903011 0.335201 0.901961 0.358777 0.895658 0.383754 0.887080 0.391223 0.883403 0.408263 0.877101 0.428338 0.866246 0.431606 0.862745 0.429038 0.861520 0.404528 0.860644 0.390289 0.858193 0.387021 0.856443 0.379552 0.854167 0.373950 0.851015 0.362745 0.842087 0.356676 0.839286 0.354108 0.834909 0.348506 0.834034 0.345472 0.831408 0.345705 0.828081 0.343371 0.826681 0.342437 0.825105 0.341503 0.821078 0.335668 0.811450 0.332866 0.803922 0.331933 0.795868 0.334500 0.779237 0.335901 0.776085 0.335201 0.772409 0.327965 0.774860 0.318627 0.779237 0.296685 0.793242 0.288982 0.799195 0.266340 0.821254 0.262838 0.827206 0.261438 0.831933 0.258637 0.833508 0.257236 0.835959 0.253268 0.848039 0.252334 0.853992 0.252101 0.859769
1 0.164099 0.883578 0.167600 0.900735 0.169234 0.904412 0.176237 0.911590 0.181839 0.914916 0.191410 0.918592 0.206116 0.922094 0.211018 0.923845 0.213585 0.926296 0.215453 0.926471 0.223156 0.925595 0.240663 0.926471 0.274276 0.926120 0.278711 0.926996 0.305789 0.928046 0.310458 0.928922 0.334967 0.928396 0.349206 0.926296 0.359244 0.924195 0.366480 0.921919 0.369048 0.919993 0.380252 0.917017 0.390523 0.911765 0.395191 0.908789 0.397993 0.905812 0.405462 0.901611 0.416433 0.887955 0.418301 0.880602 0.415733 0.875350 0.414332 0.875000 0.411298 0.875700 0.400794 0.880952 0.397526 0.881303 0.394024 0.883053 0.390523 0.883228 0.388655 0.887430 0.379552 0.888305 0.372549 0.891807 0.366246 0.893908 0.362512 0.894083 0.358310 0.897059 0.351541 0.898109 0.348039 0.900735 0.345705 0.901436 0.338235 0.901436 0.328431 0.903536 0.320495 0.903711 0.306723 0.903011 0.297619 0.901085 0.291783 0.899510 0.289916 0.897234 0.286415 0.899685 0.278945 0.895308 0.275910 0.887955 0.273576 0.888480 0.263305 0.884454 0.254435 0.873249 0.254435 0.869748 0.252568 0.866071 0.251867 0.852066 0.253268 0.845413 0.257703 0.833683 0.260504 0.828957 0.262138 0.828431 0.265406 0.821254 0.264472 0.819503 0.261204 0.817927 0.254902 0.817927 0.247199 0.820028 0.240896 0.822654 0.234127 0.823529 0.223156 0.828081 0.220355 0.828256 0.205415 0.834909 0.193511 0.841737 0.181139 0.849790 0.171102 0.860994 0.166667 0.868873 0.164332 0.876225 0.164099 0.883578
1 0.220121 0.776085 0.223156 0.784489 0.225957 0.790441 0.231559 0.797444 0.248133 0.807773 0.251401 0.808999 0.263772 0.811975 0.272409 0.812675 0.276377 0.810574 0.292017 0.795868 0.307423 0.785364 0.322129 0.776786 0.330766 0.773459 0.334967 0.771008 0.338702 0.765231 0.346639 0.747899 0.348973 0.744573 0.349440 0.741246 0.348739 0.740546 0.344538 0.741772 0.341737 0.741422 0.333800 0.742122 0.315126 0.740371 0.305789 0.738270 0.284781 0.731968 0.278478 0.729167 0.265640 0.725140 0.264239 0.725315 0.262138 0.727766 0.255135 0.727766 0.248599 0.740021 0.240430 0.752801 0.221755 0.772759 0.220121 0.776085
1 0.243931 0.685574 0.241830 0.688901 0.241597 0.692752 0.246965 0.699580 0.250233 0.702381 0.252101 0.709909 0.257470 0.717437 0.260971 0.720413 0.267740 0.725140 0.284314 0.731968 0.303688 0.737745 0.322362 0.741422 0.342437 0.742647 0.345472 0.744223 0.348739 0.743172 0.361111 0.729167 0.369048 0.722164 0.392857 0.705532 0.400093 0.701856 0.407096 0.699580 0.404062 0.696078 0.401727 0.695028 0.397292 0.695028 0.342904 0.680672 0.339169 0.678221 0.334734 0.676996 0.328665 0.673494 0.316993 0.664566 0.308123 0.654062 0.305789 0.650035 0.303688 0.640406 0.301354 0.637430 0.299486 0.632003 0.296685 0.629552 0.286415 0.632178 0.279879 0.636204 0.265406 0.647934 0.257470 0.656863 0.244398 0.678571 0.243931 0.685574
1 0.093838 0.754727 0.096405 0.765056 0.098739 0.770133 0.109944 0.782913 0.112045 0.783964 0.117880 0.785714 0.122082 0.787990 0.135154 0.792017 0.140289 0.795518 0.151261 0.798845 0.154995 0.799545 0.165266 0.799545 0.174837 0.797969 0.191410 0.791492 0.209851 0.781162 0.220355 0.772759 0.227358 0.765931 0.239729 0.751926 0.248599 0.737570 0.250467 0.732318 0.253501 0.727591 0.255602 0.720413 0.255369 0.716737 0.249533 0.706933 0.249066 0.703081 0.242764 0.697654 0.240430 0.693803 0.240196 0.690768 0.240663 0.685574 0.243464 0.679097 0.243231 0.674545 0.247432 0.671744 0.249300 0.666317 0.251634 0.665091 0.256536 0.654412 0.259804 0.651261 0.260504 0.648284 0.261905 0.647409 0.264472 0.637255 0.263772 0.626225 0.255369 0.611695 0.250700 0.609244 0.248133 0.606443 0.246965 0.607143 0.237395 0.607493 0.220355 0.606092 0.211485 0.606268 0.202848 0.604342 0.195378 0.604167 0.192577 0.604517 0.174603 0.610644 0.158730 0.618873 0.146125 0.629552 0.139589 0.633228 0.133287 0.638480 0.116246 0.661590 0.113912 0.668417 0.107143 0.682073 0.107610 0.685224 0.105742 0.686625 0.104575 0.689076 0.100607 0.701506 0.096639 0.710434 0.095705 0.716737 0.096172 0.721464 0.093371 0.731092 0.093838 0.754727
1 0.031979 0.647759 0.035481 0.661064 0.041083 0.671744 0.046919 0.679272 0.057190 0.689776 0.067694 0.698004 0.084500 0.707808 0.091970 0.710259 0.094538 0.710084 0.096639 0.707633 0.103175 0.692577 0.104809 0.685924 0.104809 0.682073 0.109477 0.675245 0.118347 0.656688 0.123016 0.651611 0.128852 0.642682 0.133053 0.638305 0.154295 0.621499 0.162932 0.616246 0.165966 0.612745 0.130486 0.603641 0.098973 0.597514 0.088469 0.596289 0.067227 0.596464 0.056022 0.600665 0.042717 0.611870 0.034547 0.626751 0.031979 0.637080 0.031979 0.647759
1 0.019374 0.765931 0.021942 0.778186 0.028478 0.789741 0.036181 0.798144 0.053688 0.814251 0.059524 0.817052 0.065593 0.821779 0.074463 0.826856 0.098506 0.838585 0.106909 0.841211 0.111811 0.843662 0.119281 0.845238 0.126984 0.848039 0.147059 0.849965 0.154062 0.849090 0.157563 0.850140 0.165266 0.850140 0.178805 0.848564 0.182306 0.847514 0.198646 0.836660 0.214986 0.828081 0.218021 0.824755 0.220355 0.814426 0.220355 0.807248 0.217087 0.797094 0.213352 0.789041 0.209851 0.785714 0.206116 0.785364 0.203315 0.786239 0.199813 0.789041 0.182306 0.796043 0.179038 0.798669 0.175537 0.799720 0.171102 0.799720 0.160831 0.801296 0.158263 0.800420 0.154295 0.800945 0.151027 0.799195 0.136088 0.797094 0.133754 0.796218 0.132353 0.793067 0.124883 0.791141 0.116246 0.785364 0.111345 0.783964 0.108310 0.781162 0.105509 0.780287 0.102007 0.775035 0.098273 0.772759 0.093604 0.762080 0.091737 0.742997 0.094071 0.720063 0.091503 0.718487 0.081466 0.717437 0.060924 0.719363 0.049253 0.723739 0.037582 0.730392 0.028945 0.737745 0.022642 0.744923 0.019841 0.752276 0.019374 0.765931
1 0.652894 0.321078 0.659197 0.322829 0.661298 0.324405 0.668067 0.325455 0.680205 0.329657 0.706116 0.342612 0.715686 0.346289 0.719888 0.348915 0.726190 0.351015 0.748133 0.361870 0.751634 0.360819 0.758403 0.351541 0.759570 0.348739 0.755602 0.339811 0.752568 0.337360 0.748366 0.335784 0.733660 0.333683 0.714753 0.328606 0.707049 0.325805 0.703315 0.323354 0.699346 0.321954 0.696078 0.321604 0.693044 0.320378 0.688842 0.320203 0.677638 0.316352 0.665033 0.310574 0.661298 0.310224 0.653128 0.317577 0.652894 0.321078
1 0.969421 0.199755 0.984827 0.207808 0.992530 0.214636 0.998133 0.221113 0.999767 0.221113 0.999767 0.178571 0.998133 0.178571 0.981092 0.185399 0.968721 0.192577 0.966387 0.195728 0.969421 0.199755