0 0.098039 0.227241 0.101541 0.236695 0.108310 0.250175 0.115079 0.257703 0.123716 0.265231 0.130252 0.269958 0.138889 0.274335 0.147526 0.277311 0.151027 0.277661 0.160598 0.276611 0.167834 0.273985 0.178805 0.266982 0.181839 0.265756 0.191643 0.257353 0.197012 0.255077 0.205649 0.247374 0.233894 0.228466 0.242530 0.221814 0.255836 0.208508 0.263305 0.197479 0.270775 0.182073 0.276144 0.159664 0.276144 0.139356 0.274510 0.132703 0.264939 0.109594 0.257470 0.098039 0.252101 0.092087 0.235061 0.080707 0.221055 0.076681 0.212418 0.075455 0.196078 0.075280 0.189776 0.076155 0.184641 0.077906 0.174136 0.083158 0.153128 0.100140 0.138655 0.114846 0.128618 0.126751 0.115079 0.145658 0.107843 0.159139 0.101307 0.174545 0.096172 0.197829 0.095938 0.218137 0.098039 0.227241
1 0.254202 0.210959 0.235138 0.228058 0.219888 0.237570 0.213119 0.243172 0.200047 0.251576 0.201447 0.255077 0.208683 0.259629 0.217554 0.262955 0.230159 0.266106 0.251401 0.269258 0.254669 0.270483 0.264939 0.271884 0.285714 0.276611 0.312558 0.279412 0.338702 0.279412 0.341737 0.278887 0.343371 0.277486 0.345238 0.267682 0.347572 0.262255 0.356909 0.250000 0.362278 0.244048 0.370682 0.238445 0.384921 0.232318 0.397292 0.229342 0.408263 0.229167 0.415033 0.227591 0.432306 0.227941 0.436275 0.227241 0.436975 0.223739 0.435808 0.221289 0.433473 0.219888 0.432540 0.216912 0.429038 0.213936 0.421569 0.209209 0.407330 0.203606 0.364846 0.192402 0.359010 0.189951 0.338469 0.183999 0.335201 0.183824 0.327965 0.180672 0.322362 0.180322 0.289916 0.174195 0.275910 0.173845 0.274276 0.174895 0.267274 0.191877 0.254202 0.210959
1 0.333567 0.181898 0.338469 0.182773 0.351307 0.187500 0.387021 0.196954 0.390990 0.198704 0.404995 0.202381 0.421569 0.208333 0.433007 0.215336 0.437208 0.219363 0.439076 0.223039 0.442577 0.222689 0.457983 0.204832 0.464753 0.199055 0.475023 0.192227 0.489963 0.184349 0.498133 0.182073 0.508870 0.183123 0.510971 0.181898 0.511671 0.180497 0.530345 0.182948 0.539916 0.182948 0.542017 0.182248 0.539683 0.177696 0.529412 0.169468 0.524743 0.167017 0.516573 0.165441 0.509570 0.160189 0.502801 0.157738 0.484827 0.152311 0.470588 0.148985 0.461251 0.147934 0.456816 0.146183 0.421802 0.142857 0.404062 0.143207 0.397993 0.144258 0.380252 0.145308 0.366713 0.148634 0.356209 0.152136 0.352941 0.153536 0.338002 0.164391 0.334267 0.168242 0.331232 0.176120 0.330999 0.178922 0.333567 0.181898
1 0.442577 0.228817 0.456816 0.232143 0.467087 0.235819 0.480859 0.242297 0.494865 0.250525 0.519841 0.269083 0.527778 0.276436 0.535247 0.285014 0.541783 0.296919 0.542484 0.299720 0.545518 0.302696 0.546919 0.303046 0.553455 0.301120 0.557890 0.298319 0.567694 0.286940 0.571429 0.279237 0.574697 0.275560 0.578198 0.268908 0.582166 0.257878 0.583567 0.236695 0.583333 0.230567 0.580532 0.217787 0.576331 0.209209 0.567694 0.197829 0.555789 0.188375 0.542484 0.183298 0.497432 0.182598 0.490896 0.184699 0.483193 0.188375 0.466853 0.198179 0.460317 0.203256 0.444911 0.221289 0.441643 0.223915 0.440710 0.227416 0.442577 0.228817
1 0.190243 0.279587 0.187908 0.282913 0.203081 0.290441 0.205649 0.289741 0.210084 0.290441 0.218021 0.292542 0.225257 0.295518 0.227358 0.296919 0.232260 0.298494 0.234594 0.300245 0.256536 0.309349 0.258170 0.310749 0.270308 0.316176 0.272409 0.317927 0.284314 0.322829 0.297759 0.331863 0.310691 0.343487 0.313959 0.342612 0.319795 0.338410 0.322362 0.335259 0.341503 0.322654 0.352708 0.317227 0.364845 0.314248 0.363445 0.310749 0.350840 0.298319 0.346872 0.292017 0.342670 0.281688 0.341270 0.280462 0.338936 0.279937 0.315026 0.279762 0.289449 0.277661 0.272409 0.275035 0.265640 0.272934 0.247666 0.269258 0.229925 0.266982 0.215453 0.263305 0.210551 0.262780 0.199113 0.264531 0.188609 0.268557 0.186275 0.270483 0.181606 0.272584 0.180439 0.275910 0.185808 0.279062 0.189309 0.278711 0.190243 0.279587
1 0.071429 0.338585 0.074230 0.343312 0.077731 0.343312 0.080299 0.339811 0.086601 0.334909 0.086601 0.331232 0.093137 0.323179 0.107610 0.308999 0.117880 0.301821 0.126517 0.298144 0.133053 0.294293 0.137255 0.293768 0.139589 0.292192 0.146359 0.290266 0.159742 0.287640 0.164799 0.287990 0.168301 0.289741 0.171802 0.290091 0.178805 0.288515 0.186275 0.288515 0.193744 0.290966 0.200280 0.294993 0.207283 0.301296 0.211718 0.307423 0.217787 0.323354 0.221289 0.340861 0.223389 0.384804 0.223856 0.385504 0.234127 0.389006 0.247899 0.391457 0.254902 0.391632 0.258403 0.389356 0.261905 0.389531 0.268441 0.387955 0.272876 0.381478 0.278711 0.369923 0.285247 0.361345 0.292951 0.354867 0.296919 0.352941 0.299720 0.350490 0.303688 0.349090 0.307656 0.345413 0.307190 0.341912 0.304855 0.339111 0.294351 0.330007 0.284080 0.323529 0.262838 0.313025 0.213585 0.292017 0.203081 0.288690 0.197246 0.287990 0.192344 0.285364 0.175303 0.282388 0.172969 0.283088 0.165966 0.283263 0.157563 0.281513 0.150093 0.280987 0.123016 0.283964 0.105742 0.288165 0.091270 0.296218 0.081232 0.303922 0.073763 0.314076 0.070495 0.320903 0.069795 0.324580 0.069561 0.328256 0.071429 0.338585
1 0.054855 0.439951 0.056956 0.449580 0.060224 0.457983 0.064426 0.464111 0.070962 0.468838 0.077965 0.475840 0.083800 0.478817 0.091970 0.481618 0.095472 0.481443 0.100373 0.477766 0.099206 0.473915 0.101074 0.472689 0.102007 0.470413 0.104108 0.469188 0.108543 0.463410 0.116013 0.456933 0.135154 0.445553 0.164799 0.432248 0.171802 0.431022 0.175303 0.428571 0.199813 0.421043 0.209617 0.416667 0.213352 0.417017 0.215453 0.415616 0.218954 0.411415 0.220822 0.403536 0.220822 0.393382 0.222222 0.383754 0.220121 0.336134 0.218487 0.328081 0.210551 0.307598 0.206116 0.300245 0.204015 0.298845 0.199113 0.292892 0.194444 0.291141 0.185107 0.290441 0.173669 0.288165 0.171102 0.284314 0.154295 0.282388 0.152894 0.282913 0.152894 0.284051 0.150794 0.285714 0.149627 0.289566 0.142624 0.290791 0.121849 0.298494 0.110411 0.306373 0.103175 0.312325 0.100373 0.316176 0.095705 0.319853 0.090103 0.326506 0.087535 0.331583 0.077031 0.345588 0.072596 0.353641 0.065359 0.369573 0.060691 0.383228 0.055322 0.410714 0.054388 0.419818 0.054855 0.439951
1 0.219888 0.410714 0.220355 0.413690 0.224090 0.413515 0.245798 0.408263 0.265873 0.406162 0.268908 0.404412 0.268207 0.400560 0.266573 0.398459 0.254202 0.393557 0.241597 0.389706 0.223856 0.386380 0.222456 0.387955 0.221755 0.392157 0.221989 0.399335 0.219888 0.410714
1 0.014472 0.515581 0.017274 0.523459 0.022176 0.532563 0.028478 0.540091 0.042250 0.554797 0.068394 0.577206 0.079832 0.588235 0.091970 0.596989 0.095705 0.598739 0.098739 0.599090 0.112045 0.581232 0.121148 0.570728 0.137955 0.556197 0.140990 0.552696 0.158497 0.539741 0.157330 0.536590 0.153828 0.534839 0.139823 0.530462 0.126984 0.523109 0.116480 0.515931 0.110878 0.510504 0.101774 0.498775 0.098273 0.492122 0.096872 0.486520 0.095005 0.484069 0.088469 0.480567 0.082866 0.478817 0.075163 0.474090 0.070261 0.469538 0.066993 0.467962 0.064192 0.467262 0.046919 0.471113 0.039683 0.473739 0.031979 0.478116 0.020775 0.486695 0.016807 0.492297 0.013539 0.500175 0.013305 0.508754 0.014472 0.515581
1 0.270775 0.403711 0.272176 0.404937 0.275910 0.404762 0.279178 0.405812 0.290616 0.406338 0.307190 0.410539 0.316993 0.411064 0.327731 0.414916 0.331933 0.415091 0.338702 0.417017 0.353175 0.423319 0.373016 0.433824 0.382586 0.440476 0.390523 0.449055 0.394024 0.449930 0.400327 0.438025 0.412465 0.419118 0.421802 0.407913 0.434407 0.390581 0.436975 0.376401 0.434174 0.362220 0.429739 0.348389 0.428571 0.347164 0.416667 0.341737 0.404762 0.337710 0.400794 0.334909 0.389823 0.329832 0.386788 0.327206 0.369748 0.317227 0.365780 0.316702 0.356209 0.317227 0.352474 0.318102 0.345938 0.320903 0.335201 0.327381 0.323063 0.335784 0.314426 0.343312 0.303455 0.350490 0.295518 0.354692 0.286415 0.361345 0.279412 0.370623 0.272176 0.386204 0.270075 0.394608 0.269841 0.401085 0.270775 0.403711
1 0.397526 0.469013 0.401261 0.470413 0.404528 0.470588 0.407330 0.477066 0.401027 0.477941 0.397526 0.481618 0.394725 0.483193 0.392857 0.485819 0.388889 0.498599 0.393791 0.512080 0.406396 0.522934 0.419001 0.539916 0.422969 0.543768 0.428805 0.547619 0.435574 0.549195 0.447012 0.549545 0.454715 0.549020 0.462418 0.549895 0.470355 0.549720 0.474556 0.546919 0.481559 0.536765 0.485994 0.528536 0.500000 0.510504 0.509570 0.500700 0.535247 0.480917 0.538515 0.474090 0.541550 0.464111 0.544585 0.447829 0.544818 0.424370 0.542484 0.407913 0.539683 0.397759 0.533147 0.383578 0.528245 0.375875 0.520075 0.367297 0.513072 0.362220 0.505135 0.358018 0.495565 0.357493 0.491130 0.355217 0.484127 0.355042 0.469188 0.361520 0.466853 0.364146 0.460317 0.368697 0.456583 0.369048 0.454715 0.372724 0.453081 0.373074 0.449113 0.378326 0.442110 0.382878 0.441877 0.385504 0.439076 0.389356 0.435574 0.391982 0.430672 0.397584 0.423903 0.407038 0.414332 0.418242 0.400794 0.439076 0.394491 0.453081 0.394958 0.460784 0.397526 0.469013
1 0.437208 0.388831 0.439076 0.389181 0.441877 0.383929 0.450514 0.376576 0.454015 0.371324 0.463819 0.365546 0.471289 0.358193 0.480859 0.355567 0.484594 0.355217 0.487162 0.355917 0.489729 0.355567 0.508170 0.359419 0.518674 0.365546 0.531279 0.378676 0.538749 0.393382 0.543884 0.407738 0.545051 0.415791 0.546685 0.417542 0.572129 0.388655 0.594071 0.369398 0.596639 0.365896 0.599673 0.349440 0.599206 0.342087 0.595005 0.328256 0.589169 0.318978 0.577965 0.310049 0.570962 0.306197 0.560924 0.303221 0.553455 0.303046 0.547852 0.306723 0.546685 0.308298 0.545752 0.310924 0.545518 0.317577 0.543184 0.320378 0.540850 0.327906 0.535481 0.334384 0.531513 0.337010 0.526377 0.338585 0.516807 0.344188 0.492063 0.351190 0.480159 0.350840 0.469655 0.352591 0.453315 0.362395 0.439542 0.375875 0.436741 0.383578 0.436041 0.387430 0.437208 0.388831
1 0.286181 0.629027 0.301120 0.671744 0.313025 0.696779 0.318627 0.703081 0.320962 0.707108 0.328665 0.713410 0.334967 0.716562 0.349907 0.718137 0.366246 0.715161 0.388422 0.704657 0.401727 0.694153 0.414799 0.679097 0.427638 0.660189 0.430205 0.657563 0.435808 0.640406 0.438142 0.626926 0.438609 0.617122 0.438375 0.602416 0.436975 0.592787 0.430672 0.570028 0.422035 0.549020 0.415500 0.536415 0.404062 0.522409 0.393791 0.514006 0.386788 0.510329 0.376517 0.507703 0.373016 0.507528 0.362278 0.512955 0.341970 0.520133 0.338936 0.521884 0.311625 0.530287 0.299720 0.532913 0.288749 0.536415 0.290850 0.539041 0.288049 0.541667 0.282680 0.549895 0.279178 0.560749 0.276611 0.576681 0.276844 0.594888 0.286181 0.629027
1 0.083800 0.685924 0.088235 0.693452 0.093371 0.699580 0.105976 0.707808 0.115546 0.710784 0.124183 0.712010 0.140523 0.711310 0.162465 0.707108 0.171802 0.703957 0.178571 0.700280 0.183240 0.696779 0.201447 0.686099 0.209851 0.679622 0.241597 0.642507 0.255602 0.621849 0.265173 0.602241 0.272409 0.575280 0.272642 0.564251 0.271709 0.556898 0.270075 0.553922 0.269608 0.550245 0.267274 0.548319 0.264472 0.543417 0.261905 0.541842 0.257937 0.541842 0.246265 0.543768 0.226891 0.544293 0.218254 0.545518 0.199346 0.546218 0.188142 0.544468 0.164799 0.539391 0.161298 0.539391 0.158263 0.541141 0.144958 0.550420 0.121849 0.570903 0.101074 0.597164 0.088002 0.625000 0.083100 0.641106 0.080999 0.655462 0.080999 0.676120 0.083800 0.685924
1 0.143324 0.761730 0.147059 0.766982 0.174837 0.783789 0.179038 0.785014 0.185341 0.788165 0.189076 0.788690 0.199346 0.771534 0.212418 0.758754 0.227124 0.750350 0.250467 0.743172 0.261905 0.740546 0.276377 0.738971 0.290616 0.738445 0.310691 0.738445 0.332400 0.740371 0.362745 0.744923 0.377684 0.749300 0.390523 0.754027 0.396359 0.754377 0.398226 0.748950 0.396825 0.728466 0.397526 0.709909 0.393791 0.706057 0.390523 0.705707 0.383754 0.707458 0.373950 0.713235 0.363212 0.716562 0.349673 0.718838 0.334734 0.717437 0.330299 0.715511 0.320495 0.707458 0.311858 0.695728 0.304622 0.681373 0.300187 0.674720 0.296452 0.674370 0.293884 0.674895 0.289916 0.674195 0.260971 0.674545 0.236928 0.677171 0.222923 0.680147 0.208917 0.684524 0.194444 0.691527 0.168067 0.708859 0.159430 0.715686 0.153595 0.722164 0.143557 0.737220 0.141223 0.744923 0.140756 0.748775 0.143324 0.761730
1 0.400093 0.751401 0.402194 0.757528 0.407330 0.762080 0.423203 0.772934 0.440009 0.792192 0.448179 0.806898 0.453081 0.832108 0.460784 0.837885 0.466387 0.843487 0.471755 0.847164 0.480626 0.850665 0.487162 0.851891 0.489496 0.851366 0.491597 0.849615 0.500000 0.834559 0.505836 0.827731 0.506303 0.825105 0.504435 0.821078 0.497199 0.814426 0.492063 0.806548 0.489729 0.797269 0.489262 0.785714 0.492063 0.770483 0.500000 0.744573 0.510504 0.724265 0.525910 0.699580 0.525444 0.695553 0.518908 0.684524 0.512838 0.676821 0.506303 0.670518 0.492997 0.660714 0.480626 0.654237 0.473856 0.652486 0.463352 0.651786 0.450747 0.651786 0.442110 0.653711 0.433007 0.656688 0.428805 0.660539 0.421335 0.672094 0.405462 0.692927 0.401961 0.703081 0.398693 0.719713 0.398693 0.740546 0.400093 0.751401
0 0.188375 0.814776 0.190943 0.827906 0.193511 0.835084 0.204248 0.852416 0.218954 0.866246 0.234594 0.875875 0.248133 0.881828 0.258403 0.884804 0.268908 0.889181 0.275910 0.891282 0.293184 0.893732 0.300420 0.894083 0.303455 0.895133 0.317460 0.896359 0.343137 0.895833 0.352708 0.896534 0.357493 0.896008 0.362979 0.896359 0.376984 0.894433 0.379785 0.893382 0.393791 0.890931 0.402894 0.888130 0.409897 0.884979 0.423669 0.876576 0.431373 0.870098 0.440009 0.860294 0.447246 0.848915 0.450747 0.835084 0.450514 0.825105 0.448880 0.814426 0.446545 0.806723 0.442810 0.799020 0.439542 0.793592 0.428571 0.780462 0.414410 0.768266 0.398226 0.757703 0.380019 0.751050 0.359244 0.744748 0.315359 0.739846 0.294351 0.739321 0.259104 0.742122 0.237862 0.747549 0.227124 0.751050 0.216853 0.756653 0.211718 0.760329 0.203081 0.768557 0.196312 0.778186 0.193044 0.785364 0.189776 0.796919 0.188375 0.803396 0.188375 0.814776
1 0.143091 0.761380 0.147292 0.767157 0.174370 0.783613 0.184641 0.788165 0.189076 0.788690 0.200280 0.770308 0.210317 0.760504 0.216853 0.755952 0.227358 0.750175 0.251634 0.742822 0.261905 0.740721 0.275910 0.738971 0.293417 0.738095 0.310691 0.738270 0.335901 0.740721 0.362745 0.744923 0.377684 0.749300 0.390523 0.754027 0.397526 0.754727 0.398459 0.744748 0.396825 0.726190 0.398459 0.709209 0.395892 0.703606 0.394024 0.702381 0.383520 0.707108 0.371615 0.713761 0.362512 0.716387 0.349440 0.718487 0.334967 0.717262 0.329132 0.714636 0.324463 0.711310 0.320261 0.706933 0.309991 0.692577 0.304622 0.681197 0.299953 0.674545 0.297386 0.673845 0.258403 0.674195 0.235294 0.676996 0.222456 0.679797 0.209851 0.683648 0.189076 0.694503 0.175303 0.704307 0.167134 0.709034 0.159897 0.714636 0.152661 0.722864 0.143324 0.737220 0.141223 0.744048 0.140756 0.749650 0.143091 0.761380
1 0.216853 0.681548 0.226190 0.678922 0.240896 0.676296 0.257003 0.674895 0.293417 0.673845 0.300187 0.672619 0.297852 0.662990 0.289216 0.640581 0.281979 0.617647 0.277077 0.601190 0.274510 0.587885 0.272876 0.585259 0.269841 0.591912 0.267740 0.599440 0.252801 0.627976 0.248133 0.633403 0.240896 0.644433 0.210784 0.678746 0.209851 0.682423 0.216853 0.681548
0 0.099673 0.490546 0.105042 0.501225 0.107843 0.505077 0.122316 0.519083 0.141923 0.529762 0.147526 0.532038 0.155462 0.533613 0.161765 0.536590 0.179739 0.541492 0.188842 0.543067 0.198880 0.544293 0.205182 0.544293 0.244865 0.542542 0.250934 0.540791 0.261671 0.539741 0.268207 0.537465 0.280579 0.536590 0.305089 0.530637 0.315126 0.526786 0.321895 0.525735 0.326797 0.523634 0.343838 0.518557 0.348273 0.517332 0.352241 0.517157 0.354809 0.514356 0.359010 0.513480 0.362745 0.511730 0.379085 0.501576 0.380019 0.498599 0.382120 0.495973 0.383754 0.494748 0.387021 0.493873 0.390990 0.488971 0.393324 0.484419 0.393791 0.457458 0.391457 0.451506 0.387021 0.445903 0.379318 0.438725 0.362745 0.428922 0.338702 0.417892 0.332166 0.415791 0.327731 0.415441 0.317694 0.412290 0.305089 0.411064 0.293651 0.408263 0.283380 0.407213 0.266573 0.406863 0.247899 0.408613 0.238095 0.410889 0.234127 0.411064 0.222689 0.414391 0.214286 0.417717 0.207049 0.419293 0.199346 0.423144 0.189542 0.424895 0.179505 0.429097 0.165266 0.433123 0.157563 0.436625 0.149160 0.439251 0.133520 0.447129 0.119281 0.455532 0.109711 0.464461 0.104809 0.467612 0.100140 0.473739 0.098973 0.477066 0.098273 0.484769 0.099673 0.490546
0 0.490896 0.799370 0.491830 0.803396 0.496032 0.810924 0.506536 0.822129 0.508637 0.825630 0.511438 0.827731 0.514006 0.828606 0.515640 0.830707 0.536181 0.838235 0.549486 0.838761 0.560924 0.838060 0.582166 0.834034 0.603641 0.825630 0.624183 0.812850 0.633520 0.806197 0.645425 0.796744 0.658030 0.783263 0.662698 0.776611 0.672269 0.765756 0.686508 0.738620 0.690943 0.727241 0.701214 0.692927 0.705182 0.674895 0.706583 0.662640 0.705182 0.647234 0.699580 0.634979 0.693277 0.628501 0.685808 0.625700 0.672502 0.624650 0.657796 0.624825 0.643557 0.628326 0.640523 0.628501 0.637021 0.630602 0.627918 0.633754 0.623016 0.634279 0.619281 0.635504 0.606443 0.642507 0.595238 0.647059 0.582400 0.654237 0.563959 0.666492 0.559991 0.670343 0.553221 0.674370 0.535014 0.691001 0.525210 0.702556 0.515406 0.717087 0.507703 0.730217 0.501634 0.742997 0.493697 0.765931 0.490896 0.779412 0.489963 0.787815 0.490896 0.799370
1 0.436741 0.638480 0.432773 0.650910 0.433240 0.654062 0.439309 0.654412 0.449346 0.651085 0.452848 0.651786 0.460940 0.651261 0.468487 0.651961 0.474790 0.651786 0.477358 0.651085 0.476190 0.647584 0.469421 0.642857 0.466153 0.639006 0.459150 0.626401 0.457049 0.615371 0.457516 0.605392 0.456583 0.602941 0.452848 0.602416 0.441877 0.604517 0.439776 0.605742 0.439076 0.608193 0.438375 0.627801 0.436741 0.638480
0 0.348739 0.292367 0.355742 0.301120 0.374183 0.318102 0.390990 0.328957 0.410831 0.338761 0.420868 0.341562 0.432073 0.346113 0.436041 0.346289 0.442810 0.348389 0.466853 0.350315 0.495098 0.348915 0.508870 0.345588 0.519141 0.342087 0.524510 0.339286 0.529645 0.335259 0.534547 0.333158 0.539449 0.327906 0.543651 0.314426 0.544818 0.306723 0.540149 0.293242 0.534314 0.284314 0.529879 0.279237 0.520308 0.270133 0.505135 0.258403 0.489496 0.247899 0.470355 0.238095 0.454715 0.232493 0.432306 0.228641 0.418067 0.227941 0.409197 0.229517 0.404062 0.229342 0.393324 0.230742 0.377218 0.235819 0.369748 0.239671 0.362278 0.244748 0.360177 0.248249 0.355509 0.252801 0.348039 0.262605 0.345238 0.272409 0.343838 0.279587 0.348739 0.292367
1 0.584034 0.234244 0.583800 0.248599 0.582866 0.255777 0.579599 0.266982 0.574463 0.276786 0.569328 0.284489 0.567460 0.286064 0.566060 0.289216 0.558357 0.297969 0.553922 0.300245 0.560691 0.301646 0.567694 0.304272 0.572829 0.306548 0.588469 0.316176 0.591737 0.316352 0.606443 0.310749 0.624650 0.297619 0.641923 0.278011 0.648459 0.269433 0.650327 0.264006 0.650794 0.254902 0.648693 0.248599 0.641457 0.237045 0.630719 0.229167 0.614379 0.221989 0.602241 0.218662 0.587768 0.216737 0.583567 0.216737 0.581699 0.217437 0.581466 0.221289 0.584034 0.234244
1 0.544585 0.456933 0.547152 0.460084 0.550187 0.468662 0.553221 0.470588 0.559057 0.468662 0.563725 0.466036 0.567694 0.465511 0.579832 0.461485 0.594771 0.459559 0.605976 0.459559 0.616480 0.461134 0.628852 0.466211 0.636788 0.472514 0.644491 0.469888 0.665266 0.466387 0.676004 0.465511 0.685574 0.465686 0.689076 0.463761 0.691877 0.460084 0.695145 0.457983 0.700514 0.451856 0.707516 0.441702 0.711951 0.432598 0.716620 0.415091 0.722923 0.400560 0.724790 0.390056 0.725257 0.383578 0.720822 0.366246 0.713819 0.355742 0.709617 0.352066 0.695378 0.346289 0.689076 0.344538 0.676004 0.342437 0.654528 0.343312 0.649860 0.344013 0.630019 0.349440 0.615546 0.355567 0.606909 0.360994 0.595238 0.369048 0.578898 0.383053 0.571195 0.390406 0.552988 0.411064 0.547852 0.418242 0.545985 0.424545 0.546218 0.443803 0.544585 0.456933
1 0.641223 0.490721 0.641923 0.498775 0.639356 0.544993 0.640523 0.558337 0.640289 0.568277 0.642157 0.571954 0.646359 0.576155 0.661298 0.585959 0.694444 0.602416 0.729458 0.614496 0.737628 0.616422 0.746732 0.616246 0.754669 0.617997 0.761204 0.618522 0.771475 0.618172 0.782680 0.619573 0.796685 0.619223 0.810691 0.617297 0.820261 0.612920 0.824463 0.612570 0.827965 0.611345 0.840103 0.603817 0.847106 0.596814 0.850140 0.592087 0.851541 0.585259 0.846405 0.570553 0.841270 0.563375 0.841970 0.560749 0.838702 0.557248 0.834267 0.554972 0.826331 0.544818 0.783847 0.505427 0.761905 0.489846 0.744865 0.480567 0.742063 0.480217 0.727358 0.474615 0.724556 0.474265 0.716620 0.471464 0.703081 0.469538 0.696545 0.467612 0.683473 0.466562 0.665500 0.467262 0.647059 0.470238 0.637722 0.473915 0.637488 0.477591 0.641223 0.490721
1 0.794351 0.513831 0.799486 0.519433 0.805789 0.523810 0.813492 0.533263 0.823296 0.540791 0.827965 0.546744 0.833800 0.552346 0.837302 0.557073 0.839402 0.562150 0.843604 0.567052 0.850373 0.579657 0.851541 0.587885 0.849673 0.593487 0.844304 0.600840 0.831699 0.610294 0.823763 0.613796 0.803688 0.619048 0.793184 0.620098 0.789449 0.619573 0.786415 0.620448 0.776377 0.619398 0.774510 0.619748 0.774510 0.623074 0.778245 0.630252 0.785714 0.638305 0.790149 0.640581 0.796685 0.641807 0.803922 0.644783 0.809290 0.649510 0.816993 0.652661 0.841970 0.655287 0.852241 0.655112 0.862745 0.653361 0.872082 0.649685 0.876050 0.649335 0.887021 0.644958 0.901027 0.633929 0.914799 0.620273 0.925303 0.605742 0.928571 0.598564 0.931139 0.588235 0.932073 0.572129 0.930672 0.563550 0.925770 0.546744 0.915266 0.502101 0.908964 0.485819 0.899627 0.472864 0.893791 0.468662 0.887722 0.466211 0.880952 0.464986 0.869748 0.464811 0.854809 0.466912 0.845472 0.467437 0.826097 0.471989 0.814426 0.477416 0.800187 0.487395 0.792484 0.494748 0.785714 0.505077 0.787348 0.508578 0.794351 0.513831
1 0.912465 0.491071 0.920635 0.515931 0.925070 0.539741 0.931373 0.560574 0.932773 0.568978 0.935341 0.571604 0.939776 0.572129 0.956349 0.570028 0.966620 0.567227 0.979458 0.560749 0.979925 0.542192 0.981559 0.537465 0.987628 0.534839 0.991363 0.535364 0.994631 0.533263 0.997899 0.526261 0.999767 0.526085 0.999767 0.430322 0.994398 0.430497 0.987162 0.432598 0.969888 0.439076 0.957516 0.445728 0.938842 0.458333 0.928338 0.466912 0.921102 0.474265 0.912932 0.484419 0.911998 0.487220 0.912465 0.491071
1 0.865313 0.405287 0.865546 0.415091 0.866947 0.418242 0.870682 0.421744 0.878618 0.427171 0.887722 0.438901 0.894024 0.449580 0.899160 0.469188 0.907796 0.481443 0.911298 0.483543 0.925770 0.468487 0.933240 0.461835 0.955649 0.446254 0.964519 0.441001 0.973156 0.437150 0.987162 0.431723 0.999767 0.427871 0.999767 0.405287 0.997666 0.403887 0.996499 0.397584 0.989496 0.376401 0.982960 0.365021 0.976657 0.355742 0.970822 0.351015 0.956583 0.342787 0.948179 0.340161 0.936041 0.338235 0.924603 0.339111 0.908030 0.343137 0.897059 0.348039 0.886555 0.355742 0.875350 0.367647 0.867880 0.382003 0.866480 0.386905 0.865313 0.393207 0.865313 0.405287
1 0.824697 0.402311 0.834734 0.404062 0.856909 0.414741 0.862745 0.416842 0.864846 0.416141 0.865780 0.393382 0.865313 0.390406 0.862745 0.388130 0.855742 0.387080 0.846405 0.387080 0.838002 0.387955 0.821195 0.390931 0.814659 0.393908 0.813959 0.396008 0.814426 0.397934 0.824697 0.402311
1 0.762138 0.647584 0.763539 0.648810 0.768908 0.658964 0.777544 0.685749 0.780812 0.702381 0.783847 0.736695 0.786181 0.741246 0.791083 0.743697 0.799953 0.745098 0.806956 0.747199 0.820028 0.748424 0.834967 0.748074 0.845472 0.747024 0.860644 0.743522 0.867180 0.741246 0.868581 0.739146 0.869514 0.731968 0.869281 0.698704 0.871615 0.680672 0.870682 0.675770 0.866713 0.671569 0.845705 0.658438 0.831466 0.655287 0.821195 0.654762 0.815126 0.653711 0.805089 0.648810 0.800187 0.643908 0.793884 0.643557 0.783147 0.638130 0.763772 0.636905 0.760971 0.637255 0.759570 0.638305 0.759337 0.640931 0.762138 0.647584
1 0.624650 0.631478 0.626050 0.632528 0.644024 0.626926 0.647526 0.626751 0.656629 0.624125 0.664566 0.623424 0.678105 0.624125 0.687908 0.625525 0.694211 0.627801 0.698880 0.632528 0.704715 0.643207 0.706816 0.650560 0.707516 0.661940 0.705649 0.676296 0.700747 0.699580 0.693978 0.721113 0.686508 0.741246 0.679972 0.751926 0.677171 0.758578 0.677404 0.759804 0.678571 0.761730 0.679972 0.762255 0.699580 0.764706 0.713119 0.767507 0.720355 0.770308 0.735294 0.778361 0.743231 0.784839 0.755135 0.798144 0.758870 0.798669 0.767507 0.791317 0.777778 0.778536 0.781979 0.765231 0.783613 0.744223 0.780812 0.709734 0.776844 0.685399 0.769374 0.661415 0.757003 0.638480 0.740663 0.618697 0.697479 0.604167 0.669935 0.591036 0.661531 0.588235 0.654295 0.588936 0.649860 0.590511 0.645191 0.592962 0.637722 0.598915 0.633520 0.603992 0.628618 0.615371 0.624883 0.619923 0.623249 0.627451 0.624650 0.631478
1 0.871148 0.748775 0.874883 0.765581 0.882586 0.782913 0.890289 0.792367 0.899627 0.797444 0.907563 0.799020 0.919234 0.797794 0.945612 0.791317 0.949346 0.789041 0.953081 0.787990 0.971055 0.777136 0.985061 0.765581 0.997666 0.752976 0.999767 0.752626 0.999767 0.611520 0.997666 0.611169 0.990430 0.602941 0.988562 0.598915 0.986928 0.591737 0.985761 0.590511 0.980859 0.589286 0.972222 0.588936 0.966153 0.589111 0.956349 0.590686 0.943978 0.597514 0.925303 0.610819 0.915500 0.622899 0.887722 0.647409 0.879785 0.660189 0.874183 0.675070 0.871382 0.689251 0.869748 0.700455 0.871148 0.748775
1 0.715453 0.435749 0.719655 0.449405 0.723389 0.456758 0.726190 0.460259 0.751634 0.481618 0.776844 0.496499 0.779412 0.498775 0.782913 0.500000 0.786415 0.498599 0.800887 0.485994 0.810458 0.479167 0.820962 0.473389 0.832166 0.469538 0.845005 0.467087 0.872082 0.464111 0.883987 0.464811 0.894024 0.467787 0.895892 0.466912 0.894024 0.453782 0.891690 0.447829 0.881886 0.432248 0.873483 0.424020 0.861811 0.417017 0.852941 0.413690 0.846872 0.410014 0.831933 0.403186 0.793184 0.389356 0.786648 0.388480 0.779879 0.386380 0.770542 0.385854 0.755135 0.386730 0.747899 0.388130 0.741363 0.390581 0.731793 0.396008 0.725490 0.400560 0.722689 0.404587 0.720121 0.410714 0.716853 0.421394 0.715453 0.428396 0.715453 0.435749
0 0.459150 0.622724 0.463352 0.633403 0.466620 0.638655 0.475257 0.647759 0.480859 0.651961 0.490663 0.657913 0.497666 0.660189 0.502801 0.663340 0.508637 0.664741 0.512838 0.664216 0.521008 0.665441 0.531046 0.665266 0.542017 0.663866 0.550187 0.661239 0.554622 0.660889 0.572129 0.655287 0.574697 0.655462 0.577965 0.654237 0.583100 0.650735 0.584967 0.646884 0.588702 0.646008 0.601074 0.637955 0.605509 0.633754 0.611111 0.629902 0.624883 0.613796 0.633754 0.595413 0.637255 0.585084 0.639122 0.575630 0.639356 0.566527 0.637955 0.549603 0.638889 0.526436 0.640756 0.509804 0.640756 0.497199 0.639122 0.486345 0.635854 0.475315 0.629785 0.467612 0.618814 0.462535 0.609244 0.460259 0.593838 0.460259 0.585434 0.461310 0.571195 0.464636 0.558824 0.470063 0.552288 0.472164 0.543884 0.477766 0.539683 0.479342 0.533147 0.484419 0.526144 0.488270 0.508637 0.502626 0.497432 0.514356 0.480159 0.539916 0.474556 0.550245 0.463819 0.577731 0.458450 0.602241 0.457516 0.609769 0.459150 0.622724
1 0.489496 0.888655 0.493231 0.898634 0.496965 0.904937 0.503268 0.912115 0.509570 0.916667 0.528711 0.926646 0.550887 0.931022 0.566060 0.931548 0.569795 0.932423 0.570962 0.933824 0.573529 0.933123 0.577965 0.933298 0.584734 0.930497 0.594538 0.929097 0.598973 0.930322 0.602007 0.928221 0.622782 0.928746 0.626284 0.929797 0.630019 0.928571 0.633053 0.929622 0.637255 0.928571 0.640056 0.929797 0.648226 0.929272 0.651027 0.929972 0.680205 0.926120 0.692344 0.923319 0.721522 0.912115 0.736461 0.902486 0.758403 0.880602 0.770542 0.864671 0.774276 0.855217 0.774743 0.834734 0.769374 0.820028 0.762138 0.808123 0.742297 0.785539 0.733894 0.778711 0.726891 0.774160 0.712885 0.768732 0.697946 0.765406 0.676237 0.764006 0.675303 0.764181 0.662465 0.778536 0.658730 0.784314 0.653361 0.788866 0.645191 0.797619 0.639122 0.801821 0.631419 0.808824 0.622316 0.813725 0.615780 0.818627 0.604108 0.825455 0.589636 0.831933 0.581232 0.834909 0.566760 0.837710 0.546919 0.838936 0.539449 0.838585 0.525910 0.834384 0.518207 0.833158 0.512138 0.829657 0.508637 0.829657 0.505369 0.831408 0.501401 0.834909 0.497666 0.841562 0.496732 0.845063 0.494164 0.848564 0.490196 0.859769 0.488562 0.867822 0.488329 0.878151 0.489496 0.888655