0 0.214286 0.544293 0.215219 0.567927 0.217787 0.587885 0.220588 0.594538 0.221055 0.598564 0.228992 0.616772 0.238329 0.637430 0.242063 0.643382 0.242530 0.647584 0.250000 0.666492 0.255369 0.672619 0.256536 0.678922 0.265173 0.692577 0.277077 0.707633 0.286181 0.715511 0.290149 0.717612 0.299720 0.720588 0.307423 0.722514 0.314659 0.723389 0.338235 0.724615 0.353175 0.723739 0.366246 0.721639 0.393791 0.712010 0.401961 0.708158 0.406162 0.705007 0.423203 0.695378 0.443511 0.676821 0.449580 0.669993 0.456349 0.661239 0.464286 0.648109 0.472222 0.630077 0.475724 0.616246 0.478058 0.584734 0.474790 0.549720 0.470822 0.522234 0.463352 0.494748 0.456583 0.475315 0.448646 0.460084 0.443277 0.452206 0.433240 0.441352 0.418301 0.431197 0.408263 0.425770 0.391457 0.419993 0.366246 0.413690 0.350140 0.411415 0.340336 0.411415 0.317694 0.413515 0.303688 0.418242 0.295752 0.421919 0.283847 0.425245 0.276611 0.430497 0.258870 0.439251 0.252334 0.444328 0.249300 0.447829 0.242297 0.453256 0.231559 0.466036 0.224790 0.477941 0.221989 0.480917 0.219421 0.488445 0.216387 0.491422 0.215219 0.494573 0.214052 0.514706 0.214286 0.544293
1 0.450280 0.459384 0.456583 0.470588 0.462885 0.487745 0.471989 0.520483 0.475257 0.540091 0.476424 0.553046 0.478291 0.560574 0.480392 0.582808 0.497199 0.623249 0.505369 0.637255 0.508403 0.640931 0.522409 0.653011 0.525910 0.654762 0.531513 0.655462 0.539449 0.657738 0.551354 0.657038 0.557423 0.657913 0.563025 0.656513 0.567927 0.656338 0.583800 0.651961 0.601774 0.644083 0.607143 0.640406 0.616246 0.636380 0.630486 0.625700 0.637255 0.619223 0.641457 0.613270 0.645191 0.609594 0.656863 0.592962 0.664799 0.578957 0.668067 0.571254 0.673436 0.553746 0.677171 0.532913 0.677871 0.508403 0.674837 0.477066 0.670868 0.453081 0.668534 0.443627 0.664332 0.432073 0.660364 0.424720 0.651261 0.417892 0.647526 0.416317 0.627918 0.401786 0.602241 0.377276 0.588702 0.371499 0.577731 0.370973 0.567694 0.369398 0.553688 0.369573 0.529178 0.373249 0.518674 0.376576 0.504202 0.383403 0.486228 0.396534 0.472222 0.411415 0.461251 0.426821 0.455415 0.437325 0.449580 0.452906 0.449346 0.456583 0.450280 0.459384
1 0.243697 0.248249 0.259337 0.307773 0.264706 0.324580 0.276144 0.351190 0.278478 0.359419 0.283847 0.366772 0.286181 0.373775 0.289916 0.380777 0.299486 0.394258 0.312558 0.408964 0.317227 0.411415 0.320728 0.411765 0.324230 0.410539 0.331466 0.410714 0.334500 0.409664 0.359477 0.409664 0.371849 0.412990 0.375817 0.414916 0.390523 0.417542 0.401261 0.420868 0.404762 0.422969 0.410364 0.424195 0.414566 0.425945 0.418067 0.429622 0.435574 0.440476 0.442577 0.439601 0.449580 0.436800 0.456583 0.430322 0.459384 0.424895 0.465219 0.417192 0.486228 0.393908 0.488329 0.390406 0.497432 0.362570 0.500700 0.347339 0.502334 0.327381 0.507236 0.291842 0.506069 0.272584 0.502801 0.258754 0.496965 0.244573 0.484127 0.224965 0.477358 0.216737 0.456349 0.196078 0.439542 0.184699 0.422035 0.175245 0.410131 0.172094 0.408030 0.169818 0.401494 0.166842 0.379318 0.161415 0.373249 0.160014 0.342904 0.156162 0.330065 0.157913 0.320495 0.157913 0.303455 0.159489 0.291783 0.163165 0.286181 0.167017 0.283380 0.169993 0.273343 0.174195 0.247432 0.196078 0.242997 0.205707 0.241830 0.216036 0.241830 0.231092 0.243697 0.248249
1 0.000000 0.000000 0.000000 0.119573 0.002334 0.123074 0.003501 0.127801 0.013539 0.138831 0.026844 0.148985 0.035714 0.158613 0.050187 0.171218 0.056956 0.175070 0.065826 0.182773 0.099907 0.200630 0.105509 0.202556 0.112745 0.206408 0.133520 0.213235 0.157330 0.216036 0.182073 0.216737 0.199813 0.214286 0.221522 0.207983 0.242063 0.197129 0.264239 0.179447 0.268908 0.174720 0.272176 0.169993 0.277077 0.165791 0.285948 0.150735 0.290383 0.138480 0.292017 0.128326 0.292250 0.118347 0.289916 0.086310 0.288515 0.077906 0.284080 0.063901 0.276611 0.050070 0.264239 0.033088 0.254669 0.023634 0.247199 0.017857 0.241597 0.012080 0.239963 0.009279 0.231559 0.005252 0.228758 0.002801 0.227591 0.000000 0.000000 0.000000
1 0.000000 0.696429 0.012605 0.702206 0.026144 0.705532 0.033613 0.708158 0.044585 0.709734 0.049953 0.711310 0.067460 0.713410 0.072829 0.712710 0.084267 0.713936 0.088235 0.713410 0.095238 0.713761 0.099673 0.712185 0.102241 0.712360 0.116246 0.709559 0.136088 0.703256 0.157330 0.692577 0.160131 0.688725 0.164799 0.687850 0.178805 0.674370 0.186041 0.665266 0.193511 0.653361 0.196078 0.646534 0.200747 0.640231 0.202614 0.633228 0.206816 0.624650 0.209150 0.615896 0.211951 0.603116 0.213585 0.585084 0.211718 0.529937 0.212885 0.494398 0.210551 0.482843 0.208217 0.473915 0.197946 0.453081 0.182773 0.431022 0.163632 0.411940 0.151494 0.402836 0.148226 0.401436 0.136788 0.392507 0.109244 0.376751 0.092437 0.370448 0.088936 0.368347 0.070495 0.360994 0.057190 0.358368 0.047619 0.354867 0.036181 0.352416 0.012605 0.348739 0.003968 0.348389 0.000000 0.349965 0.000000 0.696429
1 0.691877 0.557073 0.695378 0.568803 0.700747 0.581758 0.705882 0.599440 0.707750 0.609944 0.720355 0.643557 0.723623 0.650910 0.737162 0.671744 0.744631 0.680147 0.758637 0.691877 0.772409 0.698704 0.782913 0.702556 0.799953 0.704832 0.813959 0.707808 0.817694 0.707633 0.826797 0.705532 0.833100 0.705357 0.838702 0.706057 0.859244 0.702206 0.866947 0.699755 0.875350 0.695728 0.880486 0.694678 0.884921 0.691877 0.895191 0.687675 0.902894 0.682423 0.908030 0.681548 0.921802 0.671394 0.929739 0.663340 0.938375 0.651436 0.947946 0.634454 0.952148 0.623599 0.954482 0.606618 0.954248 0.584559 0.952148 0.558824 0.945612 0.529412 0.937208 0.504552 0.933940 0.498074 0.933473 0.494748 0.930672 0.487920 0.923436 0.474615 0.920635 0.467087 0.910131 0.449580 0.901727 0.439251 0.891690 0.429097 0.878618 0.419468 0.870682 0.415966 0.866013 0.412990 0.849206 0.407213 0.838702 0.405287 0.831232 0.405112 0.828198 0.405987 0.827031 0.407038 0.823529 0.414741 0.817694 0.421744 0.811391 0.427521 0.795985 0.435924 0.785014 0.439426 0.762605 0.443452 0.740430 0.444328 0.730626 0.443277 0.723389 0.444328 0.715219 0.452381 0.702381 0.470063 0.690710 0.494748 0.686975 0.508754 0.686275 0.515056 0.686041 0.529587 0.691877 0.557073
1 0.188609 0.435574 0.200047 0.454657 0.208917 0.472514 0.213352 0.487395 0.216853 0.489496 0.220588 0.480742 0.232960 0.462360 0.250233 0.444853 0.256536 0.440126 0.289449 0.422794 0.310924 0.414916 0.313492 0.411415 0.303221 0.400910 0.291083 0.385329 0.282913 0.370448 0.276377 0.361520 0.268674 0.360644 0.261905 0.361870 0.258870 0.363270 0.248366 0.364846 0.240430 0.367997 0.237862 0.370448 0.234360 0.371148 0.228291 0.381303 0.218021 0.395483 0.204715 0.412115 0.189076 0.428746 0.187908 0.431898 0.188609 0.435574
1 0.000000 0.323179 0.001867 0.324492 0.003268 0.342262 0.005135 0.345763 0.008170 0.347339 0.025910 0.349090 0.046919 0.352941 0.057190 0.356443 0.067227 0.358368 0.077498 0.361695 0.091970 0.368522 0.102708 0.371148 0.104575 0.373599 0.121615 0.381653 0.128852 0.387080 0.137722 0.391282 0.147526 0.399335 0.164332 0.410539 0.167600 0.415091 0.173203 0.419468 0.175070 0.422269 0.182073 0.428922 0.185574 0.428396 0.187675 0.426120 0.192577 0.422969 0.200514 0.415266 0.224090 0.385154 0.228758 0.377801 0.234127 0.367472 0.239729 0.353817 0.242764 0.344713 0.244631 0.334209 0.247199 0.327556 0.253268 0.299545 0.253501 0.293067 0.246965 0.265581 0.244398 0.258228 0.240196 0.235644 0.239496 0.218487 0.240896 0.209909 0.239496 0.208333 0.234360 0.205707 0.230859 0.205882 0.217554 0.211134 0.206116 0.214286 0.192110 0.216562 0.189542 0.217787 0.176704 0.218662 0.171569 0.217962 0.161064 0.217962 0.158030 0.217087 0.134220 0.214286 0.126751 0.212535 0.112979 0.207458 0.094771 0.199230 0.084967 0.193978 0.081232 0.194328 0.066060 0.203081 0.058357 0.208508 0.053688 0.209909 0.050887 0.213235 0.046452 0.215336 0.036181 0.223739 0.033613 0.227241 0.024276 0.235819 0.018207 0.244223 0.012138 0.256478 0.008637 0.259979 0.007470 0.266632 0.003035 0.279412 0.002101 0.292367 0.000000 0.294293 0.000000 0.323179
1 0.000000 0.244923 0.006303 0.257003 0.008637 0.258403 0.024276 0.234769 0.037115 0.222339 0.044118 0.216562 0.049486 0.214111 0.058357 0.206933 0.075864 0.196954 0.081232 0.192577 0.076564 0.189076 0.064893 0.182598 0.038982 0.162640 0.032913 0.156863 0.028945 0.154587 0.025910 0.155637 0.024510 0.157213 0.019608 0.165441 0.015173 0.170693 0.004902 0.195553 0.002101 0.208683 0.000000 0.210084 0.000000 0.244923
1 0.475957 0.213410 0.482260 0.220238 0.484127 0.223915 0.492997 0.234944 0.500467 0.248775 0.506069 0.265931 0.508403 0.279237 0.508637 0.293592 0.505602 0.316702 0.504202 0.321604 0.501167 0.349440 0.496265 0.373249 0.496732 0.377276 0.495565 0.380077 0.498133 0.382703 0.501634 0.382178 0.507703 0.380077 0.517274 0.375350 0.529645 0.371324 0.539916 0.370098 0.542017 0.369048 0.549720 0.367647 0.565126 0.367297 0.577965 0.368697 0.584734 0.370448 0.588936 0.370098 0.596172 0.371499 0.597806 0.369573 0.593371 0.364146 0.579132 0.341737 0.564426 0.306548 0.556489 0.278887 0.552754 0.262255 0.550654 0.252101 0.550887 0.248249 0.544818 0.217087 0.544351 0.198004 0.545985 0.185224 0.548786 0.177171 0.552754 0.169818 0.557656 0.164741 0.558123 0.163340 0.567694 0.157913 0.563959 0.154062 0.565126 0.151786 0.564893 0.143557 0.565826 0.140581 0.571195 0.137080 0.572829 0.134454 0.572362 0.130077 0.567460 0.129027 0.546919 0.133053 0.541550 0.135154 0.539916 0.135154 0.533613 0.138480 0.530812 0.141282 0.528245 0.142157 0.525444 0.141632 0.520308 0.145483 0.512605 0.149160 0.507470 0.152836 0.493464 0.166317 0.486228 0.176296 0.478058 0.195903 0.476190 0.202906 0.475257 0.209034 0.475957 0.213410
1 0.748366 0.150910 0.752801 0.153011 0.757236 0.158789 0.761671 0.161064 0.768441 0.166492 0.772409 0.171218 0.776144 0.173319 0.785014 0.181197 0.791783 0.188550 0.803221 0.206057 0.816527 0.234419 0.819094 0.241772 0.822362 0.255077 0.823996 0.266282 0.827965 0.324930 0.830766 0.337185 0.831232 0.357143 0.833100 0.373950 0.832166 0.387080 0.829599 0.397409 0.829599 0.401085 0.833100 0.402836 0.852474 0.405812 0.855742 0.407913 0.858777 0.408263 0.868814 0.412640 0.873016 0.415441 0.880252 0.417017 0.887255 0.412990 0.897993 0.400910 0.902894 0.392682 0.909664 0.373599 0.912232 0.358193 0.912932 0.344713 0.914099 0.341912 0.915500 0.321954 0.917367 0.315651 0.918768 0.304097 0.927171 0.272409 0.928105 0.265931 0.928105 0.250000 0.926004 0.230742 0.922736 0.214636 0.916900 0.199405 0.905229 0.180497 0.895892 0.169818 0.882353 0.156338 0.872782 0.149860 0.869514 0.148459 0.866947 0.146183 0.859477 0.142157 0.852241 0.139181 0.842670 0.136380 0.838235 0.133929 0.814893 0.130252 0.793417 0.129902 0.774276 0.133403 0.748366 0.144083 0.744631 0.147934 0.748366 0.150910
1 0.559057 0.720763 0.562325 0.727241 0.574697 0.731618 0.588469 0.742122 0.602474 0.750000 0.611345 0.756478 0.618581 0.765231 0.621615 0.771008 0.627684 0.791842 0.629552 0.808298 0.628852 0.825980 0.629785 0.830707 0.633754 0.836310 0.640523 0.839811 0.644258 0.839986 0.645892 0.838585 0.643557 0.801471 0.645425 0.771359 0.649627 0.754202 0.655696 0.741422 0.660131 0.735644 0.665033 0.730392 0.672035 0.725315 0.678105 0.722339 0.687208 0.719188 0.688842 0.717962 0.690710 0.706408 0.692810 0.705182 0.699113 0.704832 0.706583 0.707808 0.709851 0.708333 0.713119 0.705007 0.716853 0.703256 0.720355 0.703431 0.740896 0.700105 0.767507 0.699580 0.764706 0.697654 0.764239 0.696078 0.743697 0.681197 0.742297 0.678571 0.735294 0.671218 0.730159 0.664216 0.718721 0.642682 0.706816 0.610644 0.704248 0.605917 0.699346 0.603291 0.686041 0.600140 0.657796 0.599265 0.654528 0.600840 0.649860 0.605742 0.642157 0.616422 0.629552 0.628151 0.616013 0.637955 0.609944 0.640581 0.603175 0.644958 0.589402 0.651261 0.581466 0.653887 0.577731 0.654412 0.568861 0.658263 0.567227 0.660714 0.562558 0.674895 0.557656 0.695903 0.557656 0.713585 0.559057 0.720763
1 0.072596 0.826219 0.071662 0.841211 0.071895 0.860119 0.076097 0.879552 0.075864 0.883578 0.077264 0.890406 0.082866 0.910539 0.089636 0.923669 0.091970 0.930672 0.099206 0.943102 0.108543 0.952206 0.112512 0.957458 0.126050 0.968487 0.132353 0.974615 0.146825 0.982493 0.149393 0.984594 0.151261 0.987745 0.168768 0.997024 0.172502 0.997899 0.172969 0.999825 0.281046 0.999825 0.281046 0.998249 0.297386 0.990546 0.306256 0.983718 0.310924 0.978466 0.314426 0.972339 0.320028 0.965336 0.325864 0.951856 0.327031 0.945553 0.330999 0.935749 0.336134 0.907563 0.345238 0.845938 0.348039 0.835084 0.348273 0.830182 0.352708 0.807598 0.353408 0.792892 0.351541 0.772584 0.345238 0.754027 0.335901 0.737920 0.328898 0.727766 0.324697 0.725665 0.309991 0.724265 0.303688 0.722164 0.295518 0.720938 0.286415 0.717262 0.282213 0.714461 0.272176 0.704657 0.263539 0.692927 0.253035 0.676471 0.251634 0.675245 0.245643 0.675945 0.243231 0.674720 0.244164 0.673669 0.244164 0.670518 0.241130 0.665966 0.217320 0.659139 0.196078 0.657213 0.190943 0.660539 0.188842 0.665091 0.183240 0.671919 0.179272 0.675245 0.169701 0.686099 0.159197 0.693452 0.146359 0.700805 0.137021 0.705007 0.108310 0.714111 0.095472 0.715861 0.091970 0.717612 0.088469 0.724265 0.081933 0.744223 0.077965 0.761905 0.077965 0.766807 0.076097 0.771884 0.072362 0.799720 0.071662 0.806898 0.072596 0.826219
1 0.000000 0.953782 0.001634 0.953782 0.005369 0.952206 0.011438 0.948704 0.033380 0.929622 0.047152 0.905637 0.058590 0.880252 0.061391 0.873249 0.068161 0.846289 0.068861 0.805672 0.072362 0.773284 0.067927 0.737395 0.064426 0.723739 0.060691 0.716036 0.053688 0.713235 0.024743 0.706758 0.001634 0.699580 0.000000 0.699580 0.000000 0.953782
1 0.000000 0.999825 0.169701 0.999825 0.169468 0.998074 0.166200 0.996849 0.164099 0.994748 0.152661 0.989496 0.151027 0.987395 0.146825 0.984419 0.131186 0.974440 0.123249 0.966737 0.112045 0.957808 0.097572 0.941702 0.089402 0.927871 0.082166 0.911765 0.073996 0.884279 0.073063 0.876751 0.070261 0.866772 0.070728 0.862745 0.067460 0.859769 0.065359 0.863095 0.062558 0.873775 0.053221 0.892857 0.047619 0.907738 0.039683 0.919643 0.034314 0.929622 0.029879 0.934699 0.024743 0.937850 0.014083 0.947771 0.000000 0.955182 0.000000 0.999825
1 0.615313 0.894608 0.603641 0.928046 0.598039 0.941352 0.584267 0.969363 0.574463 0.984594 0.563025 0.998074 0.563025 0.999825 0.711018 0.999825 0.708917 0.992997 0.691877 0.970413 0.680906 0.951506 0.667834 0.923319 0.659897 0.899335 0.651494 0.862920 0.649160 0.854692 0.647526 0.851891 0.643791 0.852241 0.626751 0.857493 0.624650 0.859069 0.622316 0.862745 0.617880 0.886029 0.615313 0.894608
1 0.333567 0.999825 0.560691 0.999825 0.563959 0.994398 0.569328 0.989321 0.573063 0.984419 0.576564 0.977416 0.580999 0.972514 0.588936 0.959034 0.591036 0.952731 0.597339 0.940126 0.604575 0.919293 0.610411 0.906688 0.616480 0.886204 0.619514 0.862745 0.621148 0.859069 0.626284 0.834909 0.626984 0.802696 0.624883 0.787115 0.619981 0.772059 0.616246 0.764531 0.609944 0.757703 0.601074 0.751576 0.592437 0.747549 0.578198 0.736345 0.567227 0.731443 0.557190 0.728466 0.540149 0.725140 0.511905 0.724965 0.501634 0.726190 0.487628 0.728992 0.463585 0.736695 0.433473 0.750350 0.428105 0.754727 0.425537 0.755602 0.408030 0.768207 0.402661 0.771183 0.386088 0.785889 0.381886 0.791842 0.373716 0.800420 0.369514 0.808123 0.364846 0.813901 0.357610 0.827731 0.346639 0.862745 0.340570 0.893908 0.338702 0.914916 0.333100 0.938550 0.331466 0.952906 0.330999 0.988095 0.333567 0.999825
1 0.649627 0.850140 0.658263 0.890756 0.665966 0.915616 0.669468 0.925595 0.683473 0.955357 0.697712 0.977241 0.705649 0.986695 0.711485 0.996148 0.713819 0.997549 0.714753 0.999825 0.926004 0.999825 0.929038 0.976366 0.937208 0.881127 0.936975 0.862570 0.930906 0.831583 0.927638 0.820553 0.913632 0.793592 0.902428 0.778011 0.895191 0.769258 0.880486 0.754727 0.863679 0.740196 0.851541 0.730917 0.835201 0.720938 0.821195 0.714111 0.817694 0.713235 0.809524 0.709384 0.800420 0.707983 0.796218 0.706408 0.785948 0.705357 0.768908 0.700980 0.760504 0.701506 0.751167 0.701155 0.733894 0.703081 0.720588 0.705882 0.716853 0.706057 0.713119 0.709034 0.709384 0.710084 0.703782 0.708333 0.701914 0.706408 0.700047 0.705882 0.692577 0.706758 0.690476 0.709559 0.691877 0.713235 0.691176 0.719888 0.683240 0.721464 0.672969 0.726015 0.665966 0.731092 0.659664 0.737745 0.655929 0.743172 0.650794 0.754552 0.648459 0.762080 0.646592 0.771884 0.645191 0.791492 0.644958 0.807598 0.649627 0.850140
1 0.934641 0.914741 0.927638 0.999825 0.999767 0.999825 0.999767 0.888130 0.997199 0.887430 0.983894 0.876225 0.975490 0.872024 0.960317 0.867822 0.954482 0.867297 0.946312 0.865196 0.941877 0.865371 0.939076 0.864671 0.938375 0.866071 0.937675 0.889006 0.934641 0.914741
1 0.955882 0.609419 0.953081 0.622899 0.947246 0.638831 0.933707 0.660014 0.922736 0.672269 0.912698 0.678571 0.906396 0.683648 0.887021 0.692927 0.869048 0.700280 0.845238 0.706057 0.838469 0.706933 0.827731 0.706933 0.819328 0.709909 0.821429 0.712535 0.834734 0.718838 0.841970 0.723915 0.851307 0.728641 0.858310 0.733894 0.873716 0.746499 0.878151 0.751576 0.892157 0.764356 0.901727 0.774860 0.913632 0.791667 0.929038 0.820378 0.933240 0.834909 0.937208 0.856092 0.938609 0.859594 0.940009 0.860644 0.945612 0.861520 0.975490 0.850490 0.985994 0.844538 0.987628 0.842612 0.997199 0.836134 0.999767 0.835434 0.999767 0.612570 0.996499 0.611695 0.991130 0.608018 0.984360 0.605217 0.979692 0.604167 0.970121 0.599615 0.961951 0.598039 0.957283 0.599790 0.955882 0.603992 0.955882 0.609419
1 0.286181 0.000000 0.281279 0.022409 0.281513 0.030987 0.280345 0.035889 0.281046 0.041667 0.278011 0.046919 0.279178 0.050595 0.284781 0.059524 0.286415 0.066702 0.288282 0.070378 0.292717 0.091211 0.292484 0.095938 0.294118 0.105917 0.295518 0.109419 0.296919 0.110469 0.305789 0.124125 0.320495 0.140231 0.335201 0.152136 0.341970 0.155287 0.359010 0.156688 0.371849 0.158789 0.384687 0.161064 0.390523 0.163165 0.400327 0.165091 0.409664 0.168067 0.411765 0.169993 0.428338 0.176296 0.435574 0.180322 0.439076 0.179797 0.449813 0.175420 0.460784 0.167017 0.469188 0.157213 0.474556 0.152486 0.477124 0.148109 0.486461 0.136730 0.493697 0.125000 0.500233 0.110294 0.503968 0.098564 0.516573 0.074230 0.521942 0.057073 0.526844 0.030287 0.528011 0.020833 0.527077 0.000000 0.286181 0.000000
0 0.554155 0.265406 0.558123 0.283088 0.564426 0.303571 0.571662 0.323004 0.580766 0.342612 0.591270 0.359944 0.599440 0.370798 0.602941 0.373249 0.614379 0.387080 0.626984 0.399335 0.647526 0.414916 0.651727 0.416667 0.655229 0.419468 0.664799 0.424720 0.695612 0.435924 0.713585 0.439601 0.716853 0.440826 0.737162 0.442752 0.765173 0.441877 0.792717 0.435924 0.806956 0.428922 0.815126 0.422444 0.822829 0.413165 0.827031 0.403011 0.830532 0.390056 0.830999 0.367297 0.821895 0.258754 0.816993 0.237745 0.803922 0.209384 0.798319 0.199580 0.789916 0.188025 0.776144 0.175070 0.752801 0.155287 0.741830 0.147234 0.721522 0.135854 0.696312 0.126751 0.685341 0.123950 0.661765 0.120798 0.650327 0.120273 0.626984 0.122024 0.609244 0.125350 0.602241 0.128501 0.598039 0.128151 0.596405 0.128676 0.593137 0.121324 0.588469 0.117997 0.584967 0.116772 0.581232 0.122549 0.571895 0.133053 0.569795 0.138305 0.566527 0.140581 0.565593 0.143382 0.566293 0.151786 0.565359 0.156688 0.561158 0.161239 0.559057 0.165091 0.554388 0.168417 0.550187 0.175595 0.547386 0.182073 0.544818 0.197304 0.544818 0.214461 0.554155 0.265406
0 0.545518 0.219713 0.549020 0.234594 0.554155 0.265581 0.558123 0.283088 0.563959 0.302171 0.572129 0.324230 0.581232 0.343487 0.591036 0.359594 0.599440 0.370798 0.602941 0.373249 0.614613 0.387255 0.627451 0.399685 0.647526 0.414916 0.651494 0.416492 0.664799 0.424545 0.695145 0.435749 0.710317 0.438725 0.717320 0.440826 0.737395 0.442752 0.765640 0.441877 0.792717 0.435749 0.795051 0.433999 0.807190 0.428746 0.815359 0.422269 0.822829 0.412990 0.827031 0.403011 0.830532 0.391106 0.831232 0.374475 0.829599 0.346113 0.821895 0.258578 0.816760 0.237920 0.803922 0.209734 0.798319 0.200105 0.790149 0.188550 0.776144 0.175245 0.753035 0.155812 0.741597 0.147234 0.721055 0.135679 0.694911 0.126401 0.685808 0.124125 0.678105 0.123599 0.671569 0.122199 0.650327 0.120448 0.636321 0.121148 0.619514 0.123249 0.608543 0.125700 0.602241 0.128326 0.597106 0.128501 0.592904 0.125350 0.593371 0.123074 0.589869 0.119573 0.588469 0.118697 0.584967 0.118522 0.574930 0.131653 0.571195 0.133403 0.570962 0.137080 0.566760 0.140756 0.565826 0.147934 0.566993 0.150735 0.565826 0.153887 0.565593 0.158438 0.562325 0.160189 0.559757 0.164566 0.554622 0.168242 0.549953 0.176120 0.547386 0.182248 0.544818 0.197479 0.544585 0.212010 0.545518 0.219713
1 0.528711 0.000000 0.529412 0.019433 0.527077 0.035364 0.526144 0.050245 0.526844 0.064426 0.528945 0.070203 0.533847 0.078957 0.535948 0.085259 0.542484 0.095763 0.555789 0.111695 0.563959 0.119748 0.570962 0.124125 0.574697 0.125000 0.576097 0.124125 0.578431 0.119573 0.584734 0.116071 0.588235 0.116597 0.591737 0.117647 0.595005 0.119923 0.596639 0.125525 0.602241 0.127626 0.610878 0.123775 0.630019 0.120448 0.640289 0.119398 0.658263 0.119223 0.664566 0.120098 0.668534 0.119923 0.678338 0.122024 0.685574 0.121324 0.694444 0.112570 0.706349 0.096464 0.716853 0.074055 0.720355 0.057248 0.721055 0.045343 0.719655 0.029587 0.713352 0.000000 0.528711 0.000000
1 0.496499 0.120623 0.482260 0.144783 0.455182 0.172969 0.450047 0.176996 0.446312 0.178746 0.443511 0.182073 0.444678 0.185574 0.461718 0.198880 0.469888 0.207983 0.473856 0.209734 0.475257 0.206408 0.476190 0.199405 0.482026 0.182598 0.486928 0.173669 0.492764 0.166492 0.506069 0.153711 0.511204 0.149685 0.521942 0.143908 0.524043 0.140056 0.524043 0.136905 0.529178 0.131127 0.532213 0.129202 0.539683 0.126401 0.541783 0.127626 0.543184 0.132353 0.545752 0.131303 0.553221 0.131478 0.556489 0.130252 0.561625 0.129552 0.564659 0.128326 0.566293 0.126751 0.565593 0.123074 0.561858 0.120098 0.548786 0.106092 0.532913 0.082983 0.518441 0.080007 0.515406 0.080532 0.512372 0.083508 0.504669 0.098564 0.496499 0.120623
1 0.698880 0.126050 0.720588 0.134279 0.734827 0.141457 0.737862 0.144433 0.741130 0.145833 0.744631 0.145133 0.770308 0.133403 0.790616 0.129027 0.794118 0.126751 0.793884 0.122724 0.783147 0.091737 0.770308 0.067577 0.761905 0.056898 0.745798 0.042542 0.739729 0.038515 0.727591 0.035889 0.723623 0.035889 0.722222 0.036590 0.721289 0.039741 0.721755 0.050440 0.718954 0.067752 0.714753 0.081057 0.709617 0.092437 0.700747 0.106268 0.688609 0.119748 0.688609 0.123249 0.698880 0.126050
1 0.741597 0.039916 0.745331 0.043943 0.753035 0.049370 0.757470 0.054097 0.762605 0.057773 0.767740 0.063725 0.781513 0.088410 0.784080 0.098389 0.790850 0.115371 0.792717 0.122374 0.792717 0.123775 0.791317 0.125525 0.786648 0.126751 0.788982 0.127626 0.796685 0.127626 0.799720 0.128676 0.804155 0.128326 0.807190 0.129202 0.818627 0.129727 0.838469 0.133053 0.852241 0.137780 0.854342 0.135154 0.861578 0.109069 0.862745 0.098739 0.862278 0.075455 0.856676 0.050245 0.850840 0.039041 0.845472 0.032738 0.838469 0.026786 0.817460 0.015756 0.807190 0.014181 0.795752 0.013480 0.777544 0.016282 0.765640 0.020833 0.761438 0.021359 0.755369 0.025910 0.749767 0.028011 0.742063 0.035364 0.741363 0.036239 0.741597 0.039916
1 0.883987 0.157913 0.891223 0.164041 0.897292 0.172094 0.902894 0.177171 0.909897 0.186450 0.920401 0.206232 0.924603 0.220413 0.928338 0.249825 0.928338 0.265931 0.926237 0.278887 0.919234 0.303746 0.915966 0.322129 0.914799 0.334559 0.916667 0.338585 0.921802 0.339111 0.924603 0.338410 0.923436 0.337010 0.922969 0.333683 0.924837 0.328081 0.927404 0.325805 0.930672 0.320728 0.936275 0.317052 0.940476 0.311975 0.947946 0.300420 0.951214 0.296919 0.957049 0.286590 0.958450 0.279762 0.963819 0.264531 0.965686 0.254902 0.966153 0.243172 0.964753 0.227591 0.959851 0.213410 0.954949 0.203081 0.947246 0.191001 0.935107 0.178046 0.924136 0.168242 0.905929 0.157038 0.894725 0.152311 0.886555 0.151436 0.883987 0.151961 0.883053 0.153011 0.882586 0.154587 0.883987 0.157913
1 0.870448 0.146709 0.877451 0.150210 0.883287 0.154237 0.887021 0.154587 0.887955 0.152486 0.890289 0.151436 0.898693 0.153186 0.915733 0.162465 0.923669 0.168067 0.926937 0.171569 0.935808 0.178571 0.945378 0.189076 0.954715 0.202731 0.960551 0.214461 0.963819 0.224265 0.966387 0.237395 0.966153 0.253151 0.964753 0.261905 0.956349 0.288866 0.953081 0.292367 0.951214 0.296919 0.943511 0.307598 0.942577 0.310749 0.940009 0.312850 0.936508 0.318102 0.930205 0.321779 0.929038 0.325805 0.920635 0.334734 0.920635 0.338410 0.925303 0.339986 0.940009 0.339286 0.956816 0.333333 0.959617 0.331408 0.971755 0.316176 0.984360 0.287465 0.999767 0.242122 0.999767 0.186275 0.997666 0.185049 0.996265 0.180672 0.987862 0.167367 0.982960 0.161239 0.975023 0.154062 0.964052 0.146884 0.959851 0.145133 0.956583 0.142507 0.947012 0.139006 0.933007 0.135154 0.922269 0.133578 0.914799 0.133403 0.900794 0.134629 0.894725 0.136029 0.876050 0.138480 0.869514 0.140581 0.867647 0.143207 0.867414 0.144083 0.870448 0.146709
1 0.863212 0.098739 0.861578 0.111169 0.858543 0.123424 0.854809 0.133929 0.855509 0.137780 0.859711 0.140581 0.863912 0.140756 0.900327 0.134104 0.916900 0.133053 0.932306 0.134454 0.946078 0.138480 0.947946 0.137955 0.948880 0.137255 0.948880 0.133228 0.947712 0.126401 0.940009 0.105042 0.932540 0.093312 0.920868 0.081232 0.914799 0.076856 0.903361 0.070378 0.887255 0.064776 0.877684 0.063725 0.866947 0.063725 0.862979 0.064601 0.861345 0.067227 0.862979 0.084209 0.863212 0.098739
1 0.889356 0.412990 0.880719 0.418417 0.882120 0.421919 0.891223 0.428046 0.906162 0.443627 0.919701 0.464811 0.931139 0.488095 0.939542 0.509454 0.942344 0.520308 0.946078 0.529062 0.949580 0.544818 0.951914 0.550420 0.953081 0.563200 0.953081 0.577206 0.954715 0.572479 0.958217 0.567577 0.960084 0.560924 0.962185 0.536940 0.956116 0.490196 0.950514 0.473389 0.940243 0.450980 0.920401 0.411590 0.915266 0.403711 0.908263 0.395833 0.904528 0.393908 0.903128 0.395133 0.893791 0.408789 0.889356 0.412990
1 0.909897 0.378326 0.906162 0.387080 0.905696 0.392332 0.919234 0.410189 0.944678 0.460259 0.951681 0.475490 0.956116 0.491071 0.960084 0.512955 0.963352 0.513655 0.966853 0.509979 0.973856 0.498074 0.979225 0.484244 0.982960 0.467087 0.985528 0.438200 0.984360 0.425770 0.980392 0.407913 0.970588 0.384804 0.955182 0.361870 0.948413 0.355742 0.932306 0.344363 0.922035 0.341912 0.917834 0.341562 0.915033 0.343312 0.914332 0.345238 0.913866 0.358543 0.909897 0.378326
1 0.674370 0.463410 0.676471 0.479342 0.678805 0.517288 0.676937 0.544643 0.673436 0.560399 0.671569 0.564251 0.671102 0.567752 0.666200 0.578081 0.665733 0.581057 0.661064 0.588060 0.659430 0.595413 0.661998 0.596639 0.675303 0.597864 0.678805 0.597689 0.685341 0.595588 0.689776 0.595588 0.693744 0.592962 0.699580 0.585259 0.694911 0.571779 0.687908 0.543768 0.684641 0.526611 0.684874 0.518557 0.688142 0.501225 0.693044 0.486870 0.707283 0.461660 0.717554 0.448354 0.720121 0.446078 0.720355 0.442577 0.693978 0.436275 0.671802 0.427696 0.664799 0.426471 0.663866 0.428221 0.669701 0.444328 0.674370 0.463410
1 0.822829 0.018557 0.839402 0.027311 0.845005 0.032038 0.854809 0.045518 0.857143 0.050420 0.859244 0.060399 0.860411 0.062150 0.862512 0.063550 0.874650 0.063025 0.876751 0.060749 0.876751 0.056197 0.873016 0.037815 0.868114 0.029237 0.859944 0.020658 0.850373 0.014706 0.842437 0.011204 0.839169 0.010504 0.834967 0.010854 0.819795 0.015231 0.819328 0.015581 0.822829 0.018557
1 0.716153 0.000000 0.716153 0.005252 0.720355 0.029937 0.721289 0.032913 0.723156 0.034489 0.730392 0.035364 0.734594 0.036590 0.737862 0.036064 0.749300 0.027311 0.757470 0.022234 0.753968 0.018732 0.745331 0.014706 0.740896 0.011204 0.737395 0.009804 0.733660 0.007178 0.727591 0.000000 0.716153 0.000000
1 0.727124 0.000000 0.727124 0.001576 0.730392 0.003326 0.735061 0.008403 0.739262 0.010504 0.743231 0.013831 0.756303 0.020308 0.758870 0.020833 0.781513 0.014881 0.789916 0.013655 0.804622 0.013480 0.817694 0.014881 0.824930 0.013480 0.838702 0.008754 0.845005 0.003151 0.848506 0.001576 0.848506 0.000000 0.727124 0.000000
1 0.956583 0.594363 0.958217 0.595938 0.974323 0.600315 0.979692 0.603291 0.991597 0.607668 0.998133 0.611695 0.999767 0.611695 0.999767 0.576155 0.997666 0.575805 0.988796 0.566352 0.976891 0.558999 0.966853 0.554622 0.963352 0.553922 0.961485 0.556373 0.959617 0.567402 0.955415 0.578957 0.955882 0.591387 0.956583 0.594363
1 0.476891 0.616071 0.475490 0.621849 0.472923 0.630427 0.465219 0.648459 0.458217 0.660189 0.448880 0.672794 0.430205 0.691001 0.422736 0.697479 0.395425 0.712885 0.381653 0.717962 0.355275 0.725140 0.341036 0.726015 0.333567 0.727416 0.340103 0.741422 0.345472 0.750000 0.351774 0.765581 0.355275 0.779062 0.355976 0.790091 0.361811 0.797444 0.369281 0.800945 0.373483 0.798144 0.380252 0.791317 0.387722 0.782038 0.405929 0.767332 0.431373 0.750175 0.454949 0.738971 0.475257 0.731793 0.497666 0.725140 0.512372 0.723389 0.540149 0.723039 0.542017 0.721464 0.550887 0.699930 0.555322 0.685749 0.555089 0.671043 0.553688 0.661415 0.550420 0.659139 0.538749 0.659139 0.528945 0.657213 0.521008 0.653361 0.514706 0.647934 0.504435 0.637430 0.499767 0.630252 0.495565 0.623249 0.488095 0.604692 0.480626 0.592087 0.478291 0.598039 0.476891 0.616071