1 0.057248 0.000000 0.055672 0.003501 0.049545 0.011671 0.042717 0.029412 0.042717 0.036415 0.040091 0.046685 0.039916 0.054622 0.038690 0.059757 0.038165 0.066293 0.037465 0.087302 0.040091 0.112745 0.045693 0.122082 0.056548 0.127451 0.066176 0.137955 0.069153 0.142624 0.079132 0.166433 0.085084 0.191176 0.088410 0.197712 0.098739 0.168301 0.106968 0.154528 0.109769 0.152894 0.114846 0.147526 0.114146 0.144958 0.114846 0.141223 0.118522 0.138655 0.125525 0.123483 0.127801 0.116013 0.127626 0.108077 0.128676 0.101774 0.129552 0.085201 0.127976 0.077264 0.128151 0.066993 0.123249 0.046452 0.118347 0.032213 0.113971 0.023109 0.103641 0.009337 0.095763 0.003501 0.092262 0.001867 0.091912 0.000000 0.057248 0.000000
1 0.092962 0.000000 0.092962 0.001634 0.103817 0.008870 0.107668 0.014006 0.115721 0.025910 0.121674 0.041550 0.128151 0.063725 0.129727 0.074230 0.129552 0.078198 0.130777 0.081232 0.128676 0.108543 0.128852 0.113212 0.129902 0.115079 0.133578 0.113212 0.137430 0.108543 0.138305 0.105976 0.135679 0.097572 0.134104 0.085901 0.136555 0.062792 0.138831 0.053221 0.145658 0.035247 0.148810 0.028011 0.158088 0.011204 0.158789 0.008170 0.155637 0.000000 0.092962 0.000000
1 0.000000 0.261905 0.001926 0.262372 0.004902 0.269374 0.004902 0.272876 0.010679 0.292717 0.011555 0.300654 0.015581 0.317460 0.018908 0.319795 0.022934 0.300187 0.028186 0.293184 0.037640 0.286415 0.037290 0.278945 0.038165 0.276144 0.039566 0.274977 0.043943 0.276844 0.046919 0.281279 0.050070 0.282913 0.054622 0.280812 0.064251 0.278945 0.071429 0.279178 0.077731 0.281279 0.079482 0.281046 0.081408 0.279412 0.080882 0.267274 0.082633 0.240896 0.087185 0.208917 0.086660 0.202614 0.084209 0.194211 0.080707 0.175303 0.073880 0.154295 0.066877 0.140756 0.056898 0.129318 0.053571 0.126517 0.051120 0.125584 0.037290 0.121849 0.032388 0.122082 0.019083 0.125117 0.011204 0.131886 0.008053 0.136088 0.001926 0.149860 0.000000 0.150327 0.000000 0.261905
1 0.082108 0.279412 0.082808 0.281513 0.084909 0.283613 0.094713 0.288982 0.110294 0.302054 0.115021 0.307190 0.121148 0.317927 0.125875 0.324463 0.137430 0.347572 0.141106 0.361578 0.143557 0.379552 0.144958 0.382586 0.147584 0.383754 0.157913 0.381886 0.164916 0.377218 0.171744 0.369281 0.180497 0.352708 0.182423 0.344304 0.185924 0.334967 0.188725 0.316527 0.195553 0.282913 0.199930 0.251634 0.200105 0.237395 0.198529 0.223156 0.196078 0.213352 0.190651 0.197712 0.181022 0.180439 0.177171 0.175070 0.170343 0.166900 0.157913 0.154528 0.143732 0.145892 0.134804 0.144258 0.124475 0.144491 0.121148 0.145658 0.119923 0.147759 0.116071 0.148226 0.114321 0.149393 0.105392 0.158497 0.096639 0.175303 0.095938 0.179739 0.094538 0.182306 0.091912 0.192810 0.087010 0.216387 0.083508 0.239029 0.082283 0.251634 0.081758 0.271008 0.082108 0.279412
1 0.190651 0.000000 0.190651 0.001634 0.184174 0.022409 0.180497 0.041083 0.178396 0.070728 0.178221 0.078198 0.179447 0.095238 0.183824 0.115780 0.193277 0.149627 0.196604 0.155929 0.201155 0.171569 0.201331 0.175537 0.204832 0.182773 0.207283 0.193277 0.213410 0.211485 0.217787 0.213119 0.220413 0.217320 0.220938 0.215219 0.223739 0.212885 0.225665 0.209617 0.226716 0.206583 0.226891 0.203081 0.231443 0.200980 0.234244 0.198646 0.239496 0.196779 0.241772 0.196779 0.244748 0.198646 0.256127 0.198413 0.257528 0.193044 0.257003 0.187908 0.249650 0.157796 0.248249 0.146825 0.248599 0.118581 0.251751 0.095472 0.258228 0.070728 0.260679 0.063959 0.264181 0.056022 0.268908 0.049253 0.272409 0.045051 0.276085 0.042717 0.278536 0.039216 0.278887 0.035948 0.276085 0.022409 0.269258 0.000000 0.190651 0.000000
0 0.012605 0.411998 0.015931 0.428805 0.018732 0.434874 0.022584 0.449113 0.031513 0.470588 0.039041 0.485528 0.050420 0.502568 0.067577 0.516807 0.091737 0.524977 0.109244 0.524743 0.116246 0.517040 0.119573 0.510504 0.123775 0.505135 0.123599 0.501634 0.126401 0.494164 0.132178 0.484127 0.133403 0.477124 0.135854 0.473856 0.138480 0.462885 0.140756 0.446545 0.143207 0.383287 0.141632 0.369748 0.139181 0.355742 0.137080 0.348273 0.130602 0.334034 0.113445 0.306723 0.098039 0.292717 0.088410 0.286415 0.078081 0.281513 0.067927 0.279879 0.063725 0.280345 0.053746 0.281746 0.047969 0.283847 0.043242 0.284080 0.036415 0.287348 0.029937 0.292717 0.025385 0.299486 0.023634 0.305089 0.023810 0.310924 0.022759 0.314426 0.018557 0.320261 0.016807 0.324463 0.017332 0.328898 0.016457 0.331466 0.016457 0.334967 0.012605 0.341970 0.011555 0.355042 0.011905 0.359477 0.010154 0.378618 0.009979 0.387255 0.012605 0.411998
1 0.000000 0.526377 0.001576 0.526377 0.007703 0.533613 0.015406 0.539916 0.022759 0.544585 0.032738 0.546919 0.043067 0.545752 0.047269 0.543651 0.051296 0.540149 0.060399 0.529178 0.066352 0.519141 0.066176 0.516340 0.052871 0.505602 0.040966 0.489262 0.025210 0.456583 0.021884 0.447246 0.014531 0.423903 0.011204 0.401261 0.010154 0.390523 0.010154 0.369514 0.011204 0.349206 0.008403 0.348506 0.006828 0.349440 0.002451 0.353175 0.000000 0.353641 0.000000 0.526377
1 0.166842 0.000000 0.166842 0.001634 0.164916 0.003035 0.160014 0.009337 0.147409 0.031979 0.139881 0.051354 0.137080 0.063725 0.135329 0.080299 0.135504 0.088469 0.137080 0.098739 0.140056 0.107376 0.143557 0.113445 0.146534 0.123483 0.150210 0.127684 0.152136 0.133287 0.157913 0.138422 0.168943 0.142857 0.173845 0.143324 0.182248 0.142390 0.187675 0.139823 0.189076 0.137955 0.189251 0.136321 0.187325 0.126751 0.183824 0.116713 0.179972 0.099206 0.178221 0.076097 0.179622 0.047152 0.181022 0.036181 0.183999 0.021475 0.187150 0.012138 0.189951 0.000000 0.166842 0.000000
1 0.123074 0.144725 0.129552 0.143557 0.140231 0.144491 0.144958 0.146125 0.156162 0.152661 0.169993 0.165733 0.171569 0.168301 0.176471 0.172969 0.181723 0.179739 0.185574 0.186508 0.188025 0.189076 0.189076 0.193511 0.190301 0.192577 0.191176 0.181839 0.189601 0.154995 0.191176 0.146825 0.190826 0.144258 0.189251 0.141457 0.179972 0.144725 0.171043 0.144958 0.160364 0.140990 0.152486 0.135154 0.148985 0.130486 0.145483 0.124183 0.142157 0.112512 0.140581 0.109477 0.136730 0.109944 0.128852 0.119981 0.125175 0.126517 0.122024 0.134454 0.120273 0.140523 0.123074 0.144725
1 0.140931 0.452614 0.141282 0.456116 0.142682 0.460084 0.143557 0.467087 0.145483 0.471289 0.147409 0.481092 0.151085 0.488562 0.153011 0.491130 0.154587 0.491830 0.158088 0.489029 0.158613 0.480859 0.162990 0.465920 0.167192 0.455182 0.170518 0.447946 0.177346 0.436508 0.184524 0.427171 0.188200 0.423903 0.195553 0.419001 0.205707 0.414799 0.207283 0.411531 0.201506 0.399627 0.195903 0.381886 0.194678 0.369748 0.192402 0.359477 0.192752 0.355742 0.191702 0.352708 0.192402 0.348739 0.190651 0.345238 0.185749 0.342904 0.184174 0.344538 0.177871 0.360878 0.173669 0.368814 0.169118 0.374650 0.158088 0.382353 0.149685 0.384454 0.145483 0.386788 0.143382 0.397292 0.142682 0.410364 0.141807 0.447479 0.140931 0.452614
0 0.157563 0.540149 0.160189 0.554155 0.170518 0.594538 0.178571 0.618581 0.184174 0.632353 0.194853 0.649627 0.202381 0.655929 0.205882 0.657796 0.209734 0.659197 0.212535 0.658964 0.229342 0.652661 0.242647 0.639823 0.245448 0.634454 0.249825 0.628618 0.256127 0.614613 0.266457 0.584967 0.269608 0.543884 0.269258 0.522409 0.261555 0.467320 0.254202 0.443978 0.249825 0.435107 0.245973 0.430672 0.237920 0.422969 0.230742 0.418301 0.215336 0.414332 0.206583 0.415266 0.199580 0.417834 0.187150 0.425303 0.174720 0.440943 0.168768 0.452614 0.164216 0.464753 0.158964 0.480859 0.158438 0.488095 0.155812 0.494631 0.155637 0.523109 0.157563 0.540149
1 0.063375 0.595472 0.066877 0.612512 0.069503 0.614146 0.082808 0.618114 0.087885 0.620915 0.103116 0.631186 0.109244 0.638889 0.112745 0.640756 0.113620 0.640289 0.114496 0.637255 0.114146 0.633520 0.105042 0.598973 0.103466 0.586368 0.103291 0.569561 0.104692 0.559757 0.105217 0.548319 0.107318 0.536648 0.110119 0.529412 0.109769 0.526144 0.095063 0.526377 0.080882 0.523109 0.076856 0.520775 0.071254 0.519141 0.068277 0.520542 0.065651 0.525910 0.061975 0.564192 0.061975 0.581466 0.063375 0.595472
1 0.130252 0.502568 0.140231 0.496032 0.147584 0.493464 0.148985 0.492297 0.149335 0.490663 0.145133 0.479925 0.140931 0.475724 0.137080 0.473856 0.126576 0.498133 0.126050 0.501867 0.130252 0.502568
1 0.000000 0.656162 0.001576 0.656162 0.003501 0.658730 0.005602 0.659897 0.014356 0.660131 0.015931 0.659664 0.017682 0.657563 0.020308 0.647526 0.023459 0.640756 0.031338 0.630486 0.038866 0.623016 0.040791 0.619748 0.043768 0.610411 0.044293 0.605509 0.046569 0.603175 0.049895 0.604575 0.049895 0.607843 0.048319 0.615546 0.049020 0.616713 0.054097 0.616947 0.062500 0.614379 0.064951 0.612512 0.062150 0.587535 0.061975 0.554155 0.063025 0.536881 0.061275 0.533380 0.057248 0.532213 0.052346 0.540149 0.050070 0.541317 0.046919 0.544585 0.040091 0.546919 0.032388 0.547852 0.023985 0.544818 0.017157 0.540850 0.008403 0.534547 0.001751 0.527311 0.000000 0.527311 0.000000 0.656162
1 0.017682 0.682306 0.019258 0.686275 0.018032 0.689309 0.019433 0.696779 0.019783 0.703081 0.022759 0.715219 0.023284 0.720588 0.031162 0.747432 0.036590 0.761905 0.040966 0.769841 0.043242 0.775677 0.053221 0.791317 0.061975 0.801354 0.066352 0.808357 0.072129 0.811625 0.077906 0.817694 0.082108 0.819328 0.099090 0.830766 0.105917 0.833567 0.119748 0.835668 0.129902 0.834734 0.132353 0.833567 0.133754 0.831466 0.132703 0.823763 0.131653 0.819795 0.128852 0.814426 0.126050 0.804155 0.123424 0.788749 0.121674 0.771195 0.122024 0.751634 0.121499 0.739729 0.122899 0.716387 0.124300 0.710317 0.124825 0.703081 0.128676 0.689542 0.130077 0.682073 0.121849 0.661531 0.114846 0.647526 0.102416 0.632586 0.088235 0.622549 0.081232 0.618814 0.071078 0.615780 0.065651 0.615313 0.048845 0.618347 0.043943 0.621382 0.041667 0.621849 0.037290 0.625117 0.025210 0.640523 0.020833 0.649627 0.019608 0.654295 0.015931 0.671802 0.017682 0.682306
1 0.000000 0.890990 0.008754 0.894958 0.019258 0.895892 0.024510 0.894258 0.032913 0.887255 0.041667 0.874416 0.045868 0.865079 0.049895 0.859244 0.050420 0.857376 0.054622 0.852007 0.057248 0.844071 0.060749 0.828665 0.064076 0.809757 0.063901 0.807423 0.062150 0.803688 0.051821 0.790616 0.041667 0.773576 0.032563 0.752334 0.025385 0.729692 0.015056 0.685341 0.013655 0.681139 0.011905 0.678805 0.014881 0.675070 0.014706 0.673669 0.008754 0.671802 0.003326 0.673203 0.000000 0.675070 0.000000 0.890990
1 0.000000 0.900327 0.001751 0.900560 0.004552 0.911998 0.014356 0.930906 0.021008 0.939776 0.025910 0.944678 0.039741 0.950980 0.044118 0.951214 0.050245 0.950047 0.056022 0.946312 0.057423 0.942577 0.055497 0.926471 0.055847 0.865313 0.057248 0.857143 0.057248 0.851774 0.053571 0.853408 0.050070 0.857610 0.042717 0.873716 0.032738 0.887955 0.027661 0.893091 0.022934 0.895892 0.015756 0.897292 0.000000 0.893791 0.000000 0.900327
1 0.000000 0.944678 0.002101 0.945378 0.002451 0.949346 0.004202 0.954248 0.011905 0.966853 0.019083 0.973856 0.027486 0.978291 0.038690 0.980392 0.044643 0.978758 0.048494 0.975957 0.055322 0.967787 0.057773 0.963585 0.061450 0.953782 0.057248 0.945378 0.053046 0.948413 0.047094 0.950980 0.039916 0.950980 0.036064 0.950047 0.025035 0.943978 0.020833 0.939776 0.013305 0.929505 0.006653 0.916433 0.005252 0.911064 0.002801 0.908030 0.001576 0.903361 0.000000 0.903361 0.000000 0.944678
1 0.056548 0.933473 0.058123 0.942110 0.062325 0.950514 0.068102 0.957983 0.079657 0.964519 0.081583 0.966620 0.084209 0.964753 0.088936 0.964753 0.095413 0.963352 0.103992 0.958917 0.113095 0.950280 0.119048 0.942577 0.124125 0.934174 0.133754 0.914566 0.138831 0.901261 0.141106 0.890523 0.144083 0.883520 0.145833 0.875817 0.146884 0.864146 0.146709 0.857143 0.145833 0.853875 0.140056 0.844538 0.137255 0.837535 0.133754 0.834500 0.125175 0.836368 0.119048 0.836601 0.104517 0.833800 0.082808 0.822362 0.075280 0.816993 0.071254 0.812558 0.067577 0.810691 0.064251 0.814426 0.063550 0.820962 0.059699 0.837768 0.056373 0.870915 0.055847 0.923436 0.056548 0.933473
0 0.122724 0.751867 0.122549 0.772409 0.124650 0.791550 0.126751 0.802521 0.128852 0.806956 0.129377 0.814192 0.131828 0.818861 0.135504 0.832400 0.141632 0.844771 0.146534 0.850607 0.150735 0.858543 0.167542 0.872316 0.175420 0.876284 0.185749 0.878151 0.199755 0.877218 0.208859 0.873249 0.214636 0.868814 0.221113 0.860644 0.223389 0.855509 0.229342 0.845705 0.232318 0.838235 0.236169 0.823296 0.240546 0.796685 0.242997 0.788515 0.244748 0.776611 0.244923 0.771709 0.241597 0.734127 0.240021 0.707283 0.240371 0.702381 0.238971 0.697012 0.234769 0.689542 0.225140 0.675070 0.211485 0.662465 0.195553 0.652661 0.185749 0.648693 0.178922 0.648693 0.171043 0.650327 0.164041 0.653128 0.158438 0.657796 0.151261 0.661765 0.137080 0.674370 0.132703 0.680205 0.129202 0.689309 0.125700 0.702848 0.124475 0.714753 0.122549 0.723856 0.121674 0.736928 0.122724 0.751867
1 0.244398 0.762138 0.245623 0.767274 0.247024 0.781046 0.248599 0.787348 0.248599 0.793184 0.249475 0.797852 0.256828 0.817694 0.259629 0.820728 0.264356 0.828198 0.270133 0.832166 0.275910 0.834267 0.287990 0.834734 0.295343 0.833567 0.304097 0.829365 0.308648 0.826097 0.318627 0.815593 0.332283 0.790850 0.336310 0.776144 0.337185 0.770308 0.338936 0.765406 0.339111 0.756069 0.337535 0.743231 0.336660 0.718254 0.337185 0.704715 0.338410 0.696779 0.340161 0.670868 0.343487 0.647759 0.341387 0.638655 0.338410 0.634454 0.320028 0.634687 0.314776 0.633520 0.300420 0.624183 0.289916 0.611578 0.286415 0.611578 0.283613 0.612745 0.272234 0.619514 0.258228 0.637021 0.248775 0.659897 0.248249 0.664332 0.244923 0.674136 0.241947 0.689076 0.241597 0.705882 0.244398 0.762138
1 0.150910 0.874183 0.152136 0.891223 0.160189 0.928338 0.167192 0.944211 0.171919 0.950047 0.175070 0.953081 0.181373 0.956816 0.189076 0.956583 0.194853 0.953782 0.207283 0.943511 0.215686 0.932306 0.217612 0.925303 0.217437 0.906629 0.219713 0.870215 0.217787 0.865546 0.216912 0.865079 0.214461 0.868581 0.208158 0.873716 0.199230 0.877451 0.182248 0.878151 0.171569 0.875117 0.166317 0.871849 0.150910 0.858077 0.149860 0.861111 0.149685 0.869748 0.150910 0.874183
1 0.081232 0.970822 0.084734 0.976891 0.091036 0.985294 0.098739 0.990896 0.109244 0.993697 0.116772 0.992297 0.127451 0.986228 0.137605 0.974556 0.141632 0.966853 0.140581 0.962652 0.136204 0.955182 0.133228 0.947946 0.129027 0.932773 0.126751 0.929972 0.113620 0.950514 0.103992 0.959150 0.095763 0.963352 0.088936 0.965219 0.081408 0.965920 0.080707 0.966853 0.081232 0.970822
1 0.221289 0.946312 0.230567 0.963819 0.237920 0.970588 0.244048 0.972222 0.254202 0.971522 0.262430 0.967320 0.273810 0.957516 0.277661 0.952848 0.287640 0.935574 0.291667 0.931139 0.298319 0.914799 0.305672 0.893557 0.309174 0.876984 0.309349 0.872549 0.310749 0.868814 0.312150 0.854575 0.314426 0.842670 0.315476 0.832400 0.315651 0.827264 0.314951 0.823063 0.314076 0.822129 0.311275 0.825397 0.306548 0.827965 0.305322 0.829599 0.296394 0.834267 0.287640 0.835901 0.282038 0.835901 0.272234 0.833567 0.265756 0.829365 0.261029 0.824930 0.253676 0.810691 0.248950 0.797152 0.248249 0.792484 0.244748 0.787815 0.241246 0.797152 0.238270 0.815359 0.232843 0.838469 0.222689 0.858777 0.221289 0.863212 0.219188 0.886088 0.218838 0.899860 0.218838 0.936275 0.221289 0.946312
1 0.132878 0.945845 0.137080 0.955649 0.140931 0.961251 0.150035 0.987862 0.151085 0.989029 0.154062 0.996965 0.155637 0.998133 0.155637 0.999767 0.219363 0.999767 0.219363 0.998366 0.220763 0.997199 0.221289 0.993931 0.216737 0.973623 0.215861 0.964753 0.215511 0.946078 0.216912 0.935341 0.213585 0.936041 0.210259 0.939076 0.208158 0.943044 0.205532 0.944678 0.199930 0.950980 0.190826 0.955649 0.181898 0.956816 0.175420 0.953315 0.171744 0.949813 0.167017 0.943511 0.162815 0.936041 0.160364 0.929505 0.158263 0.919001 0.156688 0.914799 0.155112 0.905229 0.153011 0.899627 0.151436 0.883520 0.148985 0.877918 0.147759 0.876984 0.143908 0.886788 0.135154 0.914099 0.130077 0.926237 0.129552 0.929272 0.132878 0.945845
1 0.317577 0.873483 0.316877 0.877218 0.318452 0.893557 0.318452 0.901261 0.319678 0.906396 0.320203 0.913165 0.322479 0.921569 0.323880 0.939076 0.325980 0.949580 0.327556 0.963585 0.330182 0.973856 0.334209 0.981092 0.338060 0.984594 0.341912 0.990896 0.346639 0.993697 0.348915 0.997432 0.350140 0.997666 0.351541 0.999767 0.363270 0.999767 0.363445 0.997899 0.376401 0.994398 0.378676 0.990430 0.389531 0.977124 0.394958 0.968487 0.398459 0.960084 0.404062 0.949813 0.410364 0.929272 0.413866 0.904528 0.408263 0.880019 0.406338 0.867414 0.405987 0.848273 0.404412 0.846172 0.401786 0.846639 0.400385 0.847806 0.400210 0.850840 0.394433 0.855742 0.394083 0.856909 0.391982 0.858310 0.387780 0.858310 0.383578 0.856909 0.378501 0.853641 0.369573 0.845938 0.359594 0.831466 0.353641 0.817694 0.348214 0.800420 0.347164 0.789916 0.344363 0.775444 0.342612 0.771942 0.342787 0.768908 0.342087 0.767740 0.341387 0.768908 0.341211 0.773109 0.338410 0.776144 0.332983 0.791783 0.321078 0.814192 0.319328 0.821429 0.317227 0.841737 0.316176 0.866480 0.317577 0.873483
1 0.338410 0.745098 0.340511 0.756536 0.341211 0.767740 0.345063 0.776377 0.348389 0.799020 0.353817 0.817694 0.360994 0.833567 0.372724 0.848506 0.379377 0.853641 0.386905 0.857376 0.390406 0.856676 0.395833 0.853175 0.400035 0.848739 0.411415 0.831699 0.418417 0.818161 0.424370 0.803455 0.429272 0.787582 0.431898 0.774977 0.435049 0.765640 0.435749 0.759104 0.435574 0.742297 0.432248 0.742764 0.418417 0.750467 0.412465 0.751634 0.403011 0.751867 0.396359 0.750467 0.387780 0.745798 0.382003 0.741363 0.378326 0.737162 0.375000 0.732026 0.372899 0.726190 0.369048 0.720588 0.366597 0.710084 0.364321 0.706349 0.363270 0.696545 0.361345 0.692577 0.359244 0.679038 0.359944 0.668301 0.357493 0.663165 0.357493 0.657563 0.356968 0.656162 0.355567 0.655462 0.354867 0.652894 0.355217 0.651027 0.352591 0.649860 0.351366 0.647759 0.351891 0.640756 0.348915 0.633053 0.345063 0.645892 0.344013 0.654295 0.344188 0.658030 0.341912 0.664799 0.338060 0.709384 0.338060 0.739262 0.338410 0.745098
1 0.345588 0.594304 0.345763 0.606676 0.347864 0.625117 0.349440 0.629785 0.349615 0.635854 0.349090 0.637021 0.351541 0.640756 0.355742 0.663165 0.355217 0.664799 0.361870 0.692577 0.363270 0.695145 0.364846 0.704482 0.366246 0.707049 0.369398 0.720121 0.377801 0.735761 0.383403 0.741830 0.394083 0.749300 0.400910 0.751167 0.413515 0.750934 0.421569 0.748833 0.428746 0.745098 0.437500 0.735994 0.439951 0.731326 0.449930 0.717787 0.453606 0.710784 0.457808 0.704949 0.459734 0.699813 0.460259 0.689076 0.459559 0.645191 0.460959 0.619748 0.463060 0.594304 0.469888 0.543651 0.470763 0.532680 0.469363 0.522409 0.465336 0.504902 0.462360 0.496965 0.462185 0.494865 0.458333 0.487162 0.455182 0.484360 0.452731 0.479692 0.452556 0.476657 0.454482 0.473856 0.454307 0.469888 0.450805 0.465219 0.442927 0.459150 0.432073 0.459617 0.428922 0.460551 0.422794 0.464519 0.415791 0.460784 0.407388 0.460551 0.397234 0.463585 0.387430 0.468254 0.376225 0.475724 0.371148 0.480859 0.363095 0.494631 0.353992 0.516573 0.347339 0.543651 0.344538 0.570261 0.344363 0.585668 0.345588 0.594304
0 0.460959 0.693044 0.463235 0.702848 0.463410 0.709851 0.466737 0.722456 0.467962 0.734594 0.470938 0.741363 0.471639 0.747899 0.473915 0.750934 0.478641 0.764472 0.481092 0.769141 0.482843 0.775910 0.485294 0.778245 0.491772 0.790149 0.501050 0.802988 0.506127 0.806956 0.508578 0.809991 0.514881 0.814426 0.525210 0.819561 0.532913 0.821195 0.540091 0.818394 0.546394 0.812792 0.550420 0.807423 0.552871 0.806022 0.555322 0.802988 0.556723 0.799253 0.563025 0.789916 0.566001 0.784080 0.575630 0.759804 0.582808 0.734360 0.586310 0.711718 0.590686 0.693044 0.596113 0.660364 0.598039 0.636088 0.597164 0.605742 0.595763 0.601307 0.594713 0.592204 0.592437 0.582166 0.591211 0.570962 0.587185 0.549486 0.582283 0.534080 0.574930 0.517274 0.565476 0.501867 0.559524 0.494398 0.546919 0.484127 0.540266 0.480626 0.526436 0.475023 0.518032 0.474790 0.511730 0.475257 0.499125 0.482026 0.487920 0.494164 0.482493 0.501634 0.475140 0.522176 0.471639 0.535714 0.470588 0.546452 0.468137 0.557656 0.466737 0.572129 0.464636 0.584967 0.461134 0.622082 0.460259 0.645425 0.460959 0.693044
1 0.104692 0.594771 0.114846 0.636555 0.116422 0.639823 0.119748 0.651961 0.121324 0.654528 0.126225 0.668534 0.130427 0.676471 0.133578 0.678338 0.136730 0.673903 0.152136 0.659664 0.169993 0.649160 0.181548 0.647526 0.190826 0.647526 0.190126 0.643557 0.186975 0.639122 0.185224 0.633754 0.181022 0.626050 0.171744 0.599440 0.169993 0.591737 0.165441 0.577965 0.159139 0.547152 0.157038 0.539916 0.155462 0.520308 0.155462 0.498133 0.153711 0.494398 0.150735 0.493231 0.144083 0.495098 0.140056 0.496965 0.129202 0.504669 0.122899 0.510971 0.117997 0.519374 0.111345 0.527077 0.106793 0.540383 0.104867 0.553688 0.105042 0.560691 0.103291 0.570728 0.103116 0.579365 0.104692 0.594771
1 0.199055 0.327965 0.200105 0.344071 0.199405 0.355742 0.203081 0.374883 0.207108 0.390289 0.211310 0.395892 0.214636 0.402194 0.219450 0.407680 0.220938 0.411298 0.223564 0.414799 0.230567 0.416667 0.236870 0.419701 0.243873 0.424837 0.248249 0.430205 0.254027 0.431373 0.260679 0.430672 0.275910 0.421802 0.279412 0.416900 0.282738 0.414099 0.291492 0.401494 0.292717 0.396125 0.297969 0.383987 0.299720 0.376751 0.300245 0.371148 0.301996 0.366947 0.309699 0.338469 0.312500 0.322129 0.313375 0.310691 0.303571 0.304855 0.296394 0.297386 0.290616 0.289216 0.280812 0.270308 0.271534 0.245798 0.267857 0.234127 0.262080 0.208917 0.259279 0.202848 0.251751 0.200280 0.244573 0.200280 0.241422 0.201681 0.234069 0.202614 0.230567 0.206583 0.227416 0.208217 0.222339 0.217087 0.217612 0.228291 0.213235 0.244164 0.213060 0.247432 0.208859 0.258870 0.203782 0.283613 0.201856 0.302754 0.200105 0.310458 0.200105 0.320028 0.199055 0.327965
1 0.252976 0.171569 0.256653 0.183473 0.259104 0.195378 0.259279 0.199580 0.262080 0.205182 0.268382 0.234360 0.278711 0.263772 0.284314 0.275910 0.287290 0.280579 0.291667 0.290149 0.300420 0.300420 0.307248 0.306489 0.314251 0.308357 0.324580 0.305789 0.340511 0.296919 0.346989 0.290383 0.347164 0.285948 0.346464 0.282446 0.336660 0.256769 0.333158 0.241363 0.331583 0.237162 0.329482 0.221755 0.328256 0.206116 0.326856 0.200047 0.326506 0.186275 0.326681 0.170635 0.327906 0.158730 0.331933 0.140523 0.337185 0.124183 0.342437 0.112979 0.349615 0.102007 0.351015 0.098739 0.346289 0.084267 0.339811 0.069795 0.332633 0.056723 0.329307 0.052288 0.318627 0.042717 0.310749 0.038282 0.307598 0.037348 0.303746 0.034781 0.300070 0.035948 0.297444 0.034547 0.293417 0.034080 0.291842 0.035714 0.281688 0.038749 0.269433 0.049953 0.264881 0.056956 0.261730 0.063725 0.258403 0.072596 0.252976 0.091503 0.250175 0.106443 0.249125 0.119048 0.248950 0.147993 0.252976 0.171569
1 0.270658 0.523576 0.272059 0.539916 0.276085 0.566293 0.276261 0.570962 0.284489 0.597806 0.288866 0.607376 0.300420 0.622782 0.313901 0.632120 0.320553 0.633754 0.330707 0.633987 0.338761 0.631419 0.345763 0.626517 0.346989 0.622316 0.344363 0.598973 0.343838 0.572012 0.345938 0.548086 0.350840 0.525210 0.356092 0.508403 0.369923 0.481092 0.376225 0.474323 0.380252 0.471989 0.385679 0.466853 0.385329 0.452614 0.383053 0.435574 0.378852 0.418301 0.377276 0.414332 0.359419 0.389823 0.356092 0.388422 0.351190 0.383520 0.345938 0.380252 0.335084 0.376751 0.331758 0.376984 0.318978 0.381186 0.311275 0.384921 0.306197 0.389122 0.303571 0.393091 0.293592 0.401961 0.283263 0.418301 0.278711 0.432306 0.276436 0.436508 0.275910 0.440476 0.272934 0.448646 0.269433 0.466620 0.268908 0.473856 0.268557 0.480859 0.270658 0.523576
0 0.328431 0.206583 0.329657 0.221289 0.332283 0.237862 0.338936 0.261671 0.355917 0.310691 0.360819 0.330532 0.371499 0.361578 0.377976 0.373249 0.383228 0.376984 0.386730 0.377918 0.392507 0.378151 0.398284 0.376751 0.404237 0.374183 0.413866 0.368114 0.422619 0.359944 0.427871 0.352241 0.439251 0.332166 0.444153 0.321195 0.451506 0.294351 0.455707 0.264472 0.456232 0.251167 0.455357 0.236695 0.454657 0.230859 0.453431 0.227591 0.452731 0.216620 0.450455 0.203315 0.450280 0.192344 0.447479 0.167834 0.444678 0.153828 0.441527 0.142390 0.432948 0.119748 0.429447 0.112512 0.420168 0.098273 0.413515 0.090570 0.403887 0.084267 0.393382 0.082633 0.384979 0.083100 0.380077 0.084034 0.376576 0.086601 0.362045 0.091970 0.355392 0.097339 0.347864 0.105976 0.337360 0.126284 0.332633 0.140523 0.332283 0.144258 0.329307 0.154295 0.327206 0.170635 0.326856 0.200047 0.328431 0.206583
1 0.325105 0.000000 0.325630 0.015406 0.327731 0.032680 0.330882 0.049953 0.332808 0.055089 0.337710 0.063025 0.344363 0.076564 0.352241 0.095472 0.355917 0.094771 0.357493 0.092904 0.361169 0.090803 0.377451 0.084500 0.380077 0.078198 0.379552 0.075630 0.380952 0.071895 0.383754 0.071895 0.385679 0.073296 0.386730 0.074463 0.387780 0.078431 0.390931 0.080999 0.404412 0.083567 0.407213 0.083333 0.409314 0.081933 0.413690 0.074463 0.417542 0.039216 0.425770 0.000000 0.325105 0.000000
1 0.270483 0.000000 0.270483 0.001634 0.272059 0.004902 0.272584 0.008403 0.274860 0.014706 0.279412 0.033847 0.281162 0.036881 0.282913 0.037582 0.289041 0.036181 0.295343 0.032913 0.298494 0.032913 0.303571 0.035948 0.311099 0.037815 0.319328 0.042484 0.326331 0.047619 0.328081 0.049953 0.328957 0.048786 0.329307 0.045752 0.325105 0.015173 0.324230 0.000000 0.270483 0.000000
1 0.426996 0.000000 0.418592 0.036181 0.416492 0.052754 0.415266 0.073063 0.415266 0.088702 0.416492 0.091970 0.426296 0.105509 0.433123 0.117180 0.436975 0.126284 0.443102 0.144725 0.446954 0.159430 0.448354 0.167834 0.450805 0.184874 0.450980 0.193044 0.453256 0.211018 0.455707 0.214286 0.459909 0.215686 0.462010 0.215453 0.470938 0.211718 0.477766 0.207516 0.482668 0.202381 0.488796 0.197712 0.492472 0.193044 0.497374 0.185574 0.503326 0.171802 0.507528 0.157796 0.513130 0.134454 0.522409 0.089169 0.525035 0.081699 0.527661 0.070962 0.529762 0.051120 0.528887 0.022409 0.528011 0.015406 0.526436 0.008637 0.524335 0.003968 0.523810 0.000000 0.426996 0.000000
1 0.462185 0.272176 0.463235 0.293417 0.465511 0.311158 0.466912 0.312792 0.470238 0.313959 0.473564 0.313259 0.477766 0.313959 0.480567 0.310924 0.481092 0.306256 0.482843 0.303221 0.484594 0.301587 0.485994 0.302288 0.488095 0.304622 0.488270 0.307656 0.487570 0.310224 0.488095 0.317460 0.490896 0.321195 0.500525 0.326331 0.503852 0.329365 0.507003 0.334034 0.508578 0.338936 0.511204 0.333333 0.515756 0.313259 0.520833 0.299720 0.527661 0.285714 0.539916 0.272642 0.542192 0.268908 0.543943 0.261905 0.540966 0.255135 0.541842 0.252101 0.543067 0.250934 0.546744 0.251401 0.548669 0.256303 0.550945 0.258637 0.551996 0.261204 0.553571 0.262138 0.565826 0.258637 0.569153 0.227358 0.570553 0.204015 0.570728 0.188609 0.569328 0.161298 0.567927 0.153828 0.565126 0.150560 0.556548 0.132820 0.551120 0.128151 0.546919 0.125584 0.529937 0.121382 0.518382 0.123249 0.515406 0.127918 0.507528 0.160831 0.502101 0.177871 0.499475 0.183473 0.495973 0.189309 0.487745 0.199813 0.483368 0.202614 0.480217 0.206349 0.474615 0.210551 0.462010 0.217320 0.459034 0.238562 0.458859 0.244631 0.462185 0.272176
1 0.564076 0.000000 0.562150 0.007937 0.560924 0.022409 0.561275 0.026377 0.558648 0.035014 0.560224 0.040383 0.557598 0.066993 0.558123 0.095472 0.559699 0.119514 0.564601 0.140523 0.569328 0.153128 0.575455 0.163165 0.578782 0.173203 0.591387 0.191410 0.595763 0.194911 0.600490 0.200280 0.607843 0.204715 0.618697 0.207516 0.626225 0.206816 0.637255 0.201447 0.645658 0.194678 0.649160 0.189776 0.653536 0.185574 0.654762 0.182306 0.657738 0.178105 0.659839 0.176471 0.667367 0.157563 0.670868 0.144258 0.677171 0.106443 0.680847 0.079832 0.682773 0.057190 0.680847 0.025677 0.675945 0.000000 0.564076 0.000000
1 0.568803 0.258637 0.576856 0.260271 0.581933 0.262372 0.596814 0.271942 0.603291 0.277077 0.611695 0.286181 0.622199 0.304155 0.623074 0.307423 0.626751 0.314659 0.630077 0.317227 0.630427 0.310224 0.635154 0.285714 0.646008 0.250467 0.651961 0.237862 0.657213 0.230859 0.668067 0.220588 0.668242 0.218021 0.671744 0.215920 0.674020 0.210084 0.674020 0.208450 0.672619 0.203081 0.670343 0.202381 0.668768 0.200514 0.669118 0.196078 0.666842 0.190710 0.664566 0.182073 0.661415 0.176237 0.657913 0.178338 0.652836 0.186741 0.650735 0.188142 0.646534 0.194211 0.641807 0.198646 0.628501 0.206583 0.622374 0.207983 0.608718 0.205182 0.600140 0.200280 0.596113 0.195378 0.591211 0.191176 0.584559 0.182306 0.578081 0.175537 0.575630 0.182073 0.573004 0.196545 0.571078 0.209851 0.570728 0.220822 0.568277 0.242764 0.567577 0.255369 0.568803 0.258637
1 0.505777 0.439542 0.508754 0.456583 0.512780 0.472456 0.515406 0.474323 0.526085 0.473856 0.541317 0.479925 0.547794 0.483193 0.561099 0.494865 0.568803 0.504902 0.575455 0.516573 0.582283 0.531513 0.584909 0.541783 0.586485 0.544118 0.588235 0.545051 0.592612 0.544818 0.597864 0.542951 0.602416 0.542484 0.608543 0.537815 0.616246 0.521008 0.617822 0.515873 0.619048 0.506303 0.623074 0.488095 0.623950 0.477124 0.629027 0.442110 0.632003 0.433240 0.634979 0.418301 0.639006 0.382353 0.638655 0.366246 0.635679 0.348506 0.632003 0.332866 0.623074 0.308123 0.610819 0.286415 0.603291 0.278478 0.595938 0.272176 0.583683 0.264472 0.574930 0.261438 0.562675 0.260971 0.557598 0.262138 0.553746 0.261905 0.546919 0.269374 0.541141 0.272876 0.539041 0.276144 0.534839 0.278478 0.528011 0.286648 0.522584 0.297619 0.518557 0.307423 0.512955 0.327031 0.505777 0.377218 0.504552 0.396825 0.504377 0.415500 0.505777 0.439542
1 0.410189 0.459150 0.418592 0.459617 0.421394 0.461251 0.425595 0.459617 0.437675 0.457516 0.443627 0.457983 0.447304 0.459851 0.453606 0.466387 0.456057 0.470121 0.454657 0.478058 0.457108 0.484127 0.461660 0.491597 0.464986 0.500700 0.466912 0.509804 0.469538 0.516340 0.470413 0.523576 0.473915 0.524276 0.476366 0.515173 0.481268 0.502334 0.487745 0.492530 0.496324 0.484127 0.497549 0.480159 0.495273 0.477824 0.494573 0.473156 0.496324 0.469888 0.497024 0.468954 0.498775 0.468954 0.501751 0.470355 0.505077 0.475957 0.510154 0.473856 0.511029 0.471289 0.504727 0.436275 0.503501 0.415966 0.504202 0.385387 0.509104 0.347106 0.508929 0.342204 0.507878 0.338002 0.500175 0.327731 0.488445 0.319561 0.474265 0.315126 0.464986 0.314893 0.456408 0.316760 0.446078 0.322362 0.443627 0.325630 0.437150 0.339402 0.430147 0.351074 0.422969 0.361111 0.417717 0.366246 0.415616 0.369514 0.410714 0.386321 0.410364 0.390523 0.408438 0.397526 0.406162 0.423903 0.406513 0.456583 0.410189 0.459150
1 0.369573 0.401961 0.378326 0.415266 0.381303 0.424603 0.385679 0.447012 0.386905 0.464986 0.390581 0.465686 0.404937 0.459851 0.406162 0.457283 0.405462 0.443044 0.405987 0.415033 0.407913 0.399627 0.410364 0.387255 0.413340 0.376984 0.413690 0.372549 0.411415 0.371382 0.404937 0.375584 0.391982 0.379318 0.383929 0.378618 0.376751 0.373716 0.373074 0.373716 0.371499 0.375817 0.369573 0.381186 0.367122 0.391457 0.367472 0.397526 0.369573 0.401961
1 0.217437 0.966620 0.216912 0.970355 0.223389 0.993931 0.226190 0.999767 0.305847 0.999767 0.305497 0.993931 0.293417 0.937908 0.290091 0.933940 0.286064 0.939076 0.280812 0.949346 0.269783 0.962418 0.259104 0.969655 0.250700 0.972689 0.241422 0.972222 0.234244 0.969188 0.230742 0.965920 0.227941 0.959851 0.225490 0.956583 0.223915 0.952148 0.220938 0.949346 0.220413 0.945612 0.218487 0.946078 0.216737 0.948413 0.216737 0.964052 0.217437 0.966620
1 0.296043 0.949346 0.298319 0.957516 0.300420 0.970355 0.301996 0.974556 0.307073 0.999767 0.344363 0.999767 0.345763 0.994631 0.344188 0.991130 0.342087 0.989963 0.339636 0.986461 0.334734 0.982026 0.330182 0.973623 0.327206 0.957983 0.325980 0.947012 0.323354 0.935808 0.323004 0.928338 0.323529 0.925303 0.318452 0.901027 0.318452 0.894258 0.316176 0.872549 0.314251 0.867180 0.310924 0.873483 0.306197 0.894258 0.301296 0.909664 0.296744 0.920168 0.293768 0.929505 0.293592 0.935808 0.296043 0.949346
1 0.256478 0.614846 0.253326 0.620215 0.250175 0.627918 0.243697 0.638422 0.238620 0.644725 0.229517 0.652894 0.225140 0.655696 0.216737 0.658730 0.214111 0.661298 0.216737 0.665500 0.223739 0.672502 0.237920 0.692110 0.241246 0.691643 0.243873 0.675770 0.247374 0.662932 0.252101 0.649627 0.258578 0.636555 0.272409 0.619514 0.282563 0.612745 0.284314 0.609244 0.276436 0.598039 0.273985 0.595705 0.268908 0.585434 0.265581 0.584267 0.260329 0.604108 0.256478 0.614846
1 0.191176 0.173203 0.191352 0.195145 0.193277 0.202848 0.197304 0.212652 0.199230 0.220588 0.200980 0.235994 0.200455 0.259570 0.200980 0.262838 0.203431 0.266807 0.206583 0.265406 0.207983 0.258637 0.209909 0.253735 0.217087 0.227358 0.217962 0.217554 0.215686 0.215219 0.205882 0.190243 0.201155 0.175770 0.199580 0.168301 0.197829 0.164799 0.196078 0.155462 0.192577 0.146825 0.190126 0.152194 0.189776 0.158263 0.191176 0.173203
1 0.524685 0.000000 0.524685 0.001867 0.526261 0.005135 0.526436 0.008403 0.528011 0.012138 0.529412 0.023109 0.530637 0.047386 0.528536 0.067694 0.529412 0.070728 0.533964 0.069328 0.540966 0.061391 0.547794 0.050420 0.551646 0.042484 0.555322 0.032913 0.556197 0.023343 0.560749 0.000000 0.524685 0.000000
1 0.636029 0.344538 0.639006 0.362512 0.640056 0.375584 0.639881 0.383520 0.637430 0.407096 0.635679 0.421102 0.633929 0.428805 0.633578 0.436508 0.637955 0.454015 0.639006 0.456816 0.643732 0.463819 0.645308 0.467787 0.657388 0.485761 0.661415 0.489262 0.664741 0.490196 0.667367 0.484360 0.668417 0.479692 0.672969 0.470355 0.675770 0.459851 0.681022 0.445845 0.689076 0.428805 0.691877 0.418534 0.702906 0.394024 0.703606 0.390756 0.710084 0.377218 0.717612 0.365546 0.725315 0.356909 0.738095 0.349673 0.748775 0.349440 0.750875 0.347339 0.752451 0.341737 0.752801 0.327731 0.751225 0.299953 0.750000 0.293184 0.746499 0.279645 0.741422 0.264472 0.736520 0.253035 0.726541 0.233193 0.719713 0.223856 0.712535 0.217087 0.699930 0.210551 0.692577 0.210317 0.685574 0.213352 0.677696 0.214286 0.675770 0.217320 0.671394 0.220588 0.667192 0.222222 0.660539 0.227591 0.653361 0.236228 0.646709 0.248599 0.639356 0.271709 0.634104 0.292717 0.630777 0.313959 0.630952 0.324463 0.636029 0.344538
1 0.677696 0.000000 0.681723 0.025444 0.683298 0.055711 0.681723 0.081466 0.674895 0.123249 0.672969 0.144258 0.671744 0.147059 0.671919 0.148693 0.674545 0.151961 0.675770 0.155229 0.676296 0.164799 0.678922 0.169001 0.686275 0.189076 0.695203 0.202148 0.703431 0.209851 0.713410 0.214986 0.717262 0.214753 0.720238 0.215920 0.734069 0.215453 0.742647 0.212185 0.749825 0.206583 0.757178 0.198646 0.764706 0.185808 0.765581 0.182073 0.771534 0.171802 0.777136 0.156629 0.784839 0.123950 0.791141 0.095472 0.794818 0.075163 0.795868 0.061625 0.797619 0.050887 0.797269 0.036181 0.796394 0.028945 0.790966 0.000000 0.677696 0.000000
1 0.774685 0.189776 0.776261 0.204949 0.777311 0.230859 0.778536 0.241130 0.782563 0.251167 0.786415 0.264472 0.789916 0.268908 0.793768 0.270542 0.798669 0.268908 0.802871 0.265873 0.807248 0.266340 0.811800 0.264006 0.846814 0.275677 0.852241 0.281513 0.860644 0.293651 0.864321 0.300187 0.866246 0.305789 0.869573 0.308357 0.874125 0.305089 0.882703 0.296919 0.892157 0.282680 0.896359 0.271942 0.897059 0.265173 0.900910 0.251867 0.903711 0.235294 0.907213 0.197479 0.909489 0.184407 0.909664 0.174370 0.911765 0.161765 0.911239 0.126517 0.906162 0.106676 0.895658 0.084267 0.882003 0.063492 0.873074 0.053455 0.861345 0.043417 0.852066 0.038982 0.844888 0.036881 0.832633 0.035714 0.821254 0.038049 0.814251 0.040850 0.799720 0.049953 0.797969 0.053688 0.793417 0.087768 0.790616 0.101774 0.786765 0.116246 0.784314 0.129785 0.781338 0.140056 0.778361 0.155229 0.774510 0.168301 0.775035 0.178571 0.774685 0.189776
1 0.758578 0.343838 0.767682 0.345005 0.772759 0.347339 0.773810 0.348506 0.775910 0.355275 0.780637 0.355042 0.784139 0.356676 0.788866 0.362745 0.792367 0.364846 0.797969 0.370915 0.806022 0.383754 0.813025 0.400794 0.816702 0.417600 0.817577 0.430439 0.817227 0.439076 0.818452 0.446078 0.818277 0.453081 0.819153 0.456583 0.819503 0.471055 0.819153 0.487162 0.817927 0.498133 0.815301 0.508403 0.814776 0.515406 0.813025 0.522176 0.813375 0.525910 0.814251 0.526844 0.817577 0.523810 0.822654 0.515873 0.825980 0.512138 0.839811 0.488562 0.847689 0.470355 0.848564 0.466153 0.860644 0.440710 0.869398 0.415733 0.872374 0.403828 0.875000 0.380486 0.875175 0.341970 0.873599 0.327965 0.871849 0.320495 0.868172 0.310924 0.865021 0.306022 0.863270 0.300420 0.859769 0.293884 0.849965 0.279879 0.840511 0.271475 0.831583 0.266106 0.826155 0.267974 0.823704 0.266807 0.822829 0.265406 0.821954 0.262138 0.823529 0.254902 0.824755 0.242997 0.824230 0.237862 0.821078 0.235994 0.819503 0.238095 0.818978 0.247199 0.817227 0.251634 0.817227 0.255135 0.815476 0.262138 0.810224 0.267274 0.803571 0.267507 0.794468 0.271942 0.787465 0.278245 0.778711 0.289216 0.771709 0.301821 0.763831 0.321195 0.761204 0.330999 0.758228 0.334967 0.757528 0.339169 0.757353 0.341970 0.758578 0.343838
0 0.654762 0.580999 0.659139 0.598739 0.664566 0.609244 0.668417 0.619981 0.679447 0.640289 0.690476 0.654995 0.692402 0.656629 0.699055 0.659197 0.706583 0.659664 0.713235 0.654295 0.720938 0.653828 0.723739 0.652661 0.734244 0.645892 0.748599 0.632820 0.764356 0.611111 0.775735 0.592204 0.778887 0.585668 0.798845 0.554155 0.809174 0.532680 0.812325 0.523109 0.815826 0.508870 0.817577 0.495331 0.818627 0.476657 0.818452 0.459617 0.816352 0.418301 0.815301 0.416200 0.813200 0.404762 0.811099 0.397526 0.805672 0.384687 0.800595 0.375817 0.796218 0.369514 0.785714 0.360177 0.782388 0.356209 0.779587 0.353875 0.776961 0.353175 0.751751 0.350373 0.739146 0.350607 0.730742 0.354575 0.720938 0.362512 0.715686 0.369281 0.704482 0.390523 0.690301 0.424603 0.686975 0.436041 0.684699 0.439776 0.679622 0.452148 0.668067 0.483193 0.663165 0.502334 0.662115 0.509337 0.658088 0.522409 0.653887 0.546685 0.653536 0.562325 0.654762 0.580999
1 0.568452 0.800654 0.571954 0.817460 0.574580 0.824697 0.575805 0.831466 0.577556 0.834034 0.578957 0.838235 0.583859 0.845938 0.590686 0.854342 0.598739 0.860411 0.606268 0.863912 0.619573 0.865780 0.626050 0.864846 0.636380 0.861345 0.640581 0.857143 0.647759 0.852474 0.649510 0.849673 0.653887 0.846172 0.665791 0.831699 0.669818 0.821195 0.670868 0.783380 0.674895 0.752568 0.679097 0.729925 0.686975 0.698880 0.687675 0.688609 0.685224 0.668067 0.680847 0.647526 0.670168 0.626517 0.664566 0.617414 0.661415 0.614613 0.656688 0.612745 0.651085 0.605742 0.645133 0.603875 0.638831 0.598273 0.630427 0.595938 0.623074 0.596172 0.615371 0.598039 0.605742 0.602708 0.599090 0.607843 0.598039 0.612745 0.598915 0.637021 0.596464 0.665266 0.590686 0.696545 0.588936 0.702848 0.587710 0.713352 0.582458 0.740896 0.567227 0.782913 0.566877 0.786648 0.568452 0.800654
1 0.439601 0.779412 0.439076 0.783147 0.442927 0.795985 0.442927 0.800187 0.447829 0.817460 0.459209 0.852007 0.471814 0.877451 0.473739 0.883987 0.480567 0.898459 0.487045 0.910598 0.494748 0.919701 0.501576 0.924370 0.508578 0.927638 0.514881 0.929038 0.532388 0.923203 0.546744 0.910831 0.553922 0.900093 0.560574 0.886555 0.564601 0.875350 0.568803 0.859944 0.570378 0.840803 0.570203 0.820728 0.567577 0.802988 0.564251 0.794118 0.560749 0.793884 0.555147 0.804155 0.546744 0.811625 0.544468 0.814893 0.540791 0.818161 0.533789 0.820261 0.525735 0.819795 0.518908 0.815593 0.515581 0.814659 0.508578 0.809991 0.497199 0.798786 0.489846 0.787582 0.485119 0.778245 0.483018 0.775910 0.481443 0.768908 0.476891 0.761671 0.476366 0.758870 0.473564 0.752801 0.473564 0.747899 0.469363 0.741130 0.469538 0.738796 0.467262 0.730159 0.465511 0.716853 0.463410 0.713352 0.462535 0.707516 0.460084 0.705182 0.458859 0.707750 0.455882 0.710084 0.450630 0.720121 0.442052 0.730626 0.437500 0.741130 0.436975 0.746032 0.437500 0.775210 0.439601 0.779412
1 0.408088 0.869748 0.411064 0.887488 0.412465 0.890756 0.417717 0.914566 0.419993 0.919935 0.424720 0.942577 0.426821 0.947479 0.431197 0.962185 0.434874 0.970355 0.442402 0.985294 0.446429 0.991130 0.450105 0.995331 0.455007 0.997432 0.457108 0.999767 0.476015 0.999767 0.483135 0.994164 0.484244 0.994164 0.492997 0.983894 0.508578 0.957983 0.509454 0.947246 0.514006 0.935574 0.514006 0.931839 0.512780 0.930205 0.509804 0.928571 0.499475 0.923903 0.493522 0.919234 0.486345 0.909897 0.480217 0.898693 0.473915 0.884921 0.471113 0.876517 0.462360 0.860177 0.456408 0.845705 0.444678 0.808123 0.439076 0.785948 0.437850 0.780345 0.439076 0.770775 0.437325 0.772409 0.435749 0.772642 0.433824 0.775910 0.422794 0.812325 0.419643 0.819795 0.410714 0.835901 0.408263 0.841737 0.407563 0.845238 0.408088 0.869748
1 0.380077 0.999767 0.451681 0.999767 0.451681 0.998133 0.450455 0.997666 0.449055 0.994865 0.441352 0.985061 0.431022 0.962652 0.424020 0.941410 0.420168 0.926937 0.418768 0.918301 0.414916 0.911531 0.413515 0.915500 0.411239 0.928571 0.405112 0.949346 0.395658 0.969421 0.379902 0.991363 0.378852 0.995331 0.380077 0.999767
1 0.533088 0.948413 0.533613 0.953548 0.540791 0.971055 0.546394 0.978525 0.554797 0.986695 0.560399 0.989496 0.568452 0.991597 0.573354 0.991597 0.584559 0.987162 0.596814 0.977358 0.610469 0.960317 0.613971 0.954482 0.619048 0.948179 0.621499 0.939076 0.630952 0.884687 0.635329 0.866246 0.634979 0.864146 0.633403 0.862745 0.631127 0.864379 0.623950 0.866246 0.611695 0.866013 0.605217 0.864379 0.596464 0.859711 0.591562 0.855742 0.582283 0.845005 0.577031 0.834967 0.576681 0.831466 0.574405 0.826797 0.572129 0.830999 0.570378 0.854809 0.569153 0.862045 0.566527 0.873016 0.561450 0.886788 0.554797 0.900327 0.548144 0.910131 0.543067 0.915966 0.530112 0.927404 0.530287 0.937908 0.533088 0.948413
1 0.500700 0.993464 0.504377 0.999767 0.571604 0.999767 0.572129 0.996965 0.574580 0.996732 0.576506 0.994631 0.573880 0.993931 0.571604 0.994865 0.568803 0.992997 0.559349 0.990196 0.552346 0.985528 0.545693 0.978758 0.541667 0.972923 0.537815 0.965219 0.536590 0.960784 0.532913 0.955182 0.528186 0.953548 0.526085 0.951214 0.518908 0.959150 0.514881 0.959150 0.512255 0.957983 0.510679 0.958917 0.501401 0.971755 0.498424 0.977358 0.497024 0.982026 0.496849 0.984360 0.500700 0.993464
0 0.672269 0.838235 0.674895 0.850840 0.675070 0.859711 0.676120 0.862278 0.676821 0.873249 0.680322 0.897059 0.687675 0.919468 0.700105 0.945845 0.707633 0.957750 0.713936 0.964753 0.720413 0.973856 0.731968 0.984127 0.744223 0.991830 0.751401 0.994631 0.755252 0.994631 0.758053 0.996732 0.759804 0.999767 0.779762 0.999767 0.779937 0.997899 0.782738 0.996732 0.789566 0.991597 0.792892 0.987628 0.799020 0.977124 0.806197 0.956583 0.809349 0.935574 0.811800 0.927871 0.814076 0.904762 0.817227 0.883520 0.823704 0.855742 0.828081 0.826331 0.828081 0.813725 0.827031 0.796685 0.822304 0.772642 0.812850 0.741363 0.805147 0.723856 0.797444 0.708683 0.784664 0.688609 0.778887 0.681373 0.771008 0.674136 0.758578 0.666667 0.748424 0.663866 0.742822 0.663866 0.737920 0.664332 0.732318 0.666900 0.719538 0.666667 0.713410 0.668301 0.704132 0.674603 0.700630 0.678338 0.693978 0.689076 0.692752 0.693978 0.691001 0.697712 0.689251 0.699580 0.685399 0.710084 0.680147 0.730859 0.677521 0.744631 0.671744 0.785481 0.671569 0.816527 0.672269 0.838235
1 0.618172 0.994865 0.619748 0.997899 0.619748 0.999767 0.744748 0.999767 0.744748 0.994398 0.737045 0.989729 0.729342 0.983193 0.727416 0.980626 0.723739 0.978291 0.715861 0.969888 0.713585 0.965920 0.709209 0.961251 0.698354 0.943744 0.691527 0.929739 0.681197 0.904295 0.678046 0.886321 0.678571 0.883287 0.674370 0.856443 0.674720 0.852241 0.673669 0.845472 0.671218 0.837768 0.671218 0.834034 0.669468 0.832400 0.667892 0.832633 0.661239 0.839169 0.655462 0.846405 0.648985 0.852708 0.639356 0.860177 0.637430 0.862512 0.636380 0.865313 0.630077 0.890756 0.624475 0.921569 0.619223 0.956349 0.619573 0.964519 0.618697 0.969888 0.619048 0.988329 0.618172 0.994865
1 0.818627 0.880486 0.813025 0.925070 0.806548 0.958450 0.800945 0.974323 0.796394 0.983894 0.790091 0.992997 0.786940 0.995098 0.784839 0.998133 0.784839 0.999767 0.884979 0.999767 0.885504 0.997666 0.887080 0.996732 0.887955 0.993931 0.888831 0.987628 0.888130 0.981559 0.888480 0.976657 0.890056 0.970588 0.891632 0.957750 0.893032 0.953081 0.890581 0.948413 0.891632 0.943277 0.891982 0.935808 0.891282 0.921335 0.889356 0.909430 0.885504 0.897292 0.881127 0.887722 0.880252 0.881186 0.879027 0.881419 0.877276 0.884454 0.873599 0.887255 0.869223 0.884220 0.867647 0.878852 0.868522 0.873249 0.864671 0.869514 0.863971 0.865780 0.861520 0.862745 0.852241 0.855742 0.838410 0.849907 0.832108 0.848739 0.828081 0.848973 0.825105 0.852474 0.824405 0.857843 0.818627 0.880486
1 0.786239 0.575397 0.762955 0.615546 0.759279 0.619748 0.752276 0.630252 0.744748 0.636788 0.739496 0.643324 0.735819 0.646592 0.735119 0.647526 0.735294 0.651727 0.736169 0.657796 0.737570 0.658964 0.754727 0.664099 0.767507 0.670635 0.772584 0.674603 0.782738 0.684641 0.798494 0.708917 0.812325 0.737162 0.818102 0.754902 0.824755 0.780112 0.828256 0.800887 0.829307 0.821429 0.830007 0.824463 0.831583 0.826331 0.844538 0.818627 0.854342 0.808357 0.861695 0.796919 0.862920 0.792484 0.866071 0.787115 0.873424 0.768908 0.896359 0.694211 0.899160 0.682306 0.901261 0.668301 0.900910 0.630252 0.896183 0.616480 0.892332 0.598039 0.887955 0.587068 0.879552 0.570495 0.876401 0.567227 0.874825 0.563492 0.870973 0.558357 0.862395 0.548786 0.848564 0.538282 0.836660 0.534080 0.815826 0.531513 0.810924 0.532913 0.808298 0.536181 0.796569 0.559757 0.786239 0.575397
1 0.873599 0.324463 0.875700 0.344304 0.874650 0.385154 0.871849 0.407096 0.869048 0.418534 0.859944 0.443044 0.848039 0.467787 0.845763 0.475023 0.838761 0.490896 0.827031 0.511671 0.827031 0.515640 0.828606 0.518908 0.838060 0.520075 0.851366 0.517507 0.859069 0.514706 0.862745 0.511671 0.869398 0.508870 0.880427 0.501867 0.887080 0.495798 0.899335 0.480859 0.922269 0.446078 0.923144 0.442577 0.931022 0.423903 0.942052 0.390523 0.943452 0.383754 0.945553 0.372082 0.945553 0.365313 0.948354 0.349206 0.948529 0.341503 0.942577 0.314426 0.940826 0.309524 0.936625 0.300187 0.930322 0.292484 0.921218 0.285714 0.917192 0.284080 0.908438 0.281513 0.897934 0.281746 0.893908 0.283613 0.890931 0.286181 0.889706 0.289916 0.884454 0.296919 0.880252 0.301587 0.873599 0.306956 0.870623 0.312325 0.870273 0.314192 0.873599 0.324463
1 0.914391 0.032680 0.908438 0.042951 0.902136 0.050187 0.901085 0.052988 0.887255 0.067927 0.887605 0.071195 0.894608 0.080999 0.897584 0.088235 0.901786 0.095005 0.905462 0.103408 0.911415 0.123249 0.912465 0.130019 0.912115 0.164799 0.910189 0.175070 0.907738 0.204949 0.905987 0.215920 0.905287 0.228758 0.902136 0.249066 0.898459 0.262138 0.896183 0.275910 0.897584 0.279178 0.907213 0.279412 0.911239 0.280812 0.915441 0.281046 0.917542 0.282913 0.919293 0.283147 0.921744 0.282446 0.928746 0.275677 0.943102 0.257003 0.963410 0.209384 0.966562 0.189542 0.966737 0.182773 0.968487 0.178805 0.968137 0.171102 0.970938 0.154995 0.971464 0.135854 0.971113 0.116246 0.969363 0.098273 0.964461 0.071429 0.956583 0.046685 0.950455 0.036181 0.941176 0.028011 0.929447 0.023576 0.920693 0.023109 0.918768 0.023576 0.917367 0.025210 0.915266 0.028945 0.914391 0.032680
1 0.813725 0.000000 0.814076 0.011905 0.819153 0.029178 0.822829 0.034547 0.824405 0.035714 0.831408 0.035014 0.842437 0.035714 0.852766 0.038282 0.864496 0.045051 0.873249 0.052521 0.880777 0.060924 0.886905 0.065126 0.895308 0.057890 0.909139 0.041083 0.921043 0.016106 0.923319 0.010037 0.924895 0.002101 0.924895 0.000000 0.813725 0.000000
1 0.739146 0.258170 0.745798 0.276144 0.750525 0.293651 0.752451 0.310924 0.753676 0.332400 0.755077 0.341036 0.759979 0.331699 0.763305 0.320962 0.774685 0.295051 0.781338 0.284080 0.789041 0.275677 0.790091 0.272409 0.785364 0.263772 0.778361 0.244398 0.775735 0.241830 0.765056 0.240896 0.754552 0.242063 0.744748 0.246499 0.739146 0.252334 0.738445 0.254669 0.739146 0.258170
1 0.929622 0.291550 0.933473 0.295752 0.936800 0.300420 0.940301 0.307423 0.943627 0.317460 0.948354 0.338936 0.948354 0.352941 0.945903 0.366246 0.945028 0.376984 0.942402 0.389589 0.930322 0.427404 0.927521 0.432306 0.925770 0.439309 0.924195 0.442577 0.926996 0.445845 0.942577 0.453315 0.957108 0.464286 0.966912 0.473623 0.970063 0.472923 0.983894 0.450514 0.992647 0.414799 0.993172 0.407096 0.992472 0.380252 0.990196 0.367647 0.988620 0.345938 0.984069 0.324463 0.980042 0.311391 0.978817 0.303922 0.974615 0.290850 0.966912 0.276144 0.965161 0.271242 0.959209 0.264239 0.950455 0.261438 0.945553 0.260971 0.942577 0.261671 0.938725 0.265173 0.923669 0.282913 0.922794 0.286415 0.929622 0.291550
1 0.869748 0.531746 0.884279 0.522176 0.895833 0.516573 0.902836 0.514939 0.908438 0.514939 0.911590 0.515873 0.915091 0.517507 0.918067 0.520542 0.920168 0.521475 0.953431 0.550187 0.957108 0.560458 0.959559 0.570962 0.962185 0.587768 0.962010 0.591970 0.963585 0.599673 0.963410 0.606909 0.964286 0.612979 0.963936 0.618114 0.965336 0.639356 0.965161 0.672035 0.963936 0.685808 0.962185 0.689776 0.959734 0.703081 0.960259 0.704248 0.962885 0.705649 0.967787 0.704015 0.971113 0.699580 0.980742 0.679505 0.985644 0.664566 0.990021 0.630019 0.991246 0.626984 0.994748 0.605976 0.997024 0.598273 0.998074 0.591270 0.999825 0.591036 0.999825 0.544585 0.998074 0.544351 0.995098 0.529645 0.990546 0.519374 0.985469 0.504202 0.981618 0.496499 0.967612 0.475257 0.957983 0.465219 0.940301 0.452848 0.928571 0.447712 0.924720 0.447012 0.921218 0.448880 0.907738 0.470355 0.893172 0.489542 0.881127 0.502801 0.869573 0.511438 0.865896 0.515406 0.865896 0.525210 0.869748 0.531746
1 0.864846 0.550654 0.870273 0.555789 0.885154 0.579365 0.892857 0.598739 0.896008 0.609244 0.897234 0.616480 0.899335 0.620915 0.899860 0.624650 0.899510 0.633987 0.901261 0.640056 0.901786 0.667367 0.899860 0.682540 0.895133 0.698646 0.890581 0.710784 0.888831 0.720121 0.882178 0.737395 0.880602 0.744631 0.879552 0.755369 0.882703 0.761671 0.887255 0.765873 0.897409 0.768674 0.900910 0.768674 0.911590 0.766106 0.916667 0.763772 0.926120 0.756769 0.939951 0.742297 0.947129 0.732026 0.953081 0.720355 0.956232 0.709384 0.957983 0.706349 0.963761 0.682540 0.965161 0.664099 0.964286 0.646592 0.964461 0.631886 0.962710 0.619514 0.963410 0.614379 0.962710 0.609711 0.962710 0.591737 0.957633 0.564659 0.955532 0.556723 0.949230 0.545051 0.946078 0.541317 0.938200 0.534781 0.933999 0.532913 0.927171 0.525210 0.917717 0.519841 0.908263 0.515873 0.903536 0.515873 0.894258 0.517974 0.886905 0.521709 0.883403 0.524043 0.869748 0.536881 0.864671 0.543417 0.862745 0.547152 0.864846 0.550654
1 0.947129 0.733894 0.935399 0.748833 0.932073 0.751167 0.928396 0.755602 0.919818 0.763305 0.908088 0.769141 0.896183 0.772409 0.896534 0.775677 0.898109 0.779412 0.906162 0.789216 0.919818 0.813959 0.923144 0.824463 0.925945 0.841970 0.926120 0.852941 0.925420 0.856676 0.926296 0.865079 0.925245 0.872549 0.925420 0.876751 0.917192 0.901261 0.909489 0.918534 0.908438 0.926004 0.909839 0.928338 0.921919 0.929739 0.929797 0.932540 0.932073 0.934407 0.937150 0.930906 0.943803 0.922736 0.950980 0.911765 0.955707 0.902894 0.958508 0.900093 0.959734 0.896125 0.961660 0.894024 0.962666 0.889414 0.964636 0.886788 0.983718 0.845705 0.987920 0.830532 0.990196 0.814192 0.988620 0.789683 0.986870 0.779645 0.982843 0.764706 0.978291 0.754435 0.975140 0.744865 0.968487 0.735061 0.960959 0.719888 0.956758 0.716853 0.952906 0.716853 0.951856 0.723856 0.947129 0.733894
1 0.219538 0.220822 0.226716 0.224323 0.231793 0.224323 0.232843 0.223156 0.233018 0.214286 0.230742 0.207049 0.228641 0.206583 0.227416 0.209150 0.225840 0.210084 0.220588 0.207983 0.216211 0.209851 0.217962 0.217787 0.219538 0.220822
1 0.888305 0.994398 0.888480 0.999767 0.981618 0.999767 0.980742 0.994865 0.974090 0.981092 0.964811 0.966620 0.957983 0.957983 0.941877 0.941877 0.929272 0.933240 0.922269 0.930439 0.907563 0.929972 0.904412 0.932540 0.901085 0.939076 0.900735 0.941877 0.898459 0.947712 0.892507 0.958683 0.889356 0.977124 0.889706 0.985994 0.888305 0.994398
1 0.615371 0.595472 0.620098 0.595938 0.627626 0.595005 0.636204 0.596639 0.661415 0.614146 0.663515 0.612979 0.663165 0.609477 0.659664 0.601774 0.655637 0.588936 0.653887 0.577498 0.653011 0.562325 0.653361 0.546218 0.662990 0.497432 0.663340 0.494631 0.662465 0.493464 0.661239 0.492530 0.654412 0.494164 0.647059 0.499533 0.636204 0.511438 0.629902 0.521475 0.625525 0.530112 0.621849 0.539683 0.621499 0.543184 0.618522 0.551821 0.615896 0.562558 0.613796 0.579132 0.614146 0.591970 0.615371 0.595472
1 0.828081 0.846405 0.845588 0.851541 0.852941 0.855509 0.861520 0.861578 0.868172 0.867647 0.869748 0.870448 0.870798 0.866480 0.874358 0.863912 0.876576 0.863912 0.879202 0.866480 0.879202 0.872316 0.877276 0.880252 0.877451 0.884220 0.878676 0.886788 0.882178 0.888889 0.888480 0.902894 0.891982 0.921102 0.892857 0.934174 0.892682 0.943744 0.893908 0.949580 0.897409 0.947012 0.902836 0.933473 0.905812 0.928571 0.907563 0.921802 0.909139 0.919468 0.920518 0.891457 0.926471 0.870215 0.926646 0.859477 0.925945 0.855742 0.925770 0.842904 0.923494 0.827965 0.919643 0.814192 0.908438 0.793651 0.894083 0.774510 0.887080 0.768207 0.881478 0.764472 0.876401 0.762838 0.874825 0.764939 0.871674 0.775910 0.869748 0.779412 0.867297 0.786648 0.858368 0.803922 0.852766 0.812092 0.846113 0.818861 0.838410 0.823763 0.831232 0.826564 0.829307 0.831232 0.827906 0.840103 0.827556 0.845705 0.828081 0.846405
1 0.618522 0.999767 0.618522 0.993464 0.619398 0.991130 0.618347 0.982804 0.619223 0.960317 0.618873 0.954949 0.617472 0.953548 0.615896 0.953548 0.597339 0.977591 0.593137 0.981793 0.584909 0.987628 0.580357 0.994631 0.579482 0.999767 0.618522 0.999767
1 0.000000 0.353641 0.001576 0.353641 0.011380 0.345472 0.015406 0.329599 0.015581 0.324697 0.014881 0.323996 0.011905 0.323063 0.006478 0.324230 0.000000 0.326097 0.000000 0.353641
1 0.309174 0.368114 0.313200 0.369748 0.322129 0.369748 0.328081 0.371148 0.334384 0.375117 0.344713 0.378385 0.351015 0.381653 0.358894 0.388422 0.366071 0.392624 0.371499 0.373249 0.371674 0.369748 0.369048 0.362512 0.368697 0.359477 0.360819 0.333100 0.355742 0.313259 0.348739 0.292484 0.345413 0.292717 0.338410 0.299020 0.332633 0.302521 0.315126 0.310924 0.313901 0.314192 0.313375 0.323063 0.311975 0.331466 0.306197 0.355742 0.306723 0.366013 0.309174 0.368114
1 0.991947 0.000000 0.991947 0.001634 0.988796 0.004902 0.985994 0.012372 0.975665 0.026377 0.968487 0.032213 0.958333 0.037582 0.956933 0.039449 0.957458 0.046919 0.961485 0.057656 0.965686 0.074697 0.969363 0.096405 0.972339 0.126284 0.972164 0.154995 0.969188 0.174603 0.968838 0.185808 0.965161 0.206583 0.966912 0.208683 0.969363 0.209150 0.980742 0.209150 0.985994 0.206349 0.990721 0.202381 0.999825 0.197712 0.999825 0.000000 0.991947 0.000000
1 0.925420 0.000000 0.924720 0.005135 0.921919 0.015406 0.921744 0.018908 0.922619 0.019608 0.935399 0.023810 0.943803 0.028711 0.953256 0.037348 0.956933 0.037348 0.966912 0.032913 0.977591 0.023810 0.985469 0.012138 0.990896 0.001634 0.990896 0.000000 0.925420 0.000000