0 0.266807 0.197479 0.271242 0.208683 0.274977 0.213060 0.279178 0.216036 0.293651 0.222339 0.318161 0.225490 0.331699 0.228641 0.342437 0.231793 0.355742 0.238095 0.370215 0.242297 0.390289 0.246849 0.411531 0.248599 0.422269 0.247899 0.431606 0.246324 0.442110 0.243347 0.456583 0.238095 0.462885 0.236870 0.477124 0.234419 0.504902 0.231793 0.515640 0.227416 0.525910 0.220238 0.531513 0.213936 0.537115 0.198004 0.547152 0.186275 0.551821 0.179097 0.553455 0.174370 0.553688 0.167367 0.552054 0.154412 0.548319 0.145308 0.544351 0.139181 0.540149 0.133403 0.526144 0.118347 0.511204 0.106268 0.498366 0.098389 0.487628 0.093312 0.484360 0.091036 0.474556 0.087885 0.470355 0.085434 0.465920 0.084559 0.460317 0.081758 0.453315 0.079657 0.433007 0.076331 0.416900 0.075455 0.390523 0.076681 0.365313 0.083333 0.348506 0.089636 0.334034 0.096814 0.326564 0.101366 0.312325 0.110644 0.291083 0.126751 0.289449 0.130077 0.287115 0.131303 0.284547 0.134104 0.275210 0.147584 0.271242 0.157563 0.268207 0.161590 0.266340 0.167892 0.265873 0.173494 0.265406 0.187325 0.266807 0.197479
0 0.333100 0.331583 0.348739 0.345063 0.352941 0.347164 0.355742 0.351716 0.357376 0.351366 0.378151 0.360644 0.383053 0.365196 0.390756 0.369048 0.396825 0.373950 0.399160 0.375000 0.411064 0.378852 0.425770 0.381828 0.435574 0.383053 0.447946 0.382878 0.477124 0.379902 0.482493 0.378501 0.488329 0.378151 0.517507 0.373074 0.525910 0.372199 0.536181 0.368697 0.543184 0.367647 0.560691 0.362745 0.581232 0.354167 0.592437 0.346814 0.602474 0.337185 0.607376 0.330707 0.612278 0.316527 0.612045 0.298494 0.611345 0.293417 0.608777 0.286590 0.596872 0.268908 0.583333 0.256653 0.574230 0.251050 0.567227 0.247899 0.557190 0.245098 0.553922 0.243522 0.532913 0.238095 0.529412 0.238095 0.526377 0.236695 0.519141 0.235469 0.505369 0.234594 0.480626 0.235469 0.470588 0.236870 0.453315 0.240546 0.435341 0.246674 0.419701 0.250350 0.412815 0.254289 0.400560 0.259629 0.394491 0.261029 0.386321 0.264531 0.382120 0.267507 0.376050 0.270133 0.359477 0.279937 0.355509 0.283088 0.339636 0.299895 0.332166 0.314251 0.330299 0.321078 0.333100 0.331583
0 0.318394 0.439601 0.319561 0.442577 0.319094 0.446078 0.322362 0.450280 0.323996 0.456232 0.327731 0.463060 0.330532 0.465336 0.334034 0.471464 0.338469 0.474440 0.341503 0.478992 0.357843 0.491246 0.366480 0.495973 0.374183 0.501576 0.383987 0.505602 0.390056 0.507003 0.410831 0.514531 0.442110 0.520308 0.448880 0.521008 0.468721 0.522234 0.488796 0.521709 0.514006 0.516106 0.535247 0.512780 0.553922 0.511380 0.556489 0.510679 0.571662 0.501576 0.573996 0.497549 0.584967 0.486169 0.595472 0.471814 0.600607 0.457108 0.599673 0.447654 0.594304 0.432248 0.582633 0.417892 0.574697 0.411415 0.564192 0.403887 0.553455 0.397934 0.545051 0.394783 0.536181 0.390231 0.521008 0.386555 0.512138 0.383578 0.500700 0.381653 0.481326 0.380952 0.468021 0.381303 0.459851 0.382353 0.444678 0.384979 0.436275 0.387430 0.383520 0.398985 0.376751 0.401611 0.373016 0.404587 0.364846 0.408438 0.362745 0.408613 0.358310 0.410714 0.355976 0.412640 0.343137 0.416317 0.327965 0.422969 0.322596 0.426296 0.319328 0.430147 0.317927 0.432248 0.318394 0.439601
0 0.356909 0.587710 0.361345 0.596989 0.373016 0.612920 0.389122 0.626576 0.390756 0.628852 0.399160 0.633403 0.404762 0.637605 0.412232 0.641106 0.435808 0.649860 0.439309 0.652136 0.445845 0.652836 0.449813 0.652311 0.456816 0.655462 0.479692 0.658263 0.515173 0.659664 0.528711 0.658789 0.533147 0.659139 0.543417 0.657913 0.573763 0.653536 0.616246 0.641282 0.623950 0.638305 0.638655 0.630427 0.651494 0.620098 0.660831 0.609069 0.666900 0.596464 0.668768 0.589636 0.668768 0.585084 0.665266 0.571254 0.653128 0.554972 0.637255 0.542017 0.621849 0.532213 0.612278 0.527486 0.605509 0.525210 0.602241 0.523109 0.581232 0.516457 0.560691 0.513480 0.536415 0.513831 0.519608 0.516282 0.501401 0.519958 0.494631 0.522934 0.486461 0.524160 0.477124 0.528361 0.456583 0.533964 0.446312 0.538165 0.439076 0.538690 0.425070 0.541317 0.407796 0.545693 0.404528 0.545518 0.369514 0.557073 0.362979 0.561099 0.359711 0.564076 0.356209 0.571078 0.355742 0.581583 0.356909 0.587710
1 0.192810 0.362745 0.198880 0.374650 0.204715 0.381653 0.217087 0.390756 0.241130 0.402486 0.252801 0.404937 0.264239 0.405462 0.272409 0.406863 0.287115 0.408088 0.294118 0.406688 0.300654 0.406863 0.312092 0.405637 0.352708 0.395658 0.366246 0.389706 0.368347 0.387955 0.384220 0.380427 0.390289 0.376751 0.392665 0.371973 0.387021 0.368697 0.383520 0.367997 0.381653 0.366772 0.367414 0.355567 0.366246 0.355042 0.362512 0.355217 0.361345 0.353992 0.359244 0.353466 0.337768 0.337185 0.333333 0.332108 0.331466 0.328606 0.330299 0.324580 0.330532 0.316702 0.331699 0.313025 0.334034 0.310399 0.334500 0.307248 0.336835 0.302171 0.342670 0.293768 0.345705 0.292017 0.348273 0.288690 0.352708 0.285539 0.356909 0.281162 0.365546 0.275560 0.368114 0.274685 0.369514 0.272409 0.375117 0.270833 0.377218 0.268207 0.380019 0.266632 0.380486 0.265231 0.377684 0.262080 0.369048 0.260854 0.366246 0.259804 0.337302 0.259104 0.331232 0.259454 0.310924 0.262780 0.286415 0.269433 0.275910 0.275560 0.268908 0.278011 0.253735 0.286064 0.237628 0.296043 0.222222 0.306898 0.213352 0.314251 0.203081 0.325630 0.197012 0.335084 0.193978 0.341912 0.192577 0.348564 0.192810 0.362745
1 0.199813 0.508929 0.202148 0.513831 0.209150 0.519433 0.213585 0.521709 0.223856 0.525385 0.227358 0.525560 0.230626 0.526611 0.238095 0.526611 0.246499 0.525560 0.258403 0.528361 0.265640 0.528711 0.268441 0.526961 0.272642 0.527836 0.314659 0.520483 0.317694 0.518908 0.323996 0.517157 0.339869 0.514531 0.360177 0.509104 0.362979 0.507003 0.367180 0.505602 0.370215 0.501576 0.360878 0.493347 0.352708 0.488796 0.344304 0.482318 0.332866 0.470763 0.323063 0.456408 0.320028 0.446254 0.317927 0.434699 0.319094 0.428922 0.321195 0.426120 0.324463 0.425070 0.331466 0.420518 0.335434 0.418768 0.338469 0.418417 0.348973 0.413165 0.355742 0.410539 0.360177 0.409664 0.365780 0.406863 0.373016 0.405637 0.375817 0.401611 0.377451 0.400910 0.373249 0.398634 0.369281 0.398459 0.366013 0.397409 0.364846 0.398284 0.348739 0.400035 0.345472 0.401085 0.341970 0.400735 0.317460 0.405287 0.310224 0.407738 0.307423 0.407913 0.296685 0.410889 0.287582 0.415091 0.281979 0.416667 0.272409 0.420693 0.251401 0.430497 0.230159 0.443102 0.218021 0.452556 0.205649 0.467087 0.199580 0.480742 0.198413 0.487045 0.197712 0.498599 0.199813 0.508929
1 0.222923 0.581408 0.226657 0.591562 0.232960 0.602766 0.243697 0.614146 0.247432 0.617297 0.251634 0.619223 0.257937 0.624825 0.267974 0.630777 0.286181 0.639531 0.293184 0.641982 0.298319 0.645308 0.313959 0.650210 0.317927 0.650385 0.321429 0.651786 0.333100 0.654237 0.342670 0.658263 0.349907 0.660189 0.376984 0.664741 0.384454 0.667017 0.397526 0.668242 0.414799 0.668592 0.418301 0.667367 0.421802 0.667192 0.435574 0.660714 0.442344 0.654412 0.439542 0.650735 0.435808 0.649160 0.432073 0.648634 0.428805 0.646884 0.425303 0.646534 0.418768 0.644258 0.401961 0.636905 0.396125 0.632003 0.389823 0.628676 0.387488 0.625700 0.383053 0.622899 0.368814 0.609069 0.361578 0.598915 0.357143 0.589461 0.355042 0.581583 0.355042 0.575805 0.355742 0.570203 0.358077 0.565126 0.365313 0.558473 0.375117 0.554272 0.402661 0.546919 0.401608 0.545475 0.405229 0.545518 0.403595 0.541667 0.401727 0.540091 0.379085 0.534489 0.359711 0.531338 0.331699 0.528536 0.328198 0.527486 0.315359 0.527486 0.311158 0.526611 0.293184 0.526786 0.282680 0.528011 0.246732 0.535889 0.234360 0.541492 0.229225 0.545868 0.225724 0.550420 0.222689 0.557073 0.221522 0.563901 0.221289 0.572304 0.222923 0.581408
1 0.118581 0.540441 0.124883 0.554797 0.130486 0.561800 0.137488 0.568452 0.147292 0.575105 0.154295 0.579132 0.161998 0.582283 0.185107 0.588936 0.205882 0.592612 0.221055 0.593487 0.225490 0.591912 0.221055 0.574755 0.220588 0.566877 0.222222 0.556373 0.226424 0.548144 0.228992 0.545343 0.237862 0.538690 0.245098 0.535364 0.256069 0.532913 0.259328 0.532706 0.262616 0.532057 0.279402 0.528942 0.307438 0.526216 0.327167 0.526995 0.361432 0.530629 0.356067 0.519986 0.350876 0.512068 0.306053 0.522841 0.272480 0.527903 0.253098 0.528293 0.241849 0.527644 0.232260 0.526961 0.225023 0.526085 0.219888 0.524860 0.209851 0.520483 0.203548 0.515931 0.200280 0.512080 0.197946 0.505427 0.196779 0.494748 0.196078 0.493522 0.192577 0.493347 0.168067 0.497199 0.157563 0.499825 0.137255 0.507528 0.125117 0.515406 0.119281 0.525035 0.118347 0.528887 0.117647 0.536590 0.118581 0.540441
0 0.703756 0.231617 0.707283 0.237745 0.716620 0.245448 0.730626 0.253676 0.735294 0.255602 0.747899 0.257703 0.751401 0.258929 0.767740 0.260504 0.780345 0.260854 0.796685 0.258929 0.833800 0.252276 0.850373 0.250000 0.880252 0.244048 0.904062 0.236695 0.922502 0.229342 0.936508 0.220413 0.944911 0.209909 0.948179 0.202731 0.949346 0.196604 0.950280 0.189251 0.949580 0.182073 0.947246 0.175245 0.944211 0.170868 0.937908 0.164916 0.935808 0.161415 0.921802 0.154762 0.910598 0.151085 0.901027 0.148284 0.898693 0.148284 0.883520 0.143557 0.860177 0.140931 0.851774 0.140756 0.848973 0.141457 0.826564 0.142332 0.814192 0.144608 0.806956 0.147584 0.798553 0.152661 0.773109 0.160539 0.762372 0.165966 0.749300 0.170168 0.727824 0.181197 0.716153 0.189076 0.709851 0.194853 0.698646 0.209909 0.697479 0.214811 0.698646 0.223564 0.703756 0.231617
1 0.748133 0.169293 0.751634 0.168943 0.773343 0.160014 0.793184 0.154062 0.799953 0.151436 0.807656 0.146884 0.816527 0.143908 0.827731 0.141807 0.841970 0.141457 0.851307 0.140406 0.867180 0.140931 0.887488 0.143382 0.892507 0.145220 0.899627 0.147584 0.921335 0.153536 0.929038 0.156863 0.932306 0.159314 0.935127 0.160651 0.937331 0.162672 0.948413 0.175070 0.950980 0.180672 0.951914 0.189251 0.950514 0.199580 0.946078 0.209909 0.938609 0.216912 0.937908 0.220413 0.939076 0.220938 0.940943 0.219363 0.946078 0.217612 0.953782 0.213410 0.967087 0.199755 0.970588 0.193627 0.973389 0.185924 0.976657 0.170518 0.977824 0.168592 0.975957 0.165791 0.973856 0.157038 0.968954 0.147409 0.956583 0.136730 0.951681 0.134804 0.949346 0.133053 0.925537 0.125350 0.883520 0.117297 0.869748 0.115721 0.847106 0.115721 0.824697 0.117647 0.806022 0.122024 0.795285 0.125525 0.782913 0.130777 0.771242 0.138130 0.761438 0.146183 0.748133 0.161765 0.746265 0.168417 0.748133 0.169293
1 0.374883 0.748424 0.383287 0.762080 0.390289 0.769083 0.401961 0.778186 0.418067 0.786590 0.428571 0.789741 0.439076 0.794818 0.444211 0.795518 0.450980 0.797969 0.500467 0.809174 0.529412 0.813200 0.552754 0.815126 0.557423 0.814426 0.571429 0.815126 0.588936 0.813725 0.595472 0.813901 0.602007 0.812500 0.605509 0.809699 0.616013 0.805147 0.622782 0.800245 0.631653 0.792017 0.637488 0.782913 0.641690 0.765756 0.641457 0.751401 0.637955 0.738796 0.629318 0.723739 0.625117 0.719888 0.620682 0.713761 0.606909 0.702731 0.581933 0.689076 0.560691 0.682773 0.540383 0.679972 0.491830 0.676471 0.471616 0.675894 0.460471 0.675648 0.449346 0.676296 0.428571 0.678746 0.421802 0.680147 0.404295 0.686275 0.386555 0.695903 0.373716 0.709909 0.373483 0.712477 0.371148 0.716912 0.370448 0.721814 0.370915 0.734594 0.374883 0.748424
1 0.200047 0.727416 0.202148 0.731443 0.207049 0.736520 0.226424 0.746849 0.239729 0.755427 0.247199 0.759104 0.251867 0.762780 0.267974 0.772234 0.279412 0.781338 0.305322 0.798144 0.312092 0.801821 0.321195 0.805322 0.332633 0.807423 0.337068 0.809524 0.351774 0.811975 0.372782 0.813725 0.395191 0.814076 0.404762 0.813375 0.415500 0.811099 0.417600 0.809349 0.436275 0.804622 0.444656 0.802729 0.451425 0.798604 0.442344 0.796569 0.431139 0.791667 0.425303 0.789916 0.421569 0.787640 0.418301 0.787465 0.415033 0.784664 0.404528 0.780637 0.401494 0.777836 0.395892 0.774685 0.382820 0.762430 0.376284 0.752801 0.372549 0.744573 0.369748 0.734419 0.369281 0.722864 0.370915 0.713936 0.373483 0.708683 0.375817 0.705007 0.381886 0.698704 0.390756 0.691527 0.400327 0.687500 0.408730 0.685749 0.413518 0.680375 0.405733 0.676567 0.385621 0.668242 0.376517 0.665966 0.363912 0.664566 0.359244 0.662640 0.355509 0.662290 0.335668 0.656513 0.331466 0.655987 0.326564 0.656513 0.310691 0.654587 0.307890 0.653711 0.295518 0.653711 0.272409 0.656162 0.265640 0.657738 0.238095 0.666667 0.223856 0.674895 0.214052 0.682248 0.201681 0.694328 0.197246 0.702906 0.195612 0.709384 0.195845 0.716387 0.200047 0.727416
1 0.642157 0.749125 0.642624 0.759201 0.641223 0.775735 0.638655 0.783263 0.629318 0.796394 0.623483 0.800070 0.616713 0.805847 0.606209 0.810749 0.604809 0.813901 0.605742 0.814776 0.610411 0.817752 0.626517 0.825455 0.658497 0.834209 0.678338 0.837360 0.713819 0.837185 0.741363 0.834734 0.749767 0.833158 0.753035 0.831057 0.762138 0.828081 0.769141 0.824405 0.776144 0.818452 0.780238 0.815554 0.781954 0.812613 0.784405 0.810039 0.790383 0.803396 0.793417 0.792717 0.795985 0.791141 0.797152 0.788866 0.798786 0.775560 0.796685 0.765931 0.794351 0.762080 0.790616 0.751751 0.787815 0.748424 0.785481 0.743347 0.775677 0.732668 0.762138 0.720588 0.750700 0.713235 0.734127 0.705882 0.730859 0.705532 0.726657 0.703957 0.723180 0.702251 0.716316 0.700229 0.710084 0.699580 0.707491 0.699125 0.703078 0.697838 0.699580 0.697479 0.690476 0.697479 0.685808 0.696078 0.678805 0.697129 0.641223 0.711485 0.626751 0.715161 0.624650 0.716737 0.637955 0.736695 0.642157 0.749125
1 0.456816 0.674370 0.460784 0.675595 0.471522 0.676296 0.492297 0.675070 0.503735 0.676471 0.516573 0.676471 0.554155 0.680847 0.572362 0.684874 0.582400 0.688375 0.592904 0.693452 0.607376 0.702031 0.612745 0.706758 0.623016 0.713761 0.626751 0.714461 0.647292 0.709034 0.666433 0.701506 0.680672 0.695028 0.692344 0.688550 0.707516 0.676296 0.715453 0.667367 0.724090 0.654412 0.728758 0.644083 0.728758 0.629902 0.721289 0.612920 0.716620 0.609419 0.714286 0.605217 0.707983 0.597864 0.700047 0.592962 0.692577 0.589811 0.677638 0.587185 0.671977 0.585805 0.671053 0.588577 0.664799 0.601366 0.662465 0.607843 0.660131 0.611345 0.655929 0.616772 0.650794 0.620798 0.643791 0.628326 0.629785 0.636204 0.614846 0.642682 0.605509 0.645133 0.599206 0.647584 0.595472 0.647934 0.586368 0.651261 0.578431 0.652486 0.559524 0.657213 0.549486 0.657563 0.533613 0.659664 0.522409 0.659314 0.514472 0.660189 0.508637 0.659664 0.504902 0.660539 0.495098 0.659314 0.476657 0.658789 0.462418 0.657213 0.458917 0.657913 0.455882 0.659839 0.454482 0.661239 0.454015 0.664566 0.454715 0.672444 0.456816 0.674370
1 0.146825 0.658613 0.151727 0.667892 0.157563 0.674895 0.163866 0.680497 0.172035 0.685924 0.180672 0.689951 0.195845 0.695553 0.199113 0.695378 0.200280 0.694678 0.210551 0.683999 0.219888 0.676996 0.238562 0.665966 0.249066 0.661940 0.250934 0.660189 0.259104 0.657913 0.273109 0.655287 0.289916 0.653186 0.328726 0.655663 0.331113 0.654669 0.306022 0.647409 0.296685 0.644433 0.282680 0.637080 0.278711 0.635679 0.275677 0.633403 0.268441 0.630952 0.263539 0.628326 0.246499 0.616246 0.234360 0.605392 0.231793 0.605042 0.196545 0.616246 0.172502 0.626401 0.154062 0.636029 0.148926 0.639881 0.145892 0.644608 0.145191 0.652136 0.146825 0.658613
1 0.129318 0.772409 0.135854 0.783613 0.144024 0.792367 0.149860 0.797269 0.161298 0.804097 0.171102 0.808473 0.188142 0.814426 0.210317 0.819153 0.241130 0.823179 0.257236 0.824755 0.279645 0.824930 0.288749 0.823004 0.310691 0.821078 0.324230 0.818277 0.338448 0.816996 0.348633 0.812540 0.329832 0.807248 0.316060 0.804097 0.309991 0.800420 0.307190 0.799545 0.289916 0.787640 0.283380 0.784139 0.268441 0.772584 0.258170 0.766807 0.249066 0.760329 0.230392 0.750000 0.220355 0.743347 0.205882 0.736520 0.202614 0.733718 0.194911 0.716737 0.192577 0.714986 0.161998 0.722339 0.149860 0.727416 0.137255 0.733894 0.133053 0.737570 0.130019 0.741597 0.126284 0.752276 0.126517 0.762780 0.129318 0.772409
1 0.411298 0.846814 0.415733 0.852766 0.425070 0.861870 0.432073 0.866422 0.446545 0.874125 0.460551 0.877276 0.472456 0.881127 0.495098 0.885329 0.521008 0.887780 0.530112 0.886905 0.549953 0.886555 0.581933 0.883053 0.593137 0.880777 0.613912 0.873599 0.628618 0.866246 0.634220 0.862570 0.640990 0.856268 0.646125 0.849090 0.650327 0.835259 0.647526 0.832458 0.640523 0.831057 0.637021 0.829132 0.622782 0.825280 0.615079 0.821078 0.602474 0.815476 0.599206 0.814776 0.557656 0.816001 0.532913 0.814426 0.498599 0.809174 0.484827 0.805672 0.477358 0.805147 0.474790 0.803746 0.463119 0.801120 0.453782 0.799895 0.449346 0.799895 0.437442 0.805847 0.411531 0.813725 0.407796 0.817227 0.406162 0.823354 0.406162 0.831758 0.411298 0.846814
1 0.674370 0.845588 0.681373 0.854342 0.689542 0.859594 0.696545 0.862920 0.709851 0.867297 0.716620 0.868347 0.722456 0.868522 0.734360 0.867472 0.755836 0.862745 0.773343 0.856618 0.802054 0.842087 0.831933 0.823529 0.834734 0.820203 0.837302 0.819153 0.846639 0.808824 0.855976 0.796218 0.861578 0.782738 0.863912 0.770133 0.863445 0.754902 0.857610 0.737745 0.850607 0.727416 0.842670 0.720063 0.831466 0.713060 0.824230 0.709909 0.811858 0.707108 0.803221 0.704307 0.786648 0.701681 0.774977 0.701506 0.760971 0.709384 0.755369 0.713410 0.757236 0.716737 0.765173 0.721814 0.769608 0.725665 0.772409 0.729342 0.777311 0.733018 0.784080 0.740371 0.792250 0.752451 0.793184 0.755077 0.795051 0.756303 0.796685 0.758929 0.797386 0.765756 0.799253 0.772409 0.799720 0.780287 0.797619 0.789566 0.792717 0.799895 0.791317 0.805147 0.781279 0.813725 0.774276 0.821604 0.769141 0.825630 0.763539 0.827556 0.754902 0.832108 0.748833 0.834034 0.720588 0.837885 0.691643 0.838235 0.685341 0.837710 0.679038 0.838585 0.674837 0.838235 0.673203 0.840336 0.672736 0.841912 0.674370 0.845588
1 0.577264 0.498074 0.572362 0.503326 0.563725 0.508403 0.562325 0.510329 0.559290 0.512080 0.563725 0.513480 0.574697 0.514181 0.590103 0.517857 0.609711 0.525210 0.623716 0.532388 0.637255 0.540966 0.656396 0.556373 0.664799 0.567752 0.668301 0.567227 0.682306 0.558824 0.686275 0.557248 0.693044 0.551646 0.706583 0.535714 0.711251 0.526961 0.715920 0.513130 0.716620 0.505777 0.715920 0.491246 0.711485 0.481268 0.705649 0.473915 0.699346 0.469363 0.696078 0.468312 0.692577 0.465861 0.685808 0.463410 0.678338 0.458683 0.671102 0.456232 0.658030 0.453957 0.650794 0.454132 0.631653 0.456408 0.619748 0.456408 0.609010 0.457808 0.602241 0.459734 0.598273 0.469538 0.577264 0.498074
1 0.670168 0.577556 0.671802 0.585259 0.685574 0.586660 0.689076 0.588410 0.698880 0.590861 0.709384 0.594713 0.721055 0.594538 0.724090 0.595063 0.730159 0.593487 0.742297 0.592437 0.758637 0.588410 0.775677 0.579307 0.781046 0.573179 0.785481 0.571078 0.788049 0.568803 0.788515 0.567402 0.785014 0.563375 0.786881 0.560749 0.790850 0.543242 0.790383 0.536239 0.787815 0.529412 0.776377 0.515406 0.765640 0.508053 0.743231 0.498074 0.723856 0.491772 0.716853 0.491246 0.716387 0.512255 0.712418 0.525910 0.707983 0.534314 0.700747 0.543943 0.693044 0.552346 0.687675 0.556723 0.675537 0.563025 0.668301 0.568102 0.667600 0.569853 0.667367 0.571254 0.670168 0.577556
1 0.144024 0.462885 0.147526 0.467262 0.153361 0.471814 0.161298 0.476015 0.168768 0.478817 0.181606 0.481443 0.196078 0.483018 0.208450 0.462885 0.217320 0.452381 0.223623 0.447304 0.232026 0.441527 0.251401 0.430147 0.274276 0.419293 0.293651 0.412115 0.297152 0.408964 0.301120 0.407913 0.295985 0.407388 0.289216 0.408613 0.277077 0.407738 0.261905 0.405987 0.255135 0.405987 0.244631 0.403536 0.235528 0.400735 0.217320 0.391282 0.206583 0.384104 0.202848 0.383228 0.181606 0.396534 0.163866 0.410889 0.157796 0.418067 0.147059 0.434699 0.143091 0.445028 0.142157 0.451506 0.141923 0.456758 0.144024 0.462885
1 0.135621 0.317052 0.139589 0.324930 0.144258 0.331583 0.154295 0.341912 0.161765 0.347689 0.171569 0.353641 0.177871 0.356268 0.189076 0.358018 0.190943 0.355042 0.191410 0.348915 0.194211 0.338585 0.204015 0.322654 0.210084 0.316527 0.222222 0.306022 0.238095 0.294993 0.253268 0.285714 0.287115 0.268732 0.283847 0.265406 0.274510 0.261555 0.255135 0.251926 0.231092 0.252451 0.218021 0.254202 0.206816 0.256653 0.189542 0.261905 0.178338 0.266106 0.168534 0.270483 0.159897 0.275910 0.147292 0.285714 0.139823 0.293242 0.136088 0.299720 0.134454 0.306723 0.134220 0.310749 0.135621 0.317052
1 0.111811 0.237570 0.119514 0.249300 0.126751 0.255427 0.139122 0.262430 0.150560 0.266457 0.168301 0.268557 0.188609 0.261555 0.213585 0.254027 0.223389 0.251926 0.230626 0.251401 0.241130 0.249300 0.244865 0.249300 0.247899 0.248249 0.247199 0.244748 0.245098 0.243697 0.238796 0.233193 0.236461 0.231092 0.233894 0.223915 0.229925 0.218487 0.227591 0.210259 0.226891 0.199055 0.230392 0.175595 0.228992 0.157913 0.231092 0.150735 0.236695 0.143207 0.251634 0.133578 0.256069 0.131828 0.264706 0.130077 0.264006 0.126576 0.261905 0.125350 0.246265 0.123424 0.213119 0.123775 0.196779 0.126225 0.190243 0.127976 0.185574 0.131478 0.175303 0.134454 0.164332 0.139881 0.148693 0.153186 0.144024 0.158964 0.137955 0.168242 0.137255 0.171043 0.129318 0.182073 0.125584 0.188901 0.124650 0.192577 0.114379 0.209734 0.111111 0.227416 0.110878 0.234419 0.111811 0.237570
1 0.227824 0.192577 0.227591 0.205357 0.230626 0.219538 0.237628 0.232143 0.242764 0.237395 0.245565 0.241597 0.252568 0.248599 0.263072 0.255602 0.278711 0.262605 0.291083 0.266457 0.299486 0.265581 0.310691 0.262255 0.334734 0.258403 0.357843 0.259104 0.366947 0.258403 0.383987 0.262080 0.392390 0.258754 0.397526 0.255077 0.399102 0.254137 0.401027 0.251926 0.401953 0.248435 0.399863 0.247865 0.394160 0.247865 0.383520 0.245798 0.380252 0.244223 0.371615 0.242997 0.360411 0.239846 0.348273 0.235644 0.334500 0.229517 0.321662 0.226891 0.315826 0.224965 0.306956 0.224790 0.303922 0.223564 0.299486 0.223739 0.292484 0.222689 0.282913 0.217262 0.278245 0.215686 0.271475 0.210084 0.265640 0.195903 0.264006 0.187500 0.264239 0.179097 0.266807 0.165441 0.274043 0.148634 0.284781 0.133754 0.289449 0.130077 0.289916 0.126576 0.275910 0.127276 0.267040 0.128852 0.260504 0.131478 0.254902 0.132703 0.243697 0.138130 0.236695 0.143908 0.233193 0.147934 0.229925 0.154412 0.229225 0.160889 0.230392 0.176821 0.227824 0.192577
1 0.512372 0.230742 0.512372 0.233894 0.525910 0.235994 0.529412 0.237570 0.557656 0.244048 0.567460 0.247374 0.582166 0.254902 0.589169 0.260329 0.600373 0.272759 0.601774 0.276085 0.607610 0.283438 0.611578 0.292717 0.612745 0.298845 0.612745 0.318102 0.610644 0.323529 0.606209 0.328081 0.609244 0.331583 0.627451 0.331758 0.640523 0.334034 0.645658 0.333683 0.650093 0.332458 0.657796 0.328782 0.668301 0.320728 0.672736 0.318627 0.675070 0.314951 0.681373 0.310749 0.686275 0.305497 0.688842 0.299545 0.692810 0.293592 0.694678 0.283789 0.692110 0.258053 0.690710 0.252276 0.688842 0.249475 0.686975 0.241422 0.679505 0.230567 0.674370 0.226541 0.657796 0.218487 0.650794 0.216036 0.635621 0.212535 0.615546 0.209734 0.587302 0.208859 0.577264 0.210084 0.567694 0.210259 0.533147 0.216036 0.518674 0.227066 0.512372 0.230742
1 0.466620 0.083683 0.492997 0.094188 0.513539 0.106968 0.527778 0.119048 0.544818 0.138480 0.551354 0.150560 0.554622 0.164566 0.554622 0.172444 0.552521 0.179797 0.547619 0.189251 0.548553 0.192577 0.552288 0.193102 0.558824 0.192227 0.564659 0.192577 0.577731 0.190126 0.581466 0.190126 0.605976 0.183648 0.616013 0.179622 0.629318 0.172269 0.638655 0.165266 0.646125 0.157913 0.656863 0.140756 0.665500 0.121148 0.671802 0.099615 0.672502 0.083333 0.671802 0.077556 0.669701 0.070903 0.661998 0.058648 0.650794 0.049195 0.638189 0.041842 0.626517 0.038515 0.623483 0.036590 0.616246 0.034489 0.612512 0.034139 0.605976 0.032213 0.601074 0.032388 0.594538 0.031513 0.581232 0.031162 0.570962 0.031688 0.539449 0.035889 0.509804 0.043067 0.491130 0.050945 0.482260 0.056898 0.475023 0.063375 0.468954 0.070378 0.464052 0.077906 0.463819 0.081408 0.466620 0.083683
1 0.542017 0.205707 0.542017 0.210434 0.543417 0.212710 0.550420 0.213060 0.567460 0.210084 0.571662 0.210259 0.595005 0.208333 0.623716 0.210434 0.637021 0.212535 0.647993 0.215161 0.659664 0.219013 0.671802 0.224790 0.680205 0.231092 0.683240 0.234769 0.687208 0.242122 0.689076 0.250525 0.692577 0.259104 0.696078 0.260154 0.699113 0.258578 0.707283 0.251926 0.709150 0.249300 0.711018 0.244573 0.708917 0.241246 0.704482 0.237395 0.698413 0.228291 0.695845 0.221464 0.695145 0.216737 0.696312 0.210959 0.698179 0.206933 0.707750 0.195903 0.709384 0.192577 0.709150 0.189076 0.697946 0.177871 0.682306 0.167367 0.651027 0.154412 0.633754 0.170693 0.607376 0.184174 0.582633 0.190651 0.574463 0.191352 0.566993 0.193277 0.557190 0.194153 0.554155 0.195028 0.546685 0.193978 0.542951 0.196254 0.540616 0.200455 0.542017 0.205707
1 0.790149 0.275210 0.798553 0.286064 0.802521 0.303571 0.802988 0.311975 0.806022 0.317752 0.814192 0.324930 0.820728 0.328431 0.825864 0.329307 0.841503 0.335084 0.859477 0.339986 0.876284 0.341387 0.894258 0.341737 0.910598 0.338410 0.929505 0.331583 0.954715 0.324405 0.971055 0.315126 0.981326 0.307073 0.991830 0.294993 0.994865 0.286590 0.995098 0.275560 0.992764 0.265931 0.982493 0.250875 0.974790 0.244398 0.959384 0.235819 0.949346 0.232668 0.929038 0.228817 0.925070 0.229517 0.894491 0.240896 0.883287 0.244048 0.850140 0.250700 0.786415 0.260854 0.782680 0.262080 0.779645 0.264706 0.779412 0.265756 0.790149 0.275210
1 0.694444 0.287990 0.691877 0.296394 0.686275 0.306022 0.674370 0.317752 0.652894 0.331583 0.652894 0.334909 0.672269 0.340336 0.687442 0.346113 0.697712 0.351541 0.706349 0.356793 0.714986 0.363620 0.718721 0.367997 0.720355 0.371324 0.723856 0.374125 0.741130 0.374825 0.745565 0.371849 0.760037 0.366422 0.770075 0.360294 0.773109 0.356968 0.783147 0.349090 0.790850 0.338410 0.796919 0.327731 0.801120 0.312500 0.801120 0.303746 0.797386 0.286064 0.792484 0.279237 0.784547 0.271534 0.775677 0.264706 0.766573 0.262080 0.734827 0.258578 0.719421 0.258754 0.706349 0.259629 0.699580 0.261555 0.695612 0.263655 0.693978 0.265406 0.694911 0.276436 0.694444 0.287990
1 0.495098 0.380952 0.505135 0.381127 0.526144 0.386204 0.536181 0.389356 0.559757 0.400560 0.568627 0.406162 0.580999 0.415791 0.586134 0.420868 0.593838 0.431022 0.596639 0.435399 0.600373 0.445728 0.602241 0.456933 0.605742 0.457983 0.611345 0.456057 0.618581 0.455007 0.630019 0.454657 0.643791 0.452906 0.652428 0.450980 0.665733 0.445378 0.675303 0.439076 0.685341 0.436800 0.694678 0.431898 0.701681 0.425245 0.708217 0.420693 0.709617 0.418242 0.712418 0.416492 0.714753 0.413340 0.717554 0.404762 0.719888 0.401085 0.719421 0.391807 0.721522 0.383754 0.721755 0.376751 0.717787 0.368873 0.711018 0.361695 0.701914 0.355217 0.685574 0.346289 0.677171 0.344013 0.664799 0.339111 0.654762 0.336660 0.651027 0.334734 0.647292 0.335084 0.639122 0.334384 0.625584 0.332458 0.616013 0.332458 0.608310 0.333333 0.595938 0.345588 0.589869 0.350315 0.577498 0.356968 0.561391 0.363796 0.540149 0.369748 0.532913 0.372899 0.506069 0.375875 0.502684 0.377363 0.494631 0.378676 0.492297 0.379727 0.491597 0.380077 0.495098 0.380952
1 0.661298 0.453256 0.669701 0.454832 0.701447 0.469538 0.709617 0.478116 0.713352 0.480567 0.734360 0.474090 0.744865 0.468312 0.759570 0.456758 0.768908 0.446779 0.774276 0.438200 0.776844 0.428922 0.775910 0.411239 0.773576 0.404412 0.765406 0.393382 0.757003 0.386730 0.748366 0.381828 0.738095 0.378501 0.728291 0.376401 0.723856 0.376401 0.722222 0.380252 0.722222 0.384454 0.720822 0.386905 0.712185 0.416667 0.710784 0.418592 0.692810 0.432948 0.672035 0.441527 0.661531 0.447304 0.654528 0.450105 0.653828 0.453081 0.661298 0.453256
1 0.721055 0.610994 0.726424 0.623599 0.728058 0.629552 0.728058 0.642507 0.727124 0.647409 0.721755 0.657913 0.714286 0.668417 0.697712 0.684874 0.690243 0.689251 0.690943 0.692752 0.692577 0.694678 0.700280 0.695378 0.709384 0.697479 0.718721 0.698004 0.727824 0.701506 0.728992 0.702906 0.734827 0.704657 0.737628 0.706933 0.742297 0.708333 0.744398 0.709909 0.751401 0.711835 0.755135 0.711660 0.776144 0.698529 0.785014 0.685924 0.788282 0.679447 0.790850 0.670518 0.791550 0.660189 0.790149 0.653361 0.787115 0.646183 0.779879 0.635329 0.771709 0.626576 0.761905 0.618697 0.751867 0.612570 0.737862 0.605392 0.723856 0.600490 0.718487 0.599965 0.716853 0.601190 0.717087 0.607668 0.721055 0.610994
1 0.878852 0.932248 0.890056 0.946254 0.906318 0.960201 0.927404 0.974265 0.939309 0.980917 0.955882 0.988445 0.977358 0.994573 0.991130 0.997374 0.999767 0.997549 0.999767 0.911940 0.991830 0.912990 0.983427 0.912990 0.967087 0.914391 0.957283 0.915791 0.953081 0.915616 0.903828 0.921394 0.898459 0.922619 0.883520 0.923669 0.880252 0.924370 0.877918 0.925770 0.877684 0.929097 0.878852 0.932248
1 0.710084 0.977066 0.712652 0.985644 0.716620 0.994048 0.721055 0.998249 0.721055 0.999825 0.961018 0.999825 0.959617 0.994573 0.954015 0.989321 0.939776 0.982318 0.920868 0.971289 0.912465 0.965511 0.908497 0.963761 0.894024 0.951506 0.883754 0.946954 0.877684 0.946604 0.873950 0.944503 0.869748 0.943277 0.845705 0.939076 0.842204 0.939251 0.838469 0.938025 0.825864 0.937675 0.821195 0.936450 0.817460 0.936625 0.814426 0.935399 0.808123 0.934349 0.794818 0.934524 0.789683 0.933824 0.752101 0.937850 0.747899 0.938725 0.744398 0.940476 0.725957 0.940476 0.716853 0.942402 0.713119 0.945728 0.709150 0.954832 0.708217 0.960084 0.710084 0.977066
1 0.653128 0.000000 0.652661 0.001926 0.632820 0.011730 0.620215 0.019958 0.612278 0.026961 0.610878 0.029412 0.612745 0.031513 0.637488 0.040266 0.662232 0.055147 0.675537 0.055497 0.685341 0.053571 0.702148 0.055147 0.730859 0.054622 0.745565 0.053571 0.765406 0.054972 0.788749 0.054447 0.804155 0.052871 0.819094 0.040966 0.824697 0.032913 0.827031 0.027661 0.827498 0.019258 0.825397 0.007528 0.822596 0.002101 0.822362 0.000000 0.653128 0.000000
1 0.823996 0.000000 0.823996 0.001926 0.826097 0.005077 0.828198 0.019433 0.829365 0.022584 0.831232 0.024335 0.847572 0.029937 0.873483 0.041317 0.894024 0.047619 0.921802 0.048845 0.929505 0.046744 0.949813 0.045168 0.963585 0.042017 0.972689 0.038515 0.982493 0.033613 0.987862 0.029412 0.991597 0.027836 0.998133 0.022234 0.999767 0.022234 0.999767 0.000000 0.823996 0.000000
1 0.402661 0.000000 0.402661 0.001751 0.408030 0.018908 0.416667 0.037115 0.421802 0.044468 0.427871 0.051120 0.431606 0.051996 0.452381 0.052696 0.459851 0.053922 0.471989 0.053922 0.480859 0.054797 0.484594 0.053746 0.502101 0.044993 0.511204 0.042017 0.546452 0.033964 0.573296 0.030812 0.588702 0.030637 0.605742 0.032213 0.607376 0.029587 0.609244 0.015581 0.608077 0.000000 0.402661 0.000000
1 0.174603 0.000000 0.174603 0.001751 0.178338 0.012430 0.181839 0.018732 0.203081 0.044643 0.206583 0.046218 0.211018 0.050770 0.217787 0.054797 0.223389 0.056197 0.231559 0.056373 0.256769 0.054447 0.273109 0.054622 0.286648 0.053046 0.306489 0.053221 0.326331 0.050770 0.334500 0.051821 0.344071 0.051821 0.348506 0.052871 0.356209 0.052521 0.360644 0.051471 0.362512 0.050070 0.363912 0.046919 0.365313 0.031338 0.363212 0.014356 0.360177 0.006653 0.356676 0.001576 0.356676 0.000000 0.174603 0.000000
1 0.373483 0.532913 0.397059 0.537990 0.402428 0.539741 0.408030 0.543417 0.414099 0.543242 0.440009 0.537990 0.446545 0.537815 0.450047 0.536415 0.445378 0.532913 0.430906 0.527661 0.408030 0.522584 0.397993 0.521884 0.390523 0.519783 0.383520 0.519608 0.377451 0.521709 0.374650 0.523810 0.371382 0.528011 0.370915 0.529937 0.373483 0.532913
1 0.370915 0.510854 0.377218 0.511905 0.380486 0.514706 0.389589 0.519083 0.397526 0.520833 0.408497 0.522059 0.428571 0.527311 0.432073 0.527661 0.446078 0.533088 0.453548 0.533263 0.474090 0.528011 0.479692 0.526085 0.481326 0.522584 0.477358 0.521884 0.474090 0.522584 0.459851 0.522059 0.435808 0.519608 0.414799 0.514881 0.387021 0.507003 0.383520 0.505077 0.376984 0.503151 0.373016 0.502801 0.370682 0.505077 0.368581 0.508754 0.370915 0.510854