1 0.031279 0.065476 0.077264 0.130252 0.082400 0.135329 0.084734 0.138831 0.091503 0.145133 0.128151 0.158613 0.146825 0.164216 0.168768 0.173845 0.189076 0.186099 0.192577 0.186275 0.197946 0.183999 0.204248 0.182948 0.237862 0.180322 0.242764 0.175070 0.243697 0.167542 0.247199 0.156338 0.257470 0.130602 0.259570 0.119223 0.256536 0.112220 0.239963 0.091912 0.221289 0.073179 0.192344 0.054272 0.147759 0.021183 0.137255 0.014706 0.121615 0.010679 0.116246 0.008053 0.102708 0.005252 0.094304 0.004727 0.088469 0.003501 0.068161 0.003676 0.061625 0.004552 0.049486 0.007528 0.041083 0.011029 0.036881 0.014881 0.032680 0.015756 0.025444 0.022234 0.020308 0.033789 0.020542 0.044293 0.031279 0.065476
1 0.031513 0.065476 0.077498 0.130777 0.090803 0.144783 0.130486 0.159489 0.146825 0.164216 0.169001 0.174020 0.189309 0.186099 0.192577 0.186275 0.197712 0.184174 0.203548 0.183123 0.221755 0.181373 0.234827 0.181022 0.238095 0.179972 0.242530 0.175420 0.245331 0.161940 0.250233 0.147234 0.257470 0.130427 0.259570 0.119398 0.256769 0.112745 0.239963 0.092087 0.229225 0.081583 0.226891 0.078081 0.221755 0.073704 0.205649 0.063375 0.143091 0.018032 0.137021 0.014531 0.122316 0.011029 0.116013 0.007878 0.102941 0.005252 0.095238 0.004902 0.088469 0.003501 0.071662 0.003501 0.063725 0.004202 0.047852 0.008228 0.041550 0.011029 0.037115 0.015056 0.032913 0.015931 0.025210 0.022409 0.020308 0.034839 0.020308 0.043592 0.031513 0.065476
1 0.000000 0.232143 0.004902 0.234244 0.011905 0.239496 0.027311 0.237745 0.048086 0.237920 0.068394 0.240021 0.094538 0.244048 0.108777 0.247199 0.119514 0.250875 0.130719 0.253501 0.133520 0.255077 0.140990 0.256478 0.149627 0.260154 0.157796 0.262605 0.159197 0.262080 0.160131 0.258228 0.153128 0.244398 0.150327 0.242997 0.133754 0.242122 0.133053 0.241422 0.132586 0.232143 0.134687 0.229867 0.140056 0.229517 0.147759 0.225665 0.149393 0.223739 0.149627 0.216737 0.155929 0.205882 0.160131 0.201856 0.166667 0.197654 0.175070 0.193102 0.186275 0.189076 0.185341 0.185749 0.183940 0.184524 0.178805 0.180497 0.169468 0.175070 0.152428 0.167542 0.137021 0.162115 0.133754 0.161590 0.110878 0.152836 0.091737 0.147234 0.084267 0.143557 0.066760 0.138480 0.047386 0.131303 0.039683 0.129552 0.029412 0.128676 0.022876 0.127276 0.002101 0.125875 0.000000 0.126050 0.000000 0.232143
1 0.000000 0.334209 0.005369 0.336660 0.019141 0.347864 0.038982 0.358193 0.050187 0.365721 0.058123 0.368172 0.068861 0.374300 0.074463 0.376401 0.077965 0.375175 0.079832 0.365196 0.084267 0.355217 0.097806 0.341211 0.114846 0.330357 0.131186 0.323004 0.144258 0.318452 0.168768 0.313375 0.185341 0.311800 0.200047 0.309524 0.203548 0.308648 0.205415 0.307423 0.190943 0.294993 0.181839 0.284839 0.176471 0.278186 0.171802 0.269783 0.161298 0.263480 0.157330 0.263305 0.146125 0.259979 0.137255 0.256127 0.123249 0.251926 0.088469 0.243697 0.064659 0.240546 0.042717 0.239671 0.039683 0.238796 0.024977 0.238971 0.010738 0.240896 0.000000 0.244223 0.000000 0.334209
0 0.171102 0.251926 0.173903 0.268732 0.176937 0.275735 0.181373 0.281863 0.194678 0.296744 0.200202 0.300537 0.208217 0.307773 0.212885 0.309874 0.216387 0.312850 0.232026 0.322654 0.261204 0.335259 0.269141 0.337885 0.272409 0.339811 0.279178 0.341387 0.314192 0.352766 0.336835 0.357143 0.352007 0.360994 0.371615 0.363445 0.376517 0.365021 0.383909 0.364496 0.394258 0.364846 0.411765 0.363971 0.415500 0.362570 0.418768 0.363620 0.437208 0.361169 0.452848 0.353641 0.454715 0.351716 0.461018 0.349265 0.463352 0.349790 0.464286 0.344888 0.471055 0.342437 0.475957 0.335609 0.482960 0.318803 0.484360 0.308298 0.483894 0.300070 0.478058 0.286239 0.472923 0.280987 0.470822 0.276786 0.463585 0.269083 0.450747 0.257353 0.443044 0.251401 0.430205 0.243697 0.418534 0.238620 0.415033 0.236345 0.408497 0.234069 0.373716 0.223564 0.362979 0.220938 0.341503 0.216737 0.327264 0.215686 0.314426 0.213060 0.303455 0.209734 0.268908 0.206232 0.261905 0.206583 0.255369 0.205707 0.236461 0.205532 0.213819 0.207633 0.203315 0.210784 0.192577 0.215161 0.187442 0.218662 0.176471 0.228992 0.174603 0.231268 0.172269 0.237570 0.171102 0.244573 0.171102 0.251926
1 0.246499 0.180847 0.248133 0.182248 0.262605 0.182773 0.275677 0.184349 0.298319 0.190826 0.313725 0.198529 0.323063 0.201856 0.345938 0.214986 0.355509 0.217962 0.360177 0.218312 0.362745 0.217787 0.375817 0.208508 0.377451 0.206408 0.407796 0.181022 0.419701 0.166667 0.429972 0.151786 0.442810 0.126576 0.444444 0.117647 0.444211 0.105567 0.442810 0.099440 0.436741 0.088235 0.428571 0.081408 0.425070 0.079657 0.422736 0.079307 0.419001 0.076856 0.416900 0.072829 0.406162 0.064076 0.386555 0.056723 0.376984 0.054447 0.362278 0.053396 0.347806 0.054972 0.335201 0.058473 0.308123 0.069153 0.292484 0.077381 0.284547 0.083683 0.276144 0.091912 0.268674 0.105917 0.268207 0.108543 0.264939 0.113095 0.249066 0.154587 0.246032 0.164741 0.244865 0.175420 0.246499 0.180847
1 0.434874 0.000000 0.434874 0.001576 0.431606 0.003852 0.426004 0.012430 0.421335 0.022759 0.419468 0.030637 0.419234 0.044468 0.424136 0.069853 0.424136 0.074580 0.430672 0.079132 0.443511 0.096289 0.445845 0.105217 0.445612 0.123775 0.453081 0.136905 0.456816 0.141282 0.465920 0.155987 0.473156 0.165616 0.490896 0.182948 0.500934 0.189951 0.514706 0.197479 0.522642 0.197479 0.541317 0.194503 0.545051 0.193277 0.546452 0.192402 0.546919 0.190476 0.544818 0.175945 0.545985 0.163165 0.550887 0.154587 0.556956 0.149160 0.566527 0.143207 0.578898 0.137605 0.590103 0.134629 0.591270 0.133578 0.591970 0.130602 0.587302 0.112395 0.582400 0.099615 0.578665 0.094363 0.575630 0.086310 0.567460 0.073529 0.561625 0.068102 0.546685 0.049895 0.527077 0.029412 0.512605 0.016807 0.499767 0.007353 0.490196 0.001576 0.490196 0.000000 0.434874 0.000000
1 0.128852 0.000000 0.128852 0.001926 0.134687 0.009804 0.138189 0.011730 0.139122 0.013305 0.155462 0.026436 0.197712 0.056548 0.203081 0.061099 0.223856 0.074055 0.244398 0.083333 0.263305 0.089111 0.275910 0.090686 0.280812 0.085784 0.293417 0.075805 0.310224 0.067402 0.319094 0.064426 0.335668 0.057423 0.345238 0.054797 0.355976 0.052871 0.369981 0.052171 0.373716 0.051120 0.375117 0.048494 0.376050 0.043417 0.376050 0.036239 0.373716 0.022584 0.369748 0.014706 0.359010 0.002276 0.358077 0.000000 0.128852 0.000000
1 0.563259 0.000000 0.562092 0.002451 0.553688 0.009804 0.550420 0.015581 0.549486 0.020133 0.550187 0.026261 0.557423 0.042542 0.566060 0.051471 0.577498 0.057773 0.585201 0.060049 0.588002 0.061800 0.605976 0.068978 0.615546 0.070553 0.619514 0.072129 0.627451 0.073354 0.633520 0.075280 0.658263 0.079482 0.678338 0.080882 0.689309 0.080882 0.696545 0.080357 0.703782 0.078606 0.720355 0.077031 0.736695 0.072304 0.741130 0.071779 0.749767 0.068452 0.754902 0.065126 0.763772 0.061450 0.771242 0.056197 0.778011 0.050070 0.782213 0.031162 0.788282 0.015406 0.785714 0.007878 0.781279 0.000000 0.563259 0.000000
0 0.549486 0.192752 0.559290 0.206583 0.564893 0.213060 0.580999 0.226366 0.603175 0.241597 0.623483 0.252976 0.675303 0.276961 0.678571 0.276786 0.681373 0.278186 0.698646 0.283263 0.712185 0.285189 0.718021 0.285364 0.723389 0.286765 0.754902 0.289216 0.779645 0.286940 0.796685 0.284489 0.800187 0.282913 0.817694 0.278186 0.823996 0.274685 0.833333 0.270833 0.844071 0.263305 0.849440 0.257703 0.853175 0.251926 0.855976 0.242297 0.859944 0.235644 0.860177 0.222864 0.858310 0.212535 0.852708 0.201155 0.842904 0.189776 0.831466 0.180847 0.826797 0.178746 0.824697 0.175245 0.820962 0.174545 0.817227 0.171744 0.799953 0.164566 0.796452 0.161940 0.775910 0.154762 0.744164 0.146709 0.719655 0.142332 0.707049 0.139356 0.692810 0.137430 0.662465 0.135504 0.652194 0.133929 0.631419 0.132878 0.609244 0.133053 0.602007 0.133578 0.595705 0.135329 0.591970 0.135329 0.577965 0.138831 0.564426 0.145133 0.552054 0.154587 0.547852 0.161415 0.545285 0.169468 0.545285 0.178571 0.549486 0.192752
1 0.401027 0.376926 0.408730 0.382178 0.416900 0.384804 0.423436 0.385854 0.453315 0.386380 0.455649 0.384454 0.457516 0.376401 0.461718 0.368697 0.470355 0.359944 0.475023 0.357493 0.478058 0.354517 0.482960 0.351366 0.500700 0.343137 0.508870 0.340686 0.533380 0.335084 0.543651 0.331758 0.560691 0.329132 0.581466 0.327381 0.605275 0.325980 0.620215 0.325980 0.647526 0.327906 0.665733 0.330707 0.667600 0.329482 0.672269 0.319678 0.674136 0.310924 0.673669 0.292542 0.671802 0.289216 0.671569 0.286239 0.667834 0.281688 0.666200 0.278011 0.661531 0.275210 0.658030 0.271884 0.649160 0.266632 0.639589 0.262080 0.623016 0.255602 0.609711 0.252801 0.600373 0.253501 0.589636 0.253151 0.580999 0.254202 0.549486 0.255602 0.529412 0.258754 0.522176 0.259279 0.491130 0.267157 0.480859 0.270483 0.471289 0.275735 0.473156 0.279762 0.478058 0.285014 0.481326 0.291317 0.485294 0.303046 0.485528 0.307248 0.484360 0.318627 0.482960 0.323179 0.473623 0.341912 0.470822 0.345063 0.459384 0.348915 0.456583 0.352591 0.451914 0.356618 0.442344 0.360644 0.432306 0.363796 0.422269 0.365721 0.415966 0.366246 0.404062 0.365896 0.397993 0.366947 0.396359 0.368697 0.396825 0.371324 0.401027 0.376926
1 0.476190 0.248424 0.480859 0.258578 0.484360 0.261730 0.487628 0.266457 0.497666 0.265756 0.521942 0.258929 0.531979 0.258228 0.548553 0.255777 0.586835 0.253151 0.616013 0.252801 0.619048 0.251751 0.598973 0.239496 0.578782 0.225053 0.562092 0.210784 0.555789 0.203606 0.550420 0.195553 0.546919 0.194678 0.543651 0.195553 0.532680 0.196429 0.518908 0.199930 0.509570 0.201506 0.495798 0.206583 0.491130 0.209384 0.483193 0.216036 0.479925 0.220413 0.474323 0.233018 0.473856 0.239146 0.476190 0.248424
1 0.383987 0.227416 0.392624 0.228466 0.410364 0.233543 0.423203 0.239496 0.447012 0.253326 0.470355 0.273985 0.473623 0.273634 0.483427 0.269083 0.485761 0.266282 0.486228 0.265581 0.483660 0.264006 0.480626 0.259629 0.476190 0.250525 0.473623 0.237920 0.473856 0.234244 0.475724 0.228817 0.482026 0.216912 0.480626 0.214461 0.473389 0.212185 0.456349 0.209559 0.441176 0.209384 0.420635 0.212710 0.401027 0.216737 0.394024 0.219013 0.386088 0.220063 0.376984 0.223739 0.380719 0.224965 0.383987 0.227416
1 0.426704 0.158263 0.418768 0.169118 0.406863 0.182948 0.382353 0.203081 0.382586 0.206583 0.387255 0.209734 0.394024 0.212535 0.397526 0.215511 0.401027 0.215861 0.414799 0.213761 0.428105 0.210784 0.444911 0.209209 0.468254 0.210959 0.478525 0.213410 0.480859 0.215861 0.489262 0.209209 0.496032 0.205357 0.506303 0.200805 0.510738 0.199580 0.509804 0.196078 0.490896 0.184174 0.486695 0.179097 0.475957 0.169643 0.465453 0.156338 0.460084 0.147234 0.450980 0.135154 0.446078 0.127101 0.442577 0.128151 0.435107 0.144083 0.426704 0.158263
1 0.309991 0.446078 0.313725 0.451681 0.323763 0.464111 0.333333 0.471814 0.338235 0.474440 0.341737 0.477766 0.352474 0.482318 0.370215 0.492647 0.393791 0.498074 0.397759 0.500000 0.404528 0.500875 0.413632 0.503326 0.449580 0.504902 0.473156 0.508228 0.491363 0.509104 0.503735 0.507003 0.522642 0.505427 0.529412 0.502801 0.539916 0.502626 0.544351 0.500525 0.546685 0.500525 0.551587 0.495098 0.564893 0.484769 0.579832 0.477766 0.584034 0.474615 0.586601 0.470413 0.587302 0.459384 0.585434 0.457108 0.581232 0.456758 0.574930 0.454132 0.571195 0.454132 0.550420 0.448354 0.543884 0.447304 0.539216 0.445378 0.529412 0.443102 0.525910 0.443102 0.502801 0.435399 0.494865 0.431373 0.484827 0.424020 0.478525 0.421043 0.471289 0.414916 0.460551 0.400560 0.456349 0.388831 0.452381 0.387430 0.411998 0.387955 0.376984 0.393557 0.350840 0.400735 0.341970 0.404062 0.328198 0.411239 0.321195 0.416141 0.314192 0.422794 0.307423 0.432248 0.307190 0.439076 0.309991 0.446078
1 0.077965 0.376401 0.078898 0.387080 0.081466 0.390756 0.079832 0.394083 0.081466 0.396008 0.082400 0.400910 0.083800 0.403186 0.091970 0.410364 0.098739 0.413690 0.118581 0.419643 0.122549 0.421744 0.140523 0.427346 0.199346 0.438725 0.219888 0.443978 0.231326 0.447829 0.239029 0.448880 0.247666 0.451155 0.260971 0.452556 0.272642 0.452206 0.276144 0.453081 0.290149 0.452381 0.296919 0.449755 0.304622 0.449230 0.307890 0.446254 0.305789 0.438901 0.306256 0.431723 0.308824 0.426996 0.314893 0.419818 0.321662 0.414216 0.333100 0.407913 0.335668 0.405637 0.349206 0.399685 0.362045 0.396008 0.371615 0.394083 0.376517 0.391807 0.382353 0.390581 0.384220 0.387080 0.383754 0.379727 0.380486 0.369398 0.376517 0.366597 0.369981 0.364671 0.364379 0.364146 0.359944 0.362745 0.351307 0.361695 0.327731 0.357143 0.317460 0.353992 0.310458 0.352766 0.278011 0.342437 0.264472 0.337710 0.239029 0.326506 0.217554 0.314951 0.209851 0.310049 0.198413 0.310399 0.164799 0.314601 0.143791 0.319328 0.120682 0.328081 0.096172 0.343487 0.084734 0.355742 0.082166 0.362570 0.079599 0.374125 0.077965 0.376401
1 0.149860 0.224265 0.153595 0.230392 0.153595 0.244748 0.154762 0.248074 0.166667 0.264006 0.171802 0.266982 0.173436 0.265406 0.171802 0.263130 0.170635 0.259104 0.170635 0.255077 0.169468 0.251401 0.169935 0.243697 0.174136 0.231443 0.176937 0.227416 0.181139 0.223564 0.191643 0.215686 0.197946 0.212535 0.212652 0.207808 0.226891 0.205707 0.237628 0.205357 0.252101 0.205357 0.280112 0.206933 0.303688 0.209384 0.327965 0.215161 0.335201 0.215511 0.338469 0.216562 0.342204 0.216387 0.345005 0.217262 0.346405 0.216912 0.343604 0.215686 0.342670 0.213060 0.327264 0.205882 0.317460 0.199930 0.304855 0.194328 0.293651 0.191001 0.289449 0.188901 0.270075 0.184174 0.262138 0.183123 0.248133 0.182948 0.242297 0.181723 0.220822 0.182423 0.213585 0.183298 0.200980 0.185399 0.187908 0.188901 0.175303 0.193978 0.161298 0.202031 0.153595 0.209909 0.151261 0.216211 0.151261 0.221639 0.149860 0.224265
1 0.000000 0.125350 0.011671 0.125700 0.043184 0.129727 0.084967 0.143732 0.085434 0.140581 0.046919 0.090861 0.043184 0.088060 0.033147 0.085434 0.001634 0.073179 0.000000 0.073179 0.000000 0.125350
1 0.000000 0.411415 0.052754 0.399160 0.073763 0.395308 0.077031 0.394083 0.077031 0.381653 0.075630 0.377976 0.063492 0.371849 0.060458 0.369398 0.048086 0.364496 0.044351 0.361169 0.036415 0.357668 0.033147 0.355217 0.021709 0.349265 0.001634 0.335784 0.000000 0.335784 0.000000 0.411415
1 0.000000 0.535889 0.018207 0.538690 0.022642 0.541141 0.026144 0.541317 0.028945 0.542367 0.047152 0.542367 0.049253 0.540791 0.052521 0.534489 0.057890 0.528887 0.070028 0.520658 0.087068 0.511730 0.102241 0.506478 0.105742 0.504377 0.124183 0.496849 0.137021 0.492997 0.140523 0.491071 0.150794 0.487745 0.154528 0.485644 0.178571 0.477766 0.194911 0.471289 0.217554 0.464986 0.223856 0.464461 0.225490 0.462710 0.226190 0.460434 0.225490 0.453957 0.220588 0.445903 0.199346 0.439951 0.140990 0.428571 0.109010 0.417717 0.105742 0.417192 0.092904 0.412115 0.087302 0.408263 0.083333 0.404762 0.077965 0.395833 0.067227 0.396884 0.060224 0.398985 0.050187 0.400210 0.005135 0.411064 0.001867 0.412815 0.000000 0.412990 0.000000 0.535889
1 0.048786 0.557773 0.054855 0.570903 0.070261 0.586310 0.093371 0.599440 0.113445 0.605917 0.140756 0.611520 0.160598 0.612570 0.188375 0.611870 0.223623 0.606268 0.227358 0.606793 0.232960 0.604692 0.241130 0.603466 0.260037 0.598564 0.269374 0.597164 0.276611 0.594888 0.284547 0.591211 0.294351 0.588761 0.307423 0.584034 0.321195 0.577906 0.324463 0.577206 0.331933 0.573179 0.333800 0.571254 0.335201 0.567927 0.334267 0.553571 0.336601 0.540266 0.337535 0.537290 0.343371 0.528186 0.348506 0.522409 0.355742 0.516982 0.370682 0.511555 0.373483 0.509979 0.374183 0.508403 0.373016 0.504727 0.368347 0.498599 0.366480 0.494573 0.359477 0.488095 0.348739 0.482843 0.345472 0.480392 0.342437 0.479517 0.332166 0.472339 0.324463 0.469013 0.321429 0.469538 0.316293 0.467437 0.307423 0.465161 0.288282 0.463235 0.281513 0.461835 0.247666 0.461835 0.244865 0.462710 0.234827 0.463761 0.230159 0.465686 0.227824 0.464811 0.220355 0.465686 0.206116 0.469713 0.199580 0.470763 0.157796 0.485644 0.133987 0.494923 0.119748 0.499475 0.109477 0.504202 0.096405 0.508929 0.081933 0.515231 0.064192 0.525385 0.053688 0.535014 0.048553 0.543242 0.048086 0.554097 0.048786 0.557773
1 0.000000 0.730392 0.005135 0.731443 0.026377 0.731968 0.053922 0.730742 0.067227 0.728116 0.071195 0.728116 0.074463 0.727066 0.081466 0.727416 0.137021 0.716562 0.165033 0.708859 0.166900 0.707633 0.167600 0.702906 0.160598 0.692927 0.158263 0.685924 0.157563 0.678922 0.158964 0.671744 0.163399 0.662290 0.174603 0.649160 0.178571 0.647234 0.196078 0.635154 0.200980 0.633578 0.204248 0.630427 0.200747 0.624475 0.192810 0.617472 0.185341 0.614321 0.178571 0.613095 0.167834 0.613971 0.164799 0.615196 0.119514 0.609069 0.106209 0.605217 0.092204 0.599965 0.078198 0.592962 0.070962 0.588410 0.065126 0.589286 0.056723 0.588761 0.046218 0.591036 0.039449 0.591387 0.029412 0.593137 0.004902 0.598039 0.000000 0.599615 0.000000 0.730392
1 0.000000 0.598214 0.031513 0.592262 0.057190 0.588410 0.065126 0.585959 0.065593 0.584909 0.063725 0.582283 0.054388 0.572479 0.047386 0.563025 0.026144 0.556197 0.005135 0.551120 0.000000 0.551120 0.000000 0.598214
0 0.161298 0.690826 0.164332 0.696604 0.168301 0.700980 0.186041 0.713936 0.200202 0.720530 0.205415 0.723915 0.217320 0.728466 0.223156 0.732143 0.240663 0.738971 0.254902 0.743697 0.269374 0.747374 0.272409 0.749475 0.280812 0.752276 0.286181 0.755077 0.295518 0.757528 0.300187 0.760679 0.304155 0.760329 0.308824 0.761555 0.313725 0.765406 0.317460 0.767157 0.321429 0.767157 0.338469 0.771008 0.355742 0.772934 0.366013 0.775035 0.380019 0.775910 0.400560 0.775210 0.435574 0.771359 0.448413 0.766632 0.454715 0.766457 0.454715 0.769083 0.456583 0.769783 0.464286 0.765581 0.463819 0.762605 0.467554 0.758754 0.473623 0.757528 0.475957 0.755777 0.482493 0.748249 0.496499 0.736169 0.506069 0.724090 0.507703 0.720413 0.507470 0.692752 0.501867 0.680847 0.487862 0.667717 0.480859 0.665091 0.477358 0.660889 0.473856 0.660189 0.468721 0.657738 0.440243 0.650035 0.417600 0.642332 0.401727 0.635679 0.379552 0.623249 0.368114 0.621849 0.352007 0.617297 0.320261 0.614146 0.309524 0.614146 0.296218 0.615371 0.291083 0.614671 0.261905 0.616772 0.233427 0.621849 0.221522 0.626225 0.216853 0.628676 0.205649 0.632178 0.190943 0.639531 0.179972 0.647059 0.172035 0.653711 0.165266 0.661239 0.161298 0.668943 0.159430 0.674895 0.159197 0.683123 0.161298 0.690826
0 0.340570 0.581057 0.345005 0.584734 0.345938 0.588410 0.356909 0.602766 0.368814 0.613445 0.383754 0.624125 0.393091 0.628501 0.404062 0.635504 0.430439 0.645658 0.459384 0.653711 0.484594 0.659314 0.507470 0.661590 0.523343 0.664391 0.535714 0.665091 0.540616 0.666842 0.550187 0.667892 0.553688 0.669118 0.574697 0.668242 0.584734 0.666317 0.591970 0.663690 0.599206 0.660364 0.605275 0.656338 0.610177 0.652661 0.618347 0.640931 0.631419 0.626926 0.633520 0.619923 0.633053 0.611520 0.630019 0.598915 0.627451 0.592262 0.623249 0.584734 0.616480 0.576155 0.605976 0.567577 0.595705 0.556723 0.567460 0.537815 0.553688 0.530112 0.547852 0.529412 0.541083 0.526436 0.528245 0.523459 0.500700 0.514356 0.476657 0.509804 0.457049 0.507003 0.418534 0.504727 0.401027 0.506478 0.378151 0.510854 0.361345 0.515581 0.350607 0.522409 0.341737 0.532738 0.336835 0.543417 0.335668 0.549720 0.336601 0.570553 0.340570 0.581057
1 0.556022 0.527661 0.563725 0.534139 0.598273 0.555672 0.605509 0.558824 0.609944 0.558824 0.618581 0.562675 0.639122 0.567402 0.647526 0.570553 0.658730 0.571254 0.675770 0.574580 0.682773 0.574405 0.696545 0.575805 0.701914 0.574405 0.710551 0.575105 0.713819 0.574230 0.717087 0.574755 0.734594 0.573354 0.744865 0.572129 0.777311 0.564426 0.779645 0.563375 0.803221 0.560574 0.811158 0.558123 0.817927 0.553571 0.839169 0.544118 0.843137 0.541141 0.849673 0.534314 0.852941 0.529587 0.853641 0.526085 0.851541 0.522759 0.839402 0.514531 0.827731 0.505252 0.814426 0.488095 0.811391 0.480742 0.809524 0.470938 0.811391 0.456583 0.803688 0.452731 0.790616 0.449405 0.755836 0.444678 0.745098 0.445203 0.741130 0.444503 0.737395 0.445553 0.734594 0.444853 0.731559 0.445028 0.726891 0.446078 0.707283 0.453081 0.692577 0.456232 0.676004 0.457983 0.665500 0.459909 0.626517 0.462710 0.586835 0.476190 0.570495 0.484419 0.564659 0.486520 0.554155 0.494748 0.549486 0.503151 0.549253 0.515581 0.556022 0.527661
0 0.460084 0.397584 0.462418 0.403186 0.466620 0.409314 0.469655 0.411765 0.471755 0.415441 0.480392 0.422444 0.484827 0.424370 0.497666 0.432423 0.509337 0.437500 0.538515 0.444503 0.560458 0.451331 0.571195 0.453256 0.574697 0.453256 0.587535 0.456933 0.594771 0.457108 0.598739 0.458333 0.602474 0.457458 0.605509 0.459209 0.626517 0.459909 0.630952 0.460609 0.658030 0.459909 0.672035 0.458683 0.684407 0.456057 0.692810 0.455182 0.711251 0.450805 0.727824 0.445028 0.738095 0.439076 0.741130 0.438375 0.746032 0.433999 0.751401 0.431373 0.764006 0.416141 0.768674 0.404762 0.768207 0.390056 0.762605 0.375525 0.749066 0.362745 0.744164 0.360644 0.734127 0.353641 0.710084 0.344013 0.685808 0.336134 0.664099 0.331057 0.633987 0.327206 0.605275 0.326331 0.570962 0.328256 0.543184 0.332458 0.526611 0.337535 0.500934 0.343838 0.490663 0.348039 0.484127 0.352416 0.477358 0.355567 0.474790 0.358193 0.469188 0.361520 0.462418 0.369573 0.459150 0.375700 0.457283 0.382003 0.457750 0.390056 0.460084 0.397584
1 0.813959 0.485119 0.821195 0.496148 0.828898 0.505077 0.835434 0.510504 0.848739 0.519608 0.866013 0.528186 0.872082 0.532038 0.897292 0.540266 0.915033 0.543768 0.925070 0.546569 0.929038 0.546919 0.936041 0.549020 0.966153 0.554097 0.980626 0.555847 0.994631 0.556197 0.998133 0.554272 0.999767 0.554272 0.999767 0.415266 0.998133 0.415266 0.994631 0.413690 0.978058 0.411239 0.933007 0.407738 0.917834 0.407563 0.897526 0.409314 0.876284 0.412990 0.870682 0.415091 0.866013 0.415966 0.845005 0.425070 0.834967 0.431373 0.832633 0.433999 0.827731 0.437150 0.820028 0.444503 0.817227 0.450455 0.812792 0.456583 0.810924 0.465686 0.811158 0.474265 0.813959 0.485119
1 0.853641 0.397584 0.855742 0.401611 0.866246 0.413340 0.869981 0.413515 0.883287 0.410539 0.913399 0.407388 0.942577 0.407563 0.979925 0.410714 0.987395 0.412115 0.999767 0.413165 0.999767 0.316001 0.993464 0.315651 0.984827 0.316527 0.939076 0.324405 0.911298 0.331758 0.882820 0.341912 0.871148 0.348389 0.862045 0.355567 0.855509 0.364496 0.850840 0.380252 0.850607 0.387430 0.853641 0.397584
1 0.734594 0.352416 0.743231 0.356443 0.754435 0.364146 0.761671 0.370973 0.766573 0.380252 0.769608 0.383403 0.779178 0.387780 0.782680 0.386555 0.807890 0.385854 0.825864 0.382703 0.838469 0.381653 0.848506 0.379377 0.850140 0.376576 0.853175 0.366246 0.860644 0.355742 0.871849 0.346989 0.882586 0.341036 0.907563 0.332108 0.939542 0.323179 0.990663 0.314601 0.996732 0.311625 0.996965 0.307248 0.990430 0.303922 0.985061 0.302171 0.977124 0.297444 0.970822 0.292192 0.966853 0.290616 0.956816 0.282913 0.939542 0.261380 0.935808 0.250350 0.932306 0.246499 0.919468 0.247724 0.907796 0.247549 0.901494 0.248424 0.897526 0.247724 0.873016 0.249825 0.855042 0.253151 0.852474 0.255077 0.846872 0.262255 0.838002 0.269608 0.831232 0.272234 0.822362 0.276961 0.793417 0.285889 0.769374 0.289566 0.765173 0.289566 0.757703 0.291141 0.749066 0.300245 0.740430 0.313725 0.739029 0.317577 0.732960 0.327556 0.728992 0.341387 0.729458 0.348915 0.734594 0.352416
1 0.937208 0.251576 0.945845 0.268732 0.951914 0.275910 0.959617 0.284314 0.967787 0.290091 0.973389 0.292892 0.978758 0.297094 0.987162 0.302171 0.991597 0.303221 0.998133 0.306022 0.999767 0.306022 0.999767 0.190826 0.985994 0.191527 0.973856 0.194328 0.953081 0.201856 0.947712 0.204832 0.942810 0.209384 0.938609 0.217087 0.936041 0.223915 0.934874 0.230392 0.934874 0.242647 0.937208 0.251576
1 0.886788 0.168417 0.888422 0.171919 0.890523 0.185749 0.892624 0.191877 0.893324 0.206408 0.895191 0.210084 0.895191 0.217087 0.896359 0.220588 0.907796 0.237395 0.915033 0.244573 0.918067 0.245273 0.931373 0.244748 0.932540 0.244223 0.933940 0.241246 0.934174 0.227066 0.935808 0.220938 0.940943 0.210784 0.945845 0.205357 0.964052 0.197129 0.973856 0.193803 0.989262 0.189951 0.999767 0.189076 0.999767 0.124125 0.983193 0.118172 0.966853 0.114671 0.950514 0.112395 0.937442 0.112045 0.928338 0.112570 0.910831 0.115546 0.897526 0.119573 0.890990 0.123074 0.886321 0.126576 0.883287 0.134804 0.883987 0.156513 0.886788 0.168417
1 0.688842 0.136905 0.720121 0.141632 0.723856 0.143032 0.741130 0.145483 0.751634 0.148284 0.756069 0.148810 0.793651 0.160714 0.821429 0.174195 0.840103 0.187150 0.853408 0.201681 0.858077 0.210084 0.861578 0.220763 0.860411 0.233718 0.860878 0.237395 0.866246 0.236695 0.873016 0.231968 0.878618 0.227416 0.887021 0.218312 0.890990 0.210084 0.890990 0.205882 0.890056 0.189076 0.886088 0.178221 0.881653 0.172269 0.870448 0.161415 0.852241 0.148985 0.838936 0.142857 0.824230 0.137430 0.803455 0.132353 0.795752 0.130777 0.782913 0.129552 0.713352 0.129377 0.676004 0.133403 0.675070 0.133578 0.688842 0.136905
1 0.771242 0.129377 0.784080 0.130602 0.790149 0.130252 0.804388 0.132703 0.827031 0.138480 0.845705 0.145658 0.848506 0.147584 0.853641 0.149510 0.860177 0.154412 0.868581 0.159314 0.881653 0.171569 0.887021 0.178221 0.887722 0.174720 0.884454 0.163340 0.882353 0.137080 0.880719 0.133228 0.876751 0.133053 0.866013 0.130777 0.833333 0.120623 0.824463 0.117122 0.810691 0.107668 0.803688 0.105392 0.791550 0.107843 0.780579 0.112220 0.773343 0.118697 0.770308 0.123074 0.769141 0.126926 0.771242 0.129377
1 0.784314 0.071078 0.791550 0.084909 0.799020 0.094538 0.800887 0.098389 0.804388 0.100665 0.806256 0.103466 0.820962 0.114321 0.847572 0.125175 0.866480 0.130427 0.880486 0.132353 0.882586 0.131303 0.884921 0.127101 0.889356 0.123249 0.898693 0.118347 0.918534 0.113445 0.935341 0.111695 0.960084 0.112570 0.976190 0.115896 0.994631 0.121148 0.999767 0.120798 0.999767 0.021008 0.993931 0.019433 0.985061 0.014531 0.961485 0.007003 0.949113 0.004727 0.933940 0.003151 0.914799 0.002976 0.901261 0.004202 0.885621 0.004377 0.845005 0.004027 0.831699 0.005077 0.803455 0.009979 0.796685 0.012605 0.786881 0.022584 0.782213 0.037115 0.780579 0.051471 0.784314 0.071078
1 0.579832 0.092962 0.586134 0.106268 0.593838 0.132003 0.595472 0.133754 0.603641 0.132528 0.623716 0.131828 0.648693 0.133053 0.665966 0.134979 0.682306 0.131653 0.692577 0.130952 0.699346 0.129552 0.703081 0.129902 0.710551 0.129027 0.765640 0.129202 0.768674 0.126576 0.769374 0.123249 0.771709 0.119748 0.778011 0.112920 0.768441 0.103291 0.763305 0.096464 0.756069 0.089811 0.748599 0.084384 0.734360 0.077206 0.727124 0.076856 0.708683 0.079132 0.699813 0.081057 0.681139 0.081758 0.660131 0.080532 0.631419 0.075805 0.621148 0.075280 0.609477 0.076856 0.602241 0.079307 0.596172 0.080357 0.586368 0.083508 0.578665 0.087885 0.578198 0.088585 0.579832 0.092962
1 0.757470 0.088936 0.768908 0.102416 0.779412 0.111345 0.782913 0.111520 0.796919 0.106618 0.803688 0.105742 0.804388 0.102241 0.787815 0.078957 0.784314 0.072654 0.779412 0.060224 0.778711 0.061625 0.762838 0.073529 0.757937 0.080007 0.756069 0.084909 0.757470 0.088936
1 0.563259 0.000000 0.561858 0.002626 0.554388 0.008754 0.552288 0.012080 0.549720 0.020308 0.550187 0.026085 0.552521 0.029762 0.553922 0.035364 0.556723 0.041492 0.565593 0.050945 0.571429 0.054972 0.577498 0.057773 0.585201 0.060049 0.588469 0.061975 0.606209 0.069153 0.616013 0.070728 0.619514 0.072129 0.626517 0.073179 0.633520 0.075280 0.655229 0.079132 0.685574 0.081057 0.695145 0.080532 0.702614 0.078782 0.720355 0.077031 0.733193 0.073354 0.740896 0.072129 0.749533 0.068803 0.756536 0.064251 0.761671 0.062675 0.764706 0.060924 0.772642 0.055147 0.778011 0.050070 0.782213 0.030812 0.784781 0.023284 0.787348 0.019083 0.788049 0.015231 0.786181 0.008754 0.781279 0.000000 0.563259 0.000000
1 0.382353 0.054972 0.396125 0.059349 0.403128 0.062325 0.419701 0.074580 0.425770 0.075280 0.426471 0.074405 0.425303 0.072304 0.422502 0.070728 0.422035 0.069678 0.421802 0.063901 0.419468 0.052521 0.418768 0.032563 0.420168 0.023810 0.426704 0.010154 0.428805 0.008578 0.430672 0.005252 0.429972 0.003676 0.428338 0.003151 0.423903 0.004202 0.412232 0.008403 0.409664 0.010154 0.399393 0.013480 0.380952 0.022234 0.376050 0.025910 0.376284 0.053746 0.382353 0.054972
1 0.489496 0.000000 0.489496 0.001576 0.492764 0.002801 0.494631 0.005427 0.497899 0.006303 0.503035 0.009454 0.505602 0.012080 0.514006 0.017507 0.531746 0.033789 0.539916 0.043067 0.542717 0.044643 0.550187 0.053396 0.553221 0.043417 0.552521 0.036239 0.546919 0.021534 0.541550 0.014706 0.532680 0.008053 0.519841 0.000000 0.489496 0.000000
0 0.601774 0.706933 0.603875 0.715336 0.607376 0.723214 0.619748 0.738445 0.629552 0.744398 0.635621 0.745798 0.642857 0.745273 0.658263 0.745798 0.661765 0.744748 0.668534 0.744748 0.696312 0.741597 0.709617 0.738095 0.716387 0.737220 0.727358 0.734069 0.762372 0.728291 0.772409 0.727416 0.796452 0.722514 0.818861 0.714461 0.838936 0.705182 0.842204 0.701856 0.852007 0.696954 0.865313 0.685749 0.873716 0.675595 0.877218 0.669643 0.880252 0.661940 0.889823 0.628326 0.889356 0.619573 0.887722 0.612745 0.880719 0.598739 0.875117 0.591737 0.868347 0.587535 0.864146 0.583333 0.849907 0.574755 0.845238 0.570728 0.834967 0.567227 0.824463 0.564601 0.814192 0.564251 0.808824 0.563200 0.789216 0.564076 0.761905 0.568978 0.733660 0.576681 0.730859 0.578256 0.711718 0.584734 0.702148 0.589111 0.697012 0.590861 0.692110 0.591562 0.664799 0.605042 0.651027 0.614146 0.644024 0.619398 0.638889 0.624825 0.633287 0.628326 0.621382 0.639881 0.610644 0.654412 0.605976 0.664741 0.605509 0.669468 0.602708 0.675770 0.600140 0.688901 0.599673 0.693102 0.601774 0.706933
1 0.838002 0.566877 0.842437 0.567752 0.852941 0.575105 0.861111 0.579132 0.863212 0.581232 0.873016 0.584734 0.872549 0.588410 0.875117 0.590336 0.888189 0.609769 0.892157 0.626751 0.894024 0.629027 0.900327 0.631478 0.925537 0.637605 0.952848 0.641457 0.968021 0.641807 0.977824 0.641106 0.993931 0.639006 0.998133 0.637080 0.999767 0.637080 0.999767 0.557248 0.982960 0.556723 0.959384 0.553396 0.900560 0.541492 0.872782 0.533613 0.866246 0.535189 0.859711 0.537815 0.841737 0.546569 0.838235 0.549895 0.832866 0.557948 0.832400 0.564601 0.838002 0.566877
1 0.231559 0.619923 0.234127 0.620973 0.245798 0.619573 0.263305 0.616071 0.302988 0.612745 0.306956 0.613445 0.320261 0.613445 0.332633 0.614321 0.348039 0.616422 0.359244 0.619398 0.369514 0.621148 0.373716 0.621148 0.376284 0.619923 0.372782 0.617997 0.364379 0.610994 0.351074 0.597164 0.334967 0.574755 0.331232 0.575105 0.302054 0.586835 0.275677 0.596113 0.239262 0.604692 0.233894 0.604867 0.232260 0.605742 0.230392 0.609069 0.230159 0.616597 0.231559 0.619923
1 0.251867 0.459734 0.247666 0.459909 0.272876 0.460084 0.283380 0.460784 0.312092 0.465161 0.319328 0.467262 0.321429 0.469188 0.324463 0.470413 0.328898 0.470413 0.321662 0.462885 0.318161 0.457808 0.310691 0.450455 0.304388 0.451856 0.279879 0.453957 0.262372 0.453081 0.258170 0.453782 0.254202 0.453081 0.252101 0.456408 0.251867 0.459734
1 0.790616 0.402136 0.795752 0.410014 0.798553 0.414741 0.800887 0.421569 0.801354 0.432773 0.798086 0.445903 0.799953 0.449580 0.807190 0.449755 0.809991 0.447129 0.820495 0.441527 0.830532 0.433473 0.839869 0.427346 0.854342 0.419818 0.865780 0.414916 0.864146 0.410714 0.856676 0.403186 0.852007 0.394783 0.850140 0.387605 0.850140 0.383053 0.848973 0.380777 0.824697 0.383228 0.817927 0.384979 0.806489 0.386555 0.786181 0.387605 0.783147 0.389881 0.784314 0.394783 0.790616 0.402136
1 0.767740 0.409314 0.763305 0.418067 0.760037 0.423144 0.753968 0.429272 0.742063 0.438200 0.733427 0.442577 0.737628 0.444328 0.755836 0.444328 0.789683 0.448004 0.793651 0.449755 0.796452 0.446954 0.801354 0.432598 0.799953 0.418067 0.796919 0.411590 0.791083 0.403361 0.784547 0.396709 0.772409 0.387080 0.768441 0.386905 0.769841 0.401085 0.767740 0.409314
1 0.000000 0.881303 0.001867 0.881303 0.005135 0.882703 0.012138 0.883228 0.015406 0.884629 0.028945 0.887080 0.033147 0.888831 0.043184 0.889706 0.056956 0.893032 0.064426 0.893207 0.069328 0.894958 0.091970 0.897234 0.098506 0.899510 0.133754 0.900735 0.153595 0.899685 0.165033 0.897584 0.181839 0.894083 0.200514 0.888480 0.218954 0.880602 0.241130 0.867647 0.245565 0.862920 0.257003 0.854517 0.263772 0.847514 0.269608 0.840511 0.274743 0.831057 0.277077 0.828431 0.280345 0.821254 0.283380 0.806723 0.282913 0.804972 0.280812 0.803571 0.275444 0.803746 0.272409 0.803046 0.270775 0.799457 0.272176 0.792192 0.275910 0.790616 0.277077 0.786415 0.274043 0.779237 0.269374 0.772059 0.254669 0.760504 0.227124 0.749125 0.211718 0.744573 0.178805 0.738270 0.126984 0.732843 0.123483 0.733368 0.109711 0.733193 0.075397 0.735644 0.068861 0.736695 0.060691 0.736169 0.039216 0.738971 0.011905 0.745098 0.000000 0.750175 0.000000 0.881303
0 0.259804 0.942402 0.265640 0.949230 0.286181 0.963410 0.290383 0.964636 0.295051 0.967962 0.298553 0.969188 0.308824 0.974965 0.317460 0.978291 0.320962 0.978817 0.328665 0.983018 0.337768 0.984594 0.358543 0.992997 0.378385 0.997724 0.380719 0.999825 0.504902 0.999825 0.504902 0.998249 0.510971 0.995273 0.516573 0.992997 0.518908 0.992997 0.535948 0.980917 0.542484 0.977591 0.548086 0.972864 0.550887 0.968487 0.556489 0.962885 0.560458 0.956057 0.569094 0.945028 0.570728 0.940476 0.576564 0.931373 0.579599 0.918943 0.579832 0.911239 0.576097 0.894608 0.571662 0.883754 0.567927 0.877626 0.558824 0.868347 0.542951 0.858193 0.537348 0.855742 0.505135 0.845238 0.497432 0.844013 0.491130 0.841912 0.484127 0.841211 0.472222 0.838235 0.456583 0.835609 0.427404 0.833333 0.396359 0.832808 0.390756 0.834209 0.369748 0.836485 0.352241 0.840861 0.316993 0.854692 0.312092 0.857493 0.296452 0.868873 0.274743 0.890406 0.261905 0.907563 0.256536 0.918592 0.255602 0.924895 0.255836 0.932773 0.259804 0.942402
1 0.011204 0.994398 0.011671 0.999825 0.238796 0.999825 0.264006 0.989146 0.268674 0.986695 0.270775 0.983894 0.280112 0.978992 0.290149 0.971289 0.290850 0.966912 0.272409 0.955532 0.264939 0.949755 0.259104 0.943452 0.254435 0.934874 0.253735 0.928746 0.254435 0.921569 0.260971 0.905112 0.270542 0.893908 0.272409 0.890406 0.279879 0.883053 0.283613 0.880427 0.285948 0.876926 0.293184 0.869923 0.298319 0.866772 0.299720 0.864321 0.302521 0.862745 0.302988 0.855917 0.299953 0.855042 0.296919 0.852416 0.289916 0.850665 0.275910 0.849440 0.265640 0.849440 0.260504 0.852416 0.241130 0.868522 0.225957 0.877801 0.210784 0.885329 0.184407 0.894608 0.175770 0.895308 0.168534 0.897584 0.151027 0.900560 0.134454 0.901786 0.116013 0.901085 0.092670 0.899160 0.087768 0.900035 0.080999 0.903711 0.070495 0.911415 0.066527 0.913165 0.051354 0.924195 0.037115 0.937675 0.033380 0.942752 0.031046 0.944503 0.022176 0.958859 0.018441 0.966912 0.017740 0.970413 0.013305 0.980567 0.012138 0.987395 0.012138 0.992122 0.011204 0.994398
1 0.333333 0.784489 0.336134 0.786590 0.343137 0.796919 0.355042 0.808473 0.359711 0.811800 0.362745 0.812850 0.369981 0.817227 0.373716 0.820378 0.380019 0.822304 0.387955 0.826331 0.394258 0.828431 0.400560 0.829307 0.404995 0.831408 0.484594 0.835959 0.491597 0.834734 0.509104 0.833508 0.517507 0.831232 0.522409 0.831057 0.525444 0.829832 0.530112 0.830182 0.532213 0.829657 0.536181 0.832458 0.538049 0.832458 0.539449 0.831583 0.538282 0.828957 0.540149 0.827731 0.542951 0.827031 0.546919 0.827381 0.551587 0.825805 0.552988 0.824405 0.563959 0.821954 0.569094 0.822304 0.570495 0.823004 0.570962 0.824580 0.578665 0.816352 0.585434 0.813375 0.588702 0.812675 0.600607 0.806022 0.616246 0.793067 0.618581 0.788165 0.620215 0.779587 0.620682 0.765581 0.619048 0.755077 0.616246 0.750525 0.598506 0.737570 0.585434 0.723739 0.576331 0.715861 0.559757 0.707808 0.546685 0.703256 0.529412 0.699405 0.515406 0.698354 0.512838 0.699580 0.511671 0.703081 0.517040 0.707458 0.519374 0.713060 0.518908 0.717262 0.515873 0.723915 0.503035 0.741422 0.492997 0.748950 0.484360 0.761029 0.480859 0.761905 0.475490 0.765931 0.468954 0.774335 0.466853 0.775735 0.465686 0.778536 0.460317 0.782738 0.458217 0.783088 0.455649 0.782213 0.456583 0.781162 0.456583 0.779062 0.452614 0.778186 0.451214 0.771359 0.446078 0.768732 0.439076 0.771709 0.434641 0.771709 0.413866 0.775035 0.390523 0.776611 0.370915 0.776261 0.359010 0.775210 0.335434 0.771008 0.331232 0.771008 0.328898 0.772059 0.330532 0.779062 0.333333 0.784489
1 0.567460 0.858368 0.568861 0.866422 0.573296 0.873599 0.581933 0.880427 0.595238 0.887080 0.598739 0.888305 0.602241 0.888480 0.607376 0.890581 0.609477 0.891632 0.612278 0.894958 0.615546 0.896008 0.637021 0.898985 0.644024 0.898634 0.660831 0.901261 0.663399 0.900735 0.676237 0.901085 0.685574 0.900035 0.702614 0.896359 0.713585 0.895308 0.721055 0.893032 0.734594 0.890581 0.742297 0.888305 0.762138 0.884104 0.802288 0.867822 0.811625 0.861695 0.818394 0.854517 0.821895 0.849265 0.825630 0.838060 0.825397 0.821954 0.816293 0.801471 0.809290 0.793067 0.803455 0.787290 0.789449 0.778186 0.786415 0.776961 0.779412 0.776961 0.773343 0.777836 0.758403 0.777486 0.743231 0.775910 0.731793 0.775560 0.720355 0.773634 0.696545 0.772409 0.689542 0.770833 0.653828 0.767332 0.647059 0.769958 0.640523 0.774510 0.633287 0.778186 0.628151 0.783088 0.626751 0.786064 0.626751 0.789741 0.621849 0.794818 0.616480 0.797969 0.609244 0.800245 0.595005 0.810574 0.577498 0.818978 0.575630 0.821078 0.568861 0.835434 0.566293 0.844888 0.566293 0.856268 0.567460 0.858368
1 0.823063 0.797969 0.827965 0.806022 0.833800 0.813375 0.848273 0.825280 0.880019 0.841211 0.915266 0.852416 0.929272 0.855917 0.938375 0.856618 0.942344 0.859244 0.955882 0.862220 0.976891 0.864146 0.994865 0.863796 0.999767 0.862395 0.999767 0.740196 0.991363 0.739496 0.956116 0.739846 0.936508 0.738620 0.921102 0.736695 0.904528 0.733193 0.898226 0.732493 0.881186 0.734769 0.862979 0.739846 0.855509 0.742647 0.847339 0.747724 0.838702 0.754377 0.833800 0.759629 0.826097 0.770308 0.822596 0.779412 0.822129 0.782913 0.821662 0.792542 0.823063 0.797969
1 0.881886 0.662290 0.877451 0.671394 0.871615 0.680672 0.866713 0.685924 0.852708 0.697829 0.844538 0.703081 0.847339 0.706933 0.858077 0.714811 0.871148 0.721289 0.892390 0.728817 0.904295 0.732318 0.917834 0.735294 0.937908 0.738095 0.956583 0.738971 0.986928 0.738270 0.999767 0.736520 0.999767 0.639881 0.994164 0.639706 0.977358 0.642332 0.961251 0.643207 0.925070 0.638130 0.913165 0.635679 0.894491 0.630427 0.890289 0.632178 0.885387 0.647059 0.881886 0.662290
1 0.584734 0.720588 0.590336 0.728116 0.596872 0.735119 0.605976 0.742997 0.612745 0.746674 0.621148 0.752626 0.629318 0.756828 0.649860 0.764006 0.669001 0.767857 0.695845 0.772059 0.720355 0.772759 0.737628 0.775210 0.757937 0.776961 0.772876 0.776961 0.789216 0.774860 0.793417 0.772759 0.796685 0.772234 0.803455 0.769608 0.814192 0.763130 0.840336 0.737045 0.843838 0.729867 0.846872 0.713761 0.846639 0.709909 0.845472 0.708683 0.841737 0.705882 0.839169 0.706232 0.810924 0.718137 0.803455 0.719713 0.794118 0.723389 0.786415 0.725315 0.768674 0.728291 0.758403 0.728817 0.741363 0.732318 0.730859 0.732493 0.723856 0.735119 0.699813 0.741071 0.671802 0.744573 0.668768 0.745448 0.638889 0.745623 0.626517 0.742997 0.621148 0.740021 0.606209 0.723214 0.600373 0.706583 0.600607 0.703081 0.598273 0.692927 0.599440 0.681898 0.603408 0.671394 0.603641 0.668242 0.602474 0.667367 0.598273 0.669118 0.594771 0.672794 0.591737 0.674720 0.587768 0.679447 0.584267 0.684874 0.580299 0.695903 0.580299 0.710084 0.584734 0.720588
1 0.827498 0.835259 0.823296 0.849615 0.815593 0.859244 0.814192 0.862745 0.816527 0.866422 0.834967 0.884454 0.841503 0.889006 0.849440 0.896008 0.858543 0.901261 0.866013 0.906863 0.873016 0.910364 0.880252 0.915791 0.893791 0.921919 0.900794 0.923845 0.915500 0.924895 0.924837 0.923494 0.949813 0.912640 0.955182 0.908613 0.957516 0.905812 0.964052 0.893908 0.965920 0.886905 0.966387 0.875700 0.965219 0.868522 0.963819 0.865546 0.955882 0.862745 0.947012 0.860644 0.935107 0.858894 0.928338 0.856268 0.918301 0.853817 0.901261 0.848039 0.882820 0.842787 0.847339 0.825105 0.833800 0.815476 0.827965 0.807948 0.824463 0.805497 0.823063 0.807248 0.826797 0.819853 0.827498 0.835259
1 0.601307 0.901436 0.608777 0.904062 0.611345 0.907913 0.616246 0.911940 0.626984 0.917717 0.631419 0.920693 0.632120 0.921919 0.637021 0.923669 0.639589 0.925770 0.647059 0.929447 0.654528 0.931548 0.664566 0.936625 0.688842 0.945203 0.728525 0.961134 0.740896 0.964811 0.750700 0.965686 0.765406 0.964461 0.778245 0.959559 0.782213 0.958859 0.797852 0.950980 0.813025 0.941176 0.820261 0.935749 0.830299 0.921919 0.835201 0.911415 0.836835 0.902486 0.836368 0.889881 0.835434 0.887080 0.832400 0.883053 0.817694 0.868697 0.810691 0.864146 0.804622 0.867647 0.789916 0.874125 0.759804 0.885329 0.742530 0.888831 0.731092 0.891982 0.723623 0.893032 0.720355 0.894258 0.706583 0.896884 0.699580 0.897409 0.692344 0.899510 0.679272 0.901611 0.645051 0.901261 0.640523 0.899860 0.636788 0.900210 0.619748 0.896884 0.612745 0.896534 0.605742 0.892857 0.602241 0.893207 0.598973 0.890931 0.597806 0.893382 0.597572 0.897409 0.601307 0.901436
1 0.578898 0.926296 0.570028 0.943627 0.563259 0.953081 0.558357 0.961660 0.544118 0.977241 0.533147 0.984944 0.527077 0.987745 0.524510 0.990021 0.518908 0.992997 0.513772 0.994748 0.508637 0.998249 0.508637 0.999825 0.598973 0.999825 0.600062 0.997257 0.610644 0.988620 0.616713 0.982143 0.623249 0.970588 0.625117 0.963060 0.625817 0.951506 0.622782 0.936450 0.620215 0.931898 0.602708 0.910364 0.597806 0.907038 0.595005 0.903887 0.588469 0.900210 0.581466 0.897234 0.578431 0.897584 0.581232 0.914041 0.578898 0.926296
1 0.328898 0.999825 0.378385 0.999825 0.378385 0.998249 0.358777 0.992472 0.345472 0.987395 0.334500 0.984244 0.329132 0.983543 0.326564 0.983894 0.325864 0.984419 0.328898 0.999825
1 0.000000 0.961660 0.001634 0.961660 0.005135 0.959909 0.010971 0.955007 0.024510 0.948004 0.029645 0.943978 0.045518 0.927346 0.055322 0.918417 0.060691 0.912115 0.065593 0.897759 0.064426 0.895133 0.061625 0.893908 0.001634 0.882528 0.000000 0.882528 0.000000 0.961660
1 0.281046 0.822829 0.277077 0.831057 0.266573 0.845413 0.268674 0.846814 0.273109 0.847689 0.287348 0.848915 0.294818 0.847864 0.296452 0.845063 0.308357 0.839636 0.332166 0.825805 0.350373 0.810749 0.352007 0.807248 0.340570 0.794818 0.332633 0.784139 0.326097 0.769783 0.314893 0.765581 0.310924 0.766457 0.308590 0.768557 0.302988 0.771359 0.299253 0.775035 0.295518 0.783613 0.294818 0.787640 0.293184 0.789741 0.293417 0.792367 0.283613 0.803396 0.283847 0.810749 0.281046 0.822829
1 0.195145 0.741246 0.203782 0.742472 0.206583 0.744398 0.210551 0.743873 0.220822 0.746324 0.256069 0.760329 0.268674 0.770133 0.274043 0.777136 0.275210 0.780287 0.279412 0.783964 0.282913 0.785539 0.284781 0.784139 0.289216 0.779062 0.291083 0.772409 0.293417 0.768382 0.296919 0.765931 0.299486 0.762080 0.292951 0.757703 0.288515 0.756478 0.286415 0.755077 0.267040 0.747549 0.242530 0.740196 0.236228 0.737220 0.230626 0.735644 0.225023 0.734769 0.217087 0.734769 0.209851 0.735644 0.204248 0.737395 0.199813 0.740371 0.195145 0.741246
1 0.497432 0.512780 0.505135 0.515581 0.514472 0.517157 0.528011 0.522409 0.531979 0.523109 0.551354 0.529412 0.555556 0.529412 0.553455 0.522934 0.548786 0.515406 0.548086 0.501576 0.547152 0.500700 0.534080 0.504202 0.497666 0.508578 0.493231 0.510854 0.492764 0.512080 0.497432 0.512780
1 0.739262 0.018908 0.744865 0.021359 0.754902 0.022934 0.759337 0.022934 0.761905 0.022584 0.764006 0.019433 0.761905 0.015406 0.753035 0.014706 0.745098 0.011204 0.740663 0.011555 0.737862 0.014706 0.737628 0.015931 0.739262 0.018908
1 0.663399 0.273109 0.664566 0.275910 0.667834 0.279587 0.670868 0.284314 0.673203 0.290266 0.675070 0.316877 0.685808 0.315301 0.689309 0.313901 0.692577 0.313725 0.698413 0.311450 0.709851 0.303571 0.716853 0.296919 0.721522 0.289741 0.720588 0.287990 0.717087 0.285714 0.706816 0.285014 0.694911 0.282388 0.685808 0.279062 0.682073 0.278711 0.675537 0.275735 0.666433 0.273985 0.664799 0.272409 0.661298 0.272759 0.663399 0.273109
1 0.202381 0.624650 0.206349 0.629377 0.209617 0.630077 0.228758 0.623074 0.230392 0.620098 0.229692 0.616597 0.227358 0.614321 0.193044 0.616071 0.195612 0.619573 0.202381 0.624650
1 0.082866 0.732843 0.092670 0.733368 0.119048 0.731793 0.171802 0.736520 0.175303 0.737570 0.190243 0.739321 0.195145 0.739146 0.206116 0.736169 0.217087 0.735294 0.220588 0.734244 0.220355 0.730917 0.212418 0.727766 0.179505 0.710784 0.175770 0.707808 0.171802 0.706057 0.168301 0.707108 0.165500 0.709209 0.140523 0.716387 0.119514 0.720413 0.116013 0.722164 0.081933 0.727941 0.080299 0.729342 0.080766 0.732143 0.082866 0.732843
1 0.243931 0.096113 0.251401 0.105392 0.261905 0.115721 0.275444 0.091912 0.272642 0.090336 0.263072 0.088936 0.244631 0.082983 0.230859 0.077031 0.228058 0.077731 0.230859 0.082283 0.243931 0.096113
1 0.519841 0.000000 0.519841 0.001576 0.534781 0.009104 0.546919 0.019083 0.551821 0.010854 0.555556 0.006653 0.561858 0.001751 0.561858 0.000000 0.519841 0.000000
1 0.028711 0.000000 0.028245 0.003852 0.028011 0.009454 0.028945 0.012780 0.029879 0.014356 0.032446 0.015931 0.034314 0.015406 0.041083 0.010504 0.046452 0.008228 0.059991 0.005077 0.063492 0.003676 0.070962 0.002451 0.082866 0.002626 0.095938 0.003852 0.116013 0.007878 0.127684 0.012080 0.133053 0.013305 0.137021 0.013480 0.137955 0.012255 0.127684 0.000000 0.028711 0.000000