0 0.643324 0.469182 0.644958 0.473962 0.645892 0.482013 0.645425 0.488553 0.647059 0.495346 0.648459 0.511950 0.657330 0.539874 0.667134 0.562516 0.668534 0.568553 0.670401 0.571069 0.675070 0.584403 0.679505 0.592704 0.679739 0.595220 0.687208 0.609308 0.703081 0.630189 0.716853 0.640755 0.731092 0.649560 0.752101 0.658365 0.766340 0.662893 0.778945 0.665409 0.797619 0.664906 0.808357 0.662390 0.815359 0.659119 0.822362 0.654088 0.825163 0.654088 0.831933 0.651572 0.837068 0.647044 0.841270 0.645283 0.847806 0.638742 0.848506 0.635597 0.852708 0.632201 0.856209 0.622642 0.858310 0.613082 0.858777 0.601761 0.861345 0.592453 0.862745 0.574843 0.862278 0.546667 0.858077 0.521258 0.855976 0.513459 0.855042 0.502642 0.852241 0.487044 0.851541 0.465912 0.850140 0.457107 0.851074 0.452830 0.847572 0.431950 0.843371 0.418616 0.836134 0.401761 0.824930 0.384151 0.810691 0.367799 0.796685 0.354969 0.792951 0.353711 0.779645 0.344654 0.762138 0.337107 0.741597 0.332579 0.727124 0.330818 0.703081 0.332327 0.693044 0.336101 0.688609 0.339371 0.675070 0.346164 0.664099 0.355220 0.660831 0.358994 0.657096 0.365786 0.653361 0.370063 0.646592 0.383396 0.641690 0.404528 0.640756 0.417610 0.641223 0.454340 0.643324 0.469182
0 0.349673 0.496101 0.348506 0.500629 0.347806 0.533082 0.349440 0.540377 0.349206 0.553711 0.353641 0.581635 0.363445 0.609057 0.374883 0.624151 0.383287 0.627170 0.400794 0.624906 0.415733 0.618616 0.423203 0.613082 0.432073 0.604277 0.435574 0.602767 0.440009 0.595472 0.450980 0.584403 0.463352 0.566038 0.489262 0.514717 0.496732 0.491069 0.503968 0.453836 0.505602 0.424906 0.504669 0.411069 0.503268 0.407044 0.499767 0.384151 0.492997 0.373585 0.491597 0.369811 0.475957 0.350440 0.463119 0.343899 0.448646 0.340126 0.434174 0.339371 0.428571 0.340377 0.418067 0.345157 0.402661 0.355472 0.388655 0.369560 0.386555 0.373585 0.378852 0.383396 0.369514 0.399245 0.361111 0.418365 0.355742 0.435975 0.352007 0.452075 0.348739 0.482516 0.348739 0.491824 0.349673 0.496101
0 0.451914 0.268679 0.456583 0.297610 0.465686 0.324025 0.477358 0.348679 0.485061 0.359245 0.493697 0.368050 0.499066 0.375597 0.502801 0.383145 0.514939 0.394717 0.523810 0.400755 0.543184 0.408805 0.563959 0.413585 0.574697 0.412830 0.591970 0.408805 0.609244 0.401258 0.624650 0.387421 0.628618 0.382390 0.633754 0.373585 0.643557 0.352201 0.649860 0.328050 0.651027 0.321006 0.650794 0.307170 0.646592 0.286289 0.636088 0.258616 0.616246 0.225409 0.598973 0.206289 0.588469 0.196478 0.578198 0.190692 0.568627 0.180881 0.560224 0.176101 0.541083 0.167547 0.529645 0.165535 0.511905 0.166038 0.503968 0.167547 0.494398 0.171572 0.478058 0.184151 0.469421 0.194969 0.460317 0.209308 0.456583 0.217107 0.451214 0.244277 0.450747 0.251824 0.451914 0.268679
1 0.514472 0.814843 0.516807 0.824403 0.522409 0.833711 0.526144 0.836981 0.529412 0.844528 0.541550 0.857358 0.553455 0.864151 0.563492 0.868176 0.591503 0.873711 0.606443 0.874214 0.619281 0.872704 0.660364 0.861132 0.675070 0.854340 0.677638 0.852075 0.685341 0.849560 0.708450 0.836226 0.712652 0.832453 0.728758 0.821887 0.738796 0.812830 0.749533 0.805283 0.783147 0.770566 0.811625 0.738113 0.816060 0.729057 0.822129 0.721761 0.835668 0.700126 0.849907 0.669434 0.854575 0.655094 0.855742 0.634969 0.853641 0.632453 0.848973 0.632956 0.848506 0.633711 0.850140 0.636730 0.850140 0.639413 0.848506 0.642767 0.842437 0.644780 0.835668 0.651321 0.821195 0.657107 0.810458 0.662893 0.794351 0.666164 0.787815 0.665409 0.779178 0.666164 0.770775 0.665157 0.748133 0.658365 0.733660 0.652327 0.725490 0.646792 0.719888 0.644277 0.710551 0.637484 0.695612 0.622893 0.686508 0.609811 0.679505 0.596981 0.675303 0.597233 0.656396 0.611572 0.654062 0.614340 0.647059 0.619371 0.643557 0.623899 0.632586 0.632201 0.610878 0.657358 0.606909 0.660881 0.600140 0.671195 0.593604 0.677233 0.587768 0.685535 0.571429 0.703396 0.567927 0.708679 0.557190 0.719748 0.550187 0.728553 0.546919 0.734591 0.543884 0.736855 0.524743 0.765786 0.521008 0.772579 0.520075 0.776101 0.517040 0.780377 0.513305 0.796730 0.513072 0.802767 0.514472 0.814843
0 0.067460 0.868931 0.071662 0.886792 0.077498 0.902390 0.084967 0.915975 0.099440 0.933082 0.111811 0.943145 0.126517 0.951195 0.147292 0.960503 0.192577 0.974088 0.197712 0.974591 0.211951 0.981132 0.230392 0.987925 0.246732 0.989686 0.255369 0.989182 0.266106 0.985912 0.277311 0.973585 0.290149 0.951698 0.294585 0.939119 0.298786 0.921006 0.299486 0.903396 0.299020 0.890314 0.292017 0.859623 0.289683 0.856604 0.285481 0.854340 0.276144 0.845535 0.269608 0.837987 0.260271 0.819874 0.254669 0.800252 0.240896 0.786164 0.226424 0.774591 0.215686 0.767799 0.208683 0.762013 0.199580 0.756981 0.185574 0.751195 0.172269 0.747170 0.149860 0.745660 0.133520 0.747925 0.129552 0.749937 0.126751 0.749937 0.116480 0.757233 0.112745 0.757484 0.095005 0.770818 0.080299 0.788931 0.068627 0.814088 0.064659 0.831195 0.064659 0.850314 0.067460 0.868931
1 0.000000 0.999748 0.114846 0.999748 0.125117 0.988931 0.127451 0.984906 0.131886 0.973836 0.132820 0.967044 0.136321 0.959748 0.133987 0.956730 0.115780 0.946667 0.101074 0.936604 0.090803 0.925535 0.084267 0.916226 0.076564 0.902390 0.072596 0.892579 0.068861 0.879748 0.064192 0.856352 0.063259 0.846792 0.063492 0.830943 0.062792 0.828679 0.060224 0.827421 0.044585 0.825157 0.031979 0.824403 0.011204 0.824906 0.000000 0.826415 0.000000 0.999748
1 0.000000 0.781635 0.001634 0.781635 0.007236 0.777610 0.021942 0.763522 0.041317 0.737107 0.047152 0.726289 0.055089 0.707170 0.058824 0.692579 0.061625 0.668428 0.065359 0.655346 0.065593 0.645031 0.065126 0.626667 0.063259 0.619119 0.061158 0.617358 0.053221 0.614591 0.046452 0.610818 0.034781 0.602767 0.013305 0.586415 0.001634 0.574843 0.000000 0.574843 0.000000 0.781635
1 0.000000 0.572830 0.001634 0.572830 0.011905 0.585157 0.047386 0.610818 0.056956 0.615346 0.067927 0.615849 0.074697 0.615094 0.086601 0.610818 0.098739 0.603774 0.106209 0.597484 0.122782 0.578113 0.129785 0.566792 0.135854 0.554465 0.143091 0.533082 0.145892 0.515723 0.149860 0.500881 0.150794 0.482767 0.150327 0.466918 0.149160 0.459623 0.143091 0.437484 0.135854 0.418113 0.124183 0.397484 0.102474 0.367799 0.074230 0.343145 0.067460 0.340126 0.061625 0.334843 0.026844 0.328553 0.008637 0.329560 0.000000 0.331824 0.000000 0.572830
1 0.000000 0.329308 0.025677 0.326792 0.055089 0.332830 0.062792 0.335849 0.064192 0.338868 0.068394 0.339371 0.069561 0.338365 0.068861 0.331824 0.063025 0.314465 0.061158 0.301384 0.065359 0.270189 0.068861 0.259874 0.077031 0.245786 0.084967 0.236226 0.099673 0.221384 0.116480 0.209308 0.123249 0.206541 0.125817 0.203019 0.124650 0.198994 0.119981 0.191950 0.112745 0.183899 0.096639 0.173836 0.084967 0.170063 0.067460 0.169811 0.056956 0.171572 0.049720 0.174340 0.039216 0.180377 0.021942 0.193711 0.007236 0.208553 0.001867 0.217358 0.000000 0.217610 0.000000 0.329308
1 0.110411 0.178616 0.119748 0.189434 0.126517 0.200000 0.128618 0.201509 0.131886 0.202013 0.140523 0.200252 0.155462 0.194969 0.189542 0.189182 0.209617 0.183899 0.222767 0.182642 0.238329 0.183899 0.254669 0.178113 0.271942 0.175346 0.275910 0.170818 0.280579 0.154214 0.283380 0.140126 0.265406 0.124528 0.249066 0.112704 0.239029 0.105912 0.225724 0.098616 0.218021 0.096352 0.213119 0.093082 0.202381 0.089811 0.188375 0.086541 0.168067 0.084780 0.151261 0.086289 0.140289 0.090063 0.131186 0.095346 0.119981 0.104654 0.115780 0.110189 0.111345 0.119497 0.107610 0.133082 0.106676 0.142893 0.106676 0.156478 0.110411 0.178616
1 0.065126 0.321006 0.068161 0.327296 0.070261 0.334591 0.072596 0.339119 0.084500 0.350692 0.096405 0.356226 0.095238 0.359245 0.106209 0.367044 0.116246 0.371321 0.130486 0.374591 0.158030 0.375094 0.164799 0.372327 0.171802 0.372327 0.213585 0.351195 0.216387 0.348679 0.221522 0.346415 0.229225 0.339623 0.246265 0.307170 0.276844 0.264906 0.277778 0.262138 0.277778 0.251069 0.273810 0.226667 0.270542 0.216604 0.266573 0.211572 0.263305 0.203522 0.256769 0.195975 0.248133 0.188931 0.236695 0.185660 0.226657 0.184403 0.215686 0.184654 0.189076 0.190943 0.156162 0.195723 0.128385 0.204528 0.120215 0.209057 0.099440 0.222642 0.085901 0.235723 0.082400 0.240755 0.079365 0.243270 0.070962 0.257107 0.065593 0.272201 0.062325 0.289308 0.062092 0.307170 0.065126 0.321006
1 0.279412 0.241258 0.282913 0.249811 0.286415 0.255597 0.320962 0.230692 0.330299 0.228176 0.348506 0.220881 0.361578 0.218868 0.383987 0.219119 0.404528 0.223145 0.411298 0.226918 0.414799 0.227170 0.418301 0.229182 0.421802 0.227421 0.424136 0.219874 0.427638 0.195220 0.429272 0.182138 0.428571 0.177610 0.429505 0.167547 0.426704 0.137107 0.420635 0.105912 0.419468 0.101384 0.408030 0.078239 0.394958 0.056855 0.390289 0.046792 0.376751 0.029182 0.372549 0.025912 0.366013 0.021887 0.352708 0.016604 0.339402 0.018113 0.334967 0.019874 0.332166 0.022893 0.325864 0.041258 0.319561 0.053585 0.316760 0.065157 0.306256 0.091321 0.305789 0.096101 0.303922 0.101384 0.301120 0.103648 0.293184 0.115472 0.276844 0.171321 0.276377 0.183396 0.274276 0.197736 0.275677 0.223648 0.279412 0.241258
0 0.231559 0.362264 0.232026 0.371069 0.233894 0.376604 0.247666 0.390692 0.257470 0.394465 0.266340 0.396730 0.306723 0.402767 0.317694 0.403270 0.345238 0.396730 0.365546 0.389182 0.373249 0.385409 0.376050 0.382893 0.390523 0.365535 0.404762 0.351950 0.419935 0.341132 0.429972 0.336352 0.432306 0.334088 0.435808 0.333333 0.438842 0.330314 0.443044 0.329308 0.450980 0.320252 0.453782 0.309182 0.454248 0.301132 0.450514 0.272453 0.444678 0.254088 0.437208 0.243774 0.430439 0.236478 0.421569 0.230440 0.394491 0.221887 0.381886 0.219874 0.355976 0.220629 0.338936 0.225157 0.324230 0.230692 0.311858 0.237736 0.291783 0.252830 0.273576 0.272201 0.261905 0.286541 0.255369 0.298113 0.244631 0.312956 0.240430 0.320755 0.234827 0.335346 0.231559 0.349937 0.230626 0.359497 0.231559 0.362264
1 0.149160 0.449811 0.152428 0.476226 0.151961 0.501384 0.166667 0.513962 0.178105 0.521006 0.212885 0.536352 0.220355 0.538616 0.238562 0.549182 0.254669 0.554214 0.289449 0.556981 0.311858 0.556478 0.328198 0.555220 0.343838 0.551698 0.346872 0.550189 0.348039 0.546918 0.347106 0.534843 0.347806 0.526038 0.347806 0.477233 0.352474 0.438239 0.350607 0.434465 0.323996 0.411321 0.314426 0.407044 0.297152 0.403019 0.258403 0.399245 0.248599 0.396730 0.237395 0.396478 0.214753 0.399245 0.192577 0.404025 0.174837 0.410314 0.154528 0.425157 0.153828 0.428679 0.150327 0.431447 0.149860 0.435975 0.147526 0.438491 0.147292 0.442767 0.149160 0.449811
1 0.256769 0.800503 0.258637 0.810314 0.264006 0.824403 0.272176 0.838994 0.286648 0.852830 0.292250 0.855597 0.294585 0.857862 0.312558 0.863648 0.322129 0.863396 0.334967 0.861384 0.344071 0.857610 0.352241 0.852830 0.373716 0.835975 0.383754 0.824403 0.401027 0.801258 0.416433 0.776352 0.430672 0.745157 0.437208 0.723019 0.440476 0.697107 0.440476 0.660126 0.436041 0.643522 0.434641 0.633711 0.425770 0.614088 0.425070 0.613333 0.421569 0.614340 0.419001 0.617358 0.409897 0.623145 0.387255 0.628428 0.378385 0.626918 0.371849 0.622893 0.362745 0.609057 0.356676 0.595975 0.352474 0.581887 0.345238 0.584151 0.330299 0.591447 0.320728 0.597484 0.313492 0.603522 0.299020 0.618868 0.288282 0.633711 0.277077 0.661384 0.272176 0.678491 0.265406 0.715975 0.261438 0.730566 0.255836 0.773836 0.255602 0.786918 0.256769 0.800503
1 0.073996 0.748679 0.078431 0.755723 0.089869 0.765535 0.095238 0.768302 0.111111 0.759497 0.116013 0.755723 0.118581 0.751950 0.126050 0.750189 0.130719 0.747673 0.141457 0.745157 0.155696 0.744151 0.164799 0.744654 0.185107 0.749182 0.190009 0.746667 0.200280 0.738868 0.211718 0.728050 0.227824 0.709937 0.237628 0.692075 0.242530 0.685031 0.245798 0.677736 0.250000 0.671950 0.262838 0.643270 0.264706 0.636981 0.267040 0.621132 0.265873 0.606289 0.264239 0.598994 0.259570 0.586918 0.250700 0.569560 0.234360 0.550189 0.220822 0.542642 0.216387 0.541132 0.192577 0.536352 0.179972 0.537358 0.163866 0.542138 0.156162 0.546667 0.149393 0.549182 0.144491 0.553711 0.137255 0.557233 0.133754 0.561006 0.130719 0.567799 0.117180 0.587421 0.100607 0.606038 0.099673 0.609308 0.091970 0.623145 0.083567 0.645031 0.074230 0.675472 0.071662 0.685535 0.069328 0.702390 0.069795 0.730566 0.073996 0.748679
1 0.339169 0.897107 0.341970 0.906164 0.348739 0.921761 0.355742 0.930818 0.369514 0.942893 0.400327 0.960000 0.411298 0.963270 0.431139 0.966289 0.449346 0.965786 0.459851 0.964025 0.469655 0.960755 0.483193 0.953962 0.498133 0.943396 0.508870 0.931069 0.519141 0.917987 0.531046 0.895849 0.534547 0.881761 0.537815 0.858616 0.537348 0.855849 0.529412 0.848050 0.526144 0.841761 0.522176 0.837736 0.514239 0.821635 0.511905 0.807799 0.511905 0.796478 0.514006 0.784654 0.513072 0.781384 0.508870 0.774591 0.498133 0.764780 0.471289 0.750692 0.462885 0.747925 0.450280 0.746164 0.434874 0.746415 0.432073 0.747421 0.429972 0.750692 0.416900 0.778113 0.401027 0.803270 0.390523 0.817358 0.386788 0.824403 0.373950 0.837987 0.354342 0.854088 0.346639 0.858868 0.344304 0.861887 0.343604 0.865912 0.340336 0.872704 0.338002 0.883522 0.338002 0.890818 0.339169 0.897107
1 0.268441 0.619371 0.265406 0.636730 0.252801 0.667925 0.247899 0.674717 0.242530 0.686541 0.225257 0.714214 0.220355 0.718491 0.211485 0.729560 0.190476 0.748176 0.191176 0.751447 0.207983 0.760000 0.228291 0.774591 0.233427 0.779371 0.236695 0.780881 0.251634 0.795472 0.253968 0.795472 0.255135 0.794465 0.254435 0.783145 0.255369 0.767799 0.258870 0.737358 0.265640 0.710189 0.271475 0.678491 0.277311 0.658365 0.292717 0.626164 0.299253 0.616352 0.299720 0.613836 0.298553 0.609057 0.286415 0.602013 0.269141 0.598994 0.266807 0.600503 0.266573 0.609308 0.268441 0.619371
1 0.122316 0.392704 0.136555 0.416855 0.140523 0.427170 0.144024 0.432453 0.147292 0.431195 0.153128 0.423899 0.165033 0.414591 0.176004 0.408302 0.192577 0.402516 0.199580 0.401006 0.203548 0.401006 0.225490 0.396730 0.234360 0.396478 0.243931 0.393962 0.241830 0.387421 0.235528 0.380377 0.231559 0.374088 0.229458 0.357987 0.230626 0.344906 0.228291 0.343145 0.216387 0.349182 0.213352 0.351950 0.204248 0.355220 0.180672 0.367044 0.171802 0.369308 0.168301 0.371321 0.147526 0.375094 0.122549 0.372327 0.113212 0.369560 0.108310 0.370818 0.106909 0.372327 0.106676 0.373082 0.122316 0.392704
1 0.436975 0.161509 0.439309 0.168302 0.452848 0.185912 0.466620 0.193711 0.471289 0.190943 0.483894 0.178113 0.496732 0.169560 0.506303 0.166038 0.518207 0.164025 0.528245 0.164025 0.542717 0.167296 0.550654 0.171572 0.563025 0.176101 0.575630 0.183899 0.577965 0.186415 0.584967 0.187170 0.588235 0.188679 0.595472 0.188679 0.616713 0.182138 0.623249 0.177358 0.624416 0.175094 0.629785 0.170314 0.637255 0.161258 0.645892 0.143145 0.649393 0.124277 0.650093 0.112201 0.646592 0.099119 0.641223 0.087547 0.632353 0.076981 0.623249 0.069686 0.609010 0.063145 0.597106 0.060629 0.588702 0.059371 0.563725 0.060126 0.538282 0.063648 0.515640 0.068931 0.505135 0.073208 0.501401 0.073459 0.484360 0.078742 0.466620 0.087547 0.460084 0.091572 0.446078 0.105912 0.445145 0.109182 0.438842 0.120000 0.435107 0.133585 0.435341 0.151698 0.436975 0.161509
1 0.425303 0.124025 0.430906 0.179119 0.432306 0.183396 0.439542 0.179371 0.442577 0.175346 0.440710 0.173836 0.436741 0.163522 0.435808 0.154969 0.434174 0.151447 0.433940 0.139874 0.435107 0.130818 0.438142 0.121509 0.448179 0.102893 0.457516 0.093333 0.474090 0.082264 0.478058 0.081509 0.480626 0.079497 0.489262 0.076478 0.512838 0.069937 0.526377 0.064151 0.516340 0.060629 0.508403 0.059371 0.480626 0.060126 0.467554 0.063145 0.454482 0.070189 0.435341 0.084025 0.421569 0.100377 0.421569 0.108931 0.425303 0.124025
0 0.682540 0.199497 0.707049 0.227170 0.713585 0.233711 0.716853 0.235723 0.734127 0.241761 0.754202 0.244277 0.785247 0.242516 0.807190 0.237484 0.813959 0.235220 0.820028 0.231447 0.832400 0.225912 0.838702 0.224151 0.864146 0.208553 0.874416 0.200755 0.886088 0.193962 0.919701 0.164025 0.933240 0.148428 0.945845 0.125535 0.948646 0.114717 0.948413 0.105409 0.947012 0.098868 0.941176 0.085283 0.930672 0.070943 0.922502 0.062893 0.911064 0.056352 0.901027 0.053333 0.887488 0.050818 0.860411 0.049308 0.838235 0.050818 0.825397 0.054088 0.815126 0.058868 0.802754 0.061887 0.792484 0.065660 0.776611 0.073459 0.762605 0.078491 0.737862 0.092327 0.734360 0.092830 0.731092 0.095346 0.712185 0.111195 0.692110 0.133082 0.687908 0.143899 0.680439 0.157233 0.677871 0.175346 0.678571 0.189434 0.682540 0.199497
1 0.595705 0.203019 0.598739 0.204025 0.605742 0.211572 0.607843 0.212327 0.612745 0.220377 0.617180 0.223396 0.621148 0.229182 0.631653 0.248302 0.636088 0.254340 0.645425 0.277987 0.651027 0.302138 0.650560 0.314717 0.651261 0.318239 0.650327 0.321006 0.650093 0.331572 0.645658 0.351195 0.645892 0.353711 0.648693 0.357233 0.654528 0.360252 0.657796 0.359497 0.667134 0.349937 0.673436 0.345409 0.675303 0.342642 0.678571 0.342138 0.680439 0.340377 0.685574 0.338365 0.687442 0.335346 0.694444 0.332579 0.713819 0.328050 0.727124 0.328302 0.735061 0.329811 0.738095 0.327799 0.741363 0.318491 0.742297 0.303396 0.741130 0.292830 0.734594 0.273962 0.714519 0.237987 0.693044 0.213333 0.682306 0.202516 0.662232 0.191447 0.658030 0.187925 0.643557 0.182390 0.636088 0.181132 0.622082 0.182138 0.598739 0.191698 0.594304 0.195975 0.593838 0.199497 0.595705 0.203019
1 0.741130 0.289811 0.742297 0.296855 0.742997 0.312453 0.740663 0.328050 0.744164 0.331572 0.763772 0.335849 0.779412 0.341887 0.782680 0.341132 0.798786 0.326792 0.820028 0.311950 0.836368 0.301887 0.872782 0.285283 0.883987 0.282767 0.889122 0.279497 0.887021 0.274214 0.884220 0.271698 0.881886 0.266415 0.875584 0.246541 0.874883 0.232704 0.876751 0.210063 0.873249 0.208553 0.866013 0.209560 0.864379 0.211824 0.857143 0.214843 0.849206 0.220126 0.839169 0.225157 0.807890 0.238491 0.781979 0.244528 0.753501 0.247296 0.747666 0.250314 0.736928 0.260126 0.732026 0.265660 0.741130 0.289811
1 0.877218 0.247547 0.883987 0.267170 0.891223 0.277987 0.895892 0.280755 0.914799 0.282013 0.925537 0.284780 0.930205 0.287044 0.936275 0.292579 0.939076 0.299623 0.942344 0.314717 0.944911 0.318742 0.956116 0.325786 0.967320 0.330566 0.990430 0.337358 0.999767 0.337862 0.999767 0.159245 0.976891 0.156730 0.953548 0.159748 0.913399 0.174843 0.902661 0.181635 0.894725 0.188679 0.889122 0.195472 0.881886 0.207044 0.877451 0.222390 0.876517 0.229182 0.876284 0.238742 0.877218 0.247547
1 0.786415 0.347421 0.789916 0.348176 0.793184 0.352453 0.799253 0.355220 0.818394 0.374591 0.830532 0.390440 0.837768 0.402767 0.845005 0.420881 0.849673 0.437987 0.853175 0.469182 0.852708 0.474214 0.853641 0.477736 0.855509 0.504906 0.857143 0.508679 0.858077 0.522264 0.859244 0.524528 0.862745 0.523522 0.884454 0.501384 0.895892 0.485283 0.908263 0.460126 0.911298 0.446038 0.913866 0.444528 0.915266 0.442264 0.930205 0.393962 0.931606 0.383899 0.934174 0.379623 0.936741 0.370566 0.939776 0.352956 0.940943 0.318239 0.938142 0.300126 0.935808 0.293585 0.931839 0.289811 0.923436 0.285535 0.904995 0.282516 0.890056 0.283522 0.880719 0.286289 0.869748 0.288050 0.831699 0.306164 0.824930 0.311195 0.818627 0.314214 0.809991 0.320252 0.807656 0.323019 0.799953 0.327296 0.784080 0.341887 0.783613 0.345409 0.786415 0.347421
1 0.914799 0.455849 0.917600 0.454591 0.923436 0.454340 0.928805 0.456604 0.931839 0.449560 0.932540 0.438742 0.936508 0.424151 0.940943 0.418868 0.949113 0.415094 0.955415 0.413585 0.968021 0.413082 0.994164 0.419371 0.999767 0.418616 0.999767 0.339623 0.987862 0.337610 0.971522 0.332579 0.955182 0.326038 0.946312 0.321006 0.943511 0.322264 0.942577 0.324025 0.941643 0.334340 0.941176 0.352704 0.938842 0.364025 0.924837 0.417107 0.913399 0.449560 0.912932 0.453585 0.914799 0.455849
1 0.934407 0.474717 0.937442 0.482767 0.942344 0.501384 0.957750 0.542390 0.962418 0.553711 0.974323 0.575094 0.985528 0.590943 0.994631 0.606792 0.998133 0.610314 0.999767 0.610314 0.999767 0.421635 0.991597 0.420881 0.981092 0.416352 0.966853 0.413585 0.953081 0.414591 0.944911 0.417610 0.937908 0.423396 0.936508 0.425912 0.932773 0.441006 0.932540 0.457610 0.934407 0.474717
1 0.756536 0.836478 0.763772 0.852327 0.770775 0.864403 0.778011 0.874214 0.792250 0.888553 0.806022 0.898365 0.809991 0.899623 0.816760 0.904403 0.848039 0.915472 0.856209 0.916981 0.874883 0.917987 0.908030 0.916478 0.932773 0.913459 0.949113 0.908931 0.977591 0.898113 0.988329 0.891572 0.991830 0.890566 0.996615 0.885912 0.999767 0.884528 0.999767 0.738868 0.985528 0.729560 0.971989 0.722264 0.936275 0.708679 0.922269 0.705912 0.903828 0.704906 0.887021 0.707925 0.872549 0.712453 0.864146 0.716478 0.849673 0.726792 0.833100 0.736352 0.827965 0.740629 0.818627 0.744906 0.800187 0.755723 0.758637 0.798491 0.752101 0.807044 0.752568 0.818365 0.756536 0.836478
1 0.532913 0.893082 0.533147 0.896352 0.539683 0.908428 0.546685 0.917987 0.561391 0.932075 0.567227 0.936352 0.574230 0.939874 0.595705 0.945912 0.612745 0.946415 0.641457 0.943396 0.654528 0.939874 0.670168 0.930818 0.685574 0.917987 0.699580 0.901635 0.708450 0.885786 0.714286 0.865660 0.716387 0.853082 0.716620 0.834717 0.713352 0.832704 0.709617 0.836478 0.685341 0.850063 0.656162 0.863899 0.620215 0.873208 0.607376 0.874465 0.586368 0.873711 0.560224 0.867925 0.543417 0.858868 0.540149 0.858113 0.538282 0.862642 0.535948 0.882013 0.532913 0.893082
1 0.476424 0.640252 0.476424 0.651824 0.475724 0.653836 0.476190 0.675220 0.480859 0.686541 0.483660 0.689560 0.487162 0.696352 0.503968 0.714969 0.518207 0.725535 0.539916 0.737610 0.543417 0.736352 0.551587 0.725283 0.565359 0.710189 0.571895 0.700881 0.598739 0.670943 0.603641 0.663899 0.616013 0.650818 0.623716 0.640755 0.623016 0.638742 0.620215 0.638742 0.609010 0.644780 0.598739 0.648050 0.578431 0.649811 0.563959 0.648050 0.544585 0.641761 0.525910 0.629434 0.521008 0.624654 0.507003 0.606792 0.499767 0.594465 0.498133 0.589434 0.494631 0.590943 0.485761 0.602264 0.479925 0.615597 0.476424 0.628679 0.475724 0.636478 0.476424 0.640252
1 0.430672 0.613836 0.446078 0.618365 0.456116 0.617862 0.477358 0.613585 0.480626 0.608805 0.482726 0.603522 0.489496 0.594717 0.495798 0.588428 0.495565 0.581887 0.489262 0.555220 0.487628 0.526541 0.484360 0.528050 0.475724 0.544654 0.471289 0.549937 0.468021 0.558239 0.461018 0.571321 0.447946 0.588931 0.443744 0.591950 0.439076 0.597233 0.436508 0.603270 0.432073 0.605535 0.429272 0.608553 0.429272 0.612579 0.430672 0.613836
1 0.861345 0.602767 0.858077 0.620126 0.857843 0.641006 0.855976 0.654591 0.852941 0.663648 0.831933 0.708176 0.827965 0.713459 0.823529 0.722013 0.816527 0.730818 0.812558 0.740881 0.813959 0.742893 0.820962 0.741384 0.845238 0.727296 0.869981 0.706918 0.888422 0.682264 0.896359 0.664654 0.901727 0.658365 0.904762 0.653082 0.915966 0.627673 0.918301 0.617610 0.919701 0.605031 0.918301 0.598239 0.915266 0.592201 0.901494 0.575094 0.895658 0.570566 0.886555 0.567044 0.866713 0.555975 0.865079 0.556478 0.864379 0.557987 0.864146 0.579623 0.861345 0.602767
1 0.866947 0.553459 0.871849 0.557233 0.883754 0.564780 0.889122 0.567547 0.893557 0.568553 0.897759 0.572327 0.901027 0.573585 0.916667 0.593208 0.919935 0.602264 0.919468 0.616352 0.915966 0.629937 0.906396 0.651321 0.898226 0.663648 0.894491 0.673962 0.890056 0.682264 0.894024 0.689811 0.900794 0.696101 0.904295 0.696101 0.912932 0.702390 0.928805 0.704906 0.936975 0.707170 0.947012 0.710189 0.961718 0.716981 0.967554 0.718239 0.980626 0.726038 0.986695 0.728553 0.993231 0.732579 0.994398 0.734340 0.997432 0.735346 0.998133 0.736604 0.999767 0.736604 0.999767 0.611824 0.996965 0.610566 0.990663 0.602013 0.985761 0.591447 0.978291 0.581887 0.965686 0.562264 0.958217 0.546667 0.953782 0.543145 0.929739 0.535849 0.917134 0.533836 0.904295 0.533333 0.886321 0.536101 0.876517 0.539623 0.870915 0.542642 0.866246 0.549182 0.865780 0.550189 0.866947 0.553459
1 0.000000 0.822390 0.006536 0.823145 0.035247 0.822893 0.056723 0.825660 0.063959 0.825409 0.074697 0.796478 0.080766 0.786667 0.091970 0.772075 0.092904 0.769057 0.088469 0.766289 0.075630 0.752956 0.072596 0.747170 0.071195 0.741887 0.068861 0.728050 0.068627 0.691572 0.072362 0.671195 0.074697 0.668428 0.075397 0.661887 0.074930 0.654340 0.073996 0.656101 0.070261 0.657610 0.066760 0.660881 0.063259 0.671447 0.064659 0.675472 0.063025 0.677987 0.063259 0.681761 0.061625 0.689308 0.060691 0.690063 0.059757 0.695597 0.054622 0.709434 0.047152 0.727296 0.030345 0.753459 0.024977 0.758994 0.020075 0.766038 0.006536 0.778616 0.001634 0.782390 0.000000 0.782390 0.000000 0.822390
1 0.733427 0.090818 0.734360 0.091572 0.741130 0.089057 0.754669 0.081258 0.788282 0.066667 0.822362 0.054340 0.835434 0.050818 0.846872 0.049308 0.851307 0.046792 0.831933 0.035220 0.807890 0.025157 0.804155 0.024151 0.782680 0.024906 0.775210 0.027673 0.773109 0.029686 0.768674 0.031447 0.758403 0.033459 0.755369 0.035723 0.751401 0.042264 0.749767 0.048302 0.744398 0.054340 0.741130 0.060126 0.733427 0.077987 0.732726 0.086541 0.733427 0.090818
1 0.650560 0.119748 0.648226 0.136604 0.648459 0.141887 0.651494 0.143899 0.675303 0.151698 0.676937 0.151447 0.680906 0.148679 0.695612 0.127044 0.705649 0.114969 0.713119 0.107673 0.729458 0.095094 0.731092 0.091824 0.732026 0.081258 0.730859 0.079245 0.722222 0.078491 0.699580 0.082264 0.688375 0.082767 0.667834 0.088302 0.652428 0.095346 0.648926 0.098616 0.650560 0.108428 0.650560 0.119748
1 0.624883 0.179623 0.637021 0.180377 0.650093 0.183899 0.675303 0.197736 0.678805 0.197233 0.676004 0.179874 0.678571 0.167044 0.678805 0.156981 0.677871 0.154214 0.673436 0.151698 0.647526 0.143145 0.636555 0.163019 0.624883 0.176101 0.623950 0.178365 0.624883 0.179623
1 0.914799 0.455849 0.917600 0.454591 0.923553 0.454340 0.925770 0.454591 0.928805 0.456604 0.931839 0.449560 0.932540 0.438742 0.936508 0.424151 0.940943 0.418868 0.949113 0.415094 0.955415 0.413585 0.967787 0.413082 0.994164 0.419371 0.999767 0.418616 0.999767 0.339371 0.988095 0.337610 0.971522 0.332579 0.954015 0.325535 0.946312 0.321006 0.943044 0.322767 0.941643 0.334340 0.941176 0.352704 0.938375 0.366792 0.932306 0.386667 0.931139 0.394465 0.925070 0.415597 0.913399 0.449560 0.912932 0.453585 0.914799 0.455849
1 0.436975 0.727296 0.433007 0.741132 0.433240 0.744151 0.453782 0.745157 0.464519 0.747170 0.472222 0.750189 0.499066 0.764025 0.508637 0.771824 0.515406 0.779623 0.520775 0.769308 0.539683 0.741384 0.538515 0.738113 0.511905 0.722013 0.500934 0.712956 0.483660 0.692579 0.473856 0.674214 0.470355 0.674717 0.460784 0.672956 0.450280 0.672956 0.442577 0.673208 0.441877 0.675220 0.440710 0.704906 0.436975 0.727296
1 0.714753 0.867421 0.710551 0.879748 0.711485 0.883774 0.722222 0.891069 0.728058 0.893333 0.734827 0.894340 0.744631 0.901132 0.749533 0.901384 0.766106 0.905409 0.772876 0.905912 0.797619 0.906918 0.808590 0.904403 0.808824 0.900881 0.793651 0.891069 0.787582 0.885535 0.778011 0.875472 0.771709 0.865912 0.760037 0.845786 0.752801 0.824654 0.750233 0.810566 0.748366 0.807547 0.738796 0.814088 0.717320 0.831447 0.716153 0.859371 0.714753 0.867421