1 0.009570 0.124650 0.013305 0.133403 0.022409 0.146534 0.031513 0.155112 0.036648 0.158263 0.042951 0.161415 0.049720 0.163340 0.060924 0.168943 0.068161 0.170518 0.075163 0.170868 0.088002 0.174020 0.104108 0.175945 0.112512 0.178221 0.126751 0.179797 0.133754 0.181373 0.147059 0.181898 0.153128 0.181373 0.199346 0.181373 0.260738 0.183648 0.265406 0.183123 0.266573 0.181373 0.268441 0.171569 0.272642 0.161239 0.281746 0.145833 0.292484 0.132878 0.306489 0.121499 0.321195 0.111695 0.334734 0.105567 0.339869 0.104167 0.352007 0.099090 0.353408 0.097689 0.356909 0.096989 0.358310 0.095413 0.357610 0.092087 0.355275 0.088585 0.354108 0.082633 0.345238 0.074055 0.342204 0.069678 0.338936 0.064076 0.335901 0.053571 0.327031 0.043417 0.316293 0.036415 0.303455 0.030812 0.285948 0.025735 0.251634 0.020483 0.209150 0.019258 0.187208 0.020133 0.164566 0.022234 0.137021 0.026611 0.112979 0.031688 0.093838 0.037465 0.088235 0.038515 0.074697 0.043242 0.060224 0.049370 0.050654 0.054272 0.043184 0.059174 0.024510 0.077906 0.018674 0.086485 0.014939 0.095413 0.012372 0.099090 0.010271 0.105742 0.009104 0.112395 0.009570 0.124650
0 0.271709 0.199580 0.277077 0.206758 0.288982 0.211134 0.293884 0.213936 0.314426 0.220588 0.327965 0.224090 0.334967 0.225840 0.341970 0.226541 0.344771 0.227766 0.352241 0.229167 0.356909 0.229167 0.362745 0.230217 0.404762 0.241947 0.421102 0.244048 0.439309 0.244573 0.449346 0.246324 0.457983 0.245973 0.477358 0.243522 0.497899 0.237745 0.506069 0.236345 0.525910 0.229342 0.542484 0.221639 0.551354 0.216036 0.558357 0.210434 0.563959 0.207983 0.578198 0.199405 0.582633 0.197479 0.588936 0.191176 0.591737 0.186275 0.596639 0.180672 0.598039 0.171919 0.598273 0.146709 0.596639 0.140231 0.593371 0.133754 0.586601 0.125700 0.567460 0.112220 0.555789 0.108193 0.553221 0.106443 0.539916 0.103466 0.513772 0.099090 0.505135 0.096639 0.500934 0.096464 0.497899 0.095413 0.484360 0.093312 0.452848 0.089636 0.431606 0.089286 0.424059 0.090336 0.419234 0.090161 0.414799 0.088936 0.410364 0.090161 0.401727 0.090511 0.376284 0.093662 0.372782 0.095588 0.369514 0.094713 0.364613 0.096639 0.362979 0.098039 0.359244 0.097514 0.356209 0.099965 0.348739 0.101541 0.337535 0.105742 0.331466 0.109244 0.328431 0.109769 0.323063 0.112045 0.301354 0.126751 0.292951 0.133754 0.287582 0.139881 0.271942 0.164391 0.270308 0.168067 0.268908 0.175245 0.268908 0.192052 0.271709 0.199580
1 0.028945 0.255427 0.030579 0.260329 0.035948 0.268732 0.051821 0.282913 0.067460 0.292892 0.081232 0.299545 0.115780 0.311800 0.123016 0.313375 0.130952 0.313375 0.154995 0.319853 0.172035 0.321429 0.178338 0.322829 0.182773 0.322129 0.189542 0.323529 0.195845 0.322829 0.203081 0.323354 0.223389 0.321078 0.227591 0.321779 0.261671 0.320553 0.281746 0.312325 0.289449 0.307073 0.292484 0.305847 0.306022 0.295693 0.306956 0.293768 0.309757 0.292017 0.316993 0.280812 0.323063 0.273634 0.329365 0.267332 0.332166 0.265581 0.334967 0.259804 0.336835 0.252276 0.337302 0.237570 0.336134 0.230742 0.331232 0.227066 0.317694 0.222514 0.298786 0.217612 0.279645 0.210084 0.275210 0.207458 0.272409 0.204657 0.269141 0.198529 0.267040 0.192927 0.266807 0.188725 0.265406 0.187150 0.262838 0.186099 0.259104 0.185224 0.240430 0.184874 0.234360 0.183824 0.219888 0.183648 0.217320 0.184349 0.212652 0.184349 0.206816 0.183298 0.190710 0.183298 0.178105 0.182423 0.170635 0.182948 0.132353 0.182948 0.118114 0.184699 0.105509 0.185224 0.078898 0.192227 0.063959 0.199405 0.052288 0.206232 0.039683 0.216737 0.031746 0.229867 0.028711 0.241071 0.028245 0.251751 0.028945 0.255427
1 0.054155 0.425070 0.059290 0.428746 0.066993 0.432773 0.088702 0.439601 0.109477 0.443627 0.129085 0.445903 0.152661 0.447304 0.172969 0.447304 0.199813 0.449580 0.206116 0.451155 0.220355 0.453081 0.233660 0.453957 0.248366 0.453782 0.265640 0.452556 0.268908 0.451155 0.281513 0.440126 0.307190 0.425945 0.331933 0.417717 0.338002 0.416842 0.345705 0.414216 0.359244 0.411765 0.362745 0.410539 0.366480 0.410364 0.370915 0.408438 0.375117 0.405287 0.376984 0.402486 0.380952 0.390931 0.380719 0.384279 0.378852 0.380252 0.358543 0.363796 0.349440 0.353992 0.338936 0.340511 0.331466 0.334384 0.327965 0.332633 0.320495 0.332633 0.285714 0.326506 0.272642 0.324930 0.257703 0.325630 0.244865 0.323004 0.223623 0.323704 0.220355 0.324930 0.202848 0.324405 0.178338 0.327381 0.171802 0.329482 0.147059 0.333508 0.140756 0.335784 0.123483 0.339986 0.094771 0.352941 0.077264 0.365721 0.064192 0.376576 0.059057 0.383578 0.052754 0.395658 0.050187 0.405637 0.049953 0.415791 0.054155 0.425070
0 0.314893 0.310399 0.316527 0.314426 0.320028 0.319153 0.346639 0.348039 0.358777 0.363095 0.376751 0.377101 0.380019 0.378326 0.384687 0.382178 0.400560 0.391106 0.408030 0.393557 0.414566 0.396709 0.417834 0.396884 0.422502 0.398634 0.434641 0.400385 0.439542 0.402311 0.446545 0.403361 0.476424 0.404937 0.484360 0.404937 0.490663 0.403711 0.496732 0.400735 0.501401 0.400385 0.517507 0.395133 0.528711 0.390056 0.532680 0.386555 0.541317 0.380952 0.549720 0.371324 0.554855 0.369573 0.555322 0.364846 0.554622 0.360469 0.557306 0.358894 0.560924 0.358894 0.561858 0.358018 0.562558 0.337885 0.560458 0.328081 0.551354 0.311450 0.540616 0.299720 0.526144 0.287640 0.499300 0.271008 0.466853 0.255252 0.454015 0.250350 0.433007 0.246849 0.401494 0.245273 0.390056 0.246148 0.374416 0.249475 0.345472 0.259979 0.331699 0.268557 0.324230 0.275385 0.315826 0.286064 0.313959 0.292192 0.314192 0.304797 0.314893 0.310399
0 0.488329 0.445728 0.493697 0.457633 0.496265 0.461310 0.511671 0.475665 0.522642 0.482668 0.529412 0.486345 0.532680 0.487220 0.536415 0.490896 0.545518 0.494048 0.550187 0.496674 0.556956 0.498424 0.577498 0.506303 0.605976 0.513480 0.633987 0.519258 0.671802 0.522409 0.697246 0.522059 0.713585 0.520658 0.749066 0.514356 0.763539 0.509804 0.769141 0.507353 0.773109 0.503676 0.779645 0.500175 0.786881 0.493873 0.791783 0.491246 0.793184 0.488620 0.797152 0.485994 0.800654 0.481268 0.807890 0.474265 0.811625 0.467087 0.815359 0.456583 0.816993 0.446604 0.815593 0.439076 0.814192 0.436975 0.810224 0.433824 0.807190 0.428396 0.793884 0.417017 0.783147 0.411415 0.773810 0.407563 0.748133 0.398284 0.718021 0.391807 0.689542 0.388130 0.670868 0.384454 0.626517 0.380427 0.612045 0.380077 0.608777 0.380777 0.594304 0.380952 0.588235 0.382353 0.581232 0.382878 0.562092 0.386730 0.546685 0.390756 0.535948 0.395308 0.532680 0.395833 0.517507 0.402661 0.505602 0.409839 0.500700 0.413690 0.496032 0.418242 0.491597 0.424195 0.488796 0.429272 0.487862 0.433298 0.487628 0.442752 0.488329 0.445728
0 0.595705 0.282913 0.600373 0.290966 0.609244 0.297794 0.623716 0.305847 0.632586 0.309524 0.643557 0.312325 0.646825 0.311975 0.651494 0.314251 0.675070 0.318978 0.689309 0.318452 0.726424 0.311099 0.741130 0.310574 0.751634 0.307423 0.761671 0.306373 0.767974 0.304447 0.823996 0.292017 0.833800 0.288690 0.842204 0.284489 0.852474 0.280637 0.859244 0.276436 0.869048 0.267682 0.874883 0.264006 0.881186 0.251751 0.883287 0.243697 0.885854 0.241246 0.887955 0.234069 0.888655 0.225665 0.885854 0.210259 0.876984 0.195378 0.871148 0.189076 0.861811 0.182423 0.860644 0.180847 0.848039 0.173845 0.824930 0.165266 0.804388 0.160539 0.780345 0.158438 0.758637 0.159664 0.734360 0.165791 0.706583 0.175945 0.701681 0.178746 0.685808 0.183824 0.683007 0.185749 0.678571 0.187150 0.674136 0.190126 0.658497 0.196078 0.644024 0.203081 0.633287 0.211134 0.627218 0.214986 0.622316 0.216912 0.616713 0.223389 0.605742 0.233018 0.598506 0.244748 0.592670 0.259104 0.593137 0.275560 0.595705 0.282913
1 0.672969 0.154412 0.674136 0.156863 0.673669 0.165966 0.676004 0.178746 0.678805 0.183648 0.681606 0.185049 0.685574 0.184524 0.709150 0.174370 0.714052 0.173144 0.717787 0.171043 0.727358 0.168242 0.734360 0.165091 0.752101 0.160539 0.762138 0.158964 0.777311 0.158088 0.790149 0.158613 0.806723 0.160714 0.822362 0.164041 0.850373 0.174370 0.865546 0.183648 0.880019 0.197829 0.884454 0.205707 0.887488 0.213410 0.890289 0.215686 0.894725 0.214636 0.900794 0.211310 0.908030 0.206408 0.915033 0.199930 0.926237 0.182773 0.928105 0.175420 0.929038 0.168592 0.928105 0.154237 0.921335 0.139356 0.916200 0.132703 0.908964 0.125700 0.898693 0.118172 0.890523 0.114496 0.883754 0.110294 0.880252 0.109419 0.877918 0.107668 0.870915 0.105042 0.859010 0.102066 0.838469 0.098739 0.817227 0.098389 0.804388 0.099790 0.792951 0.101716 0.766807 0.108018 0.761438 0.110644 0.744865 0.116422 0.741363 0.116947 0.734827 0.119923 0.727358 0.121849 0.720822 0.125000 0.715219 0.126576 0.710784 0.129552 0.703081 0.131828 0.692110 0.137080 0.682073 0.143732 0.678571 0.144608 0.676937 0.146183 0.676237 0.148985 0.672969 0.154412
1 0.466853 0.255252 0.478758 0.259454 0.511438 0.277136 0.526377 0.287115 0.538049 0.296569 0.553688 0.313025 0.558590 0.313550 0.564192 0.311450 0.570728 0.310224 0.582400 0.305672 0.593137 0.297969 0.597806 0.293417 0.597806 0.289916 0.591270 0.275910 0.591036 0.261905 0.592437 0.254727 0.596639 0.245448 0.604342 0.232843 0.617414 0.220413 0.616713 0.217087 0.612979 0.213060 0.605742 0.207633 0.588469 0.200805 0.581466 0.199930 0.577965 0.200980 0.567694 0.206232 0.545985 0.221113 0.522642 0.231793 0.491597 0.240896 0.477124 0.244223 0.463119 0.246148 0.457516 0.247899 0.460317 0.251751 0.466853 0.255252
1 0.591036 0.200980 0.605976 0.207283 0.613679 0.212535 0.619748 0.218137 0.623016 0.216562 0.640756 0.204482 0.659664 0.195028 0.674603 0.189251 0.676704 0.187325 0.677871 0.185574 0.674136 0.176120 0.672269 0.162290 0.672736 0.157913 0.671569 0.155112 0.658030 0.150910 0.653361 0.151611 0.650560 0.153361 0.645191 0.159664 0.636088 0.166667 0.612512 0.179622 0.596872 0.185574 0.594071 0.187850 0.587302 0.196078 0.585668 0.199580 0.591036 0.200980
1 0.416900 0.089986 0.420635 0.088936 0.425770 0.089986 0.429972 0.089111 0.447246 0.088585 0.460784 0.089111 0.469655 0.091036 0.487628 0.092612 0.494865 0.094363 0.501634 0.095063 0.529645 0.101366 0.534080 0.101541 0.546919 0.103992 0.566293 0.110994 0.575630 0.116772 0.587768 0.125875 0.593604 0.132353 0.596405 0.137080 0.597339 0.144608 0.602708 0.152136 0.602708 0.156513 0.600140 0.164391 0.599673 0.172444 0.597806 0.178221 0.597339 0.182073 0.598506 0.182598 0.610177 0.180322 0.623950 0.174020 0.632586 0.168943 0.644258 0.159839 0.648926 0.154062 0.654995 0.149335 0.660831 0.141106 0.664799 0.137605 0.669234 0.130427 0.673203 0.120098 0.674136 0.113796 0.673436 0.106092 0.668534 0.093662 0.661531 0.083859 0.653128 0.077381 0.638189 0.070028 0.616713 0.063901 0.606209 0.062150 0.587535 0.059699 0.570728 0.058648 0.518908 0.058298 0.498833 0.059699 0.477124 0.063200 0.450280 0.070378 0.434174 0.077206 0.429272 0.080707 0.419468 0.084734 0.415966 0.088410 0.416900 0.089986
1 0.253501 0.498950 0.258170 0.506653 0.264239 0.514006 0.272409 0.520483 0.278945 0.523985 0.285948 0.527486 0.298086 0.531688 0.300420 0.533088 0.317227 0.537290 0.341970 0.541317 0.345472 0.541141 0.348739 0.542542 0.362045 0.543768 0.370915 0.543417 0.386088 0.545168 0.411064 0.546569 0.430439 0.546744 0.453315 0.545343 0.473856 0.542542 0.485061 0.539216 0.504902 0.532038 0.513772 0.527836 0.517974 0.524335 0.522176 0.522409 0.531279 0.515406 0.542717 0.501751 0.541783 0.494748 0.521242 0.483193 0.507236 0.473564 0.499066 0.465336 0.492063 0.456583 0.486228 0.442752 0.486695 0.431898 0.487395 0.428746 0.489729 0.424720 0.492063 0.422444 0.494631 0.417367 0.497666 0.414916 0.497199 0.412815 0.491363 0.409664 0.486228 0.407913 0.473156 0.406863 0.463819 0.408438 0.456583 0.405287 0.445145 0.405637 0.440243 0.406688 0.401961 0.407213 0.384454 0.409489 0.373016 0.410189 0.342204 0.415616 0.313959 0.424370 0.300187 0.430497 0.286648 0.437675 0.275910 0.445903 0.269608 0.452906 0.260271 0.466737 0.255369 0.481092 0.253035 0.491422 0.252568 0.495098 0.253501 0.498950
0 0.057190 0.712535 0.063959 0.722164 0.073296 0.729167 0.081466 0.731793 0.085668 0.734244 0.091737 0.736520 0.099907 0.736870 0.113212 0.738796 0.122782 0.741246 0.159664 0.745098 0.171102 0.747374 0.182306 0.748599 0.189076 0.750350 0.204482 0.752276 0.241130 0.751576 0.267740 0.744223 0.276144 0.742647 0.280345 0.740721 0.294818 0.736345 0.317694 0.724265 0.334967 0.709559 0.339869 0.703431 0.346405 0.686625 0.346172 0.675245 0.345005 0.672444 0.343371 0.654412 0.338702 0.647409 0.332633 0.642332 0.331699 0.640581 0.317927 0.632003 0.306956 0.628326 0.303922 0.626401 0.296218 0.624300 0.281746 0.621849 0.247666 0.623775 0.222689 0.623424 0.201681 0.620448 0.183473 0.615721 0.179038 0.615196 0.150794 0.619048 0.144958 0.620973 0.133754 0.623249 0.123016 0.626401 0.117180 0.629377 0.107610 0.631653 0.101541 0.636555 0.095705 0.639181 0.083800 0.647409 0.065826 0.661415 0.060224 0.668417 0.056489 0.674720 0.053688 0.681898 0.053455 0.698704 0.057190 0.712535
0 0.256536 0.938901 0.261905 0.945903 0.269141 0.951681 0.282913 0.959559 0.296919 0.964461 0.314192 0.969363 0.320962 0.970238 0.327731 0.972339 0.336134 0.973564 0.341737 0.975140 0.359711 0.976366 0.366947 0.978116 0.401027 0.979517 0.404295 0.978641 0.410364 0.978992 0.439076 0.976716 0.460317 0.973039 0.501401 0.961485 0.527544 0.950805 0.541317 0.943803 0.546452 0.940301 0.554622 0.932423 0.558123 0.926120 0.559290 0.921744 0.559991 0.912115 0.558357 0.902486 0.558123 0.890231 0.554155 0.882703 0.547852 0.876050 0.535481 0.867997 0.525910 0.862920 0.520542 0.861345 0.501401 0.857318 0.490196 0.856443 0.480159 0.854167 0.449346 0.851541 0.442810 0.850315 0.420635 0.850315 0.404995 0.851366 0.383053 0.853641 0.369281 0.856268 0.361111 0.856793 0.340570 0.860119 0.328898 0.863971 0.322829 0.864846 0.315593 0.867472 0.279645 0.885154 0.274510 0.889181 0.261671 0.900385 0.254902 0.911239 0.252334 0.918768 0.252568 0.930147 0.256536 0.938901
0 0.313959 0.769083 0.317227 0.775735 0.321195 0.782563 0.327965 0.790966 0.331699 0.793768 0.334034 0.796744 0.340570 0.801120 0.342204 0.803746 0.351774 0.811275 0.358777 0.814951 0.362745 0.818452 0.369981 0.821254 0.418768 0.835259 0.449346 0.842612 0.470588 0.844713 0.477358 0.847514 0.488095 0.848564 0.496032 0.850315 0.521242 0.852766 0.536181 0.851716 0.541083 0.850315 0.543417 0.848739 0.547152 0.849090 0.556256 0.847514 0.567460 0.841912 0.582866 0.828957 0.586835 0.821078 0.589636 0.817577 0.592204 0.810749 0.594071 0.801120 0.593838 0.793417 0.590103 0.779587 0.581466 0.765056 0.570028 0.753326 0.568161 0.750350 0.562792 0.747024 0.552754 0.738971 0.543417 0.734769 0.539683 0.731968 0.519608 0.724615 0.484360 0.709034 0.480859 0.708158 0.454482 0.707108 0.431373 0.705182 0.425070 0.705357 0.418768 0.704307 0.406863 0.703957 0.401261 0.702906 0.389589 0.702206 0.379785 0.702556 0.372549 0.701856 0.358777 0.702731 0.348739 0.705707 0.346755 0.707020 0.338469 0.709909 0.334267 0.714286 0.323063 0.722864 0.320962 0.723739 0.313959 0.733718 0.311625 0.744048 0.311391 0.758578 0.313959 0.769083
0 0.400560 0.619223 0.404762 0.628676 0.409664 0.643382 0.413866 0.651961 0.418067 0.657563 0.430906 0.670518 0.452614 0.686450 0.460784 0.690651 0.468721 0.696954 0.487162 0.708508 0.496499 0.713410 0.510504 0.718838 0.522409 0.724790 0.539449 0.729342 0.571429 0.735994 0.577498 0.736870 0.592904 0.736695 0.595238 0.737395 0.616480 0.736520 0.637722 0.732143 0.649160 0.728116 0.657796 0.723915 0.668534 0.715511 0.672969 0.713410 0.686041 0.697479 0.688375 0.693102 0.688842 0.690301 0.691410 0.686975 0.693511 0.667892 0.685808 0.655112 0.682306 0.650910 0.676237 0.645658 0.650327 0.628676 0.623016 0.615021 0.576331 0.598039 0.553922 0.587710 0.536881 0.583859 0.535714 0.581583 0.532680 0.580182 0.510971 0.574230 0.496965 0.571429 0.473389 0.569853 0.456816 0.571078 0.445845 0.573004 0.439309 0.574930 0.424603 0.580532 0.409430 0.590336 0.402661 0.598389 0.398459 0.612570 0.398226 0.616246 0.400560 0.619223
0 0.606209 0.914216 0.612512 0.928746 0.618347 0.936099 0.623016 0.939776 0.626284 0.944153 0.634220 0.949930 0.647292 0.956232 0.654295 0.958859 0.672035 0.963761 0.681139 0.964286 0.699813 0.965161 0.710317 0.964636 0.718721 0.963410 0.738796 0.964111 0.754202 0.962885 0.773109 0.962885 0.793184 0.961485 0.802988 0.958683 0.813959 0.952206 0.817460 0.951331 0.825397 0.947654 0.842670 0.937150 0.851541 0.930497 0.860177 0.923144 0.871849 0.908438 0.876050 0.898284 0.877684 0.890931 0.878151 0.883228 0.876984 0.876576 0.874183 0.869923 0.867647 0.860469 0.865546 0.855917 0.862278 0.853116 0.853175 0.842262 0.845238 0.836660 0.834967 0.830882 0.817460 0.825280 0.790149 0.821429 0.759804 0.820728 0.736461 0.821429 0.689542 0.825805 0.685107 0.827381 0.672969 0.829657 0.657796 0.834909 0.649160 0.840161 0.629318 0.855567 0.616947 0.869748 0.609244 0.883929 0.606209 0.896183 0.605509 0.903361 0.606209 0.914216
1 0.591970 0.748074 0.595005 0.752101 0.600373 0.755077 0.619514 0.762955 0.633754 0.766982 0.657563 0.772409 0.676237 0.775385 0.700514 0.777661 0.727124 0.781338 0.741597 0.781863 0.744164 0.782563 0.773343 0.782388 0.782913 0.781513 0.790850 0.780112 0.803688 0.776261 0.807190 0.776085 0.824230 0.770833 0.838235 0.764706 0.854342 0.754902 0.869748 0.741947 0.876751 0.732318 0.882820 0.720413 0.885154 0.713761 0.884921 0.703081 0.877451 0.681898 0.873016 0.674895 0.862745 0.664566 0.858777 0.661940 0.855509 0.661064 0.850607 0.657913 0.838469 0.652836 0.816527 0.647584 0.792951 0.644608 0.748133 0.642157 0.709851 0.643908 0.692577 0.646359 0.690243 0.647934 0.688842 0.650910 0.690943 0.654237 0.691643 0.657738 0.695612 0.660889 0.697246 0.661064 0.698880 0.662290 0.698880 0.664916 0.702381 0.666842 0.704015 0.666842 0.705649 0.668592 0.699346 0.672094 0.698880 0.675420 0.700280 0.677346 0.700280 0.679272 0.696545 0.683999 0.690243 0.688375 0.685574 0.699230 0.672969 0.713585 0.664566 0.720238 0.651727 0.727766 0.636788 0.733193 0.619281 0.736169 0.595005 0.737570 0.591503 0.739846 0.591036 0.745098 0.591970 0.748074
1 0.681606 0.786590 0.694911 0.799370 0.702848 0.805497 0.711718 0.810924 0.730859 0.819678 0.760738 0.819503 0.791083 0.820553 0.824463 0.824755 0.841036 0.820903 0.845472 0.820728 0.894258 0.808298 0.916900 0.797269 0.922969 0.791667 0.930439 0.781513 0.932073 0.773985 0.932540 0.762080 0.927171 0.744923 0.913866 0.726891 0.908730 0.722514 0.893791 0.712360 0.890756 0.710959 0.888422 0.710959 0.887021 0.711310 0.885854 0.713060 0.877218 0.733543 0.868114 0.744223 0.854575 0.755252 0.838469 0.765231 0.816060 0.774510 0.809991 0.776261 0.800187 0.777311 0.796919 0.778186 0.793651 0.780287 0.789916 0.780462 0.786881 0.781513 0.765173 0.782563 0.761905 0.783438 0.757003 0.782563 0.747899 0.782738 0.722923 0.781338 0.701447 0.778011 0.682773 0.776786 0.680906 0.777136 0.678805 0.778711 0.679038 0.782913 0.681606 0.786590
1 0.523576 0.546919 0.527311 0.556898 0.532913 0.565301 0.541550 0.575280 0.558824 0.588410 0.591970 0.602766 0.605976 0.606968 0.616013 0.609069 0.619748 0.610644 0.626984 0.611169 0.630019 0.612045 0.661765 0.616071 0.692110 0.618347 0.707516 0.617997 0.719655 0.618697 0.734360 0.618347 0.745098 0.616772 0.752101 0.614846 0.758637 0.614671 0.764939 0.612745 0.768908 0.612570 0.775910 0.610994 0.779412 0.608193 0.788049 0.604692 0.797386 0.597339 0.805556 0.585959 0.811158 0.573880 0.811858 0.569503 0.811391 0.557423 0.803688 0.540091 0.795752 0.532738 0.792484 0.528361 0.776611 0.515406 0.769141 0.512430 0.758637 0.512780 0.740196 0.517507 0.704482 0.522409 0.661531 0.522409 0.626284 0.518382 0.616713 0.516632 0.592437 0.510854 0.585201 0.508403 0.574697 0.506303 0.565126 0.502801 0.561391 0.502626 0.558123 0.503676 0.554622 0.506127 0.542717 0.510679 0.536415 0.514531 0.528245 0.522584 0.527077 0.526436 0.524743 0.529237 0.523109 0.535889 0.522642 0.540966 0.523576 0.546919
1 0.591270 0.373249 0.592204 0.378852 0.594538 0.380602 0.608077 0.379727 0.624183 0.380077 0.666433 0.383053 0.683707 0.385854 0.689309 0.387430 0.692577 0.387430 0.702614 0.389531 0.726657 0.393032 0.750934 0.398810 0.769841 0.405287 0.789449 0.413340 0.799020 0.419993 0.808824 0.428922 0.813959 0.438375 0.831699 0.438025 0.841737 0.434699 0.848739 0.431197 0.853408 0.425245 0.853875 0.423319 0.860177 0.420693 0.862278 0.417192 0.866246 0.413866 0.871382 0.404587 0.874650 0.401261 0.882586 0.386905 0.882353 0.376751 0.872316 0.355742 0.866480 0.348389 0.861345 0.345063 0.858777 0.341737 0.854108 0.339461 0.846872 0.334034 0.832400 0.326856 0.824697 0.324055 0.810691 0.319503 0.800654 0.317227 0.795285 0.316702 0.782913 0.313725 0.772876 0.312500 0.752568 0.311275 0.733660 0.312850 0.710084 0.316352 0.691643 0.320378 0.661998 0.325105 0.637021 0.330357 0.620448 0.334909 0.618114 0.336835 0.604809 0.341912 0.597106 0.347864 0.595472 0.352941 0.591970 0.355917 0.590336 0.362395 0.591270 0.373249
1 0.562558 0.333683 0.563259 0.343487 0.561625 0.350490 0.558357 0.353466 0.557890 0.356092 0.560924 0.360469 0.562792 0.365896 0.562325 0.367647 0.560458 0.369748 0.556178 0.371674 0.553688 0.371674 0.550887 0.372899 0.545518 0.379202 0.528478 0.390931 0.521475 0.393908 0.519374 0.395658 0.515640 0.396709 0.508170 0.397409 0.507470 0.400385 0.504669 0.401786 0.494865 0.404412 0.499300 0.405637 0.501634 0.408263 0.525444 0.397409 0.527778 0.395658 0.552754 0.387430 0.563492 0.384979 0.571662 0.384279 0.588469 0.381303 0.591970 0.380077 0.590103 0.366597 0.590336 0.359244 0.593137 0.352066 0.596639 0.346464 0.599907 0.343137 0.605742 0.340161 0.612278 0.338410 0.626517 0.331583 0.625350 0.327906 0.623950 0.326506 0.609477 0.320903 0.596872 0.319503 0.576564 0.318627 0.563025 0.318627 0.560691 0.318803 0.559290 0.319678 0.558590 0.321254 0.562558 0.333683
1 0.772176 0.311625 0.775677 0.311450 0.782446 0.312500 0.790149 0.314601 0.799020 0.315826 0.824697 0.323529 0.839402 0.329482 0.852241 0.336835 0.861111 0.343487 0.867880 0.350140 0.879318 0.366947 0.883053 0.377801 0.882120 0.389706 0.882820 0.392332 0.883754 0.392682 0.887021 0.391282 0.893324 0.387080 0.900560 0.380077 0.912698 0.362745 0.914566 0.356092 0.913632 0.341912 0.908030 0.329307 0.901261 0.318452 0.891923 0.309174 0.880019 0.300770 0.866013 0.292717 0.845005 0.286415 0.820728 0.293592 0.790616 0.300245 0.783380 0.302521 0.772642 0.304097 0.769374 0.306723 0.770075 0.310224 0.772176 0.311625
1 0.875350 0.264706 0.863445 0.275210 0.853408 0.281338 0.849440 0.282913 0.845938 0.286415 0.852241 0.287640 0.864613 0.291842 0.890756 0.306723 0.894258 0.304797 0.901261 0.294993 0.904528 0.286064 0.904995 0.276436 0.901961 0.262255 0.897526 0.254902 0.890756 0.247724 0.887255 0.245448 0.883987 0.247724 0.879318 0.259279 0.875350 0.264706
1 0.591036 0.200980 0.607143 0.207983 0.619514 0.217962 0.623016 0.216562 0.641223 0.204132 0.659897 0.194853 0.674603 0.189251 0.676937 0.186975 0.677638 0.185049 0.673903 0.175595 0.672502 0.157563 0.671569 0.155287 0.658263 0.151085 0.653828 0.151436 0.650560 0.153361 0.642390 0.161940 0.631419 0.170168 0.614379 0.179097 0.598973 0.184524 0.595705 0.186450 0.587302 0.196078 0.585668 0.199580 0.591036 0.200980
1 0.292250 0.622549 0.304155 0.625875 0.319795 0.632178 0.325397 0.635154 0.336134 0.643207 0.341036 0.647409 0.341970 0.649160 0.345238 0.649860 0.354342 0.636029 0.360878 0.629377 0.376751 0.617122 0.387722 0.609944 0.395191 0.606793 0.397526 0.605042 0.407096 0.588410 0.394258 0.580182 0.390523 0.578957 0.382586 0.573004 0.370915 0.561625 0.366713 0.553571 0.365313 0.546744 0.362979 0.545693 0.359244 0.545518 0.355742 0.549720 0.351774 0.557423 0.341270 0.567577 0.343838 0.570378 0.343371 0.574755 0.341036 0.581232 0.336835 0.588761 0.333333 0.592437 0.325864 0.599265 0.317927 0.604342 0.300187 0.613796 0.289449 0.616246 0.286881 0.619048 0.286881 0.619923 0.292250 0.622549
1 0.149860 0.474265 0.151261 0.479342 0.152894 0.480742 0.189309 0.482318 0.219655 0.485819 0.225257 0.487745 0.239262 0.490546 0.248133 0.494048 0.251167 0.492297 0.255135 0.477591 0.260738 0.464636 0.265873 0.456583 0.266340 0.453081 0.264006 0.452731 0.257236 0.453606 0.220355 0.453431 0.192810 0.449405 0.171802 0.448179 0.161531 0.448704 0.159197 0.449405 0.156629 0.451681 0.154062 0.456758 0.151494 0.466562 0.151261 0.470938 0.149860 0.474265
1 0.073296 0.858894 0.075630 0.863445 0.077498 0.866071 0.082866 0.870273 0.095005 0.876751 0.137488 0.890406 0.154295 0.892857 0.191877 0.895833 0.221055 0.896008 0.245098 0.893207 0.262138 0.890056 0.268908 0.886905 0.272642 0.886204 0.275910 0.883929 0.279645 0.883228 0.291550 0.878326 0.307423 0.869573 0.310924 0.868522 0.318627 0.863971 0.322829 0.860819 0.324697 0.858368 0.331933 0.854692 0.349673 0.838585 0.354809 0.831933 0.359944 0.820378 0.359244 0.817752 0.344538 0.807773 0.329832 0.795168 0.324930 0.789741 0.315126 0.776611 0.311391 0.765581 0.307190 0.758578 0.300187 0.756478 0.295752 0.756653 0.281279 0.754552 0.254902 0.754552 0.241830 0.753326 0.222923 0.753852 0.178571 0.758754 0.172736 0.760854 0.164799 0.762080 0.154528 0.766106 0.150794 0.766282 0.136555 0.770833 0.133520 0.772759 0.123483 0.776786 0.114846 0.781688 0.098973 0.792717 0.084500 0.806548 0.077498 0.817577 0.074463 0.826856 0.071895 0.841737 0.072129 0.852766 0.073296 0.858894
1 0.532680 0.861169 0.550187 0.859769 0.580299 0.855917 0.596172 0.852941 0.617647 0.847164 0.638889 0.838761 0.652194 0.828431 0.654528 0.825455 0.660364 0.807598 0.660131 0.794293 0.658497 0.786064 0.656162 0.778011 0.652894 0.773810 0.650794 0.772409 0.642624 0.770833 0.618581 0.764006 0.605742 0.759804 0.598739 0.756478 0.590803 0.750175 0.586134 0.741422 0.581466 0.738796 0.575864 0.738620 0.560691 0.736345 0.556489 0.737745 0.556489 0.741071 0.561158 0.742647 0.568161 0.749300 0.571195 0.754202 0.575397 0.757353 0.580532 0.763130 0.589869 0.778186 0.592904 0.786064 0.594071 0.792017 0.594538 0.803309 0.593838 0.808473 0.586835 0.824230 0.583567 0.828081 0.581466 0.832633 0.578198 0.834209 0.572129 0.839636 0.564426 0.842087 0.560458 0.846814 0.553221 0.848915 0.550420 0.850665 0.542717 0.852066 0.532680 0.852416 0.525444 0.853817 0.523343 0.855742 0.522409 0.859244 0.532680 0.861169
1 0.666200 0.627101 0.668301 0.630252 0.675070 0.632878 0.685574 0.635154 0.690009 0.641807 0.691410 0.642507 0.692810 0.642507 0.695612 0.640056 0.699346 0.640931 0.702848 0.643207 0.713119 0.641982 0.717087 0.642332 0.750467 0.640756 0.765406 0.641807 0.774743 0.641632 0.811391 0.645133 0.821195 0.646884 0.831466 0.647059 0.847806 0.640931 0.852474 0.640231 0.855742 0.638831 0.868347 0.631478 0.877451 0.623950 0.882120 0.617997 0.887021 0.604867 0.887955 0.594188 0.886088 0.584559 0.880486 0.568803 0.872082 0.560574 0.854575 0.548319 0.837768 0.542892 0.822362 0.539391 0.810924 0.537990 0.802054 0.538340 0.800420 0.539741 0.803922 0.542192 0.808123 0.547619 0.810691 0.554272 0.812558 0.565651 0.811625 0.574230 0.808590 0.581583 0.804388 0.588410 0.801354 0.591036 0.795051 0.599265 0.790383 0.603466 0.777077 0.609944 0.766807 0.613270 0.755135 0.615546 0.745331 0.616071 0.740430 0.617472 0.716853 0.617647 0.710551 0.618347 0.689542 0.616947 0.678571 0.617472 0.675070 0.616246 0.672035 0.617472 0.666900 0.617647 0.664566 0.617472 0.660831 0.615896 0.656629 0.619048 0.657563 0.621849 0.666200 0.627101
1 0.816760 0.456933 0.815593 0.461660 0.811858 0.469538 0.806022 0.478466 0.796218 0.487745 0.793651 0.491422 0.787815 0.494573 0.768908 0.508578 0.787115 0.522409 0.792484 0.524685 0.817694 0.520133 0.834034 0.515931 0.838235 0.514181 0.853175 0.505777 0.861578 0.494398 0.866013 0.491246 0.867414 0.488796 0.869981 0.477766 0.869748 0.462885 0.866713 0.452381 0.859244 0.439951 0.848506 0.433999 0.824930 0.441176 0.818394 0.445903 0.816760 0.450455 0.816760 0.456933
1 0.800420 0.534839 0.830999 0.540791 0.855742 0.548319 0.862979 0.554097 0.871849 0.559699 0.880019 0.567227 0.883520 0.566877 0.889823 0.560749 0.894958 0.550420 0.897292 0.539916 0.897759 0.532213 0.896359 0.525035 0.890990 0.512955 0.885154 0.504727 0.877918 0.498074 0.869748 0.492122 0.866246 0.492472 0.862278 0.495273 0.858077 0.499825 0.856909 0.502276 0.852474 0.506478 0.835434 0.515931 0.830999 0.517507 0.805322 0.522409 0.792951 0.525735 0.794818 0.529412 0.800420 0.534839
1 0.872082 0.628326 0.865313 0.632878 0.851774 0.640056 0.839869 0.643732 0.831466 0.647409 0.834734 0.650910 0.856209 0.659139 0.869514 0.668768 0.873249 0.666317 0.880486 0.658088 0.884454 0.651436 0.887255 0.644083 0.887722 0.635854 0.886088 0.628501 0.883520 0.623074 0.880019 0.621499 0.873249 0.626576 0.872082 0.628326
1 0.050887 0.546394 0.052288 0.550420 0.054855 0.553922 0.059524 0.558999 0.066527 0.564601 0.088469 0.577381 0.123016 0.592612 0.179505 0.613796 0.186041 0.615021 0.199346 0.619048 0.229925 0.622899 0.244398 0.623074 0.275210 0.619923 0.296919 0.614496 0.313025 0.607318 0.325397 0.599440 0.331699 0.593662 0.338936 0.585084 0.343371 0.574930 0.344304 0.569503 0.351074 0.557423 0.350840 0.553746 0.345705 0.552696 0.342204 0.550420 0.340336 0.545518 0.338936 0.543417 0.337302 0.542542 0.327498 0.539916 0.317460 0.538515 0.291783 0.530812 0.280579 0.526261 0.272876 0.521534 0.264706 0.515756 0.258170 0.508754 0.248833 0.494048 0.244631 0.492297 0.215686 0.485644 0.186041 0.482668 0.168768 0.481618 0.139589 0.482668 0.109010 0.487570 0.094771 0.492647 0.084967 0.497199 0.074930 0.503326 0.059757 0.515406 0.053688 0.523985 0.051120 0.529237 0.050187 0.534314 0.049953 0.540791 0.050887 0.546394
1 0.371849 0.558473 0.372082 0.560749 0.374650 0.564426 0.378151 0.568102 0.390523 0.578431 0.394491 0.580007 0.397526 0.582458 0.407563 0.585609 0.411531 0.585959 0.431606 0.576331 0.442577 0.572479 0.463119 0.569153 0.483894 0.569153 0.501867 0.571429 0.511671 0.573354 0.539683 0.580882 0.542017 0.580532 0.543417 0.578431 0.535948 0.570378 0.532213 0.563901 0.528245 0.559349 0.523343 0.546569 0.522642 0.536415 0.525910 0.525910 0.525910 0.522234 0.525444 0.523109 0.518674 0.525735 0.515873 0.528186 0.511905 0.529412 0.506069 0.532563 0.489963 0.538340 0.473856 0.543067 0.466620 0.544468 0.449813 0.546919 0.442110 0.546919 0.438842 0.546218 0.431139 0.547269 0.407096 0.547094 0.379785 0.544993 0.370215 0.546043 0.368114 0.548845 0.368114 0.553922 0.371849 0.558473
1 0.348973 0.681898 0.353175 0.685924 0.358543 0.689601 0.372782 0.697304 0.383987 0.700455 0.390289 0.701331 0.460551 0.706583 0.474323 0.706933 0.476891 0.706232 0.477591 0.702906 0.439076 0.677521 0.431186 0.671254 0.416433 0.656338 0.412932 0.651085 0.406863 0.637255 0.406162 0.633754 0.403128 0.628151 0.399160 0.616246 0.398693 0.608894 0.397526 0.605567 0.395892 0.607143 0.391923 0.608368 0.384220 0.612570 0.373483 0.619748 0.358777 0.632178 0.351774 0.640756 0.348273 0.647584 0.346405 0.653887 0.348039 0.678922 0.348973 0.681898