0 0.541877 0.324150 0.542512 0.341887 0.550127 0.373586 0.557106 0.393963 0.577412 0.442264 0.596764 0.472076 0.616433 0.496981 0.629125 0.510190 0.643083 0.521509 0.661484 0.533208 0.679887 0.541132 0.705583 0.544905 0.713199 0.547546 0.731282 0.546414 0.748731 0.540755 0.761421 0.532831 0.769669 0.524528 0.777285 0.509433 0.777602 0.496227 0.775062 0.474340 0.762056 0.432831 0.756028 0.421509 0.741752 0.378868 0.740799 0.369810 0.726523 0.320755 0.716053 0.293208 0.703998 0.271699 0.685914 0.245660 0.671954 0.229056 0.657678 0.216604 0.650380 0.212076 0.618972 0.197736 0.592639 0.193586 0.578046 0.195095 0.563134 0.201887 0.553933 0.209810 0.538072 0.229433 0.530456 0.245660 0.526968 0.257359 0.526968 0.286414 0.530456 0.300000 0.536484 0.314718 0.541877 0.324150
1 0.614847 0.193208 0.619606 0.197359 0.623097 0.197736 0.639595 0.205282 0.656727 0.214718 0.669100 0.224528 0.683058 0.240000 0.701778 0.265660 0.717322 0.293208 0.737944 0.354340 0.741116 0.355850 0.755076 0.352076 0.760470 0.349056 0.772208 0.338491 0.784264 0.315095 0.789975 0.293208 0.791243 0.250944 0.789023 0.210190 0.784264 0.183396 0.771257 0.139623 0.755394 0.107169 0.743338 0.088301 0.727792 0.070190 0.694162 0.041887 0.676713 0.032454 0.661167 0.027546 0.650699 0.027546 0.637373 0.032454 0.633248 0.030944 0.627537 0.019245 0.623414 0.016227 0.619289 0.016981 0.617387 0.018868 0.617387 0.022641 0.622144 0.035850 0.622463 0.043396 0.613579 0.060755 0.609771 0.074340 0.608819 0.101509 0.611993 0.132831 0.611993 0.158113 0.614847 0.193208
1 0.779822 0.162264 0.785215 0.183396 0.790609 0.216604 0.792194 0.265282 0.793465 0.271699 0.808692 0.286792 0.825190 0.297359 0.834391 0.301132 0.853109 0.304905 0.870558 0.302641 0.884201 0.297359 0.894035 0.291699 0.903553 0.282641 0.909898 0.272454 0.915926 0.248301 0.917512 0.228301 0.916243 0.181509 0.918465 0.147924 0.918148 0.136227 0.914340 0.113586 0.907678 0.092076 0.892766 0.065282 0.878174 0.049810 0.871192 0.046414 0.854694 0.047546 0.834074 0.046792 0.803616 0.049433 0.778870 0.054718 0.765546 0.062264 0.760787 0.067546 0.755394 0.077736 0.751586 0.089810 0.752220 0.098868 0.757296 0.107169 0.771257 0.137359 0.779822 0.162264
0 0.166560 0.173963 0.173859 0.179245 0.188451 0.187546 0.212880 0.195472 0.224938 0.196981 0.255076 0.195850 0.277602 0.190190 0.308058 0.176981 0.322019 0.172454 0.335977 0.166414 0.355331 0.153586 0.374049 0.134718 0.381028 0.120377 0.385153 0.103773 0.385153 0.084150 0.380076 0.064150 0.371826 0.051322 0.360722 0.039245 0.344861 0.028678 0.315674 0.018113 0.303933 0.015472 0.279822 0.012831 0.258567 0.013963 0.230331 0.020755 0.217005 0.025660 0.193211 0.038491 0.167831 0.056981 0.159264 0.066792 0.152919 0.076981 0.143718 0.097736 0.139595 0.113963 0.140546 0.130190 0.145306 0.142641 0.159581 0.166037 0.166560 0.173963
1 0.000000 0.360000 0.004442 0.360377 0.018718 0.353208 0.032678 0.339245 0.035850 0.333963 0.045051 0.324150 0.069479 0.283396 0.113896 0.192831 0.124683 0.154718 0.126903 0.135472 0.126269 0.105660 0.122144 0.083773 0.117069 0.068301 0.106917 0.047546 0.099937 0.036604 0.092956 0.028678 0.080900 0.019245 0.071384 0.014718 0.043465 0.010190 0.023794 0.013586 0.009836 0.020755 0.000000 0.027546 0.000000 0.360000
0 0.245241 0.616227 0.254125 0.623019 0.269988 0.631699 0.286167 0.635095 0.300127 0.636227 0.320431 0.630190 0.332488 0.625282 0.355012 0.612831 0.367387 0.602641 0.378491 0.590190 0.401650 0.554340 0.418782 0.514718 0.424810 0.497736 0.438451 0.449810 0.444796 0.421132 0.448287 0.397359 0.449556 0.378491 0.448604 0.348301 0.442576 0.320000 0.432424 0.300377 0.427030 0.296981 0.427981 0.286414 0.425444 0.284528 0.419417 0.285282 0.412438 0.279245 0.404505 0.275850 0.391815 0.275472 0.383884 0.272076 0.372463 0.272454 0.353743 0.275850 0.329632 0.286414 0.309009 0.300377 0.294100 0.314340 0.274428 0.341887 0.259836 0.382264 0.255394 0.397736 0.251903 0.418491 0.249366 0.424528 0.244606 0.444528 0.240799 0.469433 0.234771 0.498113 0.230648 0.510944 0.227157 0.535095 0.227157 0.569433 0.229060 0.581509 0.236359 0.604905 0.245241 0.616227
1 0.000000 0.773586 0.009836 0.779623 0.019035 0.782264 0.032678 0.783773 0.047271 0.783396 0.071067 0.774718 0.098350 0.755850 0.108185 0.746414 0.138324 0.706037 0.152602 0.681509 0.166243 0.652076 0.177347 0.618491 0.187183 0.582264 0.191308 0.558868 0.194796 0.523019 0.194479 0.472831 0.191308 0.454718 0.185597 0.438868 0.177347 0.426037 0.165609 0.412454 0.151016 0.404150 0.141181 0.401132 0.129442 0.400000 0.114213 0.401509 0.107868 0.403396 0.091688 0.412076 0.088199 0.415850 0.078046 0.422264 0.061866 0.436981 0.039023 0.466792 0.021891 0.498113 0.013007 0.521887 0.005394 0.549810 0.002537 0.566037 0.000000 0.570944 0.000000 0.773586
1 0.064086 0.435095 0.078046 0.420377 0.088199 0.412454 0.105012 0.402641 0.114530 0.399245 0.140546 0.399245 0.155139 0.404528 0.167512 0.412831 0.184326 0.433963 0.192576 0.452454 0.200190 0.444150 0.213199 0.417736 0.216370 0.407924 0.217639 0.403019 0.217639 0.393963 0.216370 0.389810 0.218273 0.387169 0.216687 0.383396 0.219544 0.375850 0.223032 0.339623 0.226206 0.323019 0.232868 0.301509 0.246509 0.266037 0.245558 0.258491 0.238262 0.235472 0.227792 0.215095 0.214785 0.198491 0.191308 0.190567 0.164657 0.175850 0.140229 0.178113 0.122780 0.188301 0.111359 0.202264 0.105648 0.212831 0.072970 0.281509 0.063134 0.315095 0.056789 0.345282 0.053933 0.367546 0.054569 0.411322 0.058375 0.428301 0.060914 0.433963 0.064086 0.435095
1 0.236683 0.451127 0.240808 0.457164 0.243664 0.449618 0.243347 0.445468 0.246836 0.428486 0.259843 0.376787 0.268410 0.351505 0.281100 0.329618 0.296012 0.310750 0.306481 0.300937 0.323296 0.288863 0.342331 0.278674 0.349310 0.275655 0.368347 0.271882 0.384843 0.271127 0.393093 0.273391 0.400706 0.273391 0.403562 0.271505 0.406100 0.265845 0.408322 0.252259 0.416887 0.227354 0.416887 0.220183 0.414350 0.213391 0.402928 0.196410 0.393727 0.187354 0.372153 0.176787 0.362317 0.173391 0.355021 0.172637 0.344868 0.167731 0.331227 0.169618 0.303308 0.180938 0.291887 0.187354 0.283956 0.195278 0.270630 0.215278 0.237317 0.292259 0.227484 0.320938 0.221456 0.362449 0.221139 0.384336 0.223359 0.402069 0.229704 0.431505 0.236683 0.451127
1 0.421637 0.218491 0.425444 0.213586 0.431472 0.200755 0.445113 0.181509 0.462562 0.165282 0.482234 0.155850 0.499366 0.153208 0.515229 0.154340 0.528870 0.162264 0.536801 0.170567 0.540292 0.172454 0.543782 0.168301 0.544734 0.156604 0.546637 0.150944 0.546637 0.133586 0.543782 0.116981 0.536801 0.097736 0.519352 0.069810 0.512373 0.063396 0.498414 0.057359 0.452412 0.053586 0.442259 0.056604 0.433058 0.063396 0.427347 0.070567 0.420368 0.083019 0.410532 0.111699 0.399111 0.157359 0.395940 0.178491 0.395940 0.185660 0.404822 0.195095 0.421637 0.218491
1 0.418148 0.282641 0.423222 0.282264 0.427981 0.283773 0.429887 0.288208 0.429887 0.294718 0.433375 0.296981 0.438769 0.308301 0.443528 0.314340 0.450507 0.352076 0.451141 0.363019 0.450190 0.394340 0.446701 0.414340 0.445748 0.428678 0.452412 0.441887 0.466370 0.463396 0.472081 0.469433 0.478109 0.480000 0.481282 0.483773 0.490799 0.487546 0.499049 0.487924 0.512373 0.486037 0.541243 0.474340 0.557741 0.463396 0.571067 0.447924 0.574556 0.442264 0.574238 0.439245 0.562500 0.411322 0.549493 0.375095 0.540609 0.339623 0.539975 0.324528 0.529188 0.300000 0.525699 0.286414 0.525062 0.276981 0.525380 0.264150 0.527602 0.250190 0.534581 0.234718 0.532361 0.223019 0.540407 0.227655 0.544410 0.221106 0.546002 0.213963 0.550127 0.212831 0.558058 0.203019 0.558058 0.199245 0.555521 0.195095 0.540926 0.175095 0.529505 0.164150 0.519035 0.157736 0.505394 0.154718 0.480648 0.157736 0.462562 0.166414 0.440674 0.189056 0.427664 0.208678 0.421319 0.221887 0.411484 0.246414 0.409264 0.255472 0.406410 0.272454 0.407678 0.275095 0.416877 0.280377 0.418148 0.282641
1 0.418148 0.283019 0.421954 0.282264 0.428616 0.284528 0.429887 0.286414 0.429887 0.296227 0.434009 0.300000 0.438769 0.310190 0.442894 0.314340 0.447653 0.334340 0.450824 0.361132 0.450190 0.387924 0.445748 0.428678 0.452095 0.442264 0.466053 0.463019 0.473667 0.472076 0.478109 0.480755 0.480648 0.483773 0.488579 0.487546 0.505076 0.487546 0.516498 0.484905 0.535532 0.477359 0.556789 0.464528 0.574873 0.442641 0.574556 0.439623 0.549810 0.376227 0.544417 0.350567 0.540609 0.338491 0.540292 0.324150 0.527919 0.294340 0.525380 0.278868 0.526016 0.258491 0.528553 0.247546 0.548859 0.214718 0.559009 0.203019 0.556789 0.196604 0.540609 0.175095 0.533312 0.167546 0.517766 0.156981 0.505076 0.154340 0.495558 0.154718 0.477157 0.159245 0.462562 0.166792 0.456535 0.171699 0.434963 0.196981 0.420368 0.224150 0.411167 0.248678 0.407678 0.264905 0.407044 0.272831 0.408947 0.275850 0.416877 0.280000 0.418148 0.283019
1 0.562817 0.199623 0.565356 0.199623 0.574873 0.194718 0.587562 0.191699 0.600255 0.191699 0.608185 0.194340 0.612944 0.193208 0.613896 0.185660 0.611359 0.156604 0.610722 0.126414 0.607551 0.092454 0.608819 0.075095 0.613262 0.060000 0.612944 0.056227 0.594861 0.058491 0.590736 0.061132 0.583440 0.070567 0.562183 0.112831 0.547271 0.161132 0.544417 0.175095 0.545051 0.178491 0.549493 0.186037 0.562817 0.199623
1 0.848667 0.431699 0.855012 0.431699 0.867704 0.448301 0.880076 0.454718 0.888324 0.462641 0.894035 0.470944 0.904505 0.491699 0.913072 0.529056 0.914657 0.541509 0.915292 0.572454 0.912438 0.595472 0.907361 0.619623 0.907678 0.623019 0.909898 0.624150 0.931155 0.623019 0.936549 0.615850 0.950824 0.583773 0.954949 0.571322 0.966370 0.524150 0.984454 0.466414 0.988579 0.448678 0.991433 0.426037 0.991433 0.394718 0.988579 0.366037 0.981282 0.344528 0.960977 0.307169 0.946701 0.291322 0.933375 0.282264 0.921954 0.278491 0.910532 0.277736 0.907361 0.279245 0.899111 0.289056 0.887056 0.297359 0.873414 0.303396 0.855331 0.308301 0.844544 0.323019 0.825824 0.367546 0.814086 0.406792 0.810914 0.431699 0.811231 0.440000 0.828046 0.436604 0.842005 0.436981 0.848667 0.431699
1 0.725572 0.738491 0.736359 0.763396 0.751586 0.783396 0.759201 0.790190 0.771257 0.796981 0.778870 0.799245 0.790926 0.800000 0.800127 0.798491 0.811231 0.792831 0.823921 0.784528 0.830583 0.777736 0.846764 0.755850 0.875634 0.700000 0.899428 0.644150 0.906410 0.622264 0.913706 0.578113 0.913706 0.542641 0.910215 0.520377 0.903236 0.491699 0.898477 0.480755 0.889912 0.466414 0.881028 0.456227 0.868655 0.449810 0.865481 0.446792 0.863896 0.442641 0.857868 0.434718 0.852792 0.430567 0.846447 0.436981 0.841370 0.439245 0.827412 0.437736 0.817576 0.439623 0.800444 0.449810 0.788389 0.462264 0.783313 0.468301 0.778236 0.480000 0.779187 0.506037 0.775380 0.518868 0.771574 0.524905 0.762373 0.534718 0.753808 0.540377 0.740164 0.546414 0.737310 0.549810 0.734137 0.557359 0.721130 0.602641 0.720495 0.612076 0.717322 0.627169 0.717322 0.646792 0.715736 0.653963 0.715102 0.678491 0.716687 0.685660 0.717956 0.706792 0.725572 0.738491
1 0.819162 0.953208 0.823604 0.967169 0.828046 0.975850 0.834391 0.982641 0.842956 0.985660 0.869289 0.988678 0.889912 0.988678 0.907678 0.984905 0.932424 0.971322 0.947336 0.956981 0.961611 0.936604 0.973984 0.913963 0.987310 0.876227 0.992069 0.850567 0.995558 0.807546 0.995558 0.762641 0.992387 0.710190 0.986676 0.681887 0.974620 0.654340 0.961928 0.640377 0.946701 0.629810 0.935280 0.625660 0.907678 0.627546 0.903236 0.634340 0.900380 0.644528 0.889912 0.667924 0.887056 0.678491 0.849620 0.753208 0.832806 0.777359 0.818211 0.790944 0.809326 0.796227 0.808058 0.799245 0.808058 0.859623 0.812500 0.916981 0.817894 0.939623 0.819162 0.953208
1 0.708556 0.858426 0.708546 0.858426 0.708546 0.859935 0.708556 0.859935 0.708556 0.858426
1 0.652602 0.931699 0.661167 0.945282 0.670051 0.953586 0.685280 0.961509 0.704949 0.963773 0.718590 0.963019 0.727792 0.960377 0.740799 0.953586 0.762373 0.935095 0.777285 0.915850 0.784264 0.903396 0.794100 0.879245 0.798222 0.864150 0.804569 0.828301 0.804569 0.806792 0.803616 0.803773 0.800444 0.801509 0.796319 0.802264 0.778870 0.800377 0.765546 0.795850 0.749683 0.783019 0.742704 0.774718 0.733819 0.760377 0.723032 0.733586 0.716370 0.703396 0.713833 0.678868 0.715102 0.671699 0.714468 0.649810 0.715736 0.619245 0.712880 0.612831 0.709708 0.611322 0.706535 0.619245 0.705266 0.634718 0.703046 0.641509 0.696701 0.687169 0.687500 0.710944 0.682741 0.720000 0.666560 0.742264 0.655139 0.755850 0.641181 0.767924 0.639278 0.771699 0.639595 0.821132 0.645623 0.904905 0.647208 0.915095 0.652602 0.931699
1 0.539657 0.692076 0.540609 0.716981 0.545685 0.742641 0.551396 0.754718 0.556472 0.762641 0.569796 0.773208 0.577095 0.776227 0.588516 0.777736 0.624366 0.774340 0.634836 0.769810 0.651650 0.757359 0.665609 0.741132 0.680204 0.721132 0.686866 0.708678 0.695431 0.686037 0.696701 0.668301 0.703046 0.635850 0.705583 0.610567 0.706218 0.570567 0.705266 0.556604 0.703046 0.547546 0.693211 0.544528 0.676713 0.542264 0.671002 0.538113 0.657044 0.532454 0.628808 0.512454 0.623097 0.504905 0.612944 0.496604 0.611042 0.491699 0.598350 0.476604 0.581852 0.450567 0.577729 0.446414 0.570748 0.452831 0.568845 0.457736 0.562183 0.466414 0.545051 0.501132 0.536484 0.539245 0.533947 0.563019 0.533630 0.600755 0.536484 0.640377 0.535850 0.664905 0.539657 0.692076
1 0.381345 0.589056 0.366752 0.605660 0.349620 0.619623 0.351206 0.636227 0.359771 0.672831 0.360405 0.682264 0.368972 0.704905 0.373097 0.709433 0.375317 0.720377 0.383567 0.733963 0.396257 0.750190 0.411801 0.763019 0.424810 0.767924 0.435597 0.767169 0.448921 0.763773 0.454949 0.760755 0.459708 0.757736 0.477475 0.738113 0.491433 0.716227 0.502220 0.690190 0.509519 0.661132 0.511738 0.644150 0.511738 0.586414 0.504125 0.522641 0.499366 0.501509 0.494606 0.491322 0.487627 0.489056 0.477792 0.482641 0.446067 0.435095 0.442576 0.437736 0.429887 0.484905 0.421637 0.510567 0.402285 0.556227 0.381345 0.589056
1 0.151333 0.801509 0.151968 0.815095 0.153870 0.820377 0.161484 0.831699 0.174810 0.838868 0.184644 0.841132 0.206852 0.841887 0.219861 0.838491 0.223667 0.834340 0.227475 0.835095 0.235722 0.832454 0.238262 0.828678 0.245558 0.825282 0.254759 0.818491 0.274111 0.797359 0.290292 0.773963 0.304252 0.745282 0.318845 0.704528 0.324556 0.676227 0.326458 0.656414 0.328681 0.651699 0.328363 0.636604 0.327095 0.633586 0.321067 0.630944 0.310914 0.635850 0.297271 0.637736 0.289657 0.637359 0.268718 0.632454 0.259201 0.627546 0.244924 0.617359 0.237310 0.608678 0.230648 0.594340 0.224938 0.566792 0.224938 0.535850 0.231600 0.503019 0.231917 0.496604 0.230648 0.493586 0.226523 0.495472 0.216687 0.504528 0.202729 0.522264 0.201141 0.527169 0.196067 0.533586 0.191625 0.566414 0.184009 0.600755 0.170051 0.646414 0.149428 0.692454 0.147208 0.706037 0.144669 0.723396 0.144669 0.748301 0.148794 0.790190 0.151333 0.801509
1 0.471447 0.856604 0.475572 0.867924 0.479694 0.877736 0.493338 0.902264 0.505076 0.915095 0.520306 0.928678 0.539657 0.940000 0.549493 0.943773 0.574873 0.944905 0.588516 0.939623 0.601840 0.929810 0.610088 0.918491 0.617069 0.900377 0.624049 0.877736 0.628808 0.855850 0.631662 0.839623 0.633567 0.817736 0.633884 0.793208 0.631345 0.782264 0.632296 0.779245 0.630076 0.776604 0.621192 0.776227 0.598984 0.779245 0.577412 0.777359 0.561866 0.768678 0.554252 0.760755 0.550762 0.755095 0.544734 0.741887 0.539657 0.718868 0.538706 0.695472 0.534898 0.666414 0.533312 0.604528 0.532678 0.598113 0.529505 0.589810 0.519669 0.592076 0.514595 0.598113 0.513324 0.647546 0.507296 0.676981 0.499366 0.701509 0.492704 0.716604 0.482868 0.732454 0.478109 0.739623 0.465419 0.753586 0.462880 0.759245 0.461928 0.765660 0.462880 0.814718 0.467005 0.837736 0.471447 0.856604
1 0.311866 0.894718 0.324556 0.909056 0.347081 0.923019 0.362627 0.927169 0.385153 0.927546 0.393718 0.925660 0.408947 0.918113 0.425762 0.894718 0.440037 0.860377 0.447019 0.837736 0.456218 0.800000 0.459391 0.779245 0.458123 0.776227 0.458123 0.765660 0.455900 0.763019 0.452729 0.762641 0.446067 0.766037 0.434963 0.769056 0.427981 0.769433 0.418148 0.766792 0.400699 0.755095 0.382931 0.733963 0.375634 0.720755 0.371509 0.709810 0.368972 0.706792 0.361359 0.687546 0.355331 0.666414 0.351523 0.640000 0.347715 0.625660 0.344861 0.622264 0.335660 0.626414 0.333440 0.631699 0.330583 0.656604 0.326458 0.678868 0.318845 0.709433 0.310280 0.734718 0.285850 0.788678 0.286167 0.816981 0.291560 0.849810 0.300127 0.875095 0.311866 0.894718
1 0.125951 0.867169 0.137690 0.883396 0.152602 0.897736 0.177664 0.912076 0.190991 0.915472 0.199238 0.915095 0.213833 0.910190 0.234771 0.896981 0.250951 0.881509 0.270623 0.838868 0.276333 0.821132 0.280773 0.797359 0.282995 0.793208 0.281090 0.793208 0.272843 0.800000 0.266181 0.810190 0.260470 0.813586 0.250951 0.823019 0.241433 0.830190 0.224301 0.838868 0.203363 0.843396 0.189086 0.843396 0.171319 0.838868 0.162120 0.834340 0.155139 0.825660 0.151016 0.817359 0.146574 0.789056 0.144669 0.751699 0.143083 0.747924 0.143400 0.737359 0.141815 0.733963 0.143400 0.723773 0.144035 0.704905 0.115799 0.740000 0.111676 0.749810 0.108185 0.767546 0.107551 0.786037 0.111676 0.824905 0.115481 0.840755 0.125951 0.867169
1 0.000000 0.830944 0.011421 0.832454 0.033313 0.830190 0.039657 0.828301 0.064403 0.813208 0.080266 0.798868 0.092005 0.784150 0.108185 0.751699 0.105648 0.750567 0.104377 0.753586 0.092956 0.758491 0.087880 0.764528 0.075190 0.773208 0.057424 0.781132 0.046002 0.784150 0.030773 0.784528 0.019352 0.783019 0.010470 0.780755 0.000000 0.775472 0.000000 0.830944
1 0.000000 0.872454 0.018718 0.876981 0.040292 0.876604 0.056472 0.870567 0.067576 0.862641 0.075824 0.852454 0.088516 0.825282 0.092005 0.810567 0.093910 0.794340 0.091688 0.788678 0.087880 0.790567 0.081852 0.798491 0.060597 0.816604 0.040926 0.827546 0.035850 0.829810 0.023160 0.832076 0.007613 0.832831 0.000000 0.831699 0.000000 0.872454
1 0.765863 0.346037 0.760153 0.350190 0.738579 0.358868 0.748097 0.397359 0.763007 0.433208 0.770623 0.460000 0.776016 0.473963 0.779187 0.472831 0.788389 0.460377 0.806789 0.442264 0.813451 0.398113 0.812183 0.365660 0.808692 0.341132 0.804252 0.324150 0.797271 0.306037 0.793465 0.298113 0.789657 0.296227 0.784898 0.315095 0.777602 0.331699 0.773794 0.337359 0.765863 0.346037
0 0.527919 0.251699 0.526968 0.258491 0.526016 0.272454 0.526968 0.286414 0.531090 0.301509 0.541560 0.324150 0.541877 0.338491 0.550127 0.373586 0.563769 0.412076 0.575824 0.439245 0.590419 0.463019 0.605012 0.483396 0.628808 0.509433 0.644352 0.522641 0.660532 0.533208 0.680521 0.541132 0.710660 0.547546 0.730648 0.547169 0.754759 0.537736 0.762056 0.532831 0.768718 0.526037 0.775380 0.515472 0.777285 0.507924 0.777602 0.499245 0.775062 0.473963 0.762056 0.432454 0.757296 0.423396 0.744924 0.389433 0.732868 0.341887 0.718910 0.300755 0.710025 0.281887 0.683058 0.242264 0.669417 0.226792 0.657678 0.216604 0.631028 0.202641 0.616116 0.196981 0.592322 0.193208 0.574556 0.195850 0.560597 0.203396 0.552664 0.212454 0.547271 0.215850 0.543148 0.214340 0.532044 0.200000 0.529505 0.199245 0.525062 0.207924 0.525062 0.213586 0.534581 0.230567 0.533630 0.238113 0.527919 0.251699
1 0.000000 0.560377 0.001586 0.560377 0.011104 0.526037 0.023160 0.493586 0.035850 0.470567 0.057741 0.438868 0.057106 0.428301 0.052981 0.409810 0.052030 0.395472 0.052347 0.366037 0.057106 0.330190 0.056155 0.324528 0.053616 0.319623 0.050127 0.318113 0.032361 0.340755 0.020306 0.352454 0.005394 0.361509 0.000000 0.362264 0.000000 0.560377
1 0.386421 0.179245 0.388007 0.169810 0.387373 0.148301 0.385153 0.136604 0.380394 0.126037 0.365481 0.145660 0.349620 0.157736 0.348032 0.160377 0.348032 0.164905 0.352475 0.170190 0.382613 0.180000 0.386421 0.179245