0 0.550187 0.337360 0.553455 0.352066 0.558824 0.367997 0.561391 0.372724 0.562092 0.376576 0.575630 0.394433 0.589169 0.408438 0.604342 0.419293 0.610411 0.421394 0.615313 0.424195 0.626751 0.426821 0.638189 0.426996 0.651027 0.425245 0.670635 0.420168 0.675770 0.417017 0.682306 0.414566 0.692810 0.406338 0.699813 0.399510 0.707283 0.391457 0.711251 0.384979 0.715686 0.376576 0.717087 0.369748 0.721522 0.360294 0.724556 0.339811 0.724323 0.334384 0.719655 0.315651 0.717320 0.297444 0.712418 0.278011 0.699813 0.257178 0.693511 0.249475 0.685107 0.241422 0.676237 0.236695 0.665033 0.232318 0.635854 0.225665 0.626284 0.225490 0.607376 0.228116 0.605742 0.228466 0.603875 0.230042 0.595005 0.232843 0.577965 0.241597 0.573763 0.245798 0.566060 0.251401 0.560224 0.258228 0.556956 0.263655 0.553455 0.272409 0.547852 0.293067 0.547152 0.299195 0.547619 0.318452 0.550187 0.337360
0 0.452381 0.499125 0.459617 0.512080 0.471989 0.527311 0.479225 0.533613 0.497432 0.547094 0.514472 0.555847 0.535714 0.560924 0.540616 0.561275 0.546919 0.560224 0.569328 0.540791 0.572829 0.536940 0.601307 0.494223 0.605509 0.484419 0.608543 0.470588 0.608777 0.459734 0.607143 0.447829 0.598273 0.430672 0.591036 0.421569 0.575864 0.409139 0.571662 0.407388 0.567694 0.403887 0.554155 0.397059 0.539916 0.393382 0.529178 0.389356 0.524510 0.388305 0.516807 0.387605 0.505135 0.387955 0.481326 0.397234 0.473856 0.403887 0.468021 0.411064 0.458683 0.425595 0.451914 0.439601 0.447712 0.453256 0.446545 0.461660 0.446545 0.481268 0.452381 0.499125
0 0.018674 0.807773 0.022409 0.821604 0.032446 0.845413 0.045752 0.864496 0.069795 0.888831 0.085201 0.900910 0.088936 0.902836 0.091970 0.905812 0.102474 0.912290 0.124183 0.922619 0.140289 0.927171 0.146359 0.928046 0.161298 0.927521 0.166900 0.925945 0.172269 0.923319 0.176704 0.919293 0.179739 0.913690 0.186508 0.897584 0.189542 0.886905 0.192577 0.870448 0.193044 0.835084 0.189076 0.807248 0.183707 0.786239 0.177404 0.772759 0.173903 0.767507 0.166200 0.758053 0.159197 0.751225 0.147526 0.741772 0.130019 0.730217 0.126984 0.729342 0.114379 0.722514 0.097339 0.718487 0.082633 0.718312 0.074697 0.719713 0.050654 0.728992 0.046685 0.732143 0.043184 0.733368 0.036181 0.737920 0.029645 0.744923 0.024510 0.751751 0.022409 0.757703 0.018908 0.772409 0.017974 0.783789 0.017740 0.800595 0.018674 0.807773
0 0.288749 0.134454 0.292484 0.140056 0.311625 0.161415 0.331466 0.175070 0.348739 0.181898 0.362278 0.184874 0.368814 0.185224 0.394024 0.182248 0.404295 0.179272 0.410131 0.176120 0.415500 0.171919 0.418534 0.168242 0.420635 0.164916 0.421802 0.154062 0.419935 0.147234 0.415500 0.139706 0.403828 0.129727 0.373249 0.112570 0.359711 0.107668 0.341737 0.103641 0.327965 0.101891 0.313959 0.101541 0.307890 0.102416 0.303922 0.103992 0.295752 0.105567 0.286415 0.109944 0.283147 0.112920 0.281979 0.115546 0.281979 0.120098 0.288749 0.134454
0 0.117647 0.576155 0.121382 0.582633 0.126751 0.595588 0.138655 0.611169 0.145191 0.617122 0.154062 0.624475 0.161531 0.629027 0.182306 0.637605 0.194211 0.640406 0.199346 0.643032 0.202614 0.641807 0.214052 0.641982 0.220822 0.640756 0.230159 0.637605 0.234127 0.635329 0.239729 0.629552 0.244398 0.619923 0.250000 0.611870 0.253735 0.603116 0.270542 0.553221 0.272642 0.536064 0.272409 0.529587 0.268441 0.508754 0.266106 0.504902 0.262138 0.493873 0.256069 0.490371 0.252334 0.489496 0.244164 0.485994 0.237395 0.481092 0.233894 0.477416 0.229458 0.470588 0.227124 0.459034 0.224030 0.457768 0.222892 0.457128 0.221755 0.456583 0.216064 0.456168 0.213504 0.455101 0.211228 0.453927 0.207388 0.453287 0.203547 0.452114 0.201681 0.451506 0.199580 0.451331 0.196577 0.450940 0.193627 0.449930 0.188842 0.448704 0.167367 0.452206 0.149160 0.458158 0.143664 0.460435 0.135854 0.465511 0.132569 0.469183 0.127451 0.475315 0.122082 0.480392 0.119981 0.484944 0.119514 0.487920 0.116480 0.494573 0.110878 0.521884 0.110177 0.529237 0.110411 0.550245 0.117647 0.576155
0 0.469188 0.161590 0.473856 0.172094 0.480859 0.184174 0.487628 0.190126 0.490896 0.191001 0.509337 0.190476 0.518441 0.191702 0.526377 0.194853 0.529412 0.195378 0.533380 0.194328 0.541550 0.190476 0.547152 0.186625 0.553688 0.180147 0.558123 0.171919 0.558357 0.157913 0.562092 0.148985 0.562558 0.142682 0.559290 0.126576 0.553455 0.112570 0.546685 0.106443 0.536415 0.103116 0.522409 0.101891 0.509570 0.103992 0.504202 0.105567 0.491597 0.112045 0.479925 0.121324 0.476424 0.126050 0.473856 0.131653 0.468254 0.147234 0.467787 0.151436 0.469188 0.161590
0 0.719655 0.293242 0.719655 0.300420 0.721055 0.303571 0.720588 0.307248 0.721522 0.314601 0.725957 0.335959 0.725257 0.352766 0.723856 0.355742 0.723156 0.363095 0.727358 0.372374 0.728525 0.377101 0.732026 0.382528 0.735994 0.388480 0.749767 0.403536 0.772409 0.421919 0.788049 0.432423 0.808590 0.441001 0.820962 0.444328 0.848039 0.448179 0.866246 0.448529 0.869281 0.447829 0.873249 0.448880 0.902894 0.437325 0.913632 0.428746 0.914799 0.422094 0.914799 0.401436 0.913632 0.390756 0.911998 0.386730 0.908263 0.368522 0.905229 0.348564 0.904062 0.345938 0.903595 0.338235 0.900794 0.332458 0.895658 0.313550 0.892157 0.307773 0.888889 0.299195 0.880019 0.287465 0.873950 0.281688 0.860644 0.271534 0.845238 0.263655 0.831466 0.259279 0.826797 0.259104 0.810924 0.255427 0.801354 0.254377 0.792250 0.254377 0.774510 0.256127 0.760504 0.260854 0.756769 0.263831 0.744865 0.268557 0.731326 0.277486 0.725607 0.284751 0.723156 0.286415 0.722689 0.289916 0.719655 0.293242
1 0.268674 0.748599 0.272642 0.759979 0.281279 0.776611 0.290149 0.786415 0.292717 0.790441 0.299720 0.796569 0.307423 0.802346 0.320962 0.809349 0.329599 0.812150 0.344771 0.814601 0.352007 0.813901 0.358777 0.812150 0.372782 0.805322 0.383987 0.796744 0.395191 0.783613 0.419234 0.740896 0.429038 0.710259 0.433240 0.669118 0.432773 0.667192 0.428805 0.662465 0.417834 0.655812 0.396125 0.637780 0.385854 0.624825 0.380252 0.614321 0.373016 0.604342 0.370215 0.603291 0.362045 0.602941 0.345238 0.605917 0.327498 0.613796 0.320495 0.617822 0.313725 0.622899 0.302754 0.633228 0.297386 0.640581 0.289916 0.657213 0.281279 0.668242 0.271242 0.688725 0.266340 0.705532 0.265640 0.714461 0.265873 0.734944 0.268674 0.748599
1 0.127684 0.443277 0.133287 0.446078 0.140289 0.448354 0.156396 0.450105 0.165033 0.449930 0.169234 0.447829 0.175537 0.446604 0.182540 0.447479 0.196312 0.445728 0.208683 0.442752 0.224323 0.436625 0.226190 0.432248 0.226657 0.421394 0.230159 0.403361 0.234594 0.387080 0.240430 0.372899 0.250700 0.357493 0.256536 0.352591 0.257703 0.350490 0.266106 0.344013 0.277778 0.337535 0.289449 0.334384 0.293417 0.332458 0.296685 0.332458 0.303688 0.330532 0.304388 0.327381 0.301587 0.322654 0.296919 0.317227 0.282913 0.308824 0.276144 0.306373 0.262372 0.304797 0.254435 0.305147 0.240896 0.309349 0.229925 0.314076 0.227358 0.316176 0.217787 0.320378 0.205182 0.327206 0.192577 0.334909 0.184641 0.341036 0.175303 0.349965 0.152894 0.373599 0.148693 0.380427 0.145425 0.383754 0.139356 0.393908 0.132820 0.402486 0.126050 0.419293 0.123249 0.431898 0.123483 0.439251 0.127684 0.443277
1 0.449580 0.314951 0.459851 0.342787 0.466853 0.356268 0.473156 0.366246 0.483193 0.376576 0.491130 0.382178 0.498366 0.384279 0.503035 0.385154 0.517274 0.385679 0.526144 0.385679 0.534781 0.383403 0.539916 0.382878 0.556256 0.376576 0.558590 0.374650 0.559524 0.369748 0.557423 0.366597 0.553688 0.355742 0.547386 0.327906 0.545752 0.307248 0.546218 0.297794 0.552521 0.272934 0.556022 0.262605 0.558824 0.257878 0.561391 0.255777 0.565126 0.250700 0.570028 0.246324 0.573763 0.244398 0.577498 0.241246 0.574930 0.236870 0.567227 0.231793 0.557190 0.228817 0.550887 0.228116 0.546919 0.225490 0.539916 0.224265 0.525677 0.224615 0.515406 0.225665 0.510037 0.226716 0.498133 0.230567 0.495565 0.232493 0.487395 0.236345 0.480392 0.241246 0.472689 0.248950 0.464052 0.260154 0.459617 0.262955 0.456816 0.265756 0.452848 0.270483 0.449113 0.278011 0.446779 0.289216 0.447012 0.302871 0.449580 0.314951
1 0.563492 0.173845 0.569094 0.179097 0.578898 0.185924 0.585201 0.188200 0.596172 0.188550 0.599440 0.187850 0.604108 0.185574 0.609244 0.178396 0.611578 0.166842 0.615079 0.159489 0.622082 0.150385 0.626050 0.146359 0.636088 0.138831 0.652428 0.131478 0.655929 0.128326 0.656396 0.125525 0.654995 0.118873 0.651261 0.112745 0.644491 0.105742 0.637021 0.101190 0.630252 0.098915 0.620915 0.098214 0.611811 0.098389 0.602241 0.100315 0.598273 0.101541 0.590336 0.105567 0.581232 0.112045 0.575163 0.119573 0.572362 0.126576 0.568861 0.143382 0.565826 0.146709 0.559057 0.158789 0.559290 0.165791 0.563492 0.173845
1 0.616013 0.195728 0.619514 0.196078 0.624183 0.188725 0.636788 0.177346 0.653595 0.166141 0.671802 0.159489 0.681373 0.158263 0.694211 0.158088 0.707049 0.159839 0.714286 0.162290 0.728291 0.169468 0.730859 0.171919 0.734360 0.173494 0.735528 0.171218 0.737162 0.161940 0.736228 0.154062 0.732493 0.146183 0.728758 0.141807 0.713352 0.132878 0.702848 0.129727 0.690943 0.127976 0.677638 0.127451 0.664799 0.128852 0.654528 0.131303 0.640523 0.136730 0.634687 0.140056 0.626517 0.146359 0.619048 0.154237 0.614379 0.161239 0.612512 0.165791 0.610411 0.176996 0.610644 0.189251 0.616013 0.195728
1 0.607610 0.227591 0.610411 0.227766 0.623016 0.224965 0.637021 0.224790 0.654295 0.229517 0.658263 0.229867 0.667834 0.232318 0.685341 0.240546 0.696779 0.251751 0.711718 0.274510 0.715453 0.283088 0.717087 0.284664 0.720355 0.284489 0.723623 0.280287 0.727124 0.279237 0.736695 0.271359 0.755135 0.263130 0.759337 0.258578 0.759337 0.243697 0.757236 0.227241 0.753735 0.220588 0.754202 0.216912 0.752568 0.210084 0.745098 0.192927 0.734594 0.174895 0.728758 0.170168 0.718254 0.164916 0.713352 0.161590 0.709617 0.160539 0.702614 0.159139 0.690476 0.158088 0.676004 0.158964 0.669001 0.160364 0.653128 0.166492 0.642624 0.173319 0.631186 0.182248 0.624883 0.188725 0.623716 0.191877 0.618581 0.196078 0.609244 0.214111 0.608077 0.219888 0.606909 0.227241 0.607610 0.227591
1 0.753268 0.199580 0.755369 0.205007 0.754902 0.210084 0.755836 0.211835 0.758637 0.214811 0.767974 0.217962 0.772642 0.221289 0.782446 0.226366 0.786415 0.227066 0.790616 0.225840 0.809757 0.209384 0.825630 0.200630 0.835201 0.196779 0.845238 0.194678 0.855976 0.194853 0.859010 0.194153 0.862745 0.194678 0.864613 0.193452 0.866480 0.189951 0.866480 0.181548 0.861111 0.168067 0.851307 0.156863 0.846405 0.152311 0.836601 0.146359 0.825397 0.140406 0.818161 0.137955 0.802754 0.138130 0.794118 0.139356 0.778711 0.143908 0.766573 0.150735 0.761905 0.154412 0.756769 0.164041 0.755135 0.168242 0.752801 0.181898 0.752101 0.192752 0.753268 0.199580
1 0.611111 0.458508 0.610411 0.482668 0.610878 0.487920 0.613679 0.497549 0.621148 0.512605 0.632820 0.528186 0.640289 0.536415 0.644258 0.538866 0.648926 0.544118 0.654062 0.548319 0.680906 0.566702 0.686975 0.569678 0.702381 0.575280 0.723856 0.579657 0.742530 0.581057 0.749300 0.580532 0.761905 0.575805 0.768908 0.569853 0.772409 0.564076 0.791317 0.540966 0.798319 0.526786 0.802288 0.509804 0.803221 0.487745 0.801587 0.466562 0.796919 0.453256 0.792717 0.445378 0.783380 0.431373 0.747899 0.404587 0.727591 0.397759 0.709150 0.394083 0.706583 0.394433 0.703081 0.396709 0.699346 0.401961 0.682306 0.415791 0.677171 0.417192 0.674603 0.418943 0.664332 0.422619 0.643557 0.427346 0.634687 0.427696 0.619048 0.426821 0.615780 0.428571 0.611111 0.439076 0.610177 0.446078 0.611111 0.458508
1 0.804155 0.506478 0.800887 0.522234 0.794118 0.539391 0.794351 0.543067 0.798553 0.553571 0.814192 0.572479 0.821195 0.577031 0.828898 0.583333 0.838469 0.589111 0.844071 0.591211 0.848739 0.594013 0.855275 0.595938 0.865780 0.598039 0.876984 0.597689 0.881653 0.598564 0.883754 0.600315 0.884454 0.602241 0.883053 0.605042 0.882820 0.609244 0.887955 0.610294 0.890523 0.614671 0.893791 0.615021 0.896125 0.609069 0.893324 0.602416 0.893091 0.595413 0.896825 0.594188 0.897526 0.593137 0.901261 0.593137 0.907330 0.591912 0.915033 0.589286 0.922736 0.583683 0.935808 0.569503 0.945612 0.554272 0.957750 0.523109 0.960317 0.512255 0.961951 0.501926 0.962652 0.489146 0.960784 0.474090 0.957283 0.469888 0.945612 0.460959 0.937442 0.453606 0.918534 0.433298 0.914799 0.430672 0.911531 0.431723 0.908263 0.434699 0.874883 0.447654 0.873249 0.447304 0.866013 0.449055 0.855509 0.449230 0.852474 0.448529 0.838702 0.447829 0.824230 0.445553 0.814659 0.443102 0.811858 0.443277 0.808357 0.445028 0.802521 0.452381 0.801354 0.457108 0.804622 0.485469 0.804155 0.506478
1 0.913632 0.374650 0.913165 0.377976 0.916200 0.398985 0.915966 0.425945 0.916900 0.428922 0.931839 0.446779 0.942110 0.456583 0.960084 0.471113 0.994631 0.488971 0.999767 0.490021 0.999767 0.349440 0.981092 0.345588 0.966853 0.345588 0.950980 0.347514 0.939076 0.351190 0.925537 0.356793 0.919701 0.361695 0.914566 0.369573 0.914799 0.373249 0.913632 0.374650
1 0.915733 0.239496 0.918534 0.262430 0.924370 0.281863 0.932773 0.296394 0.936975 0.301646 0.940009 0.307248 0.946545 0.312325 0.959150 0.326681 0.975490 0.336835 0.983894 0.343312 0.994398 0.346639 0.999767 0.346113 0.999767 0.165791 0.990896 0.165266 0.973156 0.169293 0.956116 0.174895 0.949346 0.179097 0.943978 0.180497 0.935107 0.188025 0.928105 0.195728 0.919935 0.211310 0.916900 0.219538 0.915733 0.229167 0.915733 0.239496
1 0.781979 0.254027 0.803688 0.253326 0.834734 0.259454 0.843604 0.262780 0.860411 0.270833 0.866480 0.274685 0.874650 0.281338 0.878852 0.285364 0.889356 0.298845 0.893557 0.307948 0.895658 0.310574 0.897292 0.318627 0.899393 0.321078 0.901727 0.331758 0.904528 0.335259 0.908497 0.334034 0.914799 0.329657 0.924136 0.321604 0.929505 0.318277 0.933473 0.313550 0.936508 0.311450 0.938142 0.307773 0.937442 0.304097 0.933473 0.299195 0.927171 0.288340 0.921102 0.275910 0.917834 0.264181 0.915033 0.245623 0.915500 0.217262 0.905696 0.208158 0.897059 0.203782 0.893791 0.200805 0.869514 0.194328 0.847806 0.194853 0.838702 0.196429 0.828665 0.199405 0.820962 0.203081 0.809991 0.210084 0.795518 0.222864 0.786181 0.234419 0.779879 0.251401 0.781979 0.254027
1 0.869748 0.193452 0.894900 0.200762 0.897526 0.202906 0.903361 0.205182 0.907796 0.207983 0.909430 0.207808 0.910831 0.206583 0.908497 0.203957 0.907096 0.199230 0.911298 0.191527 0.913866 0.182423 0.930439 0.163165 0.941877 0.155987 0.954482 0.150910 0.966620 0.147759 0.972456 0.147759 0.984127 0.145133 0.991130 0.144608 0.991597 0.143908 0.986461 0.143382 0.977358 0.140581 0.972923 0.140931 0.960551 0.138655 0.950514 0.137780 0.939076 0.135679 0.935574 0.134104 0.933007 0.134629 0.928805 0.133929 0.922269 0.134629 0.915500 0.136380 0.911064 0.136380 0.901261 0.140231 0.892857 0.145133 0.886555 0.150385 0.882586 0.155812 0.872082 0.174895 0.869281 0.181723 0.868114 0.189776 0.869748 0.193452
1 0.906863 0.206758 0.911298 0.210959 0.914799 0.212710 0.918301 0.212360 0.922035 0.207283 0.926704 0.198004 0.933473 0.189601 0.939309 0.184174 0.945145 0.180147 0.959384 0.173494 0.968487 0.170518 0.991363 0.165266 0.999767 0.164216 0.999767 0.144258 0.987628 0.143207 0.986228 0.144783 0.982882 0.146008 0.964286 0.148284 0.960317 0.149860 0.954248 0.150560 0.947012 0.153186 0.934874 0.159139 0.926704 0.166317 0.920635 0.172969 0.914099 0.182598 0.912465 0.187500 0.906863 0.196254 0.905462 0.202381 0.906863 0.206758
1 0.933473 0.573704 0.923436 0.583859 0.918768 0.587360 0.881186 0.598564 0.877218 0.597689 0.872549 0.597689 0.866246 0.598739 0.866480 0.603116 0.873249 0.619573 0.878151 0.626926 0.901961 0.657738 0.911531 0.667367 0.937675 0.689426 0.958450 0.703782 0.990896 0.721464 0.997899 0.723739 0.999767 0.723739 0.999767 0.571779 0.991130 0.568102 0.975724 0.563025 0.946078 0.556022 0.942577 0.559524 0.933473 0.573704
1 0.971055 0.530462 0.973156 0.540266 0.975724 0.546569 0.980159 0.553922 0.985294 0.558824 0.988796 0.563901 0.998133 0.569853 0.999767 0.569853 0.999767 0.493172 0.998133 0.493172 0.995331 0.495973 0.986695 0.500175 0.979925 0.505252 0.976190 0.508578 0.971989 0.515931 0.970355 0.522059 0.971055 0.530462
1 0.688842 0.643557 0.695845 0.656863 0.712185 0.678571 0.716853 0.684174 0.732960 0.700105 0.747432 0.710784 0.772176 0.725140 0.790149 0.732843 0.793417 0.733018 0.803688 0.736169 0.823996 0.739671 0.852708 0.739146 0.856909 0.737570 0.872316 0.734769 0.879785 0.731092 0.883053 0.726891 0.884454 0.719713 0.882820 0.700105 0.879318 0.682248 0.873483 0.664916 0.870915 0.654237 0.864613 0.639881 0.860411 0.625875 0.850840 0.602066 0.846172 0.595238 0.837302 0.589986 0.812558 0.572479 0.795051 0.551996 0.789916 0.549370 0.786181 0.551471 0.780579 0.556373 0.770542 0.568978 0.765173 0.574230 0.758637 0.578431 0.748366 0.581583 0.733660 0.581408 0.721989 0.579832 0.699346 0.575455 0.689309 0.571954 0.686741 0.572304 0.684874 0.578081 0.683473 0.624300 0.688842 0.643557
1 0.589869 0.513655 0.583333 0.522584 0.582166 0.526085 0.577031 0.533263 0.565826 0.545343 0.552988 0.556022 0.550887 0.558824 0.548708 0.560457 0.544585 0.561975 0.533147 0.561450 0.526144 0.559699 0.520775 0.560224 0.520075 0.560749 0.520775 0.571078 0.524043 0.584909 0.541317 0.633053 0.545752 0.650735 0.549720 0.657913 0.570495 0.679447 0.590103 0.694153 0.595238 0.696779 0.602708 0.699230 0.605042 0.701155 0.612512 0.703256 0.616246 0.705357 0.620215 0.704657 0.628151 0.706057 0.636088 0.706057 0.647526 0.703606 0.652894 0.700630 0.655462 0.696779 0.658030 0.694678 0.665966 0.682773 0.671335 0.671394 0.676471 0.653011 0.681839 0.619748 0.681606 0.577906 0.679505 0.570378 0.674136 0.563725 0.664799 0.556373 0.651027 0.547444 0.640289 0.538515 0.618814 0.511029 0.612745 0.500700 0.609711 0.498950 0.604342 0.497549 0.602241 0.497549 0.598273 0.500525 0.594304 0.505427 0.589869 0.513655
1 0.362045 0.567752 0.365313 0.581232 0.371148 0.598915 0.390990 0.630077 0.397292 0.637780 0.404062 0.644083 0.413399 0.651261 0.432540 0.663515 0.448179 0.669818 0.452614 0.672619 0.473856 0.679272 0.492997 0.681548 0.511438 0.681022 0.518674 0.679622 0.526611 0.676821 0.535481 0.672094 0.536881 0.669643 0.539916 0.667892 0.542250 0.664391 0.543651 0.657913 0.543417 0.647409 0.538282 0.626751 0.513539 0.557423 0.510271 0.554622 0.493931 0.545168 0.477358 0.532913 0.469655 0.525735 0.458683 0.511380 0.454949 0.505252 0.450980 0.498074 0.447012 0.486870 0.445145 0.484594 0.443277 0.483193 0.439076 0.482493 0.435574 0.480742 0.411064 0.480042 0.397526 0.483368 0.387255 0.487920 0.378852 0.494748 0.369281 0.508053 0.366480 0.515231 0.362979 0.535714 0.361345 0.551646 0.362045 0.567752
1 0.362512 0.404412 0.368347 0.421394 0.377451 0.438725 0.388889 0.456758 0.396125 0.463936 0.405229 0.471113 0.417600 0.478116 0.432306 0.478817 0.443744 0.473214 0.444678 0.472164 0.446312 0.455882 0.450514 0.441877 0.454482 0.432423 0.463119 0.418067 0.466387 0.411064 0.478525 0.397934 0.481326 0.396008 0.486695 0.393908 0.489496 0.390931 0.489496 0.383403 0.477824 0.373074 0.473156 0.367647 0.468954 0.361870 0.462652 0.350490 0.457283 0.338761 0.449113 0.316702 0.446545 0.306197 0.444211 0.302871 0.442344 0.301821 0.434641 0.301471 0.429038 0.300070 0.422969 0.300420 0.421569 0.299895 0.404528 0.301821 0.397292 0.304447 0.392857 0.307073 0.385154 0.313725 0.372082 0.327556 0.369514 0.331408 0.368347 0.335784 0.362045 0.346814 0.359477 0.361520 0.358777 0.384804 0.362512 0.404412
1 0.360644 0.321078 0.362745 0.322654 0.366713 0.323529 0.372782 0.326506 0.374883 0.323004 0.380719 0.317927 0.384687 0.313025 0.392624 0.306723 0.401027 0.302171 0.410831 0.300070 0.415033 0.300245 0.423203 0.299195 0.443511 0.302171 0.445378 0.300245 0.445612 0.292542 0.447712 0.280112 0.451214 0.272059 0.454949 0.266282 0.460084 0.261029 0.463819 0.258754 0.472222 0.247899 0.487862 0.235294 0.502801 0.228466 0.505135 0.228291 0.508403 0.226541 0.516340 0.224440 0.525444 0.223564 0.533380 0.223739 0.535948 0.214636 0.535481 0.209559 0.533380 0.203081 0.527311 0.196429 0.519608 0.193277 0.509804 0.191702 0.494164 0.192227 0.480859 0.193803 0.470588 0.195553 0.449346 0.202731 0.432306 0.211134 0.412698 0.225315 0.390756 0.247899 0.383053 0.258053 0.364613 0.286415 0.359711 0.302171 0.359244 0.314951 0.360644 0.321078
1 0.315593 0.309174 0.319561 0.317927 0.326331 0.322304 0.327264 0.324580 0.335201 0.330357 0.342204 0.331758 0.348739 0.331232 0.351074 0.330182 0.361111 0.321078 0.359010 0.317577 0.358543 0.303046 0.360878 0.293592 0.365780 0.284139 0.380019 0.262255 0.388889 0.250350 0.414799 0.222689 0.416200 0.220063 0.413399 0.216912 0.408030 0.214811 0.401494 0.213410 0.391457 0.212535 0.376984 0.216036 0.373249 0.215686 0.360177 0.220763 0.345238 0.230042 0.338702 0.238620 0.330999 0.244398 0.321662 0.258754 0.313959 0.275735 0.311625 0.289916 0.311625 0.303571 0.315593 0.309174
1 0.278711 0.272759 0.285014 0.287290 0.289449 0.293417 0.290616 0.299195 0.291550 0.300245 0.297152 0.302696 0.310691 0.304097 0.311625 0.301296 0.311391 0.289566 0.312792 0.279587 0.319328 0.262605 0.330999 0.244048 0.341036 0.234419 0.340803 0.230742 0.335201 0.228291 0.325630 0.226716 0.307190 0.228641 0.301587 0.230217 0.293184 0.233718 0.286881 0.237745 0.280812 0.244748 0.278011 0.252976 0.277077 0.264881 0.278711 0.272759
1 0.546685 0.223214 0.552521 0.227416 0.557190 0.228116 0.569561 0.232843 0.577965 0.239146 0.581699 0.238445 0.591270 0.234244 0.595472 0.231618 0.602474 0.229692 0.605509 0.227591 0.610644 0.205882 0.612745 0.203081 0.612512 0.200805 0.608543 0.199930 0.602241 0.195028 0.600140 0.194678 0.587768 0.194503 0.574463 0.196429 0.563959 0.201155 0.555789 0.206057 0.543184 0.219538 0.543417 0.221989 0.546685 0.223214
1 0.133520 0.397934 0.140523 0.390581 0.143324 0.385679 0.153595 0.372374 0.159897 0.366597 0.176937 0.347864 0.194911 0.332458 0.207049 0.326331 0.215453 0.321078 0.215920 0.317577 0.211018 0.314076 0.202848 0.310399 0.196312 0.308648 0.177871 0.307073 0.172502 0.307773 0.166433 0.309699 0.160831 0.312500 0.154995 0.317052 0.151261 0.321078 0.147059 0.327731 0.142390 0.341912 0.140289 0.345763 0.137488 0.355742 0.132586 0.387430 0.132353 0.394783 0.133520 0.397934
1 0.306022 0.519783 0.307190 0.525910 0.309991 0.532913 0.312792 0.547269 0.313025 0.562500 0.310691 0.594888 0.313725 0.604342 0.316527 0.609244 0.320962 0.612570 0.324930 0.612920 0.328198 0.612395 0.344538 0.604692 0.349206 0.603291 0.359944 0.601891 0.369748 0.601541 0.369981 0.595238 0.364846 0.582983 0.362045 0.571429 0.360644 0.555847 0.361811 0.536415 0.364846 0.518908 0.366947 0.511905 0.371382 0.502451 0.374183 0.498950 0.385621 0.488620 0.390523 0.485644 0.397993 0.482668 0.412698 0.479167 0.414099 0.477241 0.395658 0.463936 0.386788 0.454307 0.381419 0.445028 0.376751 0.439776 0.372549 0.438550 0.353408 0.442402 0.348273 0.444328 0.341737 0.448529 0.311391 0.473564 0.308123 0.478116 0.304855 0.490371 0.304388 0.501926 0.306022 0.519783
1 0.267274 0.504027 0.271942 0.516982 0.274276 0.533438 0.275677 0.536590 0.286881 0.544118 0.289683 0.544818 0.303922 0.543768 0.308590 0.542717 0.309991 0.541141 0.310224 0.538690 0.305789 0.516807 0.304388 0.498249 0.304855 0.490896 0.308590 0.481268 0.309057 0.476015 0.307190 0.475490 0.294818 0.481793 0.279412 0.488095 0.272642 0.490021 0.264706 0.490896 0.263072 0.491772 0.262838 0.494748 0.267274 0.504027
1 0.262605 0.578606 0.254902 0.602416 0.251401 0.610119 0.234594 0.636204 0.223856 0.640581 0.219421 0.643908 0.220355 0.647409 0.219655 0.653711 0.220121 0.663165 0.223856 0.685749 0.229692 0.699580 0.235294 0.707983 0.244631 0.714286 0.259337 0.714111 0.263539 0.712010 0.265640 0.707108 0.270308 0.689251 0.273109 0.683123 0.280112 0.669118 0.289916 0.654587 0.290850 0.651085 0.296218 0.641982 0.302754 0.632703 0.321195 0.616246 0.320028 0.612745 0.315359 0.609419 0.313259 0.605742 0.309991 0.594363 0.309757 0.587535 0.311625 0.573704 0.311391 0.563725 0.312558 0.560924 0.312092 0.549370 0.310691 0.545343 0.301587 0.544818 0.290149 0.546043 0.279645 0.549020 0.275677 0.549195 0.273576 0.550245 0.271242 0.552871 0.267040 0.568102 0.262605 0.578606
1 0.073763 0.693627 0.077498 0.709034 0.080532 0.715686 0.084267 0.717087 0.098739 0.717437 0.118581 0.722864 0.137021 0.732843 0.139823 0.735469 0.147292 0.740196 0.163866 0.753852 0.175537 0.767332 0.178571 0.768908 0.181606 0.767857 0.183007 0.764706 0.184407 0.752626 0.187442 0.744048 0.190710 0.738445 0.195612 0.733018 0.207516 0.725490 0.214286 0.710609 0.218487 0.675770 0.217787 0.653536 0.215920 0.644083 0.213119 0.643032 0.195145 0.641282 0.184641 0.639006 0.175070 0.635504 0.171802 0.633403 0.164332 0.630952 0.153595 0.625000 0.135621 0.609594 0.124883 0.594363 0.119748 0.581758 0.116246 0.579132 0.109244 0.580882 0.102708 0.584209 0.096172 0.589111 0.087068 0.597689 0.082400 0.605917 0.076797 0.628151 0.072596 0.667892 0.072596 0.682248 0.073763 0.693627
1 0.191877 0.814601 0.194678 0.826331 0.198880 0.834909 0.202381 0.845763 0.207983 0.855392 0.230392 0.884979 0.242063 0.897584 0.254202 0.907913 0.268908 0.919118 0.286881 0.929097 0.298319 0.933298 0.306956 0.934699 0.314426 0.934524 0.324930 0.933123 0.331699 0.930672 0.342204 0.921919 0.346172 0.916141 0.350140 0.906688 0.352241 0.897759 0.352941 0.879027 0.351307 0.841562 0.349907 0.832633 0.350607 0.828081 0.348973 0.825805 0.348273 0.821078 0.346872 0.818803 0.341036 0.815476 0.323296 0.811099 0.313492 0.806373 0.299486 0.796919 0.291783 0.789916 0.280345 0.775560 0.271709 0.759454 0.268207 0.748775 0.264939 0.734244 0.264239 0.722864 0.263305 0.721113 0.260504 0.719188 0.249066 0.717087 0.236461 0.718312 0.224556 0.721464 0.214986 0.726541 0.202848 0.730042 0.193978 0.737220 0.189076 0.744223 0.186275 0.751401 0.185341 0.758228 0.185107 0.773810 0.191877 0.814601
1 0.354575 0.828606 0.358777 0.849440 0.373016 0.891106 0.376050 0.898109 0.382586 0.908438 0.394024 0.925420 0.399860 0.932598 0.422035 0.954132 0.432306 0.960434 0.449346 0.968487 0.462185 0.970238 0.482493 0.970588 0.490196 0.970238 0.499767 0.967437 0.505602 0.963410 0.513772 0.954307 0.517040 0.949405 0.523576 0.932948 0.525444 0.925945 0.527311 0.912465 0.527544 0.896709 0.524510 0.869573 0.518908 0.846113 0.515640 0.841912 0.503035 0.836134 0.486695 0.825455 0.479225 0.818978 0.466387 0.804622 0.455882 0.788165 0.447712 0.769258 0.442110 0.752451 0.435107 0.748950 0.425770 0.747899 0.422035 0.746674 0.418301 0.746674 0.414799 0.750875 0.404995 0.769783 0.401727 0.772584 0.401961 0.774977 0.401027 0.776961 0.390990 0.790616 0.385387 0.796744 0.373716 0.806197 0.365313 0.810574 0.357610 0.813200 0.354342 0.815826 0.353875 0.822479 0.354575 0.828606
1 0.443978 0.751225 0.449113 0.769083 0.452614 0.777836 0.459150 0.792367 0.466853 0.803922 0.478992 0.817752 0.488095 0.825630 0.500700 0.833508 0.514939 0.840161 0.522409 0.842262 0.532446 0.844363 0.542951 0.844013 0.546685 0.843312 0.560458 0.836835 0.565826 0.832633 0.569795 0.827556 0.575163 0.823004 0.582400 0.809524 0.586601 0.796569 0.589402 0.782563 0.591970 0.734594 0.591737 0.723915 0.590336 0.709384 0.585901 0.694853 0.581699 0.689601 0.562792 0.673845 0.546919 0.656513 0.545051 0.657738 0.542951 0.665441 0.533380 0.674370 0.525677 0.678046 0.511905 0.682073 0.505135 0.683123 0.487628 0.683123 0.484827 0.681898 0.475023 0.680847 0.464286 0.678046 0.458217 0.674720 0.453081 0.674895 0.449346 0.682773 0.445612 0.699405 0.442810 0.729517 0.442577 0.738445 0.443978 0.751225
1 0.619514 0.723214 0.628618 0.742647 0.632820 0.748424 0.647526 0.766282 0.657330 0.775735 0.694444 0.801996 0.728525 0.818277 0.744631 0.823179 0.762372 0.826155 0.776844 0.826681 0.789916 0.825980 0.794351 0.824580 0.803922 0.818803 0.806022 0.810924 0.805556 0.796569 0.801120 0.781513 0.797619 0.773985 0.796685 0.765406 0.794585 0.762080 0.788282 0.744748 0.782680 0.732493 0.762138 0.719888 0.752334 0.714811 0.731559 0.699405 0.712652 0.680672 0.704715 0.669643 0.694678 0.657738 0.692577 0.653536 0.685808 0.646884 0.682073 0.647059 0.678805 0.649160 0.669468 0.677346 0.659197 0.693627 0.653361 0.700455 0.650794 0.702381 0.643557 0.705357 0.634454 0.706232 0.619281 0.705007 0.617414 0.706057 0.616947 0.707458 0.616947 0.713410 0.619514 0.723214
1 0.793184 0.752626 0.799020 0.762780 0.803221 0.765931 0.807190 0.774685 0.811391 0.778011 0.813725 0.781863 0.817927 0.785014 0.820962 0.789391 0.825397 0.791842 0.827965 0.795518 0.859477 0.820728 0.866246 0.825455 0.869514 0.826856 0.883754 0.837535 0.897759 0.843662 0.911765 0.851015 0.921802 0.854692 0.947479 0.861169 0.955882 0.862570 0.977824 0.862920 0.992063 0.861870 0.999767 0.859244 0.999767 0.759454 0.978758 0.724790 0.975724 0.717087 0.972456 0.713060 0.968487 0.709909 0.951914 0.701155 0.929505 0.684349 0.919935 0.675595 0.905696 0.664391 0.902428 0.660364 0.898226 0.657038 0.876984 0.650560 0.875350 0.650910 0.873483 0.654412 0.873950 0.661415 0.879318 0.678221 0.879785 0.682423 0.882353 0.689426 0.883754 0.699405 0.885387 0.702906 0.884687 0.710434 0.886088 0.720238 0.883520 0.727766 0.879552 0.731618 0.870915 0.735819 0.862745 0.738270 0.852241 0.740721 0.841970 0.740896 0.838702 0.741772 0.820962 0.740371 0.810691 0.738445 0.792951 0.733368 0.789216 0.733543 0.789916 0.744398 0.793184 0.752626
1 0.867880 0.845063 0.869281 0.856268 0.869281 0.873074 0.866013 0.886555 0.867647 0.895133 0.876984 0.907563 0.882820 0.918242 0.887955 0.925245 0.899160 0.939251 0.912932 0.953782 0.922035 0.960084 0.932306 0.963410 0.958217 0.964286 0.967787 0.963936 0.977358 0.962360 0.981326 0.959909 0.992297 0.956758 0.999767 0.953431 0.999767 0.861870 0.981793 0.863796 0.966853 0.863796 0.957750 0.863445 0.942810 0.861345 0.909197 0.850665 0.886088 0.839286 0.873016 0.830707 0.866246 0.828431 0.865313 0.829657 0.865313 0.835259 0.867880 0.845063
1 0.689076 0.817052 0.691176 0.820553 0.693978 0.829307 0.696779 0.841562 0.701447 0.880077 0.714986 0.903186 0.720588 0.908789 0.722456 0.914741 0.744865 0.947129 0.757937 0.960084 0.765640 0.965336 0.771942 0.967612 0.792951 0.969013 0.811625 0.968312 0.817460 0.967437 0.824697 0.964286 0.838702 0.952381 0.844304 0.945903 0.846639 0.941352 0.852241 0.926996 0.853875 0.914041 0.856909 0.903361 0.860411 0.897759 0.860878 0.893908 0.867647 0.876576 0.868814 0.860819 0.867180 0.847339 0.861111 0.826331 0.858310 0.821954 0.852708 0.816352 0.836601 0.803571 0.831933 0.798845 0.819094 0.789041 0.814659 0.784314 0.812325 0.783263 0.808590 0.778711 0.807190 0.775210 0.804622 0.775210 0.802521 0.777311 0.804388 0.786239 0.803688 0.786590 0.805789 0.788165 0.806723 0.814426 0.805556 0.817927 0.802288 0.821604 0.792951 0.825980 0.771242 0.827031 0.763072 0.826681 0.752334 0.825105 0.727358 0.817752 0.720822 0.814076 0.702848 0.807423 0.689076 0.799545 0.685574 0.799895 0.686275 0.807248 0.689076 0.817052
1 0.536415 0.870098 0.542951 0.887255 0.549953 0.902136 0.556956 0.914741 0.563025 0.922969 0.588469 0.952381 0.605742 0.964111 0.615546 0.968312 0.619981 0.969188 0.626284 0.970063 0.644258 0.969538 0.651261 0.967612 0.657796 0.964286 0.672502 0.950105 0.685341 0.932248 0.692810 0.914741 0.697479 0.894608 0.698880 0.880602 0.699113 0.872899 0.696779 0.848739 0.692344 0.827906 0.679972 0.794468 0.679038 0.793067 0.671569 0.787465 0.665266 0.783964 0.655462 0.775910 0.646825 0.767682 0.635621 0.752976 0.629785 0.747899 0.624883 0.746499 0.612278 0.744573 0.598039 0.744573 0.595005 0.745973 0.592904 0.749650 0.591737 0.754552 0.590570 0.776611 0.587768 0.796744 0.583100 0.810224 0.580532 0.814426 0.580065 0.817402 0.577965 0.819328 0.574930 0.824755 0.570261 0.828957 0.568627 0.831758 0.560458 0.838060 0.552754 0.840861 0.546685 0.844188 0.534547 0.844888 0.532680 0.845763 0.531513 0.847689 0.534080 0.862395 0.536415 0.870098
1 0.358777 0.849265 0.362278 0.861345 0.375117 0.896008 0.394024 0.925420 0.406863 0.939951 0.418067 0.949580 0.421569 0.953957 0.424370 0.955007 0.432773 0.960784 0.449346 0.968662 0.462185 0.970588 0.487862 0.970763 0.494631 0.969538 0.499066 0.967962 0.505836 0.963410 0.516807 0.949930 0.523576 0.933473 0.525677 0.924895 0.527544 0.911415 0.527778 0.897409 0.524510 0.869048 0.519141 0.846639 0.517507 0.843312 0.515873 0.841912 0.504202 0.836835 0.485761 0.824580 0.478291 0.818102 0.465920 0.804272 0.456116 0.788690 0.447479 0.768908 0.442110 0.752451 0.435574 0.748950 0.425537 0.747549 0.421802 0.746324 0.418301 0.746324 0.414099 0.751576 0.410831 0.759454 0.404995 0.769608 0.401727 0.772409 0.401727 0.775035 0.390756 0.790791 0.385387 0.796569 0.374883 0.805322 0.364613 0.810749 0.357143 0.813200 0.353875 0.816352 0.354342 0.828256 0.358777 0.849265
1 0.186741 0.780812 0.186975 0.786940 0.194911 0.826506 0.202614 0.845763 0.207983 0.855042 0.222689 0.875525 0.230626 0.885154 0.242063 0.897584 0.255135 0.908613 0.269141 0.919293 0.286881 0.929097 0.297152 0.932773 0.307190 0.934349 0.317694 0.933999 0.320728 0.932948 0.325163 0.932773 0.331699 0.930497 0.338702 0.925070 0.345705 0.916492 0.349673 0.907213 0.351774 0.897934 0.352708 0.881653 0.350373 0.842087 0.348039 0.821078 0.346172 0.817577 0.344071 0.816176 0.324230 0.811625 0.313959 0.806898 0.299020 0.796744 0.291317 0.789741 0.280812 0.776961 0.272876 0.761905 0.267974 0.748599 0.265406 0.737920 0.264239 0.723214 0.263539 0.721639 0.258637 0.718838 0.254902 0.717612 0.248133 0.716912 0.230859 0.719013 0.228758 0.720588 0.223156 0.722164 0.214753 0.726891 0.203315 0.729692 0.193744 0.737395 0.189076 0.744048 0.186275 0.751401 0.185341 0.758403 0.185107 0.773284 0.186741 0.780812
1 0.228992 0.460959 0.230859 0.470063 0.235761 0.477591 0.244865 0.485294 0.258637 0.489671 0.264706 0.490196 0.272642 0.489671 0.285247 0.486169 0.310224 0.473915 0.346639 0.442752 0.350840 0.436975 0.361345 0.418768 0.362512 0.410714 0.360644 0.400910 0.358310 0.394433 0.357143 0.385679 0.357843 0.355917 0.357143 0.351015 0.349673 0.345938 0.345938 0.341737 0.324463 0.332458 0.306723 0.331933 0.295985 0.332983 0.288282 0.334734 0.275677 0.339461 0.264706 0.346464 0.254435 0.355042 0.243697 0.368873 0.236461 0.383929 0.232260 0.397584 0.228758 0.413866 0.227591 0.424370 0.227358 0.442752 0.228992 0.460959
1 0.280345 0.307423 0.284080 0.308824 0.286415 0.311099 0.289916 0.312150 0.298319 0.318452 0.302288 0.323004 0.304855 0.329132 0.306723 0.331057 0.327498 0.332458 0.329599 0.331583 0.320962 0.321078 0.313725 0.307248 0.310691 0.304447 0.291317 0.302171 0.281046 0.302521 0.276844 0.303571 0.270923 0.305446 0.280345 0.307423
1 0.349907 0.345413 0.355742 0.347689 0.359244 0.347864 0.362512 0.345063 0.364146 0.341211 0.366246 0.338761 0.370682 0.328081 0.369981 0.326856 0.366246 0.324405 0.362745 0.323880 0.360878 0.324580 0.355275 0.330357 0.349673 0.338410 0.348273 0.341912 0.349907 0.345413
1 0.536415 0.212185 0.536181 0.220413 0.539683 0.222339 0.541083 0.222164 0.545011 0.216459 0.549968 0.209828 0.547813 0.208211 0.541317 0.202031 0.536648 0.199930 0.532213 0.199405 0.532446 0.203081 0.536415 0.212185
1 0.757003 0.225665 0.759804 0.242647 0.759804 0.255952 0.760738 0.258053 0.762138 0.258929 0.772876 0.255777 0.778711 0.252976 0.785948 0.234419 0.785948 0.230917 0.775910 0.222689 0.764006 0.216211 0.761671 0.215336 0.757003 0.215161 0.755135 0.215861 0.754435 0.217262 0.754202 0.220413 0.757003 0.225665
1 0.984127 0.733894 0.993931 0.751401 0.995798 0.753151 0.998133 0.757528 0.999767 0.757528 0.999767 0.724265 0.992997 0.722164 0.987862 0.719188 0.977591 0.715161 0.975957 0.716036 0.975724 0.717087 0.984127 0.733894
1 0.543651 0.392682 0.558590 0.398284 0.572362 0.405812 0.592904 0.422269 0.601074 0.432598 0.605042 0.439601 0.605742 0.442927 0.606676 0.442402 0.609010 0.439076 0.615079 0.425245 0.611578 0.422794 0.605042 0.419993 0.602708 0.417892 0.600140 0.417017 0.591737 0.411415 0.577498 0.397759 0.564192 0.379727 0.560458 0.377101 0.556956 0.377276 0.542717 0.382353 0.532213 0.384804 0.527077 0.386905 0.534314 0.390406 0.543651 0.392682