0 0.339551 0.560224 0.343285 0.569153 0.347954 0.574580 0.358925 0.582983 0.372931 0.589461 0.389504 0.593838 0.420550 0.595763 0.457198 0.592787 0.477973 0.589986 0.503183 0.585084 0.507151 0.583508 0.512987 0.582808 0.519989 0.580182 0.562240 0.570378 0.569243 0.566877 0.583482 0.563375 0.598421 0.557423 0.601455 0.553746 0.602623 0.550420 0.603089 0.542542 0.600989 0.535889 0.597020 0.529412 0.591651 0.524860 0.590018 0.522409 0.572277 0.510854 0.557104 0.506828 0.541465 0.501576 0.537730 0.501401 0.508085 0.494573 0.496647 0.493873 0.484742 0.491246 0.468169 0.491246 0.443892 0.492997 0.414014 0.498775 0.392072 0.506127 0.385069 0.509454 0.378299 0.511380 0.368029 0.515581 0.360559 0.520133 0.347020 0.530637 0.340251 0.543242 0.338617 0.550770 0.338150 0.553922 0.339551 0.560224
0 0.624883 0.396884 0.629785 0.414391 0.633053 0.422094 0.638422 0.428571 0.643557 0.431898 0.647292 0.436275 0.653828 0.440301 0.665733 0.444853 0.676004 0.447479 0.684174 0.448179 0.693277 0.447829 0.707049 0.445378 0.713819 0.443452 0.725490 0.436800 0.731793 0.431723 0.735061 0.430322 0.755135 0.409664 0.764239 0.394608 0.769608 0.383754 0.774276 0.372549 0.776844 0.357318 0.777077 0.348564 0.775677 0.341912 0.769141 0.327206 0.766340 0.324580 0.764006 0.320728 0.748366 0.307248 0.741363 0.302346 0.730392 0.298144 0.722222 0.296218 0.711251 0.295518 0.702848 0.296744 0.695378 0.300245 0.689076 0.305497 0.665966 0.331758 0.647526 0.346989 0.640056 0.356268 0.633987 0.367822 0.628385 0.376050 0.625817 0.383053 0.624416 0.390406 0.624883 0.396884
0 0.737628 0.452556 0.751401 0.458859 0.757470 0.460434 0.759104 0.461660 0.765173 0.462885 0.768207 0.464811 0.772409 0.466036 0.782913 0.466387 0.804155 0.465336 0.813492 0.464111 0.828898 0.460784 0.837535 0.457283 0.848739 0.454307 0.860177 0.449580 0.866013 0.446078 0.868347 0.443277 0.873016 0.442052 0.880019 0.437675 0.883754 0.433999 0.904762 0.418417 0.905696 0.416492 0.935574 0.383578 0.940009 0.376576 0.945845 0.369748 0.950980 0.360644 0.956116 0.348389 0.957283 0.335084 0.954015 0.327381 0.942810 0.313901 0.929038 0.306898 0.915033 0.302696 0.897059 0.303221 0.882586 0.306898 0.872549 0.308473 0.857376 0.313725 0.846872 0.319853 0.834967 0.325630 0.824230 0.334034 0.817460 0.335959 0.805556 0.344713 0.794585 0.355917 0.788749 0.364496 0.786415 0.366246 0.781513 0.373249 0.776144 0.384104 0.747199 0.423319 0.744865 0.434874 0.741363 0.439251 0.735528 0.441001 0.734127 0.444678 0.734594 0.449580 0.737628 0.452556
0 0.637255 0.501751 0.639122 0.512430 0.647292 0.532388 0.660831 0.550595 0.671802 0.562325 0.679739 0.569503 0.685574 0.573004 0.703315 0.586485 0.723856 0.598564 0.733894 0.607143 0.739496 0.608894 0.741830 0.611520 0.754902 0.616597 0.757470 0.615896 0.764239 0.616597 0.765406 0.619573 0.766106 0.618347 0.770075 0.616071 0.776844 0.614146 0.781279 0.611169 0.796685 0.596989 0.799953 0.591387 0.804855 0.587185 0.810224 0.578431 0.812092 0.576681 0.814659 0.571429 0.818627 0.566352 0.821662 0.549020 0.820728 0.535539 0.816060 0.522584 0.811158 0.513655 0.806956 0.509279 0.803455 0.501225 0.798553 0.494573 0.791083 0.486870 0.780579 0.477241 0.771008 0.470588 0.769141 0.468487 0.732960 0.451331 0.717087 0.444678 0.713352 0.444678 0.703315 0.447129 0.689542 0.449405 0.681606 0.449055 0.672035 0.447654 0.668301 0.446429 0.665966 0.447129 0.661998 0.449930 0.655696 0.452381 0.648226 0.459034 0.642157 0.468137 0.638422 0.480042 0.636555 0.488971 0.637255 0.501751
0 0.827498 0.595763 0.832866 0.603116 0.837068 0.607143 0.848973 0.616246 0.862278 0.623249 0.870215 0.625175 0.894024 0.626576 0.901261 0.625875 0.917600 0.622199 0.924603 0.618697 0.932540 0.616246 0.940243 0.611870 0.945845 0.609769 0.952381 0.604517 0.956349 0.602766 0.963585 0.596814 0.974790 0.581583 0.978525 0.572304 0.979692 0.566001 0.979925 0.556898 0.977358 0.542892 0.974790 0.536415 0.970355 0.529762 0.963119 0.523634 0.949346 0.515406 0.936508 0.511730 0.928805 0.507178 0.925303 0.506127 0.917834 0.505952 0.887021 0.507878 0.876751 0.511204 0.871382 0.514356 0.867880 0.515406 0.866246 0.515231 0.864379 0.516632 0.862745 0.516807 0.855742 0.521008 0.850840 0.525035 0.847106 0.529062 0.837535 0.542717 0.836835 0.545343 0.827965 0.560399 0.824230 0.570378 0.824697 0.585609 0.827498 0.595763
0 0.619514 0.684174 0.625117 0.705357 0.630019 0.713585 0.632353 0.719538 0.637722 0.726190 0.642157 0.734069 0.647292 0.740021 0.660131 0.748775 0.669234 0.751401 0.679038 0.758929 0.682540 0.760154 0.694211 0.760329 0.697479 0.759804 0.716387 0.755077 0.724556 0.751050 0.727124 0.750875 0.734594 0.744748 0.739029 0.736169 0.741363 0.734069 0.743931 0.727241 0.747199 0.707283 0.748366 0.689426 0.748599 0.661239 0.743931 0.641457 0.741130 0.633578 0.728525 0.610294 0.727124 0.605917 0.720822 0.598915 0.713352 0.593487 0.708683 0.591036 0.668301 0.560924 0.664799 0.561450 0.662465 0.562850 0.654062 0.571078 0.647059 0.579307 0.640523 0.589811 0.633053 0.608543 0.624650 0.634104 0.623249 0.641982 0.619514 0.650560 0.618814 0.659489 0.619514 0.684174
0 0.491830 0.667367 0.492063 0.675245 0.494631 0.678396 0.498833 0.696604 0.505369 0.707108 0.506303 0.710259 0.508870 0.714111 0.509104 0.716737 0.511671 0.719188 0.513305 0.723564 0.521709 0.734594 0.530812 0.742647 0.543184 0.749650 0.552988 0.750875 0.557190 0.752626 0.564192 0.753852 0.574697 0.753326 0.584734 0.751050 0.590103 0.748074 0.596872 0.741071 0.603641 0.723739 0.612979 0.706408 0.617880 0.692752 0.617180 0.647059 0.609244 0.620098 0.602241 0.607843 0.597339 0.603116 0.595238 0.599440 0.588469 0.591387 0.581699 0.585084 0.574230 0.579657 0.560924 0.572654 0.553688 0.572129 0.526144 0.579832 0.522409 0.580007 0.514939 0.582633 0.512372 0.584909 0.505602 0.606443 0.504435 0.616422 0.501634 0.620098 0.495098 0.640581 0.492997 0.663165 0.491830 0.667367
0 0.653128 0.915266 0.657796 0.921218 0.662698 0.925420 0.673436 0.929797 0.679972 0.930672 0.692577 0.930847 0.732960 0.928396 0.741130 0.928746 0.763305 0.927696 0.796685 0.923319 0.809057 0.920343 0.823763 0.918067 0.835201 0.915091 0.866246 0.903186 0.877451 0.897409 0.886788 0.891282 0.891457 0.887255 0.900560 0.876401 0.904762 0.870098 0.908263 0.855917 0.908263 0.848039 0.906863 0.842262 0.900560 0.829307 0.890056 0.820203 0.878852 0.814076 0.852474 0.807073 0.825163 0.804797 0.813259 0.805322 0.790383 0.803571 0.754902 0.807423 0.745098 0.809524 0.737628 0.812850 0.730859 0.813725 0.706349 0.821779 0.692110 0.827381 0.685341 0.831232 0.672269 0.841912 0.665733 0.848915 0.661531 0.854867 0.654295 0.866772 0.650560 0.875525 0.648926 0.885854 0.648926 0.900385 0.653128 0.915266
0 0.234594 0.769258 0.237628 0.776261 0.241597 0.779062 0.244631 0.784664 0.255369 0.794118 0.264006 0.797969 0.268908 0.799020 0.290616 0.799370 0.301120 0.797969 0.310924 0.795693 0.348506 0.783964 0.379785 0.769608 0.401727 0.756478 0.422736 0.740371 0.433940 0.727591 0.441410 0.715161 0.445145 0.705007 0.446545 0.691176 0.446078 0.682248 0.444444 0.674370 0.435808 0.657388 0.431139 0.653011 0.425070 0.650560 0.414799 0.649685 0.410364 0.651085 0.398226 0.652486 0.373483 0.658964 0.339869 0.669643 0.317694 0.675070 0.289916 0.685399 0.282680 0.689076 0.262605 0.703256 0.248833 0.717087 0.237628 0.737395 0.234594 0.744573 0.233427 0.751401 0.232726 0.762080 0.234594 0.769258
0 0.185341 0.473915 0.188142 0.480217 0.188375 0.484594 0.195378 0.501751 0.202381 0.515581 0.209851 0.527136 0.220588 0.539391 0.222456 0.543943 0.241363 0.561800 0.247899 0.565301 0.265173 0.563725 0.283147 0.556197 0.294118 0.547269 0.299720 0.540091 0.310924 0.512780 0.312558 0.499125 0.312092 0.475315 0.308590 0.453081 0.303688 0.438200 0.296919 0.425245 0.289916 0.415616 0.282213 0.409139 0.275677 0.405112 0.265873 0.401611 0.254902 0.398810 0.249300 0.398284 0.240663 0.398810 0.223856 0.401611 0.218954 0.403536 0.205882 0.411064 0.191877 0.425245 0.186041 0.439251 0.183240 0.452381 0.183007 0.461134 0.185341 0.473915
0 0.027311 0.570728 0.029178 0.576681 0.030579 0.588060 0.034080 0.598739 0.036181 0.603466 0.050887 0.626576 0.066527 0.643732 0.087768 0.659839 0.098273 0.664916 0.119514 0.671919 0.132120 0.671919 0.147292 0.668592 0.152428 0.666667 0.161531 0.660189 0.164566 0.659314 0.172502 0.652836 0.178338 0.643908 0.179505 0.618873 0.177871 0.612745 0.165500 0.586835 0.150560 0.569503 0.145425 0.560574 0.141923 0.557073 0.135154 0.546569 0.124883 0.537115 0.106909 0.518382 0.098973 0.511905 0.088702 0.507003 0.080532 0.504552 0.070495 0.502451 0.060691 0.501576 0.050187 0.502451 0.040383 0.508929 0.034314 0.515931 0.030812 0.522409 0.028245 0.529762 0.026144 0.542017 0.025677 0.551996 0.027311 0.570728
0 0.063725 0.421394 0.066527 0.422619 0.068861 0.425245 0.070261 0.431898 0.073296 0.436099 0.080065 0.441877 0.084734 0.447304 0.093137 0.453606 0.096405 0.457808 0.109244 0.464986 0.119748 0.467612 0.124650 0.467787 0.129318 0.467087 0.136788 0.464111 0.146359 0.458333 0.169935 0.439776 0.185808 0.428922 0.193277 0.422094 0.201447 0.412990 0.211018 0.405987 0.220355 0.400385 0.224090 0.395133 0.228525 0.374650 0.228758 0.365896 0.227591 0.356268 0.222923 0.338410 0.214753 0.326856 0.207983 0.320203 0.199113 0.314251 0.192577 0.312675 0.189542 0.313200 0.182306 0.310399 0.175770 0.309174 0.171102 0.309349 0.157563 0.307948 0.148226 0.310049 0.141923 0.313200 0.111111 0.332283 0.083100 0.358368 0.070495 0.376050 0.064192 0.390056 0.061625 0.398284 0.060691 0.411590 0.063725 0.421394
0 0.239496 0.375175 0.245098 0.381127 0.259104 0.387605 0.272409 0.390756 0.286415 0.391632 0.300654 0.390056 0.317460 0.385154 0.321195 0.382353 0.338936 0.374650 0.345705 0.369573 0.352941 0.362745 0.361111 0.352591 0.369048 0.338060 0.377684 0.314426 0.377218 0.300245 0.373950 0.293067 0.366480 0.285364 0.361811 0.282388 0.359244 0.279762 0.338469 0.271884 0.328898 0.270833 0.314192 0.271008 0.305089 0.273284 0.300187 0.273810 0.297152 0.275210 0.282446 0.284489 0.264706 0.291842 0.257003 0.299370 0.251634 0.308298 0.244631 0.328431 0.238329 0.357493 0.237395 0.366597 0.239496 0.375175
0 0.210084 0.233543 0.209150 0.256303 0.211718 0.268557 0.216153 0.279237 0.219421 0.282913 0.225957 0.286239 0.238329 0.290616 0.244398 0.291842 0.252568 0.292017 0.262605 0.290441 0.277077 0.285539 0.282680 0.283088 0.292717 0.276611 0.300654 0.268908 0.306956 0.257703 0.310691 0.252801 0.312325 0.248775 0.312558 0.240196 0.311158 0.230742 0.308824 0.223564 0.304155 0.215861 0.296452 0.208158 0.289449 0.203606 0.285014 0.201681 0.269141 0.197129 0.262372 0.195728 0.254669 0.195728 0.248133 0.196604 0.231559 0.202381 0.220588 0.208158 0.213819 0.213410 0.208917 0.220238 0.208683 0.224615 0.210084 0.233543
0 0.042017 0.331232 0.046452 0.336485 0.050420 0.339111 0.053221 0.339811 0.067927 0.339461 0.085434 0.337185 0.095238 0.334384 0.106909 0.332108 0.115546 0.328256 0.126751 0.320903 0.146592 0.309524 0.155229 0.307073 0.161765 0.306898 0.168768 0.307773 0.172502 0.306548 0.183940 0.297444 0.188609 0.290091 0.194211 0.285014 0.204949 0.263305 0.208450 0.245973 0.208683 0.230742 0.207049 0.223739 0.203782 0.219188 0.200514 0.216036 0.185808 0.205357 0.178105 0.204657 0.172035 0.202731 0.165033 0.202206 0.151027 0.203081 0.140523 0.205707 0.133520 0.208508 0.113679 0.218662 0.101307 0.226716 0.094304 0.229517 0.086601 0.236169 0.075864 0.248249 0.062792 0.260154 0.056489 0.269083 0.049720 0.282213 0.046685 0.286415 0.043884 0.292017 0.040149 0.303571 0.038515 0.315826 0.042017 0.331232
0 0.450047 0.293417 0.458917 0.302696 0.479925 0.307598 0.508403 0.318803 0.516340 0.318803 0.528945 0.316352 0.545051 0.311450 0.550187 0.308298 0.552988 0.304272 0.567927 0.291141 0.586134 0.284139 0.595705 0.277311 0.623716 0.251926 0.627684 0.241422 0.627684 0.237570 0.622549 0.230917 0.612979 0.223739 0.609244 0.221639 0.605042 0.220938 0.598506 0.220413 0.578665 0.221639 0.560924 0.223389 0.542951 0.226891 0.532913 0.230217 0.524743 0.234244 0.508170 0.239146 0.498366 0.243172 0.495098 0.243522 0.487628 0.247374 0.471289 0.259454 0.470121 0.261905 0.466620 0.263305 0.454949 0.274510 0.449813 0.283789 0.449346 0.290616 0.450047 0.293417
0 0.304622 0.418067 0.309524 0.425245 0.313492 0.428046 0.317460 0.432423 0.325163 0.437675 0.338235 0.442227 0.342437 0.445378 0.359944 0.449230 0.366013 0.451681 0.387255 0.454832 0.390289 0.455882 0.410598 0.457283 0.425537 0.457633 0.433707 0.456408 0.463585 0.456057 0.471522 0.455182 0.484360 0.452206 0.503035 0.443978 0.509104 0.438200 0.513072 0.432248 0.515873 0.418943 0.514006 0.407738 0.510738 0.401085 0.506069 0.396359 0.496265 0.389181 0.481326 0.384104 0.470355 0.379202 0.453081 0.375175 0.446078 0.374300 0.422035 0.373599 0.412698 0.373950 0.397993 0.376050 0.390523 0.376225 0.385387 0.378151 0.369981 0.379202 0.364379 0.380952 0.353175 0.382703 0.338469 0.383754 0.335201 0.385329 0.327965 0.386905 0.318627 0.391982 0.307190 0.400910 0.306956 0.402836 0.303922 0.407913 0.302754 0.411765 0.304622 0.418067
1 0.040850 0.230917 0.043184 0.234769 0.046685 0.237920 0.050187 0.238095 0.053455 0.236169 0.060924 0.234244 0.063492 0.232493 0.077965 0.228466 0.092670 0.228116 0.097806 0.227066 0.105742 0.224090 0.114846 0.217787 0.127918 0.210959 0.140756 0.205357 0.147526 0.203782 0.159664 0.203081 0.162232 0.201681 0.162465 0.199580 0.141923 0.195203 0.116013 0.195378 0.082166 0.198704 0.068627 0.202556 0.052288 0.209909 0.047852 0.213585 0.042717 0.216387 0.040383 0.220938 0.039683 0.225315 0.040850 0.230917
1 0.032446 0.283438 0.038049 0.291492 0.039916 0.292892 0.043184 0.293242 0.049020 0.283613 0.051120 0.278361 0.061858 0.262255 0.092904 0.231793 0.094771 0.230917 0.095238 0.229167 0.097106 0.227416 0.094538 0.227066 0.081466 0.228116 0.071429 0.230042 0.063492 0.232318 0.059524 0.234419 0.052288 0.236695 0.047152 0.240021 0.035481 0.249650 0.031046 0.257703 0.029178 0.265581 0.029178 0.276261 0.032446 0.283438
1 0.220588 0.207283 0.230392 0.202206 0.234594 0.201331 0.246965 0.196429 0.254435 0.195203 0.262138 0.195378 0.285247 0.200805 0.288749 0.202556 0.293184 0.205007 0.298786 0.209559 0.302754 0.213410 0.307190 0.219713 0.310691 0.221289 0.315359 0.219013 0.318161 0.216036 0.318394 0.208158 0.316760 0.199405 0.311625 0.188375 0.308824 0.184874 0.303922 0.180497 0.294118 0.175245 0.280579 0.170693 0.272876 0.169118 0.261671 0.169818 0.251867 0.172269 0.245098 0.175245 0.233894 0.183824 0.225957 0.191702 0.218954 0.203782 0.218487 0.206408 0.220588 0.207283
1 0.316527 0.183298 0.320728 0.193803 0.324463 0.199055 0.327965 0.207458 0.358310 0.231092 0.364846 0.242997 0.369281 0.247899 0.376984 0.251225 0.385387 0.253151 0.404528 0.252976 0.417367 0.251225 0.422502 0.249650 0.428571 0.244748 0.435574 0.235469 0.436975 0.228291 0.437208 0.220413 0.434874 0.210084 0.432773 0.206408 0.426471 0.198529 0.413165 0.184699 0.409197 0.181548 0.387255 0.166141 0.368814 0.157738 0.359477 0.154762 0.352241 0.153536 0.339169 0.154587 0.328198 0.157213 0.321195 0.162115 0.317227 0.168943 0.315826 0.175245 0.316527 0.183298
1 0.402428 0.176120 0.413866 0.185399 0.425070 0.196078 0.428338 0.195203 0.433940 0.188901 0.437442 0.181373 0.437908 0.171218 0.435808 0.164916 0.428571 0.160189 0.420168 0.156863 0.415033 0.155637 0.402661 0.157213 0.388655 0.161590 0.385387 0.164741 0.402428 0.176120
1 0.313259 0.248775 0.311158 0.255077 0.301354 0.268908 0.302521 0.271534 0.303922 0.272059 0.313725 0.270658 0.334034 0.271183 0.353875 0.277311 0.361811 0.281513 0.362979 0.282913 0.366480 0.283613 0.369048 0.276436 0.368114 0.252276 0.361345 0.236695 0.357143 0.230567 0.353175 0.226716 0.346639 0.222339 0.330999 0.218487 0.317927 0.219363 0.312325 0.221464 0.309991 0.223564 0.313025 0.237395 0.313259 0.248775
1 0.000000 0.393382 0.005602 0.393557 0.031746 0.397234 0.045518 0.402486 0.057190 0.409139 0.058824 0.404762 0.059524 0.397934 0.064893 0.383929 0.070495 0.373950 0.080532 0.359244 0.081232 0.355567 0.079132 0.349265 0.074697 0.340861 0.069561 0.340511 0.056956 0.341387 0.049020 0.339636 0.042951 0.335084 0.042017 0.333508 0.036181 0.313200 0.022409 0.307248 0.014239 0.306723 0.000000 0.306898 0.000000 0.393382
1 0.369514 0.286590 0.373483 0.290616 0.377918 0.299720 0.380252 0.310749 0.383520 0.310224 0.387021 0.308123 0.393791 0.307423 0.407563 0.302871 0.423203 0.302871 0.432540 0.303746 0.443044 0.303396 0.446078 0.302521 0.449113 0.296744 0.447479 0.289391 0.448179 0.285014 0.451681 0.275385 0.450747 0.272759 0.448646 0.271008 0.445612 0.265581 0.441643 0.256828 0.439776 0.254377 0.435808 0.252276 0.428805 0.250525 0.425070 0.250350 0.411064 0.253326 0.384921 0.256127 0.380252 0.258053 0.371148 0.264006 0.369748 0.268382 0.368114 0.283263 0.369514 0.286590
1 0.373483 0.338761 0.378385 0.349265 0.392157 0.365196 0.404762 0.373249 0.421802 0.372549 0.437208 0.373775 0.450747 0.373775 0.471289 0.378501 0.484127 0.383929 0.494631 0.386380 0.497666 0.386204 0.501634 0.384804 0.505602 0.381653 0.513305 0.377451 0.523343 0.366947 0.527077 0.359419 0.527544 0.349965 0.526611 0.345413 0.525444 0.342087 0.521942 0.337360 0.517040 0.327731 0.510971 0.322304 0.498366 0.316001 0.477358 0.307948 0.470822 0.306197 0.456349 0.304272 0.421335 0.304272 0.411298 0.303221 0.387021 0.308824 0.383287 0.310749 0.379318 0.314951 0.376517 0.320903 0.373483 0.330882 0.372782 0.334909 0.373483 0.338761
1 0.441643 0.252276 0.444211 0.261730 0.447479 0.265406 0.449346 0.269608 0.453081 0.272409 0.456349 0.272409 0.467087 0.262780 0.492297 0.244398 0.494164 0.241422 0.493464 0.238445 0.490430 0.234944 0.488562 0.220413 0.489496 0.206933 0.492297 0.197129 0.491130 0.185924 0.483894 0.187675 0.467087 0.199230 0.462418 0.203256 0.458917 0.207458 0.448646 0.223739 0.444444 0.232843 0.442577 0.240721 0.442577 0.248249 0.441643 0.252276
1 0.435107 0.208508 0.436975 0.213410 0.438142 0.222339 0.437908 0.232843 0.429272 0.244748 0.429038 0.248424 0.432540 0.250875 0.439076 0.251751 0.440710 0.249125 0.441643 0.241071 0.443744 0.233543 0.454949 0.212185 0.462185 0.203256 0.467787 0.198704 0.484594 0.186800 0.491130 0.184349 0.493697 0.178922 0.493464 0.177871 0.491597 0.176646 0.484360 0.175420 0.477124 0.176120 0.466853 0.178221 0.459150 0.180672 0.444444 0.183298 0.439076 0.185399 0.428338 0.196604 0.428105 0.199755 0.435107 0.208508
1 0.491130 0.237395 0.494398 0.242122 0.498599 0.242472 0.511905 0.236695 0.522642 0.233894 0.543184 0.226366 0.560691 0.223039 0.585434 0.220588 0.590336 0.219538 0.594304 0.216912 0.594304 0.209209 0.588469 0.190651 0.583800 0.180847 0.574697 0.169118 0.567460 0.162640 0.560691 0.157388 0.554388 0.153711 0.544118 0.151961 0.525210 0.150735 0.518908 0.151961 0.515173 0.154587 0.501867 0.168417 0.497666 0.175245 0.492764 0.188901 0.492297 0.198004 0.488796 0.213761 0.488329 0.220763 0.491130 0.237395
1 0.185107 0.300245 0.186041 0.310224 0.189076 0.311450 0.197479 0.313025 0.204482 0.316527 0.214986 0.325980 0.223856 0.337710 0.240663 0.334909 0.253035 0.303571 0.253968 0.300245 0.253735 0.296043 0.248599 0.293417 0.244398 0.293242 0.231793 0.289741 0.218021 0.283964 0.216853 0.282913 0.213585 0.284314 0.203315 0.285539 0.196078 0.284839 0.189076 0.290091 0.187208 0.293417 0.186275 0.298494 0.185107 0.300245
1 0.296919 0.416667 0.300187 0.411940 0.301821 0.406863 0.304155 0.404762 0.303922 0.402836 0.302288 0.401611 0.302288 0.400560 0.303221 0.399860 0.307190 0.399860 0.310691 0.396183 0.321895 0.388831 0.327731 0.387605 0.332166 0.385329 0.338702 0.384104 0.348506 0.383578 0.362278 0.381303 0.372782 0.378676 0.390756 0.376926 0.391457 0.376576 0.391223 0.374125 0.389122 0.369223 0.383987 0.365721 0.375584 0.362045 0.359244 0.358718 0.341036 0.373775 0.310691 0.388831 0.305789 0.390581 0.304855 0.393207 0.299253 0.400910 0.299253 0.402486 0.296452 0.404062 0.295518 0.407738 0.293184 0.410889 0.293417 0.414741 0.296919 0.416667
1 0.312092 0.465511 0.313725 0.491597 0.314659 0.494398 0.316527 0.496324 0.320261 0.497899 0.331699 0.501050 0.341737 0.501576 0.344771 0.500700 0.346872 0.499125 0.356209 0.487045 0.370215 0.474440 0.375817 0.468137 0.382120 0.463761 0.385854 0.460084 0.385854 0.456408 0.352474 0.447129 0.348739 0.446779 0.341503 0.444328 0.338235 0.442052 0.330766 0.440301 0.320028 0.434524 0.309290 0.426296 0.307190 0.423845 0.305556 0.423494 0.303922 0.420810 0.303688 0.417892 0.300420 0.419468 0.298786 0.421218 0.309290 0.451856 0.312092 0.465511
1 0.560458 0.155462 0.570728 0.164916 0.574930 0.167192 0.581466 0.175420 0.588469 0.182423 0.588002 0.181373 0.590570 0.177346 0.595238 0.175420 0.598973 0.172094 0.605742 0.170518 0.608077 0.168943 0.612045 0.167717 0.619981 0.167717 0.622782 0.168592 0.626751 0.167717 0.630252 0.168943 0.633520 0.167017 0.634454 0.165091 0.633520 0.160364 0.630719 0.154237 0.625350 0.151085 0.623249 0.147759 0.622812 0.148281 0.621382 0.145658 0.619281 0.146183 0.612745 0.144783 0.608777 0.145308 0.598739 0.143732 0.584734 0.143908 0.581699 0.145483 0.577965 0.145308 0.570962 0.146359 0.564192 0.148810 0.560458 0.151085 0.559757 0.152836 0.559524 0.154412 0.560458 0.155462
1 0.586134 0.185399 0.594538 0.205882 0.594771 0.216912 0.598506 0.219363 0.605509 0.220063 0.609244 0.219538 0.612745 0.216036 0.622316 0.210084 0.637021 0.204657 0.644958 0.202906 0.650327 0.199580 0.646825 0.189426 0.645658 0.175070 0.633520 0.169118 0.623249 0.167892 0.617414 0.167892 0.609010 0.169118 0.593137 0.175245 0.586601 0.180497 0.585668 0.181898 0.586134 0.185399
1 0.648226 0.193102 0.650327 0.197304 0.653828 0.200630 0.658030 0.201331 0.662465 0.203256 0.666433 0.205357 0.668301 0.207283 0.674370 0.200980 0.678805 0.199230 0.689076 0.189601 0.695845 0.188025 0.699580 0.188025 0.713119 0.185749 0.719421 0.185924 0.730159 0.187675 0.741130 0.190476 0.744865 0.192402 0.748133 0.192577 0.750467 0.189076 0.756303 0.169468 0.756069 0.161415 0.753968 0.154237 0.749767 0.146359 0.747199 0.143382 0.736461 0.135329 0.728525 0.131478 0.720355 0.128151 0.708450 0.126050 0.702381 0.125875 0.693044 0.127276 0.682773 0.130077 0.676704 0.132528 0.669701 0.137080 0.662698 0.143032 0.656396 0.151961 0.653828 0.157038 0.650327 0.169993 0.646825 0.177871 0.647059 0.187500 0.648226 0.193102
1 0.624883 0.232143 0.628151 0.236870 0.627918 0.245098 0.624883 0.251576 0.621148 0.257003 0.616013 0.261905 0.610411 0.265581 0.597806 0.279412 0.598039 0.280462 0.598973 0.281688 0.602941 0.282388 0.605509 0.283964 0.609244 0.284139 0.613679 0.285364 0.622782 0.288866 0.637955 0.299545 0.649627 0.309349 0.656863 0.317577 0.661531 0.321078 0.663866 0.319678 0.664566 0.318277 0.664566 0.313901 0.656863 0.297094 0.654528 0.280112 0.654528 0.264881 0.658964 0.230567 0.662465 0.220238 0.664799 0.217087 0.667367 0.210784 0.666900 0.208333 0.665500 0.206408 0.658030 0.202206 0.651494 0.201681 0.643557 0.202206 0.641457 0.203256 0.633287 0.205007 0.630252 0.206758 0.622082 0.209209 0.615780 0.214111 0.612512 0.215686 0.609477 0.220238 0.613912 0.222864 0.624883 0.232143
1 0.656162 0.286590 0.659197 0.300420 0.669001 0.319153 0.671802 0.321078 0.675303 0.320903 0.678338 0.318277 0.680672 0.313375 0.684407 0.309174 0.695612 0.299195 0.705882 0.295168 0.714286 0.294818 0.726190 0.296394 0.739262 0.300945 0.750000 0.307598 0.757470 0.314251 0.758637 0.316176 0.763539 0.319153 0.768908 0.324930 0.772409 0.325280 0.774977 0.320903 0.778478 0.294643 0.782680 0.279412 0.784781 0.267857 0.785714 0.256653 0.784781 0.237570 0.782213 0.230917 0.776844 0.221814 0.763072 0.205707 0.750000 0.195203 0.738095 0.190126 0.727591 0.187850 0.716853 0.186625 0.701214 0.188550 0.692577 0.188901 0.689076 0.190301 0.682540 0.197129 0.675070 0.200980 0.668301 0.209734 0.662232 0.220413 0.657796 0.237570 0.655462 0.263655 0.656162 0.286590
1 0.751634 0.150735 0.754202 0.153361 0.755602 0.157388 0.757236 0.167367 0.756303 0.178571 0.754435 0.182073 0.753735 0.185749 0.754902 0.189426 0.756303 0.188025 0.761438 0.185749 0.779412 0.173144 0.799253 0.164916 0.806022 0.160889 0.812092 0.160189 0.824930 0.160189 0.830766 0.158789 0.833567 0.157388 0.833800 0.153711 0.832866 0.150910 0.825163 0.142157 0.820962 0.139006 0.810691 0.133403 0.800654 0.130252 0.786181 0.130252 0.771242 0.132878 0.754902 0.140581 0.750700 0.143557 0.750700 0.147934 0.751634 0.150735
1 0.757003 0.199580 0.763772 0.204832 0.771242 0.214461 0.775910 0.219013 0.784080 0.233894 0.786415 0.248950 0.787815 0.250525 0.790149 0.251050 0.820028 0.240546 0.824230 0.238270 0.827031 0.235644 0.832633 0.226891 0.842670 0.206408 0.844538 0.199055 0.847806 0.192577 0.852241 0.179622 0.854108 0.172094 0.854108 0.168067 0.852474 0.165266 0.850140 0.163690 0.845005 0.161239 0.835201 0.158438 0.831232 0.158613 0.822596 0.160539 0.806956 0.160889 0.776377 0.175245 0.757937 0.188550 0.753968 0.192402 0.754669 0.196078 0.757003 0.199580
1 0.897133 0.186545 0.896751 0.194121 0.897514 0.199553 0.896942 0.205128 0.897323 0.210846 0.901516 0.214277 0.905328 0.216278 0.908759 0.218851 0.911298 0.220238 0.916764 0.226141 0.925912 0.234004 0.927246 0.233718 0.927638 0.225140 0.928390 0.224569 0.928805 0.223739 0.930672 0.219538 0.941410 0.205357 0.955882 0.193627 0.961951 0.190301 0.967320 0.189251 0.976891 0.190476 0.982900 0.192263 0.987284 0.193693 0.999292 0.199839 0.999767 0.193978 0.999767 0.162290 0.991363 0.149685 0.989694 0.146856 0.984875 0.143622 0.981326 0.138480 0.974556 0.129377 0.970355 0.125875 0.964986 0.123249 0.961951 0.120623 0.958683 0.119398 0.954946 0.118322 0.947337 0.116230 0.938713 0.117751 0.932879 0.120795 0.933940 0.122199 0.930597 0.124029 0.929272 0.125525 0.923203 0.129027 0.920868 0.131653 0.912571 0.142661 0.909521 0.148093 0.907563 0.153186 0.903595 0.161239 0.899229 0.168534 0.898085 0.176682 0.897133 0.186545
1 0.880252 0.199230 0.883287 0.200455 0.890756 0.206758 0.897993 0.209909 0.897323 0.206701 0.896359 0.203081 0.897526 0.199930 0.896359 0.196604 0.896359 0.188550 0.897526 0.185749 0.897292 0.175070 0.898693 0.169468 0.900327 0.164741 0.904528 0.158789 0.909897 0.146359 0.912465 0.144083 0.913165 0.141982 0.915500 0.140581 0.915966 0.138831 0.916192 0.136371 0.921335 0.129902 0.925303 0.127276 0.928105 0.126576 0.928338 0.125350 0.930672 0.123775 0.933007 0.123424 0.938609 0.119398 0.940943 0.118697 0.942344 0.117122 0.946078 0.117997 0.949580 0.116947 0.953081 0.117122 0.967554 0.124475 0.969188 0.126751 0.971989 0.128151 0.980859 0.135504 0.983427 0.141457 0.985761 0.142332 0.987395 0.144083 0.990430 0.144083 0.989496 0.136905 0.985061 0.126926 0.980859 0.122024 0.973156 0.116246 0.966620 0.112745 0.959851 0.110644 0.955882 0.111169 0.953081 0.110119 0.946779 0.111695 0.936041 0.112745 0.920635 0.119573 0.913165 0.125350 0.901494 0.140231 0.900093 0.143207 0.897526 0.145308 0.894655 0.150237 0.892624 0.154062 0.886078 0.167819 0.883520 0.170868 0.880252 0.179447 0.878852 0.179972 0.877918 0.181898 0.878151 0.184524 0.877310 0.186116 0.877692 0.187832 0.877310 0.189404 0.876751 0.189426 0.876284 0.190476 0.876050 0.192577 0.880252 0.199230
1 0.852007 0.190826 0.864846 0.193978 0.870448 0.196604 0.873950 0.196954 0.875350 0.196429 0.877684 0.183473 0.887255 0.164391 0.891457 0.158613 0.893324 0.154412 0.892157 0.152136 0.886321 0.151261 0.879552 0.152486 0.866947 0.157388 0.861111 0.161239 0.855742 0.168242 0.851541 0.183648 0.850373 0.189251 0.852007 0.190826
1 0.828898 0.238445 0.850957 0.237920 0.898693 0.239146 0.904295 0.240371 0.908263 0.240196 0.921335 0.241597 0.925303 0.241422 0.925770 0.239671 0.925070 0.235119 0.922269 0.230917 0.904762 0.216387 0.873016 0.197304 0.862278 0.193277 0.852474 0.191001 0.848973 0.191702 0.846405 0.194853 0.841503 0.210259 0.827731 0.234419 0.826331 0.237745 0.828898 0.238445
1 0.779412 0.319153 0.786181 0.318277 0.793417 0.314601 0.803688 0.311275 0.810458 0.310224 0.814426 0.310399 0.817927 0.309524 0.821662 0.309874 0.831232 0.308824 0.841970 0.310049 0.845472 0.308999 0.847339 0.307248 0.848506 0.303746 0.847339 0.300420 0.842904 0.298144 0.834734 0.289916 0.833800 0.283789 0.834734 0.275910 0.842437 0.267157 0.848739 0.262780 0.854575 0.260154 0.883754 0.250350 0.890523 0.248775 0.894725 0.248950 0.903361 0.247549 0.907796 0.249125 0.914099 0.247899 0.918301 0.248599 0.923903 0.247199 0.928571 0.244748 0.925537 0.243873 0.921802 0.241422 0.898693 0.239146 0.883520 0.239146 0.851541 0.237395 0.824697 0.239671 0.795752 0.249125 0.790850 0.251576 0.786881 0.258403 0.782913 0.282913 0.779412 0.294818 0.777778 0.304447 0.777544 0.314076 0.779412 0.319153
1 0.834034 0.282913 0.835901 0.289566 0.841270 0.296744 0.856909 0.307248 0.856676 0.310749 0.862979 0.310924 0.866246 0.309349 0.883754 0.305847 0.890990 0.303571 0.897526 0.303571 0.904295 0.301821 0.915033 0.301996 0.928571 0.305672 0.941176 0.311800 0.955182 0.326331 0.958683 0.334909 0.957750 0.345588 0.956349 0.348739 0.956349 0.352591 0.954482 0.359069 0.957049 0.361520 0.961951 0.363796 0.966853 0.365021 0.977124 0.365021 0.981326 0.363270 0.984594 0.363971 0.999767 0.361695 0.999767 0.263655 0.996499 0.262605 0.991130 0.259454 0.987395 0.259454 0.972456 0.255777 0.969655 0.254027 0.966993 0.253310 0.963771 0.253026 0.959222 0.251462 0.954295 0.250040 0.946713 0.248477 0.942810 0.248424 0.935910 0.248619 0.931361 0.248192 0.927760 0.247766 0.925865 0.247624 0.925296 0.247624 0.923969 0.247766 0.920868 0.248950 0.918301 0.248249 0.909944 0.247624 0.904762 0.248074 0.897292 0.248074 0.883287 0.250525 0.872782 0.254552 0.869514 0.254727 0.866246 0.256303 0.862745 0.256828 0.846405 0.264706 0.841036 0.269083 0.834967 0.276961 0.834034 0.279062 0.834034 0.282913
1 0.774743 0.335259 0.778011 0.346464 0.778011 0.366597 0.779412 0.369398 0.782680 0.367997 0.787348 0.364321 0.797619 0.351716 0.809290 0.341211 0.817460 0.335609 0.823296 0.333158 0.824930 0.331583 0.827731 0.330882 0.837302 0.323880 0.845238 0.319678 0.848739 0.318627 0.852941 0.314076 0.849206 0.309524 0.845938 0.310924 0.827965 0.309349 0.806723 0.311099 0.799953 0.312850 0.788982 0.318102 0.782446 0.322654 0.775677 0.328957 0.774510 0.331583 0.774743 0.335259
1 0.789216 0.484244 0.795518 0.489846 0.804622 0.500175 0.806956 0.507003 0.812792 0.512605 0.821195 0.530462 0.824463 0.533613 0.828198 0.533263 0.831933 0.531863 0.834967 0.533088 0.840803 0.531162 0.842904 0.529237 0.845005 0.528887 0.854809 0.520483 0.861111 0.516632 0.869514 0.513480 0.871615 0.511905 0.881886 0.508053 0.886555 0.507003 0.900794 0.505252 0.910131 0.505252 0.914332 0.504202 0.922969 0.503852 0.955415 0.485294 0.964052 0.478641 0.972456 0.470763 0.981326 0.459034 0.985294 0.451331 0.991130 0.432773 0.988796 0.418242 0.984360 0.411590 0.981326 0.410014 0.976891 0.406162 0.970121 0.402661 0.954715 0.400035 0.942344 0.400560 0.937350 0.399746 0.930060 0.401676 0.921569 0.402486 0.913632 0.409139 0.911531 0.412465 0.906863 0.416317 0.905929 0.418417 0.878618 0.440301 0.873950 0.443277 0.869514 0.444853 0.859711 0.450630 0.852474 0.452731 0.849206 0.455182 0.835668 0.459909 0.814659 0.465336 0.803688 0.466211 0.799486 0.467787 0.796685 0.466562 0.794351 0.466912 0.787582 0.478466 0.787348 0.480917 0.789216 0.484244
1 0.951447 0.381127 0.959384 0.388480 0.964052 0.397234 0.975490 0.403186 0.981326 0.407913 0.996032 0.416317 0.998133 0.418943 0.999767 0.418943 0.999767 0.363270 0.995098 0.364496 0.986695 0.365371 0.959384 0.365896 0.953081 0.364496 0.949580 0.367297 0.948413 0.369573 0.947479 0.373249 0.951447 0.381127
1 0.935808 0.508578 0.949346 0.513655 0.960784 0.520658 0.970588 0.528711 0.973856 0.529762 0.976657 0.528011 0.979925 0.522409 0.997899 0.501225 0.999767 0.500875 0.999767 0.420868 0.998133 0.420868 0.994631 0.417017 0.991130 0.415616 0.989496 0.415966 0.988796 0.417017 0.991830 0.428746 0.990896 0.435749 0.986461 0.449580 0.978058 0.464811 0.968021 0.475840 0.961018 0.481793 0.950980 0.488971 0.938142 0.496674 0.934407 0.498074 0.929505 0.502451 0.929739 0.505427 0.935808 0.508578
1 0.901961 0.670343 0.902894 0.689601 0.904528 0.696078 0.909664 0.701506 0.918301 0.706232 0.925770 0.707983 0.949580 0.711660 0.967087 0.711485 0.987162 0.707808 0.999767 0.703782 0.999767 0.549895 0.987628 0.552171 0.980859 0.555147 0.979692 0.570028 0.976657 0.579832 0.973856 0.584734 0.961951 0.599615 0.946545 0.610119 0.935341 0.615896 0.926704 0.618697 0.916900 0.623599 0.913399 0.626926 0.911531 0.633578 0.904295 0.637255 0.903361 0.640231 0.904528 0.647934 0.901961 0.670343
1 0.780112 0.666842 0.781046 0.678746 0.783380 0.686975 0.783380 0.698506 0.781046 0.709559 0.781046 0.713761 0.784314 0.719188 0.786648 0.727241 0.800187 0.745098 0.813259 0.758403 0.824230 0.766632 0.836601 0.772759 0.848273 0.776611 0.862745 0.779062 0.870915 0.781513 0.873950 0.781688 0.882120 0.780287 0.885621 0.777486 0.888422 0.765406 0.895892 0.744923 0.898693 0.719713 0.903595 0.699755 0.901494 0.690826 0.900794 0.681839 0.901961 0.654412 0.890523 0.632178 0.885154 0.629202 0.862512 0.623424 0.856443 0.620973 0.838002 0.609419 0.827965 0.600840 0.824230 0.604692 0.823296 0.609244 0.818161 0.622199 0.812558 0.630777 0.799020 0.644608 0.789449 0.650910 0.785481 0.652486 0.779178 0.657563 0.778478 0.659139 0.778011 0.661415 0.780112 0.666842
1 0.743464 0.636905 0.746265 0.645483 0.748133 0.655637 0.749767 0.658438 0.753268 0.660014 0.761905 0.660714 0.776844 0.655987 0.790616 0.649510 0.798553 0.644258 0.812325 0.630602 0.820028 0.617122 0.823063 0.606443 0.824230 0.596639 0.823763 0.591737 0.822129 0.589111 0.821429 0.577731 0.818394 0.573704 0.817694 0.571078 0.816293 0.573704 0.810924 0.577906 0.807890 0.583508 0.803455 0.587535 0.798086 0.595238 0.794351 0.599090 0.779178 0.610819 0.772642 0.614146 0.765406 0.615896 0.752101 0.614846 0.744164 0.611345 0.738329 0.607493 0.730859 0.604867 0.729692 0.605567 0.729458 0.609419 0.743464 0.636905
1 0.600840 0.811275 0.605742 0.816176 0.608543 0.817577 0.623249 0.820378 0.651027 0.820553 0.671102 0.817402 0.678571 0.815476 0.692810 0.810399 0.713119 0.797969 0.716853 0.794293 0.720822 0.792017 0.731559 0.781162 0.738562 0.776436 0.748366 0.765581 0.762138 0.748249 0.775910 0.722164 0.780812 0.706583 0.782213 0.695203 0.779879 0.682248 0.775910 0.675945 0.769374 0.670168 0.758637 0.662465 0.755135 0.661239 0.750700 0.661415 0.749767 0.664566 0.750467 0.668592 0.749533 0.671394 0.749767 0.699930 0.749066 0.706583 0.744631 0.727766 0.742530 0.734069 0.738796 0.740896 0.737162 0.742997 0.734360 0.744748 0.731326 0.748950 0.724790 0.753151 0.718954 0.755777 0.717320 0.757703 0.712885 0.757178 0.710084 0.758228 0.706583 0.758053 0.703315 0.759804 0.691176 0.760854 0.681606 0.760504 0.676237 0.758403 0.666200 0.751576 0.661531 0.750000 0.649160 0.741947 0.636788 0.728116 0.628385 0.713235 0.626751 0.708508 0.623249 0.707283 0.615313 0.723214 0.608777 0.744398 0.605742 0.750525 0.601774 0.765581 0.600607 0.775560 0.597806 0.787290 0.598273 0.803922 0.600840 0.811275
1 0.890523 0.794468 0.894258 0.803396 0.901961 0.817052 0.904762 0.824580 0.906396 0.825980 0.909664 0.833158 0.915733 0.842262 0.921569 0.849090 0.932073 0.859069 0.958683 0.880952 0.969621 0.888805 0.976424 0.895133 0.989262 0.905112 0.994398 0.908438 0.999767 0.909489 0.999767 0.742472 0.997899 0.742297 0.995331 0.737745 0.988562 0.732843 0.980626 0.728992 0.966853 0.725140 0.949113 0.724265 0.925537 0.728466 0.921102 0.730392 0.911998 0.736695 0.899860 0.743347 0.896825 0.747549 0.892157 0.758754 0.887955 0.773985 0.887955 0.783789 0.890523 0.794468
1 0.415266 0.856268 0.416900 0.864146 0.419468 0.901786 0.420168 0.904587 0.423203 0.908263 0.425537 0.909664 0.433940 0.911064 0.435574 0.911940 0.440243 0.911940 0.444444 0.910889 0.453315 0.910364 0.456349 0.910889 0.471055 0.910714 0.478525 0.911590 0.491363 0.909839 0.497899 0.907913 0.521709 0.894608 0.533847 0.885854 0.539916 0.879902 0.544585 0.877101 0.553688 0.866246 0.558357 0.857318 0.564893 0.835084 0.568627 0.814776 0.568394 0.796394 0.569795 0.779237 0.567927 0.765406 0.565359 0.756127 0.563959 0.755077 0.559057 0.753852 0.555556 0.751401 0.547852 0.750525 0.530345 0.743172 0.521709 0.735644 0.514939 0.727241 0.512138 0.721989 0.509337 0.720238 0.505369 0.719013 0.493931 0.719363 0.478058 0.723389 0.467087 0.728641 0.453548 0.736695 0.442810 0.744748 0.434407 0.756127 0.431373 0.758929 0.424603 0.771183 0.421335 0.779762 0.416667 0.800070 0.415500 0.821078 0.415966 0.853116 0.415266 0.856268
1 0.355509 0.663515 0.395425 0.651961 0.400794 0.650910 0.405229 0.650910 0.416900 0.648459 0.423436 0.648985 0.428571 0.650735 0.432773 0.653711 0.437208 0.658789 0.444444 0.672969 0.447246 0.681548 0.447246 0.697654 0.445145 0.707983 0.436975 0.724440 0.427871 0.736870 0.423203 0.741246 0.417600 0.744748 0.406396 0.755077 0.411064 0.757003 0.415033 0.759804 0.425303 0.761555 0.428805 0.759629 0.433473 0.752976 0.446779 0.739496 0.465686 0.727591 0.468487 0.723915 0.476190 0.696779 0.479692 0.688200 0.483193 0.682423 0.482260 0.661415 0.476891 0.639881 0.474790 0.637955 0.472923 0.637430 0.445845 0.636380 0.439076 0.634979 0.430672 0.628852 0.427171 0.624650 0.424603 0.620273 0.423436 0.611520 0.421802 0.609419 0.417367 0.615021 0.407330 0.623950 0.390990 0.634979 0.385621 0.637255 0.378151 0.641982 0.368347 0.645658 0.358077 0.648109 0.353641 0.650385 0.353408 0.661765 0.355509 0.663515
1 0.425537 0.622724 0.429739 0.628151 0.435341 0.632528 0.438842 0.634629 0.445612 0.636380 0.475023 0.636730 0.484827 0.633929 0.494398 0.630077 0.497666 0.627101 0.502334 0.615896 0.503501 0.609069 0.509337 0.594013 0.511204 0.584909 0.508637 0.583508 0.487395 0.587710 0.473156 0.591387 0.453315 0.594013 0.431373 0.595413 0.426237 0.598039 0.424603 0.601891 0.422736 0.611345 0.425537 0.622724
1 0.479925 0.650560 0.483193 0.660714 0.485061 0.684874 0.489963 0.710434 0.492764 0.716387 0.494631 0.717962 0.508637 0.718662 0.510037 0.717087 0.509337 0.713060 0.499066 0.696254 0.492297 0.667542 0.492764 0.654062 0.494164 0.651085 0.495098 0.640581 0.496732 0.634104 0.496265 0.631653 0.494398 0.630602 0.480626 0.635679 0.478525 0.637080 0.478291 0.640756 0.479925 0.650560
1 0.583800 0.517507 0.584967 0.519083 0.588469 0.520133 0.599673 0.532388 0.602241 0.542017 0.601774 0.550945 0.599440 0.556197 0.595472 0.559699 0.570261 0.568277 0.567227 0.571078 0.568394 0.574580 0.571429 0.575980 0.584734 0.586835 0.603408 0.607318 0.608543 0.616422 0.616246 0.640231 0.619748 0.646534 0.621382 0.643557 0.635154 0.600315 0.640056 0.589461 0.645892 0.579657 0.653128 0.570728 0.660831 0.562675 0.665033 0.560574 0.665266 0.557248 0.649860 0.537640 0.644258 0.528011 0.638422 0.513831 0.633987 0.490896 0.631186 0.487745 0.623016 0.487920 0.605742 0.492647 0.591970 0.500000 0.582633 0.507528 0.579132 0.512080 0.580532 0.515581 0.583800 0.517507
1 0.535948 0.477241 0.540616 0.480742 0.547386 0.484419 0.558824 0.488620 0.563959 0.491597 0.566993 0.492297 0.582633 0.493172 0.594538 0.492472 0.608543 0.489846 0.612745 0.489671 0.619514 0.487395 0.630019 0.485994 0.633520 0.486169 0.637021 0.481268 0.639356 0.471989 0.643791 0.463585 0.648459 0.457808 0.653828 0.452906 0.660598 0.449405 0.661064 0.446078 0.658030 0.443978 0.652428 0.442052 0.647759 0.438901 0.644258 0.438375 0.641457 0.441527 0.627451 0.444153 0.612045 0.444153 0.609010 0.443627 0.603641 0.441877 0.597106 0.438550 0.594071 0.436099 0.588469 0.428396 0.584734 0.428221 0.577965 0.430847 0.574697 0.430847 0.564192 0.434524 0.550420 0.440476 0.542951 0.445553 0.536648 0.451681 0.532680 0.459734 0.532446 0.469363 0.535948 0.477241
1 0.514472 0.404762 0.517040 0.414916 0.517040 0.419468 0.514006 0.432073 0.510271 0.438550 0.506769 0.442577 0.504202 0.463585 0.500000 0.473564 0.500934 0.480217 0.504902 0.483018 0.512605 0.482493 0.519841 0.480567 0.525910 0.480042 0.532913 0.478466 0.533847 0.476716 0.531513 0.470763 0.531279 0.461310 0.534781 0.452731 0.538282 0.448354 0.542951 0.444328 0.553455 0.438025 0.570728 0.430847 0.581232 0.427346 0.584967 0.427171 0.586368 0.425595 0.584967 0.421919 0.573996 0.404937 0.570962 0.398284 0.566760 0.392507 0.561625 0.388655 0.557423 0.387955 0.551821 0.388130 0.532913 0.383403 0.529178 0.384629 0.525444 0.387255 0.518908 0.390231 0.514006 0.393908 0.511905 0.397409 0.512138 0.401085 0.514472 0.404762
1 0.501167 0.493522 0.509337 0.494398 0.548086 0.503151 0.567460 0.509454 0.570962 0.508929 0.570028 0.502101 0.565359 0.494748 0.560224 0.490896 0.538982 0.481443 0.533613 0.480392 0.522409 0.480917 0.501867 0.485819 0.498366 0.487570 0.494865 0.490546 0.494164 0.491246 0.501167 0.493522
1 0.341970 0.528711 0.345472 0.529587 0.362745 0.516282 0.368347 0.513655 0.373483 0.512255 0.376050 0.510504 0.387021 0.507178 0.395425 0.503501 0.409664 0.498599 0.445845 0.491947 0.468487 0.490371 0.481092 0.490721 0.487395 0.489496 0.496265 0.477766 0.500467 0.467262 0.502801 0.463585 0.505135 0.445378 0.498133 0.446078 0.488562 0.450980 0.479225 0.454307 0.471055 0.456057 0.446312 0.457108 0.435341 0.456758 0.422969 0.457983 0.400327 0.457108 0.393557 0.458508 0.374883 0.470763 0.355742 0.487745 0.353408 0.491422 0.349440 0.494923 0.348506 0.498074 0.345005 0.502276 0.340803 0.512605 0.340570 0.526261 0.341970 0.528711
1 0.542717 0.348564 0.550187 0.365721 0.559290 0.376576 0.561158 0.383578 0.567694 0.392157 0.585668 0.422794 0.598039 0.437500 0.602007 0.440826 0.605976 0.442227 0.619281 0.443803 0.636555 0.441877 0.643324 0.439426 0.644958 0.435749 0.641457 0.431373 0.635854 0.426646 0.629085 0.414566 0.625350 0.401436 0.624183 0.388831 0.624883 0.383228 0.628618 0.374300 0.635621 0.363445 0.639356 0.355567 0.649160 0.344713 0.661298 0.334909 0.664099 0.331583 0.663165 0.326681 0.652428 0.312675 0.637722 0.299370 0.627684 0.292367 0.615780 0.286940 0.602708 0.285189 0.594771 0.285189 0.582166 0.287115 0.569561 0.291667 0.563259 0.295868 0.558590 0.300070 0.548319 0.314076 0.545752 0.320903 0.542250 0.335259 0.541550 0.341912 0.542717 0.348564
1 0.523109 0.336660 0.527544 0.345413 0.528711 0.356443 0.524276 0.370098 0.527778 0.376050 0.532680 0.380077 0.543417 0.385504 0.546919 0.385679 0.549953 0.386905 0.556723 0.386905 0.560691 0.386204 0.561625 0.383228 0.558123 0.373249 0.552054 0.368347 0.549253 0.364321 0.543184 0.348039 0.543184 0.333333 0.545285 0.323529 0.547619 0.318102 0.547619 0.313550 0.546685 0.313025 0.518441 0.320028 0.514939 0.323529 0.515173 0.325455 0.523109 0.336660
1 0.927871 0.241246 0.928571 0.241772 0.942577 0.242822 0.947479 0.244748 0.960551 0.246674 0.963352 0.247899 0.966387 0.246499 0.968254 0.246849 0.985761 0.253326 0.994164 0.259104 0.998133 0.261204 0.999767 0.261204 0.999767 0.200630 0.998133 0.200630 0.995565 0.198179 0.977124 0.191352 0.970588 0.189951 0.962885 0.190476 0.954248 0.195203 0.945145 0.202556 0.938142 0.209734 0.928805 0.223739 0.926937 0.230917 0.927871 0.241246
1 0.000000 0.570553 0.010504 0.568452 0.022642 0.565126 0.024276 0.564076 0.025210 0.561450 0.025210 0.543242 0.028011 0.526961 0.035714 0.513305 0.042717 0.506478 0.045752 0.505077 0.049253 0.501576 0.048086 0.498249 0.043417 0.494748 0.032680 0.490896 0.019374 0.488445 0.006069 0.487920 0.000000 0.488445 0.000000 0.570553
1 0.094071 0.508578 0.102474 0.513130 0.108310 0.518032 0.137255 0.547794 0.140523 0.553571 0.147993 0.562850 0.152894 0.571254 0.160131 0.578431 0.164799 0.585084 0.168301 0.587710 0.171569 0.586660 0.185808 0.575455 0.194211 0.566001 0.200980 0.556723 0.204015 0.550595 0.204482 0.541492 0.207750 0.528186 0.205882 0.522409 0.198880 0.511380 0.187442 0.486870 0.176004 0.472864 0.168301 0.454832 0.165266 0.451331 0.164332 0.450980 0.157563 0.452731 0.131186 0.469013 0.120448 0.471814 0.115313 0.475665 0.106909 0.478992 0.094071 0.492647 0.090336 0.498424 0.089636 0.501050 0.089402 0.505077 0.094071 0.508578
1 0.059757 0.455532 0.053455 0.459909 0.050887 0.463410 0.052054 0.467437 0.066060 0.474440 0.074230 0.477766 0.077731 0.478466 0.085201 0.478641 0.101541 0.477066 0.115780 0.473739 0.119281 0.470413 0.118347 0.469013 0.116013 0.467262 0.106909 0.464986 0.102007 0.462360 0.086368 0.449755 0.075630 0.439076 0.070962 0.435924 0.068861 0.437325 0.065126 0.448004 0.059757 0.455532
1 0.011905 0.487570 0.016106 0.487395 0.026144 0.488620 0.033147 0.490546 0.044585 0.495448 0.050187 0.500350 0.068861 0.501050 0.085434 0.504202 0.088235 0.503501 0.089636 0.499475 0.094071 0.492647 0.104108 0.480567 0.103641 0.478466 0.100840 0.477416 0.085668 0.478466 0.074463 0.477766 0.056956 0.470063 0.050187 0.465861 0.044118 0.467262 0.034314 0.472339 0.022642 0.476716 0.013539 0.481092 0.010271 0.484244 0.011905 0.487570
1 0.181606 0.642157 0.188609 0.645483 0.197012 0.647059 0.207049 0.647934 0.233660 0.648459 0.246265 0.647584 0.255135 0.649335 0.303688 0.649510 0.313725 0.650560 0.322362 0.649510 0.327498 0.650910 0.349907 0.648634 0.359244 0.646709 0.376517 0.640931 0.401494 0.626576 0.413165 0.616772 0.419234 0.609594 0.421802 0.604517 0.422969 0.598564 0.421569 0.596464 0.417834 0.596989 0.411531 0.595588 0.406863 0.596113 0.390056 0.594888 0.383520 0.593662 0.368114 0.588761 0.355976 0.582983 0.352474 0.579657 0.344771 0.574405 0.339869 0.568277 0.337068 0.561450 0.336601 0.556723 0.334500 0.553922 0.331699 0.552871 0.324463 0.552696 0.307190 0.553922 0.283380 0.558298 0.272876 0.563200 0.263772 0.565476 0.255602 0.566352 0.247666 0.566176 0.244631 0.566877 0.242297 0.568452 0.236461 0.570378 0.216387 0.579482 0.200514 0.591387 0.193044 0.601190 0.187442 0.606968 0.184174 0.612395 0.180205 0.627451 0.179972 0.637605 0.181606 0.642157
1 0.267507 0.682073 0.272642 0.690126 0.275910 0.692402 0.278245 0.690476 0.291783 0.683473 0.309991 0.676821 0.322829 0.672794 0.327731 0.671919 0.334967 0.669118 0.340570 0.668242 0.349673 0.664916 0.351774 0.661590 0.354108 0.650910 0.352474 0.649685 0.348739 0.649685 0.331699 0.650560 0.324230 0.651961 0.321429 0.651085 0.308824 0.650910 0.297152 0.649335 0.271942 0.649335 0.250467 0.650560 0.246499 0.651786 0.244865 0.653711 0.246732 0.657738 0.267507 0.682073
1 0.154995 0.710784 0.159664 0.734944 0.167834 0.754727 0.170168 0.756653 0.175070 0.764706 0.181839 0.771534 0.196078 0.782913 0.202148 0.786590 0.209851 0.790791 0.224323 0.796218 0.233660 0.797969 0.241130 0.797969 0.250233 0.793242 0.248599 0.789916 0.240663 0.782738 0.234594 0.771709 0.231793 0.762430 0.232026 0.751401 0.236461 0.737570 0.246732 0.718838 0.258403 0.705707 0.271242 0.696078 0.272176 0.692227 0.267274 0.683123 0.258637 0.671919 0.250934 0.664741 0.243697 0.656513 0.238562 0.653011 0.230392 0.650210 0.193511 0.647759 0.182073 0.644958 0.178571 0.646534 0.176704 0.649685 0.169701 0.657213 0.159197 0.664741 0.156396 0.668417 0.154528 0.695378 0.154995 0.710784
1 0.000000 0.766632 0.002334 0.768908 0.006303 0.775735 0.012605 0.782913 0.022876 0.790091 0.026377 0.791492 0.043184 0.795518 0.056723 0.796569 0.074230 0.794818 0.083333 0.791317 0.103408 0.774335 0.131186 0.742997 0.142157 0.728641 0.152428 0.709209 0.153361 0.682948 0.154528 0.674895 0.151027 0.669643 0.128618 0.672969 0.119748 0.672444 0.112278 0.670693 0.090803 0.662465 0.084734 0.658964 0.080065 0.654762 0.069328 0.647234 0.067460 0.646359 0.065359 0.646709 0.058123 0.651786 0.053922 0.653711 0.044818 0.661239 0.041083 0.666842 0.034547 0.680147 0.024510 0.690301 0.015406 0.696429 0.011204 0.700980 0.008170 0.706583 0.007703 0.710084 0.002101 0.726190 0.000000 0.726891 0.000000 0.766632
1 0.000000 0.700105 0.008870 0.698179 0.015406 0.695203 0.027544 0.686625 0.034547 0.678571 0.042484 0.658438 0.041783 0.643382 0.037582 0.627276 0.033847 0.619398 0.027778 0.611169 0.024743 0.609244 0.020775 0.605042 0.012138 0.598564 0.001634 0.592262 0.000000 0.592262 0.000000 0.700105
1 0.179739 0.904587 0.182073 0.911590 0.188375 0.922094 0.195612 0.928746 0.206349 0.935749 0.217087 0.940301 0.223856 0.942227 0.237395 0.944153 0.242297 0.943978 0.262372 0.940126 0.283380 0.932598 0.292484 0.927346 0.303455 0.922269 0.306956 0.919818 0.310691 0.918417 0.331933 0.905112 0.352241 0.890756 0.369281 0.876576 0.379552 0.865196 0.391457 0.853641 0.401494 0.839986 0.411531 0.824405 0.413399 0.814426 0.413399 0.806373 0.411998 0.796744 0.408730 0.787115 0.406629 0.777311 0.402894 0.768908 0.400327 0.765231 0.397292 0.763130 0.393091 0.762955 0.388189 0.765231 0.380952 0.770133 0.373483 0.772584 0.352708 0.783263 0.343838 0.785889 0.331232 0.790791 0.304388 0.797969 0.286415 0.801120 0.278011 0.801120 0.264472 0.799370 0.258637 0.796394 0.255135 0.796043 0.251401 0.797444 0.230626 0.809699 0.216853 0.819503 0.205649 0.831583 0.202848 0.835959 0.194211 0.845588 0.187675 0.859244 0.179038 0.883403 0.178805 0.896709 0.179739 0.904587
1 0.000000 0.892332 0.036181 0.905987 0.041317 0.906863 0.057190 0.912115 0.073063 0.913340 0.085668 0.912815 0.102941 0.910714 0.118581 0.907913 0.140756 0.901436 0.157563 0.894083 0.159664 0.892332 0.164099 0.890406 0.176471 0.880252 0.179272 0.876576 0.182540 0.863971 0.189309 0.852241 0.190943 0.845413 0.186741 0.835959 0.185808 0.830882 0.175537 0.822129 0.168301 0.816702 0.163866 0.814426 0.129318 0.801821 0.102474 0.793943 0.089169 0.791317 0.084267 0.792192 0.073763 0.796218 0.057890 0.798494 0.047619 0.798669 0.038982 0.795693 0.026611 0.792892 0.021709 0.792892 0.012138 0.794643 0.004435 0.798144 0.001634 0.800420 0.000000 0.800420 0.000000 0.892332
1 0.000000 0.485644 0.005369 0.485119 0.014939 0.479342 0.022876 0.475665 0.036181 0.470938 0.046452 0.464986 0.053922 0.459034 0.057190 0.457633 0.063725 0.449405 0.067927 0.436450 0.066060 0.430205 0.066060 0.425245 0.061625 0.422619 0.058590 0.414391 0.056022 0.411590 0.045518 0.404062 0.032680 0.398284 0.029412 0.397584 0.015873 0.395483 0.003968 0.395483 0.000000 0.396534 0.000000 0.485644
1 0.226424 0.346814 0.229925 0.362570 0.230392 0.368435 0.222923 0.397409 0.223623 0.399860 0.251867 0.397059 0.259337 0.397934 0.266106 0.400910 0.272409 0.402486 0.275910 0.402311 0.277311 0.401085 0.278011 0.394083 0.259804 0.388480 0.250700 0.384804 0.246032 0.382353 0.239729 0.376576 0.236461 0.368960 0.236228 0.365546 0.238562 0.348739 0.241130 0.344888 0.242764 0.338410 0.241130 0.335784 0.238562 0.336660 0.233660 0.336485 0.227124 0.337710 0.224790 0.338410 0.224323 0.339286 0.224323 0.342262 0.226424 0.346814
1 0.169935 0.456232 0.175070 0.470763 0.178805 0.476190 0.186041 0.483718 0.187442 0.480567 0.183940 0.470938 0.182540 0.453782 0.184174 0.442927 0.190710 0.428221 0.189076 0.427521 0.185808 0.428922 0.170635 0.440651 0.168067 0.443803 0.167600 0.446604 0.169935 0.456232
1 0.309757 0.517507 0.306723 0.522759 0.303922 0.532738 0.299953 0.539916 0.298786 0.544643 0.296218 0.546394 0.290850 0.553746 0.300654 0.553746 0.323063 0.549720 0.325163 0.547094 0.335201 0.540441 0.335434 0.538165 0.338469 0.536415 0.337068 0.532913 0.339636 0.529937 0.339169 0.516632 0.339869 0.511380 0.341970 0.505952 0.341737 0.503676 0.338936 0.501751 0.335434 0.502101 0.316993 0.497899 0.314192 0.497724 0.313492 0.498424 0.311625 0.512080 0.309757 0.517507
1 0.206583 0.550245 0.216620 0.566527 0.222456 0.573004 0.223856 0.574055 0.227124 0.573704 0.241363 0.567577 0.243697 0.564076 0.221989 0.543768 0.213352 0.530812 0.210084 0.528361 0.208217 0.531338 0.205882 0.540091 0.205649 0.545343 0.206583 0.550245