1 0.091036 0.237745 0.096872 0.250000 0.105742 0.262080 0.112278 0.268908 0.122082 0.276261 0.134220 0.283263 0.149627 0.287290 0.159430 0.289041 0.174370 0.288866 0.192810 0.286064 0.209851 0.280287 0.216620 0.277136 0.239029 0.259804 0.261438 0.249300 0.269141 0.244048 0.279412 0.233193 0.283613 0.230742 0.285714 0.227066 0.293184 0.221639 0.304855 0.206758 0.306489 0.199930 0.305089 0.172607 0.305089 0.161064 0.306489 0.145483 0.308590 0.136380 0.313259 0.122724 0.318861 0.109244 0.324697 0.099090 0.325397 0.094713 0.322362 0.081758 0.314893 0.071779 0.304155 0.060399 0.292017 0.055497 0.272176 0.049720 0.257470 0.042017 0.241130 0.031162 0.234594 0.029412 0.212885 0.030637 0.207049 0.031513 0.199813 0.034139 0.192810 0.035539 0.175537 0.042367 0.156396 0.052696 0.149860 0.057423 0.136555 0.069678 0.134220 0.073179 0.125350 0.082108 0.110644 0.104517 0.105742 0.114321 0.100607 0.126401 0.095472 0.147059 0.090103 0.174895 0.088235 0.194153 0.087302 0.206758 0.091036 0.237745
0 0.175303 0.403536 0.178805 0.413340 0.178805 0.418417 0.187675 0.442577 0.190243 0.445553 0.195845 0.456057 0.207983 0.470938 0.222689 0.484419 0.232026 0.491246 0.258170 0.506127 0.279412 0.513130 0.291317 0.515056 0.304622 0.515231 0.310224 0.514356 0.324463 0.510329 0.331466 0.507878 0.340570 0.502976 0.352474 0.498249 0.373950 0.484419 0.388655 0.471289 0.401027 0.456232 0.409197 0.441352 0.413165 0.429272 0.416433 0.414916 0.419234 0.390056 0.419935 0.387080 0.422035 0.383929 0.419701 0.355567 0.416900 0.338585 0.408030 0.321429 0.405229 0.318277 0.383520 0.303046 0.380952 0.299895 0.368581 0.289916 0.354809 0.276786 0.338936 0.258053 0.331466 0.254202 0.314192 0.249125 0.307656 0.248599 0.300420 0.248950 0.296685 0.247374 0.285948 0.249125 0.269141 0.250525 0.247199 0.258053 0.230626 0.267857 0.214286 0.282213 0.211251 0.287465 0.206349 0.292017 0.200514 0.300245 0.198646 0.304447 0.196078 0.307248 0.181606 0.340336 0.176237 0.359244 0.174603 0.369923 0.174370 0.394783 0.175303 0.403536
1 0.638655 0.000000 0.638655 0.001576 0.609244 0.026085 0.602708 0.033789 0.596405 0.039566 0.586601 0.053571 0.576331 0.064076 0.566993 0.076681 0.553221 0.101541 0.549720 0.109244 0.548319 0.114846 0.545518 0.119398 0.543184 0.125700 0.536648 0.150385 0.535247 0.166842 0.534781 0.191527 0.536415 0.210434 0.541550 0.227241 0.549486 0.244748 0.556256 0.255077 0.564192 0.265756 0.579832 0.280112 0.591270 0.287640 0.605509 0.294293 0.626751 0.302346 0.647526 0.307073 0.653595 0.307073 0.659897 0.308123 0.675070 0.308123 0.680906 0.306898 0.692577 0.306022 0.706116 0.302696 0.718021 0.296919 0.723623 0.293242 0.727824 0.291667 0.757003 0.270308 0.766106 0.261905 0.777311 0.249300 0.784781 0.239321 0.796919 0.218487 0.825864 0.184174 0.873249 0.110994 0.882353 0.090161 0.886321 0.070203 0.884687 0.050070 0.880019 0.030112 0.867414 0.000000 0.638655 0.000000
1 0.308357 0.192752 0.316760 0.218838 0.336835 0.252976 0.342670 0.260154 0.345705 0.265406 0.352941 0.272059 0.359244 0.279762 0.369048 0.288515 0.390523 0.305672 0.407563 0.316352 0.418534 0.320553 0.425070 0.320728 0.430205 0.320028 0.441410 0.315651 0.446078 0.315126 0.463352 0.307248 0.471289 0.302346 0.486461 0.290966 0.501634 0.276436 0.512838 0.262780 0.521475 0.250000 0.527544 0.238971 0.534781 0.220063 0.535014 0.213235 0.533147 0.195553 0.532913 0.183824 0.533147 0.171043 0.535481 0.145658 0.534080 0.133228 0.531513 0.126225 0.528478 0.123074 0.524743 0.116422 0.523343 0.109769 0.520075 0.102241 0.512838 0.092262 0.505135 0.084034 0.499767 0.080532 0.498133 0.078256 0.491597 0.076681 0.476424 0.075105 0.463119 0.070903 0.456116 0.067927 0.440009 0.054272 0.435808 0.048319 0.432306 0.046394 0.411064 0.046569 0.393791 0.049895 0.376984 0.055497 0.359944 0.064076 0.350840 0.070553 0.344071 0.076856 0.328198 0.095938 0.319328 0.112570 0.314426 0.123775 0.308123 0.144958 0.306489 0.160364 0.306256 0.172969 0.308357 0.192752
1 0.060924 0.623249 0.064893 0.636204 0.072362 0.650210 0.076097 0.654762 0.077498 0.658964 0.082400 0.665791 0.096872 0.679797 0.103641 0.683648 0.115546 0.692752 0.119514 0.694853 0.133287 0.700105 0.143791 0.702556 0.150327 0.703606 0.166433 0.703957 0.182073 0.702031 0.189776 0.700455 0.192810 0.699055 0.199346 0.698004 0.213119 0.692577 0.225490 0.681898 0.228758 0.680497 0.230626 0.678746 0.234127 0.678396 0.238562 0.676471 0.246032 0.671569 0.254902 0.664566 0.266573 0.652311 0.267974 0.649685 0.278478 0.637780 0.280112 0.633929 0.279879 0.608018 0.282680 0.589111 0.294818 0.552171 0.298319 0.543943 0.306256 0.529587 0.306956 0.525910 0.309290 0.522584 0.309757 0.518908 0.308824 0.518032 0.303688 0.516457 0.294118 0.516457 0.275444 0.512955 0.254435 0.505602 0.248133 0.501401 0.244865 0.500175 0.241130 0.497199 0.230159 0.491246 0.220355 0.484244 0.209851 0.474790 0.199580 0.463235 0.193744 0.455007 0.187908 0.444503 0.183473 0.439601 0.179272 0.437675 0.171569 0.439076 0.167834 0.441527 0.164799 0.442402 0.130019 0.466387 0.119281 0.471639 0.106676 0.479167 0.098506 0.486520 0.091970 0.494748 0.082400 0.508578 0.075630 0.522759 0.070495 0.536239 0.066760 0.550770 0.059757 0.591387 0.059057 0.609594 0.060924 0.623249
1 0.000000 0.480042 0.001634 0.480042 0.004902 0.483018 0.012372 0.485294 0.022642 0.490021 0.035481 0.491947 0.050420 0.491772 0.063959 0.489846 0.083567 0.485819 0.088235 0.483543 0.093604 0.482493 0.116013 0.472164 0.131186 0.463585 0.147059 0.452731 0.173903 0.433473 0.176704 0.430147 0.178805 0.425245 0.174837 0.409664 0.173203 0.397759 0.172969 0.370448 0.173903 0.361870 0.179272 0.341562 0.192577 0.309524 0.193044 0.306197 0.185808 0.293417 0.184174 0.292192 0.176937 0.290791 0.158030 0.290966 0.137255 0.285189 0.132586 0.284489 0.118114 0.275210 0.111111 0.269433 0.102241 0.260154 0.098973 0.258578 0.060924 0.263831 0.036648 0.269783 0.029879 0.272234 0.026144 0.272409 0.008637 0.280112 0.003035 0.284489 0.000000 0.285539 0.000000 0.480042
1 0.000000 0.713585 0.001867 0.713585 0.005369 0.712185 0.025444 0.702556 0.040149 0.693102 0.064192 0.672094 0.066060 0.669293 0.069795 0.666141 0.073063 0.661239 0.073529 0.654412 0.063725 0.636905 0.059524 0.623599 0.057890 0.603466 0.059057 0.587885 0.068861 0.536064 0.077031 0.516282 0.094071 0.487745 0.092904 0.485469 0.091503 0.484769 0.067227 0.490721 0.050187 0.493172 0.041783 0.493347 0.030812 0.492647 0.024276 0.491422 0.017274 0.489146 0.008403 0.485119 0.001634 0.483368 0.000000 0.483368 0.000000 0.713585
1 0.000000 0.955357 0.004202 0.956057 0.020308 0.955532 0.073996 0.945553 0.102241 0.932598 0.119981 0.919468 0.127918 0.914566 0.143091 0.901261 0.158030 0.883578 0.162232 0.876225 0.162465 0.872199 0.160364 0.863620 0.158730 0.848487 0.158263 0.830182 0.160598 0.808648 0.164332 0.787115 0.170168 0.761730 0.174837 0.747899 0.182073 0.732493 0.186275 0.726190 0.188142 0.720238 0.194911 0.710084 0.196312 0.706933 0.195378 0.703256 0.192577 0.701681 0.189076 0.702731 0.185341 0.702731 0.182073 0.703782 0.178571 0.703606 0.168534 0.705532 0.154062 0.705532 0.141223 0.703606 0.126284 0.699405 0.112512 0.692752 0.109010 0.689601 0.092204 0.678571 0.089636 0.674545 0.081232 0.667017 0.077965 0.665266 0.074463 0.664566 0.041550 0.693978 0.030345 0.700980 0.000000 0.715686 0.000000 0.955357
1 0.161998 0.865721 0.165500 0.876401 0.175537 0.898284 0.187675 0.910539 0.201214 0.921919 0.211018 0.928746 0.216853 0.932248 0.233894 0.938025 0.250700 0.940301 0.255602 0.940301 0.268674 0.938550 0.282446 0.935224 0.295051 0.930497 0.300187 0.927346 0.303688 0.926646 0.317694 0.918417 0.339169 0.903186 0.352474 0.889881 0.355509 0.885154 0.360177 0.880427 0.367647 0.869923 0.377218 0.845588 0.378852 0.832983 0.387255 0.793417 0.389823 0.773109 0.389589 0.768732 0.387255 0.765056 0.380486 0.763305 0.373016 0.759804 0.360878 0.755777 0.349206 0.750350 0.336601 0.741071 0.322829 0.727591 0.314659 0.717787 0.302988 0.699755 0.295985 0.685399 0.289916 0.668242 0.287348 0.663690 0.285247 0.662115 0.282913 0.661239 0.279412 0.661415 0.258870 0.664216 0.247432 0.673144 0.236695 0.679972 0.227824 0.683999 0.220355 0.688725 0.217554 0.691527 0.208217 0.696429 0.204949 0.699405 0.192344 0.716912 0.177871 0.744573 0.172736 0.758403 0.165966 0.786064 0.159430 0.828782 0.159664 0.849440 0.161998 0.865721
1 0.380486 0.883403 0.383520 0.900385 0.391690 0.928571 0.397759 0.942402 0.407796 0.959909 0.417134 0.972514 0.435341 0.992997 0.444211 0.998249 0.444211 0.999825 0.595472 0.999825 0.595472 0.998249 0.598273 0.997024 0.603875 0.991947 0.612278 0.981268 0.617180 0.973389 0.625350 0.953957 0.627918 0.942577 0.629552 0.929797 0.628852 0.897934 0.620215 0.838235 0.615780 0.814076 0.613445 0.810749 0.613679 0.802871 0.609477 0.786415 0.605742 0.783263 0.590570 0.775560 0.575941 0.766515 0.563492 0.754552 0.554855 0.743522 0.545051 0.727241 0.544818 0.724265 0.535948 0.706232 0.532680 0.695903 0.529412 0.695553 0.528711 0.696078 0.523576 0.703081 0.521942 0.706758 0.518441 0.710609 0.513539 0.720413 0.510271 0.723214 0.506069 0.728641 0.492997 0.741246 0.484360 0.745973 0.481793 0.748249 0.464753 0.757003 0.442577 0.765056 0.430906 0.766807 0.425303 0.768557 0.412232 0.769258 0.399627 0.768557 0.397059 0.769258 0.391923 0.782913 0.387722 0.811275 0.382353 0.831583 0.379318 0.854867 0.379318 0.869923 0.380486 0.883403
1 0.536881 0.699230 0.541083 0.713235 0.546452 0.722864 0.550187 0.734244 0.553688 0.737045 0.556723 0.742822 0.564192 0.753151 0.577731 0.766106 0.584967 0.771008 0.612278 0.784839 0.626751 0.788690 0.647526 0.791141 0.664799 0.790266 0.677871 0.787815 0.685574 0.785539 0.699580 0.780287 0.706816 0.776436 0.725257 0.762080 0.746965 0.741947 0.754902 0.732143 0.766106 0.713761 0.768674 0.705882 0.774510 0.692927 0.777778 0.682423 0.783147 0.655462 0.788515 0.613095 0.789449 0.595063 0.788749 0.577731 0.784080 0.558824 0.781046 0.550070 0.778945 0.546919 0.775677 0.543943 0.764472 0.538515 0.757937 0.534489 0.737162 0.518732 0.734594 0.515931 0.729458 0.512780 0.713585 0.498249 0.706583 0.489846 0.702848 0.487220 0.684174 0.485119 0.660598 0.485469 0.654528 0.486520 0.651494 0.488445 0.644258 0.498249 0.628852 0.513480 0.606909 0.526786 0.588702 0.533438 0.584034 0.534139 0.579365 0.536064 0.570962 0.544293 0.560458 0.562500 0.553688 0.578431 0.551587 0.586660 0.548786 0.592787 0.543884 0.612395 0.538049 0.647234 0.535481 0.677871 0.535247 0.686975 0.536881 0.699230
1 0.619514 0.821604 0.624883 0.841737 0.624650 0.849440 0.626517 0.859769 0.628618 0.865896 0.628852 0.873249 0.632353 0.877626 0.635621 0.890756 0.647059 0.910364 0.661298 0.932248 0.679972 0.957633 0.683473 0.961134 0.687442 0.966912 0.691877 0.970588 0.692810 0.973915 0.700980 0.983193 0.704015 0.987920 0.710551 0.993172 0.711251 0.994398 0.711018 0.999825 0.870682 0.999825 0.874883 0.990896 0.880952 0.967262 0.884687 0.945553 0.885387 0.931548 0.884220 0.917892 0.876517 0.880077 0.875117 0.869398 0.871382 0.855742 0.865079 0.838936 0.864613 0.834384 0.859244 0.828081 0.848973 0.820028 0.841970 0.816352 0.827731 0.804622 0.820495 0.797619 0.808824 0.783964 0.802988 0.776261 0.794818 0.762955 0.785948 0.745623 0.781046 0.730742 0.776377 0.722689 0.768908 0.717962 0.765640 0.720063 0.762138 0.723564 0.755836 0.734419 0.739029 0.752626 0.732260 0.757353 0.724090 0.765231 0.707983 0.777311 0.696779 0.782738 0.678338 0.789391 0.658730 0.791842 0.650093 0.792017 0.630019 0.790441 0.619748 0.788165 0.616713 0.788690 0.615546 0.789741 0.616013 0.801120 0.619514 0.821604
1 0.783613 0.733718 0.786415 0.741071 0.788515 0.743873 0.793184 0.756478 0.800187 0.769258 0.802521 0.771183 0.805789 0.776961 0.809057 0.779937 0.814192 0.787815 0.828665 0.803221 0.837768 0.810749 0.855742 0.823004 0.866713 0.829482 0.883520 0.836835 0.887255 0.836660 0.896125 0.838060 0.908263 0.837360 0.925537 0.833508 0.942344 0.825280 0.952381 0.817927 0.971289 0.801471 0.991363 0.779587 0.997899 0.769958 0.999767 0.769783 0.999767 0.471289 0.994865 0.469013 0.989729 0.468487 0.984594 0.464986 0.977591 0.462535 0.971289 0.462535 0.968254 0.464461 0.966153 0.467087 0.963352 0.473564 0.958450 0.491947 0.955415 0.494748 0.954949 0.498249 0.946078 0.512430 0.939076 0.519258 0.933240 0.526611 0.918301 0.541141 0.909897 0.547619 0.896359 0.554622 0.873249 0.560399 0.862979 0.561625 0.848739 0.561275 0.842670 0.560224 0.831699 0.559699 0.814192 0.555847 0.810691 0.556022 0.808123 0.557423 0.803455 0.564251 0.801354 0.571604 0.798086 0.577906 0.797619 0.581758 0.795752 0.584734 0.796452 0.587885 0.794585 0.591562 0.793184 0.597689 0.791083 0.625700 0.786648 0.650910 0.787115 0.653711 0.785948 0.665616 0.783147 0.678571 0.781279 0.682073 0.777077 0.698004 0.777311 0.712360 0.783613 0.733718
1 0.676004 0.373950 0.677871 0.386730 0.677871 0.398109 0.678805 0.400385 0.677171 0.404412 0.677404 0.411940 0.678571 0.414391 0.677871 0.418417 0.683707 0.441176 0.694211 0.466562 0.698646 0.472339 0.707750 0.487920 0.716853 0.498950 0.730859 0.511555 0.746732 0.522759 0.750467 0.526961 0.756069 0.530112 0.758870 0.532913 0.772409 0.540791 0.787115 0.546919 0.793417 0.547969 0.818394 0.555672 0.836368 0.557248 0.848973 0.559524 0.866713 0.559349 0.893791 0.553046 0.900794 0.550420 0.914332 0.541667 0.918067 0.537465 0.924370 0.532913 0.926237 0.529587 0.929972 0.527311 0.943277 0.512605 0.953548 0.498074 0.957283 0.489146 0.965686 0.462535 0.966153 0.452906 0.966620 0.450980 0.968254 0.449580 0.967787 0.445903 0.969421 0.439951 0.970121 0.422094 0.969655 0.376050 0.968021 0.372549 0.963585 0.350315 0.962652 0.345063 0.963352 0.341912 0.960317 0.339111 0.956583 0.331758 0.957049 0.328081 0.956349 0.327206 0.953782 0.326681 0.949113 0.314951 0.937442 0.298144 0.934874 0.296919 0.932773 0.293417 0.927638 0.289916 0.924370 0.285014 0.920635 0.282738 0.916433 0.278011 0.906396 0.270483 0.894258 0.263480 0.889356 0.261905 0.887021 0.259979 0.880019 0.257878 0.876517 0.258053 0.864379 0.255252 0.858777 0.252801 0.836368 0.249650 0.807190 0.250350 0.796685 0.251576 0.792017 0.252801 0.782213 0.256303 0.780112 0.258228 0.772642 0.259454 0.771242 0.261730 0.757703 0.271709 0.753268 0.276261 0.748133 0.279412 0.741130 0.285189 0.727824 0.292892 0.725490 0.295343 0.704015 0.304972 0.692577 0.307248 0.687675 0.309349 0.685574 0.313200 0.680906 0.327906 0.680672 0.332458 0.679272 0.338761 0.677638 0.341737 0.676937 0.348039 0.677638 0.367122 0.676004 0.373950
0 0.423669 0.432423 0.428105 0.446604 0.443744 0.474090 0.453081 0.486345 0.466620 0.499650 0.494865 0.519083 0.519141 0.530637 0.539449 0.534664 0.548319 0.535364 0.567927 0.535539 0.574697 0.534664 0.584034 0.531513 0.602241 0.526961 0.616013 0.520308 0.626751 0.513130 0.641223 0.498424 0.652194 0.483018 0.654995 0.477591 0.667367 0.450105 0.670868 0.435924 0.673669 0.414916 0.674136 0.392507 0.673436 0.382003 0.671102 0.369398 0.665500 0.348214 0.659430 0.335784 0.652661 0.325105 0.637488 0.308824 0.631653 0.305672 0.618114 0.301296 0.600607 0.293417 0.592904 0.290791 0.587068 0.286415 0.574697 0.279937 0.546452 0.276961 0.532213 0.277486 0.519141 0.280287 0.498133 0.287465 0.487862 0.292717 0.475957 0.301646 0.457750 0.313375 0.444678 0.327906 0.436275 0.342087 0.430906 0.355567 0.425070 0.386555 0.423203 0.404062 0.422736 0.411415 0.423669 0.432423
0 0.286181 0.649860 0.295985 0.680147 0.300887 0.692227 0.308590 0.706408 0.318861 0.720763 0.331466 0.734244 0.348739 0.748775 0.363679 0.755252 0.383754 0.762605 0.396825 0.765231 0.414799 0.766807 0.422502 0.766632 0.443978 0.763305 0.464286 0.756127 0.478058 0.749300 0.498599 0.734244 0.513072 0.717962 0.527311 0.694503 0.532213 0.682073 0.534547 0.642507 0.538282 0.618522 0.540383 0.613095 0.539916 0.608543 0.540850 0.606443 0.541083 0.594538 0.536648 0.571779 0.529412 0.550245 0.526844 0.545168 0.519374 0.535189 0.511905 0.529062 0.494398 0.520658 0.489729 0.516982 0.483427 0.513655 0.477358 0.508578 0.474090 0.507178 0.462652 0.497899 0.456583 0.491947 0.449580 0.484419 0.446779 0.480042 0.440243 0.476015 0.428571 0.474965 0.401027 0.476366 0.387021 0.480392 0.373249 0.487745 0.365780 0.492997 0.353641 0.499650 0.339402 0.506828 0.327498 0.511029 0.320028 0.514706 0.313959 0.521884 0.304155 0.536590 0.298086 0.550595 0.288282 0.578431 0.287115 0.585434 0.282913 0.598915 0.282213 0.607843 0.282213 0.620623 0.286181 0.649860
1 0.000000 0.238270 0.006536 0.238445 0.019608 0.237220 0.024276 0.236169 0.045985 0.228466 0.061391 0.221989 0.073063 0.214986 0.083800 0.207108 0.085668 0.202556 0.089636 0.169643 0.097106 0.133754 0.105042 0.112220 0.111345 0.099615 0.111578 0.095063 0.108777 0.084909 0.102941 0.074055 0.091270 0.060574 0.080999 0.053046 0.076097 0.050770 0.060458 0.038515 0.052521 0.034664 0.037815 0.023810 0.028478 0.013305 0.024743 0.010329 0.015406 0.006127 0.008870 0.004552 0.005135 0.002451 0.003035 0.002276 0.000000 0.002276 0.000000 0.238270
1 0.021475 0.000000 0.021475 0.001576 0.024743 0.008403 0.027311 0.010154 0.031513 0.015581 0.042951 0.025910 0.052521 0.032913 0.073763 0.044993 0.088469 0.050770 0.095005 0.052346 0.103175 0.053221 0.109244 0.055322 0.116713 0.055147 0.123016 0.056723 0.134687 0.056723 0.146825 0.055497 0.150794 0.054097 0.182306 0.037990 0.196779 0.032913 0.203315 0.027661 0.205649 0.024335 0.211485 0.021183 0.215686 0.015931 0.218721 0.008403 0.214986 0.000000 0.021475 0.000000
1 0.219655 0.000000 0.219655 0.001576 0.220121 0.005252 0.222222 0.009454 0.237628 0.026261 0.246032 0.032913 0.257236 0.040091 0.268207 0.045343 0.269841 0.046744 0.278245 0.050245 0.331232 0.065301 0.341737 0.066877 0.349673 0.067227 0.356209 0.065126 0.372782 0.055497 0.389356 0.048845 0.401261 0.045693 0.404295 0.045868 0.420401 0.043242 0.421335 0.039741 0.423903 0.036590 0.424136 0.029412 0.421569 0.020658 0.419701 0.004902 0.420168 0.000000 0.219655 0.000000
1 0.421802 0.000000 0.421802 0.008754 0.423669 0.019258 0.432306 0.040616 0.444911 0.057073 0.449113 0.060749 0.458450 0.068102 0.466853 0.071254 0.480392 0.074230 0.502101 0.075280 0.508870 0.074580 0.525677 0.070903 0.542484 0.065476 0.561158 0.056723 0.577498 0.047619 0.585901 0.040966 0.588235 0.038165 0.591503 0.037465 0.595705 0.033438 0.598739 0.032213 0.622782 0.011380 0.630952 0.005252 0.632353 0.000000 0.421802 0.000000
1 0.841970 0.249300 0.852241 0.250525 0.870215 0.255777 0.883287 0.258053 0.895658 0.263655 0.901961 0.267332 0.914099 0.275735 0.932306 0.292542 0.938375 0.299720 0.944211 0.309349 0.947712 0.313550 0.955415 0.330707 0.963119 0.342087 0.963119 0.345763 0.964753 0.349615 0.970121 0.373599 0.972222 0.418242 0.971289 0.422269 0.971522 0.428922 0.970121 0.442752 0.966387 0.456933 0.967087 0.458859 0.970355 0.459034 0.973856 0.456758 0.979458 0.448529 0.985528 0.443277 0.997899 0.421569 0.999767 0.421394 0.999767 0.309874 0.997899 0.309699 0.995331 0.304097 0.993231 0.302171 0.989963 0.296569 0.989262 0.293067 0.985061 0.285889 0.975490 0.271709 0.964052 0.257878 0.957283 0.251401 0.947246 0.243873 0.937442 0.238620 0.934874 0.236520 0.922269 0.230742 0.904295 0.226366 0.887255 0.224965 0.877451 0.225490 0.872549 0.227066 0.859244 0.228466 0.856209 0.229517 0.852241 0.232668 0.840570 0.244748 0.839169 0.248074 0.841970 0.249300
1 0.782680 0.249650 0.787348 0.250175 0.811187 0.248424 0.832633 0.248074 0.838469 0.244573 0.843137 0.238971 0.848739 0.234244 0.854108 0.227766 0.855742 0.223915 0.860177 0.218487 0.873716 0.196254 0.876984 0.188901 0.883520 0.179097 0.887955 0.170343 0.900794 0.140406 0.908030 0.115896 0.908964 0.106443 0.908263 0.097339 0.907796 0.096464 0.904528 0.095588 0.905229 0.093137 0.904762 0.088585 0.901027 0.082458 0.894024 0.074405 0.890523 0.072129 0.888655 0.073004 0.886088 0.077031 0.886088 0.081758 0.883287 0.088235 0.882120 0.094888 0.880019 0.097864 0.875817 0.109069 0.864146 0.126926 0.858543 0.133578 0.856676 0.138130 0.848506 0.151436 0.834500 0.172619 0.831466 0.175945 0.824930 0.186975 0.812325 0.201506 0.803922 0.213060 0.798086 0.219013 0.789916 0.230917 0.781979 0.244748 0.780579 0.248424 0.782680 0.249650
1 0.862745 0.227591 0.878151 0.224790 0.890289 0.224440 0.900794 0.225140 0.922269 0.229867 0.925770 0.228466 0.929505 0.224090 0.931839 0.205882 0.929038 0.182598 0.921802 0.154937 0.915500 0.138831 0.911298 0.130952 0.907796 0.126401 0.903595 0.133053 0.897526 0.147584 0.895191 0.155462 0.885387 0.176296 0.855509 0.226541 0.855742 0.227941 0.862745 0.227591
1 0.869748 0.845413 0.874183 0.858193 0.882586 0.890406 0.889122 0.932423 0.896592 0.947479 0.914566 0.973739 0.923903 0.983894 0.926937 0.988445 0.936041 0.997549 0.936975 0.999825 0.999767 0.999825 0.999767 0.772759 0.998133 0.772759 0.989496 0.783613 0.980626 0.792367 0.976424 0.798319 0.972689 0.801996 0.947712 0.823354 0.936041 0.830532 0.916200 0.837710 0.904295 0.839461 0.890756 0.839286 0.880019 0.836660 0.873249 0.833683 0.869748 0.833158 0.868581 0.834034 0.867880 0.835084 0.869748 0.845413
1 0.000000 0.283438 0.001634 0.283438 0.015406 0.276085 0.031046 0.270658 0.043417 0.267682 0.047152 0.265581 0.046919 0.262080 0.043417 0.255427 0.034314 0.243697 0.027077 0.237395 0.021942 0.236870 0.000000 0.239321 0.000000 0.283438