0 0.479692 0.230742 0.480626 0.233193 0.480626 0.238971 0.485528 0.249125 0.492530 0.256303 0.499533 0.267157 0.505602 0.272059 0.525910 0.284489 0.529178 0.285364 0.541550 0.293067 0.550187 0.295868 0.557656 0.296569 0.567927 0.299370 0.584034 0.300770 0.592204 0.300070 0.595238 0.300945 0.619514 0.303396 0.637255 0.302696 0.658186 0.289974 0.675770 0.281338 0.682306 0.279412 0.689076 0.276085 0.692577 0.273634 0.700514 0.262955 0.700747 0.253501 0.698646 0.244573 0.692577 0.235994 0.679038 0.223915 0.676237 0.222689 0.664099 0.213235 0.658263 0.209909 0.637021 0.200805 0.616947 0.195553 0.574230 0.191527 0.546685 0.193627 0.530579 0.196078 0.508637 0.201331 0.494865 0.206057 0.488796 0.211660 0.482960 0.215336 0.480392 0.220413 0.480626 0.227766 0.479692 0.230742
0 0.755602 0.751751 0.759104 0.767682 0.779412 0.800945 0.787115 0.807948 0.806723 0.830532 0.820028 0.843312 0.846172 0.867297 0.859244 0.877101 0.864613 0.879202 0.873483 0.884979 0.885621 0.890931 0.923203 0.905812 0.942344 0.911239 0.953081 0.911415 0.958683 0.910364 0.984127 0.902486 0.986928 0.901085 0.989963 0.897584 0.989729 0.887080 0.990896 0.884979 0.992530 0.883403 0.995798 0.882003 0.997432 0.880077 0.999767 0.879552 0.999767 0.841912 0.971989 0.809699 0.962652 0.800245 0.945612 0.785539 0.929972 0.773459 0.890756 0.747374 0.877918 0.741597 0.872316 0.737920 0.841970 0.726891 0.838235 0.724965 0.824230 0.721289 0.816527 0.721113 0.797152 0.725490 0.790149 0.726366 0.762838 0.727241 0.758170 0.728641 0.755836 0.733368 0.754435 0.737745 0.755602 0.751751
0 0.091970 0.860469 0.093604 0.866246 0.097806 0.875350 0.105976 0.887605 0.112512 0.895658 0.123950 0.902486 0.140523 0.915966 0.145658 0.918242 0.151027 0.919993 0.154528 0.920168 0.164799 0.923144 0.171569 0.924195 0.179038 0.924720 0.199580 0.923845 0.206583 0.922619 0.227358 0.917017 0.233427 0.913866 0.237162 0.912815 0.245798 0.907563 0.252568 0.905112 0.258403 0.901786 0.277544 0.888305 0.293417 0.875525 0.302754 0.866246 0.306256 0.863796 0.322129 0.845938 0.328198 0.836660 0.331699 0.833333 0.346639 0.810399 0.366246 0.765931 0.372549 0.743697 0.372549 0.727941 0.370915 0.723915 0.365780 0.696604 0.363679 0.692402 0.363212 0.689076 0.359244 0.682248 0.352241 0.675595 0.343137 0.669993 0.338002 0.667892 0.325630 0.665616 0.306956 0.665441 0.288982 0.668242 0.272409 0.671744 0.261905 0.674895 0.243464 0.682073 0.223856 0.691877 0.211018 0.700980 0.206583 0.703081 0.170635 0.730917 0.149160 0.750875 0.142157 0.758403 0.124183 0.779412 0.108777 0.800420 0.098973 0.818978 0.093137 0.837885 0.091737 0.845413 0.091970 0.860469
0 0.453081 0.499825 0.459384 0.514181 0.469421 0.529237 0.473389 0.532388 0.483427 0.543592 0.492297 0.550245 0.499767 0.557773 0.511438 0.567577 0.526844 0.578606 0.529412 0.581583 0.559991 0.599965 0.576097 0.605217 0.577965 0.606618 0.591270 0.608894 0.606443 0.609419 0.616246 0.607143 0.619514 0.605217 0.623249 0.604167 0.627218 0.600315 0.630252 0.599265 0.638889 0.592962 0.644958 0.586660 0.647059 0.581933 0.658497 0.564601 0.666200 0.544118 0.669234 0.530287 0.669001 0.515581 0.667600 0.512780 0.666200 0.501576 0.663632 0.494573 0.653128 0.473915 0.638422 0.451681 0.616713 0.426996 0.591036 0.406863 0.572829 0.396709 0.565593 0.393732 0.550654 0.389706 0.539216 0.390056 0.535948 0.389531 0.520775 0.392157 0.514939 0.392507 0.498133 0.397409 0.488562 0.402661 0.480626 0.408964 0.466387 0.424195 0.457516 0.438375 0.452848 0.448880 0.450514 0.456057 0.448413 0.467437 0.450047 0.488095 0.453081 0.499825
0 0.213352 0.265581 0.214753 0.269608 0.219655 0.275035 0.220822 0.279237 0.223389 0.281162 0.234127 0.293242 0.250934 0.306723 0.271475 0.319328 0.300654 0.334559 0.343838 0.350490 0.365780 0.355567 0.390056 0.358543 0.415966 0.357668 0.435808 0.354867 0.446078 0.352416 0.462185 0.346639 0.475490 0.336835 0.484594 0.324405 0.488796 0.311450 0.489262 0.299895 0.485994 0.286765 0.475490 0.273810 0.464986 0.265406 0.458683 0.263130 0.449580 0.256828 0.433007 0.248074 0.416200 0.240896 0.403828 0.236695 0.369748 0.228641 0.344771 0.224790 0.320495 0.223739 0.296452 0.224265 0.261671 0.228641 0.244865 0.232493 0.230392 0.237220 0.215920 0.244573 0.210317 0.249125 0.208917 0.251401 0.209384 0.258929 0.213352 0.265581
1 0.167834 0.182423 0.172736 0.195728 0.181839 0.206758 0.193978 0.214286 0.199580 0.216036 0.200047 0.210084 0.192344 0.126050 0.190476 0.124300 0.188842 0.124300 0.183940 0.129727 0.177638 0.138831 0.170868 0.152486 0.167834 0.164566 0.167134 0.170343 0.167834 0.182423
1 0.493231 0.202206 0.494631 0.203431 0.498366 0.203256 0.524977 0.195903 0.538749 0.193803 0.565359 0.191001 0.590570 0.191001 0.593604 0.188550 0.595705 0.182073 0.599673 0.176996 0.606909 0.169818 0.611578 0.166492 0.617880 0.163690 0.626751 0.161064 0.637021 0.160539 0.638189 0.157913 0.638189 0.150735 0.635387 0.140406 0.631419 0.133053 0.625584 0.125525 0.609244 0.112745 0.602241 0.110819 0.591737 0.109244 0.573529 0.109244 0.566293 0.110294 0.559991 0.112395 0.546218 0.120798 0.535948 0.125700 0.518441 0.138130 0.508637 0.143557 0.503501 0.147759 0.497666 0.154412 0.493464 0.161239 0.490430 0.168067 0.488796 0.177871 0.489496 0.192752 0.493231 0.202206
1 0.596872 0.191527 0.599673 0.192577 0.616947 0.194678 0.630486 0.198004 0.651027 0.205357 0.668534 0.215161 0.688842 0.230742 0.695145 0.237395 0.698413 0.242822 0.701914 0.251401 0.702381 0.259104 0.700980 0.266457 0.701681 0.272759 0.710084 0.273459 0.722222 0.271884 0.739729 0.271359 0.745565 0.271359 0.754669 0.272759 0.760271 0.272059 0.761204 0.268732 0.758637 0.263480 0.757236 0.255252 0.748133 0.237745 0.742063 0.228817 0.737162 0.223214 0.731559 0.220413 0.729458 0.213410 0.725023 0.207283 0.706349 0.189251 0.700514 0.185049 0.682073 0.174370 0.676937 0.170343 0.654762 0.162815 0.647059 0.162115 0.644258 0.161239 0.637488 0.161590 0.634220 0.162815 0.626517 0.162465 0.622549 0.164041 0.619281 0.164216 0.610411 0.167717 0.601541 0.175420 0.596872 0.182248 0.594304 0.189076 0.596872 0.191527
1 0.466620 0.349265 0.478525 0.349965 0.486695 0.351190 0.504435 0.355917 0.514472 0.360819 0.521709 0.365546 0.529178 0.374475 0.531279 0.375875 0.533147 0.382703 0.536415 0.387955 0.540149 0.387255 0.542951 0.388305 0.558123 0.390581 0.574463 0.395483 0.576097 0.394083 0.576564 0.390231 0.579832 0.383053 0.590103 0.371499 0.605042 0.359594 0.613212 0.354692 0.618814 0.352416 0.623016 0.348915 0.621849 0.345413 0.618581 0.341912 0.609010 0.335784 0.588702 0.325455 0.574463 0.319853 0.559991 0.316001 0.535714 0.311800 0.525444 0.310399 0.505135 0.309174 0.501634 0.309524 0.490896 0.314426 0.482493 0.330707 0.476424 0.338235 0.466620 0.345413 0.465686 0.348564 0.466620 0.349265
1 0.088936 0.258578 0.098273 0.279062 0.118114 0.305847 0.131264 0.316935 0.133053 0.319853 0.142624 0.318452 0.152661 0.317927 0.165033 0.318803 0.171569 0.320203 0.176471 0.320028 0.177871 0.317577 0.175303 0.305322 0.176237 0.293067 0.181839 0.285889 0.188842 0.280462 0.196078 0.276436 0.201681 0.275560 0.202614 0.274510 0.203315 0.261730 0.201447 0.238095 0.199580 0.227941 0.199813 0.223739 0.197946 0.216912 0.187908 0.211310 0.181606 0.206758 0.171335 0.196429 0.152194 0.193803 0.140756 0.193978 0.133287 0.194853 0.120448 0.198880 0.112512 0.203431 0.105976 0.205882 0.102007 0.208508 0.091970 0.220588 0.089402 0.226716 0.086835 0.237920 0.086835 0.246674 0.088936 0.258578
1 0.175303 0.304097 0.178805 0.317052 0.178571 0.321078 0.189076 0.324930 0.199580 0.327206 0.211018 0.331408 0.241597 0.339811 0.255369 0.344363 0.270075 0.350840 0.281513 0.357668 0.299253 0.370623 0.309757 0.381478 0.319795 0.395658 0.325397 0.405112 0.327965 0.411239 0.334967 0.404762 0.340336 0.397234 0.345705 0.392332 0.348739 0.388305 0.369981 0.372549 0.384921 0.362745 0.380952 0.358894 0.372782 0.357843 0.365546 0.355742 0.348039 0.352241 0.320728 0.342787 0.299253 0.334209 0.264706 0.315476 0.248599 0.305322 0.225490 0.285889 0.220355 0.279587 0.209384 0.279237 0.206116 0.278711 0.202848 0.277136 0.195845 0.277311 0.191877 0.278887 0.181839 0.286590 0.176237 0.293592 0.175303 0.296569 0.175303 0.304097
1 0.118114 0.339636 0.123016 0.341211 0.127218 0.345413 0.131419 0.346814 0.140523 0.353817 0.150560 0.359244 0.154295 0.363796 0.170635 0.374825 0.180439 0.384279 0.183240 0.389531 0.185574 0.399510 0.185574 0.408088 0.183940 0.414741 0.176471 0.429097 0.171802 0.435574 0.167134 0.438901 0.164099 0.442577 0.163632 0.446078 0.166667 0.449405 0.170635 0.451331 0.180906 0.459384 0.203548 0.473915 0.220355 0.481968 0.223856 0.485819 0.232960 0.489671 0.236695 0.490196 0.248133 0.493873 0.262605 0.496324 0.276144 0.496324 0.289449 0.493873 0.300420 0.488445 0.310691 0.485294 0.312792 0.481268 0.309524 0.470044 0.310924 0.456232 0.313492 0.445903 0.317227 0.439076 0.325397 0.418768 0.326797 0.410889 0.323529 0.407038 0.321662 0.400910 0.314426 0.389881 0.304155 0.377101 0.296919 0.369573 0.276844 0.355042 0.263072 0.347864 0.254435 0.344363 0.241597 0.340161 0.212185 0.332283 0.199113 0.327556 0.185808 0.324930 0.178571 0.322304 0.172502 0.321078 0.155462 0.319153 0.141923 0.320028 0.137955 0.321078 0.125350 0.327556 0.119748 0.332108 0.117180 0.335434 0.116480 0.338410 0.118114 0.339636
1 0.000000 0.451681 0.024977 0.460609 0.039683 0.462360 0.050420 0.466036 0.067460 0.463060 0.077965 0.462010 0.098973 0.461310 0.113679 0.462185 0.129318 0.460434 0.144258 0.454132 0.158030 0.446254 0.170401 0.435574 0.175537 0.428922 0.181139 0.418417 0.184174 0.408613 0.184174 0.397059 0.181606 0.389706 0.178571 0.383754 0.171335 0.376401 0.141690 0.355217 0.123249 0.343137 0.098973 0.329132 0.084734 0.324405 0.066993 0.320728 0.052054 0.319503 0.042250 0.319503 0.025910 0.320903 0.004902 0.326331 0.001634 0.327906 0.000000 0.327906 0.000000 0.451681
1 0.314192 0.478817 0.320728 0.483368 0.328431 0.486345 0.341970 0.488796 0.363445 0.489321 0.394258 0.486695 0.429038 0.479167 0.443744 0.473214 0.446779 0.470588 0.450514 0.452906 0.459384 0.433473 0.468721 0.420168 0.476424 0.411765 0.487862 0.401786 0.501634 0.395308 0.504902 0.394783 0.509570 0.392332 0.527311 0.389881 0.531513 0.388480 0.531979 0.386730 0.530112 0.377101 0.525677 0.369748 0.514239 0.360819 0.502801 0.355742 0.477824 0.351015 0.464286 0.349790 0.457049 0.350315 0.438842 0.355742 0.428338 0.357668 0.400794 0.359944 0.390289 0.362220 0.379552 0.367822 0.362512 0.378852 0.348973 0.390581 0.337768 0.402661 0.328898 0.415091 0.325864 0.424195 0.317927 0.439251 0.314192 0.449055 0.311625 0.461485 0.310924 0.470588 0.314192 0.478817
1 0.623950 0.341912 0.626517 0.346989 0.630719 0.347339 0.643557 0.343838 0.660831 0.340861 0.694211 0.339286 0.728525 0.344188 0.749533 0.351015 0.751634 0.352416 0.810924 0.375350 0.814192 0.377276 0.818627 0.378676 0.823763 0.383053 0.841970 0.392857 0.861111 0.388831 0.867414 0.385679 0.869281 0.383929 0.876984 0.382353 0.883053 0.379202 0.902661 0.366422 0.908964 0.360819 0.922269 0.345063 0.927171 0.334559 0.927871 0.324405 0.926237 0.318452 0.922969 0.314076 0.914566 0.310224 0.897526 0.306548 0.890756 0.305847 0.872782 0.301296 0.869981 0.301120 0.858310 0.297619 0.839636 0.293943 0.834500 0.291667 0.821195 0.288866 0.791083 0.278711 0.776144 0.275210 0.768441 0.273634 0.754669 0.272584 0.748366 0.271359 0.732493 0.271183 0.713585 0.272759 0.700047 0.275560 0.695145 0.277661 0.682540 0.280812 0.668067 0.286239 0.655696 0.292542 0.647759 0.297444 0.636088 0.306723 0.625584 0.320028 0.623716 0.327206 0.623249 0.335434 0.623950 0.341912
1 0.584267 0.401961 0.588235 0.403711 0.596639 0.409664 0.620448 0.428922 0.638655 0.450280 0.650794 0.468312 0.654062 0.469888 0.666900 0.472514 0.686041 0.473915 0.711018 0.474265 0.740663 0.472864 0.752801 0.471814 0.762138 0.469713 0.765640 0.469713 0.779178 0.466211 0.792951 0.463761 0.807423 0.458508 0.817694 0.453431 0.823529 0.450280 0.832400 0.443627 0.838702 0.438025 0.845705 0.429272 0.850373 0.418417 0.850840 0.410889 0.845005 0.397234 0.834034 0.389531 0.826331 0.385854 0.817694 0.380077 0.812558 0.377976 0.810924 0.376576 0.796919 0.370448 0.762138 0.356968 0.758403 0.356268 0.756303 0.354867 0.750467 0.353116 0.748133 0.351366 0.736228 0.347339 0.727824 0.345063 0.713119 0.343487 0.695845 0.340336 0.678805 0.340336 0.661531 0.341562 0.636788 0.346639 0.623483 0.351015 0.605742 0.360119 0.592904 0.369748 0.581699 0.382878 0.577264 0.391457 0.577498 0.395658 0.584267 0.401961
1 0.772409 0.475840 0.775210 0.475490 0.779178 0.477591 0.825630 0.488270 0.834967 0.492997 0.842437 0.495448 0.850840 0.500000 0.855742 0.503852 0.859010 0.504727 0.869281 0.505077 0.875350 0.504202 0.906629 0.503676 0.921102 0.502276 0.928805 0.501050 0.933007 0.499650 0.960784 0.486870 0.962418 0.485469 0.963119 0.480917 0.962185 0.477941 0.969421 0.462535 0.970588 0.453957 0.970355 0.446078 0.963585 0.436450 0.951214 0.427521 0.949813 0.425070 0.945845 0.422619 0.942110 0.418768 0.928571 0.411239 0.901261 0.399685 0.893791 0.397234 0.873016 0.394083 0.858777 0.390756 0.847806 0.393557 0.843838 0.397059 0.844538 0.399160 0.848273 0.402836 0.851074 0.407738 0.852241 0.415266 0.850607 0.422269 0.848273 0.426821 0.839402 0.438375 0.824697 0.450630 0.818861 0.452906 0.810924 0.457633 0.795518 0.463936 0.786415 0.466036 0.779412 0.469013 0.771008 0.469888 0.769374 0.470588 0.768674 0.472689 0.768441 0.473739 0.772409 0.475840
1 0.664566 0.494398 0.667834 0.503151 0.671102 0.517507 0.671102 0.532738 0.670168 0.539916 0.667134 0.547444 0.664799 0.550595 0.662932 0.557948 0.657796 0.567752 0.647526 0.581583 0.646592 0.585434 0.649160 0.587360 0.681839 0.596289 0.706583 0.599965 0.709851 0.601190 0.714519 0.601366 0.720121 0.602941 0.741130 0.603641 0.760037 0.603116 0.778011 0.600840 0.803922 0.594363 0.825397 0.585609 0.838235 0.577731 0.849206 0.569503 0.859944 0.558473 0.866246 0.549720 0.869748 0.540266 0.870682 0.529237 0.868114 0.518908 0.865780 0.514531 0.862979 0.512080 0.862512 0.508403 0.860177 0.506653 0.854342 0.504552 0.848273 0.500350 0.835201 0.495623 0.831466 0.493172 0.824463 0.490896 0.817460 0.487570 0.813959 0.487395 0.789683 0.481443 0.779412 0.480042 0.764706 0.476015 0.761905 0.474440 0.752101 0.473214 0.734127 0.473564 0.718954 0.474790 0.683473 0.474790 0.663632 0.474090 0.658030 0.474965 0.655929 0.476891 0.660131 0.487745 0.664566 0.494398
1 0.896825 0.396709 0.903828 0.399335 0.918301 0.406338 0.927638 0.409664 0.942577 0.418417 0.948413 0.420693 0.967320 0.421218 0.980859 0.420168 0.999767 0.417017 0.999767 0.277661 0.994398 0.278186 0.990663 0.279412 0.962418 0.292542 0.939542 0.306197 0.929038 0.314251 0.927638 0.317577 0.929038 0.324055 0.928805 0.332633 0.927171 0.338235 0.922736 0.346289 0.916433 0.353992 0.904295 0.366071 0.888422 0.376576 0.885387 0.379552 0.887021 0.384104 0.896825 0.396709
1 0.951214 0.425245 0.964519 0.436625 0.969188 0.442577 0.971289 0.450455 0.970355 0.463761 0.984360 0.467612 0.994398 0.467962 0.999767 0.467262 0.999767 0.417542 0.987162 0.419818 0.950980 0.421569 0.950047 0.421919 0.951214 0.425245
1 0.930439 0.529062 0.932073 0.532388 0.942110 0.529937 0.955415 0.528711 0.985294 0.529762 0.999767 0.531863 0.999767 0.473039 0.998133 0.473039 0.987628 0.469538 0.970355 0.466387 0.967087 0.471814 0.964286 0.480217 0.964286 0.484244 0.962885 0.486169 0.958683 0.488270 0.956349 0.488270 0.951214 0.492122 0.930205 0.501751 0.929972 0.523985 0.930439 0.529062
0 0.719188 0.644083 0.709851 0.665266 0.696779 0.685749 0.698179 0.692577 0.700747 0.696078 0.715686 0.708508 0.737162 0.720938 0.748133 0.724440 0.771242 0.725840 0.793184 0.724790 0.809524 0.721989 0.819561 0.718662 0.838002 0.708333 0.852941 0.697304 0.861811 0.685749 0.867647 0.672969 0.868581 0.654062 0.867180 0.643732 0.862745 0.635329 0.856909 0.629377 0.845238 0.620273 0.831466 0.614321 0.814192 0.609069 0.803455 0.606443 0.793651 0.605042 0.789449 0.605217 0.786881 0.606268 0.782913 0.605917 0.779879 0.606968 0.776144 0.605042 0.773109 0.605742 0.769141 0.604692 0.765173 0.605392 0.761438 0.605042 0.747899 0.605917 0.744865 0.606968 0.736928 0.607843 0.733427 0.609244 0.730859 0.608718 0.724090 0.616772 0.723156 0.626576 0.719188 0.644083
1 0.915966 0.589636 0.921102 0.599090 0.930906 0.610644 0.937675 0.616597 0.953081 0.627976 0.991130 0.643732 0.999767 0.643732 0.999767 0.533613 0.988329 0.530637 0.973856 0.529587 0.956583 0.529412 0.945845 0.530462 0.939309 0.532213 0.930205 0.536415 0.925070 0.539916 0.921569 0.543417 0.916900 0.550245 0.910831 0.565301 0.910598 0.574755 0.915966 0.589636
1 0.866246 0.514356 0.871148 0.525210 0.870915 0.538515 0.867647 0.548319 0.859711 0.559349 0.854575 0.563901 0.852941 0.567577 0.859944 0.570203 0.879552 0.574230 0.893791 0.581057 0.897526 0.581057 0.901494 0.578782 0.906629 0.574230 0.912232 0.556373 0.917134 0.547619 0.928105 0.532913 0.930439 0.508228 0.929739 0.502801 0.928805 0.501751 0.927404 0.501751 0.911765 0.503852 0.872782 0.504727 0.867414 0.505777 0.861111 0.508578 0.863445 0.512080 0.866246 0.514356
1 0.775910 0.606618 0.792017 0.604342 0.800187 0.605042 0.830766 0.613620 0.841737 0.617822 0.858777 0.629902 0.863679 0.635504 0.866246 0.639881 0.869748 0.642857 0.876284 0.639531 0.887722 0.630602 0.898459 0.617997 0.902194 0.608894 0.902894 0.596639 0.901961 0.591912 0.899160 0.587185 0.896125 0.583683 0.890990 0.580357 0.880252 0.575105 0.866013 0.571779 0.852474 0.569678 0.848506 0.571254 0.837068 0.579307 0.823529 0.587360 0.803455 0.595063 0.800420 0.595413 0.782680 0.601190 0.776844 0.602241 0.774743 0.604342 0.774043 0.605917 0.775910 0.606618
1 0.871148 0.668242 0.874650 0.670693 0.883754 0.674895 0.890289 0.678922 0.901494 0.683824 0.911064 0.689776 0.919935 0.694153 0.945845 0.710259 0.961485 0.722514 0.975490 0.737395 0.985528 0.749475 0.987862 0.751050 0.994865 0.751225 0.997899 0.752626 0.999767 0.752626 0.999767 0.649510 0.998133 0.649510 0.995798 0.647584 0.984127 0.642157 0.966387 0.635854 0.963119 0.633754 0.949580 0.628326 0.925303 0.622374 0.902894 0.618347 0.900794 0.618347 0.898459 0.619923 0.892390 0.627451 0.869981 0.646008 0.869748 0.653186 0.871148 0.668242
1 0.835201 0.723739 0.869748 0.736520 0.879785 0.742297 0.889122 0.746148 0.894258 0.749125 0.924603 0.769958 0.933707 0.775385 0.937675 0.779412 0.950980 0.789041 0.955415 0.793768 0.961718 0.798494 0.966387 0.803746 0.970588 0.807073 0.973389 0.808123 0.973856 0.809524 0.974090 0.808298 0.987395 0.793768 0.993464 0.782738 0.994164 0.775560 0.989029 0.762080 0.988796 0.758403 0.981559 0.746674 0.964519 0.726015 0.949813 0.713410 0.934641 0.703081 0.901494 0.684349 0.883987 0.676821 0.880252 0.674370 0.871148 0.671919 0.869748 0.670693 0.863445 0.684174 0.853641 0.697829 0.838702 0.708508 0.824697 0.716912 0.822596 0.720413 0.835201 0.723739
1 0.499066 0.716211 0.501867 0.722864 0.506769 0.729167 0.513772 0.735644 0.515640 0.739321 0.519141 0.742122 0.522176 0.742647 0.526144 0.744748 0.545985 0.747199 0.582166 0.744048 0.603641 0.739146 0.609244 0.736520 0.615079 0.727766 0.619748 0.722689 0.626517 0.717437 0.631419 0.714986 0.640523 0.712360 0.651727 0.712185 0.661298 0.713410 0.663399 0.710434 0.679038 0.699405 0.685808 0.693452 0.697479 0.680497 0.707516 0.665616 0.714753 0.651611 0.720121 0.633578 0.721989 0.616071 0.718954 0.605567 0.714052 0.603291 0.671569 0.595763 0.664799 0.593312 0.660131 0.592787 0.658263 0.591912 0.651261 0.591211 0.649627 0.592262 0.644024 0.591737 0.627918 0.602591 0.618581 0.607493 0.609244 0.610294 0.594771 0.611345 0.591970 0.613445 0.585901 0.616246 0.581466 0.617122 0.569328 0.644608 0.559757 0.658263 0.543884 0.673494 0.534314 0.681373 0.512605 0.693452 0.507003 0.695728 0.500700 0.700455 0.499066 0.702731 0.498133 0.706232 0.497899 0.710434 0.499066 0.716211
1 0.585201 0.880427 0.592204 0.900735 0.599440 0.914566 0.605042 0.923144 0.618114 0.939076 0.623716 0.944328 0.633754 0.946429 0.642390 0.946954 0.668534 0.950455 0.675303 0.948354 0.703081 0.943978 0.718021 0.939601 0.736461 0.935574 0.745565 0.931898 0.754435 0.929622 0.759337 0.928746 0.782680 0.929272 0.786648 0.928746 0.789683 0.926996 0.791783 0.913515 0.791783 0.862045 0.789449 0.834909 0.781513 0.807073 0.768674 0.786415 0.749066 0.758578 0.733660 0.745448 0.723623 0.740196 0.720121 0.737045 0.704015 0.728466 0.695845 0.725840 0.685341 0.721113 0.671569 0.716737 0.661064 0.714636 0.649160 0.713585 0.640523 0.713761 0.634454 0.715161 0.627451 0.718662 0.620215 0.723915 0.610177 0.737745 0.604809 0.748074 0.595705 0.772234 0.588002 0.799720 0.581699 0.836660 0.581933 0.862920 0.585201 0.880427
1 0.791783 0.863095 0.792250 0.904237 0.790149 0.928746 0.792951 0.930497 0.796452 0.931022 0.808590 0.931197 0.816760 0.930147 0.820495 0.928746 0.821662 0.926120 0.824463 0.898810 0.825163 0.882878 0.822596 0.861870 0.818161 0.847339 0.813259 0.838585 0.787115 0.809874 0.786415 0.809349 0.783847 0.809699 0.788515 0.829132 0.791783 0.863095
1 0.528945 0.806197 0.525210 0.835784 0.521242 0.852416 0.514706 0.868697 0.506769 0.883578 0.502568 0.893732 0.486228 0.921043 0.476424 0.928746 0.475023 0.932248 0.480859 0.936099 0.498133 0.940826 0.556022 0.942752 0.575630 0.942927 0.588469 0.941877 0.590103 0.940126 0.594304 0.929272 0.595472 0.911590 0.587535 0.893908 0.583333 0.879377 0.580532 0.863270 0.579599 0.834909 0.555556 0.804272 0.550654 0.796394 0.538749 0.782913 0.532680 0.777486 0.528011 0.776261 0.526377 0.777661 0.528478 0.789216 0.528945 0.806197
1 0.320728 0.880252 0.324463 0.890056 0.326564 0.892157 0.329599 0.897759 0.334034 0.901611 0.341970 0.902136 0.346405 0.901611 0.351074 0.900035 0.361345 0.899160 0.366947 0.899510 0.370682 0.900560 0.379085 0.906162 0.390990 0.916667 0.402428 0.923669 0.405929 0.926646 0.414332 0.928571 0.428805 0.927871 0.443744 0.926120 0.452614 0.927521 0.460551 0.929972 0.470355 0.930672 0.473389 0.929447 0.482726 0.921919 0.485994 0.918768 0.494631 0.903887 0.498833 0.898459 0.507703 0.879027 0.513305 0.869923 0.518908 0.855917 0.524276 0.835259 0.526144 0.824405 0.528245 0.799195 0.524977 0.778186 0.520075 0.764706 0.512838 0.751225 0.508170 0.747024 0.506536 0.743697 0.495098 0.729342 0.478525 0.715161 0.473856 0.712710 0.470355 0.711835 0.463352 0.714111 0.430672 0.719713 0.409430 0.720063 0.387021 0.717262 0.383053 0.719888 0.374416 0.729692 0.374416 0.741772 0.372316 0.751225 0.372549 0.755602 0.364379 0.773810 0.355976 0.789916 0.351774 0.802171 0.342904 0.819328 0.325630 0.844363 0.320962 0.849615 0.317460 0.859594 0.317460 0.866246 0.320728 0.880252
1 0.353641 0.674370 0.361111 0.682423 0.365079 0.688725 0.371382 0.706758 0.376751 0.711835 0.380952 0.712885 0.386788 0.715511 0.411298 0.719188 0.431839 0.718487 0.446779 0.716387 0.459384 0.713761 0.485528 0.705532 0.497899 0.699755 0.533613 0.680497 0.540149 0.675595 0.558357 0.658088 0.568627 0.643908 0.579132 0.619223 0.580999 0.609069 0.577965 0.606793 0.561858 0.602066 0.551821 0.596639 0.545285 0.591737 0.535714 0.586310 0.508637 0.566877 0.481793 0.542892 0.477358 0.540791 0.473856 0.541141 0.460084 0.546043 0.440243 0.556373 0.420868 0.568978 0.410131 0.577031 0.397759 0.588060 0.391457 0.594013 0.376517 0.610994 0.359010 0.633754 0.348039 0.652136 0.345005 0.661064 0.344771 0.668242 0.353641 0.674370
1 0.278011 0.596289 0.279879 0.601891 0.285014 0.609944 0.291550 0.617822 0.299486 0.625175 0.317694 0.633403 0.325163 0.633403 0.330532 0.635154 0.338469 0.640056 0.345472 0.640231 0.352241 0.639356 0.355976 0.636029 0.366246 0.623950 0.374183 0.612220 0.383754 0.602416 0.389122 0.595413 0.399860 0.585259 0.424370 0.565826 0.445845 0.551996 0.462885 0.543417 0.464986 0.541141 0.466620 0.534139 0.465686 0.526436 0.463352 0.522059 0.459384 0.517332 0.451447 0.500350 0.445845 0.475840 0.442344 0.474615 0.437675 0.476716 0.412465 0.483543 0.393791 0.487220 0.383520 0.488620 0.373249 0.488796 0.365546 0.490021 0.346639 0.490196 0.341970 0.490896 0.315359 0.506828 0.306723 0.513480 0.299953 0.520308 0.292717 0.528536 0.290149 0.533263 0.284314 0.540091 0.280579 0.549720 0.279879 0.553746 0.277778 0.557598 0.277311 0.561975 0.277077 0.587010 0.278011 0.596289
1 0.160831 0.673144 0.167134 0.694853 0.168067 0.711660 0.166667 0.724615 0.168301 0.729692 0.175070 0.726541 0.199346 0.707633 0.224323 0.690826 0.246499 0.679797 0.274043 0.670693 0.286648 0.668417 0.296919 0.665616 0.305789 0.664566 0.308357 0.663690 0.310458 0.661239 0.301120 0.650035 0.292951 0.643207 0.288282 0.640581 0.274743 0.636029 0.263072 0.634104 0.254669 0.633578 0.230392 0.636380 0.220121 0.639006 0.209851 0.642682 0.180439 0.657038 0.168301 0.664041 0.162932 0.668417 0.160831 0.671744 0.160831 0.673144
1 0.000000 0.861345 0.005836 0.862220 0.012372 0.861870 0.015173 0.860819 0.020075 0.861169 0.028945 0.860119 0.033613 0.860294 0.049486 0.856443 0.059290 0.852591 0.063492 0.849790 0.070495 0.846989 0.083100 0.839636 0.089869 0.834734 0.092437 0.831232 0.097572 0.817402 0.100607 0.811625 0.107610 0.799195 0.117880 0.784489 0.130952 0.769083 0.133754 0.764706 0.147993 0.748775 0.158263 0.739496 0.162698 0.734069 0.164566 0.730742 0.164099 0.726716 0.166433 0.710784 0.166433 0.702556 0.162698 0.682248 0.149627 0.650910 0.141690 0.623775 0.137255 0.614321 0.126751 0.597339 0.122782 0.591912 0.113212 0.582983 0.094771 0.571954 0.085901 0.569678 0.075163 0.569328 0.063259 0.569678 0.044118 0.573004 0.039916 0.572304 0.034547 0.572829 0.025910 0.575280 0.004435 0.583683 0.002568 0.585784 0.000000 0.586485 0.000000 0.861345
1 0.012372 0.525385 0.011438 0.530637 0.013539 0.539916 0.016106 0.546394 0.022409 0.557423 0.034547 0.569678 0.039449 0.571779 0.046919 0.571954 0.050187 0.570728 0.053221 0.570553 0.056489 0.568803 0.061625 0.569153 0.067927 0.567052 0.073296 0.566702 0.077264 0.567927 0.088235 0.568978 0.102708 0.574580 0.115780 0.583508 0.119748 0.588235 0.127451 0.594713 0.139356 0.616246 0.144024 0.621324 0.164799 0.626926 0.188142 0.630777 0.206349 0.635329 0.215686 0.636204 0.221055 0.636204 0.250700 0.630952 0.255135 0.628852 0.263539 0.622374 0.272176 0.609594 0.275677 0.597864 0.275444 0.565826 0.274043 0.557598 0.271709 0.550595 0.266340 0.538690 0.263772 0.534839 0.249066 0.519083 0.234127 0.508053 0.206816 0.492822 0.178571 0.481443 0.157563 0.474615 0.109244 0.464811 0.093838 0.463410 0.077498 0.463585 0.070495 0.464286 0.053455 0.467962 0.041783 0.473214 0.037815 0.477241 0.036881 0.480917 0.033847 0.485119 0.032913 0.485819 0.029412 0.484594 0.029178 0.485469 0.023810 0.487045 0.020775 0.489146 0.017740 0.494923 0.014472 0.498775 0.012372 0.505602 0.010971 0.519958 0.012372 0.525385
1 0.136555 0.458683 0.126984 0.462185 0.118114 0.463410 0.123950 0.466912 0.131419 0.467787 0.139823 0.470413 0.151027 0.472339 0.165733 0.476366 0.203315 0.490371 0.213352 0.495098 0.216853 0.495098 0.220355 0.491772 0.222456 0.488095 0.221289 0.484244 0.205182 0.475490 0.197246 0.470238 0.193277 0.468662 0.161998 0.447129 0.158030 0.447304 0.145425 0.455007 0.136555 0.458683
1 0.000000 0.531863 0.001634 0.531863 0.005135 0.534489 0.009104 0.535539 0.010738 0.533789 0.008870 0.522059 0.009104 0.514706 0.010971 0.504727 0.012605 0.499475 0.015873 0.495448 0.018207 0.494223 0.022176 0.486169 0.024043 0.484244 0.019841 0.480742 0.019608 0.478641 0.022876 0.475840 0.024510 0.476716 0.029178 0.477416 0.036415 0.477591 0.042017 0.471814 0.046218 0.470413 0.051821 0.466912 0.037115 0.462360 0.011671 0.456933 0.001867 0.453431 0.000000 0.453431 0.000000 0.531863
1 0.501634 0.734419 0.503735 0.735294 0.504435 0.737745 0.506303 0.739146 0.508170 0.742297 0.510271 0.743522 0.525910 0.772759 0.532213 0.775385 0.539683 0.782213 0.551587 0.796394 0.556956 0.804272 0.566993 0.814951 0.570962 0.818102 0.573529 0.817927 0.577965 0.819153 0.581466 0.818978 0.584967 0.810224 0.587768 0.795868 0.592437 0.779412 0.597806 0.763655 0.605976 0.744223 0.606909 0.741422 0.606443 0.739146 0.605742 0.738796 0.602474 0.740371 0.585901 0.743522 0.568161 0.746148 0.560691 0.746324 0.550420 0.747899 0.536181 0.747024 0.522409 0.742647 0.517040 0.741947 0.514472 0.740546 0.512605 0.737045 0.506303 0.733018 0.505135 0.729867 0.503268 0.730392 0.501634 0.732843 0.501634 0.734419
1 0.000000 0.584034 0.001634 0.584034 0.012838 0.579307 0.026377 0.574930 0.033147 0.571078 0.021008 0.557248 0.012138 0.541141 0.001634 0.532563 0.000000 0.532563 0.000000 0.584034
1 0.733894 0.220063 0.739496 0.225840 0.749066 0.240896 0.756303 0.255077 0.757937 0.261905 0.761438 0.270658 0.764939 0.272409 0.767507 0.272059 0.769374 0.270833 0.773576 0.261204 0.777311 0.248775 0.777311 0.237570 0.774743 0.229867 0.768207 0.221814 0.753735 0.215336 0.747666 0.213585 0.738562 0.212360 0.733660 0.213410 0.732493 0.214811 0.732260 0.217087 0.733894 0.220063
1 0.497666 0.279237 0.499066 0.293242 0.505369 0.304797 0.505836 0.307073 0.507236 0.308473 0.516106 0.309699 0.526144 0.309874 0.530112 0.311099 0.564426 0.316176 0.590570 0.325980 0.608310 0.335434 0.612512 0.336660 0.619748 0.342437 0.622082 0.341387 0.624183 0.321779 0.629318 0.312500 0.633520 0.307248 0.632120 0.304797 0.628852 0.304097 0.602241 0.302696 0.591970 0.300945 0.580766 0.301646 0.574697 0.300420 0.567460 0.300070 0.556956 0.297619 0.538282 0.292192 0.532446 0.288515 0.524743 0.285539 0.514006 0.278186 0.511204 0.277136 0.501634 0.271008 0.499533 0.272759 0.499300 0.276085 0.497666 0.279237