1 0.299720 0.269433 0.302754 0.276436 0.307423 0.283088 0.309991 0.285364 0.320728 0.291317 0.327731 0.293943 0.334967 0.295343 0.341970 0.295693 0.358077 0.294293 0.362745 0.294468 0.383754 0.292192 0.407796 0.286590 0.415033 0.283263 0.433007 0.276786 0.449580 0.266457 0.475724 0.249125 0.492997 0.232143 0.504669 0.218487 0.511204 0.206057 0.514939 0.189776 0.514706 0.182773 0.513305 0.179447 0.511204 0.177346 0.506536 0.175070 0.501634 0.174545 0.489262 0.171394 0.478291 0.170343 0.459851 0.170868 0.456816 0.171919 0.449113 0.172619 0.435574 0.175420 0.411531 0.182773 0.407563 0.183123 0.396125 0.187675 0.365780 0.195728 0.355976 0.199405 0.337768 0.208683 0.319328 0.223214 0.308357 0.236345 0.303688 0.243347 0.299953 0.251576 0.298553 0.257878 0.298319 0.262605 0.299720 0.269433
1 0.185107 0.324580 0.188375 0.338410 0.195145 0.349265 0.198179 0.352241 0.209617 0.357668 0.216853 0.359594 0.223389 0.360644 0.237628 0.359594 0.247899 0.350490 0.257470 0.343312 0.271242 0.330532 0.282680 0.322479 0.294351 0.314951 0.320962 0.301821 0.325630 0.300245 0.330065 0.296919 0.313025 0.288340 0.308123 0.285014 0.303688 0.280112 0.298086 0.267682 0.297386 0.261380 0.298786 0.251401 0.306956 0.236169 0.315126 0.227416 0.311625 0.223915 0.303922 0.221639 0.294818 0.220413 0.286415 0.220238 0.269141 0.221989 0.258637 0.226541 0.245331 0.234769 0.238796 0.237745 0.231559 0.244923 0.221755 0.251576 0.213819 0.261380 0.207750 0.265056 0.200747 0.272234 0.199113 0.275735 0.196312 0.278361 0.189076 0.289741 0.185107 0.299895 0.183007 0.310224 0.182540 0.318102 0.185107 0.324580
1 0.166667 0.348915 0.170401 0.353641 0.171802 0.354692 0.180439 0.354867 0.195612 0.352416 0.195378 0.348915 0.192344 0.346464 0.189309 0.340861 0.182773 0.320728 0.182773 0.310749 0.184874 0.300070 0.189309 0.289741 0.196545 0.278186 0.208450 0.264181 0.214052 0.260504 0.223389 0.250000 0.233894 0.240721 0.238329 0.237745 0.236928 0.236169 0.231092 0.234944 0.226891 0.235119 0.202381 0.240021 0.192577 0.243697 0.184407 0.250525 0.178571 0.258754 0.177638 0.262080 0.168301 0.277311 0.160131 0.303221 0.158964 0.313550 0.159430 0.331758 0.166667 0.348915
1 0.116013 0.421218 0.113445 0.425420 0.116480 0.426821 0.124650 0.439076 0.126517 0.440651 0.137255 0.445903 0.152428 0.450805 0.188142 0.457108 0.208450 0.459384 0.233894 0.460084 0.253268 0.459734 0.264706 0.458683 0.289683 0.454132 0.303688 0.450805 0.317694 0.444853 0.319795 0.442927 0.320028 0.438725 0.313492 0.428396 0.309991 0.413340 0.311391 0.400735 0.316527 0.391457 0.319094 0.388480 0.319561 0.383578 0.313725 0.381127 0.286415 0.374125 0.262605 0.370098 0.234594 0.368522 0.203081 0.368347 0.179505 0.370098 0.175537 0.371674 0.169001 0.372199 0.151261 0.375700 0.146359 0.379202 0.135154 0.382703 0.130019 0.387430 0.124650 0.390056 0.122782 0.393908 0.119748 0.395658 0.118347 0.397409 0.114613 0.404062 0.114379 0.412990 0.116013 0.421218
0 0.316060 0.432073 0.322129 0.439776 0.333567 0.449405 0.355742 0.463585 0.367180 0.468312 0.384220 0.477241 0.421335 0.489671 0.428805 0.490721 0.436041 0.492997 0.456583 0.494748 0.471989 0.494923 0.490896 0.493522 0.512372 0.485644 0.521942 0.477591 0.530112 0.465686 0.532446 0.460084 0.532446 0.456057 0.530112 0.447654 0.524276 0.439426 0.519374 0.434349 0.509337 0.426646 0.501867 0.419993 0.499066 0.415966 0.489496 0.409139 0.484594 0.404237 0.473389 0.397234 0.464052 0.389706 0.440476 0.376576 0.427871 0.370798 0.401027 0.365021 0.387255 0.363270 0.373716 0.363620 0.362512 0.365371 0.345472 0.369398 0.331699 0.376225 0.322829 0.383929 0.314192 0.397409 0.311625 0.404412 0.311625 0.418242 0.316060 0.432073
1 0.238562 0.367822 0.245331 0.367822 0.273810 0.370623 0.296919 0.375700 0.320728 0.382528 0.323996 0.381127 0.338002 0.371324 0.362512 0.364496 0.378852 0.362395 0.388655 0.362395 0.409197 0.364321 0.416900 0.360469 0.422269 0.356793 0.423669 0.355742 0.424603 0.353291 0.423203 0.337689 0.423203 0.326176 0.425770 0.303571 0.424370 0.300595 0.422736 0.299020 0.414566 0.295343 0.397526 0.292192 0.392857 0.292192 0.348739 0.296218 0.332166 0.299895 0.324697 0.302346 0.316060 0.305322 0.299720 0.312850 0.275910 0.327731 0.267274 0.334384 0.256536 0.344888 0.244631 0.353641 0.237162 0.363620 0.236695 0.366422 0.238562 0.367822
1 0.059524 0.438901 0.068394 0.460084 0.077031 0.471639 0.085901 0.480392 0.091036 0.486695 0.095938 0.487745 0.101307 0.494398 0.109711 0.498424 0.113212 0.502451 0.117880 0.505252 0.118814 0.507003 0.125350 0.512955 0.139823 0.523284 0.150560 0.529762 0.168067 0.536064 0.175537 0.536590 0.185341 0.534314 0.194444 0.528011 0.199580 0.522584 0.207283 0.510154 0.211251 0.495798 0.210317 0.473214 0.208217 0.462360 0.205882 0.459909 0.168067 0.454482 0.164799 0.453256 0.148926 0.450455 0.140523 0.448004 0.132353 0.444328 0.124883 0.440476 0.122316 0.438025 0.120215 0.431723 0.116947 0.428571 0.116246 0.426821 0.114846 0.426296 0.112278 0.417192 0.112278 0.410889 0.113912 0.408438 0.115546 0.401085 0.118114 0.397234 0.126050 0.388480 0.129785 0.387080 0.134220 0.383578 0.128852 0.379902 0.123716 0.378501 0.104809 0.378676 0.102241 0.377276 0.099673 0.378852 0.096172 0.377976 0.095705 0.376576 0.090103 0.379202 0.077965 0.382528 0.068394 0.389881 0.062558 0.397584 0.061391 0.400910 0.061158 0.408088 0.057890 0.418242 0.057890 0.429097 0.059524 0.438901
1 0.000000 0.525385 0.001634 0.525385 0.005369 0.526961 0.011905 0.532388 0.027077 0.524685 0.036648 0.521008 0.070495 0.512080 0.077498 0.507003 0.081933 0.501751 0.085668 0.489146 0.083567 0.481268 0.081466 0.477241 0.069795 0.463410 0.066527 0.457983 0.059757 0.442227 0.057656 0.433123 0.056723 0.422094 0.058824 0.408088 0.058357 0.404237 0.057190 0.402661 0.053688 0.402661 0.051120 0.403887 0.035247 0.414216 0.032213 0.416492 0.030812 0.418768 0.027077 0.420868 0.020542 0.428746 0.013539 0.435224 0.010037 0.440826 0.001867 0.450805 0.000000 0.450980 0.000000 0.525385
1 0.000000 0.557423 0.001867 0.557598 0.003735 0.560749 0.015640 0.567402 0.027661 0.572391 0.032913 0.576331 0.035714 0.575455 0.039916 0.575280 0.046452 0.577556 0.050654 0.577206 0.077965 0.582983 0.088936 0.582633 0.105742 0.586134 0.138655 0.585784 0.161531 0.583508 0.171569 0.581232 0.173436 0.577906 0.174136 0.563901 0.176937 0.553571 0.183473 0.543242 0.182773 0.539741 0.181839 0.539041 0.167834 0.536590 0.152894 0.531338 0.133987 0.520133 0.126517 0.514356 0.120215 0.511380 0.102241 0.509979 0.091737 0.510504 0.070962 0.512955 0.036881 0.521534 0.029178 0.524510 0.017274 0.530812 0.011204 0.534314 0.006769 0.538690 0.000000 0.545868 0.000000 0.557423
1 0.174136 0.581583 0.176704 0.588410 0.181139 0.595938 0.186275 0.599965 0.188375 0.602591 0.203315 0.612745 0.220121 0.620973 0.223856 0.623775 0.240196 0.630602 0.247899 0.632703 0.265173 0.635329 0.289216 0.636730 0.304155 0.635329 0.320261 0.630602 0.333100 0.625000 0.344304 0.616246 0.354342 0.603817 0.356909 0.598389 0.357843 0.584734 0.354575 0.576506 0.349673 0.569153 0.344071 0.564776 0.321662 0.554972 0.308590 0.547269 0.300187 0.541492 0.282680 0.526786 0.279178 0.524335 0.276144 0.523284 0.253501 0.521709 0.245098 0.520483 0.237862 0.520483 0.217320 0.524510 0.209851 0.527136 0.194678 0.534489 0.184874 0.543242 0.179739 0.550245 0.174603 0.566877 0.174837 0.579132 0.174136 0.581583
1 0.259337 0.491246 0.264239 0.501225 0.274743 0.516457 0.284781 0.527486 0.300187 0.540441 0.321429 0.553922 0.330065 0.558123 0.355976 0.568627 0.367647 0.571954 0.395191 0.577206 0.414799 0.578431 0.425537 0.577906 0.435574 0.575105 0.441176 0.571254 0.446779 0.568627 0.450980 0.564251 0.454715 0.562150 0.459150 0.553922 0.461485 0.543768 0.460084 0.536415 0.456816 0.528536 0.449580 0.518207 0.444444 0.513130 0.441410 0.508578 0.436041 0.504727 0.428805 0.496674 0.422035 0.491597 0.414566 0.487745 0.404295 0.484944 0.385154 0.478291 0.370682 0.471989 0.341970 0.457283 0.339169 0.456758 0.319795 0.456933 0.302754 0.454132 0.272409 0.457983 0.267740 0.459734 0.265406 0.461485 0.260738 0.466912 0.259337 0.470413 0.257937 0.477066 0.259337 0.491246
1 0.352007 0.681548 0.354809 0.692577 0.369281 0.709909 0.376517 0.714811 0.387021 0.715861 0.407330 0.709384 0.425303 0.694678 0.430205 0.689426 0.437675 0.683298 0.451447 0.668943 0.465453 0.652661 0.474556 0.637780 0.479458 0.629202 0.485294 0.612745 0.486228 0.606443 0.485994 0.590861 0.485761 0.588410 0.483193 0.584384 0.470121 0.575105 0.466387 0.574230 0.458917 0.576681 0.454715 0.574580 0.449580 0.569678 0.442577 0.571078 0.436275 0.575280 0.424837 0.578782 0.416900 0.579132 0.399627 0.578256 0.386321 0.575455 0.382586 0.575805 0.376517 0.581408 0.369514 0.590336 0.360644 0.605917 0.355509 0.623074 0.354809 0.630427 0.352007 0.640931 0.350607 0.654762 0.350373 0.664916 0.352007 0.681548
1 0.150327 0.737745 0.158030 0.742822 0.178571 0.751926 0.188375 0.753676 0.194444 0.754027 0.210551 0.753151 0.216620 0.751401 0.224556 0.750525 0.241830 0.744223 0.260037 0.734594 0.270308 0.728291 0.275910 0.722164 0.280812 0.719188 0.312792 0.683123 0.320261 0.672969 0.333333 0.651261 0.338469 0.634979 0.338469 0.625875 0.334967 0.624825 0.324697 0.629727 0.303922 0.636204 0.293651 0.637080 0.279645 0.637080 0.257703 0.635329 0.244865 0.633053 0.230859 0.628676 0.228058 0.629202 0.193511 0.647409 0.175303 0.660364 0.159197 0.676120 0.146359 0.691352 0.142390 0.698880 0.138655 0.712885 0.138189 0.717087 0.150327 0.737745
1 0.087068 0.645308 0.093838 0.654762 0.098973 0.658088 0.119748 0.664916 0.136555 0.667542 0.158263 0.669293 0.164799 0.668417 0.168067 0.667017 0.173903 0.661064 0.184641 0.652486 0.200747 0.642682 0.224556 0.630427 0.226424 0.626576 0.221755 0.623249 0.204248 0.614146 0.195612 0.608368 0.180439 0.596113 0.173903 0.584909 0.171802 0.583508 0.168301 0.583508 0.154295 0.585784 0.143557 0.589286 0.137021 0.590511 0.118581 0.598214 0.100373 0.611520 0.093838 0.618347 0.088702 0.626225 0.086368 0.633228 0.085668 0.637955 0.087068 0.645308
1 0.080766 0.703431 0.084034 0.709034 0.088235 0.713410 0.101074 0.722864 0.108310 0.731268 0.119981 0.741246 0.122782 0.742472 0.127218 0.743172 0.133520 0.746148 0.137255 0.746499 0.140289 0.745798 0.144491 0.741772 0.145892 0.737920 0.145892 0.734069 0.140086 0.724448 0.126661 0.725806 0.122871 0.722873 0.126943 0.718620 0.137304 0.718480 0.137873 0.710751 0.141457 0.699580 0.148459 0.687675 0.151027 0.685399 0.159430 0.674370 0.163866 0.671744 0.160092 0.668847 0.150214 0.668947 0.142857 0.667892 0.136321 0.667717 0.110644 0.663165 0.100140 0.658964 0.094071 0.655462 0.088002 0.647934 0.085668 0.649685 0.083333 0.654412 0.079599 0.675595 0.079832 0.699580 0.080766 0.703431
1 0.150093 0.737745 0.163165 0.745448 0.179972 0.752276 0.194444 0.754027 0.210317 0.753151 0.217087 0.751225 0.225490 0.750350 0.242297 0.744048 0.268908 0.729517 0.274977 0.723564 0.281279 0.719188 0.288515 0.710084 0.312792 0.683473 0.316060 0.678221 0.319795 0.674370 0.334034 0.650910 0.338469 0.635854 0.339169 0.630952 0.338469 0.625350 0.334734 0.624650 0.317460 0.631828 0.303455 0.636029 0.293651 0.637080 0.265873 0.636029 0.244865 0.632703 0.230859 0.628326 0.227591 0.629027 0.211018 0.638480 0.193511 0.647234 0.174837 0.660714 0.156162 0.679272 0.151727 0.685574 0.146125 0.691527 0.141690 0.700805 0.138422 0.713235 0.137955 0.717087 0.150093 0.737745
1 0.201914 0.845938 0.205649 0.850665 0.213119 0.856793 0.219421 0.860819 0.227124 0.863796 0.234360 0.866246 0.239729 0.867122 0.252101 0.867122 0.257937 0.865721 0.265640 0.865021 0.275910 0.861345 0.284547 0.856968 0.290383 0.852066 0.296919 0.848739 0.299720 0.845238 0.307190 0.840686 0.311625 0.836485 0.322596 0.824405 0.328198 0.816702 0.334034 0.811275 0.337535 0.805497 0.342670 0.799545 0.354342 0.778536 0.359711 0.763305 0.361811 0.751225 0.360878 0.724615 0.354342 0.708683 0.349907 0.703081 0.344538 0.698179 0.332400 0.690826 0.324697 0.688725 0.317460 0.688200 0.314192 0.689951 0.311158 0.689951 0.308590 0.690826 0.302054 0.695553 0.298553 0.700455 0.289916 0.708859 0.281279 0.719363 0.275910 0.722864 0.269141 0.729517 0.254202 0.738796 0.235294 0.748074 0.229692 0.749650 0.223856 0.753151 0.213585 0.765231 0.205882 0.777836 0.197712 0.798144 0.196078 0.803746 0.194911 0.813550 0.195612 0.832108 0.201914 0.845938
1 0.346172 0.804097 0.350840 0.819153 0.353875 0.824055 0.354575 0.831933 0.356443 0.838585 0.361578 0.846639 0.366013 0.851015 0.375584 0.855742 0.383754 0.860819 0.397059 0.859594 0.408030 0.860819 0.425303 0.861520 0.432773 0.860294 0.436741 0.856793 0.440009 0.852416 0.439076 0.850665 0.429038 0.851190 0.417834 0.850140 0.415033 0.848739 0.410831 0.848739 0.400794 0.846113 0.397526 0.844013 0.390756 0.841387 0.386088 0.841562 0.383754 0.840861 0.371849 0.833333 0.366713 0.825105 0.361578 0.821254 0.359944 0.817752 0.357376 0.805847 0.357376 0.800070 0.361111 0.789741 0.365780 0.784139 0.368347 0.782913 0.371382 0.775385 0.378618 0.767507 0.380952 0.765756 0.384220 0.764881 0.390756 0.759454 0.398226 0.755252 0.399860 0.752626 0.407796 0.750000 0.412232 0.746499 0.416433 0.744748 0.419468 0.742472 0.423203 0.741246 0.425303 0.738796 0.435574 0.735819 0.438842 0.734244 0.439309 0.732493 0.442577 0.732493 0.443744 0.730917 0.442577 0.727941 0.440009 0.724090 0.435574 0.720238 0.431606 0.719538 0.428805 0.716562 0.423669 0.715336 0.418301 0.714986 0.414332 0.713410 0.403128 0.713585 0.383287 0.717962 0.376984 0.716737 0.373249 0.717437 0.364146 0.723915 0.362278 0.726891 0.361811 0.730567 0.362979 0.737395 0.362979 0.746586 0.360644 0.762955 0.353875 0.782563 0.345938 0.796744 0.345238 0.800245 0.346172 0.804097
1 0.494631 0.845238 0.498833 0.849090 0.509804 0.855917 0.522409 0.860469 0.532680 0.862920 0.539683 0.864146 0.546919 0.864146 0.550187 0.865196 0.557890 0.864846 0.564192 0.863445 0.586601 0.850490 0.609711 0.838585 0.613912 0.831583 0.615079 0.828256 0.615079 0.824580 0.603641 0.812500 0.597106 0.803396 0.590336 0.789916 0.587302 0.778186 0.584734 0.772409 0.574230 0.769608 0.567694 0.772584 0.559991 0.780462 0.548319 0.790616 0.535247 0.800245 0.506769 0.824055 0.495331 0.831583 0.491597 0.835084 0.491130 0.838585 0.494631 0.845238
1 0.588469 0.779587 0.591503 0.790266 0.595238 0.798144 0.603875 0.810924 0.610644 0.818102 0.626050 0.829307 0.637488 0.833158 0.651261 0.834209 0.654528 0.833683 0.657563 0.832108 0.661765 0.833158 0.668301 0.831758 0.682306 0.831057 0.689076 0.829132 0.695612 0.825805 0.703548 0.819503 0.714052 0.807773 0.725957 0.783789 0.727824 0.779412 0.728758 0.773810 0.728525 0.765231 0.730159 0.754727 0.733660 0.741422 0.734360 0.735119 0.733894 0.716036 0.731092 0.702906 0.723156 0.685399 0.720588 0.681898 0.716620 0.678746 0.715219 0.676296 0.713352 0.675420 0.696779 0.674545 0.678105 0.672444 0.660364 0.667192 0.650560 0.662990 0.643791 0.661239 0.635154 0.667542 0.628852 0.673669 0.616480 0.689076 0.601074 0.717087 0.594538 0.730742 0.589636 0.744573 0.587302 0.757703 0.586835 0.764706 0.588469 0.779587
1 0.584967 0.660014 0.583800 0.665091 0.576097 0.685049 0.568627 0.697829 0.563959 0.702731 0.559757 0.709034 0.555556 0.713235 0.550187 0.716912 0.543884 0.723915 0.549020 0.726541 0.557656 0.728817 0.565126 0.732143 0.575630 0.740371 0.580299 0.745798 0.582866 0.751050 0.582633 0.755777 0.580065 0.762080 0.580299 0.765406 0.580999 0.765756 0.584967 0.764881 0.590103 0.739496 0.593838 0.728992 0.616713 0.688025 0.621615 0.680847 0.626517 0.675420 0.627218 0.671744 0.624183 0.657563 0.620915 0.649510 0.617647 0.641982 0.610878 0.632353 0.606909 0.628501 0.598739 0.623775 0.588469 0.621148 0.585901 0.623074 0.586835 0.640756 0.584967 0.660014
1 0.468487 0.681898 0.470121 0.695553 0.473156 0.706408 0.476190 0.709209 0.479458 0.717262 0.483894 0.719713 0.485994 0.720063 0.503968 0.718662 0.521242 0.719013 0.537815 0.723039 0.543184 0.723039 0.549253 0.717262 0.554622 0.713761 0.567927 0.698354 0.578198 0.678571 0.583333 0.664916 0.586134 0.651436 0.586835 0.640581 0.585434 0.623074 0.584267 0.619923 0.581466 0.618347 0.577965 0.619223 0.575630 0.620973 0.572362 0.622024 0.566293 0.622549 0.556022 0.621499 0.539916 0.618697 0.528945 0.614846 0.526144 0.612570 0.522642 0.611345 0.519141 0.608718 0.514472 0.606618 0.505135 0.599790 0.501634 0.597864 0.498133 0.596989 0.489496 0.605567 0.483427 0.623424 0.468721 0.651261 0.467554 0.657738 0.467320 0.679097 0.468487 0.681898
1 0.408030 0.710784 0.425303 0.712185 0.431373 0.709909 0.435808 0.709734 0.450980 0.705707 0.456349 0.703256 0.465686 0.697479 0.467787 0.694678 0.468254 0.691877 0.465686 0.659489 0.465453 0.657913 0.463585 0.656162 0.448646 0.672619 0.445145 0.675245 0.434407 0.686800 0.426704 0.692577 0.420635 0.698880 0.413866 0.702906 0.409664 0.706583 0.406396 0.709909 0.408030 0.710784
1 0.340336 0.636555 0.338235 0.644258 0.333100 0.655112 0.324463 0.668242 0.321429 0.676120 0.322362 0.678221 0.334034 0.686625 0.348039 0.693452 0.352241 0.693978 0.353875 0.692227 0.350373 0.673144 0.349673 0.658088 0.355742 0.616947 0.355742 0.614671 0.353875 0.611520 0.352241 0.611169 0.350373 0.614496 0.341036 0.623249 0.341737 0.624475 0.340336 0.636555
1 0.424370 0.714636 0.433007 0.718137 0.438609 0.722164 0.446078 0.730742 0.449813 0.730567 0.461018 0.727591 0.471289 0.723739 0.475490 0.721289 0.478291 0.717262 0.472456 0.705357 0.470355 0.697129 0.466853 0.693978 0.464519 0.697479 0.453315 0.704307 0.433707 0.709384 0.425770 0.710259 0.423203 0.712010 0.422969 0.713585 0.424370 0.714636
1 0.438842 0.505777 0.442810 0.508754 0.444678 0.512080 0.449813 0.517157 0.455415 0.524510 0.459851 0.532913 0.462185 0.545168 0.461485 0.550245 0.457516 0.557598 0.457283 0.564251 0.463352 0.571429 0.470355 0.572829 0.480859 0.581408 0.495331 0.591036 0.499066 0.595238 0.508870 0.602766 0.525910 0.612745 0.534547 0.616947 0.543184 0.619223 0.550187 0.619573 0.562325 0.621849 0.571195 0.622024 0.581933 0.619048 0.595472 0.605742 0.603408 0.592962 0.607143 0.574580 0.605042 0.557073 0.602708 0.550595 0.599206 0.546919 0.582866 0.519258 0.567694 0.501050 0.562792 0.497024 0.554388 0.487045 0.540149 0.474090 0.532913 0.468662 0.529412 0.468137 0.525910 0.471639 0.521242 0.478817 0.512372 0.486169 0.505369 0.489496 0.491130 0.493873 0.479692 0.495273 0.470121 0.495623 0.452148 0.495273 0.446078 0.494048 0.438142 0.493697 0.435107 0.493697 0.432773 0.494573 0.433707 0.499650 0.438842 0.505777
1 0.602241 0.548144 0.605275 0.554797 0.606909 0.561450 0.608310 0.575980 0.609244 0.577206 0.612745 0.577556 0.616013 0.578782 0.633287 0.581583 0.637955 0.581758 0.647292 0.584384 0.651961 0.584734 0.668534 0.583333 0.691643 0.578782 0.702848 0.577731 0.711718 0.575805 0.745331 0.575805 0.747666 0.574755 0.748599 0.573004 0.750467 0.566001 0.750233 0.553571 0.748599 0.549720 0.742063 0.541842 0.739496 0.539916 0.734360 0.531513 0.727358 0.523985 0.723856 0.522409 0.721055 0.518908 0.713585 0.513130 0.702148 0.506303 0.699346 0.505952 0.696779 0.507878 0.690009 0.516106 0.676704 0.527486 0.671802 0.529237 0.664799 0.535014 0.659430 0.538165 0.646592 0.543768 0.635854 0.546569 0.622316 0.547269 0.612278 0.546394 0.605509 0.544118 0.602241 0.542017 0.599673 0.542542 0.598973 0.543417 0.602241 0.548144
1 0.570028 0.502801 0.586134 0.521534 0.588469 0.527311 0.590803 0.528361 0.591737 0.532913 0.592437 0.533088 0.591970 0.525735 0.586134 0.505777 0.585201 0.484069 0.584267 0.480567 0.582866 0.479342 0.580999 0.478992 0.573763 0.481968 0.566527 0.485994 0.560924 0.490896 0.561858 0.494573 0.570028 0.502801
1 0.586134 0.498599 0.588936 0.515406 0.597806 0.539391 0.602474 0.543242 0.615780 0.547444 0.633754 0.546919 0.650560 0.542367 0.664799 0.534664 0.669001 0.530462 0.675770 0.527311 0.685574 0.519433 0.698646 0.505077 0.706583 0.490721 0.714286 0.467612 0.716853 0.452206 0.717554 0.441176 0.716853 0.424195 0.713352 0.411765 0.710317 0.406513 0.706583 0.401261 0.699113 0.394083 0.692810 0.390056 0.678571 0.383929 0.668067 0.381478 0.659897 0.380602 0.648926 0.381828 0.637021 0.385154 0.624416 0.389706 0.605509 0.403887 0.598973 0.410714 0.594071 0.417542 0.586601 0.432248 0.584967 0.438901 0.584734 0.464111 0.586134 0.498599
1 0.730392 0.523109 0.733427 0.529237 0.751634 0.550945 0.765173 0.560749 0.782913 0.568803 0.789916 0.571254 0.803455 0.575105 0.813492 0.576681 0.833333 0.575980 0.848273 0.573880 0.862979 0.573529 0.880252 0.569328 0.887488 0.565126 0.892157 0.560749 0.893791 0.557423 0.894725 0.550420 0.894024 0.543242 0.891223 0.536239 0.887021 0.529062 0.873483 0.514881 0.859010 0.502976 0.838235 0.494223 0.833333 0.493522 0.780112 0.491772 0.747899 0.489321 0.741363 0.491071 0.736228 0.494748 0.731092 0.501926 0.729225 0.509279 0.728525 0.515581 0.730392 0.523109
0 0.612745 0.627626 0.616246 0.631303 0.619514 0.637080 0.626517 0.644783 0.634687 0.651261 0.642624 0.655987 0.645191 0.658789 0.648926 0.661239 0.664566 0.668242 0.668067 0.668417 0.675303 0.671043 0.691877 0.673319 0.719888 0.675595 0.723156 0.674895 0.727124 0.675420 0.748133 0.675070 0.757470 0.673845 0.782913 0.672444 0.804155 0.668067 0.814426 0.662290 0.817460 0.661590 0.825397 0.655462 0.827498 0.651261 0.831466 0.647409 0.830999 0.640756 0.833100 0.633754 0.831466 0.625350 0.829832 0.621674 0.827731 0.620098 0.826331 0.612920 0.819561 0.605392 0.806956 0.596113 0.794585 0.589811 0.768207 0.581583 0.754669 0.578431 0.741363 0.576681 0.716620 0.575980 0.675770 0.582108 0.647059 0.587360 0.637255 0.589811 0.619514 0.596289 0.610644 0.602066 0.608310 0.606968 0.608777 0.616597 0.612745 0.627626
1 0.734360 0.703606 0.737862 0.703782 0.740663 0.702206 0.744631 0.702206 0.747899 0.703431 0.753735 0.702206 0.762138 0.702731 0.783147 0.696954 0.793184 0.692227 0.800187 0.690126 0.817227 0.677696 0.819795 0.676821 0.825397 0.673144 0.848973 0.655112 0.851774 0.649685 0.857143 0.642682 0.865780 0.633578 0.868814 0.629027 0.877684 0.611870 0.880952 0.600140 0.881186 0.595413 0.879552 0.588060 0.877918 0.584909 0.872782 0.579307 0.866246 0.575630 0.856209 0.574230 0.821195 0.577381 0.804388 0.583333 0.794351 0.588410 0.798553 0.591912 0.807656 0.596289 0.820728 0.605917 0.824930 0.610644 0.830999 0.623424 0.832866 0.629902 0.832866 0.637255 0.833800 0.641106 0.832866 0.644258 0.827031 0.654412 0.822129 0.658964 0.808824 0.666141 0.796685 0.671043 0.750000 0.675245 0.747666 0.674895 0.744865 0.675595 0.733660 0.674895 0.722456 0.675770 0.720588 0.676821 0.720355 0.678746 0.734360 0.703606
1 0.714052 0.473389 0.714052 0.477766 0.715453 0.480567 0.719655 0.483018 0.730626 0.485994 0.738796 0.485819 0.744164 0.487220 0.757937 0.488971 0.762372 0.488796 0.785714 0.491422 0.818627 0.492822 0.838235 0.492822 0.852241 0.492297 0.856676 0.490896 0.876751 0.487220 0.908030 0.475840 0.917134 0.471113 0.934641 0.459734 0.938842 0.454482 0.946312 0.448529 0.950514 0.438725 0.948413 0.430322 0.942110 0.419643 0.936741 0.414041 0.932306 0.410889 0.925537 0.408613 0.920168 0.408088 0.904295 0.403186 0.893324 0.404587 0.880252 0.403186 0.855275 0.402661 0.821195 0.405287 0.816293 0.406863 0.789216 0.410889 0.769141 0.415091 0.741597 0.425245 0.735294 0.428221 0.719655 0.438550 0.718487 0.443277 0.717554 0.456057 0.714052 0.473389
1 0.855509 0.496499 0.869748 0.504027 0.878385 0.507353 0.887021 0.512255 0.897526 0.515931 0.916900 0.520833 0.931839 0.522584 0.939309 0.522584 0.944211 0.520658 0.954248 0.514181 0.961485 0.505602 0.964519 0.500700 0.967787 0.486870 0.968021 0.474790 0.967087 0.466562 0.964986 0.458333 0.957516 0.444853 0.952848 0.441352 0.949346 0.443803 0.947712 0.447479 0.941176 0.454307 0.929038 0.464286 0.922269 0.469013 0.914799 0.472339 0.907796 0.476541 0.886788 0.484244 0.872316 0.487570 0.866246 0.489671 0.856443 0.491246 0.853641 0.493697 0.853175 0.494748 0.855509 0.496499
1 0.807423 0.405462 0.808123 0.406688 0.810224 0.407388 0.820728 0.404937 0.828665 0.404412 0.831933 0.403536 0.856494 0.402136 0.873249 0.402311 0.901494 0.404412 0.904295 0.405112 0.907330 0.404412 0.904762 0.400910 0.900794 0.398459 0.890523 0.394433 0.883754 0.393207 0.854575 0.391457 0.831933 0.387780 0.827731 0.388831 0.819328 0.392857 0.814893 0.395833 0.808590 0.402836 0.807190 0.404412 0.807423 0.405462
1 0.650327 0.380077 0.650794 0.380427 0.664099 0.380427 0.674837 0.381828 0.686741 0.386204 0.692577 0.389181 0.704015 0.397059 0.710551 0.404587 0.715219 0.413515 0.718021 0.424195 0.718487 0.431723 0.720355 0.436625 0.722222 0.434699 0.735994 0.426821 0.743931 0.423494 0.749767 0.421919 0.761438 0.416842 0.773810 0.413165 0.789916 0.410364 0.794118 0.408964 0.802754 0.408088 0.804388 0.406513 0.804622 0.404237 0.791083 0.384629 0.784781 0.377276 0.777778 0.366422 0.768908 0.360119 0.765640 0.359769 0.762138 0.360644 0.758870 0.363971 0.749066 0.368522 0.744631 0.371499 0.737628 0.372199 0.733894 0.373950 0.723389 0.374125 0.720121 0.374825 0.709851 0.373074 0.702848 0.370798 0.700280 0.368873 0.694211 0.366597 0.684407 0.359419 0.682073 0.355392 0.678571 0.352066 0.675303 0.350490 0.671802 0.354342 0.668768 0.360294 0.665266 0.364846 0.653128 0.376576 0.651494 0.379552 0.650327 0.380077
1 0.426004 0.352241 0.430906 0.369573 0.435574 0.373249 0.456816 0.383929 0.485761 0.404412 0.495331 0.409839 0.503035 0.410364 0.516106 0.408263 0.530579 0.401261 0.539916 0.394958 0.550342 0.382061 0.562558 0.370098 0.567694 0.362045 0.571195 0.349265 0.571895 0.335784 0.569561 0.324755 0.567927 0.321078 0.560458 0.311099 0.559057 0.307423 0.552288 0.295693 0.548319 0.290791 0.541317 0.277486 0.538982 0.275385 0.532680 0.265406 0.525910 0.258578 0.518908 0.254552 0.511671 0.251576 0.504902 0.249825 0.494865 0.248950 0.480392 0.249125 0.473623 0.251401 0.444678 0.271359 0.437908 0.278887 0.430439 0.293067 0.428338 0.300070 0.427404 0.310924 0.425070 0.317052 0.424603 0.338235 0.426004 0.352241
1 0.528245 0.410014 0.536415 0.415441 0.540383 0.417192 0.558123 0.419468 0.574697 0.417892 0.598973 0.406863 0.623950 0.389006 0.644024 0.381653 0.658730 0.370448 0.667600 0.360294 0.672969 0.349615 0.673203 0.344188 0.670635 0.330707 0.669935 0.313901 0.669001 0.310574 0.665033 0.304272 0.656162 0.296394 0.651027 0.292892 0.622549 0.290441 0.603175 0.283964 0.599673 0.283964 0.595005 0.285014 0.583800 0.289216 0.567227 0.299370 0.563025 0.303046 0.559757 0.307248 0.561158 0.310749 0.567227 0.318627 0.569795 0.323880 0.572829 0.337535 0.571662 0.350840 0.569795 0.359419 0.563492 0.370098 0.556256 0.376751 0.554155 0.380252 0.550187 0.382703 0.548086 0.387080 0.540850 0.394958 0.534314 0.400385 0.529178 0.402486 0.526611 0.404412 0.526377 0.407913 0.528245 0.410014
1 0.501401 0.418417 0.516573 0.431022 0.527544 0.442052 0.531279 0.448880 0.533380 0.456057 0.531979 0.463410 0.532446 0.466737 0.556956 0.487920 0.560458 0.487395 0.571895 0.481092 0.581699 0.477766 0.583567 0.474440 0.584267 0.438200 0.586835 0.427871 0.591970 0.418242 0.592670 0.415091 0.591970 0.413165 0.588235 0.413165 0.570728 0.418592 0.564659 0.419643 0.550187 0.419118 0.539683 0.416842 0.528711 0.411590 0.525677 0.408613 0.523109 0.408263 0.499300 0.414391 0.498833 0.414916 0.501401 0.418417
1 0.675303 0.345763 0.676937 0.349265 0.689309 0.363445 0.706816 0.371499 0.713352 0.373599 0.720121 0.374475 0.727824 0.374300 0.741130 0.372199 0.750934 0.368522 0.766573 0.358018 0.773576 0.350140 0.782913 0.341387 0.786881 0.335784 0.789916 0.332983 0.804388 0.310399 0.810691 0.293768 0.814426 0.276436 0.814893 0.264881 0.813959 0.254727 0.811625 0.244398 0.808357 0.239146 0.804388 0.237395 0.788982 0.236870 0.773343 0.234769 0.755369 0.230567 0.750467 0.230742 0.741830 0.236870 0.725023 0.250875 0.696545 0.278361 0.683473 0.293417 0.673436 0.314251 0.673203 0.335434 0.675303 0.345763
1 0.399160 0.167192 0.402428 0.179447 0.404295 0.182248 0.410364 0.181723 0.422502 0.178571 0.432306 0.175070 0.446078 0.172094 0.466853 0.169468 0.484127 0.169818 0.506769 0.174545 0.513305 0.178046 0.515640 0.182073 0.516106 0.188200 0.513772 0.203606 0.524276 0.207283 0.539683 0.215161 0.541550 0.215161 0.546919 0.213936 0.569328 0.199580 0.583567 0.180147 0.587302 0.168943 0.587535 0.160539 0.587068 0.154412 0.583567 0.147409 0.581466 0.145833 0.571195 0.141982 0.568161 0.140056 0.561158 0.137780 0.553455 0.133929 0.546919 0.132003 0.532913 0.130602 0.522176 0.131127 0.515173 0.130252 0.510037 0.131653 0.504902 0.134454 0.484360 0.142682 0.457049 0.150910 0.445238 0.151786 0.410364 0.150910 0.406396 0.151786 0.403361 0.153711 0.398226 0.161940 0.397526 0.164916 0.399160 0.167192
1 0.500000 0.225490 0.476891 0.248249 0.480626 0.249300 0.498366 0.249125 0.508170 0.250700 0.518674 0.254027 0.524977 0.258228 0.531746 0.264181 0.544585 0.281338 0.550187 0.292192 0.552754 0.293768 0.553688 0.295518 0.559524 0.286415 0.564659 0.272584 0.563492 0.255602 0.561158 0.244398 0.554855 0.231618 0.544585 0.219363 0.533380 0.211835 0.526377 0.208333 0.515873 0.205182 0.512138 0.206232 0.505369 0.218312 0.500000 0.225490
1 0.212652 0.164566 0.216153 0.171919 0.219655 0.175245 0.221522 0.178922 0.226190 0.182073 0.227591 0.185749 0.236461 0.193978 0.245331 0.199580 0.250000 0.201681 0.258870 0.207808 0.281979 0.215686 0.309757 0.220938 0.314192 0.222864 0.317694 0.223039 0.335668 0.208859 0.342904 0.204482 0.362512 0.195728 0.387255 0.189076 0.390756 0.187500 0.397059 0.186450 0.399393 0.185399 0.400794 0.182948 0.399627 0.175070 0.394024 0.161590 0.388189 0.153361 0.383287 0.149160 0.380719 0.145833 0.365313 0.133578 0.352241 0.124825 0.348273 0.123074 0.339636 0.117297 0.324230 0.110994 0.312092 0.109419 0.269141 0.107318 0.262838 0.107493 0.255369 0.109769 0.251867 0.108718 0.248833 0.109594 0.244398 0.109069 0.236928 0.110819 0.230626 0.113270 0.220121 0.119048 0.214753 0.124300 0.210551 0.133053 0.209150 0.141106 0.212652 0.164566
0 0.337302 0.105742 0.343838 0.116246 0.357843 0.126926 0.376050 0.138480 0.394258 0.144783 0.402428 0.146884 0.407563 0.149510 0.418067 0.150735 0.447946 0.151085 0.456349 0.150210 0.470588 0.146359 0.477358 0.143382 0.492297 0.139006 0.514006 0.128151 0.522876 0.121148 0.526377 0.119573 0.533613 0.113095 0.537815 0.105567 0.540383 0.102591 0.542484 0.095938 0.541317 0.091211 0.534080 0.084034 0.525910 0.077731 0.512138 0.071254 0.499767 0.067402 0.456349 0.049720 0.436275 0.044818 0.422035 0.042892 0.401027 0.043768 0.378852 0.047969 0.357143 0.057073 0.347806 0.064251 0.339869 0.073880 0.336134 0.081408 0.334267 0.091912 0.334034 0.095763 0.337302 0.105742
1 0.129085 0.183123 0.130719 0.192227 0.134220 0.195903 0.144725 0.200980 0.153361 0.202031 0.158497 0.201681 0.177871 0.198704 0.208917 0.195203 0.216620 0.193452 0.221755 0.191352 0.225257 0.188725 0.225957 0.184874 0.225257 0.182248 0.219888 0.177171 0.212652 0.165266 0.209384 0.147409 0.209150 0.136905 0.210084 0.133228 0.212418 0.127626 0.216853 0.120973 0.226891 0.115021 0.237628 0.110294 0.247199 0.108018 0.255369 0.108368 0.257003 0.107318 0.259570 0.103291 0.258403 0.099440 0.258870 0.095413 0.254669 0.093487 0.247432 0.091562 0.231793 0.091912 0.221989 0.095588 0.212885 0.096639 0.171802 0.112745 0.158964 0.120098 0.157563 0.122374 0.154528 0.124475 0.146125 0.133053 0.143557 0.136905 0.140056 0.139706 0.137488 0.143732 0.134687 0.145833 0.129785 0.154587 0.126284 0.165266 0.126050 0.178571 0.129085 0.183123
1 0.123249 0.252626 0.126050 0.255077 0.139356 0.262605 0.154062 0.269258 0.164799 0.272409 0.168534 0.272059 0.171802 0.270133 0.182540 0.251926 0.188609 0.246499 0.196545 0.241772 0.204482 0.239146 0.209851 0.238796 0.212652 0.237570 0.223156 0.235294 0.231326 0.234594 0.237628 0.236169 0.241130 0.235119 0.251401 0.228641 0.254669 0.227416 0.257937 0.224090 0.256303 0.209909 0.254669 0.206758 0.248366 0.202031 0.237628 0.197129 0.230392 0.196779 0.227591 0.195728 0.220822 0.194853 0.182540 0.198880 0.155462 0.203256 0.147526 0.204307 0.144024 0.204132 0.121849 0.209034 0.120215 0.210084 0.117880 0.215336 0.121148 0.244748 0.123249 0.252626
1 0.126517 0.281863 0.128151 0.294993 0.127684 0.318803 0.131653 0.334034 0.131186 0.352591 0.133754 0.354692 0.144958 0.349090 0.151027 0.342262 0.155696 0.335084 0.157796 0.329482 0.158030 0.312500 0.154762 0.296744 0.151494 0.286239 0.142157 0.274860 0.133520 0.267507 0.130486 0.265581 0.126751 0.264706 0.124650 0.266982 0.123950 0.272409 0.126517 0.281863
1 0.095472 0.163165 0.112745 0.191001 0.116480 0.193978 0.126751 0.194503 0.130019 0.193803 0.131186 0.192402 0.131186 0.189076 0.128618 0.184874 0.125584 0.175945 0.125817 0.166317 0.128618 0.157213 0.132820 0.148810 0.139122 0.140056 0.144024 0.137080 0.153828 0.125700 0.158030 0.123249 0.158497 0.119748 0.153828 0.119573 0.144024 0.121849 0.136555 0.124125 0.133053 0.126050 0.123249 0.128676 0.120448 0.130952 0.115780 0.132528 0.105275 0.139531 0.094304 0.147584 0.093371 0.149335 0.093838 0.157913 0.095472 0.163165
1 0.116246 0.132003 0.119281 0.131478 0.149160 0.120273 0.158030 0.119223 0.164566 0.116947 0.174136 0.110819 0.194911 0.102416 0.197946 0.098739 0.191643 0.092262 0.186741 0.081408 0.185808 0.074930 0.186741 0.064426 0.186041 0.058648 0.177871 0.058298 0.166200 0.060049 0.141457 0.069853 0.136088 0.073354 0.126984 0.081057 0.121382 0.088936 0.114846 0.100665 0.111345 0.112220 0.111578 0.123249 0.116246 0.132003
1 0.305556 0.000000 0.305556 0.001576 0.300187 0.004377 0.292951 0.010504 0.286181 0.020833 0.278478 0.037640 0.275910 0.051996 0.274977 0.063025 0.275677 0.078081 0.278478 0.091211 0.280579 0.096464 0.285948 0.104867 0.287115 0.105742 0.292951 0.106968 0.312792 0.107843 0.327965 0.109944 0.329365 0.109244 0.329832 0.107843 0.333100 0.105917 0.331466 0.103291 0.331466 0.101891 0.333100 0.101015 0.334034 0.099090 0.332400 0.092262 0.332633 0.089811 0.333567 0.085084 0.339402 0.072829 0.343604 0.067402 0.355042 0.058298 0.364846 0.052521 0.373716 0.049545 0.375117 0.048494 0.376284 0.046744 0.375817 0.039566 0.374183 0.032563 0.363679 0.014006 0.352474 0.004377 0.346405 0.001576 0.346405 0.000000 0.305556 0.000000
1 0.189076 0.086310 0.192577 0.091912 0.196078 0.095763 0.199580 0.097864 0.203548 0.098739 0.211718 0.096113 0.221755 0.094363 0.227824 0.092437 0.240430 0.090861 0.244865 0.091036 0.256536 0.093312 0.260738 0.095938 0.269841 0.098739 0.272409 0.102766 0.273576 0.102241 0.274977 0.099615 0.279412 0.096814 0.279412 0.095063 0.277311 0.092787 0.274043 0.072654 0.273810 0.058999 0.276844 0.044818 0.276844 0.039741 0.275910 0.037115 0.262372 0.035539 0.242063 0.035364 0.231793 0.035889 0.216853 0.038515 0.209150 0.042017 0.205415 0.046569 0.198880 0.050245 0.189076 0.057423 0.187208 0.061450 0.186508 0.075105 0.189076 0.086310
1 0.209617 0.000000 0.208450 0.004727 0.202848 0.012430 0.200980 0.018032 0.196545 0.026261 0.194211 0.035014 0.195145 0.046744 0.196312 0.048669 0.199580 0.049195 0.203548 0.046744 0.207516 0.042192 0.214519 0.038515 0.228291 0.035539 0.231092 0.034139 0.231793 0.032913 0.225490 0.027311 0.219421 0.019958 0.217787 0.013480 0.214986 0.009979 0.214753 0.008403 0.219188 0.001751 0.219188 0.000000 0.209617 0.000000
1 0.218954 0.000000 0.218721 0.002801 0.217087 0.005602 0.216387 0.012080 0.219421 0.021884 0.226891 0.029587 0.234127 0.034664 0.275910 0.035014 0.278478 0.033088 0.279645 0.029412 0.278245 0.028011 0.268908 0.026261 0.265309 0.025214 0.262372 0.022584 0.259337 0.020833 0.256303 0.015056 0.253735 0.012080 0.252101 0.000000 0.218954 0.000000
1 0.253501 0.000000 0.253735 0.010504 0.255268 0.015554 0.257603 0.020867 0.264472 0.023634 0.276144 0.025560 0.279550 0.025375 0.283147 0.025385 0.293184 0.009104 0.300654 0.003151 0.304155 0.001576 0.304155 0.000000 0.253501 0.000000
1 0.347572 0.000000 0.347572 0.001576 0.352007 0.003501 0.362979 0.012255 0.366480 0.014181 0.371849 0.013305 0.383520 0.013305 0.403595 0.005252 0.410831 0.001751 0.411064 0.000000 0.347572 0.000000
1 0.419001 0.000000 0.418768 0.001751 0.411064 0.003326 0.400093 0.007353 0.387955 0.014181 0.379552 0.021359 0.374650 0.028186 0.374416 0.032213 0.377451 0.045343 0.377918 0.046569 0.380019 0.047444 0.386088 0.045693 0.400794 0.043242 0.426937 0.041667 0.430439 0.040616 0.435808 0.037640 0.446779 0.034314 0.453081 0.033438 0.457983 0.031162 0.459384 0.029587 0.450747 0.023634 0.444678 0.017332 0.440710 0.012080 0.435574 0.001576 0.435574 0.000000 0.419001 0.000000
1 0.444911 0.046218 0.471289 0.055322 0.477124 0.057948 0.481326 0.058123 0.482960 0.057248 0.477358 0.041317 0.477824 0.032213 0.477124 0.030462 0.469888 0.029937 0.459617 0.031162 0.456349 0.032388 0.441176 0.035189 0.430672 0.039916 0.429739 0.043417 0.444911 0.046218
1 0.483193 0.054797 0.487162 0.060399 0.519141 0.073354 0.526611 0.077381 0.534080 0.083158 0.542250 0.091737 0.543417 0.094888 0.542484 0.098915 0.535948 0.108894 0.534547 0.112920 0.538515 0.120273 0.552988 0.132353 0.570962 0.140581 0.588002 0.146359 0.610644 0.150210 0.625350 0.150035 0.643557 0.144783 0.645425 0.144083 0.647526 0.141982 0.651261 0.140581 0.657308 0.137911 0.659720 0.135189 0.660131 0.126926 0.661064 0.119223 0.663165 0.112220 0.665033 0.109594 0.671802 0.105567 0.673669 0.102416 0.674136 0.098389 0.672035 0.088410 0.668301 0.081232 0.661298 0.074405 0.658263 0.069328 0.647993 0.057248 0.636788 0.046569 0.622082 0.035014 0.615546 0.030987 0.595705 0.021008 0.581232 0.015756 0.553688 0.010504 0.530345 0.009629 0.508637 0.012780 0.501867 0.014881 0.495098 0.018032 0.486228 0.022584 0.482960 0.026961 0.479925 0.029412 0.478058 0.034839 0.478291 0.043768 0.483193 0.054797
0 0.661064 0.143207 0.662232 0.150910 0.665266 0.161590 0.672035 0.171919 0.678105 0.177521 0.680906 0.182248 0.688842 0.186625 0.695845 0.193978 0.710551 0.205007 0.720355 0.211660 0.727358 0.215511 0.730859 0.216387 0.742530 0.224265 0.748366 0.226190 0.751634 0.228291 0.765640 0.232143 0.786648 0.236169 0.806256 0.237220 0.818394 0.236870 0.852241 0.229517 0.866246 0.223039 0.874416 0.216737 0.877218 0.213410 0.880952 0.206933 0.881186 0.199055 0.879085 0.189076 0.872782 0.175245 0.859244 0.154237 0.854342 0.149335 0.852474 0.145833 0.835201 0.125700 0.821662 0.111520 0.803922 0.098389 0.796919 0.094538 0.782680 0.089111 0.769141 0.085434 0.754435 0.083333 0.733894 0.083683 0.727124 0.084909 0.714519 0.088060 0.706583 0.089286 0.698880 0.091912 0.692344 0.095063 0.673436 0.108718 0.664799 0.120273 0.660831 0.137080 0.661064 0.143207
1 0.755135 0.082808 0.761905 0.083508 0.778478 0.087010 0.798086 0.094188 0.807656 0.100315 0.821895 0.110994 0.826331 0.115196 0.843838 0.134629 0.847339 0.139181 0.848973 0.143032 0.852708 0.144958 0.860411 0.132353 0.861345 0.126401 0.869048 0.108894 0.873483 0.090861 0.873483 0.079132 0.871382 0.071078 0.868347 0.066877 0.866246 0.061975 0.859944 0.056197 0.852474 0.051821 0.848273 0.050595 0.846405 0.048319 0.840803 0.046919 0.838235 0.045343 0.831699 0.043943 0.824230 0.044293 0.810458 0.046218 0.797152 0.050070 0.781513 0.056197 0.770075 0.063550 0.761905 0.069853 0.760271 0.072304 0.754902 0.077031 0.752334 0.081758 0.755135 0.082808
1 0.823763 0.265756 0.825163 0.268382 0.824697 0.272409 0.827965 0.279237 0.842904 0.297619 0.855275 0.304797 0.869514 0.309349 0.879318 0.310749 0.887021 0.310399 0.894024 0.307598 0.914099 0.295518 0.950747 0.266106 0.964286 0.253151 0.973856 0.241246 0.978992 0.230742 0.982493 0.220938 0.984360 0.206583 0.984360 0.195728 0.982493 0.182248 0.977591 0.170868 0.972222 0.161239 0.963819 0.151961 0.957049 0.147584 0.942577 0.140581 0.935808 0.139006 0.914566 0.140231 0.907563 0.143207 0.897759 0.145483 0.889122 0.148810 0.883754 0.151961 0.872082 0.161415 0.869981 0.167542 0.870682 0.171394 0.877451 0.182773 0.880719 0.192402 0.881886 0.203957 0.881419 0.207458 0.879085 0.212535 0.873016 0.218838 0.859244 0.227591 0.844771 0.232318 0.826097 0.237045 0.825163 0.237745 0.825397 0.241422 0.823529 0.250000 0.823063 0.258578 0.823763 0.265756
1 0.855742 0.149160 0.866013 0.162815 0.869748 0.165966 0.872082 0.161590 0.882820 0.152136 0.897993 0.144783 0.903361 0.142857 0.908030 0.142157 0.910364 0.140581 0.910598 0.137080 0.896825 0.130952 0.885621 0.129727 0.876284 0.129727 0.862745 0.132703 0.859244 0.136029 0.854809 0.144083 0.854575 0.147409 0.855742 0.149160
1 0.866947 0.062675 0.871615 0.070378 0.873016 0.074580 0.874183 0.085434 0.873483 0.094538 0.871849 0.101541 0.867180 0.116947 0.863679 0.122899 0.862512 0.130777 0.865546 0.130252 0.870215 0.130777 0.872782 0.130077 0.886321 0.129377 0.890990 0.130252 0.894491 0.129377 0.911298 0.137780 0.914099 0.136905 0.918534 0.137605 0.929038 0.132003 0.935574 0.126050 0.944678 0.114671 0.947479 0.105392 0.947479 0.099265 0.938609 0.080007 0.933707 0.060399 0.931139 0.056548 0.926471 0.053746 0.922736 0.048845 0.915266 0.042892 0.901027 0.036064 0.894258 0.033964 0.883287 0.032738 0.876050 0.033263 0.867880 0.036239 0.869748 0.047094 0.866947 0.062675
1 0.950980 0.000000 0.950980 0.001751 0.943277 0.010679 0.940710 0.015581 0.936741 0.026261 0.934874 0.036239 0.934174 0.050595 0.936275 0.067577 0.940243 0.081408 0.947946 0.096113 0.952148 0.101891 0.966620 0.117122 0.983894 0.127626 0.991363 0.130427 0.999767 0.132528 0.999767 0.000000 0.950980 0.000000
1 0.615313 0.000000 0.612045 0.008228 0.611345 0.016807 0.612745 0.024510 0.616947 0.025210 0.621382 0.032563 0.624416 0.035714 0.642157 0.050245 0.650794 0.058999 0.654995 0.060574 0.660831 0.061275 0.696078 0.061800 0.703081 0.060049 0.710784 0.060749 0.725724 0.058999 0.734594 0.059174 0.748599 0.056022 0.758403 0.055147 0.763305 0.053046 0.776144 0.050420 0.794351 0.043768 0.800187 0.042367 0.817460 0.034314 0.827498 0.028536 0.833100 0.024160 0.837302 0.020133 0.845938 0.008578 0.847339 0.000000 0.615313 0.000000
1 0.615313 0.168768 0.620682 0.175770 0.625817 0.180497 0.634220 0.182948 0.649549 0.184174 0.654528 0.186450 0.664799 0.188025 0.675303 0.186099 0.679272 0.183648 0.679272 0.181373 0.670401 0.172094 0.665033 0.164741 0.660831 0.154062 0.658730 0.150910 0.658030 0.143732 0.659197 0.136730 0.658030 0.134804 0.653361 0.141807 0.646592 0.145658 0.639356 0.148284 0.627918 0.151085 0.615780 0.151786 0.612745 0.152311 0.611345 0.153536 0.611578 0.159139 0.615313 0.168768
1 0.657096 0.066702 0.661531 0.073179 0.669701 0.082458 0.672969 0.088585 0.674603 0.095063 0.674370 0.104167 0.675303 0.106092 0.686975 0.097339 0.694678 0.093137 0.711718 0.087185 0.721522 0.085084 0.722456 0.084034 0.722923 0.080532 0.718254 0.072829 0.714753 0.068803 0.706583 0.064076 0.700047 0.062675 0.668301 0.062150 0.658730 0.062150 0.654528 0.063375 0.654295 0.064251 0.657096 0.066702
1 0.543884 0.000000 0.543884 0.001576 0.553455 0.008754 0.560691 0.010329 0.565126 0.012080 0.581232 0.015056 0.588469 0.015581 0.596405 0.013130 0.608777 0.007003 0.613212 0.001751 0.613212 0.000000 0.543884 0.000000
1 0.869748 0.000000 0.867180 0.003852 0.861578 0.009104 0.860177 0.012430 0.861811 0.015406 0.866013 0.018032 0.874416 0.025560 0.876517 0.031513 0.878618 0.032388 0.889823 0.032913 0.901027 0.035714 0.904528 0.035889 0.923669 0.023810 0.928805 0.019083 0.927171 0.008578 0.923903 0.002101 0.923669 0.000000 0.869748 0.000000
1 0.832866 0.025910 0.833567 0.026436 0.841737 0.027136 0.845238 0.028361 0.849440 0.028711 0.852007 0.030112 0.858310 0.031863 0.866013 0.035889 0.875350 0.032038 0.876517 0.029412 0.874183 0.025910 0.869748 0.021534 0.859244 0.013480 0.855509 0.012955 0.848973 0.009979 0.845238 0.011204 0.834500 0.024860 0.832866 0.025910
1 0.740663 0.082108 0.749767 0.081583 0.754435 0.076155 0.762372 0.069328 0.782680 0.054972 0.788282 0.053746 0.791550 0.051996 0.799486 0.050245 0.810691 0.046394 0.817227 0.044993 0.824463 0.044293 0.834734 0.044993 0.846609 0.048715 0.851440 0.040340 0.857332 0.041182 0.855042 0.053746 0.858077 0.054797 0.862745 0.058298 0.866246 0.058648 0.869281 0.047269 0.866947 0.036415 0.859477 0.032388 0.855275 0.032038 0.848506 0.030287 0.845472 0.027661 0.835201 0.025910 0.831933 0.026611 0.826097 0.030637 0.821429 0.032738 0.814426 0.037815 0.807656 0.039741 0.804855 0.041317 0.773810 0.052346 0.766106 0.053746 0.761905 0.055322 0.750233 0.064251 0.748599 0.066352 0.744631 0.068803 0.741130 0.072129 0.737395 0.077906 0.736695 0.081583 0.740663 0.082108
1 0.712418 0.068452 0.718021 0.073529 0.723623 0.083158 0.730626 0.082808 0.734827 0.081057 0.739729 0.070903 0.735294 0.062500 0.732960 0.060399 0.727124 0.059524 0.709384 0.060924 0.706349 0.061450 0.704482 0.063200 0.704248 0.064251 0.712418 0.068452
1 0.737628 0.069153 0.741130 0.071954 0.757470 0.056898 0.755602 0.055847 0.748133 0.056022 0.740896 0.057248 0.735294 0.059349 0.733660 0.060749 0.737628 0.069153
1 0.791317 0.332283 0.779178 0.345588 0.771475 0.355742 0.772176 0.358894 0.774743 0.362570 0.781046 0.366246 0.805089 0.377626 0.817460 0.382003 0.822129 0.382703 0.828431 0.385679 0.841737 0.389181 0.855275 0.391282 0.881419 0.393207 0.901027 0.394083 0.915966 0.393908 0.920401 0.392682 0.928805 0.391982 0.935341 0.390581 0.949346 0.385854 0.952381 0.383578 0.956583 0.382178 0.963819 0.377976 0.970355 0.370098 0.971755 0.366772 0.971755 0.363095 0.970355 0.360644 0.957049 0.347864 0.952848 0.346289 0.934407 0.335259 0.923669 0.330882 0.914799 0.325630 0.887021 0.312850 0.869048 0.310049 0.855976 0.306373 0.840570 0.299895 0.827965 0.297444 0.816293 0.297269 0.810691 0.298669 0.797152 0.323880 0.791317 0.332283
1 0.951681 0.266106 0.942344 0.272759 0.915266 0.295693 0.890056 0.310749 0.892390 0.314251 0.932073 0.333158 0.939776 0.336134 0.950280 0.335784 0.964986 0.333683 0.983894 0.328256 0.987862 0.329307 0.995331 0.324580 0.998133 0.321254 0.999767 0.321254 0.999767 0.253501 0.994865 0.252626 0.987628 0.249650 0.981559 0.246324 0.977358 0.242647 0.973856 0.242822 0.962885 0.255952 0.951681 0.266106
1 0.814426 0.296043 0.824463 0.296569 0.838002 0.298669 0.840803 0.298319 0.841970 0.297269 0.827031 0.279587 0.824463 0.274160 0.817694 0.274510 0.813025 0.289741 0.812558 0.294118 0.814426 0.296043
1 0.987628 0.249125 0.994398 0.252101 0.999767 0.252976 0.999767 0.167192 0.998133 0.167192 0.989029 0.175245 0.984127 0.181898 0.984127 0.187850 0.985294 0.192752 0.985061 0.210959 0.982260 0.226015 0.977124 0.237395 0.976891 0.241246 0.987628 0.249125
1 0.959150 0.388655 0.967087 0.392157 0.977824 0.394958 0.999767 0.395658 0.999767 0.323179 0.998133 0.323179 0.993464 0.327556 0.975724 0.348214 0.971289 0.355742 0.971289 0.359244 0.973389 0.362395 0.972456 0.369923 0.969188 0.374650 0.958217 0.383578 0.957983 0.387255 0.959150 0.388655
1 0.437442 0.000000 0.437442 0.001576 0.441643 0.011905 0.446779 0.018908 0.459617 0.028361 0.463119 0.029412 0.467087 0.029587 0.476424 0.028361 0.480626 0.027136 0.487395 0.021008 0.502101 0.014181 0.514472 0.010854 0.530579 0.008578 0.533147 0.005427 0.534314 0.000000 0.437442 0.000000
1 0.554855 0.232143 0.561391 0.245448 0.563725 0.257353 0.564192 0.277836 0.567927 0.276961 0.581933 0.271359 0.585201 0.269083 0.584967 0.261905 0.579832 0.250175 0.578665 0.231618 0.580065 0.221289 0.584267 0.212010 0.589869 0.203081 0.588235 0.201331 0.586134 0.200805 0.577031 0.199930 0.570962 0.199930 0.567460 0.201506 0.542250 0.216912 0.554855 0.232143
0 0.580999 0.251576 0.585201 0.262605 0.589636 0.269258 0.602241 0.281513 0.613679 0.286590 0.626050 0.290266 0.634687 0.291141 0.648926 0.290966 0.663399 0.288165 0.673436 0.285014 0.685574 0.278711 0.692577 0.272759 0.700747 0.260504 0.703081 0.254902 0.704482 0.249475 0.704015 0.240546 0.700980 0.230567 0.697246 0.223214 0.688142 0.211835 0.683007 0.202906 0.678805 0.197654 0.669701 0.191877 0.657796 0.187500 0.640523 0.184699 0.629085 0.183648 0.619748 0.185399 0.605976 0.190651 0.593371 0.200105 0.586134 0.209734 0.582166 0.217437 0.580065 0.223915 0.579132 0.231268 0.578898 0.240196 0.580999 0.251576