0 0.500934 0.276611 0.508170 0.293943 0.515406 0.302871 0.518908 0.304797 0.521475 0.307598 0.541783 0.319678 0.553688 0.324930 0.577965 0.332283 0.598739 0.335434 0.605742 0.335084 0.609244 0.336310 0.626050 0.337535 0.637722 0.337535 0.651961 0.336485 0.672736 0.333508 0.678338 0.332458 0.687208 0.329482 0.699580 0.327381 0.705415 0.325630 0.709851 0.323354 0.713352 0.323179 0.717554 0.321604 0.720355 0.322304 0.725724 0.320903 0.748366 0.318277 0.757470 0.315126 0.762138 0.314776 0.764706 0.313375 0.768908 0.313025 0.781746 0.309874 0.786181 0.309524 0.804388 0.305672 0.811625 0.303396 0.817460 0.302521 0.820261 0.300420 0.823529 0.299545 0.839169 0.296919 0.844071 0.294818 0.848973 0.293943 0.859244 0.290441 0.864146 0.287815 0.878385 0.282913 0.907796 0.267157 0.914566 0.261730 0.916900 0.258929 0.929272 0.249825 0.933707 0.244923 0.938142 0.237920 0.940943 0.228817 0.944911 0.223739 0.948880 0.210959 0.951447 0.193102 0.951214 0.181898 0.950047 0.175595 0.940943 0.154937 0.929505 0.140406 0.911531 0.125350 0.901261 0.119048 0.891223 0.114671 0.887021 0.111870 0.875350 0.108018 0.872782 0.106443 0.844538 0.098214 0.838702 0.096814 0.804155 0.091912 0.775677 0.091211 0.761905 0.092087 0.744164 0.094713 0.710084 0.103992 0.699813 0.108718 0.685574 0.113620 0.665500 0.123424 0.652894 0.127976 0.626050 0.141807 0.608777 0.148810 0.581466 0.162640 0.561625 0.176296 0.552988 0.183648 0.545985 0.188200 0.518908 0.216387 0.513305 0.222689 0.511204 0.226891 0.508637 0.228817 0.505836 0.234944 0.503268 0.238095 0.500467 0.249475 0.499767 0.259279 0.500934 0.276611
0 0.290850 0.578081 0.295051 0.586485 0.302288 0.597689 0.314192 0.612045 0.330299 0.625875 0.355976 0.642682 0.372082 0.650910 0.380019 0.653887 0.383053 0.656513 0.387021 0.657563 0.390756 0.660014 0.394258 0.660364 0.407796 0.666492 0.417367 0.669468 0.427638 0.671569 0.433240 0.673845 0.449346 0.677521 0.477358 0.681197 0.522876 0.681723 0.541550 0.679972 0.564192 0.679272 0.577731 0.677521 0.588469 0.677171 0.591503 0.676296 0.615780 0.673845 0.630486 0.671744 0.658263 0.665791 0.668768 0.664741 0.679038 0.662290 0.682306 0.660889 0.693277 0.658964 0.702848 0.654237 0.709851 0.653887 0.722222 0.650210 0.734127 0.645483 0.749066 0.638305 0.770075 0.624300 0.779645 0.615021 0.781279 0.612745 0.784547 0.602066 0.789683 0.592087 0.790383 0.587535 0.792951 0.581758 0.794818 0.571604 0.793884 0.568978 0.793651 0.550070 0.787815 0.533088 0.781513 0.524335 0.775677 0.518908 0.773576 0.515406 0.761905 0.501751 0.744865 0.487395 0.720355 0.472864 0.710084 0.468838 0.706349 0.466562 0.665733 0.453081 0.642390 0.447479 0.623483 0.443803 0.595238 0.441176 0.567227 0.441352 0.557190 0.442577 0.549953 0.442577 0.529412 0.445553 0.512605 0.447129 0.503968 0.449055 0.467087 0.453782 0.422269 0.463410 0.392390 0.471113 0.342204 0.490896 0.316993 0.504027 0.309757 0.509804 0.300654 0.515406 0.293884 0.522409 0.289449 0.529237 0.286881 0.535714 0.285948 0.542892 0.286648 0.563901 0.290850 0.578081
0 0.000000 0.164391 0.001867 0.165441 0.003268 0.179097 0.012138 0.192752 0.019608 0.198004 0.038982 0.205532 0.043184 0.208158 0.057656 0.212885 0.078198 0.216737 0.084734 0.219363 0.098739 0.223039 0.120448 0.227066 0.135854 0.228291 0.157563 0.231793 0.182306 0.239321 0.203081 0.243873 0.210084 0.244398 0.224556 0.247374 0.247432 0.248424 0.253501 0.247724 0.278245 0.248074 0.290616 0.247199 0.303688 0.245098 0.327498 0.239496 0.334034 0.236870 0.338469 0.236345 0.347106 0.233193 0.359477 0.229867 0.371382 0.225315 0.380019 0.223389 0.396359 0.214461 0.407796 0.209559 0.422035 0.199580 0.423669 0.197304 0.430205 0.192577 0.431839 0.189251 0.435107 0.188375 0.438842 0.185574 0.443511 0.183648 0.454248 0.175770 0.461485 0.172094 0.466153 0.168242 0.472689 0.164741 0.477591 0.158088 0.485294 0.142507 0.487395 0.130602 0.488796 0.127276 0.489262 0.120098 0.492297 0.116422 0.491597 0.114671 0.489729 0.113445 0.488329 0.109944 0.490663 0.105917 0.489496 0.098915 0.486228 0.094888 0.484827 0.088410 0.482026 0.082108 0.471755 0.062675 0.466153 0.056197 0.457049 0.049195 0.435574 0.036765 0.410831 0.028011 0.355042 0.017332 0.347806 0.016982 0.345005 0.015756 0.338235 0.014881 0.296919 0.010679 0.292951 0.011029 0.290149 0.010154 0.274043 0.009804 0.262372 0.007703 0.255602 0.007528 0.245098 0.008754 0.240430 0.008403 0.215920 0.009804 0.199813 0.012080 0.189076 0.011905 0.171802 0.014006 0.167834 0.015406 0.164799 0.015056 0.160831 0.017157 0.154295 0.016982 0.147759 0.018207 0.143557 0.021008 0.137021 0.021183 0.126751 0.023459 0.116013 0.026611 0.105742 0.030812 0.102708 0.032738 0.093371 0.035714 0.084967 0.040091 0.073763 0.047444 0.067694 0.049895 0.058824 0.056548 0.055322 0.060399 0.048553 0.065651 0.047619 0.067577 0.034781 0.077906 0.021942 0.092087 0.013539 0.105917 0.012605 0.109944 0.009804 0.112570 0.009104 0.116071 0.000000 0.136380 0.000000 0.164391
0 0.107143 0.348915 0.126517 0.401085 0.140523 0.423494 0.154528 0.438725 0.168067 0.449930 0.178105 0.456758 0.189309 0.463761 0.192810 0.465161 0.196078 0.467787 0.198880 0.468487 0.206816 0.472689 0.225724 0.479692 0.251867 0.486870 0.271942 0.490196 0.288282 0.491772 0.307890 0.491772 0.318161 0.491071 0.345238 0.487220 0.359711 0.482318 0.388189 0.470763 0.399160 0.462185 0.403361 0.460084 0.404995 0.457458 0.416200 0.446779 0.417600 0.439251 0.416433 0.435224 0.423203 0.430497 0.425303 0.431022 0.429038 0.429972 0.433007 0.421569 0.436741 0.407738 0.437208 0.392857 0.436041 0.384279 0.432773 0.374650 0.427171 0.363445 0.412698 0.341912 0.400794 0.328081 0.387255 0.314251 0.359244 0.291141 0.340336 0.278887 0.334967 0.276786 0.317694 0.266807 0.295285 0.257878 0.275210 0.253151 0.240663 0.250000 0.213119 0.248950 0.203548 0.250175 0.193511 0.252451 0.161765 0.261204 0.141457 0.272234 0.131653 0.278711 0.122549 0.286415 0.116713 0.293242 0.107143 0.307423 0.102941 0.320903 0.102474 0.328431 0.107143 0.348915
0 0.243931 0.822129 0.247432 0.831408 0.257236 0.849615 0.269608 0.865196 0.292250 0.887080 0.338936 0.922269 0.344304 0.925070 0.355275 0.932598 0.366713 0.938025 0.382586 0.947479 0.411064 0.958333 0.421335 0.961835 0.441877 0.966211 0.446078 0.967787 0.457283 0.969538 0.467320 0.972689 0.473623 0.973564 0.480392 0.975490 0.497199 0.977066 0.504902 0.978641 0.526144 0.978116 0.530112 0.976891 0.548553 0.975665 0.560691 0.974090 0.571195 0.971639 0.588936 0.964986 0.609010 0.953606 0.623249 0.942402 0.637021 0.929447 0.640289 0.924370 0.644491 0.919993 0.647526 0.915091 0.653128 0.901085 0.652661 0.893557 0.654295 0.883754 0.655696 0.879902 0.658030 0.876751 0.659197 0.869223 0.657563 0.868172 0.654995 0.869923 0.653595 0.869748 0.648693 0.856618 0.644491 0.848564 0.631653 0.834559 0.623483 0.827731 0.600840 0.813375 0.591737 0.809174 0.584967 0.804797 0.580766 0.803922 0.574697 0.799370 0.564192 0.795868 0.557890 0.794643 0.553455 0.792542 0.538515 0.790091 0.532913 0.787815 0.529412 0.787640 0.526377 0.785714 0.517274 0.783438 0.511438 0.780812 0.494865 0.776961 0.484127 0.772059 0.477124 0.769783 0.456349 0.758053 0.451447 0.756127 0.440243 0.748950 0.435574 0.744398 0.431606 0.742647 0.421802 0.735469 0.412232 0.729517 0.408030 0.727941 0.400560 0.723564 0.386321 0.720063 0.379318 0.717612 0.349206 0.715161 0.331232 0.715861 0.311625 0.718838 0.287115 0.726015 0.280112 0.729167 0.275677 0.730217 0.265873 0.736520 0.249066 0.751225 0.247432 0.754552 0.243231 0.758754 0.238562 0.769083 0.238562 0.788165 0.243931 0.822129
1 0.257236 0.000000 0.256069 0.003151 0.253035 0.005252 0.255135 0.006828 0.258870 0.005777 0.260504 0.008578 0.261438 0.008754 0.265873 0.007878 0.282213 0.009979 0.286181 0.009454 0.288982 0.010154 0.294351 0.009804 0.310691 0.011905 0.334734 0.013655 0.355742 0.017157 0.361578 0.017507 0.380019 0.021709 0.390756 0.022759 0.404295 0.025385 0.414799 0.028011 0.428571 0.032738 0.445845 0.040966 0.456583 0.047969 0.463585 0.053221 0.467554 0.057248 0.468954 0.060224 0.473389 0.064426 0.481092 0.078081 0.485294 0.088585 0.490196 0.091737 0.492063 0.095238 0.492997 0.106618 0.492063 0.113095 0.490430 0.115896 0.489729 0.128501 0.488095 0.133578 0.488095 0.138130 0.486228 0.140756 0.484594 0.146183 0.480859 0.150910 0.486928 0.152486 0.491363 0.152486 0.497899 0.150735 0.507470 0.146709 0.511905 0.146008 0.521709 0.142332 0.531513 0.137955 0.554388 0.124825 0.565359 0.115371 0.573763 0.110294 0.583333 0.101015 0.593371 0.087710 0.598739 0.083859 0.600840 0.080182 0.609944 0.069678 0.614613 0.061275 0.617880 0.050770 0.621148 0.028887 0.618347 0.019258 0.610177 0.000000 0.257236 0.000000
1 0.845238 0.000000 0.845238 0.001576 0.844304 0.001926 0.830999 0.003151 0.804155 0.007003 0.800887 0.008754 0.785948 0.012605 0.768207 0.019083 0.760971 0.020833 0.759104 0.022409 0.745098 0.027486 0.739729 0.030637 0.727124 0.033438 0.714519 0.037640 0.710317 0.040091 0.705649 0.041317 0.702614 0.043242 0.687675 0.048494 0.684641 0.050420 0.673669 0.054797 0.660364 0.061975 0.655306 0.066468 0.649860 0.069153 0.638655 0.077556 0.632820 0.084909 0.631186 0.090336 0.632586 0.113095 0.636555 0.126576 0.640523 0.131478 0.651027 0.128151 0.653828 0.126225 0.660831 0.123950 0.682073 0.113796 0.702848 0.105392 0.706349 0.104867 0.719188 0.100315 0.740896 0.094363 0.759804 0.091562 0.787115 0.090511 0.807190 0.091562 0.838235 0.095938 0.881186 0.108543 0.908497 0.121849 0.923203 0.132878 0.933007 0.142682 0.943978 0.157563 0.950747 0.172269 0.952848 0.173845 0.955882 0.173319 0.971289 0.165441 0.978525 0.160539 0.984594 0.155812 0.999767 0.141282 0.999767 0.000000 0.845238 0.000000
1 0.482260 0.161765 0.488095 0.162815 0.493931 0.164916 0.504902 0.166842 0.522642 0.173319 0.531746 0.177521 0.543417 0.185574 0.546685 0.184699 0.550187 0.182773 0.556723 0.177171 0.580532 0.162115 0.589636 0.157913 0.600840 0.151261 0.612045 0.146183 0.616713 0.144783 0.632586 0.137080 0.637255 0.133578 0.631886 0.119223 0.630486 0.111870 0.629552 0.097514 0.628151 0.091912 0.625117 0.090161 0.609244 0.086310 0.598739 0.085784 0.594538 0.088410 0.579365 0.106268 0.556489 0.123950 0.548086 0.129377 0.519374 0.144083 0.505602 0.147934 0.498366 0.151436 0.485994 0.154587 0.484360 0.155462 0.482026 0.159139 0.481559 0.161415 0.482260 0.161765
1 0.293417 0.255427 0.313025 0.263130 0.316527 0.265581 0.328198 0.270658 0.345472 0.280637 0.366713 0.295168 0.387722 0.313375 0.407096 0.332983 0.414799 0.342262 0.417834 0.344188 0.435808 0.343838 0.456349 0.340161 0.476891 0.333508 0.498366 0.325455 0.512605 0.317227 0.518908 0.310749 0.518207 0.307248 0.505602 0.293943 0.500700 0.283789 0.499300 0.279062 0.498133 0.267857 0.497432 0.258578 0.497899 0.248074 0.503501 0.232668 0.508637 0.224265 0.521942 0.209209 0.530112 0.201506 0.533147 0.199580 0.538282 0.192052 0.541317 0.189251 0.541083 0.185749 0.533147 0.179447 0.525910 0.175770 0.515406 0.172444 0.511671 0.170343 0.498366 0.166667 0.477358 0.164391 0.472456 0.166842 0.456349 0.177521 0.443744 0.186800 0.434874 0.191527 0.415033 0.206583 0.386788 0.221814 0.380019 0.224790 0.362979 0.229867 0.345705 0.235994 0.310458 0.245448 0.292951 0.248775 0.287115 0.251225 0.286881 0.251926 0.293417 0.255427
1 0.000000 0.000000 0.000000 0.129552 0.001634 0.129552 0.003268 0.125000 0.005135 0.122724 0.010738 0.108018 0.024510 0.087185 0.045985 0.066001 0.054855 0.058648 0.062325 0.053046 0.088235 0.036940 0.116947 0.025385 0.128618 0.021884 0.136555 0.020483 0.144024 0.020483 0.147059 0.018908 0.145658 0.012255 0.142624 0.008403 0.136088 0.002626 0.134921 0.000000 0.000000 0.000000
1 0.901261 0.278887 0.909897 0.281338 0.928805 0.288866 0.945378 0.297619 0.949346 0.299020 0.956349 0.303221 0.959851 0.303571 0.963585 0.300945 0.970822 0.293768 0.978058 0.283613 0.982960 0.272409 0.984360 0.266106 0.983894 0.251225 0.978525 0.234944 0.970355 0.222864 0.963585 0.216562 0.953081 0.211134 0.950047 0.212535 0.941176 0.234944 0.934641 0.246148 0.919935 0.261380 0.906629 0.269958 0.900560 0.272409 0.896825 0.275560 0.896592 0.276085 0.901261 0.278887
1 0.758170 0.325980 0.763305 0.328081 0.787815 0.330707 0.807423 0.333859 0.840570 0.341036 0.857376 0.346814 0.888655 0.360294 0.908964 0.373950 0.923436 0.387255 0.936508 0.406338 0.941176 0.414741 0.945145 0.424720 0.946078 0.432248 0.947946 0.433123 0.949580 0.433298 0.952614 0.431898 0.969188 0.421744 0.976891 0.411940 0.984360 0.404062 0.991363 0.393908 0.996032 0.383578 0.997666 0.376576 0.996965 0.362395 0.992997 0.348739 0.981326 0.328256 0.970355 0.315301 0.957750 0.305497 0.935808 0.292892 0.924370 0.288515 0.920635 0.286415 0.907796 0.281863 0.901027 0.279762 0.893091 0.278711 0.864146 0.290616 0.840803 0.298319 0.818627 0.304447 0.810691 0.305672 0.779412 0.313550 0.774743 0.314076 0.762138 0.317577 0.755602 0.320553 0.754669 0.321078 0.758170 0.325980
1 0.502801 0.429097 0.506303 0.442052 0.507937 0.444503 0.510271 0.445903 0.513539 0.446429 0.521709 0.445728 0.536648 0.443978 0.543884 0.442227 0.559991 0.441001 0.592437 0.440126 0.623249 0.442927 0.651494 0.448529 0.672736 0.454132 0.700280 0.463235 0.715686 0.469538 0.740196 0.483193 0.750700 0.490371 0.762138 0.500175 0.767040 0.505077 0.775677 0.516457 0.779178 0.519258 0.781746 0.522934 0.789916 0.531162 0.792484 0.530287 0.796685 0.530462 0.810224 0.529062 0.830299 0.525385 0.838469 0.525035 0.852241 0.521709 0.877918 0.514181 0.894491 0.507528 0.902194 0.503151 0.914799 0.493172 0.919468 0.486520 0.923669 0.476366 0.932773 0.462885 0.939542 0.450280 0.942110 0.444678 0.944678 0.432948 0.942577 0.418242 0.937675 0.409139 0.920868 0.384629 0.905696 0.371674 0.889122 0.360994 0.874183 0.353992 0.859010 0.348214 0.845472 0.343487 0.831933 0.339811 0.810691 0.335609 0.806723 0.335434 0.795985 0.332808 0.752101 0.328957 0.737628 0.329307 0.727824 0.331057 0.709150 0.332633 0.692577 0.335084 0.671569 0.339811 0.669001 0.341211 0.665266 0.341562 0.652194 0.345238 0.609010 0.353992 0.599673 0.356968 0.579365 0.359944 0.573063 0.361695 0.557190 0.366947 0.550654 0.370098 0.532213 0.375875 0.525910 0.379377 0.522409 0.380077 0.516807 0.383578 0.510504 0.389356 0.505369 0.397759 0.502568 0.404237 0.501867 0.411239 0.501401 0.420693 0.502801 0.429097
1 0.427404 0.360994 0.433940 0.375000 0.436275 0.382003 0.438842 0.397234 0.438375 0.406162 0.436275 0.415791 0.430205 0.427871 0.427871 0.428746 0.430439 0.432948 0.432306 0.439251 0.430906 0.442577 0.426471 0.446954 0.418301 0.447829 0.411298 0.453256 0.404995 0.460784 0.401727 0.463235 0.402194 0.464461 0.404062 0.465511 0.411531 0.464986 0.427871 0.460609 0.472222 0.452206 0.499300 0.448004 0.504202 0.446078 0.504669 0.442402 0.500000 0.420868 0.499767 0.414391 0.501867 0.401085 0.509804 0.387080 0.516106 0.381828 0.521242 0.379202 0.544351 0.369573 0.567460 0.361520 0.569561 0.359419 0.569561 0.355742 0.568627 0.354517 0.560458 0.348564 0.539916 0.342962 0.533380 0.342787 0.524276 0.341387 0.497199 0.340686 0.483193 0.342087 0.467787 0.342612 0.463352 0.341562 0.453315 0.343662 0.429038 0.345763 0.421335 0.347864 0.419701 0.348915 0.425070 0.358368 0.427404 0.360994
1 0.000000 0.366246 0.023343 0.366246 0.033147 0.365021 0.054155 0.357668 0.082633 0.342262 0.097572 0.329832 0.099440 0.327031 0.100840 0.316877 0.102708 0.311099 0.108077 0.301821 0.121148 0.284839 0.132120 0.274685 0.144258 0.265931 0.146592 0.261029 0.147526 0.249825 0.144024 0.236520 0.139122 0.231793 0.133754 0.230042 0.099673 0.223915 0.086134 0.220063 0.058590 0.213936 0.043884 0.209209 0.032680 0.204132 0.022176 0.201331 0.010504 0.193277 0.001634 0.180147 0.000000 0.180147 0.000000 0.366246
1 0.000000 0.555497 0.005135 0.556373 0.014472 0.556197 0.032913 0.553746 0.036181 0.552346 0.051354 0.540091 0.071662 0.526961 0.090570 0.517857 0.112745 0.508578 0.127918 0.503852 0.137722 0.501576 0.154528 0.496324 0.192344 0.487045 0.200047 0.481968 0.204715 0.474090 0.199346 0.470238 0.194678 0.468662 0.177871 0.458508 0.159430 0.444853 0.146825 0.432948 0.138655 0.423144 0.128852 0.407913 0.124416 0.400210 0.118347 0.385679 0.117180 0.380252 0.113212 0.376225 0.107610 0.374475 0.092204 0.373074 0.086835 0.373249 0.053922 0.369748 0.051120 0.370273 0.044351 0.369398 0.031746 0.369748 0.024043 0.370973 0.005836 0.372024 0.000000 0.373249 0.000000 0.555497
1 0.000000 0.644083 0.001867 0.644258 0.006303 0.651261 0.014472 0.659314 0.026144 0.667542 0.034781 0.672619 0.040616 0.674895 0.057190 0.680497 0.074697 0.683999 0.077965 0.685574 0.105976 0.691176 0.140523 0.695378 0.175070 0.698004 0.236461 0.698704 0.244865 0.699405 0.249300 0.698704 0.273109 0.698354 0.289449 0.697129 0.305089 0.695378 0.311625 0.692577 0.317694 0.691176 0.322829 0.688725 0.331466 0.687850 0.334967 0.685574 0.341503 0.684524 0.352708 0.681197 0.373016 0.672269 0.382120 0.667192 0.389356 0.661415 0.383520 0.656863 0.380019 0.655812 0.377684 0.653887 0.369048 0.650035 0.365780 0.647584 0.358777 0.644783 0.348506 0.639006 0.339169 0.632178 0.334034 0.629552 0.331466 0.626751 0.317694 0.616071 0.311858 0.610644 0.299253 0.594888 0.288982 0.575805 0.285481 0.565476 0.284080 0.554097 0.285247 0.536940 0.286648 0.531688 0.292017 0.522234 0.299720 0.514356 0.306956 0.508754 0.310691 0.507353 0.316527 0.501576 0.320962 0.498775 0.324697 0.498249 0.326097 0.494748 0.319094 0.493172 0.295051 0.493697 0.272409 0.492472 0.254669 0.489671 0.247899 0.487220 0.237395 0.485644 0.229925 0.485469 0.199346 0.488971 0.171569 0.494223 0.146359 0.500000 0.130252 0.505427 0.120915 0.507353 0.101774 0.514356 0.098739 0.516282 0.077731 0.525385 0.049720 0.542367 0.039916 0.550420 0.035014 0.555672 0.029645 0.563725 0.023810 0.569678 0.004202 0.598739 0.002334 0.607493 0.000000 0.609594 0.000000 0.644083
1 0.794585 0.549020 0.796218 0.560224 0.796919 0.568102 0.795518 0.578256 0.791550 0.595413 0.786881 0.603641 0.785247 0.608894 0.781979 0.614321 0.777311 0.619573 0.777544 0.623249 0.786415 0.627976 0.789449 0.628852 0.794118 0.628852 0.810691 0.627101 0.836601 0.620623 0.852241 0.617822 0.874416 0.611520 0.882120 0.607668 0.894258 0.603466 0.901961 0.599440 0.916200 0.587535 0.922269 0.580532 0.926004 0.574580 0.931839 0.560924 0.933240 0.554272 0.933940 0.540966 0.932773 0.528887 0.931373 0.522234 0.928805 0.516632 0.924603 0.511555 0.922969 0.507878 0.918067 0.501225 0.914799 0.498950 0.911298 0.498775 0.899393 0.506478 0.888655 0.511204 0.864379 0.519433 0.852474 0.521884 0.842204 0.524860 0.792951 0.532213 0.791317 0.532738 0.790616 0.533964 0.790383 0.536415 0.794585 0.549020
1 0.824230 0.632003 0.859244 0.637780 0.879785 0.642507 0.895425 0.647059 0.916200 0.656863 0.942577 0.671394 0.949580 0.668943 0.954482 0.666317 0.963585 0.658964 0.967554 0.653186 0.972222 0.644083 0.974323 0.637080 0.977358 0.619923 0.976657 0.612920 0.974790 0.605567 0.971522 0.598039 0.968954 0.594713 0.966387 0.588410 0.963819 0.584734 0.953081 0.571254 0.943044 0.563375 0.938842 0.560924 0.935574 0.560399 0.931606 0.564076 0.926937 0.574930 0.922969 0.581758 0.910831 0.593662 0.900560 0.601190 0.871849 0.613270 0.842204 0.620098 0.831466 0.623249 0.827965 0.623599 0.822596 0.626225 0.820028 0.628676 0.819561 0.630252 0.824230 0.632003
1 0.809991 0.645833 0.813959 0.650910 0.818394 0.653011 0.821195 0.658088 0.826797 0.663165 0.837535 0.678746 0.841503 0.689426 0.843137 0.703081 0.842670 0.712885 0.840803 0.720763 0.832866 0.735994 0.824230 0.744398 0.816760 0.753326 0.805322 0.762955 0.792951 0.768732 0.789916 0.770833 0.781979 0.772584 0.775910 0.776436 0.761905 0.779062 0.755369 0.782038 0.751167 0.782388 0.748599 0.785189 0.745565 0.786590 0.751167 0.790441 0.760971 0.791842 0.769141 0.791842 0.772176 0.793242 0.777544 0.792892 0.818161 0.795343 0.843838 0.798144 0.848739 0.799545 0.859944 0.799895 0.866246 0.799195 0.871148 0.796919 0.887255 0.792367 0.896592 0.788340 0.901261 0.787290 0.903828 0.785714 0.909897 0.783964 0.921102 0.778186 0.944211 0.761555 0.950514 0.754027 0.955182 0.745273 0.958450 0.741597 0.962185 0.730917 0.962185 0.723214 0.961018 0.716912 0.956816 0.703256 0.943744 0.674895 0.932773 0.667017 0.907796 0.653887 0.896592 0.649685 0.893791 0.647759 0.865313 0.640406 0.834034 0.635854 0.821895 0.635504 0.817694 0.633929 0.814893 0.634454 0.810691 0.633754 0.807190 0.634104 0.803688 0.634979 0.801587 0.637080 0.806723 0.644083 0.809991 0.645833
1 0.402661 0.699580 0.409897 0.714986 0.415266 0.724265 0.424136 0.734594 0.433707 0.742122 0.453081 0.755252 0.466853 0.762255 0.488562 0.771884 0.532446 0.784489 0.563959 0.789566 0.589636 0.792367 0.607610 0.792892 0.654762 0.791842 0.667600 0.789041 0.689542 0.789041 0.702614 0.787465 0.706349 0.787815 0.739496 0.781338 0.748133 0.780812 0.762138 0.778011 0.770075 0.774860 0.775910 0.773985 0.787815 0.769783 0.802521 0.763130 0.817927 0.751576 0.821662 0.745623 0.826564 0.741071 0.828665 0.737570 0.831933 0.735294 0.839636 0.722339 0.841503 0.714111 0.841737 0.695378 0.840336 0.686800 0.837768 0.680847 0.829599 0.667892 0.820728 0.657913 0.818161 0.653887 0.803922 0.640231 0.799486 0.638831 0.789916 0.631828 0.779412 0.627801 0.775910 0.625700 0.772409 0.625700 0.770075 0.626576 0.751867 0.638480 0.727358 0.650035 0.716853 0.652661 0.709851 0.655287 0.702848 0.656688 0.696545 0.659489 0.683940 0.662640 0.661298 0.666317 0.642390 0.670693 0.567927 0.679797 0.559524 0.679797 0.523576 0.682423 0.516573 0.681898 0.494631 0.682423 0.480626 0.682248 0.477124 0.681197 0.459073 0.679447 0.436508 0.675245 0.425303 0.672444 0.421335 0.672444 0.410598 0.668592 0.407796 0.669118 0.401727 0.683298 0.401261 0.690301 0.402661 0.699580
1 0.243931 0.707458 0.248133 0.709559 0.252801 0.713761 0.258403 0.716912 0.275910 0.723564 0.282913 0.725140 0.293184 0.723389 0.309057 0.718312 0.335668 0.714111 0.343838 0.713585 0.365780 0.714636 0.379085 0.716562 0.386788 0.718487 0.394258 0.719188 0.397526 0.720413 0.404062 0.720588 0.405929 0.719538 0.407330 0.716737 0.404295 0.706583 0.401027 0.699230 0.399160 0.688901 0.401261 0.679272 0.404762 0.672094 0.405462 0.668242 0.397759 0.664741 0.394258 0.664041 0.390523 0.664216 0.373249 0.672794 0.349907 0.682423 0.331699 0.688200 0.309991 0.693978 0.286181 0.698354 0.262605 0.699405 0.258870 0.698880 0.249767 0.699230 0.243464 0.700105 0.239496 0.701856 0.239029 0.703081 0.243931 0.707458
1 0.172736 0.719713 0.165500 0.734594 0.159897 0.741947 0.145191 0.757003 0.132120 0.765756 0.128151 0.768908 0.128151 0.769958 0.129785 0.772409 0.133520 0.773634 0.137021 0.775910 0.143091 0.776961 0.148693 0.779587 0.156629 0.781688 0.166667 0.786415 0.179972 0.794643 0.182073 0.796744 0.186741 0.797444 0.192110 0.796394 0.196078 0.796569 0.209851 0.791667 0.214753 0.784839 0.227824 0.771183 0.234594 0.765231 0.242297 0.754377 0.249300 0.747024 0.256303 0.740896 0.275910 0.727066 0.274276 0.725140 0.269141 0.721814 0.261671 0.719013 0.253501 0.714636 0.242997 0.707283 0.240896 0.705007 0.234360 0.700980 0.223856 0.699755 0.181606 0.698880 0.175537 0.699930 0.172269 0.702906 0.173903 0.709909 0.172736 0.719713
1 0.000000 0.790791 0.006069 0.791492 0.032446 0.791317 0.042484 0.789566 0.057656 0.788340 0.075163 0.785189 0.099206 0.779237 0.123950 0.769783 0.136555 0.761380 0.140990 0.757528 0.144024 0.756127 0.146592 0.753151 0.151494 0.749475 0.154062 0.746148 0.159197 0.741772 0.165966 0.731793 0.171802 0.720413 0.173669 0.710084 0.172269 0.707283 0.170557 0.706933 0.169001 0.705357 0.170168 0.704657 0.170635 0.702906 0.168301 0.700105 0.164099 0.700455 0.154295 0.699230 0.149860 0.702031 0.149393 0.703957 0.146359 0.705182 0.143091 0.699580 0.138422 0.696078 0.104575 0.691877 0.081232 0.686450 0.070495 0.684699 0.051587 0.679447 0.046685 0.676996 0.036415 0.673845 0.028011 0.669818 0.011905 0.658438 0.002801 0.650035 0.001634 0.647934 0.000000 0.647934 0.000000 0.790791
1 0.000000 0.957983 0.005135 0.960434 0.008637 0.960609 0.015173 0.959909 0.018908 0.960609 0.024043 0.960434 0.028711 0.959559 0.034781 0.959734 0.046919 0.958333 0.074230 0.952206 0.091503 0.947304 0.131419 0.932073 0.147526 0.921218 0.151727 0.919468 0.154762 0.917192 0.159430 0.911765 0.169001 0.904412 0.182073 0.890406 0.190710 0.873424 0.194444 0.861520 0.194444 0.848564 0.192344 0.840511 0.193978 0.820028 0.193044 0.814076 0.183473 0.800420 0.171802 0.791667 0.164799 0.787815 0.143791 0.779237 0.127451 0.775035 0.116013 0.775910 0.077031 0.786415 0.054388 0.790266 0.033147 0.792542 0.004202 0.792717 0.000000 0.793943 0.000000 0.957983
1 0.209617 0.838410 0.211485 0.839986 0.215920 0.847689 0.221755 0.853466 0.234360 0.862745 0.261671 0.875525 0.266106 0.876225 0.272642 0.878676 0.277311 0.878852 0.278478 0.876751 0.276377 0.873249 0.262605 0.857843 0.247199 0.833158 0.243464 0.821429 0.239029 0.800070 0.235994 0.790266 0.235061 0.771884 0.234127 0.769258 0.230626 0.770308 0.216853 0.784314 0.209150 0.798669 0.207049 0.807073 0.206583 0.814251 0.209617 0.838410
1 0.630486 0.830707 0.636321 0.836310 0.640289 0.842262 0.644958 0.846113 0.649860 0.852591 0.654528 0.864846 0.661298 0.868347 0.663165 0.866071 0.672969 0.867997 0.671569 0.873249 0.672035 0.880777 0.669935 0.883578 0.669935 0.887080 0.668067 0.890231 0.665966 0.891457 0.664566 0.893908 0.661998 0.895133 0.652661 0.903361 0.651961 0.908263 0.649860 0.913866 0.644258 0.924370 0.630719 0.938200 0.619748 0.946779 0.616246 0.950630 0.611345 0.952906 0.608310 0.955707 0.594304 0.963936 0.589169 0.966562 0.585201 0.967437 0.581933 0.970413 0.580766 0.973915 0.584734 0.974615 0.588702 0.977416 0.620215 0.984769 0.640289 0.986520 0.650794 0.988620 0.676937 0.989846 0.698646 0.992297 0.705882 0.991947 0.712652 0.992822 0.724790 0.992472 0.748133 0.994048 0.751167 0.993522 0.761204 0.994398 0.767974 0.994223 0.772176 0.995623 0.780579 0.996674 0.793884 0.996849 0.799953 0.998074 0.800187 0.999825 0.800187 0.998249 0.802988 0.997549 0.813959 0.996674 0.828431 0.996674 0.835201 0.994573 0.845005 0.992997 0.848973 0.990721 0.855742 0.988796 0.859477 0.988445 0.863679 0.986345 0.866013 0.985994 0.870215 0.983368 0.880019 0.980042 0.894024 0.973214 0.898693 0.969538 0.908730 0.964636 0.915733 0.958859 0.918534 0.953081 0.921569 0.951856 0.924603 0.948880 0.928805 0.947479 0.932306 0.944678 0.947246 0.925770 0.954482 0.908088 0.955882 0.897584 0.955882 0.890056 0.950514 0.869398 0.947012 0.865371 0.944911 0.855917 0.940009 0.850315 0.934874 0.842087 0.932073 0.839986 0.928805 0.835084 0.921802 0.828782 0.904528 0.817577 0.890523 0.812675 0.864846 0.804622 0.858077 0.804097 0.852708 0.802346 0.830999 0.799020 0.793417 0.796218 0.765873 0.795168 0.759570 0.795868 0.748366 0.795343 0.738796 0.796744 0.733660 0.795693 0.706349 0.798669 0.699813 0.800245 0.682073 0.802521 0.673203 0.804622 0.661531 0.805497 0.649160 0.809349 0.640289 0.811275 0.634454 0.813901 0.624183 0.821078 0.625817 0.827906 0.630486 0.830707
1 0.949580 0.870798 0.952848 0.880077 0.957516 0.886905 0.957516 0.904412 0.954482 0.913866 0.947712 0.926120 0.943744 0.932248 0.934407 0.942577 0.932540 0.945903 0.925303 0.949580 0.924136 0.952556 0.921335 0.956057 0.918301 0.957283 0.908497 0.965511 0.892157 0.974790 0.867180 0.986345 0.859244 0.987920 0.849440 0.991246 0.846172 0.993522 0.840336 0.994748 0.834967 0.997724 0.823763 0.998074 0.822829 0.998249 0.822829 0.999825 0.999767 0.999825 0.999767 0.879202 0.998133 0.879202 0.996499 0.876576 0.986228 0.869223 0.963352 0.856092 0.957516 0.855917 0.957283 0.858252 0.954949 0.859944 0.953081 0.860294 0.949580 0.863445 0.948413 0.865721 0.949580 0.870798
1 0.146359 0.974265 0.154062 0.999825 0.494865 0.999825 0.493697 0.994223 0.499066 0.991246 0.502334 0.991246 0.499066 0.989204 0.499533 0.980742 0.498366 0.980217 0.495565 0.980567 0.491363 0.978992 0.487395 0.978992 0.481793 0.977066 0.473856 0.975840 0.470355 0.974090 0.463585 0.973389 0.453081 0.970238 0.447946 0.969538 0.442810 0.967787 0.432073 0.966211 0.418534 0.962535 0.400794 0.955182 0.383053 0.948880 0.369281 0.941352 0.366480 0.938901 0.354809 0.933648 0.342204 0.925945 0.302054 0.896709 0.293417 0.889531 0.289449 0.887955 0.272876 0.885679 0.239963 0.883754 0.220355 0.884454 0.209851 0.886204 0.206583 0.887605 0.199580 0.888480 0.194444 0.890406 0.192110 0.892332 0.187675 0.893732 0.181373 0.897584 0.179505 0.900735 0.172969 0.904587 0.170635 0.907388 0.165266 0.911415 0.164566 0.913340 0.161298 0.914741 0.153828 0.921919 0.146125 0.939251 0.144491 0.953081 0.144258 0.960609 0.146359 0.974265
1 0.000000 0.999825 0.152428 0.999825 0.146592 0.982493 0.143791 0.969888 0.142857 0.963936 0.142857 0.945203 0.140523 0.942927 0.137255 0.941352 0.126284 0.941001 0.123249 0.940126 0.115546 0.940826 0.108543 0.942402 0.098273 0.946429 0.085434 0.950105 0.046452 0.959209 0.026144 0.961310 0.000000 0.961134 0.000000 0.999825
1 0.506303 0.994048 0.503968 0.994748 0.505135 0.999825 0.643557 0.999825 0.643557 0.994573 0.642157 0.991246 0.637955 0.988796 0.597106 0.981268 0.574697 0.973739 0.567460 0.973915 0.563492 0.975140 0.548786 0.977416 0.506769 0.980917 0.507703 0.992297 0.506303 0.994048
1 0.194444 0.866246 0.190943 0.876401 0.186275 0.883578 0.183707 0.890056 0.182073 0.890406 0.182306 0.890931 0.189076 0.890056 0.206349 0.885504 0.220822 0.883228 0.243744 0.882878 0.267274 0.883754 0.270308 0.883578 0.273343 0.882003 0.273810 0.880077 0.273109 0.879727 0.251401 0.871324 0.232726 0.861870 0.215453 0.849440 0.206583 0.840161 0.203081 0.839461 0.195612 0.845938 0.195612 0.859419 0.194444 0.866246
1 0.952381 0.752276 0.947012 0.759629 0.938375 0.766982 0.929272 0.772234 0.918534 0.780287 0.904762 0.786590 0.862979 0.800245 0.868114 0.803922 0.907563 0.816527 0.911531 0.816527 0.918067 0.812500 0.921569 0.811625 0.943978 0.797269 0.956816 0.782738 0.964519 0.767857 0.966387 0.758929 0.966153 0.754727 0.963352 0.744748 0.959851 0.742472 0.956349 0.744923 0.952381 0.752276