0 0.115079 0.411239 0.119514 0.419468 0.126284 0.425245 0.132820 0.429272 0.147759 0.435924 0.157796 0.438200 0.201681 0.442227 0.232026 0.442927 0.242939 0.442052 0.251867 0.442227 0.275444 0.439951 0.308590 0.433473 0.328665 0.430672 0.345472 0.425770 0.355976 0.420168 0.360644 0.418768 0.368581 0.413690 0.373016 0.412115 0.378618 0.408789 0.388189 0.401085 0.390756 0.397759 0.394491 0.394958 0.397059 0.390756 0.401261 0.387080 0.408030 0.376926 0.411765 0.367472 0.412932 0.362045 0.410364 0.353116 0.403128 0.347339 0.372782 0.336660 0.348506 0.330357 0.341503 0.329832 0.338469 0.328431 0.334734 0.328606 0.321195 0.325630 0.291783 0.322304 0.259337 0.317577 0.228875 0.318803 0.219888 0.318452 0.210317 0.320728 0.206349 0.320553 0.180906 0.327906 0.164566 0.334909 0.151261 0.342962 0.135154 0.355392 0.123249 0.369573 0.117880 0.380427 0.112979 0.393557 0.112979 0.404587 0.115079 0.411239
0 0.265406 0.505077 0.268674 0.512080 0.272409 0.517332 0.286415 0.530112 0.297619 0.536415 0.310691 0.541842 0.341970 0.549020 0.362512 0.554622 0.376517 0.555847 0.390523 0.554622 0.394024 0.553396 0.402894 0.552171 0.411064 0.549720 0.418301 0.548845 0.429038 0.545518 0.452381 0.542367 0.456583 0.540966 0.470121 0.538515 0.488796 0.533438 0.512138 0.523459 0.518908 0.519083 0.527311 0.512430 0.546685 0.494223 0.548786 0.491071 0.549953 0.485294 0.548319 0.477241 0.540850 0.465861 0.531046 0.456758 0.513539 0.444328 0.499066 0.438375 0.484127 0.433298 0.470588 0.429972 0.429272 0.426120 0.403828 0.427171 0.356209 0.431197 0.342204 0.433648 0.332166 0.434174 0.327965 0.435924 0.320962 0.436275 0.300420 0.441527 0.293651 0.444503 0.282680 0.451506 0.274510 0.459909 0.273576 0.463060 0.270075 0.467087 0.269841 0.469888 0.265640 0.480917 0.264939 0.487220 0.265406 0.505077
0 0.743853 0.555880 0.744630 0.555880 0.744630 0.555556 0.743853 0.555556 0.743853 0.555880
0 0.571195 0.560924 0.573996 0.569503 0.580766 0.578256 0.578198 0.581408 0.579832 0.585084 0.582166 0.588235 0.595472 0.598039 0.605275 0.601541 0.626751 0.606968 0.639823 0.608193 0.677404 0.609594 0.682540 0.610294 0.685341 0.609244 0.713352 0.607143 0.716620 0.606092 0.729225 0.604517 0.734360 0.604692 0.776377 0.594013 0.789683 0.589986 0.811625 0.581758 0.824930 0.577556 0.831933 0.574580 0.835901 0.571954 0.845705 0.567927 0.860411 0.557773 0.868347 0.548144 0.871615 0.540091 0.872082 0.536064 0.870915 0.529237 0.868581 0.526085 0.867880 0.522409 0.859944 0.515231 0.848273 0.506828 0.828198 0.499125 0.803922 0.494223 0.766106 0.491071 0.718254 0.491772 0.706349 0.493697 0.692344 0.493873 0.685808 0.496148 0.682306 0.496324 0.662465 0.500350 0.645892 0.506127 0.636788 0.508053 0.630019 0.511029 0.615546 0.514881 0.605742 0.519258 0.591503 0.527311 0.580766 0.535539 0.574930 0.543417 0.571895 0.550945 0.570728 0.556723 0.571195 0.560924
0 0.244631 0.662115 0.252334 0.671569 0.273810 0.686450 0.285714 0.690476 0.301821 0.697654 0.307423 0.699580 0.310691 0.699755 0.313492 0.701856 0.320261 0.703957 0.355976 0.711835 0.400560 0.715511 0.418067 0.714811 0.421102 0.713410 0.436275 0.712185 0.449346 0.709559 0.461251 0.706232 0.469888 0.704832 0.473856 0.702556 0.477824 0.701681 0.489963 0.696078 0.504902 0.685749 0.513072 0.679097 0.518908 0.671919 0.525910 0.660539 0.530112 0.648284 0.530112 0.642157 0.528945 0.637080 0.526611 0.631653 0.522176 0.626401 0.513539 0.618347 0.500934 0.611520 0.491130 0.607668 0.473389 0.602941 0.459617 0.600665 0.456349 0.599440 0.435808 0.595238 0.404062 0.586835 0.397059 0.585959 0.394024 0.584734 0.383754 0.582633 0.369514 0.581232 0.363912 0.579832 0.347106 0.578782 0.340803 0.579132 0.332866 0.578081 0.325163 0.578606 0.314192 0.581232 0.306956 0.581408 0.295985 0.583508 0.283613 0.588761 0.278478 0.590161 0.272409 0.593312 0.270542 0.595413 0.267507 0.596989 0.258637 0.603992 0.251867 0.612045 0.244631 0.623599 0.239963 0.636204 0.240196 0.651436 0.244631 0.662115
0 0.214052 0.262080 0.211485 0.265756 0.213819 0.268032 0.215453 0.272409 0.219188 0.275735 0.220822 0.279412 0.227358 0.284314 0.234127 0.287115 0.238796 0.287290 0.268207 0.298144 0.299020 0.306197 0.313959 0.309349 0.344771 0.312500 0.358777 0.313025 0.366480 0.313025 0.369048 0.312150 0.378385 0.313025 0.387955 0.313025 0.411298 0.310049 0.421102 0.307073 0.432306 0.301821 0.449580 0.295693 0.462885 0.283438 0.467320 0.276261 0.468021 0.266282 0.464052 0.257178 0.458683 0.250175 0.442577 0.239321 0.429038 0.231793 0.403361 0.221639 0.375350 0.212710 0.373249 0.211310 0.366480 0.209209 0.348273 0.204832 0.314426 0.200630 0.302988 0.200805 0.279879 0.202206 0.252334 0.208158 0.237862 0.212535 0.232493 0.215861 0.217787 0.230042 0.213819 0.237570 0.210551 0.255777 0.214052 0.262080
0 0.586134 0.227416 0.591737 0.237745 0.595472 0.241422 0.602474 0.246324 0.618347 0.252451 0.637021 0.256127 0.651027 0.257703 0.674136 0.258053 0.682306 0.257353 0.707516 0.250350 0.750700 0.234069 0.771709 0.225140 0.786217 0.218075 0.792974 0.214696 0.803688 0.207283 0.817328 0.200549 0.823662 0.196431 0.828871 0.192947 0.831687 0.189674 0.835206 0.187246 0.841503 0.178746 0.845705 0.168417 0.844071 0.161415 0.836368 0.152661 0.826619 0.146703 0.814512 0.143430 0.811415 0.142585 0.809757 0.141982 0.805235 0.140471 0.799600 0.139804 0.792778 0.139137 0.788469 0.138890 0.782838 0.138573 0.776144 0.138831 0.770873 0.138573 0.758062 0.137834 0.749066 0.137430 0.745111 0.137729 0.741597 0.138130 0.735994 0.138655 0.732493 0.138305 0.727374 0.139840 0.723432 0.140685 0.720121 0.141282 0.711466 0.142269 0.701613 0.144275 0.692344 0.145833 0.689076 0.147584 0.671569 0.152311 0.647993 0.160714 0.619748 0.173494 0.605976 0.181022 0.594071 0.189251 0.590103 0.195553 0.584734 0.206408 0.584267 0.209034 0.584034 0.217787 0.586134 0.227416
0 0.204248 0.164041 0.204015 0.168943 0.205182 0.175070 0.208450 0.182423 0.213585 0.189076 0.220355 0.195378 0.225257 0.197479 0.227591 0.201681 0.229225 0.202906 0.244398 0.208333 0.258170 0.206232 0.271942 0.202556 0.285714 0.200805 0.316960 0.200105 0.345472 0.202731 0.350840 0.199055 0.356209 0.196779 0.365313 0.194153 0.378618 0.188550 0.390523 0.186099 0.419001 0.172269 0.423203 0.169118 0.426704 0.165091 0.428805 0.161064 0.430439 0.151961 0.428805 0.141106 0.422502 0.131478 0.420635 0.130077 0.418301 0.125875 0.413399 0.121148 0.401027 0.112045 0.397759 0.110994 0.390990 0.106443 0.380019 0.103116 0.359244 0.098915 0.344304 0.098389 0.323529 0.098739 0.303922 0.100665 0.279178 0.104342 0.250934 0.111520 0.233427 0.118873 0.223156 0.124125 0.215920 0.129377 0.207983 0.136555 0.205649 0.140406 0.203315 0.147934 0.202614 0.158263 0.204248 0.164041
1 0.172502 0.067577 0.172269 0.074755 0.168768 0.093838 0.169234 0.095238 0.174837 0.098039 0.175537 0.099265 0.174370 0.101366 0.173903 0.106092 0.177171 0.109244 0.183473 0.112220 0.190943 0.116947 0.199580 0.120448 0.216620 0.125875 0.220355 0.125175 0.231326 0.119048 0.248133 0.111870 0.255369 0.109594 0.289216 0.102066 0.309057 0.099265 0.330766 0.097689 0.359010 0.098039 0.374650 0.101190 0.387021 0.105217 0.390056 0.105742 0.393791 0.105217 0.408263 0.088585 0.409197 0.085259 0.409197 0.081232 0.410598 0.076681 0.410598 0.069853 0.409664 0.066176 0.404762 0.056197 0.400560 0.052346 0.395425 0.049720 0.374183 0.041141 0.352474 0.034664 0.341737 0.032388 0.275910 0.021884 0.242297 0.020308 0.222456 0.022759 0.216853 0.024860 0.205649 0.027486 0.194678 0.031338 0.185341 0.036064 0.182073 0.038690 0.177404 0.043592 0.174136 0.049370 0.171102 0.057598 0.171335 0.064601 0.172502 0.067577
1 0.396359 0.109244 0.402194 0.111695 0.413165 0.118873 0.422502 0.128151 0.429038 0.138480 0.430906 0.144083 0.431839 0.149685 0.431139 0.157213 0.431839 0.160889 0.435574 0.163165 0.440943 0.163690 0.448413 0.162815 0.470121 0.156863 0.483193 0.155812 0.493697 0.155987 0.512838 0.157388 0.518674 0.159314 0.526611 0.159839 0.539683 0.155462 0.546685 0.153887 0.556723 0.147934 0.560458 0.147409 0.569795 0.143557 0.583567 0.136730 0.593371 0.131127 0.599673 0.126050 0.609244 0.117122 0.614613 0.110294 0.618581 0.102416 0.620215 0.091562 0.617880 0.084209 0.611345 0.075280 0.599206 0.067052 0.591036 0.063550 0.574930 0.058648 0.560691 0.055847 0.543884 0.054097 0.521942 0.053221 0.497666 0.055497 0.467087 0.061099 0.451914 0.065651 0.439076 0.071954 0.428105 0.076155 0.418301 0.082458 0.415033 0.085959 0.406629 0.092262 0.404528 0.095413 0.400327 0.099090 0.396125 0.105742 0.396359 0.109244
1 0.375117 0.211485 0.400560 0.219538 0.434407 0.233543 0.457283 0.247724 0.464519 0.255077 0.470355 0.264356 0.476424 0.265581 0.480626 0.264706 0.502101 0.262955 0.508637 0.261204 0.525910 0.258929 0.543417 0.255427 0.561158 0.250700 0.564893 0.247549 0.569328 0.245273 0.573296 0.241597 0.575630 0.237920 0.577031 0.234244 0.577264 0.230392 0.580766 0.223214 0.582633 0.210084 0.581699 0.203081 0.578898 0.196429 0.574463 0.189776 0.565593 0.181197 0.557190 0.177346 0.553922 0.174720 0.547152 0.172094 0.540383 0.167367 0.532446 0.164566 0.511905 0.158789 0.492063 0.156513 0.473856 0.157388 0.463585 0.159664 0.456116 0.162465 0.441176 0.166317 0.432540 0.169818 0.426937 0.170868 0.415266 0.175245 0.401261 0.182073 0.390756 0.188200 0.375584 0.201681 0.373016 0.206583 0.372549 0.209909 0.375117 0.211485
1 0.570028 0.184349 0.578431 0.194853 0.581466 0.202381 0.584734 0.205007 0.591036 0.192227 0.594071 0.188725 0.606909 0.179622 0.610644 0.178221 0.614379 0.175420 0.609477 0.171394 0.598973 0.166317 0.588235 0.162465 0.581466 0.160189 0.553688 0.154062 0.550187 0.154237 0.539916 0.156688 0.527077 0.161239 0.554155 0.174195 0.570028 0.184349
1 0.573529 0.242647 0.569561 0.244923 0.565826 0.251576 0.570495 0.253501 0.577731 0.251576 0.581699 0.251926 0.588235 0.250700 0.595472 0.249125 0.597339 0.248074 0.597572 0.244573 0.590803 0.238270 0.585901 0.230042 0.584967 0.226190 0.581466 0.222514 0.577031 0.237045 0.573529 0.242647
1 0.456583 0.295518 0.460317 0.295693 0.466853 0.293943 0.488329 0.291492 0.505602 0.291492 0.522176 0.295693 0.525910 0.295868 0.540850 0.301471 0.555322 0.310399 0.561391 0.317752 0.564659 0.326681 0.564192 0.341737 0.566760 0.342437 0.604108 0.331232 0.619514 0.328256 0.657563 0.322129 0.671569 0.321954 0.680672 0.321078 0.690476 0.311450 0.693511 0.306197 0.693044 0.300245 0.689309 0.293242 0.678805 0.285539 0.668067 0.280637 0.665033 0.278361 0.647292 0.273459 0.629785 0.269958 0.609010 0.266457 0.588702 0.264006 0.559991 0.263305 0.539916 0.265406 0.526844 0.268032 0.521942 0.268207 0.498366 0.272234 0.476891 0.277136 0.470822 0.279237 0.466853 0.281162 0.460084 0.288165 0.455182 0.293417 0.456583 0.295518
1 0.667600 0.278011 0.674837 0.283263 0.679272 0.284664 0.685224 0.288603 0.690009 0.293242 0.693511 0.298319 0.694911 0.302696 0.694678 0.307598 0.687675 0.317402 0.689076 0.321078 0.693044 0.320203 0.701914 0.324580 0.709384 0.324930 0.712185 0.323529 0.716853 0.323354 0.718487 0.322479 0.722456 0.321954 0.723623 0.320903 0.729692 0.320903 0.730859 0.323354 0.737862 0.321078 0.754435 0.318277 0.771709 0.316527 0.794585 0.316527 0.803221 0.314951 0.805789 0.313550 0.819561 0.309349 0.835434 0.305672 0.866713 0.293242 0.873716 0.289216 0.877218 0.286064 0.879552 0.285189 0.891457 0.276961 0.901261 0.266282 0.905696 0.258403 0.907796 0.251050 0.908030 0.244573 0.902894 0.236169 0.897759 0.233543 0.892390 0.229342 0.884220 0.226190 0.870448 0.222864 0.845005 0.221113 0.796685 0.223739 0.789216 0.225490 0.772176 0.226891 0.760504 0.230742 0.752801 0.234594 0.700980 0.253852 0.693044 0.256127 0.688842 0.256478 0.684407 0.258578 0.680205 0.262430 0.675537 0.265231 0.668301 0.272059 0.666900 0.274685 0.666433 0.276085 0.667600 0.278011
1 0.480626 0.431898 0.500000 0.437675 0.515406 0.444328 0.525677 0.447654 0.527311 0.443803 0.530423 0.442577 0.542484 0.441527 0.551354 0.439076 0.559991 0.438550 0.567694 0.436800 0.578198 0.436450 0.581232 0.435749 0.584967 0.436450 0.598973 0.436625 0.606676 0.437850 0.620915 0.441877 0.626984 0.442402 0.644024 0.438550 0.648693 0.436975 0.651027 0.435399 0.654995 0.435399 0.661298 0.433999 0.669234 0.430497 0.674370 0.426996 0.683707 0.422444 0.697012 0.412990 0.701681 0.408964 0.704949 0.404587 0.709150 0.401611 0.714052 0.395658 0.716620 0.390756 0.720588 0.386380 0.724790 0.376926 0.727358 0.363796 0.726891 0.355742 0.723623 0.352066 0.719655 0.345413 0.721055 0.341912 0.720588 0.341036 0.718487 0.341036 0.711951 0.338235 0.707983 0.334034 0.697479 0.327906 0.692110 0.325630 0.679272 0.322654 0.663399 0.322479 0.633520 0.325980 0.602007 0.332108 0.564192 0.343838 0.558824 0.348739 0.552521 0.359244 0.539216 0.373775 0.532446 0.380077 0.522409 0.387255 0.514939 0.394608 0.493464 0.411415 0.491597 0.414216 0.487628 0.416667 0.474090 0.428046 0.473856 0.428922 0.480626 0.431898
1 0.654295 0.452906 0.664099 0.458333 0.679505 0.472164 0.684407 0.479692 0.688609 0.491947 0.689309 0.492822 0.691877 0.493347 0.709851 0.492472 0.719188 0.491071 0.728058 0.491246 0.740430 0.490196 0.771942 0.490546 0.806956 0.493873 0.826797 0.498074 0.841970 0.502801 0.847339 0.503326 0.853641 0.500350 0.863212 0.492122 0.870215 0.480567 0.872782 0.472864 0.873483 0.459209 0.871615 0.452906 0.866713 0.446078 0.856909 0.438550 0.847806 0.434174 0.833100 0.429447 0.817460 0.425420 0.794351 0.421744 0.742764 0.419643 0.705649 0.422444 0.692344 0.424895 0.671802 0.431022 0.655229 0.438901 0.644958 0.446078 0.644725 0.449580 0.654295 0.452906
1 0.535481 0.460609 0.542017 0.466036 0.545752 0.471289 0.550420 0.481092 0.550887 0.488095 0.548086 0.493697 0.542951 0.500000 0.539916 0.501926 0.538749 0.503852 0.528478 0.512955 0.519608 0.520133 0.507470 0.525910 0.504902 0.528536 0.500934 0.529762 0.508637 0.533613 0.519141 0.534139 0.536181 0.536940 0.558123 0.545518 0.562558 0.548845 0.567460 0.556548 0.572596 0.544293 0.580065 0.534839 0.590336 0.527311 0.607610 0.517507 0.618347 0.513130 0.628151 0.510154 0.633520 0.509279 0.639823 0.506478 0.654762 0.502451 0.664099 0.499125 0.686508 0.494748 0.686975 0.490546 0.683940 0.480567 0.679505 0.473214 0.672269 0.465686 0.665033 0.459559 0.657563 0.456583 0.651961 0.452906 0.645191 0.450980 0.626517 0.443452 0.603408 0.437675 0.593137 0.436625 0.576797 0.436450 0.557190 0.438550 0.546452 0.441527 0.526144 0.444503 0.521942 0.446254 0.520775 0.449230 0.531513 0.456057 0.535481 0.460609
1 0.137255 0.460259 0.144725 0.481268 0.149393 0.488971 0.152428 0.491947 0.166200 0.500350 0.168534 0.501225 0.175770 0.501576 0.185107 0.499475 0.191643 0.498775 0.239029 0.497199 0.244865 0.498249 0.253968 0.501576 0.261905 0.502276 0.263772 0.498424 0.263305 0.485994 0.264006 0.480917 0.267740 0.470413 0.270075 0.466562 0.270075 0.464811 0.281746 0.451506 0.286648 0.447654 0.289683 0.446604 0.293184 0.443452 0.299253 0.440476 0.305322 0.439251 0.307423 0.437675 0.317460 0.435749 0.328665 0.435574 0.324930 0.434699 0.318861 0.435224 0.310458 0.434699 0.301821 0.436450 0.291783 0.437325 0.281746 0.439951 0.270542 0.441352 0.253035 0.442577 0.240663 0.442402 0.234594 0.443277 0.191410 0.442402 0.157796 0.438901 0.147526 0.436975 0.143791 0.440651 0.138889 0.448354 0.137021 0.453081 0.137255 0.460259
1 0.202381 0.321254 0.244631 0.318452 0.247199 0.317752 0.257470 0.318277 0.262605 0.317752 0.265173 0.318803 0.276144 0.319853 0.283147 0.321429 0.298553 0.322479 0.338702 0.328256 0.366947 0.334909 0.374883 0.335959 0.380019 0.337710 0.395658 0.321078 0.394958 0.321254 0.394024 0.319678 0.390523 0.318102 0.389823 0.323004 0.387021 0.323704 0.382820 0.321954 0.380486 0.320028 0.373016 0.318452 0.365546 0.315126 0.353175 0.313375 0.321195 0.310574 0.307656 0.308298 0.282213 0.301996 0.270308 0.300595 0.265873 0.300945 0.262138 0.299895 0.240430 0.301996 0.221522 0.305322 0.207750 0.312150 0.201914 0.317752 0.201681 0.321078 0.202381 0.321254
1 0.175303 0.265056 0.178571 0.272059 0.185341 0.280637 0.192344 0.286940 0.206583 0.297269 0.217087 0.302871 0.222923 0.304097 0.226891 0.304097 0.242297 0.301646 0.257236 0.300420 0.269841 0.300245 0.264939 0.298845 0.263539 0.296744 0.227124 0.282913 0.223156 0.278361 0.219888 0.276261 0.214286 0.269083 0.213819 0.264531 0.210317 0.258578 0.210084 0.255077 0.211951 0.251751 0.212185 0.243172 0.216153 0.234419 0.225257 0.222864 0.234127 0.215336 0.239496 0.213410 0.242297 0.211485 0.242997 0.209909 0.240896 0.208508 0.236461 0.206583 0.227358 0.205182 0.224090 0.206758 0.212418 0.207633 0.195612 0.215511 0.192344 0.218312 0.188609 0.223214 0.177404 0.243697 0.174837 0.251225 0.174603 0.262255 0.175303 0.265056
1 0.703081 0.615371 0.706816 0.615371 0.730159 0.620623 0.737862 0.623249 0.753735 0.627101 0.756069 0.628151 0.758403 0.630427 0.775444 0.639531 0.785714 0.641457 0.800187 0.642332 0.808964 0.641106 0.829132 0.640231 0.835434 0.639181 0.843137 0.636555 0.849206 0.636905 0.862512 0.634279 0.869748 0.631653 0.876751 0.631127 0.889589 0.627451 0.906863 0.620273 0.915966 0.617297 0.935574 0.605567 0.947479 0.596113 0.956349 0.587360 0.965686 0.574405 0.969188 0.564251 0.970588 0.557248 0.969188 0.543417 0.963585 0.536239 0.956583 0.530812 0.949346 0.527486 0.932773 0.522409 0.918534 0.520658 0.901261 0.519608 0.875584 0.520133 0.869748 0.521008 0.867647 0.522759 0.872082 0.532563 0.872782 0.538515 0.870915 0.546569 0.867180 0.552346 0.862745 0.556898 0.845938 0.568803 0.838702 0.572479 0.818394 0.580707 0.814192 0.581583 0.795985 0.588761 0.790383 0.589986 0.782446 0.592962 0.747432 0.601891 0.744865 0.601891 0.738095 0.603641 0.730626 0.603817 0.709851 0.607668 0.706583 0.608894 0.702848 0.608894 0.697712 0.612220 0.697946 0.613270 0.703081 0.615371
1 0.390756 0.583508 0.394024 0.583859 0.397759 0.585259 0.408497 0.586134 0.412698 0.588410 0.422035 0.591562 0.436508 0.594188 0.455182 0.598915 0.474790 0.602416 0.503968 0.612920 0.509104 0.615196 0.518908 0.621849 0.522409 0.622549 0.534080 0.611345 0.535948 0.607843 0.541083 0.602416 0.542951 0.598389 0.545051 0.596814 0.554855 0.583683 0.556022 0.580882 0.558975 0.578004 0.558975 0.576485 0.559987 0.573902 0.561606 0.571623 0.563025 0.567227 0.564893 0.557773 0.563492 0.553746 0.560691 0.549720 0.553688 0.544293 0.546685 0.541141 0.525677 0.535714 0.511671 0.534489 0.494398 0.534489 0.454949 0.542542 0.445612 0.544818 0.431606 0.549545 0.417134 0.556022 0.404762 0.563375 0.394258 0.571078 0.388422 0.576155 0.386788 0.578606 0.386321 0.581408 0.390756 0.583508
1 0.085901 0.588585 0.087768 0.592437 0.093371 0.600665 0.109711 0.610294 0.126984 0.617472 0.160598 0.625700 0.174136 0.626050 0.202614 0.629727 0.209851 0.629902 0.220121 0.632178 0.230626 0.633403 0.234127 0.634804 0.237628 0.634454 0.239496 0.632353 0.244865 0.620273 0.253735 0.607668 0.267507 0.595413 0.274510 0.591211 0.297152 0.581583 0.312792 0.580007 0.319678 0.578256 0.327264 0.577381 0.349206 0.577381 0.373483 0.578957 0.376751 0.575630 0.378852 0.571429 0.380019 0.561800 0.378852 0.557248 0.376517 0.556197 0.364846 0.555672 0.357143 0.554272 0.334034 0.547794 0.320495 0.545343 0.299020 0.538690 0.286181 0.530987 0.278245 0.524510 0.267274 0.511905 0.265640 0.507528 0.262138 0.504027 0.241130 0.499125 0.229458 0.498424 0.199580 0.499125 0.185341 0.500525 0.168768 0.503852 0.164799 0.505777 0.161298 0.506127 0.151027 0.509104 0.130019 0.516807 0.113212 0.524860 0.098273 0.535714 0.087535 0.549020 0.084267 0.559349 0.084734 0.582458 0.085901 0.588585
1 0.499533 0.701506 0.508637 0.711310 0.518207 0.714986 0.528245 0.716912 0.552988 0.724615 0.574463 0.732318 0.591737 0.735644 0.619281 0.737920 0.632586 0.737920 0.661298 0.736520 0.688609 0.733368 0.701914 0.730042 0.706583 0.729867 0.711485 0.728641 0.727358 0.723564 0.737862 0.717787 0.741130 0.716912 0.749066 0.713060 0.768207 0.699930 0.780112 0.686975 0.784781 0.678746 0.785481 0.672794 0.785014 0.664391 0.778945 0.647234 0.774510 0.640756 0.761905 0.633053 0.753968 0.630252 0.747199 0.626751 0.731326 0.623074 0.727124 0.622899 0.717554 0.620973 0.685808 0.612395 0.679739 0.611695 0.660831 0.610469 0.646825 0.610469 0.623249 0.608718 0.615313 0.609069 0.605742 0.608018 0.584967 0.609069 0.577965 0.609769 0.557190 0.615546 0.532913 0.626576 0.528945 0.629377 0.528245 0.630077 0.528711 0.633754 0.531513 0.639006 0.532213 0.646183 0.529178 0.658088 0.526611 0.664041 0.514239 0.680322 0.505602 0.687850 0.498133 0.692752 0.496732 0.696078 0.499533 0.701506
1 0.526408 0.625700 0.529676 0.626225 0.538546 0.623074 0.547183 0.618522 0.555587 0.615371 0.571460 0.610644 0.583598 0.609069 0.605306 0.607493 0.609742 0.607493 0.613243 0.608368 0.615811 0.607668 0.624165 0.607328 0.601105 0.600665 0.592001 0.596814 0.582431 0.588936 0.577600 0.583018 0.576588 0.578004 0.569907 0.586513 0.565858 0.587425 0.561606 0.584994 0.562011 0.581195 0.564846 0.578460 0.569705 0.574206 0.573349 0.569344 0.570717 0.558404 0.566870 0.557493 0.556987 0.580882 0.547884 0.594013 0.535745 0.608193 0.530377 0.616071 0.525241 0.620098 0.523607 0.623249 0.526408 0.625700
1 0.780579 0.648985 0.785714 0.665091 0.785948 0.675770 0.781979 0.685924 0.777778 0.691702 0.770308 0.699755 0.747899 0.714636 0.727124 0.724265 0.720121 0.726015 0.713352 0.729167 0.706816 0.730742 0.719888 0.733193 0.762138 0.735119 0.798786 0.738796 0.807423 0.740371 0.814426 0.743172 0.823996 0.745798 0.828898 0.748599 0.835901 0.757003 0.838002 0.766982 0.837535 0.775910 0.839636 0.777486 0.853408 0.777136 0.871382 0.773459 0.880486 0.772934 0.893324 0.769258 0.901727 0.765581 0.911298 0.758578 0.913165 0.756127 0.915966 0.747899 0.916667 0.737570 0.914099 0.724265 0.908730 0.709909 0.901027 0.697304 0.892624 0.687850 0.878385 0.675420 0.852708 0.660364 0.838936 0.656338 0.833333 0.653536 0.824230 0.650385 0.810224 0.646534 0.789683 0.643207 0.779645 0.642157 0.778245 0.642857 0.777778 0.644433 0.780579 0.648985
1 0.066060 0.692752 0.068394 0.696078 0.074230 0.702206 0.082866 0.709384 0.092204 0.715161 0.101774 0.719538 0.105509 0.721989 0.125117 0.728466 0.136555 0.730042 0.143791 0.732843 0.168301 0.736695 0.187908 0.738095 0.224790 0.739146 0.241597 0.738620 0.260971 0.735644 0.272176 0.731443 0.276144 0.728817 0.280579 0.724440 0.306489 0.709909 0.308590 0.706583 0.308590 0.702906 0.306723 0.701331 0.300187 0.698004 0.279178 0.689776 0.265640 0.682948 0.250000 0.671043 0.246499 0.667017 0.240896 0.657388 0.239029 0.651611 0.238329 0.640231 0.235994 0.636380 0.227591 0.633929 0.208217 0.630777 0.175537 0.627276 0.160598 0.627276 0.151027 0.628501 0.145191 0.628326 0.133520 0.630077 0.106209 0.636380 0.096405 0.640406 0.075630 0.653711 0.070495 0.659314 0.066760 0.664916 0.063259 0.676821 0.063492 0.685399 0.066060 0.692752
0 0.265640 0.789741 0.276611 0.805322 0.285481 0.812500 0.299253 0.818978 0.304155 0.819678 0.308357 0.822304 0.327965 0.826155 0.334734 0.828606 0.341503 0.830007 0.367414 0.831933 0.372549 0.833333 0.376984 0.832983 0.397292 0.834209 0.425070 0.834209 0.456583 0.830007 0.494631 0.819503 0.505135 0.815651 0.507703 0.814076 0.515640 0.811800 0.545985 0.798845 0.555556 0.793067 0.566993 0.783789 0.572596 0.777836 0.582166 0.762080 0.581933 0.751401 0.580532 0.744573 0.571195 0.734769 0.564426 0.730917 0.536415 0.721113 0.519841 0.718137 0.508870 0.715336 0.504669 0.715686 0.484360 0.710434 0.467320 0.707108 0.456116 0.708683 0.447712 0.711134 0.435341 0.713410 0.419468 0.715861 0.410131 0.716387 0.373950 0.714461 0.355275 0.712360 0.341970 0.709209 0.328431 0.706933 0.317460 0.707283 0.295985 0.716912 0.285247 0.723389 0.275210 0.730742 0.265873 0.744573 0.263305 0.746324 0.262605 0.751225 0.262838 0.774335 0.265640 0.789741
1 0.509804 0.831232 0.514706 0.840161 0.522642 0.851891 0.526144 0.854167 0.527544 0.856092 0.535014 0.860644 0.550187 0.866246 0.584967 0.872024 0.605509 0.873249 0.633754 0.872549 0.685574 0.868172 0.697712 0.864846 0.730626 0.858543 0.743931 0.853992 0.751401 0.850315 0.758870 0.848214 0.775677 0.841211 0.781746 0.836835 0.800187 0.826155 0.810691 0.818102 0.816993 0.812150 0.825397 0.801821 0.830999 0.792192 0.835201 0.779587 0.835901 0.774860 0.836134 0.764531 0.835201 0.758403 0.831466 0.751751 0.824230 0.747024 0.817694 0.744573 0.812558 0.743873 0.807190 0.741597 0.790149 0.738796 0.759337 0.735994 0.695145 0.733193 0.685107 0.734944 0.666667 0.736870 0.643557 0.738270 0.618036 0.738796 0.597806 0.737920 0.591503 0.739496 0.583333 0.744748 0.583100 0.762955 0.575163 0.776611 0.567927 0.784664 0.560691 0.790616 0.547619 0.798845 0.535014 0.804972 0.528945 0.806723 0.519141 0.811800 0.512372 0.814076 0.508403 0.817402 0.507236 0.819853 0.506769 0.821078 0.509804 0.831232
1 0.651027 0.918067 0.661064 0.930497 0.672502 0.939601 0.678805 0.946078 0.694678 0.954832 0.703548 0.957633 0.731326 0.959734 0.751634 0.958683 0.761204 0.957108 0.775910 0.953431 0.787582 0.948179 0.796919 0.946078 0.835201 0.931548 0.859711 0.917192 0.866246 0.911239 0.870682 0.908613 0.877918 0.902661 0.891457 0.887255 0.900327 0.868873 0.903828 0.856443 0.904528 0.850665 0.903595 0.835609 0.902194 0.827906 0.894491 0.813725 0.887955 0.806373 0.879552 0.799720 0.870448 0.795518 0.859477 0.793417 0.846639 0.791842 0.834500 0.792542 0.831232 0.794468 0.825397 0.803922 0.818861 0.811975 0.808590 0.821429 0.792951 0.832283 0.773343 0.843137 0.758870 0.849440 0.727124 0.860469 0.706116 0.863971 0.699580 0.866246 0.696078 0.866246 0.693044 0.867472 0.675770 0.870798 0.661298 0.871674 0.649160 0.873249 0.647292 0.874300 0.644024 0.884454 0.645658 0.904412 0.651027 0.918067
1 0.371148 0.880077 0.376050 0.890756 0.381186 0.897584 0.388655 0.904062 0.404062 0.912290 0.425303 0.920343 0.459617 0.929272 0.488095 0.933999 0.514939 0.935749 0.529412 0.935574 0.560458 0.932773 0.574230 0.929797 0.582633 0.927171 0.598973 0.919468 0.602708 0.918417 0.626050 0.903011 0.636555 0.890581 0.636788 0.888305 0.640056 0.881478 0.640523 0.876576 0.639589 0.875000 0.636555 0.873599 0.598506 0.873775 0.584967 0.872724 0.572596 0.871148 0.549720 0.866597 0.541317 0.864146 0.535714 0.861695 0.528945 0.857843 0.523343 0.853466 0.517040 0.845413 0.513305 0.839636 0.511671 0.834559 0.508170 0.828606 0.507003 0.821254 0.505135 0.818277 0.498133 0.818978 0.483427 0.824055 0.457283 0.830882 0.444911 0.832808 0.416667 0.835259 0.403595 0.835259 0.376284 0.833859 0.372316 0.835084 0.369514 0.839111 0.368114 0.843137 0.368114 0.866246 0.371148 0.880077
1 0.147059 0.873599 0.164099 0.884629 0.175537 0.889181 0.186975 0.892507 0.189076 0.894083 0.196312 0.896709 0.202614 0.898284 0.230626 0.901436 0.265406 0.904062 0.301821 0.904762 0.317227 0.903186 0.328198 0.901085 0.345238 0.896008 0.356676 0.890931 0.362745 0.887430 0.367880 0.880077 0.368347 0.877626 0.366246 0.857756 0.367180 0.842962 0.369281 0.834909 0.366246 0.833508 0.341737 0.831408 0.314659 0.824755 0.309991 0.824755 0.306489 0.825805 0.283147 0.843662 0.256303 0.854342 0.237395 0.860644 0.213119 0.865721 0.196545 0.867822 0.173903 0.867997 0.165733 0.868873 0.152894 0.869048 0.147292 0.868347 0.144024 0.869223 0.143091 0.869748 0.147059 0.873599
1 0.023810 0.818277 0.024276 0.829132 0.026377 0.835084 0.031046 0.842262 0.039216 0.850315 0.042951 0.851015 0.050654 0.854342 0.059991 0.856968 0.070495 0.858368 0.077731 0.858193 0.089636 0.859419 0.091036 0.860819 0.095238 0.862745 0.099673 0.862045 0.109244 0.864846 0.143791 0.869048 0.145658 0.868522 0.158263 0.869223 0.174837 0.867647 0.192577 0.867647 0.232726 0.861169 0.255135 0.853992 0.265173 0.849090 0.272876 0.846989 0.283147 0.842262 0.291783 0.836485 0.299953 0.828957 0.303922 0.826856 0.306256 0.824580 0.304388 0.821078 0.296685 0.818978 0.291083 0.816527 0.278245 0.808648 0.272176 0.801996 0.267740 0.794818 0.263772 0.785364 0.262372 0.783438 0.261204 0.783088 0.260037 0.769958 0.260738 0.769083 0.260271 0.757878 0.262605 0.744573 0.238329 0.741246 0.168067 0.737395 0.157796 0.735644 0.149393 0.735119 0.140990 0.735469 0.109010 0.742472 0.086368 0.750700 0.064192 0.761905 0.049720 0.771183 0.039449 0.779412 0.033847 0.785014 0.023810 0.798669 0.020775 0.808999 0.020542 0.814251 0.023810 0.818277
1 0.389589 0.341912 0.401261 0.345588 0.410364 0.351541 0.413632 0.359069 0.413165 0.366772 0.406396 0.381653 0.403128 0.386905 0.395658 0.395833 0.380486 0.408964 0.374883 0.411415 0.373016 0.413866 0.362045 0.418768 0.358543 0.421569 0.355976 0.422094 0.351774 0.425245 0.353408 0.428746 0.355742 0.429972 0.391923 0.426646 0.418768 0.425070 0.437675 0.425420 0.465920 0.428221 0.472222 0.426821 0.478291 0.423669 0.485061 0.418768 0.531046 0.380077 0.544351 0.367122 0.553688 0.355742 0.561858 0.343662 0.563259 0.338936 0.564192 0.327031 0.562325 0.320378 0.557190 0.313200 0.548553 0.306373 0.539916 0.301646 0.525677 0.296218 0.515173 0.294643 0.508170 0.292542 0.490896 0.291667 0.473856 0.293242 0.456816 0.297094 0.446078 0.298669 0.436508 0.302871 0.425070 0.306548 0.412698 0.312325 0.399860 0.320378 0.388655 0.328081 0.387488 0.330882 0.383754 0.332458 0.381653 0.335084 0.381653 0.338585 0.389589 0.341912
1 0.720822 0.345938 0.726657 0.355392 0.728058 0.366422 0.726891 0.372549 0.721522 0.387080 0.711018 0.401085 0.706116 0.404587 0.697479 0.414741 0.700514 0.418067 0.703081 0.419468 0.707516 0.419293 0.709617 0.420168 0.713819 0.420343 0.733660 0.419118 0.769608 0.419118 0.786648 0.420343 0.794118 0.418592 0.821195 0.415266 0.824463 0.413866 0.836835 0.410889 0.847806 0.408964 0.862278 0.402486 0.869981 0.399860 0.874183 0.397759 0.880952 0.392682 0.888422 0.383053 0.890523 0.373249 0.889589 0.363095 0.887255 0.355742 0.881186 0.348039 0.874883 0.341211 0.869514 0.338060 0.863912 0.333333 0.850373 0.327206 0.838702 0.323354 0.817227 0.318803 0.804388 0.317227 0.772176 0.316877 0.744164 0.318978 0.738562 0.321078 0.730626 0.319678 0.725724 0.322129 0.722456 0.322129 0.713819 0.325105 0.709617 0.325805 0.704949 0.328081 0.704248 0.330882 0.713585 0.336835 0.720822 0.345938