1 0.248133 0.096113 0.261438 0.121499 0.267740 0.143908 0.274977 0.147234 0.286181 0.151085 0.293184 0.152311 0.299953 0.146359 0.306256 0.142507 0.322129 0.137955 0.327498 0.133403 0.331699 0.131127 0.343137 0.119398 0.345472 0.116246 0.345472 0.111870 0.340570 0.099265 0.339869 0.092962 0.340336 0.084909 0.342670 0.077556 0.350373 0.064251 0.356443 0.058648 0.362979 0.054972 0.368581 0.053571 0.370448 0.051821 0.370915 0.049895 0.366713 0.042017 0.362745 0.039741 0.359944 0.036064 0.351541 0.032563 0.345472 0.030987 0.332166 0.029062 0.324230 0.029237 0.306956 0.032913 0.297852 0.036239 0.286181 0.038866 0.278945 0.042192 0.274510 0.043067 0.261671 0.050245 0.249300 0.061450 0.240896 0.067052 0.234594 0.075455 0.233660 0.078256 0.248133 0.096113
1 0.122082 0.126751 0.122549 0.133578 0.125117 0.144083 0.127684 0.150385 0.133520 0.159139 0.140289 0.158613 0.151727 0.153186 0.161531 0.149860 0.182773 0.144783 0.199346 0.142157 0.218954 0.140231 0.235528 0.139881 0.248599 0.140931 0.261905 0.144608 0.265406 0.144608 0.266106 0.143908 0.266340 0.140581 0.264239 0.130077 0.260037 0.118873 0.254202 0.109594 0.249066 0.099090 0.239029 0.085959 0.229925 0.076506 0.214753 0.066702 0.204482 0.061975 0.186975 0.057423 0.182073 0.054272 0.180672 0.054797 0.170635 0.054622 0.161765 0.056022 0.158730 0.057598 0.147059 0.060224 0.133520 0.066877 0.129085 0.070728 0.124883 0.077906 0.119981 0.089986 0.119281 0.093662 0.119048 0.116071 0.122082 0.126751
1 0.077731 0.227766 0.084734 0.233894 0.107610 0.250700 0.115546 0.254377 0.129552 0.263480 0.140523 0.268382 0.150093 0.270833 0.157563 0.271534 0.168067 0.274860 0.172035 0.275035 0.179272 0.273810 0.186508 0.271534 0.206583 0.268382 0.231092 0.268207 0.239029 0.265756 0.255135 0.265931 0.258870 0.265231 0.265640 0.263130 0.272176 0.258929 0.277544 0.256828 0.280112 0.254902 0.281279 0.252101 0.281046 0.244923 0.277778 0.228641 0.276611 0.201506 0.281513 0.175420 0.287115 0.162290 0.290383 0.157913 0.289216 0.154412 0.275910 0.149510 0.272409 0.148985 0.269141 0.147059 0.248133 0.141457 0.234594 0.140406 0.220121 0.140756 0.196078 0.143032 0.177171 0.146359 0.150794 0.154237 0.143324 0.158438 0.136788 0.160889 0.116480 0.171043 0.108310 0.174370 0.098973 0.179447 0.087302 0.188901 0.084034 0.192577 0.081232 0.196078 0.073296 0.210084 0.073063 0.220938 0.077731 0.227766
1 0.000000 0.338761 0.012838 0.343137 0.033380 0.346464 0.061391 0.339636 0.072362 0.332633 0.086601 0.319503 0.094071 0.307598 0.097339 0.296218 0.097806 0.286064 0.095938 0.272409 0.092670 0.260154 0.089869 0.242822 0.085901 0.237395 0.077731 0.229692 0.071895 0.221289 0.070728 0.213410 0.068861 0.208683 0.053688 0.197304 0.025910 0.182948 0.015406 0.179622 0.004902 0.177521 0.000000 0.177521 0.000000 0.338761
0 0.278945 0.230217 0.285481 0.261905 0.298786 0.289566 0.308590 0.304272 0.313725 0.310924 0.327965 0.325105 0.344304 0.338936 0.364379 0.349790 0.373016 0.353116 0.386788 0.356618 0.390523 0.356092 0.394491 0.352941 0.400093 0.345238 0.407796 0.336835 0.410598 0.332108 0.411064 0.328256 0.415733 0.318978 0.422269 0.300420 0.425537 0.286415 0.426937 0.275385 0.426937 0.258053 0.424370 0.241246 0.415500 0.212360 0.409197 0.199055 0.404995 0.192752 0.391223 0.175070 0.377218 0.161064 0.362512 0.151436 0.352474 0.146008 0.345705 0.143557 0.338469 0.141807 0.320261 0.140406 0.314192 0.141106 0.303221 0.145483 0.292717 0.156162 0.287348 0.164916 0.283147 0.174895 0.279412 0.189601 0.277544 0.202731 0.277544 0.217612 0.278945 0.230217
0 0.416433 0.335259 0.434874 0.377801 0.442810 0.389881 0.452148 0.401085 0.466387 0.415091 0.477591 0.422619 0.487395 0.424895 0.494164 0.424720 0.498366 0.424195 0.504435 0.422269 0.519374 0.415966 0.530345 0.408789 0.540850 0.398634 0.547152 0.390581 0.554855 0.375700 0.558357 0.366246 0.562092 0.351891 0.563725 0.338410 0.565126 0.308123 0.564426 0.299370 0.560691 0.278887 0.555089 0.263655 0.542951 0.240896 0.540383 0.237395 0.532680 0.231268 0.519608 0.225490 0.508637 0.221989 0.500467 0.221464 0.487395 0.222514 0.480159 0.224440 0.466387 0.230042 0.461485 0.232843 0.448880 0.242997 0.444211 0.245798 0.438842 0.250525 0.435574 0.255077 0.434407 0.258403 0.434407 0.262080 0.431373 0.268908 0.428338 0.272409 0.429272 0.281250 0.427871 0.290091 0.425303 0.296569 0.423903 0.303746 0.416200 0.321254 0.415266 0.328606 0.416433 0.335259
1 0.144258 0.321078 0.147993 0.332808 0.152894 0.341387 0.156162 0.344188 0.160598 0.351015 0.175070 0.365021 0.177404 0.366071 0.183473 0.371324 0.185574 0.372024 0.186975 0.373599 0.187675 0.376576 0.191410 0.379902 0.200747 0.384804 0.221989 0.399685 0.230859 0.410364 0.234360 0.413340 0.237862 0.414041 0.255836 0.423319 0.275677 0.430322 0.302521 0.434874 0.307190 0.437150 0.327031 0.439076 0.331466 0.440301 0.345472 0.439776 0.358777 0.436800 0.372316 0.430497 0.376284 0.429447 0.380952 0.426646 0.384921 0.422269 0.390289 0.408263 0.389589 0.387780 0.388422 0.380427 0.384921 0.369573 0.379785 0.358193 0.347339 0.341562 0.339169 0.335959 0.326564 0.325105 0.313259 0.311625 0.307890 0.305322 0.300420 0.293768 0.293417 0.285714 0.266807 0.276611 0.254669 0.273459 0.241130 0.271008 0.231326 0.270133 0.206116 0.270133 0.200280 0.270833 0.192810 0.272059 0.189309 0.273634 0.175303 0.276085 0.169935 0.278536 0.161064 0.285539 0.151727 0.296744 0.148226 0.299195 0.146125 0.301996 0.144258 0.307073 0.143324 0.314776 0.144258 0.321078
1 0.000000 0.513831 0.008637 0.516457 0.013539 0.516632 0.019608 0.518382 0.025677 0.518732 0.037582 0.520833 0.044818 0.521008 0.067460 0.518908 0.071429 0.519083 0.087068 0.516982 0.107610 0.510154 0.112278 0.509279 0.133287 0.500350 0.145425 0.493873 0.150794 0.490196 0.156629 0.487745 0.175303 0.474615 0.199580 0.462535 0.211951 0.454482 0.220588 0.446604 0.231326 0.430847 0.232726 0.426296 0.232960 0.418417 0.229458 0.410714 0.219888 0.400210 0.214052 0.395658 0.202848 0.388305 0.191176 0.382878 0.184407 0.380777 0.174603 0.379727 0.161531 0.376926 0.099206 0.372199 0.088235 0.372724 0.073763 0.375525 0.042717 0.385154 0.013072 0.397759 0.004435 0.403011 0.001634 0.405987 0.000000 0.405987 0.000000 0.513831
1 0.194211 0.485644 0.203081 0.509629 0.207983 0.520483 0.213585 0.527661 0.216387 0.533263 0.220121 0.536415 0.222222 0.540441 0.229692 0.546744 0.234127 0.549195 0.245798 0.558123 0.252334 0.566176 0.263072 0.574230 0.268908 0.581408 0.282680 0.592962 0.288749 0.595588 0.296685 0.597689 0.303688 0.598739 0.307423 0.598739 0.311625 0.597689 0.324463 0.590161 0.334267 0.582983 0.338469 0.579307 0.346405 0.568978 0.352941 0.552871 0.356676 0.527836 0.356676 0.518908 0.353875 0.506653 0.350373 0.496148 0.346872 0.489496 0.341737 0.482493 0.334967 0.470063 0.322362 0.455357 0.318861 0.449580 0.311158 0.442752 0.309524 0.439426 0.303922 0.436625 0.275910 0.431197 0.255369 0.424545 0.247199 0.423144 0.244631 0.421744 0.239963 0.423845 0.236928 0.426646 0.219655 0.449405 0.200980 0.463410 0.194211 0.466912 0.192577 0.471113 0.192577 0.477766 0.194211 0.485644
0 0.064192 0.682773 0.076797 0.713235 0.082166 0.723214 0.087535 0.729517 0.104342 0.755427 0.125350 0.777486 0.133287 0.784314 0.137021 0.786064 0.144024 0.791141 0.161998 0.797619 0.169234 0.797444 0.178338 0.799020 0.186275 0.798494 0.196545 0.791667 0.200280 0.788165 0.208917 0.777661 0.212652 0.769433 0.215219 0.761905 0.217554 0.748074 0.218954 0.721639 0.217320 0.700455 0.210084 0.676120 0.204015 0.662115 0.199580 0.654412 0.183940 0.633578 0.165033 0.611695 0.150560 0.599440 0.140990 0.594013 0.130019 0.590336 0.115546 0.589636 0.098739 0.591912 0.088235 0.594888 0.077965 0.599965 0.070495 0.605567 0.063959 0.615896 0.060691 0.636905 0.060691 0.664391 0.064192 0.682773
1 0.163632 0.605917 0.167367 0.612220 0.179739 0.626050 0.194911 0.644958 0.203782 0.659139 0.211018 0.675245 0.219188 0.699580 0.220822 0.701331 0.228525 0.705532 0.234594 0.710784 0.237162 0.711835 0.244865 0.713936 0.255135 0.713410 0.282913 0.694328 0.291783 0.687150 0.296919 0.682423 0.301821 0.675245 0.304855 0.672444 0.308590 0.665791 0.312792 0.655112 0.315593 0.640931 0.311625 0.623950 0.312325 0.612395 0.311391 0.605742 0.310458 0.604342 0.305789 0.599965 0.288749 0.595763 0.284547 0.594013 0.276144 0.588410 0.257703 0.570553 0.250934 0.565301 0.244398 0.557248 0.230112 0.548109 0.219888 0.539741 0.213819 0.529062 0.210084 0.524510 0.206583 0.522759 0.204015 0.525560 0.195845 0.527486 0.193277 0.528711 0.184641 0.536415 0.179505 0.542542 0.173903 0.555672 0.165733 0.571254 0.163165 0.578081 0.161064 0.588060 0.161064 0.598039 0.163632 0.605917
1 0.000000 0.637605 0.008870 0.638130 0.040850 0.635329 0.046685 0.633929 0.051120 0.632003 0.053455 0.632878 0.057190 0.632003 0.059290 0.629727 0.061158 0.619573 0.063959 0.612745 0.069094 0.605917 0.082166 0.596464 0.091503 0.592612 0.098739 0.590861 0.116246 0.588410 0.124650 0.588761 0.132820 0.590161 0.139589 0.591912 0.144491 0.594013 0.146592 0.591912 0.151261 0.591211 0.153361 0.589286 0.171335 0.557248 0.175537 0.542542 0.176704 0.536590 0.176471 0.532213 0.174603 0.526436 0.169001 0.518382 0.161298 0.514881 0.157330 0.512255 0.149860 0.509279 0.143557 0.503501 0.137722 0.501225 0.133754 0.501751 0.107376 0.512255 0.102241 0.512605 0.090570 0.516282 0.073996 0.519258 0.039683 0.521008 0.018674 0.519083 0.015873 0.519433 0.012138 0.521183 0.004902 0.526611 0.000000 0.528711 0.000000 0.637605
1 0.000000 0.837360 0.001634 0.837360 0.003968 0.835259 0.010504 0.831933 0.017274 0.830357 0.031513 0.824755 0.046685 0.814776 0.058357 0.805147 0.069328 0.790441 0.070962 0.786239 0.075864 0.778536 0.077264 0.773109 0.078665 0.756303 0.077965 0.741772 0.075864 0.731968 0.066293 0.716562 0.063025 0.713060 0.052754 0.703957 0.031513 0.691352 0.001867 0.676821 0.000000 0.676821 0.000000 0.837360
1 0.212652 0.873950 0.225023 0.888130 0.227358 0.889706 0.235061 0.891457 0.237628 0.893732 0.242530 0.892682 0.245331 0.890581 0.262138 0.889706 0.282913 0.884454 0.289216 0.879027 0.293417 0.876751 0.296685 0.876050 0.311391 0.866246 0.310458 0.862745 0.303455 0.858368 0.299253 0.853817 0.296218 0.852241 0.289449 0.845588 0.281513 0.831933 0.278711 0.824405 0.271942 0.788515 0.272409 0.761029 0.275910 0.748074 0.288282 0.724615 0.292717 0.718487 0.297386 0.714286 0.307890 0.701856 0.319795 0.690651 0.326797 0.685749 0.326797 0.682861 0.327965 0.680672 0.331466 0.680147 0.332400 0.678746 0.331466 0.674895 0.323529 0.679797 0.314192 0.680147 0.309057 0.681723 0.297386 0.688025 0.289916 0.690476 0.284547 0.693978 0.251167 0.719888 0.236928 0.737220 0.228525 0.751751 0.225023 0.761905 0.221755 0.767857 0.216853 0.784139 0.212652 0.802696 0.207983 0.834559 0.207983 0.859419 0.212652 0.873950
0 0.272176 0.775910 0.272409 0.789916 0.276611 0.807248 0.277077 0.814601 0.279412 0.825105 0.282680 0.833158 0.290850 0.845413 0.307190 0.860119 0.310224 0.860994 0.314426 0.864671 0.318861 0.867122 0.337768 0.873249 0.344771 0.873775 0.355976 0.873775 0.361345 0.872724 0.369281 0.872374 0.380486 0.870273 0.392857 0.866772 0.407796 0.860994 0.415266 0.855567 0.421802 0.849090 0.426237 0.842437 0.429972 0.838585 0.436041 0.828081 0.445145 0.807073 0.452148 0.775035 0.453782 0.762080 0.454715 0.742997 0.451681 0.720238 0.435574 0.682248 0.428805 0.676471 0.402194 0.668242 0.394258 0.666492 0.386788 0.665791 0.373016 0.666842 0.364846 0.668242 0.355976 0.671043 0.334967 0.681373 0.327965 0.685749 0.314426 0.696429 0.310224 0.701506 0.307423 0.703256 0.289683 0.723915 0.282446 0.736169 0.280812 0.741071 0.275444 0.751050 0.272642 0.762080 0.273343 0.766369 0.272176 0.775910
1 0.442344 0.689076 0.448179 0.706057 0.451214 0.710959 0.452381 0.714811 0.457516 0.721814 0.468021 0.730917 0.472923 0.737920 0.479925 0.742472 0.490196 0.747549 0.500233 0.756478 0.512138 0.764006 0.519141 0.766982 0.525677 0.768032 0.529412 0.767857 0.535948 0.765931 0.558590 0.755602 0.567694 0.749825 0.577965 0.741246 0.586368 0.730742 0.598973 0.708508 0.606676 0.684874 0.610644 0.663340 0.610411 0.657038 0.606676 0.633228 0.604809 0.626050 0.601774 0.619748 0.592437 0.606968 0.584500 0.598915 0.574697 0.590861 0.560691 0.582458 0.543651 0.576681 0.538049 0.578081 0.519841 0.589111 0.512138 0.591562 0.503035 0.595588 0.491597 0.597164 0.486695 0.598564 0.473856 0.599440 0.470822 0.601190 0.466620 0.605217 0.461485 0.611695 0.457049 0.619398 0.454248 0.627976 0.447012 0.643908 0.440943 0.674720 0.440710 0.679447 0.442344 0.689076
1 0.601541 0.540266 0.604108 0.543592 0.625117 0.561450 0.653828 0.581933 0.689309 0.602941 0.692577 0.604517 0.697012 0.605392 0.709851 0.613445 0.720588 0.617647 0.739729 0.627101 0.755369 0.632878 0.761905 0.634454 0.783380 0.636029 0.786181 0.635154 0.796452 0.634804 0.808357 0.630252 0.816060 0.619223 0.822596 0.611695 0.826331 0.596639 0.826797 0.580532 0.826097 0.571078 0.824463 0.563901 0.818627 0.550420 0.814192 0.545343 0.807890 0.534314 0.797386 0.522409 0.794351 0.520308 0.782913 0.508403 0.777778 0.506303 0.772176 0.502451 0.768207 0.497024 0.754202 0.491597 0.745565 0.484069 0.732493 0.476015 0.707750 0.467262 0.702614 0.464811 0.692810 0.461835 0.676004 0.458859 0.661298 0.457283 0.654528 0.457283 0.644024 0.458683 0.640523 0.459909 0.627218 0.462360 0.619514 0.464461 0.615079 0.466562 0.607376 0.473214 0.604575 0.477241 0.602241 0.484244 0.596639 0.494748 0.591970 0.509804 0.592204 0.518732 0.601541 0.540266
1 0.341036 0.477591 0.348973 0.490721 0.352241 0.493522 0.369514 0.501576 0.390056 0.502801 0.393557 0.504202 0.400794 0.503676 0.404295 0.501050 0.407796 0.501225 0.411298 0.500350 0.424370 0.494048 0.428805 0.493172 0.439309 0.489321 0.443044 0.484594 0.446312 0.477241 0.448179 0.469538 0.451214 0.464111 0.466153 0.443803 0.482960 0.428746 0.482493 0.425595 0.476424 0.423319 0.467554 0.416667 0.452381 0.401961 0.449346 0.397759 0.439076 0.387605 0.437208 0.387080 0.435574 0.385329 0.432306 0.386029 0.409430 0.392157 0.394024 0.398459 0.392157 0.402311 0.391690 0.408263 0.388422 0.418592 0.384921 0.424195 0.377218 0.429797 0.365313 0.435749 0.348973 0.440476 0.343371 0.442752 0.340570 0.449405 0.338936 0.459209 0.338002 0.470588 0.341036 0.477591
1 0.320962 0.651261 0.324230 0.659314 0.326797 0.663340 0.333333 0.672794 0.338469 0.676996 0.342437 0.677171 0.357143 0.669293 0.362278 0.667542 0.375350 0.665441 0.391223 0.665091 0.404762 0.666667 0.419701 0.671744 0.424370 0.672444 0.432073 0.671919 0.436975 0.668943 0.439076 0.665266 0.438842 0.661590 0.443044 0.647584 0.442344 0.644783 0.447012 0.636380 0.448413 0.634279 0.449580 0.633929 0.451681 0.625175 0.463585 0.602241 0.461485 0.598739 0.446312 0.592437 0.444211 0.590511 0.441877 0.586134 0.438842 0.578081 0.438842 0.574055 0.434174 0.554622 0.434407 0.522059 0.433473 0.519083 0.428571 0.515056 0.419935 0.511730 0.407330 0.509279 0.399160 0.508228 0.386555 0.508228 0.373016 0.510504 0.361345 0.515756 0.358310 0.521183 0.358310 0.526085 0.354342 0.550770 0.351307 0.560574 0.346405 0.569853 0.338936 0.579307 0.334734 0.583508 0.317460 0.595588 0.315826 0.598389 0.315359 0.608718 0.315359 0.630427 0.320962 0.651261
0 0.437908 0.567577 0.443978 0.588585 0.446078 0.591211 0.452848 0.594888 0.460084 0.597164 0.470355 0.598214 0.483427 0.598039 0.501867 0.595413 0.521242 0.587010 0.542484 0.574755 0.560691 0.559524 0.571429 0.545868 0.588235 0.515406 0.591503 0.502801 0.602708 0.474090 0.606676 0.447129 0.605275 0.438901 0.604108 0.435399 0.596639 0.425070 0.588936 0.417717 0.581232 0.412815 0.574930 0.410189 0.567227 0.408263 0.557890 0.406863 0.543651 0.407388 0.532213 0.410014 0.514006 0.419643 0.500934 0.424720 0.487162 0.427346 0.473389 0.438025 0.466853 0.444678 0.460084 0.452731 0.450980 0.466737 0.441410 0.493347 0.435107 0.528887 0.435808 0.553922 0.437908 0.567577
1 0.553221 0.404412 0.560458 0.405462 0.563959 0.406688 0.567927 0.406513 0.574463 0.408263 0.582166 0.411590 0.589869 0.416492 0.597106 0.424020 0.603641 0.432598 0.608077 0.443452 0.609477 0.445028 0.632120 0.447479 0.657796 0.445728 0.664799 0.442402 0.668301 0.439601 0.675770 0.436275 0.678805 0.433473 0.681606 0.432598 0.683240 0.426646 0.685574 0.425245 0.690243 0.410889 0.689542 0.396709 0.684407 0.373424 0.671802 0.348039 0.667600 0.342962 0.665266 0.338585 0.662932 0.337185 0.644958 0.313200 0.640056 0.309874 0.630486 0.299195 0.621849 0.293067 0.602708 0.283789 0.595472 0.281688 0.572829 0.277661 0.564192 0.277661 0.562092 0.279237 0.565826 0.303046 0.565826 0.322986 0.563959 0.349265 0.562792 0.355567 0.559757 0.362745 0.556956 0.373424 0.548086 0.390581 0.547852 0.397584 0.553221 0.404412
1 0.610644 0.191527 0.614379 0.206583 0.614846 0.233894 0.613212 0.245448 0.609711 0.254552 0.598739 0.267332 0.585668 0.273985 0.583567 0.276261 0.585201 0.277661 0.591970 0.280287 0.595472 0.280462 0.603408 0.283263 0.620915 0.292367 0.632353 0.300070 0.640523 0.310399 0.643791 0.312150 0.647526 0.311800 0.657563 0.305497 0.661765 0.300420 0.666900 0.296744 0.679972 0.273109 0.683240 0.262430 0.684407 0.237745 0.683007 0.234419 0.675770 0.227591 0.670401 0.220238 0.666433 0.211485 0.663866 0.202731 0.661998 0.188550 0.663165 0.182423 0.665266 0.178571 0.665500 0.175070 0.663165 0.171919 0.656863 0.167367 0.644491 0.160714 0.622082 0.153536 0.605976 0.151436 0.598739 0.152136 0.594771 0.154237 0.593371 0.157563 0.604342 0.175595 0.610644 0.191527
1 0.454248 0.154237 0.454482 0.158088 0.458217 0.171919 0.460084 0.183648 0.473856 0.212185 0.475724 0.214636 0.477591 0.220763 0.481092 0.222339 0.487628 0.221113 0.495098 0.220938 0.497899 0.219888 0.505369 0.220588 0.516573 0.223564 0.531046 0.229692 0.541083 0.237395 0.544818 0.242472 0.554155 0.260329 0.557423 0.269433 0.561391 0.274860 0.568861 0.276261 0.574930 0.276261 0.581466 0.275035 0.589402 0.271359 0.601541 0.264356 0.610411 0.252976 0.612045 0.248775 0.614613 0.235294 0.615079 0.223564 0.614146 0.209559 0.609477 0.189251 0.603408 0.175070 0.592904 0.157388 0.581699 0.145133 0.571895 0.137430 0.561158 0.126751 0.552521 0.123424 0.547619 0.119398 0.525910 0.112395 0.512138 0.112395 0.507937 0.113620 0.497899 0.113796 0.487628 0.115371 0.476657 0.119748 0.474790 0.121849 0.465686 0.126751 0.463119 0.130602 0.459851 0.133578 0.455649 0.147409 0.455882 0.150735 0.454248 0.154237
1 0.668067 0.213410 0.675303 0.226015 0.682540 0.232318 0.690476 0.236169 0.702848 0.240721 0.729692 0.244398 0.741130 0.247374 0.749300 0.247199 0.761671 0.244223 0.777544 0.234944 0.793884 0.222864 0.801821 0.215161 0.804388 0.210959 0.808357 0.199755 0.812092 0.186275 0.813725 0.176646 0.816293 0.170168 0.821662 0.160014 0.830532 0.147409 0.830766 0.143908 0.825864 0.133403 0.819561 0.126225 0.810691 0.120798 0.799953 0.116597 0.782913 0.112220 0.765873 0.110294 0.754669 0.110469 0.732493 0.114846 0.721289 0.119923 0.714519 0.122024 0.698413 0.134104 0.684174 0.147409 0.677871 0.155637 0.667134 0.174370 0.665733 0.179272 0.663866 0.182248 0.662932 0.188200 0.662698 0.192577 0.668067 0.213410
0 0.810691 0.265056 0.819094 0.277836 0.825864 0.284489 0.832866 0.293417 0.838469 0.297969 0.846639 0.303046 0.849673 0.306022 0.851541 0.309874 0.876751 0.325805 0.888189 0.330357 0.897993 0.330882 0.904528 0.329307 0.911064 0.324755 0.923203 0.309699 0.929038 0.300770 0.936041 0.286239 0.947246 0.256303 0.948880 0.247899 0.950747 0.244398 0.955415 0.217087 0.955415 0.202906 0.952614 0.197654 0.949813 0.186275 0.937675 0.169293 0.929038 0.154237 0.913866 0.140581 0.906863 0.136204 0.903128 0.134979 0.895191 0.129727 0.887021 0.126576 0.869748 0.125525 0.866013 0.125875 0.859477 0.127976 0.851774 0.131653 0.845472 0.133578 0.841737 0.136380 0.832866 0.146183 0.830065 0.151961 0.822829 0.161765 0.815826 0.175245 0.811158 0.197304 0.809057 0.203431 0.804855 0.227066 0.805089 0.245623 0.810691 0.265056
1 0.349440 0.115196 0.361578 0.130252 0.380019 0.145483 0.394024 0.154412 0.413866 0.162640 0.422269 0.162990 0.424837 0.162290 0.431139 0.162290 0.438842 0.160714 0.442810 0.160889 0.446078 0.159314 0.450047 0.158613 0.452148 0.151611 0.454015 0.139881 0.459617 0.132003 0.465453 0.125875 0.474090 0.119573 0.475023 0.115721 0.468254 0.100490 0.457283 0.084734 0.449580 0.078256 0.445612 0.075980 0.442344 0.072654 0.436741 0.069503 0.426471 0.065476 0.408030 0.055147 0.404528 0.054797 0.397292 0.052521 0.387255 0.052171 0.376050 0.053046 0.362979 0.055847 0.352241 0.064251 0.350607 0.067577 0.347572 0.070903 0.341737 0.085084 0.341503 0.095763 0.349440 0.115196
1 0.601074 0.144083 0.603875 0.150210 0.607376 0.151436 0.622549 0.153536 0.637255 0.157913 0.651027 0.163690 0.664799 0.172269 0.668301 0.170168 0.677638 0.154412 0.683007 0.147584 0.694444 0.136380 0.711718 0.123074 0.713585 0.120098 0.714052 0.117472 0.713819 0.105392 0.710784 0.102416 0.708450 0.101891 0.688842 0.101015 0.681606 0.102066 0.619514 0.106618 0.613679 0.108018 0.603408 0.108018 0.600373 0.109244 0.598506 0.112745 0.599673 0.134629 0.601074 0.144083
1 0.483894 0.115021 0.498366 0.112745 0.519841 0.110644 0.526377 0.110994 0.536415 0.113445 0.542017 0.116772 0.553688 0.121674 0.563025 0.127801 0.575864 0.140406 0.583567 0.146183 0.588469 0.151261 0.591970 0.151611 0.597572 0.147584 0.598506 0.143032 0.598273 0.137255 0.597106 0.132353 0.593371 0.124825 0.581466 0.106443 0.574697 0.103817 0.567694 0.102241 0.539916 0.099090 0.494398 0.096814 0.491363 0.098564 0.487628 0.102766 0.482960 0.111695 0.482726 0.113796 0.483894 0.115021
1 0.542250 0.835434 0.545285 0.845063 0.550654 0.855392 0.552054 0.862395 0.555789 0.871324 0.562092 0.880952 0.566293 0.890756 0.575630 0.907563 0.583100 0.918067 0.590103 0.925420 0.606909 0.938550 0.611811 0.943978 0.616013 0.946779 0.627918 0.951856 0.633520 0.952731 0.644258 0.956057 0.647526 0.956758 0.653128 0.955882 0.658030 0.952906 0.668067 0.950280 0.678805 0.945728 0.682073 0.943452 0.691410 0.932598 0.694911 0.929972 0.696779 0.927346 0.698413 0.922444 0.698413 0.898985 0.701447 0.886380 0.703315 0.865896 0.699813 0.841562 0.694444 0.830532 0.688142 0.810574 0.677404 0.786239 0.658730 0.752626 0.644491 0.734944 0.633754 0.726366 0.624883 0.721464 0.621849 0.717612 0.612979 0.714636 0.608777 0.714286 0.602241 0.712185 0.598973 0.712185 0.594538 0.716912 0.589869 0.727241 0.585434 0.734419 0.579832 0.740721 0.573063 0.747024 0.560224 0.756478 0.548786 0.761204 0.542250 0.765756 0.540616 0.768908 0.541317 0.775210 0.540149 0.786064 0.540616 0.798669 0.539449 0.800770 0.538515 0.807248 0.538982 0.821254 0.542250 0.835434
1 0.390056 0.894958 0.397526 0.907038 0.404762 0.914916 0.411531 0.919468 0.418301 0.920693 0.433007 0.920868 0.439076 0.919993 0.460317 0.912465 0.477124 0.902836 0.491597 0.890931 0.499300 0.883403 0.507003 0.874825 0.516573 0.860644 0.525444 0.841737 0.526844 0.837010 0.528711 0.824755 0.528945 0.813725 0.531746 0.811975 0.533847 0.807423 0.532913 0.803396 0.534314 0.799895 0.528478 0.777136 0.528711 0.772234 0.527077 0.770658 0.522876 0.769433 0.508170 0.762255 0.505135 0.759104 0.498599 0.755427 0.488562 0.746849 0.474556 0.740371 0.464753 0.730917 0.460084 0.728817 0.456349 0.727941 0.455415 0.729867 0.455882 0.749168 0.455182 0.762255 0.447246 0.803746 0.436508 0.828782 0.430205 0.839636 0.420868 0.851541 0.414799 0.857318 0.409197 0.861345 0.400560 0.865721 0.387255 0.869573 0.385854 0.872724 0.386321 0.883053 0.390056 0.894958
1 0.780112 0.859769 0.786181 0.879727 0.793651 0.899335 0.797152 0.903536 0.800420 0.905287 0.817227 0.909489 0.821662 0.909314 0.824697 0.907738 0.828431 0.911415 0.838469 0.917192 0.844771 0.917892 0.856443 0.915616 0.866246 0.917542 0.882820 0.916667 0.895892 0.911415 0.899160 0.908964 0.933940 0.866246 0.939309 0.852416 0.943277 0.838060 0.943978 0.832283 0.943511 0.814251 0.943044 0.807248 0.941643 0.804272 0.941176 0.800245 0.939542 0.794818 0.929505 0.772409 0.925303 0.765406 0.921802 0.761555 0.918301 0.761730 0.911064 0.767682 0.908730 0.770658 0.901027 0.776261 0.897759 0.777311 0.892390 0.780462 0.879552 0.785364 0.869514 0.786765 0.859944 0.785189 0.855509 0.783789 0.852007 0.783613 0.841737 0.780987 0.829599 0.776436 0.824463 0.771709 0.817460 0.768207 0.814426 0.767332 0.811158 0.767682 0.809757 0.771884 0.808824 0.782913 0.805789 0.793592 0.804155 0.803746 0.802288 0.806898 0.797152 0.824055 0.790616 0.832108 0.782913 0.835084 0.778011 0.838410 0.777778 0.849615 0.780112 0.859769
1 0.747666 0.647234 0.749533 0.653711 0.748599 0.661415 0.750700 0.668943 0.751634 0.681373 0.753501 0.685749 0.754669 0.692927 0.758170 0.696866 0.757937 0.700105 0.759570 0.705882 0.762605 0.708508 0.764939 0.716737 0.769374 0.724615 0.772642 0.732668 0.780345 0.741071 0.799486 0.756127 0.802521 0.757528 0.811158 0.764006 0.819094 0.767332 0.829832 0.775385 0.838469 0.779412 0.848739 0.782213 0.865780 0.785539 0.876984 0.785364 0.883287 0.783613 0.894024 0.779062 0.907096 0.771008 0.912465 0.765406 0.917134 0.761905 0.924136 0.751751 0.928571 0.742997 0.933240 0.725490 0.934407 0.717437 0.933473 0.713585 0.933473 0.704132 0.930906 0.689251 0.927171 0.676120 0.923436 0.669293 0.921102 0.661064 0.916900 0.653361 0.911765 0.647409 0.905462 0.635679 0.894024 0.620273 0.880952 0.605567 0.876517 0.602416 0.874183 0.598915 0.860177 0.590686 0.849440 0.587360 0.838469 0.585259 0.828431 0.586134 0.827498 0.587885 0.827031 0.598915 0.823996 0.613270 0.822596 0.615546 0.816527 0.619573 0.814192 0.622024 0.809757 0.630252 0.795518 0.635679 0.790149 0.636730 0.775444 0.637430 0.772409 0.636380 0.769141 0.637605 0.762138 0.634454 0.751634 0.633228 0.750233 0.634454 0.749300 0.637080 0.749066 0.644608 0.747666 0.647234
1 0.678105 0.782213 0.689309 0.806898 0.692810 0.809174 0.694444 0.812325 0.698179 0.815126 0.715920 0.825805 0.724090 0.830182 0.732026 0.833158 0.744631 0.836485 0.760271 0.837885 0.765173 0.839286 0.772176 0.837010 0.775910 0.837010 0.785481 0.833158 0.791317 0.829482 0.795051 0.824580 0.797852 0.818978 0.802288 0.803922 0.806489 0.786415 0.807890 0.773634 0.807656 0.765056 0.805556 0.760504 0.797386 0.755602 0.792250 0.750700 0.781513 0.743172 0.771242 0.731268 0.765873 0.719013 0.759337 0.708158 0.756769 0.699755 0.756769 0.696078 0.755135 0.693452 0.752801 0.695903 0.751167 0.706758 0.741597 0.741422 0.737862 0.747899 0.729225 0.756828 0.720355 0.762080 0.713119 0.763831 0.708683 0.764006 0.699113 0.763305 0.692577 0.762080 0.668534 0.755952 0.665733 0.757703 0.668301 0.767157 0.678105 0.782213
1 0.592437 0.602241 0.605509 0.623775 0.609711 0.643908 0.611811 0.662990 0.608777 0.685924 0.607143 0.689251 0.606909 0.692927 0.608777 0.696954 0.616480 0.706232 0.618114 0.711310 0.625117 0.717962 0.633754 0.723915 0.644491 0.733193 0.658030 0.748950 0.663399 0.752801 0.671102 0.756478 0.675537 0.757353 0.681606 0.759804 0.685574 0.760854 0.693044 0.761380 0.699113 0.763305 0.713585 0.763655 0.718954 0.762080 0.728992 0.756478 0.734360 0.751225 0.738329 0.745448 0.743464 0.734244 0.749300 0.710609 0.750233 0.695378 0.748599 0.687500 0.748599 0.678046 0.739496 0.633403 0.736228 0.626751 0.734360 0.625175 0.704482 0.610469 0.699580 0.606793 0.696078 0.606618 0.690943 0.604342 0.664566 0.590161 0.636788 0.570903 0.632820 0.569328 0.629785 0.568978 0.623483 0.571078 0.610177 0.577206 0.601541 0.584909 0.595238 0.591912 0.593604 0.595413 0.592437 0.598739 0.592437 0.602241
1 0.799020 0.470413 0.802754 0.477416 0.813959 0.491071 0.816993 0.492997 0.821195 0.498249 0.823763 0.500175 0.827264 0.508403 0.827731 0.512430 0.832166 0.519958 0.831232 0.522409 0.832866 0.526786 0.831466 0.529412 0.832866 0.533438 0.831699 0.536590 0.833333 0.540091 0.831466 0.544118 0.831466 0.550595 0.838235 0.552696 0.841737 0.555672 0.844538 0.556373 0.852708 0.556022 0.890056 0.560924 0.893791 0.559349 0.898459 0.550245 0.896592 0.543242 0.896125 0.529237 0.897993 0.515406 0.902894 0.493172 0.907796 0.480742 0.910364 0.466912 0.912465 0.463235 0.914099 0.455707 0.917367 0.446429 0.921569 0.439426 0.918301 0.423845 0.908730 0.410014 0.904528 0.406863 0.901027 0.407563 0.897059 0.410889 0.889589 0.419468 0.883053 0.424545 0.877218 0.431022 0.862745 0.441001 0.856209 0.444503 0.824697 0.457633 0.810224 0.462535 0.801354 0.464636 0.799020 0.466211 0.798319 0.466912 0.799020 0.470413
1 0.690476 0.439251 0.693511 0.444678 0.701447 0.450805 0.712068 0.455795 0.717087 0.459384 0.730859 0.462710 0.737862 0.463235 0.748133 0.465511 0.774043 0.466912 0.786181 0.464986 0.795285 0.464636 0.823296 0.457983 0.842670 0.449580 0.848739 0.446254 0.855976 0.443978 0.866013 0.438200 0.876751 0.430322 0.890990 0.416842 0.895658 0.410714 0.904295 0.402311 0.906162 0.398985 0.915266 0.388130 0.917834 0.382528 0.922269 0.376926 0.926237 0.360294 0.926004 0.349615 0.923203 0.341211 0.917367 0.333508 0.914799 0.328081 0.911531 0.328256 0.905229 0.330532 0.898459 0.331758 0.894024 0.331933 0.887255 0.330882 0.873483 0.324755 0.859010 0.316176 0.852708 0.313725 0.847806 0.313725 0.823063 0.319328 0.799020 0.328431 0.796685 0.328431 0.786415 0.331583 0.752568 0.348389 0.716153 0.380427 0.700047 0.397409 0.692110 0.411590 0.688609 0.425945 0.688142 0.432598 0.690476 0.439251
1 0.668534 0.341912 0.677171 0.355392 0.686508 0.376576 0.691176 0.401786 0.692577 0.405462 0.696078 0.403011 0.699113 0.397409 0.704015 0.391632 0.707516 0.389181 0.724556 0.372024 0.743464 0.355742 0.746499 0.351716 0.766340 0.340686 0.772409 0.338235 0.775910 0.334734 0.773810 0.331057 0.766340 0.323880 0.761671 0.319853 0.755135 0.316176 0.748833 0.313375 0.742063 0.311625 0.733193 0.310049 0.726190 0.309874 0.713119 0.311450 0.704949 0.313200 0.689776 0.318277 0.677171 0.327031 0.669001 0.336485 0.668067 0.338410 0.668534 0.341912
1 0.732960 0.287990 0.736461 0.297619 0.740430 0.303221 0.743231 0.309874 0.744164 0.310924 0.752801 0.313725 0.761671 0.318803 0.770775 0.326331 0.775910 0.332283 0.780579 0.331758 0.790383 0.327556 0.806723 0.324580 0.809057 0.323004 0.824463 0.317752 0.831699 0.316527 0.850373 0.310749 0.849673 0.307248 0.846872 0.303746 0.838469 0.298319 0.830299 0.291842 0.825864 0.285364 0.816760 0.275735 0.809991 0.263655 0.805789 0.252276 0.804155 0.245098 0.803688 0.216036 0.796685 0.220588 0.791783 0.225665 0.767274 0.242122 0.754902 0.246849 0.749066 0.247899 0.736928 0.248074 0.733427 0.251401 0.730392 0.260679 0.730392 0.276261 0.732960 0.287990
1 0.876517 0.124650 0.887021 0.125525 0.901494 0.133578 0.907096 0.135154 0.913165 0.140581 0.916900 0.142682 0.926937 0.151786 0.934174 0.161064 0.941877 0.175595 0.949813 0.185749 0.951681 0.189076 0.953782 0.199580 0.956349 0.202906 0.958917 0.195378 0.960784 0.182248 0.961018 0.174720 0.959851 0.164391 0.956349 0.148109 0.953315 0.140581 0.949580 0.133403 0.940243 0.123074 0.936741 0.119573 0.931373 0.116246 0.921802 0.113270 0.912465 0.111345 0.903828 0.111345 0.892157 0.112745 0.887255 0.113971 0.881653 0.117647 0.875350 0.119923 0.872082 0.123249 0.876517 0.124650
1 0.782213 0.111695 0.795985 0.114846 0.811625 0.120798 0.817460 0.124125 0.822829 0.128326 0.825630 0.131653 0.831466 0.143908 0.834967 0.141807 0.840336 0.136204 0.846405 0.132353 0.866013 0.122024 0.880019 0.116772 0.886788 0.112920 0.889122 0.110469 0.893791 0.109419 0.894958 0.108543 0.897993 0.103466 0.899627 0.094188 0.901027 0.091387 0.899860 0.088060 0.897292 0.085959 0.887722 0.085084 0.872782 0.085434 0.843371 0.089286 0.810691 0.091211 0.807656 0.092787 0.788982 0.094888 0.785714 0.095063 0.782680 0.094188 0.779879 0.095588 0.769141 0.096989 0.766573 0.098739 0.765173 0.102591 0.765640 0.109244 0.782213 0.111695
1 0.079599 0.776436 0.082166 0.786415 0.094304 0.808298 0.105042 0.820903 0.109711 0.824755 0.126984 0.833158 0.145191 0.833859 0.151494 0.835434 0.160831 0.836310 0.165266 0.836310 0.175303 0.834559 0.195845 0.826155 0.200980 0.820903 0.207983 0.810224 0.210317 0.799195 0.209851 0.786940 0.211018 0.781863 0.209851 0.781338 0.206583 0.782388 0.196078 0.794293 0.185808 0.800420 0.181839 0.800595 0.163165 0.798319 0.147292 0.793943 0.140756 0.789041 0.129785 0.782388 0.119748 0.772234 0.115313 0.769083 0.101541 0.752276 0.091970 0.737395 0.081466 0.724965 0.078431 0.733018 0.080299 0.748168 0.079599 0.776436
1 0.025444 0.867297 0.026377 0.869748 0.029178 0.871499 0.036415 0.871849 0.042017 0.870973 0.053455 0.868347 0.060458 0.864671 0.064893 0.864496 0.070962 0.866597 0.078198 0.867122 0.109244 0.868873 0.127684 0.869048 0.140289 0.871674 0.144024 0.871499 0.147759 0.873074 0.151027 0.873249 0.156162 0.874825 0.157796 0.875875 0.161765 0.873599 0.161998 0.848915 0.160364 0.843838 0.159897 0.838410 0.144258 0.834384 0.126050 0.832633 0.109711 0.824405 0.105742 0.821078 0.097106 0.811450 0.091036 0.803221 0.085668 0.792542 0.082166 0.787990 0.080065 0.779762 0.078198 0.776261 0.074463 0.781162 0.062092 0.801996 0.055789 0.808298 0.030812 0.825980 0.025210 0.827906 0.019374 0.831583 0.020775 0.847689 0.025444 0.867297
1 0.019841 0.164741 0.027778 0.182248 0.032680 0.185574 0.037348 0.187325 0.045051 0.192752 0.054855 0.197129 0.057656 0.199580 0.061625 0.201155 0.069561 0.207633 0.070962 0.210259 0.078198 0.199755 0.079832 0.196078 0.081466 0.195028 0.084500 0.190476 0.090803 0.185574 0.092670 0.183123 0.100840 0.177346 0.120448 0.168417 0.126284 0.164741 0.128852 0.161415 0.123016 0.140231 0.120448 0.133403 0.118114 0.131303 0.115079 0.129377 0.095705 0.121148 0.057890 0.111695 0.052988 0.111695 0.039916 0.116772 0.031279 0.121324 0.021008 0.133754 0.018674 0.145133 0.018674 0.158789 0.019841 0.164741
1 0.000000 0.675595 0.020075 0.684874 0.044818 0.698354 0.053922 0.704132 0.060458 0.709909 0.067227 0.714461 0.070261 0.717087 0.071195 0.719363 0.073529 0.715511 0.073529 0.710084 0.061858 0.678922 0.059991 0.669993 0.058824 0.639706 0.057190 0.632878 0.052988 0.633578 0.048319 0.635854 0.035481 0.635679 0.010504 0.638305 0.000000 0.638305 0.000000 0.675595
1 0.101307 0.281688 0.101307 0.292192 0.099673 0.302171 0.099907 0.315651 0.097572 0.321078 0.098273 0.324755 0.102241 0.333333 0.105742 0.338410 0.108077 0.340161 0.115079 0.353466 0.125817 0.369748 0.131419 0.373249 0.140056 0.374650 0.160598 0.375700 0.174136 0.377276 0.182540 0.377451 0.184641 0.376751 0.184174 0.373074 0.173669 0.364321 0.169001 0.358718 0.162698 0.353116 0.149627 0.336485 0.143557 0.320553 0.143091 0.310574 0.144958 0.303746 0.148226 0.297619 0.159664 0.285189 0.164332 0.281338 0.168301 0.279237 0.169001 0.277661 0.171802 0.275910 0.158263 0.272234 0.149860 0.271534 0.140990 0.269258 0.133053 0.265756 0.118114 0.257178 0.110411 0.254377 0.105742 0.251401 0.104575 0.252451 0.103175 0.256653 0.098739 0.260854 0.098039 0.265231 0.098273 0.272409 0.101307 0.281688
1 0.735294 0.477416 0.744631 0.483018 0.746965 0.483543 0.753813 0.487278 0.765873 0.494923 0.771475 0.501401 0.791550 0.516106 0.793417 0.518732 0.798786 0.523109 0.799953 0.526261 0.805089 0.530812 0.811391 0.538515 0.824463 0.560574 0.828198 0.550595 0.830299 0.541667 0.829832 0.525385 0.825630 0.508578 0.822596 0.502101 0.817460 0.494573 0.794818 0.469363 0.789916 0.466737 0.772642 0.468662 0.757470 0.467612 0.755135 0.466912 0.747899 0.467087 0.742297 0.467962 0.737862 0.470763 0.734127 0.473915 0.735294 0.477416
1 0.683007 0.262955 0.680439 0.272409 0.669001 0.296744 0.679739 0.304972 0.687208 0.306373 0.696078 0.305497 0.704715 0.301996 0.711018 0.297794 0.728058 0.279587 0.729925 0.258228 0.733660 0.248249 0.731092 0.246324 0.727358 0.245273 0.717087 0.243172 0.705415 0.241772 0.685808 0.234594 0.683707 0.235469 0.683240 0.236870 0.683940 0.247199 0.683007 0.262955
1 0.695378 0.829132 0.697946 0.833333 0.701681 0.845238 0.704482 0.861695 0.703548 0.881828 0.699113 0.900210 0.699813 0.911765 0.699113 0.928571 0.700747 0.927346 0.714519 0.923669 0.724790 0.921744 0.739729 0.916141 0.748366 0.909314 0.754902 0.906688 0.769141 0.906688 0.772176 0.907738 0.779412 0.907738 0.790616 0.905462 0.792250 0.900910 0.783613 0.875350 0.778245 0.864671 0.775677 0.856268 0.766807 0.842612 0.761905 0.839461 0.748133 0.837710 0.734360 0.834034 0.716853 0.827031 0.707516 0.820728 0.699813 0.816877 0.692577 0.814251 0.692344 0.815126 0.692577 0.821604 0.695378 0.829132
1 0.834734 0.569328 0.839636 0.571954 0.840103 0.576155 0.841036 0.577381 0.837302 0.578957 0.834967 0.581583 0.842437 0.584909 0.853175 0.586660 0.855742 0.588585 0.862512 0.589636 0.869748 0.595238 0.873249 0.596639 0.874416 0.598915 0.878151 0.601716 0.883987 0.609069 0.889122 0.613971 0.905462 0.634979 0.920168 0.658438 0.923436 0.664566 0.925303 0.670343 0.928571 0.668592 0.929972 0.665266 0.935574 0.648284 0.935107 0.645133 0.936041 0.640406 0.932306 0.627626 0.932073 0.616422 0.929272 0.606092 0.921569 0.593312 0.918534 0.590161 0.915966 0.588761 0.915266 0.581583 0.904295 0.571604 0.900560 0.571078 0.897059 0.571954 0.895892 0.570728 0.895191 0.567577 0.890990 0.566176 0.883287 0.565301 0.880019 0.562500 0.872549 0.561625 0.870215 0.560574 0.868581 0.560749 0.866713 0.562325 0.863212 0.560574 0.859477 0.560574 0.854108 0.561800 0.842670 0.560749 0.836601 0.563375 0.834967 0.565301 0.834034 0.567402 0.834734 0.569328
1 0.167134 0.880077 0.179272 0.883053 0.194911 0.884629 0.201914 0.886730 0.205182 0.888831 0.213352 0.891457 0.223389 0.892682 0.226190 0.891982 0.227591 0.890581 0.225490 0.889181 0.224090 0.886730 0.214286 0.876751 0.208217 0.862920 0.207283 0.838060 0.209150 0.814076 0.206349 0.813200 0.196779 0.825105 0.180672 0.832283 0.162698 0.838235 0.164566 0.876751 0.167134 0.880077