0 0.144258 0.272584 0.151494 0.289566 0.153361 0.297619 0.159197 0.312150 0.161298 0.316877 0.168301 0.326856 0.177404 0.335959 0.182073 0.346639 0.189076 0.352766 0.191410 0.353116 0.198179 0.356268 0.206816 0.357843 0.209851 0.359069 0.216853 0.359419 0.225257 0.358018 0.230937 0.360177 0.234127 0.363270 0.238095 0.362570 0.240196 0.364146 0.244631 0.365546 0.265640 0.365546 0.275677 0.361870 0.284080 0.360119 0.290149 0.357493 0.297152 0.353116 0.304388 0.346814 0.307423 0.338761 0.308590 0.329132 0.308590 0.320553 0.306956 0.315126 0.307656 0.296218 0.313492 0.272584 0.317927 0.265581 0.320728 0.258754 0.320028 0.251050 0.317227 0.244748 0.315359 0.242997 0.310691 0.234419 0.309524 0.230392 0.301120 0.217087 0.293651 0.202731 0.285714 0.193277 0.276377 0.178746 0.270308 0.171043 0.265406 0.165966 0.259104 0.161064 0.244398 0.153011 0.220121 0.148634 0.210084 0.148634 0.200747 0.150385 0.188142 0.153536 0.182073 0.156688 0.176704 0.160539 0.173203 0.164391 0.167367 0.168242 0.159897 0.176821 0.151494 0.188901 0.143557 0.210259 0.142157 0.216562 0.139823 0.239846 0.140289 0.255427 0.144258 0.272584
0 0.027778 0.515056 0.029412 0.519083 0.033847 0.522409 0.038049 0.524335 0.043417 0.528887 0.050654 0.531162 0.054855 0.533438 0.070495 0.535364 0.084967 0.535539 0.095472 0.534839 0.113212 0.531688 0.127218 0.527486 0.132820 0.524335 0.143324 0.520658 0.155929 0.511029 0.165033 0.505952 0.184641 0.491071 0.185574 0.488971 0.191643 0.482143 0.203315 0.473739 0.220588 0.458859 0.229225 0.448880 0.235061 0.443978 0.237628 0.439601 0.241830 0.434874 0.250233 0.420868 0.252101 0.410889 0.249533 0.401786 0.246265 0.397584 0.238796 0.383754 0.235061 0.379377 0.226424 0.370973 0.222222 0.368347 0.210317 0.365196 0.196078 0.360119 0.175303 0.359594 0.151027 0.362220 0.138422 0.365371 0.127218 0.369923 0.122082 0.370973 0.116713 0.374650 0.091270 0.387955 0.078898 0.396709 0.070728 0.403887 0.068627 0.408263 0.058590 0.420168 0.053922 0.429272 0.047386 0.438901 0.034080 0.467087 0.026844 0.492647 0.026844 0.509104 0.027778 0.515056
1 0.238796 0.471113 0.244398 0.481443 0.248833 0.485994 0.256769 0.491071 0.265640 0.498950 0.272176 0.500700 0.278945 0.501225 0.286415 0.500875 0.293184 0.498950 0.295985 0.497199 0.303455 0.495448 0.313959 0.488796 0.318394 0.487220 0.330065 0.479342 0.346872 0.463585 0.361111 0.439076 0.359477 0.437150 0.350373 0.433473 0.340103 0.426996 0.329832 0.414566 0.319795 0.392507 0.318861 0.386905 0.316527 0.382703 0.315826 0.377101 0.312325 0.369748 0.311391 0.362570 0.309290 0.359419 0.309757 0.355742 0.307190 0.349965 0.305789 0.352066 0.305322 0.355042 0.303455 0.356968 0.300420 0.358018 0.296685 0.357668 0.293651 0.359244 0.290149 0.359944 0.285948 0.362395 0.276144 0.364321 0.271709 0.366071 0.267274 0.369048 0.253735 0.390756 0.252568 0.396709 0.252801 0.418417 0.243231 0.435749 0.237628 0.443102 0.236228 0.447479 0.236928 0.464461 0.238796 0.471113
0 0.110878 0.630077 0.112745 0.636905 0.116246 0.643732 0.122782 0.654587 0.133520 0.666842 0.152661 0.680672 0.165733 0.687150 0.183940 0.691001 0.210317 0.688200 0.227124 0.681898 0.239262 0.671744 0.251867 0.657913 0.254669 0.647934 0.265873 0.629377 0.272642 0.613095 0.270775 0.588235 0.272876 0.570728 0.274743 0.563200 0.274510 0.557073 0.277077 0.550420 0.277077 0.548144 0.276377 0.545518 0.271008 0.537640 0.263072 0.521884 0.244865 0.505602 0.233193 0.497374 0.210317 0.488796 0.199113 0.488445 0.193978 0.489671 0.182073 0.494748 0.166433 0.506828 0.153361 0.514706 0.148459 0.519083 0.138422 0.535889 0.134454 0.549370 0.130019 0.556197 0.126517 0.557598 0.122082 0.563025 0.115546 0.578081 0.109244 0.603992 0.109010 0.613445 0.110878 0.630077
1 0.273810 0.584559 0.273576 0.591912 0.274276 0.593662 0.275677 0.594538 0.274510 0.598214 0.274743 0.607143 0.276611 0.615021 0.277077 0.623424 0.280345 0.627101 0.279178 0.629552 0.280345 0.633754 0.284781 0.637430 0.283847 0.640406 0.288282 0.647234 0.291550 0.654587 0.296919 0.661239 0.300654 0.669118 0.304949 0.672689 0.320962 0.690301 0.333100 0.698704 0.334734 0.701155 0.345472 0.709034 0.349440 0.713585 0.352474 0.715336 0.358543 0.716912 0.358077 0.720413 0.362745 0.721989 0.366947 0.721639 0.373249 0.723039 0.380486 0.723214 0.396825 0.721464 0.402661 0.720063 0.408730 0.716737 0.414799 0.714636 0.422269 0.709909 0.433007 0.699580 0.436508 0.690126 0.439309 0.674895 0.439542 0.662640 0.434874 0.639531 0.424603 0.619398 0.419234 0.606092 0.403828 0.584559 0.401027 0.582633 0.389589 0.579482 0.369981 0.568978 0.352941 0.554972 0.339636 0.539216 0.338235 0.535189 0.337535 0.525735 0.336134 0.521534 0.334267 0.519258 0.331466 0.517682 0.327731 0.517682 0.321662 0.518908 0.315826 0.521359 0.303688 0.524335 0.299486 0.528536 0.289216 0.536415 0.286181 0.539741 0.283613 0.546043 0.279412 0.552521 0.274743 0.571254 0.272876 0.581057 0.273810 0.584559
0 0.337068 0.520658 0.337302 0.526436 0.339169 0.536590 0.341270 0.540966 0.355976 0.557073 0.370215 0.567927 0.383520 0.575630 0.390990 0.578957 0.395658 0.579832 0.405229 0.583333 0.410598 0.584209 0.423436 0.583859 0.429739 0.582808 0.443044 0.579132 0.458917 0.569503 0.468254 0.561275 0.474790 0.553746 0.479225 0.544118 0.480859 0.535714 0.484360 0.529062 0.488562 0.514531 0.492530 0.491947 0.491830 0.467437 0.488796 0.453957 0.485061 0.446604 0.478992 0.438725 0.464986 0.424720 0.451214 0.416317 0.444211 0.412990 0.432073 0.409139 0.423436 0.407738 0.412232 0.407738 0.404062 0.409489 0.397759 0.411590 0.387488 0.417542 0.368347 0.434349 0.364146 0.438901 0.355275 0.452031 0.347572 0.467437 0.343604 0.479342 0.336368 0.510854 0.336134 0.519083 0.337068 0.520658
1 0.426704 0.612395 0.432073 0.629027 0.434641 0.633403 0.441410 0.641632 0.456349 0.653361 0.465453 0.656513 0.471755 0.659839 0.494631 0.664741 0.518908 0.668768 0.524510 0.668067 0.532913 0.669643 0.538982 0.667542 0.543651 0.668768 0.546685 0.667717 0.548786 0.665616 0.563959 0.661765 0.567694 0.661415 0.577731 0.657913 0.586134 0.651961 0.592904 0.643908 0.598039 0.630777 0.598273 0.618522 0.594538 0.606092 0.587535 0.593312 0.582866 0.589461 0.581699 0.585084 0.574930 0.578081 0.566760 0.571254 0.552988 0.562675 0.540383 0.556723 0.529412 0.552871 0.508637 0.549720 0.491130 0.550245 0.480159 0.553221 0.474556 0.556197 0.464519 0.566352 0.449580 0.576681 0.442577 0.580532 0.436041 0.582633 0.427171 0.584209 0.425770 0.585084 0.424837 0.587185 0.425070 0.609594 0.426704 0.612395
1 0.494164 0.518908 0.499533 0.529412 0.506769 0.537990 0.516807 0.545693 0.521008 0.547969 0.529178 0.551821 0.542951 0.556723 0.554388 0.562150 0.556723 0.564251 0.565593 0.569328 0.576331 0.577731 0.577965 0.580182 0.582400 0.583158 0.591270 0.584734 0.603175 0.584384 0.613445 0.583158 0.624650 0.580182 0.634454 0.575105 0.637488 0.572654 0.638889 0.569328 0.639589 0.560049 0.641923 0.548845 0.645658 0.540441 0.650794 0.533088 0.650560 0.528887 0.644024 0.508754 0.637955 0.500175 0.623249 0.486870 0.616947 0.483543 0.595472 0.474965 0.583100 0.472164 0.554388 0.468662 0.543417 0.469013 0.536181 0.472164 0.526144 0.472514 0.522409 0.473564 0.510738 0.478466 0.503035 0.483543 0.499300 0.487570 0.492297 0.506127 0.492063 0.512955 0.494164 0.518908
1 0.514472 0.435399 0.514472 0.446429 0.517040 0.453606 0.516573 0.463410 0.517274 0.467087 0.520775 0.471464 0.522409 0.472164 0.526377 0.470063 0.529412 0.471289 0.532446 0.471113 0.535481 0.469538 0.543184 0.467612 0.558123 0.467612 0.580999 0.470763 0.602474 0.476541 0.611345 0.480742 0.618581 0.483018 0.633520 0.492122 0.640523 0.486520 0.643791 0.484944 0.645191 0.480742 0.648226 0.476891 0.640756 0.456057 0.637722 0.437325 0.640289 0.426646 0.644024 0.418943 0.647526 0.408088 0.645892 0.405462 0.642157 0.390406 0.619048 0.368697 0.609944 0.361345 0.602241 0.356793 0.600840 0.357143 0.582166 0.354692 0.567227 0.355567 0.560691 0.356793 0.547386 0.361870 0.535948 0.370623 0.526844 0.381478 0.517740 0.403536 0.515640 0.416842 0.515873 0.429097 0.514472 0.435399
0 0.641457 0.452731 0.650327 0.473915 0.661298 0.488796 0.666900 0.491772 0.675303 0.502626 0.695612 0.518908 0.712185 0.520483 0.728058 0.525560 0.741363 0.532038 0.744631 0.534489 0.751401 0.536765 0.754902 0.537115 0.758870 0.536415 0.761905 0.537290 0.764472 0.536765 0.773109 0.536940 0.786881 0.533964 0.790383 0.532563 0.793651 0.530112 0.797386 0.529062 0.804622 0.523284 0.807656 0.519083 0.810924 0.511730 0.813259 0.499300 0.813259 0.490546 0.811625 0.480042 0.803688 0.461660 0.790850 0.444853 0.784080 0.437675 0.776844 0.431022 0.764006 0.421744 0.762138 0.419468 0.748366 0.410714 0.733894 0.404587 0.723623 0.401611 0.718487 0.401261 0.710084 0.398634 0.697479 0.397234 0.679505 0.398109 0.676004 0.399510 0.661531 0.402661 0.654762 0.406688 0.650560 0.410364 0.647526 0.415091 0.640756 0.435399 0.640523 0.447479 0.641457 0.452731
1 0.549720 0.707108 0.555322 0.717437 0.562092 0.724965 0.567460 0.728992 0.583333 0.735994 0.601307 0.738796 0.616246 0.736169 0.626751 0.730567 0.631886 0.729517 0.650794 0.721814 0.661531 0.713235 0.683707 0.689251 0.681606 0.685574 0.674136 0.678922 0.662932 0.664916 0.658497 0.653711 0.654062 0.647409 0.649393 0.628676 0.644491 0.619223 0.642624 0.618697 0.638655 0.618873 0.633987 0.620448 0.626284 0.621324 0.616246 0.624475 0.602241 0.632178 0.596872 0.637430 0.592904 0.646359 0.589402 0.650735 0.584967 0.654412 0.577731 0.659314 0.564192 0.663690 0.556956 0.667192 0.552521 0.678396 0.549720 0.683123 0.548319 0.688725 0.549720 0.707108
0 0.644491 0.602066 0.644258 0.605742 0.649393 0.626576 0.655929 0.643732 0.656162 0.647934 0.659430 0.650910 0.661298 0.658438 0.668301 0.669993 0.675070 0.678571 0.685574 0.686975 0.701681 0.696254 0.717554 0.702556 0.723856 0.706232 0.731793 0.706758 0.747432 0.710784 0.752801 0.708508 0.755135 0.708683 0.757703 0.707283 0.768441 0.709034 0.774977 0.708158 0.776377 0.706232 0.785714 0.701331 0.791783 0.696779 0.801354 0.685574 0.805556 0.676120 0.806256 0.660714 0.803922 0.654937 0.803221 0.633053 0.802054 0.630252 0.802754 0.626576 0.800420 0.621324 0.799020 0.612745 0.796452 0.609069 0.796218 0.605917 0.793884 0.599965 0.786415 0.585084 0.777311 0.570203 0.770775 0.560749 0.762138 0.551120 0.748833 0.538866 0.731559 0.527836 0.719888 0.523985 0.703315 0.520833 0.694211 0.520133 0.681839 0.520658 0.674837 0.521359 0.665266 0.524685 0.658030 0.529062 0.649860 0.536064 0.647059 0.539741 0.644024 0.547094 0.641923 0.554622 0.640990 0.562850 0.641457 0.588936 0.644491 0.602066
0 0.462885 0.779587 0.466620 0.788866 0.471989 0.794993 0.477358 0.799020 0.482493 0.801821 0.491130 0.805147 0.493931 0.807248 0.500700 0.809874 0.504669 0.812325 0.509337 0.812500 0.514706 0.816877 0.522642 0.819503 0.534781 0.825280 0.564426 0.836134 0.581699 0.840511 0.610177 0.842087 0.639356 0.838410 0.641690 0.837010 0.653128 0.833508 0.659197 0.828606 0.667367 0.820028 0.670168 0.805847 0.669935 0.799895 0.667367 0.792017 0.661765 0.785364 0.657330 0.782738 0.652428 0.777136 0.636788 0.765581 0.625584 0.760504 0.605509 0.748950 0.580999 0.740896 0.546218 0.733718 0.515406 0.734769 0.499300 0.738270 0.484360 0.744048 0.475257 0.751050 0.469188 0.757878 0.465453 0.763655 0.462652 0.772234 0.462185 0.776085 0.462885 0.779587
1 0.359244 0.810574 0.362979 0.824755 0.364846 0.827906 0.368347 0.838585 0.371615 0.844188 0.377918 0.859069 0.389823 0.874300 0.394258 0.876401 0.398226 0.880077 0.406396 0.883053 0.411298 0.886029 0.418534 0.885329 0.428338 0.881303 0.440943 0.874650 0.452381 0.865721 0.457049 0.860994 0.463119 0.852241 0.465686 0.846814 0.470822 0.841912 0.471055 0.838761 0.477358 0.827556 0.479925 0.821254 0.482493 0.807248 0.482026 0.805672 0.478058 0.800245 0.473156 0.797269 0.466387 0.790441 0.462652 0.782913 0.461718 0.778186 0.462418 0.768732 0.470822 0.754027 0.472222 0.749475 0.470822 0.738095 0.465686 0.723915 0.463119 0.719188 0.454482 0.709734 0.449346 0.705882 0.442577 0.702381 0.434641 0.701856 0.432540 0.702381 0.428805 0.705007 0.420401 0.713060 0.404762 0.720763 0.401027 0.722164 0.379552 0.724790 0.375584 0.727941 0.373016 0.728817 0.368114 0.733894 0.360177 0.750875 0.355742 0.765056 0.356209 0.790791 0.359244 0.810574
1 0.237162 0.791492 0.252568 0.821254 0.258637 0.830357 0.272409 0.843838 0.293651 0.859419 0.302521 0.862745 0.308824 0.863971 0.314192 0.866772 0.323763 0.867822 0.348506 0.868873 0.356676 0.867297 0.361811 0.865021 0.374183 0.861695 0.375584 0.859594 0.375350 0.855917 0.371148 0.848915 0.369981 0.844888 0.366246 0.838060 0.357143 0.807423 0.354575 0.787815 0.354108 0.775210 0.354108 0.764006 0.355742 0.758929 0.356209 0.753501 0.355742 0.752626 0.353875 0.753151 0.351774 0.752801 0.348739 0.748950 0.347106 0.749300 0.344771 0.748599 0.341737 0.743873 0.341270 0.741422 0.338235 0.739846 0.334267 0.735994 0.327031 0.734944 0.312792 0.738095 0.303922 0.738445 0.286648 0.740896 0.273109 0.739146 0.261905 0.739321 0.251634 0.744048 0.242297 0.751576 0.240430 0.755077 0.239262 0.762430 0.236928 0.768732 0.236228 0.784839 0.237162 0.791492
0 0.023810 0.824930 0.024977 0.829482 0.029178 0.838235 0.039683 0.851716 0.051354 0.859419 0.056956 0.861870 0.067460 0.863270 0.080999 0.862220 0.098273 0.857668 0.109477 0.853641 0.125350 0.846113 0.137255 0.842087 0.152428 0.834734 0.182073 0.818627 0.190710 0.812150 0.195378 0.807073 0.204482 0.799370 0.210551 0.796744 0.226891 0.772409 0.229458 0.765231 0.232960 0.758929 0.234594 0.751576 0.234827 0.737570 0.231326 0.727591 0.225724 0.716737 0.214986 0.707983 0.206583 0.703081 0.195145 0.699930 0.182773 0.698354 0.168301 0.699055 0.158263 0.701681 0.151027 0.702556 0.143791 0.705007 0.126751 0.713936 0.123016 0.714636 0.112278 0.718838 0.103408 0.723739 0.087768 0.733718 0.084034 0.737570 0.073296 0.744048 0.062714 0.753210 0.057190 0.757003 0.052288 0.762080 0.050187 0.765756 0.040850 0.773634 0.030112 0.790091 0.024743 0.803396 0.023576 0.814426 0.023810 0.824930
1 0.257003 0.999825 0.266807 0.984944 0.270075 0.977591 0.271709 0.971113 0.272176 0.962710 0.270775 0.945203 0.269374 0.938725 0.260971 0.927171 0.256069 0.923319 0.247432 0.919468 0.240896 0.917542 0.231326 0.915966 0.216620 0.917192 0.207516 0.919468 0.191176 0.925070 0.169935 0.936275 0.157096 0.944678 0.150794 0.949755 0.143791 0.952556 0.124883 0.965861 0.108077 0.980042 0.103408 0.985819 0.094304 0.994573 0.093137 0.999825 0.257003 0.999825
1 0.267274 0.999825 0.375817 0.999825 0.381419 0.990021 0.383754 0.984419 0.385621 0.975665 0.390990 0.963410 0.393557 0.945378 0.393557 0.941352 0.391223 0.936975 0.391923 0.931723 0.390756 0.929097 0.390990 0.925245 0.388889 0.919993 0.385854 0.895308 0.385621 0.886029 0.386788 0.876576 0.383987 0.871849 0.376751 0.863620 0.373249 0.863620 0.370215 0.864671 0.362979 0.865546 0.354342 0.868873 0.349206 0.869573 0.341503 0.869573 0.330532 0.868347 0.325163 0.869748 0.318861 0.868522 0.313492 0.869748 0.303221 0.883403 0.301354 0.887255 0.292717 0.897584 0.279879 0.925420 0.277077 0.935574 0.274977 0.938901 0.273109 0.973739 0.266106 0.991947 0.265873 0.995273 0.267274 0.999825
1 0.391223 0.914916 0.394491 0.921919 0.394958 0.932598 0.397526 0.942577 0.405229 0.956232 0.407563 0.957633 0.408263 0.959909 0.415500 0.967612 0.423203 0.974090 0.429272 0.977066 0.440710 0.979867 0.445845 0.983193 0.459617 0.985294 0.463119 0.984944 0.466853 0.986169 0.498366 0.978291 0.504902 0.974965 0.511905 0.967262 0.517507 0.958333 0.518908 0.953431 0.518674 0.932248 0.516573 0.924895 0.515173 0.923669 0.507937 0.921394 0.504435 0.917542 0.500700 0.911415 0.491830 0.885329 0.490896 0.883403 0.486228 0.878852 0.483894 0.877101 0.456349 0.865021 0.453081 0.865896 0.442344 0.874650 0.438142 0.876401 0.430672 0.881478 0.415033 0.887255 0.408030 0.885679 0.399160 0.881478 0.394024 0.876576 0.390523 0.876401 0.388189 0.883403 0.388422 0.901261 0.391223 0.914916
1 0.498133 0.878501 0.498833 0.897059 0.500000 0.900210 0.500233 0.908088 0.503735 0.914741 0.508637 0.921394 0.511671 0.922444 0.523343 0.922444 0.529412 0.921043 0.536415 0.917892 0.553922 0.911765 0.574230 0.898634 0.584967 0.890406 0.589402 0.886029 0.590803 0.883754 0.590103 0.880077 0.586134 0.873599 0.583800 0.865896 0.584967 0.844013 0.583567 0.841912 0.574463 0.839811 0.521475 0.820203 0.515406 0.818978 0.512838 0.820728 0.507470 0.831583 0.504435 0.834734 0.500000 0.845763 0.496032 0.867647 0.498133 0.878501
1 0.591503 0.881303 0.594304 0.884629 0.598506 0.887780 0.605275 0.890931 0.612979 0.893557 0.626050 0.895658 0.637021 0.896008 0.647759 0.894433 0.664799 0.887255 0.672269 0.885329 0.685574 0.876926 0.699813 0.866071 0.710084 0.855567 0.719888 0.843312 0.723856 0.841562 0.732260 0.832808 0.735294 0.824930 0.735994 0.818452 0.739496 0.807073 0.741597 0.794818 0.741130 0.779237 0.739963 0.772234 0.735061 0.764181 0.733427 0.763480 0.726657 0.762955 0.714986 0.766106 0.701914 0.766457 0.699580 0.765231 0.696078 0.765231 0.687442 0.762780 0.664799 0.752976 0.657563 0.758053 0.648226 0.762080 0.644958 0.765581 0.644725 0.769433 0.647526 0.772759 0.660131 0.780462 0.661064 0.782913 0.662932 0.784314 0.664799 0.787640 0.670635 0.793417 0.672035 0.802871 0.671802 0.810399 0.669701 0.817402 0.666900 0.822829 0.659897 0.829832 0.655229 0.833333 0.648459 0.836660 0.636788 0.840161 0.626050 0.841737 0.623016 0.843662 0.608777 0.844363 0.602474 0.842962 0.598039 0.843137 0.595238 0.842437 0.588702 0.844888 0.586134 0.848214 0.585201 0.851891 0.585434 0.866422 0.591503 0.881303
1 0.521242 0.969713 0.524276 0.974265 0.529178 0.977941 0.532913 0.979692 0.554388 0.984069 0.560458 0.986169 0.567460 0.986169 0.574463 0.987395 0.577731 0.985294 0.585668 0.985469 0.588469 0.984769 0.592204 0.986870 0.595005 0.985469 0.598973 0.984944 0.603175 0.983368 0.625584 0.980742 0.637021 0.980217 0.658497 0.973214 0.671802 0.964811 0.680672 0.956583 0.679739 0.952906 0.667834 0.941527 0.663399 0.934524 0.661298 0.928922 0.660598 0.916842 0.661765 0.911239 0.663866 0.904587 0.666200 0.901085 0.666900 0.897409 0.671102 0.890056 0.668768 0.888831 0.664566 0.888831 0.649160 0.895133 0.641223 0.896534 0.632353 0.897059 0.612979 0.894433 0.605976 0.892507 0.595705 0.887955 0.591503 0.887430 0.584967 0.891457 0.571195 0.902836 0.567694 0.904412 0.565826 0.906338 0.563492 0.907213 0.555556 0.912990 0.539683 0.918067 0.527778 0.923319 0.521475 0.933999 0.520075 0.945728 0.520542 0.949230 0.519374 0.954832 0.519141 0.959909 0.521242 0.969713
1 0.459384 0.999825 0.573296 0.999825 0.573296 0.998074 0.567227 0.993172 0.553688 0.986695 0.542250 0.983543 0.518674 0.979342 0.508403 0.978466 0.502568 0.978641 0.491363 0.980742 0.473856 0.985469 0.466153 0.989846 0.461485 0.994573 0.459384 0.998249 0.459384 0.999825
1 0.817460 0.855742 0.816760 0.866422 0.804855 0.899860 0.801354 0.906338 0.791083 0.920518 0.783147 0.929447 0.770542 0.939251 0.772409 0.941702 0.785948 0.950805 0.793417 0.954832 0.800654 0.957458 0.810458 0.959559 0.817694 0.959909 0.827965 0.961660 0.842670 0.962185 0.853175 0.960259 0.861578 0.957283 0.867180 0.953256 0.873950 0.946429 0.876284 0.942402 0.877218 0.936975 0.876751 0.917892 0.869748 0.893732 0.866947 0.886905 0.864613 0.883578 0.854342 0.872199 0.846639 0.862045 0.835668 0.850840 0.824463 0.841562 0.820962 0.839986 0.819328 0.841562 0.819328 0.849265 0.817460 0.855742
1 0.816760 0.828256 0.819328 0.834909 0.824697 0.840511 0.829132 0.842087 0.832400 0.846113 0.837068 0.849790 0.845705 0.858718 0.855509 0.869223 0.859244 0.876576 0.863679 0.879552 0.866480 0.882703 0.873716 0.884104 0.887488 0.881303 0.904295 0.875000 0.918301 0.864671 0.924603 0.857143 0.927871 0.855742 0.928571 0.852241 0.933007 0.847864 0.934641 0.841912 0.936975 0.837535 0.939309 0.824055 0.939076 0.811099 0.940243 0.807248 0.936741 0.803746 0.937675 0.800245 0.936508 0.796919 0.931139 0.793242 0.927404 0.789216 0.921802 0.785539 0.902661 0.779937 0.891923 0.779062 0.880252 0.779062 0.872782 0.780462 0.867647 0.782388 0.860411 0.786590 0.859010 0.790441 0.855976 0.790966 0.847339 0.796919 0.835901 0.797794 0.831466 0.799020 0.827731 0.802171 0.821662 0.810749 0.817460 0.820203 0.817927 0.824055 0.816760 0.828256
1 0.861811 0.611169 0.863912 0.614321 0.872316 0.621674 0.890756 0.629377 0.897059 0.630252 0.901261 0.629727 0.903828 0.630602 0.914566 0.629552 0.922502 0.629902 0.928338 0.628326 0.939309 0.621499 0.949580 0.617472 0.953081 0.615196 0.956349 0.615021 0.958917 0.612045 0.970355 0.603641 0.974090 0.598915 0.988562 0.585259 0.995798 0.575105 0.997432 0.570378 0.999767 0.568102 0.999767 0.531863 0.997666 0.530287 0.997666 0.529412 0.988562 0.521884 0.982960 0.518732 0.977358 0.516632 0.963585 0.513305 0.954482 0.513480 0.941410 0.514881 0.917834 0.522584 0.911298 0.525385 0.908497 0.530287 0.908263 0.532913 0.912465 0.543067 0.912932 0.557423 0.911531 0.563550 0.908263 0.568803 0.899393 0.576155 0.887488 0.583158 0.880019 0.584559 0.874883 0.587535 0.869748 0.588761 0.862745 0.591912 0.860878 0.595413 0.860411 0.599615 0.860411 0.606793 0.861811 0.611169
1 0.758637 0.546394 0.761905 0.547794 0.764239 0.550245 0.766573 0.550945 0.768908 0.557248 0.774743 0.563550 0.788515 0.586310 0.789683 0.589636 0.793417 0.593662 0.800187 0.595938 0.804388 0.596113 0.817694 0.599090 0.821195 0.599265 0.828898 0.595238 0.835434 0.594188 0.841737 0.591387 0.845472 0.592087 0.859477 0.590161 0.887955 0.582458 0.899860 0.575280 0.906863 0.568978 0.909664 0.565301 0.911765 0.560399 0.912465 0.543242 0.904762 0.528536 0.901261 0.524335 0.887488 0.514181 0.880019 0.510679 0.876050 0.509629 0.873016 0.507703 0.859010 0.504027 0.838235 0.500175 0.824230 0.500525 0.814192 0.502801 0.808590 0.519258 0.804155 0.524510 0.796919 0.529062 0.794585 0.531513 0.785481 0.535189 0.776844 0.537640 0.775910 0.538690 0.766106 0.538690 0.762372 0.540616 0.758637 0.539391 0.756769 0.540966 0.756303 0.543417 0.758637 0.546394
1 0.787815 0.438901 0.798319 0.452206 0.805789 0.464111 0.813025 0.480742 0.815359 0.495448 0.819795 0.499300 0.839869 0.499475 0.864379 0.503852 0.881886 0.510154 0.897759 0.518908 0.904295 0.521008 0.915033 0.521008 0.921569 0.520133 0.945145 0.512080 0.948413 0.498950 0.947712 0.494748 0.943044 0.481618 0.939542 0.476366 0.935107 0.467087 0.929272 0.458859 0.925070 0.455882 0.922969 0.452381 0.917834 0.448354 0.915500 0.445378 0.910364 0.442227 0.906863 0.438375 0.899860 0.434524 0.882820 0.428221 0.871148 0.422969 0.848739 0.417892 0.829132 0.417017 0.815593 0.417892 0.807423 0.419643 0.798553 0.423319 0.789449 0.431723 0.786881 0.435574 0.787815 0.438901
1 0.783380 0.398459 0.786415 0.400560 0.788515 0.400735 0.790149 0.401786 0.794118 0.411064 0.795518 0.418592 0.797152 0.420518 0.800654 0.420693 0.808824 0.417892 0.824230 0.416141 0.827965 0.416842 0.833333 0.416317 0.841970 0.417367 0.848973 0.417367 0.869048 0.421919 0.873016 0.422269 0.890289 0.430497 0.904295 0.435224 0.909197 0.433824 0.915266 0.430672 0.922035 0.423845 0.925070 0.417892 0.927638 0.414916 0.928805 0.411239 0.928571 0.401261 0.923903 0.390581 0.916200 0.382703 0.908730 0.376751 0.904295 0.373775 0.901027 0.372899 0.890289 0.367472 0.883287 0.366246 0.873249 0.362395 0.862745 0.359594 0.859944 0.360119 0.855042 0.358894 0.830766 0.360119 0.828198 0.359244 0.820962 0.359069 0.806956 0.361169 0.793417 0.364321 0.787815 0.369748 0.786648 0.376751 0.787348 0.382178 0.783147 0.394083 0.782680 0.397584 0.783380 0.398459
0 0.549953 0.282388 0.551821 0.285189 0.552288 0.289916 0.554622 0.292017 0.556022 0.296744 0.566760 0.311625 0.570495 0.319153 0.573296 0.321429 0.583800 0.334734 0.593662 0.343881 0.597339 0.349615 0.602241 0.352241 0.612278 0.359944 0.623716 0.370623 0.625350 0.373424 0.636555 0.382353 0.643791 0.385854 0.647526 0.388831 0.651027 0.390406 0.654528 0.390931 0.664799 0.397759 0.668301 0.398459 0.680906 0.396008 0.697946 0.395658 0.712418 0.396709 0.717320 0.396359 0.722689 0.393908 0.734360 0.385679 0.739262 0.380427 0.741130 0.376576 0.745098 0.359419 0.745331 0.348039 0.742764 0.333333 0.738796 0.321779 0.718721 0.285714 0.714753 0.275735 0.707283 0.264531 0.693044 0.250525 0.689309 0.249475 0.682306 0.244223 0.675303 0.240196 0.665266 0.235644 0.661298 0.234594 0.657796 0.231443 0.653828 0.231618 0.647993 0.229167 0.640523 0.227941 0.626284 0.227591 0.619048 0.226541 0.609244 0.226190 0.603408 0.227766 0.595238 0.228116 0.587302 0.230742 0.574697 0.237745 0.570495 0.241422 0.561625 0.245273 0.559290 0.249125 0.557190 0.250700 0.550420 0.261905 0.548319 0.268908 0.547852 0.276261 0.549953 0.282388
1 0.580299 0.164566 0.588469 0.168768 0.591970 0.178046 0.596872 0.184524 0.599206 0.189601 0.602941 0.194853 0.605976 0.205532 0.606909 0.224090 0.609477 0.224790 0.623950 0.225315 0.627451 0.226190 0.645892 0.227241 0.663399 0.233193 0.677638 0.240196 0.694211 0.251050 0.707983 0.264706 0.713119 0.271359 0.716853 0.274335 0.720355 0.273985 0.727358 0.271884 0.733660 0.269083 0.737395 0.264706 0.740896 0.263130 0.748133 0.257178 0.754202 0.248249 0.755369 0.235994 0.752334 0.223039 0.746265 0.208333 0.735061 0.190651 0.724556 0.177171 0.706583 0.156513 0.692577 0.146008 0.675770 0.137080 0.668301 0.134804 0.665500 0.133228 0.640289 0.128852 0.630252 0.128326 0.609244 0.133578 0.592204 0.139356 0.583333 0.147584 0.579365 0.159139 0.579132 0.161765 0.580299 0.164566
0 0.680906 0.137255 0.690243 0.144083 0.695612 0.146709 0.711718 0.160889 0.725257 0.176471 0.737628 0.193277 0.746032 0.203081 0.749533 0.209909 0.754902 0.214636 0.763539 0.220413 0.771242 0.223915 0.788515 0.227591 0.797152 0.227241 0.803688 0.228291 0.814192 0.227766 0.826331 0.223915 0.832166 0.220763 0.839869 0.212010 0.845472 0.203081 0.849206 0.194328 0.850140 0.182773 0.848973 0.175070 0.844538 0.161415 0.838702 0.150735 0.838002 0.147584 0.828898 0.133403 0.817694 0.119923 0.809290 0.111870 0.801120 0.105392 0.779879 0.093487 0.765406 0.087710 0.738329 0.081057 0.723389 0.080532 0.709851 0.081232 0.696078 0.083333 0.687675 0.088235 0.684407 0.090861 0.682073 0.094363 0.678338 0.105392 0.677404 0.110819 0.677638 0.125525 0.680906 0.137255
1 0.425770 0.177346 0.430906 0.182948 0.431839 0.185924 0.435341 0.187325 0.438375 0.192927 0.450514 0.206933 0.452148 0.210609 0.466853 0.227941 0.484127 0.237570 0.492063 0.239846 0.498133 0.242647 0.508170 0.243873 0.528945 0.249300 0.548786 0.252101 0.553688 0.251225 0.556022 0.248424 0.588002 0.229167 0.595005 0.226541 0.602241 0.225315 0.603875 0.223915 0.605042 0.213235 0.603641 0.206933 0.603875 0.202556 0.602241 0.196254 0.600607 0.195028 0.599673 0.192577 0.594071 0.185049 0.588936 0.175245 0.585434 0.170868 0.577264 0.166141 0.574697 0.161239 0.572362 0.159839 0.567460 0.154237 0.556723 0.147584 0.543884 0.142507 0.539683 0.139006 0.536415 0.139181 0.532680 0.137780 0.525910 0.132353 0.519841 0.130952 0.509104 0.126926 0.504902 0.124650 0.489729 0.119923 0.472456 0.118172 0.459617 0.119748 0.453315 0.122024 0.444678 0.127276 0.439076 0.129202 0.432073 0.133754 0.428805 0.138831 0.422502 0.156863 0.422736 0.168592 0.425770 0.177346
1 0.313025 0.234244 0.314192 0.236695 0.321895 0.245623 0.324463 0.251751 0.327965 0.250875 0.331466 0.248249 0.337302 0.245973 0.341036 0.243522 0.366246 0.234069 0.369748 0.234419 0.378385 0.232843 0.385387 0.233894 0.392857 0.236345 0.396592 0.238796 0.401027 0.240021 0.404062 0.242297 0.408263 0.244048 0.411531 0.247024 0.414566 0.247899 0.417834 0.250000 0.429972 0.264006 0.431839 0.269258 0.437208 0.275035 0.449580 0.300595 0.453081 0.300070 0.457049 0.297444 0.470355 0.284839 0.472222 0.282388 0.475023 0.271884 0.475023 0.261730 0.473856 0.255252 0.469655 0.238095 0.457049 0.216912 0.428338 0.183123 0.425770 0.181548 0.416900 0.171919 0.399860 0.156688 0.388889 0.148634 0.387722 0.146884 0.378852 0.140406 0.372082 0.136730 0.359244 0.131828 0.354809 0.131653 0.345238 0.133403 0.333800 0.140756 0.327498 0.146884 0.317927 0.161590 0.313259 0.171744 0.312092 0.179447 0.310691 0.181898 0.310691 0.193102 0.309524 0.202206 0.310458 0.223915 0.313025 0.234244
1 0.458917 0.327556 0.462885 0.341912 0.463585 0.354167 0.466387 0.368172 0.470355 0.371674 0.473389 0.370623 0.481092 0.375700 0.487862 0.378676 0.501167 0.382003 0.517507 0.383228 0.522176 0.382353 0.525910 0.380252 0.535714 0.369223 0.544818 0.362570 0.557190 0.356268 0.563959 0.354692 0.574930 0.353466 0.577965 0.352416 0.581466 0.346989 0.582866 0.338235 0.578431 0.331758 0.570728 0.323354 0.551354 0.293067 0.548786 0.284664 0.545752 0.278887 0.542717 0.276085 0.532913 0.272759 0.518908 0.270483 0.504669 0.272584 0.494631 0.274860 0.471055 0.286239 0.462652 0.293417 0.456583 0.299895 0.453315 0.305672 0.452848 0.311450 0.458917 0.327556
1 0.448413 0.411239 0.448413 0.414391 0.464286 0.423494 0.480392 0.439951 0.486928 0.448880 0.491363 0.458683 0.494398 0.459734 0.498133 0.459384 0.501401 0.458158 0.506069 0.453606 0.511671 0.446429 0.512605 0.443978 0.514706 0.406338 0.511438 0.390581 0.505135 0.385854 0.494631 0.384804 0.491363 0.382703 0.489496 0.382878 0.484360 0.381127 0.475257 0.380777 0.466853 0.376050 0.463352 0.377276 0.457516 0.396884 0.448413 0.411239
1 0.442810 0.701155 0.453315 0.707633 0.464286 0.719013 0.468721 0.728817 0.470355 0.734944 0.473856 0.740546 0.487162 0.730917 0.498133 0.725140 0.505836 0.717262 0.507003 0.713761 0.508170 0.703081 0.514239 0.691702 0.520308 0.685574 0.521709 0.682948 0.524743 0.682073 0.524043 0.679097 0.522176 0.678046 0.513772 0.680847 0.495565 0.683824 0.484360 0.683824 0.473856 0.682248 0.459617 0.677871 0.455182 0.673845 0.451681 0.666141 0.449113 0.665091 0.445845 0.666317 0.443277 0.668592 0.436741 0.692752 0.437208 0.699230 0.442810 0.701155
1 0.821895 0.676296 0.823063 0.677521 0.826097 0.678221 0.829365 0.680847 0.829832 0.682773 0.826564 0.685749 0.832866 0.692577 0.855742 0.711660 0.869981 0.719538 0.872782 0.720238 0.875584 0.722164 0.879785 0.723214 0.887021 0.723389 0.893557 0.724615 0.900560 0.724440 0.914799 0.722689 0.928338 0.718662 0.938609 0.714286 0.949813 0.707283 0.953782 0.702731 0.957750 0.695028 0.958450 0.689251 0.956816 0.682248 0.953081 0.679447 0.949580 0.682248 0.948880 0.685399 0.946312 0.686625 0.942110 0.686800 0.930205 0.684524 0.914566 0.679097 0.909897 0.677171 0.907563 0.675245 0.899393 0.671919 0.889122 0.665091 0.866246 0.644608 0.862512 0.646183 0.854342 0.654937 0.841503 0.663515 0.831466 0.668067 0.829365 0.670168 0.823996 0.671919 0.821662 0.675245 0.821895 0.676296
1 0.662932 0.733894 0.662932 0.738270 0.664099 0.744398 0.666433 0.748950 0.682306 0.759279 0.689076 0.762080 0.696078 0.763655 0.713819 0.764531 0.722222 0.762430 0.729925 0.761380 0.734360 0.761555 0.740896 0.758403 0.749767 0.756478 0.763539 0.750000 0.784080 0.735819 0.797619 0.722514 0.805556 0.711134 0.808824 0.705707 0.812325 0.697129 0.814893 0.686450 0.817227 0.670518 0.816527 0.665441 0.818627 0.661415 0.820261 0.629727 0.819328 0.619398 0.817460 0.616422 0.818394 0.612570 0.816293 0.608018 0.817227 0.605742 0.815826 0.604867 0.814659 0.602066 0.812325 0.601015 0.810691 0.599090 0.803221 0.598564 0.799020 0.600490 0.797386 0.602416 0.796919 0.605917 0.798319 0.610469 0.800654 0.614846 0.803221 0.616071 0.802288 0.619748 0.805089 0.622899 0.803455 0.626401 0.804622 0.629202 0.803688 0.634104 0.806022 0.636730 0.804622 0.640231 0.805789 0.650910 0.804855 0.654412 0.805556 0.657738 0.804855 0.659139 0.802054 0.660539 0.799953 0.664916 0.802521 0.664916 0.803688 0.664041 0.806723 0.666317 0.806256 0.672269 0.804855 0.675070 0.805322 0.678746 0.802288 0.685399 0.799020 0.689076 0.797386 0.692577 0.793417 0.696779 0.782913 0.702556 0.779412 0.705707 0.775910 0.707108 0.768207 0.708508 0.754902 0.707633 0.751167 0.708333 0.748366 0.710084 0.744398 0.710084 0.743697 0.709209 0.738562 0.707458 0.730626 0.706933 0.717087 0.703256 0.702381 0.697129 0.689309 0.690476 0.685341 0.689426 0.683473 0.690476 0.680906 0.694328 0.664799 0.709909 0.663399 0.714811 0.665033 0.727416 0.662932 0.733894
1 0.767507 0.755427 0.774977 0.762955 0.794351 0.777311 0.799720 0.780637 0.810458 0.785539 0.819795 0.791667 0.827965 0.794993 0.841970 0.795343 0.845238 0.794818 0.850373 0.791492 0.852241 0.789216 0.854809 0.787990 0.855742 0.786415 0.860411 0.784139 0.870915 0.779937 0.883754 0.778011 0.886321 0.776085 0.886321 0.766457 0.883754 0.754202 0.876984 0.736520 0.867880 0.723564 0.845005 0.704307 0.832633 0.695553 0.821195 0.690126 0.817694 0.687500 0.814192 0.691702 0.811858 0.699930 0.808590 0.707108 0.806022 0.709559 0.796218 0.724265 0.781863 0.737658 0.770775 0.744923 0.765406 0.750875 0.765173 0.751926 0.767507 0.755427
1 0.878385 0.731968 0.879552 0.737745 0.881886 0.741597 0.886088 0.758578 0.888189 0.776611 0.890523 0.778011 0.897059 0.778011 0.907563 0.779762 0.927404 0.785189 0.934407 0.783964 0.939076 0.781338 0.948413 0.778536 0.957750 0.773284 0.966853 0.765756 0.977824 0.751401 0.981793 0.743522 0.985761 0.730917 0.984827 0.717437 0.979692 0.706232 0.977358 0.702906 0.973156 0.699755 0.963819 0.694853 0.960551 0.694503 0.957983 0.695728 0.954248 0.703081 0.950980 0.706758 0.945845 0.710434 0.928805 0.719013 0.918067 0.722339 0.904062 0.724790 0.893557 0.725490 0.887021 0.724265 0.881886 0.725490 0.880486 0.726541 0.876517 0.726716 0.876050 0.727416 0.878385 0.731968
1 0.939776 0.800245 0.940943 0.807073 0.940476 0.825105 0.937442 0.837885 0.935574 0.841562 0.935808 0.845588 0.931606 0.858193 0.931606 0.862745 0.938142 0.867822 0.941643 0.869573 0.960317 0.874300 0.967554 0.874475 0.980392 0.871674 0.986695 0.866246 0.991363 0.859594 0.995331 0.848739 0.996499 0.842787 0.996265 0.834559 0.991597 0.822654 0.987862 0.816702 0.981326 0.809174 0.975023 0.803922 0.967787 0.796043 0.959851 0.790091 0.949580 0.786239 0.942810 0.785364 0.939076 0.786064 0.935574 0.789741 0.935808 0.793242 0.939776 0.800245
1 0.889122 0.887080 0.892390 0.890231 0.896125 0.904937 0.895892 0.928922 0.896825 0.929797 0.902194 0.931373 0.915033 0.932073 0.922035 0.929622 0.927871 0.926120 0.932306 0.921744 0.936275 0.915091 0.937442 0.906863 0.937675 0.893908 0.933940 0.876751 0.930205 0.868697 0.927638 0.866947 0.922035 0.867472 0.913399 0.873074 0.900794 0.877276 0.890523 0.882003 0.887722 0.883929 0.889122 0.887080
1 0.886321 0.938200 0.884454 0.941176 0.882120 0.942577 0.885854 0.949930 0.888189 0.961485 0.887955 0.972339 0.883520 0.987745 0.886088 0.988270 0.894024 0.986695 0.912232 0.972339 0.917134 0.963761 0.920401 0.953782 0.920401 0.942577 0.914799 0.933123 0.903361 0.931373 0.897759 0.929797 0.894024 0.930147 0.891690 0.933824 0.886321 0.938200
1 0.878618 0.999825 0.878618 0.998249 0.880719 0.995098 0.881886 0.988270 0.885387 0.982668 0.887955 0.974090 0.888889 0.967087 0.888422 0.959559 0.884454 0.948354 0.880252 0.943627 0.876751 0.943803 0.866947 0.954307 0.861811 0.957633 0.855509 0.960084 0.846172 0.962535 0.834734 0.962535 0.821662 0.961134 0.816993 0.959909 0.806956 0.959209 0.799253 0.957458 0.789449 0.953606 0.782213 0.952381 0.766573 0.959384 0.758170 0.967087 0.754202 0.973915 0.753268 0.980917 0.750934 0.987570 0.749767 0.999825 0.878618 0.999825
1 0.738329 0.319678 0.743697 0.334209 0.746265 0.347514 0.746499 0.356268 0.744164 0.369048 0.738562 0.382178 0.730159 0.391106 0.727124 0.393382 0.723856 0.394258 0.720822 0.397759 0.724090 0.400910 0.740896 0.406513 0.748366 0.410189 0.758637 0.416842 0.762138 0.418067 0.766106 0.416141 0.773109 0.409139 0.780579 0.398109 0.784781 0.387255 0.785247 0.379027 0.783613 0.357843 0.783613 0.327556 0.781046 0.319678 0.777077 0.313901 0.772642 0.310574 0.765873 0.307248 0.751167 0.303046 0.733894 0.302696 0.730626 0.303746 0.732026 0.310574 0.738329 0.319678
1 0.310458 0.346464 0.311391 0.349965 0.310458 0.355917 0.312792 0.359419 0.312092 0.363796 0.323063 0.396183 0.325163 0.399685 0.325864 0.404762 0.327498 0.408438 0.338235 0.424020 0.343838 0.429097 0.347572 0.431548 0.355042 0.434699 0.359244 0.436099 0.362979 0.436450 0.366246 0.434874 0.375584 0.425595 0.389356 0.415091 0.396592 0.411064 0.404995 0.408438 0.412932 0.406688 0.419468 0.406513 0.431373 0.407563 0.442344 0.411239 0.445845 0.410714 0.450514 0.405112 0.456349 0.395658 0.461718 0.380252 0.462185 0.353466 0.461018 0.341387 0.455882 0.322304 0.453315 0.316702 0.447012 0.295693 0.436508 0.274510 0.423436 0.254202 0.408497 0.244048 0.400560 0.239846 0.390990 0.235819 0.379785 0.232493 0.376517 0.232318 0.372549 0.233894 0.362512 0.235294 0.341503 0.242822 0.329132 0.250875 0.314893 0.272234 0.312092 0.282213 0.309991 0.306373 0.309524 0.328256 0.310458 0.346464
1 0.453315 0.671744 0.456116 0.675070 0.459851 0.677871 0.470822 0.681898 0.476891 0.682948 0.493231 0.683648 0.514472 0.680847 0.522409 0.681373 0.542484 0.671919 0.546919 0.668417 0.546452 0.666317 0.543651 0.664916 0.538982 0.665616 0.535948 0.664741 0.528011 0.666842 0.521709 0.667367 0.511204 0.666667 0.505135 0.665091 0.496965 0.664741 0.475724 0.660539 0.471055 0.658964 0.463352 0.654762 0.456583 0.653011 0.453081 0.654237 0.452381 0.657738 0.451914 0.665966 0.453315 0.671744
1 0.233894 0.714461 0.237862 0.719188 0.243931 0.724440 0.259337 0.735819 0.261438 0.736520 0.265873 0.736695 0.284314 0.739846 0.313492 0.736870 0.342670 0.731618 0.359944 0.725840 0.362512 0.723915 0.362745 0.720413 0.351307 0.712885 0.348273 0.711660 0.345472 0.708859 0.341270 0.706408 0.339169 0.702381 0.320495 0.689951 0.316293 0.683999 0.301354 0.671569 0.295985 0.661415 0.290149 0.653536 0.283847 0.651611 0.282446 0.647584 0.279645 0.646534 0.275910 0.646534 0.273109 0.647409 0.262138 0.653711 0.241830 0.674020 0.238095 0.675770 0.233660 0.683473 0.230392 0.693627 0.230626 0.706583 0.233894 0.714461
1 0.714986 0.999825 0.713819 0.991246 0.711485 0.986345 0.706816 0.980567 0.693978 0.969363 0.686275 0.966562 0.680205 0.967262 0.671802 0.967087 0.657096 0.975140 0.637722 0.983193 0.626984 0.986695 0.622782 0.989146 0.619748 0.990021 0.612979 0.990371 0.605742 0.991947 0.596639 0.997549 0.595938 0.999825 0.714986 0.999825
1 0.678571 0.966211 0.682306 0.966387 0.685574 0.965686 0.692344 0.967787 0.702848 0.976190 0.713352 0.986870 0.715686 0.986870 0.738329 0.978641 0.745098 0.973389 0.749300 0.971113 0.751634 0.971639 0.759804 0.963585 0.774043 0.954132 0.776611 0.953256 0.780345 0.949580 0.775910 0.945378 0.772642 0.944503 0.769141 0.942052 0.765640 0.942227 0.754902 0.948529 0.750934 0.949580 0.737862 0.955882 0.723856 0.960784 0.708217 0.961310 0.690243 0.959384 0.685341 0.957983 0.682306 0.958683 0.678571 0.961485 0.676704 0.963410 0.678571 0.966211
1 0.480159 0.821429 0.470822 0.840511 0.469421 0.841912 0.470355 0.845238 0.471522 0.844013 0.475023 0.843137 0.490663 0.834909 0.496732 0.830007 0.502568 0.827031 0.509337 0.821254 0.511905 0.817577 0.509570 0.814776 0.503735 0.812675 0.491363 0.805847 0.484127 0.803571 0.482026 0.803746 0.482493 0.808123 0.480159 0.821429
1 0.868581 0.644083 0.890289 0.664566 0.901027 0.672269 0.917600 0.679972 0.939076 0.686450 0.946078 0.685924 0.953782 0.674195 0.959150 0.658088 0.959617 0.649860 0.958683 0.630077 0.956583 0.621674 0.952614 0.620798 0.949813 0.617997 0.946078 0.618172 0.925303 0.629027 0.913632 0.630077 0.901261 0.630077 0.889823 0.628326 0.874650 0.622724 0.871148 0.619748 0.866013 0.619748 0.866246 0.637605 0.868581 0.644083
1 0.818161 0.668592 0.818861 0.670343 0.821195 0.671394 0.839402 0.662815 0.847806 0.658088 0.855742 0.651961 0.862979 0.642332 0.864379 0.632353 0.863912 0.626050 0.860644 0.618172 0.845472 0.606618 0.830766 0.612220 0.826564 0.614671 0.821429 0.618347 0.820028 0.622024 0.820728 0.632878 0.818161 0.668592
1 0.584034 0.589636 0.588469 0.595413 0.597106 0.612045 0.598506 0.618873 0.598273 0.628151 0.598973 0.630427 0.602241 0.629202 0.603641 0.627626 0.607376 0.619923 0.616713 0.608543 0.619748 0.603291 0.621148 0.599090 0.621148 0.587185 0.619514 0.584559 0.616480 0.583508 0.604342 0.584384 0.583567 0.584559 0.582633 0.585084 0.584034 0.589636
1 0.000000 0.895658 0.007003 0.898810 0.035247 0.902311 0.047619 0.905987 0.050187 0.907913 0.060924 0.912115 0.065359 0.910014 0.068394 0.907563 0.072829 0.901786 0.074230 0.897934 0.067927 0.865896 0.064893 0.863796 0.057656 0.862745 0.052988 0.861169 0.039216 0.852241 0.026611 0.835959 0.023343 0.827556 0.022409 0.813901 0.022876 0.806898 0.024043 0.803221 0.028245 0.791492 0.040850 0.772584 0.036181 0.770833 0.025444 0.769258 0.019141 0.769608 0.011438 0.771359 0.003035 0.776611 0.000000 0.777486 0.000000 0.895658
1 0.000000 0.999825 0.075397 0.999825 0.081699 0.974440 0.082166 0.958508 0.080065 0.945553 0.071895 0.928746 0.068394 0.924020 0.058123 0.913690 0.045518 0.906338 0.040149 0.904237 0.028478 0.901786 0.019841 0.900910 0.004902 0.901611 0.000000 0.902661 0.000000 0.999825
0 0.662232 0.928046 0.666667 0.939251 0.669701 0.943102 0.682073 0.954482 0.690943 0.959209 0.699113 0.960784 0.713352 0.961485 0.719421 0.961310 0.727358 0.959909 0.737628 0.956232 0.742297 0.952906 0.756303 0.947129 0.765873 0.941877 0.780345 0.931373 0.789683 0.922269 0.800187 0.907738 0.807890 0.892507 0.815826 0.866947 0.816060 0.861870 0.818394 0.852591 0.816760 0.835959 0.811158 0.826506 0.807656 0.824405 0.799720 0.822129 0.796452 0.820028 0.793184 0.819328 0.788282 0.819503 0.771942 0.818102 0.765406 0.819328 0.756536 0.822129 0.742997 0.828081 0.741884 0.830346 0.739496 0.831057 0.729692 0.837710 0.718254 0.848214 0.701681 0.865196 0.693511 0.872199 0.677871 0.883578 0.665033 0.904587 0.661531 0.914041 0.661298 0.921919 0.662232 0.928046