0 0.181839 0.317577 0.184174 0.322304 0.187675 0.335084 0.190009 0.339286 0.192810 0.348915 0.194911 0.352941 0.199113 0.358543 0.201681 0.363620 0.214519 0.374825 0.234360 0.390231 0.251401 0.399510 0.262138 0.403887 0.279178 0.407038 0.293417 0.407913 0.314426 0.406863 0.324463 0.404937 0.331699 0.401786 0.335979 0.400385 0.338469 0.400385 0.352708 0.394783 0.373016 0.381828 0.380019 0.376050 0.394958 0.356092 0.402194 0.338410 0.409664 0.307948 0.411064 0.290791 0.410364 0.275210 0.406396 0.244573 0.402428 0.232493 0.394258 0.215511 0.382820 0.199405 0.372082 0.189251 0.360411 0.180847 0.343838 0.173494 0.331232 0.170343 0.316993 0.168768 0.296218 0.171043 0.286881 0.172794 0.275910 0.176471 0.261671 0.184524 0.258403 0.185574 0.254435 0.190651 0.246965 0.194678 0.244865 0.197479 0.235061 0.204482 0.233660 0.206758 0.220121 0.216912 0.214052 0.225665 0.209617 0.230392 0.206816 0.235469 0.195145 0.251576 0.186275 0.272234 0.180439 0.296744 0.179972 0.301120 0.181839 0.317577
0 0.218021 0.064251 0.230859 0.088060 0.234360 0.091387 0.236928 0.096289 0.240896 0.099790 0.249767 0.110819 0.263305 0.123950 0.269841 0.128326 0.271942 0.131127 0.277077 0.134454 0.279412 0.137430 0.282446 0.139006 0.287115 0.143557 0.296452 0.149510 0.301120 0.155812 0.310924 0.160889 0.314659 0.163866 0.321195 0.167017 0.339402 0.170343 0.341737 0.171919 0.349907 0.174370 0.364846 0.182248 0.369981 0.186450 0.383053 0.194328 0.386088 0.194153 0.394725 0.197479 0.400794 0.198704 0.409664 0.198529 0.422269 0.199930 0.429272 0.199755 0.434174 0.200630 0.449813 0.199405 0.454715 0.198354 0.460784 0.198529 0.472456 0.196254 0.476891 0.196078 0.485294 0.193978 0.492764 0.189076 0.497899 0.187500 0.512605 0.176471 0.521709 0.160714 0.527544 0.153361 0.529178 0.143908 0.531513 0.140581 0.530579 0.136029 0.531046 0.127801 0.529412 0.123249 0.529412 0.116947 0.528245 0.112745 0.521242 0.098389 0.511671 0.085259 0.506769 0.081232 0.504669 0.078081 0.501867 0.076155 0.499066 0.072654 0.492297 0.067752 0.491130 0.066001 0.470355 0.051296 0.460317 0.045518 0.456583 0.042542 0.443978 0.035189 0.439076 0.033438 0.429505 0.028011 0.383287 0.011905 0.378151 0.011380 0.368581 0.011905 0.355742 0.009279 0.351074 0.008754 0.345938 0.009279 0.342204 0.007528 0.319094 0.007528 0.297386 0.009804 0.275677 0.013480 0.268908 0.015406 0.243931 0.025385 0.238329 0.028361 0.221989 0.040091 0.216853 0.050945 0.216387 0.057948 0.218021 0.064251
0 0.314192 0.607843 0.321195 0.612920 0.321895 0.615371 0.324697 0.617297 0.326097 0.619748 0.338936 0.629902 0.356676 0.640581 0.365546 0.645308 0.371615 0.647059 0.376050 0.649685 0.393557 0.656863 0.428805 0.669818 0.439309 0.672444 0.456349 0.675245 0.478291 0.682948 0.498133 0.687150 0.522176 0.691352 0.533380 0.692052 0.553922 0.691352 0.567694 0.689951 0.588469 0.686625 0.595238 0.682773 0.602474 0.682248 0.614379 0.675945 0.623016 0.672969 0.629785 0.668768 0.641923 0.658088 0.644491 0.654587 0.646592 0.647584 0.648926 0.643557 0.650794 0.636029 0.650560 0.629727 0.649393 0.625875 0.644491 0.618522 0.637955 0.611345 0.633287 0.608543 0.630252 0.605042 0.610411 0.590511 0.556022 0.555672 0.533380 0.542017 0.523109 0.537115 0.519608 0.534664 0.507470 0.528711 0.483894 0.522759 0.475257 0.519783 0.442577 0.516282 0.407796 0.516106 0.390523 0.518207 0.370448 0.522059 0.363212 0.524335 0.335668 0.536239 0.327031 0.542367 0.323763 0.546569 0.319094 0.550420 0.313959 0.557948 0.309991 0.566877 0.307190 0.577731 0.307890 0.595413 0.314192 0.607843
0 0.418768 0.901085 0.421569 0.907913 0.422969 0.915091 0.428338 0.925420 0.430439 0.932248 0.436741 0.942752 0.442810 0.948354 0.449113 0.956583 0.454248 0.959734 0.460551 0.964986 0.476657 0.972689 0.483193 0.973389 0.498133 0.972864 0.504669 0.969538 0.519608 0.964811 0.533380 0.957108 0.540149 0.952556 0.545518 0.947654 0.551120 0.944678 0.556022 0.939776 0.569328 0.929972 0.573296 0.925420 0.577031 0.922794 0.597806 0.900035 0.607843 0.890406 0.633053 0.861695 0.635387 0.857143 0.639823 0.852591 0.644024 0.844363 0.652428 0.831933 0.657330 0.813550 0.660131 0.793592 0.659897 0.775735 0.658497 0.765581 0.654995 0.751401 0.645658 0.729692 0.637255 0.717262 0.628852 0.709034 0.601541 0.693277 0.588702 0.689776 0.567227 0.691176 0.554388 0.693277 0.547619 0.692927 0.532913 0.693803 0.529412 0.694853 0.521475 0.700105 0.508170 0.711485 0.494398 0.724965 0.480859 0.740371 0.471755 0.751576 0.470355 0.754377 0.466853 0.757353 0.464519 0.761730 0.459851 0.766457 0.450747 0.779412 0.435574 0.807073 0.430439 0.821429 0.428338 0.830182 0.424603 0.834909 0.416667 0.866597 0.416433 0.877101 0.418768 0.901085
0 0.437442 0.265931 0.441643 0.285889 0.442110 0.293592 0.445845 0.303746 0.457283 0.317927 0.462185 0.325455 0.468487 0.338235 0.471522 0.341912 0.475023 0.344363 0.477124 0.348564 0.481559 0.354167 0.497432 0.368697 0.501167 0.370448 0.510504 0.377801 0.514706 0.379552 0.518908 0.383053 0.525444 0.386029 0.529178 0.389181 0.556723 0.402311 0.578665 0.410364 0.601541 0.414741 0.609711 0.415091 0.623483 0.414216 0.629785 0.411415 0.636088 0.407388 0.644958 0.404237 0.656629 0.402486 0.658497 0.400735 0.665500 0.397759 0.671569 0.393908 0.676937 0.387955 0.682073 0.380252 0.685808 0.373599 0.688375 0.365546 0.691176 0.349965 0.691643 0.334734 0.690009 0.321604 0.683240 0.299895 0.673203 0.282388 0.652428 0.259804 0.635154 0.246674 0.612979 0.235469 0.602474 0.231092 0.588469 0.228116 0.570728 0.221639 0.563959 0.220413 0.556489 0.217962 0.553688 0.215336 0.547152 0.214986 0.543417 0.213761 0.532680 0.213235 0.522876 0.211310 0.509804 0.210609 0.499767 0.211660 0.480859 0.212185 0.466620 0.215161 0.459617 0.217962 0.452148 0.222514 0.445145 0.230042 0.441176 0.237570 0.438142 0.245798 0.437208 0.251225 0.437442 0.265931
0 0.618814 0.097689 0.623483 0.112745 0.631886 0.133754 0.635621 0.140581 0.642624 0.151436 0.649393 0.159839 0.652894 0.162815 0.654295 0.165091 0.666433 0.174895 0.672736 0.181373 0.675070 0.185574 0.679505 0.189076 0.685808 0.196604 0.689542 0.199755 0.715219 0.214811 0.730159 0.221464 0.741130 0.224965 0.747432 0.227941 0.765173 0.231443 0.775910 0.232668 0.793184 0.232318 0.797619 0.230567 0.803922 0.230392 0.811391 0.228641 0.822596 0.221814 0.827264 0.213410 0.828665 0.206933 0.828898 0.188901 0.825163 0.167542 0.817227 0.143732 0.816993 0.140581 0.799486 0.105567 0.791083 0.091912 0.781979 0.080182 0.778711 0.078256 0.772176 0.071604 0.767974 0.065476 0.763772 0.063200 0.761204 0.060049 0.755836 0.056022 0.734127 0.042542 0.720355 0.035539 0.712652 0.033613 0.706116 0.030287 0.689776 0.026786 0.674603 0.026786 0.664566 0.028011 0.657796 0.030462 0.649160 0.035364 0.643324 0.039916 0.639823 0.041492 0.632820 0.046394 0.625117 0.052871 0.623249 0.055497 0.618347 0.064601 0.616947 0.070203 0.616947 0.084384 0.618814 0.097689
0 0.008637 0.741597 0.013305 0.746324 0.022176 0.751576 0.041783 0.761380 0.042951 0.762605 0.053688 0.767507 0.081933 0.775385 0.084967 0.776786 0.102241 0.779587 0.132586 0.779937 0.169001 0.777836 0.193044 0.772059 0.214286 0.764881 0.228758 0.757353 0.241597 0.749475 0.255369 0.737045 0.263072 0.726541 0.266573 0.717087 0.267274 0.711660 0.266807 0.702906 0.262372 0.689601 0.254902 0.675595 0.248599 0.671569 0.240430 0.663690 0.230159 0.658438 0.213585 0.652836 0.192577 0.648634 0.167834 0.648810 0.147292 0.650210 0.125117 0.653186 0.092670 0.659314 0.056489 0.671043 0.037348 0.681373 0.018207 0.695553 0.011905 0.702731 0.008403 0.708508 0.004902 0.716737 0.003735 0.721814 0.004435 0.734244 0.008637 0.741597
1 0.117880 0.530112 0.122782 0.543417 0.132820 0.561625 0.136555 0.564601 0.140056 0.569328 0.146125 0.574930 0.160598 0.584384 0.168768 0.588410 0.175070 0.590336 0.191410 0.591562 0.199346 0.592962 0.209617 0.593312 0.227358 0.593137 0.234594 0.591912 0.242997 0.589986 0.251401 0.585784 0.255369 0.584559 0.270775 0.574580 0.285714 0.560749 0.298319 0.541492 0.304855 0.521359 0.306022 0.514006 0.306956 0.492472 0.304155 0.461905 0.303688 0.436099 0.302288 0.425245 0.297152 0.411415 0.292717 0.409139 0.276844 0.408088 0.264939 0.405812 0.257703 0.403361 0.239029 0.394608 0.233894 0.390406 0.230159 0.389006 0.216853 0.378326 0.210317 0.378326 0.206116 0.380077 0.203081 0.380252 0.192577 0.383053 0.184874 0.387780 0.179038 0.390406 0.160364 0.403536 0.156396 0.407913 0.151027 0.411415 0.149393 0.414041 0.145425 0.417192 0.138422 0.425070 0.136555 0.429272 0.132820 0.434174 0.124883 0.450455 0.118347 0.470588 0.115079 0.494223 0.114379 0.512255 0.117880 0.530112
1 0.345005 0.000000 0.345005 0.001926 0.341737 0.005077 0.341970 0.008228 0.351447 0.007528 0.356676 0.008053 0.359711 0.009279 0.368581 0.010854 0.372316 0.009979 0.380486 0.010329 0.391457 0.013655 0.394024 0.015231 0.405929 0.019258 0.423203 0.024510 0.450280 0.037815 0.463819 0.046043 0.486928 0.062150 0.491130 0.063725 0.492764 0.061800 0.498133 0.052521 0.503968 0.029762 0.504435 0.015231 0.501401 0.000000 0.345005 0.000000
1 0.493931 0.063901 0.494398 0.067577 0.504902 0.076506 0.517274 0.090336 0.520775 0.095063 0.525910 0.105917 0.527778 0.108193 0.531279 0.116947 0.530812 0.123249 0.531979 0.128326 0.531279 0.137605 0.531979 0.141106 0.534080 0.144258 0.506769 0.182773 0.499300 0.188025 0.494631 0.189251 0.493931 0.192577 0.494865 0.193452 0.501401 0.195378 0.505602 0.195728 0.511905 0.194853 0.518674 0.185924 0.532680 0.174370 0.544118 0.167017 0.550420 0.164741 0.556956 0.160714 0.578431 0.154412 0.586601 0.152836 0.588936 0.151611 0.602708 0.130952 0.611111 0.112570 0.614379 0.102591 0.615780 0.092087 0.615079 0.079307 0.616246 0.067402 0.620915 0.057248 0.622316 0.050070 0.620448 0.042542 0.613679 0.032738 0.609944 0.028711 0.598739 0.020308 0.580532 0.014706 0.567227 0.013831 0.557890 0.015931 0.553688 0.015231 0.540149 0.017332 0.525910 0.022409 0.519608 0.026436 0.505602 0.033613 0.503268 0.036239 0.498599 0.053922 0.493931 0.063901
1 0.508637 0.210259 0.526144 0.211134 0.553221 0.216562 0.589169 0.227941 0.603175 0.231618 0.609244 0.233718 0.626517 0.241772 0.640990 0.232843 0.657330 0.227591 0.659664 0.225490 0.661765 0.218137 0.666433 0.216036 0.672736 0.215818 0.672269 0.222164 0.672969 0.223915 0.679505 0.224265 0.685808 0.223389 0.690009 0.220413 0.686275 0.202381 0.672269 0.182948 0.664799 0.175245 0.651961 0.164391 0.644258 0.159664 0.635854 0.156513 0.619748 0.153011 0.607143 0.152311 0.591503 0.152661 0.571662 0.157038 0.560924 0.160189 0.545985 0.166667 0.523343 0.182248 0.517274 0.188901 0.512372 0.196078 0.508170 0.204307 0.507703 0.208683 0.508637 0.210259
1 0.830532 0.192227 0.830299 0.206232 0.829132 0.211134 0.824697 0.221289 0.821429 0.224615 0.815359 0.228817 0.814426 0.230742 0.818627 0.246849 0.818861 0.269608 0.817927 0.272409 0.816760 0.287115 0.818394 0.292542 0.820962 0.296744 0.828431 0.304447 0.841970 0.310049 0.849673 0.311099 0.857843 0.311099 0.871615 0.308473 0.874883 0.306723 0.892857 0.301120 0.900327 0.297794 0.904762 0.293943 0.914799 0.288515 0.924370 0.280637 0.929972 0.275910 0.943511 0.261380 0.956816 0.241422 0.963585 0.227241 0.967787 0.213410 0.969888 0.197654 0.970121 0.170518 0.969188 0.160889 0.965219 0.143732 0.961951 0.136905 0.955182 0.126751 0.950047 0.121849 0.944678 0.118522 0.929505 0.112570 0.918534 0.110469 0.910831 0.110294 0.901261 0.111345 0.887488 0.114671 0.874183 0.119748 0.864613 0.125350 0.848039 0.139531 0.833333 0.153887 0.826564 0.164216 0.826331 0.168417 0.830532 0.192227
1 0.709384 0.227241 0.719188 0.231793 0.741130 0.247024 0.745565 0.251926 0.763772 0.268382 0.777311 0.283438 0.796685 0.309174 0.800187 0.311275 0.808590 0.297444 0.815826 0.276085 0.816993 0.269958 0.817927 0.260154 0.816293 0.244748 0.812092 0.230742 0.810691 0.229867 0.802754 0.231968 0.790149 0.233718 0.772409 0.233543 0.751167 0.229867 0.736461 0.225315 0.724090 0.220238 0.717320 0.218662 0.713585 0.219013 0.709851 0.222164 0.708917 0.223564 0.709384 0.227241
1 0.631653 0.243697 0.636788 0.248249 0.645191 0.251926 0.646825 0.255077 0.650093 0.257003 0.654295 0.262080 0.660598 0.265581 0.661531 0.268207 0.664566 0.270308 0.664799 0.272584 0.667834 0.275910 0.670635 0.277661 0.675303 0.284839 0.677171 0.286415 0.685107 0.301821 0.689076 0.314426 0.692344 0.331408 0.692577 0.345588 0.690943 0.357843 0.686275 0.374125 0.673903 0.394083 0.673903 0.397409 0.675303 0.399685 0.689076 0.408263 0.703315 0.414391 0.710317 0.417017 0.718721 0.418768 0.721522 0.420343 0.734127 0.423845 0.742764 0.423144 0.748366 0.424195 0.751167 0.423319 0.761438 0.422794 0.769141 0.420168 0.776377 0.416317 0.788049 0.407038 0.797852 0.396008 0.804622 0.384979 0.809290 0.366597 0.810691 0.355742 0.809991 0.341387 0.807656 0.332808 0.803688 0.322304 0.799486 0.315476 0.798786 0.312850 0.794818 0.308473 0.789916 0.300245 0.781979 0.290966 0.776611 0.282913 0.770775 0.277311 0.761905 0.266457 0.750700 0.257003 0.746265 0.251926 0.727591 0.237570 0.711951 0.228992 0.705182 0.226716 0.692810 0.224265 0.685341 0.224440 0.650327 0.230567 0.634687 0.237745 0.630719 0.241246 0.631653 0.243697
1 0.801120 0.314076 0.801120 0.317577 0.802754 0.318627 0.808824 0.333859 0.810691 0.349265 0.809991 0.365721 0.806256 0.382003 0.802988 0.388480 0.792951 0.402661 0.789916 0.405812 0.786415 0.407738 0.777311 0.416667 0.770075 0.420518 0.757003 0.424195 0.751401 0.424545 0.746032 0.424020 0.734127 0.425245 0.751634 0.433473 0.755135 0.433999 0.758637 0.435924 0.762605 0.435749 0.771242 0.437150 0.779645 0.436625 0.790616 0.433298 0.799253 0.428922 0.809757 0.421394 0.812325 0.418768 0.818627 0.407738 0.825397 0.390406 0.828665 0.376751 0.829832 0.363620 0.828665 0.354692 0.828898 0.337885 0.825864 0.321604 0.822129 0.313901 0.811625 0.303046 0.810224 0.302346 0.807190 0.303221 0.805089 0.305847 0.803455 0.311099 0.801120 0.314076
1 0.831933 0.350665 0.831933 0.377101 0.833333 0.380952 0.841503 0.394083 0.847806 0.401261 0.854342 0.405462 0.856909 0.408789 0.869514 0.413340 0.883987 0.414916 0.900794 0.411239 0.908497 0.408613 0.916200 0.404587 0.930205 0.394783 0.935808 0.389706 0.938842 0.385329 0.947946 0.377976 0.949813 0.377276 0.953081 0.371148 0.956349 0.370098 0.959851 0.367297 0.961718 0.363620 0.967554 0.356268 0.970121 0.353992 0.973856 0.352416 0.975023 0.348214 0.984360 0.333683 0.991130 0.320553 0.993931 0.310574 0.994164 0.306197 0.992997 0.300245 0.988796 0.293417 0.985061 0.280112 0.984594 0.272409 0.977591 0.261029 0.970822 0.253676 0.959851 0.245273 0.956349 0.244573 0.950514 0.251576 0.944444 0.262780 0.938842 0.267507 0.931139 0.276436 0.914566 0.290091 0.893324 0.301646 0.869748 0.309699 0.861578 0.311099 0.851774 0.311450 0.845238 0.311275 0.834967 0.309349 0.831232 0.312500 0.830065 0.316527 0.829832 0.329132 0.831933 0.350665
1 0.861578 0.446078 0.869514 0.456408 0.874183 0.460434 0.890523 0.469538 0.898226 0.470763 0.911531 0.468137 0.914566 0.464461 0.916667 0.457458 0.922035 0.447654 0.934641 0.435399 0.957983 0.418242 0.964986 0.411064 0.973623 0.387080 0.977124 0.363620 0.975724 0.355217 0.973856 0.353466 0.969888 0.354692 0.963352 0.362570 0.960551 0.367472 0.953315 0.371499 0.951447 0.374125 0.941643 0.382703 0.933707 0.391807 0.919701 0.402311 0.908730 0.408613 0.887021 0.414916 0.873016 0.414216 0.868814 0.413165 0.855742 0.407738 0.853875 0.410539 0.855275 0.430847 0.861578 0.446078
1 0.916667 0.481618 0.926004 0.488445 0.936041 0.493522 0.945845 0.496674 0.958917 0.498950 0.965920 0.499300 0.980626 0.499650 0.987862 0.499125 0.991597 0.497374 0.994865 0.497724 0.999767 0.496674 0.999767 0.403887 0.987395 0.406688 0.966387 0.414391 0.963119 0.415791 0.953081 0.422444 0.931373 0.439251 0.923436 0.447829 0.918067 0.456408 0.915266 0.466737 0.915266 0.477416 0.916667 0.481618
1 0.725023 0.439426 0.727824 0.449580 0.728525 0.460259 0.727124 0.484069 0.728058 0.487745 0.730626 0.492297 0.734594 0.495448 0.749767 0.500350 0.765406 0.503151 0.786415 0.503852 0.799020 0.501751 0.810691 0.501926 0.824930 0.499125 0.832866 0.496674 0.835201 0.494923 0.848973 0.488971 0.852007 0.488270 0.855042 0.484419 0.867880 0.475140 0.872316 0.470413 0.876984 0.466912 0.876751 0.463410 0.863212 0.449580 0.859477 0.443277 0.853875 0.430147 0.851074 0.418242 0.845705 0.415441 0.838469 0.413690 0.828665 0.416492 0.817927 0.420868 0.807190 0.423494 0.796919 0.430497 0.790149 0.433999 0.779879 0.436975 0.771709 0.437325 0.764006 0.436625 0.750934 0.433648 0.747199 0.431373 0.741130 0.429622 0.734360 0.430147 0.726190 0.432423 0.725023 0.435399 0.725023 0.439426
1 0.848039 0.510504 0.866246 0.514531 0.873716 0.516807 0.885621 0.521709 0.892390 0.526786 0.900327 0.536590 0.903595 0.546919 0.907330 0.548144 0.918067 0.548669 0.927638 0.547094 0.939542 0.543417 0.946312 0.542717 0.958917 0.531688 0.966387 0.526611 0.974556 0.522234 0.990896 0.515581 0.994164 0.508578 0.995331 0.501401 0.994631 0.499825 0.992764 0.499300 0.976190 0.499825 0.957049 0.498775 0.948413 0.497199 0.932773 0.492297 0.925770 0.488620 0.916200 0.482143 0.914099 0.477591 0.913165 0.472164 0.911531 0.470763 0.907330 0.470763 0.893791 0.471639 0.887021 0.473039 0.871849 0.479342 0.859244 0.487395 0.851541 0.496499 0.848039 0.501576 0.846639 0.505252 0.845705 0.508754 0.848039 0.510504
1 0.720588 0.558999 0.727358 0.570903 0.728525 0.575455 0.728058 0.581583 0.730859 0.586134 0.747899 0.583158 0.758870 0.582808 0.764472 0.581758 0.771242 0.581758 0.782680 0.583508 0.796919 0.588235 0.819094 0.599965 0.823996 0.603466 0.827965 0.604517 0.838002 0.603992 0.860177 0.596464 0.880019 0.584209 0.887255 0.577381 0.895191 0.567402 0.900093 0.557423 0.901494 0.550245 0.900560 0.546569 0.901027 0.543067 0.896592 0.533964 0.891923 0.529237 0.889122 0.524860 0.882120 0.520658 0.870915 0.516632 0.859010 0.514006 0.849206 0.512430 0.835901 0.511029 0.831232 0.511204 0.824697 0.510154 0.792951 0.510504 0.790383 0.511380 0.769141 0.513305 0.751867 0.517682 0.727591 0.526961 0.725023 0.529237 0.720121 0.536064 0.715453 0.543242 0.714986 0.545343 0.715453 0.553571 0.720588 0.558999
1 0.939076 0.598039 0.945845 0.609069 0.951681 0.613971 0.953081 0.616071 0.957049 0.616246 0.970121 0.612920 0.977124 0.611870 0.999767 0.611870 0.999767 0.517507 0.988095 0.518557 0.976891 0.522409 0.965219 0.528186 0.955182 0.536415 0.949346 0.543067 0.944911 0.550945 0.939076 0.567577 0.937208 0.579307 0.936975 0.585609 0.939076 0.598039
1 0.845705 0.609594 0.846405 0.611345 0.849440 0.613971 0.850140 0.616246 0.854108 0.620273 0.857376 0.621324 0.873950 0.622724 0.890289 0.625350 0.900794 0.629202 0.919935 0.639181 0.935574 0.649860 0.939309 0.654412 0.942344 0.655287 0.943277 0.654762 0.943978 0.650735 0.941410 0.640581 0.941643 0.630952 0.944678 0.625350 0.951447 0.618172 0.954715 0.616071 0.947946 0.611169 0.938375 0.598564 0.936508 0.585609 0.937675 0.567227 0.935574 0.564076 0.928338 0.560399 0.911531 0.554797 0.907563 0.554447 0.904295 0.555322 0.902194 0.557073 0.892857 0.571779 0.878852 0.586310 0.860411 0.597514 0.846405 0.602416 0.842904 0.605042 0.841737 0.607668 0.841970 0.609769 0.845705 0.609594
1 0.948179 0.657563 0.954715 0.671569 0.974790 0.702206 0.979692 0.713761 0.987162 0.727066 0.994631 0.738270 0.998133 0.742297 0.999767 0.742297 0.999767 0.613095 0.989029 0.612395 0.976424 0.612570 0.959851 0.616422 0.954949 0.618347 0.950280 0.621674 0.945612 0.626401 0.943744 0.630427 0.943744 0.643732 0.948179 0.657563
1 0.854575 0.636555 0.856443 0.646534 0.856443 0.655462 0.855042 0.665266 0.853175 0.671394 0.849206 0.678922 0.832866 0.696078 0.830532 0.699580 0.830766 0.703081 0.831933 0.704832 0.831933 0.710259 0.834967 0.722164 0.838235 0.730917 0.842904 0.738095 0.846639 0.746499 0.861111 0.763305 0.873716 0.773284 0.883287 0.782213 0.904295 0.795343 0.918534 0.800945 0.944678 0.808473 0.946312 0.809699 0.956116 0.811275 0.973623 0.811275 0.977591 0.810749 0.986228 0.807773 0.990896 0.805147 0.998133 0.797794 0.999767 0.797794 0.999767 0.744748 0.982493 0.719713 0.977124 0.709909 0.974790 0.703606 0.961951 0.682598 0.956116 0.675595 0.950280 0.665966 0.948413 0.663515 0.928805 0.646709 0.917367 0.639006 0.911765 0.636555 0.907796 0.633403 0.905229 0.632353 0.888189 0.626401 0.875584 0.623950 0.856676 0.623424 0.851774 0.624825 0.848973 0.626401 0.850140 0.630077 0.854575 0.636555
1 0.437675 0.476891 0.451214 0.488445 0.464519 0.497899 0.469188 0.502276 0.477591 0.507703 0.483894 0.510504 0.486928 0.513130 0.494164 0.517157 0.508403 0.524160 0.517274 0.525385 0.522642 0.527311 0.534080 0.528887 0.539216 0.530287 0.551587 0.531162 0.583758 0.528536 0.591270 0.528536 0.602708 0.526786 0.624416 0.524860 0.644024 0.517332 0.652661 0.512605 0.661998 0.505252 0.664799 0.501926 0.667134 0.500700 0.669701 0.496849 0.672484 0.490484 0.682373 0.496777 0.685370 0.496553 0.680276 0.483067 0.673436 0.473389 0.675070 0.470763 0.674837 0.463410 0.673436 0.456408 0.672035 0.452731 0.666667 0.445378 0.651261 0.431022 0.647059 0.429797 0.636088 0.424720 0.623483 0.415966 0.604809 0.416141 0.585434 0.413515 0.568394 0.408088 0.565826 0.406513 0.551354 0.401261 0.546685 0.398634 0.540149 0.396534 0.533613 0.396008 0.529412 0.394083 0.511905 0.393557 0.494631 0.394783 0.470121 0.400735 0.463119 0.404062 0.460084 0.409314 0.446545 0.441702 0.439076 0.453606 0.433240 0.466036 0.433007 0.470413 0.437675 0.476891
1 0.630952 0.419818 0.632551 0.422269 0.637021 0.425245 0.640289 0.425770 0.650327 0.430147 0.658263 0.436450 0.666900 0.444503 0.673903 0.455357 0.675537 0.464461 0.675303 0.473739 0.678805 0.479692 0.681373 0.486520 0.684696 0.488124 0.683497 0.488349 0.682898 0.490596 0.685295 0.492844 0.685295 0.494417 0.685895 0.497114 0.677803 0.494867 0.672109 0.489697 0.668813 0.496440 0.664018 0.504532 0.655926 0.510825 0.644539 0.518916 0.657425 0.520040 0.667914 0.520265 0.679302 0.520265 0.680500 0.522737 0.687693 0.526333 0.692488 0.522737 0.692188 0.518017 0.694444 0.514881 0.703548 0.512255 0.714519 0.504202 0.719655 0.499125 0.725023 0.486870 0.727591 0.473915 0.727591 0.459559 0.726891 0.453782 0.721055 0.432248 0.713585 0.421043 0.710551 0.418592 0.696779 0.412990 0.679038 0.403711 0.673669 0.401961 0.671569 0.399860 0.669935 0.399510 0.662465 0.400735 0.658964 0.403536 0.651431 0.406536 0.659897 0.411064 0.658964 0.414741 0.656863 0.415266 0.652194 0.414916 0.644024 0.412290 0.640756 0.412990 0.633520 0.412290 0.628056 0.413504 0.624760 0.414852 0.630952 0.419818
1 0.671569 0.544468 0.686508 0.553746 0.689076 0.554972 0.693044 0.555497 0.696545 0.554272 0.705415 0.549020 0.712418 0.543067 0.722923 0.529412 0.725957 0.522409 0.726657 0.515406 0.723623 0.507820 0.723389 0.504902 0.720355 0.500000 0.716853 0.501576 0.709851 0.508403 0.700980 0.513305 0.694211 0.515231 0.691888 0.521164 0.690390 0.525434 0.686194 0.525884 0.678403 0.520489 0.670011 0.520489 0.667015 0.521164 0.663718 0.520939 0.657425 0.520265 0.652031 0.520040 0.649334 0.519815 0.647535 0.520040 0.644958 0.518557 0.635154 0.522584 0.630486 0.525735 0.645191 0.531162 0.671569 0.544468
1 0.543184 0.547444 0.559991 0.556898 0.564192 0.560749 0.577031 0.568277 0.580766 0.571429 0.583567 0.572479 0.585668 0.574580 0.595238 0.580182 0.601774 0.585084 0.609944 0.589636 0.618114 0.595238 0.622316 0.599090 0.628618 0.602766 0.642157 0.614146 0.649393 0.623424 0.652661 0.633403 0.652661 0.637955 0.645658 0.654062 0.643324 0.657738 0.637255 0.661415 0.632120 0.667367 0.626751 0.671218 0.623249 0.671218 0.619748 0.673669 0.618347 0.675245 0.619514 0.676120 0.640289 0.680672 0.643324 0.680322 0.660131 0.673319 0.691643 0.663866 0.712885 0.660014 0.727124 0.659139 0.729225 0.657913 0.730626 0.653887 0.732726 0.651611 0.736695 0.644258 0.738796 0.633578 0.738796 0.623074 0.736928 0.612920 0.734594 0.605742 0.731559 0.599090 0.721755 0.583859 0.716620 0.578957 0.714052 0.575280 0.710084 0.572654 0.707516 0.569153 0.700980 0.563550 0.695378 0.560049 0.692577 0.556898 0.690009 0.556022 0.674370 0.546218 0.662698 0.540966 0.651494 0.534489 0.636088 0.527661 0.630019 0.525735 0.605042 0.527661 0.575163 0.531513 0.554155 0.533088 0.549720 0.535189 0.542717 0.543417 0.542250 0.546744 0.543184 0.547444
1 0.618114 0.701155 0.622549 0.705182 0.626984 0.706758 0.629552 0.708508 0.642157 0.722339 0.652194 0.741422 0.656162 0.751401 0.660364 0.769608 0.661765 0.785189 0.661765 0.793768 0.659897 0.803746 0.661298 0.808999 0.680205 0.805497 0.717087 0.792192 0.751401 0.777136 0.759104 0.772584 0.791783 0.750350 0.793651 0.747024 0.804388 0.736345 0.811391 0.727066 0.816760 0.716036 0.819561 0.706933 0.817694 0.695903 0.813259 0.685924 0.805556 0.675070 0.797852 0.668417 0.782446 0.661239 0.772409 0.659139 0.760037 0.658088 0.739729 0.658964 0.713585 0.661239 0.698179 0.663690 0.686275 0.667367 0.678805 0.668067 0.662932 0.673319 0.640523 0.682773 0.619981 0.693627 0.616713 0.696078 0.614613 0.699580 0.618114 0.701155
1 0.811391 0.727941 0.791317 0.751576 0.794351 0.758578 0.800187 0.765231 0.803455 0.766106 0.819328 0.755077 0.832866 0.739846 0.836368 0.734244 0.836368 0.730742 0.831466 0.710959 0.828665 0.704307 0.827731 0.703431 0.824230 0.703081 0.820728 0.705882 0.816293 0.718662 0.811391 0.727941
1 0.656162 0.828606 0.657563 0.832633 0.661531 0.837185 0.675770 0.849615 0.693511 0.860644 0.701214 0.862395 0.713119 0.867472 0.731326 0.869048 0.734360 0.869923 0.748833 0.869398 0.762605 0.867822 0.772409 0.864321 0.780345 0.860294 0.788049 0.854692 0.796685 0.846814 0.804622 0.836660 0.810924 0.823354 0.812325 0.817752 0.812792 0.810399 0.811391 0.793768 0.803221 0.772584 0.798786 0.764706 0.792484 0.757003 0.789916 0.755252 0.786415 0.755427 0.781279 0.758403 0.774276 0.764006 0.765873 0.768382 0.751634 0.777486 0.741597 0.782388 0.706583 0.796744 0.703315 0.797269 0.678805 0.806197 0.661298 0.810924 0.659197 0.814251 0.656162 0.824580 0.656162 0.828606
1 0.786415 0.872899 0.787815 0.876401 0.789683 0.878501 0.808201 0.877976 0.817927 0.878501 0.847339 0.876751 0.864613 0.874825 0.876517 0.872549 0.890990 0.868697 0.901727 0.864321 0.903128 0.862920 0.907796 0.861695 0.917367 0.856268 0.923203 0.852241 0.934874 0.842087 0.938142 0.838585 0.947246 0.824580 0.949813 0.816176 0.949346 0.811975 0.946312 0.809349 0.943044 0.808999 0.935808 0.806373 0.928571 0.805147 0.910131 0.798319 0.879318 0.781338 0.874650 0.779412 0.866246 0.778711 0.855275 0.776261 0.841270 0.775035 0.821662 0.771008 0.807190 0.769783 0.803688 0.772759 0.809057 0.783263 0.812558 0.795868 0.813492 0.805847 0.812558 0.822479 0.804155 0.838761 0.791550 0.852766 0.786881 0.855917 0.784314 0.860469 0.783847 0.862745 0.786415 0.872899
1 0.653128 0.855917 0.653361 0.859594 0.654528 0.860994 0.668768 0.864496 0.700280 0.869573 0.719810 0.875292 0.733894 0.883754 0.741597 0.887080 0.753268 0.894433 0.757470 0.897234 0.762838 0.903361 0.768674 0.906338 0.774510 0.904062 0.782913 0.898109 0.786415 0.890056 0.787582 0.880077 0.783380 0.863796 0.781746 0.861345 0.779178 0.860819 0.776144 0.861520 0.772642 0.863971 0.766106 0.866422 0.752568 0.868873 0.736461 0.869223 0.731092 0.868172 0.720121 0.867647 0.715453 0.866597 0.703782 0.862395 0.702848 0.861520 0.691643 0.859069 0.685574 0.855742 0.682306 0.852941 0.678571 0.852241 0.661298 0.838936 0.657796 0.839461 0.654762 0.841912 0.654995 0.849090 0.653128 0.855917
1 0.589169 0.956408 0.585201 0.960609 0.582866 0.964461 0.579832 0.966912 0.569561 0.978641 0.566993 0.980217 0.563959 0.980917 0.564192 0.987745 0.576564 0.991246 0.581466 0.993522 0.599907 0.997024 0.609477 0.997899 0.620915 0.997899 0.633053 0.996674 0.640756 0.997024 0.651261 0.995448 0.659197 0.992997 0.668534 0.991947 0.755135 0.962885 0.773109 0.951506 0.776144 0.948179 0.778245 0.942752 0.778245 0.932248 0.773343 0.915966 0.767274 0.907388 0.763539 0.904937 0.756536 0.897234 0.747899 0.891282 0.716853 0.874475 0.706583 0.871499 0.681839 0.866947 0.661298 0.864496 0.654762 0.862395 0.651027 0.864846 0.643557 0.880427 0.635154 0.893557 0.623249 0.907038 0.616246 0.912115 0.605742 0.921744 0.603408 0.933824 0.589169 0.956408
1 0.365079 0.706583 0.380252 0.708158 0.397526 0.713410 0.407796 0.714986 0.421335 0.718137 0.427871 0.720413 0.435574 0.721639 0.445145 0.724615 0.451914 0.727241 0.460551 0.732668 0.472222 0.741422 0.473856 0.743522 0.477358 0.741772 0.480859 0.738620 0.492530 0.724965 0.512605 0.705707 0.520075 0.699930 0.527077 0.696078 0.527778 0.692752 0.501401 0.688550 0.485294 0.684874 0.467554 0.679972 0.461718 0.677521 0.428805 0.670343 0.412932 0.665616 0.411064 0.665616 0.402661 0.668592 0.396592 0.669818 0.383754 0.674195 0.382120 0.675420 0.380019 0.679447 0.376517 0.681022 0.369748 0.692752 0.364613 0.703081 0.365079 0.706583
1 0.299720 0.624475 0.304155 0.636029 0.313959 0.649510 0.320495 0.654937 0.326797 0.658613 0.335201 0.662640 0.348973 0.667017 0.373483 0.671569 0.376751 0.671744 0.390523 0.670168 0.404295 0.666842 0.406863 0.664741 0.408263 0.661940 0.407796 0.660889 0.400093 0.659489 0.394491 0.657563 0.380252 0.650910 0.374883 0.649685 0.365546 0.645833 0.358543 0.642507 0.350373 0.636905 0.346872 0.635679 0.339402 0.631303 0.330999 0.625000 0.319328 0.614321 0.310691 0.604517 0.308123 0.599790 0.305556 0.586835 0.303922 0.584209 0.301354 0.591562 0.299486 0.602591 0.298786 0.609944 0.299720 0.624475
1 0.140756 0.838060 0.148226 0.855917 0.153361 0.880252 0.160831 0.894783 0.165033 0.895833 0.169001 0.900035 0.192810 0.908789 0.202848 0.910189 0.209851 0.913690 0.230159 0.916492 0.248599 0.916842 0.257937 0.915966 0.275677 0.913165 0.281279 0.911239 0.296685 0.909139 0.318161 0.902836 0.325397 0.898459 0.335434 0.895133 0.346872 0.888831 0.350995 0.887022 0.355055 0.883759 0.357376 0.881584 0.361726 0.879844 0.364336 0.878974 0.365786 0.877669 0.363679 0.877451 0.377918 0.867822 0.383287 0.862745 0.399393 0.850840 0.404528 0.848214 0.409197 0.844363 0.415500 0.841211 0.421802 0.836660 0.426704 0.828256 0.433473 0.808123 0.439076 0.795518 0.449813 0.779587 0.453548 0.772584 0.468487 0.752976 0.470355 0.751576 0.473156 0.744748 0.459851 0.734244 0.456349 0.732143 0.451914 0.730917 0.442577 0.724790 0.380486 0.709559 0.366246 0.707808 0.362745 0.707983 0.345472 0.709909 0.331232 0.713585 0.327965 0.713761 0.322362 0.715686 0.315359 0.716912 0.291550 0.724440 0.276144 0.730217 0.265873 0.735644 0.262138 0.736695 0.258637 0.736695 0.248599 0.744748 0.246965 0.747549 0.214519 0.766106 0.203081 0.769958 0.190943 0.775210 0.182540 0.777136 0.174837 0.780462 0.161064 0.790966 0.150093 0.802871 0.143557 0.813550 0.139122 0.825105 0.138655 0.828782 0.140756 0.838060
1 0.319795 0.979342 0.320495 0.999825 0.543651 0.999825 0.564426 0.979517 0.568161 0.977241 0.574930 0.970938 0.581699 0.963410 0.588936 0.953957 0.592670 0.946954 0.595938 0.943452 0.599907 0.935749 0.601110 0.934792 0.602241 0.931022 0.602708 0.929972 0.603175 0.924020 0.602474 0.921919 0.599206 0.919293 0.597572 0.914916 0.597572 0.911415 0.595238 0.907038 0.591970 0.908438 0.583567 0.917542 0.581466 0.921218 0.576564 0.925070 0.573645 0.926723 0.570814 0.929483 0.569398 0.931607 0.567982 0.932456 0.565151 0.934155 0.564192 0.936450 0.562319 0.937128 0.558639 0.939039 0.558072 0.941163 0.554855 0.944853 0.553221 0.945028 0.538282 0.955882 0.525444 0.962535 0.506536 0.970588 0.494631 0.974090 0.478992 0.973915 0.470355 0.969713 0.465219 0.968137 0.452148 0.960259 0.441410 0.949755 0.430906 0.935574 0.425303 0.925420 0.417367 0.901085 0.415033 0.876576 0.414332 0.875700 0.410831 0.875000 0.401027 0.877626 0.392390 0.882178 0.383287 0.885854 0.345472 0.911590 0.331699 0.925070 0.326564 0.931197 0.320728 0.941527 0.316527 0.953957 0.316760 0.960959 0.319795 0.979342
1 0.301587 0.419293 0.308590 0.498074 0.311158 0.504727 0.313959 0.506303 0.317927 0.510154 0.320962 0.511204 0.324463 0.514356 0.332166 0.514706 0.345705 0.513831 0.359477 0.511380 0.370215 0.507528 0.373249 0.507178 0.380952 0.504027 0.387255 0.500525 0.409197 0.485644 0.422736 0.473389 0.430672 0.464636 0.440009 0.449405 0.449346 0.431197 0.461718 0.401261 0.462185 0.396534 0.465219 0.388130 0.466853 0.373424 0.466853 0.352066 0.465219 0.338235 0.463352 0.332808 0.457049 0.321078 0.447012 0.307248 0.440943 0.301646 0.436275 0.298669 0.420401 0.293592 0.414799 0.293768 0.411298 0.296394 0.415266 0.301821 0.416200 0.307248 0.415033 0.309524 0.411298 0.310224 0.408497 0.314426 0.405462 0.331232 0.400794 0.345238 0.391223 0.363445 0.382353 0.374475 0.376984 0.379727 0.356209 0.393032 0.338702 0.400735 0.335201 0.401261 0.327965 0.404937 0.322829 0.406338 0.300654 0.408789 0.299253 0.410189 0.299020 0.411765 0.301587 0.419293
1 0.765873 0.063725 0.772409 0.071604 0.781513 0.080007 0.787815 0.087360 0.797386 0.101541 0.810458 0.127451 0.814192 0.132528 0.819561 0.116422 0.820495 0.107668 0.820028 0.099090 0.818394 0.092962 0.813259 0.084209 0.810691 0.080707 0.803688 0.075280 0.790616 0.067227 0.776844 0.060049 0.765640 0.057773 0.762138 0.058473 0.761204 0.059524 0.760971 0.060749 0.765873 0.063725
1 0.121382 0.115196 0.126751 0.117997 0.139356 0.127801 0.161064 0.147934 0.167834 0.153186 0.184174 0.169643 0.197246 0.186099 0.209851 0.209559 0.213819 0.215336 0.216853 0.217962 0.227358 0.209734 0.232960 0.203081 0.233660 0.198179 0.236928 0.190476 0.243231 0.185749 0.244631 0.185924 0.248599 0.184349 0.255602 0.184349 0.261905 0.182773 0.278945 0.173845 0.293417 0.169643 0.296452 0.167192 0.299020 0.161415 0.299253 0.154412 0.268441 0.130252 0.251167 0.114146 0.240663 0.102416 0.225724 0.082283 0.220822 0.070028 0.216620 0.063901 0.215219 0.058999 0.215453 0.050595 0.219188 0.043417 0.218721 0.039566 0.213119 0.038690 0.207516 0.040091 0.199580 0.040441 0.192344 0.042017 0.177404 0.048669 0.156396 0.062325 0.142857 0.076155 0.135154 0.087535 0.126050 0.096814 0.118581 0.106268 0.117414 0.109594 0.121382 0.115196
1 0.000000 0.257178 0.001634 0.257178 0.004202 0.259804 0.020775 0.270133 0.048786 0.284314 0.061391 0.289041 0.080766 0.298669 0.105742 0.308473 0.133754 0.317752 0.150794 0.321779 0.165500 0.321779 0.174136 0.319328 0.178805 0.316877 0.180205 0.314601 0.179038 0.299020 0.181373 0.285364 0.184874 0.272409 0.189542 0.262780 0.190476 0.258403 0.198413 0.243697 0.213352 0.223915 0.214052 0.220588 0.212185 0.215511 0.198413 0.188901 0.186508 0.173319 0.174136 0.159839 0.138189 0.127801 0.129552 0.120798 0.118814 0.113620 0.115546 0.109594 0.071662 0.081408 0.053455 0.073880 0.040149 0.070203 0.029178 0.068102 0.012372 0.066877 0.006536 0.067052 0.000000 0.067752 0.000000 0.257178
1 0.000000 0.566352 0.001401 0.566352 0.003268 0.568803 0.011671 0.574930 0.028711 0.582458 0.039216 0.585434 0.058590 0.588060 0.074697 0.586660 0.088235 0.583508 0.116480 0.570553 0.124416 0.565651 0.129085 0.561099 0.128618 0.557073 0.119048 0.536765 0.115079 0.526261 0.113445 0.517857 0.112979 0.503676 0.114846 0.480042 0.116246 0.474265 0.115313 0.470763 0.109244 0.467787 0.105742 0.467437 0.102241 0.465861 0.087768 0.462010 0.063492 0.457633 0.056956 0.457458 0.050187 0.458158 0.025677 0.465511 0.023109 0.467612 0.012372 0.470938 0.007937 0.473039 0.002101 0.479517 0.000000 0.480042 0.000000 0.566352
1 0.052754 0.643908 0.063959 0.658964 0.068394 0.662640 0.070728 0.663515 0.081699 0.661590 0.102941 0.655987 0.112979 0.654762 0.123249 0.652311 0.133754 0.651436 0.140990 0.650035 0.172035 0.647934 0.189309 0.647759 0.200747 0.649335 0.213119 0.651611 0.220121 0.654412 0.230159 0.656688 0.234360 0.658438 0.236228 0.658088 0.246032 0.654062 0.250700 0.653186 0.255836 0.650210 0.281279 0.639531 0.298086 0.628326 0.298786 0.626926 0.298319 0.605392 0.299953 0.591562 0.303688 0.583508 0.304855 0.575280 0.307423 0.566702 0.311858 0.557248 0.312558 0.553046 0.314893 0.550245 0.314192 0.547969 0.311625 0.546218 0.310691 0.543242 0.308123 0.544118 0.305089 0.543242 0.302754 0.543417 0.296685 0.548144 0.293884 0.552696 0.281046 0.567402 0.262605 0.581758 0.247899 0.588761 0.232260 0.592962 0.225023 0.593838 0.209384 0.593838 0.194678 0.592962 0.192577 0.592262 0.181139 0.591737 0.172269 0.589986 0.161531 0.585434 0.147759 0.577381 0.143324 0.574405 0.139122 0.569678 0.133287 0.565301 0.130019 0.564776 0.095938 0.581933 0.077498 0.588585 0.076097 0.590511 0.066293 0.598039 0.056256 0.608894 0.051354 0.616947 0.048319 0.626225 0.049020 0.636730 0.052754 0.643908
1 0.243231 0.664216 0.250233 0.671919 0.254202 0.674545 0.264706 0.692227 0.267507 0.702556 0.268207 0.713761 0.265640 0.723739 0.260971 0.730742 0.260738 0.734244 0.261905 0.734769 0.266573 0.733543 0.285014 0.725665 0.309290 0.717962 0.335434 0.710784 0.359944 0.706408 0.363912 0.702381 0.366947 0.697654 0.373716 0.682423 0.375117 0.675945 0.373950 0.673144 0.358310 0.669468 0.322362 0.656162 0.313259 0.648985 0.306489 0.639881 0.303688 0.638130 0.282913 0.640931 0.276611 0.642857 0.240196 0.657563 0.237162 0.660714 0.237628 0.661765 0.243231 0.664216
1 0.731793 0.596814 0.733427 0.602416 0.739262 0.615371 0.739729 0.621849 0.739729 0.634979 0.737628 0.643908 0.732960 0.654412 0.733894 0.657563 0.737862 0.658438 0.753968 0.657213 0.762372 0.657388 0.780345 0.660539 0.789916 0.663690 0.795518 0.666317 0.801587 0.670693 0.809991 0.679972 0.815826 0.689076 0.820962 0.702381 0.824697 0.701506 0.838469 0.689776 0.846639 0.681022 0.852007 0.671744 0.853641 0.666492 0.855742 0.654762 0.855042 0.641282 0.852474 0.633754 0.849206 0.629902 0.846172 0.623599 0.838936 0.616422 0.825630 0.605392 0.817227 0.599615 0.810458 0.596464 0.800887 0.590511 0.784781 0.584734 0.771242 0.582458 0.750700 0.583158 0.741830 0.584734 0.734594 0.587185 0.731793 0.588410 0.729692 0.590511 0.728758 0.591912 0.731793 0.596814
1 1.000000 0.419000 0.999767 0.419000 0.999767 0.419245 1.000000 0.419245 1.000000 0.419000
1 0.000000 0.428922 0.002568 0.429622 0.036181 0.446429 0.056723 0.454657 0.071195 0.457983 0.088002 0.460609 0.108077 0.465686 0.116246 0.466211 0.119514 0.463585 0.127218 0.442052 0.135621 0.427871 0.151494 0.410189 0.161064 0.401436 0.177171 0.390756 0.180439 0.387255 0.179272 0.377101 0.172269 0.361520 0.164799 0.349265 0.158263 0.341387 0.137722 0.321078 0.126050 0.316702 0.123249 0.314951 0.101774 0.307948 0.074463 0.297269 0.067460 0.292892 0.056956 0.288690 0.053455 0.286415 0.045985 0.283789 0.039683 0.279937 0.027778 0.275210 0.011905 0.265406 0.005135 0.262780 0.001867 0.262780 0.000000 0.262955 0.000000 0.428922
1 0.599673 0.913866 0.600840 0.918242 0.602241 0.919993 0.605742 0.920343 0.620448 0.908789 0.633754 0.894258 0.644491 0.877101 0.650093 0.862920 0.653128 0.851541 0.654762 0.838410 0.654295 0.834734 0.651027 0.834034 0.650327 0.834734 0.642857 0.848739 0.597806 0.900910 0.596172 0.903711 0.596639 0.907913 0.599673 0.913866
1 0.695845 0.560574 0.708217 0.570378 0.718487 0.580182 0.723856 0.586485 0.725724 0.583508 0.725490 0.570728 0.723856 0.566352 0.719188 0.559349 0.711485 0.553046 0.706583 0.550595 0.702848 0.551296 0.693744 0.556548 0.693277 0.557423 0.695845 0.560574
1 0.811625 0.418242 0.812558 0.421218 0.814192 0.421394 0.820495 0.419643 0.828665 0.415966 0.838936 0.410364 0.845705 0.404237 0.846405 0.400910 0.831466 0.380077 0.827965 0.380427 0.826564 0.383578 0.818627 0.406162 0.811625 0.418242
1 0.390523 0.208158 0.398926 0.222864 0.405229 0.238270 0.408730 0.254377 0.411765 0.286940 0.415500 0.291492 0.429739 0.295518 0.432073 0.297094 0.436041 0.297094 0.438609 0.295168 0.440243 0.290266 0.439776 0.282563 0.436275 0.266632 0.436741 0.247724 0.440243 0.235819 0.444444 0.229167 0.448880 0.224090 0.448880 0.220413 0.443978 0.211485 0.436975 0.203256 0.435107 0.202206 0.429505 0.201155 0.402194 0.199930 0.394258 0.198529 0.387255 0.196429 0.385154 0.196604 0.383987 0.197479 0.383754 0.199755 0.390523 0.208158
1 0.446779 0.215336 0.449580 0.220938 0.453081 0.221289 0.461951 0.216387 0.474090 0.212710 0.487162 0.210784 0.500700 0.210434 0.505135 0.209559 0.507003 0.207283 0.508637 0.199055 0.505602 0.198004 0.482026 0.196078 0.464519 0.198880 0.453081 0.199580 0.439776 0.202906 0.440476 0.206408 0.446779 0.215336