0 0.538049 0.421919 0.550187 0.455882 0.565593 0.488445 0.570962 0.498775 0.585201 0.518557 0.598739 0.533263 0.614613 0.548494 0.626751 0.557598 0.644258 0.568102 0.652428 0.571078 0.660131 0.575105 0.681839 0.580882 0.695845 0.582633 0.703782 0.582633 0.724090 0.581408 0.733894 0.579832 0.748599 0.574580 0.760971 0.567927 0.764239 0.563901 0.766340 0.556022 0.766807 0.535714 0.764239 0.512780 0.758403 0.486520 0.750467 0.431723 0.746499 0.418067 0.735994 0.397059 0.727124 0.385854 0.716853 0.375875 0.711951 0.369923 0.684641 0.350665 0.669468 0.343838 0.665266 0.341211 0.650794 0.335609 0.638422 0.332983 0.609010 0.329832 0.591970 0.331408 0.584500 0.333508 0.572129 0.339986 0.566760 0.341912 0.555089 0.351716 0.548786 0.354167 0.546452 0.358018 0.542484 0.361520 0.538282 0.368347 0.535714 0.374825 0.533613 0.385329 0.533847 0.403711 0.538049 0.421919
0 0.154062 0.609244 0.158964 0.616422 0.160131 0.620098 0.159430 0.623249 0.161298 0.626576 0.162932 0.635154 0.165266 0.640406 0.175303 0.653887 0.179739 0.657038 0.182306 0.662290 0.200280 0.672444 0.209851 0.675420 0.217087 0.675945 0.227358 0.673144 0.257470 0.659139 0.273576 0.648109 0.283380 0.640231 0.285948 0.634979 0.290149 0.632003 0.298086 0.624300 0.316760 0.603992 0.353408 0.560924 0.364146 0.542542 0.368581 0.531513 0.373950 0.512255 0.373716 0.487395 0.370682 0.473739 0.366246 0.461660 0.361111 0.453081 0.353408 0.444678 0.345705 0.438550 0.338936 0.434524 0.328665 0.429972 0.316760 0.427696 0.303688 0.423845 0.293651 0.422619 0.282213 0.422794 0.279412 0.422094 0.276377 0.423669 0.265640 0.425595 0.253035 0.430322 0.238095 0.438725 0.219188 0.453081 0.212185 0.461134 0.205182 0.466912 0.188375 0.487395 0.166900 0.528011 0.161298 0.543242 0.157563 0.550420 0.152194 0.570903 0.152194 0.591737 0.154062 0.609244
0 0.573763 0.280462 0.581466 0.293768 0.594538 0.306723 0.612979 0.318627 0.625350 0.323704 0.629085 0.326155 0.638655 0.330532 0.686508 0.348214 0.713119 0.353641 0.717320 0.353291 0.724090 0.354342 0.731092 0.353641 0.734360 0.354692 0.739963 0.355217 0.771242 0.356793 0.789683 0.356968 0.816993 0.355392 0.845238 0.355042 0.858777 0.353116 0.871849 0.348915 0.880019 0.347164 0.902194 0.334559 0.903361 0.327381 0.905229 0.323880 0.906629 0.315126 0.904762 0.307598 0.892624 0.288165 0.878852 0.274860 0.866246 0.266457 0.855275 0.257178 0.845705 0.250525 0.821195 0.238095 0.818861 0.235994 0.800420 0.230742 0.788749 0.226190 0.771242 0.221113 0.753968 0.217787 0.734360 0.215161 0.730859 0.213936 0.710084 0.212535 0.670635 0.211310 0.652661 0.211835 0.626751 0.214286 0.611811 0.218137 0.597106 0.225140 0.591737 0.228992 0.586134 0.234244 0.583567 0.241071 0.584034 0.244748 0.582633 0.247024 0.580532 0.248775 0.577965 0.247724 0.571662 0.259629 0.571429 0.273459 0.573763 0.280462
0 0.486695 0.832808 0.501167 0.853641 0.504902 0.855742 0.512138 0.861695 0.521942 0.866772 0.529412 0.869573 0.545752 0.872899 0.553922 0.875875 0.563959 0.877801 0.572012 0.876751 0.585901 0.876401 0.598973 0.874825 0.612278 0.867997 0.633987 0.859244 0.683007 0.844363 0.691877 0.842787 0.711718 0.837185 0.725023 0.834734 0.730392 0.832458 0.739496 0.826681 0.782680 0.792717 0.794818 0.779412 0.803922 0.764881 0.808123 0.751926 0.807890 0.735119 0.804155 0.723739 0.798553 0.719363 0.796919 0.716211 0.793651 0.715336 0.789449 0.710784 0.783380 0.708158 0.768908 0.703431 0.765640 0.703431 0.758637 0.701155 0.749066 0.700280 0.730626 0.699580 0.703315 0.700630 0.664332 0.705882 0.647526 0.706758 0.607376 0.715511 0.593838 0.720588 0.581466 0.723739 0.565826 0.728817 0.538982 0.743522 0.515640 0.760154 0.499300 0.778011 0.496965 0.782388 0.492997 0.786590 0.488329 0.796919 0.484827 0.808999 0.484127 0.821254 0.486695 0.832808
0 0.179739 0.237395 0.181373 0.241246 0.188609 0.254552 0.194211 0.262430 0.206349 0.272759 0.216387 0.279937 0.231793 0.287640 0.244631 0.290441 0.254902 0.291492 0.259337 0.291317 0.268207 0.289391 0.272409 0.289916 0.283380 0.284489 0.286415 0.285364 0.290850 0.282388 0.296452 0.280987 0.301587 0.278536 0.310458 0.276786 0.318861 0.272934 0.345238 0.258929 0.355976 0.252101 0.373249 0.239321 0.377684 0.234769 0.394258 0.213585 0.397292 0.206583 0.400093 0.196078 0.401961 0.183123 0.401961 0.172969 0.400327 0.162290 0.396825 0.154937 0.396125 0.150910 0.387955 0.138831 0.378151 0.128326 0.376751 0.125875 0.370682 0.123249 0.367647 0.119223 0.358077 0.112920 0.352474 0.110819 0.345238 0.109594 0.331933 0.105742 0.327965 0.106092 0.324930 0.104342 0.304622 0.104167 0.290149 0.106618 0.258637 0.117472 0.251634 0.121148 0.232260 0.132528 0.212885 0.147584 0.208450 0.152136 0.205415 0.156688 0.203081 0.158088 0.200280 0.161415 0.187675 0.181197 0.182306 0.192577 0.179739 0.200980 0.177871 0.215686 0.177171 0.223915 0.179739 0.237395
0 0.271942 0.390756 0.278011 0.402136 0.284314 0.409314 0.289449 0.412290 0.294585 0.417367 0.298086 0.419118 0.345472 0.436975 0.359244 0.439601 0.373483 0.438901 0.380952 0.437675 0.394258 0.432948 0.399860 0.430147 0.435808 0.409839 0.455182 0.394433 0.461951 0.387955 0.467554 0.380952 0.474323 0.375875 0.477124 0.371499 0.486461 0.362570 0.503501 0.338585 0.507937 0.328256 0.513539 0.320553 0.517974 0.307423 0.518207 0.301120 0.519374 0.297094 0.518674 0.285539 0.517040 0.272234 0.514939 0.266632 0.513539 0.252101 0.510271 0.244923 0.505369 0.237570 0.493697 0.223214 0.484360 0.216387 0.474556 0.212710 0.470355 0.210259 0.463352 0.208333 0.451214 0.206583 0.434874 0.207283 0.418534 0.213761 0.403595 0.222339 0.390289 0.234419 0.373016 0.242647 0.369748 0.245448 0.359711 0.250875 0.351774 0.256828 0.335434 0.265581 0.319328 0.275910 0.289683 0.310224 0.282213 0.320728 0.274043 0.342087 0.270542 0.362220 0.270075 0.376926 0.271942 0.390756
0 0.576564 0.958158 0.581232 0.966036 0.583100 0.971289 0.592204 0.980917 0.595938 0.986520 0.602474 0.991947 0.606443 0.994223 0.609944 0.997374 0.611111 0.999825 0.862979 0.999825 0.863912 0.997549 0.869748 0.993873 0.876050 0.992472 0.886788 0.987745 0.896825 0.980917 0.901027 0.979692 0.907096 0.975665 0.911765 0.973564 0.916900 0.969713 0.919234 0.966562 0.933940 0.959909 0.944211 0.951506 0.953081 0.941001 0.957983 0.938025 0.963819 0.932773 0.969655 0.925420 0.969421 0.921744 0.975023 0.914041 0.977358 0.909314 0.978992 0.891632 0.977358 0.876926 0.968721 0.863620 0.960784 0.855567 0.955182 0.852241 0.951447 0.848389 0.946779 0.845763 0.938375 0.838585 0.930672 0.834209 0.924603 0.831758 0.917834 0.827206 0.910364 0.824405 0.894024 0.819853 0.883520 0.817927 0.859244 0.815301 0.856676 0.816001 0.852241 0.815651 0.835434 0.816702 0.810458 0.820378 0.748833 0.832108 0.744631 0.831758 0.741597 0.833333 0.717320 0.837360 0.712885 0.839111 0.704015 0.840686 0.650560 0.855042 0.629552 0.861870 0.610411 0.869748 0.600140 0.876751 0.594538 0.882528 0.584967 0.896709 0.580299 0.911765 0.579599 0.917892 0.581933 0.927521 0.578431 0.937325 0.575163 0.939251 0.573063 0.941877 0.572829 0.946604 0.576564 0.958158
1 0.854809 0.000000 0.854809 0.001576 0.850140 0.008578 0.851774 0.011380 0.848973 0.019433 0.848973 0.028011 0.850373 0.036590 0.851774 0.039916 0.855509 0.041842 0.862045 0.042717 0.868347 0.045168 0.869748 0.046394 0.873249 0.046043 0.876517 0.047094 0.897292 0.050420 0.905696 0.053922 0.931373 0.062500 0.940476 0.066702 0.958450 0.079132 0.964052 0.084034 0.972689 0.093487 0.982026 0.107668 0.989262 0.126225 0.991363 0.127626 0.999767 0.126576 0.999767 0.000000 0.854809 0.000000
1 0.814426 0.049545 0.823996 0.063375 0.831232 0.081583 0.833800 0.095413 0.833800 0.103291 0.828898 0.126576 0.829599 0.127801 0.831466 0.128326 0.834734 0.126926 0.862512 0.122374 0.894024 0.113796 0.914799 0.109419 0.918301 0.109419 0.922269 0.108018 0.936041 0.107668 0.945845 0.108543 0.959384 0.115371 0.964753 0.122374 0.969188 0.131303 0.971755 0.142332 0.971989 0.150210 0.971055 0.157913 0.968487 0.161415 0.967787 0.165091 0.970121 0.167017 0.972456 0.166141 0.974090 0.164916 0.975257 0.162115 0.981326 0.157913 0.980392 0.155112 0.980859 0.154062 0.984127 0.154762 0.985761 0.152136 0.988095 0.138305 0.988095 0.130252 0.984827 0.115896 0.978291 0.102416 0.970588 0.091562 0.956583 0.077906 0.935341 0.064251 0.932773 0.063901 0.921569 0.059349 0.893791 0.050595 0.886088 0.049370 0.859477 0.042892 0.830065 0.039216 0.826797 0.039216 0.824463 0.040091 0.813725 0.039566 0.809290 0.042017 0.809290 0.043768 0.814426 0.049545
1 0.815126 0.147934 0.804855 0.156863 0.800187 0.157913 0.803922 0.159489 0.809524 0.160539 0.819561 0.165616 0.826331 0.170168 0.833333 0.177346 0.838469 0.192752 0.838702 0.199930 0.835668 0.210259 0.833567 0.214111 0.830766 0.217087 0.829599 0.220238 0.831466 0.223915 0.835201 0.225140 0.846172 0.222689 0.872082 0.218838 0.894024 0.219538 0.908030 0.222339 0.915500 0.223039 0.918768 0.223039 0.921569 0.221989 0.936741 0.210434 0.950747 0.195903 0.960784 0.182248 0.965920 0.171919 0.966387 0.167892 0.967554 0.165791 0.968721 0.153361 0.970588 0.147584 0.970355 0.142157 0.968721 0.133929 0.965686 0.126576 0.962185 0.119573 0.960084 0.117472 0.954248 0.112745 0.946078 0.109069 0.938609 0.108368 0.921335 0.109069 0.901961 0.112745 0.869281 0.120973 0.834967 0.127976 0.827965 0.130077 0.822596 0.139531 0.815126 0.147934
1 0.926937 0.338936 0.930672 0.346989 0.935341 0.353466 0.935808 0.355567 0.939309 0.359419 0.946312 0.363095 0.949580 0.365721 0.953081 0.366071 0.979458 0.354342 0.988562 0.352416 0.999767 0.348915 0.999767 0.200280 0.998133 0.200280 0.995798 0.198004 0.990663 0.195728 0.984594 0.194678 0.976891 0.194503 0.971055 0.196078 0.957750 0.203606 0.943511 0.216912 0.942344 0.221113 0.940476 0.223915 0.939076 0.231268 0.946312 0.237220 0.949346 0.238445 0.952381 0.241422 0.956116 0.243522 0.962418 0.251926 0.966620 0.261730 0.967320 0.274101 0.966153 0.276085 0.963352 0.275735 0.963819 0.276611 0.954015 0.297094 0.939076 0.309349 0.937675 0.311275 0.931139 0.315476 0.927638 0.320903 0.926471 0.327381 0.926004 0.331758 0.926937 0.338936
1 0.821195 0.238796 0.844538 0.249300 0.853875 0.255777 0.865313 0.265406 0.881419 0.277311 0.894958 0.291317 0.902894 0.303221 0.906396 0.310749 0.906863 0.313901 0.906629 0.320553 0.904995 0.325805 0.901494 0.332283 0.897759 0.334034 0.896825 0.335784 0.897526 0.337010 0.904295 0.335434 0.911765 0.330882 0.949113 0.300245 0.955415 0.293417 0.960084 0.286765 0.965453 0.275910 0.966620 0.265406 0.964052 0.255952 0.956583 0.244748 0.950514 0.240021 0.943978 0.236169 0.918768 0.224440 0.908263 0.223739 0.894024 0.220588 0.877684 0.219888 0.869514 0.220238 0.851074 0.223039 0.835901 0.226891 0.827731 0.230742 0.818161 0.234069 0.819561 0.237745 0.821195 0.238796
1 0.942577 0.397934 0.945845 0.407913 0.952148 0.415966 0.962418 0.425770 0.976891 0.435049 0.986461 0.439426 0.999767 0.442227 0.999767 0.350140 0.981326 0.354342 0.965686 0.360819 0.949580 0.368873 0.945145 0.372899 0.942344 0.377101 0.941410 0.391282 0.942577 0.397934
1 0.890289 0.346814 0.897526 0.353291 0.904062 0.356443 0.908497 0.360294 0.914099 0.373599 0.914332 0.386730 0.912232 0.397584 0.905462 0.419293 0.896592 0.438725 0.897292 0.442577 0.905462 0.442052 0.921569 0.438725 0.930906 0.435574 0.945612 0.428922 0.950047 0.426296 0.954482 0.422269 0.953315 0.418417 0.944211 0.405812 0.940476 0.393557 0.940009 0.386555 0.940943 0.378676 0.943277 0.373249 0.947246 0.369398 0.945845 0.366246 0.942344 0.363270 0.908730 0.347689 0.894258 0.343137 0.887255 0.345063 0.886321 0.345413 0.890289 0.346814
1 0.745331 0.412290 0.750467 0.425070 0.750700 0.431548 0.754202 0.445903 0.759104 0.484419 0.765173 0.513305 0.767274 0.533263 0.768908 0.536415 0.768908 0.541141 0.770542 0.541141 0.772409 0.539216 0.775210 0.538340 0.782680 0.537640 0.783847 0.536239 0.788049 0.535714 0.790850 0.535889 0.793184 0.537815 0.796919 0.539216 0.803688 0.535539 0.806956 0.530812 0.813492 0.528887 0.817227 0.526961 0.826797 0.524860 0.831933 0.521884 0.834267 0.518908 0.842670 0.513655 0.861111 0.498775 0.874650 0.483368 0.878618 0.477591 0.895892 0.442752 0.898459 0.432248 0.902194 0.425945 0.909664 0.405287 0.912232 0.395308 0.913866 0.383929 0.913866 0.376050 0.910131 0.363620 0.905229 0.357318 0.887255 0.346113 0.883520 0.346289 0.862979 0.353116 0.842904 0.356793 0.831232 0.356092 0.792951 0.358193 0.779412 0.361169 0.752334 0.380952 0.747899 0.383403 0.738329 0.394433 0.737395 0.397584 0.745331 0.412290
1 0.905929 0.516807 0.908030 0.518557 0.905696 0.523810 0.904295 0.525035 0.903361 0.529412 0.904295 0.530462 0.908030 0.529762 0.909664 0.530987 0.912698 0.536239 0.916900 0.539741 0.929972 0.547619 0.950280 0.554972 0.973623 0.559874 0.981793 0.560399 0.989963 0.562150 0.999767 0.562500 0.999767 0.451856 0.984127 0.454832 0.971989 0.458683 0.954248 0.465511 0.930672 0.476716 0.923436 0.480742 0.911298 0.490371 0.907330 0.494748 0.903595 0.500875 0.904295 0.512080 0.905929 0.516807
1 0.742297 0.589636 0.749300 0.597514 0.754202 0.601366 0.757236 0.605917 0.763772 0.610994 0.796452 0.628501 0.810224 0.631653 0.821429 0.631303 0.830766 0.627451 0.844304 0.617647 0.866013 0.591912 0.891923 0.554097 0.900093 0.537640 0.905462 0.536415 0.900560 0.535189 0.899627 0.532913 0.900560 0.526261 0.903128 0.520483 0.901727 0.500525 0.894024 0.481268 0.887722 0.472514 0.883520 0.470588 0.882353 0.471464 0.879318 0.477591 0.874883 0.483718 0.861578 0.498249 0.852708 0.505952 0.832400 0.518908 0.827965 0.519608 0.817694 0.526961 0.804622 0.531513 0.793184 0.533789 0.786415 0.535889 0.775910 0.537115 0.769141 0.538690 0.768207 0.539741 0.767740 0.561275 0.764239 0.567402 0.755602 0.573354 0.748599 0.576856 0.744865 0.577906 0.739496 0.581232 0.739496 0.585084 0.742297 0.589636
1 0.855976 0.621674 0.867880 0.627101 0.880019 0.634104 0.892390 0.639356 0.907330 0.647934 0.914332 0.650560 0.928805 0.658263 0.956349 0.662115 0.963119 0.662115 0.970355 0.661064 0.977824 0.658438 0.985761 0.651961 0.992297 0.644083 0.999767 0.630077 0.999767 0.583683 0.997899 0.583508 0.990896 0.570203 0.984360 0.562675 0.953315 0.556197 0.938375 0.551296 0.928338 0.546919 0.918768 0.540791 0.915733 0.539916 0.911998 0.537640 0.910598 0.535306 0.910598 0.533438 0.900560 0.533088 0.898459 0.535189 0.898226 0.540266 0.895658 0.547094 0.887955 0.560924 0.883287 0.566527 0.866480 0.591912 0.853175 0.608543 0.848273 0.612745 0.848039 0.616422 0.855976 0.621674
1 0.928338 0.663515 0.934874 0.672094 0.939542 0.675595 0.956116 0.683298 0.967320 0.687325 0.976190 0.689076 0.987862 0.693277 0.995331 0.695028 0.998133 0.696604 0.999767 0.696604 0.999767 0.635329 0.998133 0.635329 0.997432 0.637605 0.994631 0.640581 0.992997 0.644783 0.986695 0.652661 0.983894 0.654237 0.982026 0.657038 0.976891 0.659489 0.966620 0.662465 0.960317 0.663340 0.955882 0.663165 0.932540 0.658263 0.929038 0.658263 0.927638 0.659489 0.927404 0.661940 0.928338 0.663515
1 0.588469 0.227241 0.591970 0.224965 0.598973 0.223564 0.612045 0.217437 0.617414 0.216387 0.623249 0.213936 0.630719 0.213761 0.636788 0.212360 0.650794 0.211134 0.663866 0.210609 0.692810 0.211310 0.726424 0.213235 0.751867 0.216912 0.775910 0.221464 0.790383 0.225665 0.804388 0.230742 0.813959 0.231793 0.817927 0.229867 0.825163 0.223915 0.832866 0.213585 0.835901 0.206408 0.837535 0.199580 0.836368 0.189076 0.834034 0.180847 0.831466 0.175770 0.819795 0.166667 0.803688 0.159314 0.787815 0.154937 0.783147 0.151786 0.769141 0.148459 0.748133 0.145833 0.723856 0.146183 0.719421 0.145308 0.713819 0.146359 0.705649 0.146183 0.700047 0.146884 0.675303 0.151085 0.664799 0.153711 0.659430 0.156338 0.647993 0.160014 0.633520 0.165791 0.627451 0.169818 0.619514 0.172969 0.609010 0.181373 0.597572 0.195903 0.592437 0.209909 0.592437 0.221639 0.591503 0.222339 0.588469 0.221464 0.584967 0.222514 0.584967 0.226366 0.588469 0.227241
1 0.649393 0.047094 0.648926 0.050420 0.654062 0.070028 0.657796 0.074755 0.659430 0.087010 0.659430 0.095238 0.661064 0.102241 0.665733 0.112920 0.674370 0.125875 0.686741 0.140931 0.692577 0.145833 0.697012 0.146183 0.710784 0.145308 0.716853 0.143908 0.732260 0.145308 0.753035 0.145133 0.771008 0.147584 0.779412 0.150560 0.782213 0.149860 0.796685 0.155987 0.799720 0.156338 0.803922 0.155462 0.808357 0.152136 0.812558 0.147234 0.818161 0.143207 0.826331 0.130077 0.832166 0.107493 0.832866 0.098739 0.831699 0.087885 0.826564 0.070903 0.819328 0.057248 0.815826 0.053571 0.808590 0.042192 0.793884 0.026961 0.786415 0.024160 0.783380 0.021359 0.740663 0.004377 0.730626 0.003852 0.728992 0.005602 0.726891 0.006127 0.723623 0.005602 0.704715 0.007703 0.701516 0.009045 0.692933 0.010762 0.682633 0.012909 0.677483 0.015057 0.677871 0.014881 0.664566 0.020658 0.654295 0.028711 0.648459 0.036415 0.647993 0.040616 0.649393 0.047094
1 0.409197 0.131828 0.414332 0.135679 0.415500 0.140581 0.417834 0.143908 0.426937 0.149860 0.439542 0.151961 0.495331 0.164566 0.515873 0.171569 0.522409 0.171919 0.530112 0.170868 0.543184 0.167017 0.556956 0.161239 0.596172 0.147409 0.600840 0.145308 0.612745 0.138130 0.616246 0.135154 0.631886 0.126225 0.641690 0.117997 0.653361 0.102241 0.656396 0.092787 0.655462 0.085259 0.650327 0.073529 0.645425 0.068452 0.643557 0.064076 0.640289 0.061800 0.637255 0.057948 0.630019 0.054972 0.623483 0.053922 0.619748 0.052521 0.609711 0.050420 0.596872 0.049545 0.563725 0.049195 0.557890 0.050070 0.553688 0.049895 0.538749 0.052521 0.518908 0.054622 0.501401 0.060399 0.473623 0.071429 0.458683 0.078606 0.451447 0.083158 0.447012 0.084734 0.426937 0.098389 0.423436 0.102766 0.420401 0.104867 0.413632 0.112745 0.409664 0.122024 0.408263 0.126401 0.409197 0.131828
1 0.533380 0.180147 0.536648 0.182773 0.544818 0.187325 0.556256 0.197479 0.565359 0.209559 0.573296 0.223739 0.575864 0.235294 0.578198 0.237220 0.581466 0.237220 0.593838 0.223739 0.593137 0.212010 0.596172 0.200105 0.601074 0.191527 0.612045 0.178746 0.619281 0.173669 0.640523 0.162990 0.663866 0.154762 0.668301 0.154412 0.685341 0.149160 0.688375 0.147409 0.685574 0.145133 0.680906 0.143557 0.655696 0.140406 0.627684 0.141982 0.609711 0.145133 0.581466 0.153536 0.541550 0.168592 0.536415 0.171043 0.531046 0.175245 0.529879 0.178046 0.529645 0.178746 0.533380 0.180147
1 0.400794 0.162115 0.402661 0.168592 0.403828 0.178221 0.402428 0.192752 0.395892 0.212885 0.383754 0.228291 0.379085 0.236695 0.376517 0.237920 0.380719 0.237920 0.382120 0.236345 0.390289 0.231618 0.402428 0.221639 0.407563 0.218312 0.434174 0.206758 0.440943 0.205882 0.450980 0.205707 0.461251 0.207283 0.471755 0.210259 0.479225 0.213235 0.489963 0.219363 0.500467 0.230217 0.513072 0.248074 0.514706 0.252101 0.518908 0.278887 0.520075 0.282038 0.520542 0.300420 0.521942 0.304622 0.525677 0.306373 0.532213 0.306022 0.547619 0.299020 0.559757 0.290966 0.569094 0.279587 0.570728 0.251576 0.569328 0.249650 0.563725 0.247374 0.562558 0.241246 0.563959 0.238445 0.571662 0.238270 0.574463 0.237395 0.575864 0.234244 0.573529 0.228116 0.573063 0.223739 0.560224 0.202556 0.554155 0.195728 0.546919 0.189251 0.536648 0.182948 0.531046 0.178396 0.522876 0.175770 0.519608 0.173845 0.509104 0.169993 0.484127 0.161940 0.453315 0.154937 0.444211 0.153536 0.433007 0.152311 0.425070 0.152486 0.418301 0.150560 0.415733 0.151261 0.411298 0.150210 0.397292 0.150385 0.396359 0.150910 0.398226 0.157913 0.400794 0.162115
1 0.498366 0.370273 0.500700 0.373599 0.506303 0.377976 0.508403 0.380777 0.515406 0.385329 0.529645 0.387605 0.531046 0.386905 0.532680 0.384279 0.534547 0.375525 0.538049 0.365721 0.540850 0.360819 0.543184 0.359244 0.543651 0.357318 0.547619 0.355742 0.547152 0.352941 0.545752 0.351891 0.542951 0.351716 0.539683 0.352941 0.537815 0.352241 0.537348 0.345413 0.538282 0.344538 0.541083 0.343662 0.546218 0.343838 0.550187 0.344888 0.553688 0.344538 0.557190 0.346639 0.560691 0.345413 0.576564 0.335959 0.587535 0.331583 0.604809 0.328957 0.626517 0.329482 0.630719 0.327906 0.614146 0.320203 0.601074 0.312500 0.583100 0.297094 0.574463 0.285889 0.570962 0.283789 0.567694 0.285189 0.560691 0.291667 0.551120 0.298319 0.544351 0.302171 0.528945 0.309174 0.516340 0.319153 0.498133 0.348915 0.494865 0.355742 0.494631 0.359769 0.498366 0.370273
1 0.364146 0.454307 0.371148 0.467962 0.375350 0.487220 0.376284 0.499475 0.382586 0.503852 0.387255 0.505602 0.394725 0.505602 0.413866 0.502276 0.429505 0.500700 0.443106 0.500175 0.468021 0.500525 0.476424 0.501225 0.491597 0.503852 0.500934 0.506653 0.505602 0.507178 0.514006 0.510154 0.521008 0.511029 0.535714 0.507878 0.546919 0.506303 0.561158 0.502801 0.566760 0.500525 0.568161 0.498950 0.567460 0.494748 0.561391 0.480042 0.546452 0.449580 0.534781 0.414741 0.530812 0.390581 0.527544 0.388655 0.511905 0.386555 0.508637 0.385504 0.489963 0.385329 0.483894 0.385679 0.463585 0.388831 0.459851 0.391282 0.451447 0.399160 0.437208 0.409664 0.394258 0.433999 0.376517 0.439076 0.369748 0.439951 0.359244 0.439601 0.355742 0.440476 0.355275 0.441176 0.355042 0.442752 0.364146 0.454307
1 0.326564 0.608543 0.329832 0.612745 0.335434 0.614846 0.345938 0.621674 0.362979 0.627276 0.369514 0.630252 0.390756 0.635154 0.417834 0.639356 0.451914 0.641106 0.458917 0.640756 0.478525 0.641457 0.504902 0.639706 0.510271 0.637430 0.519841 0.635854 0.533613 0.631303 0.544118 0.626751 0.550654 0.621324 0.555322 0.619223 0.560691 0.613270 0.562325 0.609419 0.562325 0.601716 0.564192 0.598915 0.563259 0.595326 0.564893 0.593662 0.567694 0.594538 0.570962 0.596814 0.574463 0.596639 0.577965 0.595413 0.574930 0.591912 0.576331 0.589286 0.577264 0.583158 0.576564 0.571429 0.571195 0.557423 0.566060 0.548845 0.560691 0.542017 0.554155 0.535889 0.534781 0.521534 0.519141 0.513305 0.504902 0.508053 0.496265 0.505777 0.471989 0.501225 0.445845 0.500700 0.418301 0.502801 0.404528 0.505077 0.400794 0.506303 0.387488 0.508053 0.376751 0.510679 0.374650 0.511905 0.366713 0.540091 0.357843 0.555847 0.338002 0.580882 0.324697 0.595413 0.320962 0.601716 0.322596 0.605742 0.326564 0.608543
1 0.530579 0.518557 0.537815 0.522409 0.541317 0.525910 0.547852 0.530287 0.549953 0.532913 0.552288 0.533964 0.561158 0.541317 0.572362 0.557423 0.576097 0.566702 0.578431 0.577731 0.577731 0.589461 0.579365 0.591737 0.581699 0.593137 0.584500 0.599090 0.581466 0.603466 0.575163 0.602066 0.570962 0.602241 0.566060 0.603641 0.562092 0.605917 0.560924 0.613095 0.559057 0.616071 0.559524 0.617822 0.561858 0.620273 0.570495 0.622199 0.595005 0.623249 0.609477 0.625000 0.633053 0.629027 0.648459 0.629027 0.661765 0.627626 0.671335 0.625175 0.686041 0.616071 0.692577 0.609244 0.698179 0.599090 0.699813 0.589111 0.699813 0.584909 0.698646 0.584034 0.688375 0.581758 0.679038 0.580707 0.656396 0.573880 0.644258 0.568277 0.627218 0.558473 0.612278 0.546919 0.609244 0.543067 0.598039 0.533438 0.583567 0.517857 0.576097 0.507528 0.570962 0.502801 0.567460 0.502276 0.536181 0.510154 0.530112 0.512080 0.529412 0.513130 0.528478 0.515581 0.530579 0.518557
1 0.534080 0.686625 0.534080 0.696604 0.535247 0.699755 0.538282 0.702556 0.540616 0.707808 0.556256 0.721639 0.564192 0.726366 0.567927 0.727066 0.616480 0.712185 0.645191 0.706583 0.661765 0.705357 0.711951 0.699230 0.748366 0.699230 0.765873 0.701856 0.772642 0.702206 0.776377 0.703431 0.778945 0.702031 0.782680 0.701331 0.786181 0.698354 0.793884 0.694678 0.806489 0.681197 0.810458 0.675245 0.813492 0.668592 0.814893 0.656863 0.809991 0.646884 0.799253 0.636029 0.796452 0.632178 0.789916 0.626576 0.775910 0.618172 0.758637 0.610119 0.749533 0.608894 0.741130 0.605917 0.731326 0.603641 0.710784 0.601716 0.699580 0.601716 0.696312 0.603992 0.693744 0.609244 0.685808 0.617122 0.672035 0.625350 0.658263 0.629202 0.645425 0.630252 0.633987 0.629727 0.609944 0.625700 0.591036 0.623599 0.581933 0.623775 0.576797 0.625000 0.550887 0.638130 0.539216 0.647059 0.534547 0.654937 0.531513 0.667717 0.531046 0.673319 0.530579 0.682248 0.534080 0.686625
1 0.807890 0.680322 0.796218 0.692577 0.793884 0.696604 0.789683 0.697654 0.784547 0.701331 0.780112 0.703081 0.784314 0.704832 0.786181 0.706408 0.789916 0.705882 0.793884 0.703256 0.803688 0.704132 0.813959 0.708859 0.821429 0.713936 0.836368 0.722339 0.843137 0.727416 0.858777 0.740371 0.869748 0.751050 0.873249 0.752276 0.876517 0.751401 0.888655 0.741246 0.889589 0.738620 0.894024 0.733543 0.899627 0.723915 0.901027 0.709209 0.896359 0.693102 0.893557 0.688375 0.887955 0.681723 0.877451 0.673494 0.860644 0.666492 0.844771 0.662640 0.820962 0.660714 0.817460 0.660889 0.816527 0.661765 0.812325 0.672794 0.807890 0.680322
1 0.878385 0.758578 0.881419 0.760679 0.888189 0.769083 0.899160 0.777311 0.904295 0.782738 0.933007 0.807598 0.949813 0.827731 0.957750 0.837885 0.961718 0.845238 0.964753 0.848739 0.970355 0.859419 0.970355 0.862920 0.979458 0.876751 0.981326 0.891282 0.980159 0.912115 0.977358 0.933648 0.975023 0.939951 0.970588 0.944853 0.964052 0.957283 0.958450 0.961835 0.954482 0.966387 0.950280 0.973214 0.944211 0.978291 0.942344 0.980917 0.943277 0.983543 0.951681 0.991246 0.959617 0.997199 0.963819 0.998249 0.963819 0.999825 0.999767 0.999825 0.999767 0.774510 0.998366 0.774510 0.997432 0.772584 0.991130 0.768032 0.976190 0.759629 0.961018 0.755252 0.946312 0.747899 0.942577 0.748074 0.935107 0.745448 0.925070 0.744223 0.914799 0.741947 0.900327 0.742647 0.887255 0.745448 0.880019 0.751576 0.876984 0.755077 0.878385 0.758578
1 0.890523 0.743697 0.900794 0.742122 0.914099 0.741772 0.925537 0.743522 0.945612 0.748775 0.959851 0.755252 0.977824 0.761029 0.989963 0.767157 0.998133 0.772584 0.999767 0.772584 0.999767 0.741071 0.994865 0.739846 0.988329 0.735469 0.973856 0.728817 0.946312 0.722339 0.937675 0.721464 0.921802 0.721289 0.901261 0.725315 0.897993 0.728291 0.895425 0.733193 0.889823 0.740371 0.889589 0.742472 0.890523 0.743697
1 0.796685 0.714461 0.802054 0.719188 0.804622 0.723389 0.808824 0.733894 0.810224 0.740721 0.809991 0.748775 0.806489 0.762080 0.803221 0.768382 0.793184 0.782913 0.781513 0.795343 0.774977 0.800245 0.770308 0.805322 0.748833 0.821078 0.748366 0.824930 0.745798 0.827206 0.746499 0.829132 0.749066 0.830182 0.762138 0.828782 0.803688 0.820378 0.807423 0.820378 0.830766 0.816352 0.860644 0.815301 0.880252 0.816877 0.894024 0.819153 0.908964 0.823179 0.917367 0.826331 0.925537 0.831583 0.930906 0.833508 0.936741 0.836835 0.943277 0.841912 0.947946 0.843838 0.953081 0.847689 0.956583 0.848739 0.958917 0.852241 0.962185 0.854167 0.962652 0.855742 0.963352 0.856268 0.964986 0.855917 0.963352 0.848915 0.960784 0.846814 0.957283 0.838410 0.949580 0.828081 0.945845 0.824580 0.943744 0.820728 0.939076 0.816527 0.937442 0.813200 0.932540 0.808824 0.930672 0.805847 0.917600 0.794993 0.915733 0.792367 0.910598 0.788866 0.908497 0.786239 0.889823 0.771008 0.876517 0.758578 0.874650 0.755777 0.863679 0.744748 0.847106 0.730217 0.836368 0.721989 0.814659 0.709034 0.803688 0.703957 0.793184 0.704657 0.788982 0.709734 0.793417 0.713410 0.796685 0.714461
1 0.297152 0.643908 0.302054 0.644958 0.303688 0.646008 0.314659 0.646534 0.316527 0.647584 0.330299 0.650910 0.341737 0.652486 0.352708 0.655812 0.365780 0.660539 0.373249 0.664041 0.387722 0.673669 0.395658 0.681197 0.399393 0.686099 0.405229 0.696254 0.407330 0.703081 0.408263 0.709909 0.407796 0.723039 0.406629 0.727766 0.401727 0.737045 0.401261 0.739846 0.401261 0.741246 0.404295 0.742997 0.415266 0.743522 0.439776 0.742822 0.466153 0.739496 0.481092 0.736695 0.498599 0.730742 0.503268 0.728291 0.513305 0.720588 0.519374 0.713235 0.520775 0.710259 0.520775 0.705707 0.517740 0.702731 0.516573 0.698354 0.518207 0.692752 0.523810 0.687325 0.526844 0.682248 0.525444 0.679272 0.524043 0.668242 0.514939 0.653011 0.505135 0.643382 0.501167 0.641106 0.496732 0.640406 0.484827 0.641807 0.473623 0.641807 0.445612 0.641457 0.421569 0.640231 0.397526 0.637255 0.382820 0.634279 0.360878 0.628151 0.358543 0.626576 0.345472 0.624300 0.338469 0.624825 0.333800 0.626576 0.330999 0.628501 0.321429 0.630077 0.316527 0.632878 0.310458 0.633578 0.310224 0.635154 0.308824 0.636029 0.303688 0.635854 0.294818 0.640581 0.293184 0.644433 0.297152 0.643908
1 0.426471 0.777661 0.432073 0.789741 0.440710 0.800245 0.446078 0.804097 0.480859 0.819503 0.482493 0.817752 0.486228 0.800420 0.489729 0.791492 0.500934 0.774860 0.506303 0.769783 0.514706 0.759804 0.534080 0.745798 0.538515 0.743172 0.543884 0.741246 0.544818 0.737745 0.539916 0.736345 0.523343 0.733894 0.505602 0.732668 0.497666 0.733193 0.477591 0.738796 0.455882 0.742122 0.444678 0.745798 0.437908 0.749300 0.431373 0.754202 0.427404 0.758403 0.425070 0.763305 0.424603 0.770133 0.426471 0.777661
1 0.262838 0.876751 0.267040 0.887255 0.274043 0.900735 0.279412 0.908263 0.286415 0.916842 0.298319 0.927696 0.300187 0.930322 0.309991 0.936800 0.319561 0.940826 0.324930 0.944678 0.328431 0.945378 0.334967 0.945378 0.341270 0.943627 0.382586 0.956758 0.393791 0.962885 0.399160 0.966912 0.411298 0.978466 0.415266 0.977241 0.421569 0.979867 0.427638 0.980567 0.435341 0.983718 0.441643 0.984069 0.449346 0.986870 0.456116 0.988270 0.459384 0.987395 0.470355 0.987395 0.477124 0.986520 0.483193 0.984069 0.491363 0.983018 0.494631 0.981092 0.501634 0.978641 0.504902 0.976190 0.531513 0.950630 0.536415 0.944503 0.545985 0.935574 0.549720 0.915791 0.550654 0.896008 0.547619 0.884104 0.543884 0.875350 0.541317 0.873950 0.529412 0.870798 0.514706 0.864146 0.513072 0.862745 0.511905 0.855567 0.500700 0.853817 0.499533 0.851015 0.493464 0.845063 0.488329 0.838410 0.482726 0.823704 0.480159 0.821078 0.446312 0.805497 0.421102 0.796569 0.411531 0.793943 0.403595 0.790616 0.393791 0.787815 0.370215 0.783964 0.366246 0.782213 0.362745 0.781863 0.355509 0.784139 0.352007 0.783088 0.326564 0.790266 0.309524 0.793242 0.303688 0.795168 0.286415 0.803046 0.271709 0.815826 0.266340 0.825805 0.262838 0.834909 0.260271 0.851366 0.260504 0.866947 0.262838 0.876751
1 0.487628 0.999825 0.607610 0.999825 0.607610 0.998249 0.596172 0.988620 0.584034 0.973214 0.575397 0.956408 0.572596 0.949580 0.571195 0.942752 0.572362 0.939076 0.570728 0.937500 0.569094 0.932948 0.568861 0.928571 0.570261 0.920868 0.568627 0.918592 0.567694 0.918242 0.563959 0.921218 0.562092 0.924195 0.556723 0.929272 0.549720 0.934524 0.536181 0.947304 0.508637 0.974265 0.490196 0.994398 0.487628 0.998074 0.487628 0.999825
1 0.420635 0.999825 0.419701 0.994573 0.414799 0.986520 0.406863 0.975665 0.399160 0.968137 0.391457 0.962360 0.373016 0.952556 0.362745 0.951681 0.360878 0.950280 0.359244 0.946429 0.357143 0.945203 0.353641 0.939251 0.352241 0.938550 0.348739 0.938901 0.345238 0.943803 0.332866 0.945728 0.323996 0.945728 0.307656 0.948004 0.300187 0.950105 0.286415 0.955357 0.272176 0.965161 0.258637 0.976716 0.248133 0.987745 0.243464 0.994923 0.242530 0.999825 0.420635 0.999825
1 0.095472 0.896534 0.096172 0.904412 0.101774 0.916141 0.104809 0.932248 0.109244 0.942402 0.109711 0.946254 0.113445 0.956583 0.122082 0.973915 0.128618 0.983718 0.131886 0.988270 0.142857 0.999825 0.240663 0.999825 0.245798 0.989846 0.251401 0.982843 0.256069 0.979167 0.260738 0.973915 0.264706 0.971464 0.274043 0.962885 0.283847 0.956057 0.299486 0.949405 0.301354 0.945378 0.299486 0.940126 0.299020 0.932248 0.274043 0.903011 0.264239 0.884454 0.258170 0.870448 0.249533 0.861520 0.245331 0.858894 0.242997 0.855742 0.228758 0.846639 0.213352 0.839986 0.173203 0.825980 0.158263 0.821779 0.143791 0.821078 0.126984 0.827556 0.116246 0.826856 0.112278 0.825630 0.106209 0.824930 0.104108 0.825630 0.101074 0.828256 0.097106 0.834559 0.091270 0.859244 0.091270 0.878501 0.095472 0.896534
1 0.156162 0.721289 0.161064 0.733193 0.168067 0.741772 0.178105 0.748599 0.183707 0.750875 0.188142 0.755077 0.192110 0.756303 0.199580 0.760679 0.207049 0.766282 0.222456 0.775910 0.223856 0.778011 0.228058 0.779237 0.235294 0.782738 0.244631 0.788515 0.259104 0.792192 0.276144 0.792892 0.282213 0.791492 0.286415 0.791667 0.294585 0.793592 0.300654 0.793768 0.317694 0.790791 0.331699 0.787290 0.355976 0.778711 0.373016 0.767332 0.376751 0.765756 0.383754 0.758053 0.390756 0.751926 0.402428 0.734244 0.406629 0.723389 0.407563 0.709734 0.404528 0.696429 0.394958 0.681898 0.387021 0.673845 0.366246 0.661064 0.345005 0.654237 0.325397 0.650035 0.317927 0.647409 0.310691 0.646534 0.301821 0.644433 0.295285 0.644258 0.286415 0.642332 0.282680 0.642332 0.281279 0.643032 0.261905 0.657213 0.248599 0.664916 0.230392 0.671218 0.223856 0.674545 0.220121 0.675070 0.217320 0.676296 0.213119 0.676296 0.203081 0.674020 0.195612 0.670693 0.187208 0.665616 0.182306 0.664216 0.174837 0.669293 0.162932 0.682073 0.158964 0.688901 0.156629 0.695203 0.155462 0.702556 0.154995 0.713761 0.156162 0.721289
1 0.230392 0.805322 0.249300 0.839986 0.258403 0.850315 0.260504 0.837535 0.263305 0.829307 0.268674 0.819328 0.278011 0.809174 0.285247 0.802871 0.293651 0.800245 0.295752 0.796744 0.293417 0.793943 0.290149 0.792892 0.282913 0.792192 0.280112 0.792717 0.269374 0.792192 0.263772 0.792717 0.254669 0.791667 0.243931 0.788690 0.234127 0.782913 0.230626 0.782213 0.227124 0.779762 0.224323 0.780812 0.224556 0.789391 0.230392 0.805322
1 0.348739 0.782563 0.348039 0.783263 0.348739 0.783789 0.356209 0.783613 0.359010 0.782213 0.364379 0.782388 0.373716 0.783263 0.387021 0.785889 0.387955 0.784139 0.387021 0.779587 0.380019 0.770483 0.376284 0.768557 0.369514 0.771183 0.354809 0.781338 0.348739 0.782563
1 0.056723 0.776786 0.059057 0.783088 0.065826 0.796744 0.071195 0.803571 0.078198 0.810224 0.085201 0.815126 0.089402 0.816877 0.091737 0.819153 0.098273 0.820903 0.105976 0.824055 0.119748 0.826506 0.126751 0.826681 0.130019 0.825980 0.144258 0.819853 0.147526 0.816352 0.157796 0.808123 0.161998 0.802521 0.168534 0.796919 0.175537 0.787640 0.180439 0.782738 0.181839 0.779412 0.189776 0.769083 0.193744 0.762080 0.192810 0.758578 0.185107 0.754202 0.167134 0.741597 0.160131 0.732843 0.155462 0.720413 0.154295 0.710154 0.156629 0.692752 0.162698 0.681197 0.172035 0.672269 0.176004 0.666667 0.178338 0.664741 0.179272 0.662115 0.177171 0.657738 0.164799 0.643557 0.158030 0.642332 0.155696 0.642857 0.119281 0.642332 0.112979 0.647234 0.109010 0.647409 0.107843 0.649685 0.105742 0.650910 0.104575 0.653361 0.096872 0.661590 0.088235 0.674020 0.081466 0.681898 0.070495 0.700280 0.068861 0.706232 0.066060 0.709909 0.064426 0.716737 0.056956 0.737570 0.054855 0.751576 0.055089 0.765756 0.056723 0.776786
1 0.000000 0.607493 0.012138 0.617472 0.050187 0.629027 0.081933 0.635504 0.088702 0.636204 0.091737 0.637430 0.112278 0.640056 0.133520 0.641457 0.137722 0.640931 0.144024 0.642157 0.158030 0.642157 0.162932 0.640581 0.162698 0.636905 0.159197 0.627451 0.158030 0.619573 0.153128 0.609069 0.150794 0.577556 0.152661 0.563725 0.156396 0.549895 0.163866 0.533088 0.162698 0.529412 0.157796 0.527661 0.140756 0.525560 0.109477 0.523109 0.095005 0.523634 0.074463 0.525910 0.053688 0.529937 0.039449 0.534664 0.023576 0.541667 0.020775 0.543943 0.010971 0.549020 0.007003 0.552171 0.001867 0.558123 0.000000 0.558473 0.000000 0.607493
1 0.088235 0.466562 0.088702 0.473564 0.091737 0.482143 0.097572 0.491422 0.105275 0.499300 0.114379 0.506303 0.140056 0.520133 0.146592 0.521359 0.154528 0.524335 0.164799 0.525910 0.168301 0.523109 0.175070 0.511905 0.184874 0.491422 0.192110 0.481443 0.199580 0.473739 0.203782 0.467437 0.213352 0.459559 0.221055 0.450805 0.238095 0.438025 0.241597 0.436625 0.246265 0.433123 0.266106 0.424895 0.272409 0.423669 0.280112 0.424370 0.281279 0.422619 0.281279 0.419818 0.279178 0.411064 0.275910 0.406863 0.254669 0.405112 0.220121 0.404937 0.178338 0.409839 0.140289 0.416492 0.120215 0.422794 0.115313 0.426996 0.105275 0.431723 0.097572 0.439076 0.096405 0.443277 0.093838 0.446078 0.095005 0.450105 0.093371 0.451506 0.089636 0.460084 0.089402 0.463936 0.088235 0.466562
1 0.093371 0.360644 0.091737 0.365896 0.085668 0.376751 0.096172 0.390756 0.112512 0.401611 0.130019 0.410539 0.142624 0.414041 0.148926 0.413866 0.192110 0.407213 0.202848 0.406513 0.215219 0.404412 0.219888 0.402136 0.226190 0.395133 0.231092 0.386380 0.234127 0.383053 0.237162 0.375175 0.239029 0.362220 0.235528 0.352241 0.230159 0.341387 0.224323 0.321078 0.219655 0.314251 0.206583 0.302171 0.197012 0.295168 0.192577 0.292542 0.179972 0.287990 0.165733 0.285014 0.161298 0.285014 0.150794 0.293417 0.137955 0.307773 0.131419 0.311625 0.119748 0.316877 0.098039 0.320553 0.096639 0.321604 0.094071 0.326856 0.095238 0.345938 0.093371 0.360644
1 0.226891 0.321954 0.230626 0.338585 0.234594 0.348564 0.241130 0.360644 0.248366 0.369748 0.255836 0.375175 0.265406 0.380077 0.268908 0.380952 0.269841 0.378501 0.268908 0.373599 0.269141 0.366982 0.271008 0.351891 0.277311 0.329482 0.283613 0.317052 0.288982 0.309524 0.297852 0.300945 0.301821 0.294818 0.310458 0.284664 0.313959 0.283263 0.315126 0.280987 0.317694 0.279762 0.317694 0.275910 0.314659 0.278011 0.310224 0.278011 0.305322 0.279237 0.295985 0.282738 0.293417 0.283088 0.287582 0.285889 0.282680 0.285889 0.280579 0.287465 0.272176 0.290616 0.259570 0.291842 0.244865 0.290966 0.236928 0.289566 0.228758 0.287290 0.227591 0.286415 0.226424 0.286940 0.225490 0.290441 0.225023 0.300945 0.226891 0.321954
1 0.305789 0.049020 0.311858 0.052696 0.313959 0.056898 0.319795 0.064776 0.326097 0.082283 0.327965 0.102591 0.350607 0.108718 0.369514 0.116246 0.408030 0.116071 0.411298 0.114146 0.430205 0.094363 0.442577 0.086310 0.444911 0.084034 0.447012 0.072829 0.446545 0.064076 0.442810 0.050945 0.435341 0.036415 0.431139 0.032913 0.428105 0.028711 0.417134 0.021359 0.395892 0.012605 0.373249 0.010154 0.366713 0.010854 0.358777 0.010329 0.355742 0.011029 0.349206 0.015931 0.345472 0.016632 0.331466 0.021534 0.314192 0.035364 0.311158 0.039041 0.306723 0.042017 0.304388 0.045693 0.304155 0.047094 0.305789 0.049020
1 0.406396 0.000000 0.406396 0.001576 0.401261 0.004902 0.399160 0.007353 0.397059 0.012080 0.401261 0.014531 0.407796 0.016457 0.411531 0.019433 0.415966 0.020833 0.422969 0.024685 0.426004 0.026611 0.434174 0.035014 0.445145 0.055847 0.447246 0.065301 0.446779 0.081408 0.448179 0.082633 0.449813 0.082808 0.488796 0.064426 0.509804 0.057248 0.517274 0.053922 0.518674 0.047969 0.517974 0.043768 0.506536 0.027136 0.503968 0.024160 0.501167 0.022409 0.496499 0.016807 0.484127 0.007178 0.477591 0.003501 0.472923 0.002101 0.472222 0.000000 0.406396 0.000000
1 0.521242 0.046744 0.521242 0.050245 0.522409 0.052521 0.523810 0.052871 0.529879 0.052696 0.551354 0.049545 0.569795 0.048494 0.591270 0.048669 0.607610 0.049720 0.619281 0.051296 0.637955 0.056723 0.640289 0.057948 0.640523 0.058824 0.642857 0.057423 0.631419 0.035889 0.622782 0.022759 0.616246 0.019083 0.610177 0.014181 0.598273 0.010329 0.580532 0.009279 0.567460 0.010679 0.559757 0.012605 0.549253 0.017682 0.541083 0.023109 0.527077 0.036239 0.523576 0.043768 0.521242 0.046744
1 0.152194 0.195553 0.169935 0.216562 0.171802 0.219888 0.175303 0.222514 0.178338 0.203431 0.183240 0.188901 0.190243 0.175070 0.204015 0.156338 0.209384 0.150385 0.220822 0.140406 0.238562 0.127976 0.251401 0.120798 0.265173 0.114321 0.288282 0.106618 0.302754 0.103641 0.307190 0.102766 0.317694 0.103291 0.320962 0.102241 0.324930 0.102416 0.324697 0.084034 0.318394 0.064076 0.310924 0.053046 0.305789 0.050595 0.300887 0.044468 0.293184 0.037290 0.289916 0.035889 0.265640 0.031162 0.265640 0.036590 0.267507 0.038866 0.264239 0.040616 0.258170 0.040791 0.254669 0.038690 0.251867 0.035714 0.249533 0.036064 0.248599 0.036415 0.250000 0.037640 0.250700 0.040616 0.252101 0.041492 0.252568 0.043943 0.248133 0.043768 0.227824 0.049195 0.203782 0.063200 0.195145 0.069153 0.181606 0.082633 0.165266 0.105742 0.154995 0.126225 0.148926 0.147409 0.147292 0.158438 0.147292 0.172619 0.152194 0.195553
1 0.000000 0.271884 0.001867 0.272059 0.004902 0.278536 0.017274 0.292017 0.024043 0.297269 0.031513 0.301646 0.050187 0.310399 0.074463 0.316702 0.086601 0.317927 0.091036 0.319153 0.101774 0.319328 0.116246 0.316702 0.130019 0.311800 0.138189 0.306197 0.160364 0.283438 0.166667 0.269083 0.173203 0.248950 0.174370 0.241597 0.174136 0.237045 0.171102 0.224090 0.164566 0.212185 0.150794 0.196779 0.143091 0.192577 0.137488 0.188025 0.123950 0.181373 0.109010 0.175595 0.092204 0.171569 0.072596 0.169818 0.057190 0.169818 0.043417 0.171919 0.037348 0.173669 0.021008 0.180322 0.006536 0.191702 0.003268 0.195903 0.001867 0.199580 0.000000 0.199755 0.000000 0.271884
1 0.000000 0.421919 0.002101 0.421744 0.019141 0.414216 0.038282 0.404237 0.042951 0.402486 0.045985 0.399860 0.061858 0.391632 0.076097 0.381303 0.088469 0.369398 0.090336 0.366246 0.091970 0.359944 0.092904 0.334734 0.090803 0.324405 0.088702 0.321254 0.084967 0.318803 0.067227 0.315476 0.051354 0.310749 0.038049 0.305322 0.018908 0.294468 0.011905 0.293768 0.000000 0.295343 0.000000 0.421919
1 0.000000 0.508228 0.001634 0.508228 0.003735 0.510504 0.016340 0.517857 0.042951 0.530287 0.046685 0.531162 0.071195 0.525210 0.085668 0.523109 0.119125 0.521534 0.137722 0.522409 0.142857 0.519083 0.140523 0.515756 0.139356 0.518207 0.137722 0.519608 0.136788 0.519433 0.119514 0.509804 0.107610 0.501751 0.102007 0.495273 0.097106 0.491246 0.091503 0.483018 0.088936 0.477241 0.087768 0.470763 0.088002 0.463060 0.089169 0.460084 0.088702 0.452556 0.089869 0.448354 0.094771 0.443803 0.098273 0.437500 0.105042 0.431898 0.112512 0.427171 0.116246 0.426296 0.122316 0.421744 0.109010 0.416492 0.088002 0.410889 0.047152 0.404237 0.039916 0.404762 0.025677 0.411064 0.000000 0.422794 0.000000 0.508228
1 0.008170 0.640581 0.015406 0.652311 0.017040 0.653711 0.021942 0.662990 0.028011 0.678396 0.031279 0.684174 0.033847 0.692577 0.036415 0.695728 0.043184 0.697304 0.049953 0.700980 0.053221 0.701856 0.067460 0.699755 0.070962 0.697654 0.079832 0.682598 0.088702 0.672269 0.096172 0.661064 0.102708 0.654937 0.108777 0.647059 0.118347 0.644083 0.115079 0.641807 0.111345 0.640406 0.088469 0.636380 0.078898 0.635329 0.054155 0.630077 0.026144 0.622549 0.015406 0.618522 0.011905 0.618697 0.010738 0.619398 0.008870 0.623249 0.008170 0.629027 0.007236 0.637080 0.008170 0.640581
1 0.000000 0.802171 0.003035 0.801471 0.012138 0.795693 0.019608 0.787640 0.027311 0.776961 0.034781 0.759454 0.036881 0.748775 0.038049 0.732318 0.037115 0.709559 0.031513 0.688200 0.019374 0.660189 0.011905 0.647584 0.001634 0.634104 0.000000 0.634104 0.000000 0.802171
1 0.018908 0.179097 0.022642 0.178746 0.027778 0.176120 0.036181 0.173319 0.051587 0.169643 0.066760 0.168768 0.081466 0.169468 0.095705 0.171569 0.116480 0.177521 0.131419 0.183999 0.147993 0.193627 0.149627 0.192752 0.149627 0.191702 0.147059 0.175770 0.146359 0.161064 0.149627 0.142157 0.152661 0.133578 0.152661 0.129202 0.151027 0.127276 0.143791 0.124300 0.109244 0.118347 0.094771 0.117647 0.092437 0.118347 0.088469 0.117822 0.074463 0.119223 0.057656 0.123599 0.052288 0.125700 0.040149 0.132703 0.028245 0.143207 0.022176 0.151261 0.017274 0.167017 0.017274 0.175420 0.018908 0.179097
1 0.094304 0.112920 0.096872 0.116422 0.098739 0.117122 0.109477 0.117647 0.126751 0.120973 0.130486 0.120973 0.132353 0.120273 0.138422 0.117647 0.147292 0.112395 0.161298 0.107493 0.165033 0.105217 0.171802 0.096289 0.174370 0.091562 0.183473 0.080182 0.194211 0.069853 0.203081 0.063550 0.213352 0.057948 0.222923 0.051296 0.226190 0.050245 0.229458 0.048144 0.240663 0.045868 0.244865 0.043943 0.248599 0.043768 0.255369 0.045168 0.257003 0.043592 0.257937 0.039391 0.251167 0.034139 0.241597 0.032738 0.227591 0.028536 0.221289 0.027836 0.213119 0.028186 0.210551 0.029062 0.206349 0.028711 0.203548 0.030462 0.192810 0.033263 0.185341 0.032913 0.178805 0.033789 0.166900 0.037465 0.164566 0.036940 0.160131 0.038515 0.148459 0.043943 0.141690 0.046218 0.137021 0.048669 0.133987 0.051471 0.126751 0.056022 0.118347 0.069153 0.104342 0.083333 0.098506 0.092262 0.094304 0.102416 0.093604 0.105042 0.094304 0.112920
1 0.000000 0.850315 0.007003 0.851190 0.018674 0.851366 0.035481 0.849790 0.053221 0.846113 0.062558 0.840861 0.070962 0.837710 0.081933 0.829132 0.089402 0.821078 0.088702 0.817577 0.079365 0.811975 0.074230 0.807423 0.066760 0.798494 0.058123 0.782913 0.055789 0.774510 0.054155 0.762605 0.054855 0.744048 0.058590 0.728992 0.062092 0.721814 0.066293 0.707983 0.068861 0.703256 0.068161 0.701681 0.063959 0.701155 0.056723 0.703081 0.046919 0.708508 0.038515 0.715336 0.038749 0.735119 0.037582 0.748249 0.035247 0.758929 0.031513 0.769083 0.027544 0.777311 0.014472 0.794293 0.003385 0.801908 0.000000 0.803221 0.000000 0.850315
1 0.963352 0.930322 0.961718 0.934349 0.951914 0.942577 0.947946 0.947829 0.931373 0.961485 0.927171 0.963235 0.909430 0.975665 0.899160 0.980742 0.890990 0.986520 0.886555 0.987745 0.887255 0.991071 0.888189 0.991772 0.890523 0.992822 0.901027 0.992822 0.918301 0.990546 0.929739 0.985294 0.942810 0.978116 0.948179 0.973739 0.967087 0.949580 0.973856 0.936975 0.975724 0.924720 0.978525 0.915441 0.978058 0.911239 0.977124 0.910539 0.975023 0.915266 0.963352 0.930322
1 0.238095 0.387605 0.245798 0.401436 0.248133 0.403887 0.272409 0.406162 0.275910 0.405112 0.275910 0.401436 0.271475 0.391282 0.268908 0.382003 0.259804 0.377101 0.248599 0.369398 0.241130 0.362220 0.236695 0.380252 0.236461 0.386029 0.238095 0.387605
1 0.165733 0.273109 0.161064 0.282913 0.185574 0.289041 0.197946 0.294818 0.208683 0.302696 0.216853 0.310399 0.220355 0.313025 0.223856 0.314426 0.224790 0.303922 0.224556 0.286415 0.209851 0.275910 0.205882 0.273985 0.194911 0.265056 0.189776 0.258228 0.178805 0.239146 0.176937 0.239321 0.175303 0.241246 0.172969 0.253326 0.165733 0.273109
1 0.139122 0.000000 0.138189 0.008228 0.137488 0.026261 0.147292 0.041842 0.163632 0.036590 0.165500 0.033438 0.165266 0.029237 0.168067 0.024335 0.172269 0.021359 0.178338 0.019433 0.184874 0.018207 0.193044 0.018207 0.213352 0.021008 0.217554 0.020658 0.220121 0.021359 0.228058 0.021534 0.233894 0.020483 0.236228 0.019083 0.234360 0.015406 0.228058 0.008053 0.222222 0.002976 0.221055 0.000000 0.139122 0.000000
1 0.221989 0.000000 0.221989 0.001576 0.235061 0.013305 0.238562 0.015581 0.239729 0.018557 0.245331 0.020483 0.251867 0.019958 0.267974 0.016807 0.282913 0.015231 0.317460 0.009279 0.325630 0.005427 0.328898 0.005077 0.330532 0.002101 0.330532 0.000000 0.221989 0.000000
1 0.537815 0.000000 0.537582 0.002101 0.533380 0.009454 0.527778 0.015406 0.526611 0.020308 0.527311 0.030987 0.528011 0.032738 0.529412 0.033438 0.533147 0.031513 0.544585 0.020658 0.558123 0.013130 0.565826 0.010679 0.573763 0.009454 0.581699 0.009279 0.595938 0.009804 0.602474 0.010854 0.609477 0.013480 0.619514 0.020658 0.623016 0.021709 0.630486 0.018908 0.643791 0.016282 0.654295 0.016106 0.663632 0.018382 0.668534 0.017682 0.684174 0.012080 0.686508 0.009454 0.687442 0.004902 0.684407 0.000000 0.537815 0.000000
1 0.801354 0.026085 0.819328 0.033088 0.824930 0.036590 0.831466 0.038866 0.846172 0.040966 0.849206 0.040966 0.850840 0.039916 0.849206 0.031513 0.848973 0.021183 0.850373 0.011204 0.851541 0.008578 0.849907 0.007353 0.844771 0.007003 0.836368 0.008053 0.823296 0.011204 0.817694 0.011555 0.793417 0.018382 0.789683 0.022059 0.789916 0.022759 0.801354 0.026085
1 0.694444 0.000000 0.694444 0.001751 0.688609 0.004727 0.687208 0.007878 0.687208 0.010504 0.688609 0.012080 0.692577 0.010679 0.702848 0.009104 0.718721 0.007703 0.724323 0.007878 0.749767 0.011730 0.751401 0.012780 0.761438 0.012080 0.757003 0.011029 0.755135 0.008578 0.752334 0.008053 0.735528 0.000000 0.694444 0.000000
1 0.790383 0.025910 0.793884 0.027311 0.795285 0.029762 0.799020 0.033088 0.807190 0.038866 0.810458 0.039391 0.815126 0.038690 0.821429 0.039041 0.827498 0.036415 0.811858 0.029062 0.800654 0.025560 0.796452 0.026085 0.795051 0.025210 0.791783 0.025035 0.790149 0.023459 0.789916 0.022059 0.786415 0.022409 0.786415 0.025910 0.790383 0.025910
1 0.377918 0.125525 0.385854 0.133754 0.397292 0.149160 0.418301 0.148985 0.419468 0.147409 0.408497 0.138305 0.407330 0.136730 0.408497 0.133228 0.404762 0.129902 0.407796 0.127101 0.409197 0.120448 0.408030 0.116422 0.405462 0.115896 0.374416 0.116422 0.371148 0.116947 0.369748 0.118347 0.369514 0.119748 0.377918 0.125525
1 0.623016 0.026085 0.634220 0.042542 0.639122 0.052346 0.640056 0.056548 0.646592 0.063200 0.647526 0.065651 0.650794 0.065476 0.651261 0.063725 0.650093 0.060924 0.650794 0.057248 0.648926 0.055497 0.647059 0.050420 0.647759 0.046744 0.646592 0.043943 0.648926 0.034489 0.653361 0.028536 0.662465 0.022759 0.664799 0.020483 0.671802 0.019608 0.672969 0.018908 0.671802 0.017682 0.666433 0.018557 0.650093 0.015931 0.633520 0.018207 0.626517 0.019958 0.622549 0.021884 0.621849 0.022759 0.623016 0.026085
1 0.000000 0.556723 0.001634 0.556723 0.005836 0.551996 0.019141 0.544118 0.023810 0.539916 0.022876 0.532563 0.020308 0.526085 0.011905 0.517857 0.001634 0.511029 0.000000 0.511029 0.000000 0.556723
1 0.301120 0.626751 0.317694 0.629027 0.334500 0.625000 0.339402 0.623074 0.340103 0.619573 0.331933 0.614846 0.319795 0.605217 0.317694 0.604342 0.300187 0.622549 0.299953 0.625525 0.301120 0.626751
1 0.104342 0.977416 0.099673 0.991422 0.096172 0.997899 0.096172 0.999825 0.141923 0.999825 0.141923 0.998074 0.132120 0.988796 0.125584 0.979692 0.121382 0.972864 0.119981 0.968662 0.113679 0.960784 0.112745 0.958158 0.109244 0.961485 0.108310 0.968838 0.104342 0.977416