0 0.481793 0.414391 0.488329 0.428396 0.494865 0.436275 0.497899 0.438550 0.500934 0.439251 0.504279 0.442110 0.507236 0.447304 0.509104 0.448354 0.513072 0.448880 0.517507 0.451506 0.520075 0.455882 0.521242 0.456408 0.529879 0.456057 0.542717 0.458158 0.550187 0.457808 0.563959 0.456408 0.577731 0.452556 0.584967 0.451506 0.602007 0.443627 0.612045 0.437500 0.631419 0.422969 0.634687 0.418242 0.638655 0.415441 0.640523 0.412640 0.645658 0.407913 0.657796 0.390756 0.672035 0.362570 0.675770 0.352416 0.680672 0.331583 0.683473 0.301296 0.680672 0.272409 0.676471 0.262955 0.672736 0.250700 0.668768 0.242647 0.663632 0.234944 0.658030 0.230917 0.640523 0.222689 0.637255 0.221989 0.623016 0.222164 0.605509 0.225315 0.588702 0.230917 0.585434 0.234419 0.580299 0.236169 0.574230 0.241422 0.568394 0.244748 0.558357 0.253676 0.552288 0.256478 0.542017 0.264706 0.534080 0.272584 0.532213 0.276085 0.523810 0.286415 0.498133 0.334734 0.497199 0.338936 0.492530 0.348214 0.483660 0.376576 0.481326 0.386380 0.480626 0.395308 0.480159 0.405812 0.481793 0.414391
0 0.382820 0.714461 0.387021 0.722864 0.391457 0.727941 0.400560 0.744573 0.401961 0.751401 0.410831 0.769783 0.419935 0.779412 0.439076 0.794468 0.456349 0.804622 0.477591 0.814601 0.494865 0.819678 0.511438 0.821779 0.564893 0.822304 0.573996 0.821604 0.581699 0.821954 0.594538 0.820903 0.623249 0.815301 0.625817 0.813901 0.630019 0.813025 0.642624 0.807248 0.651261 0.800770 0.652894 0.797969 0.658497 0.793242 0.661765 0.788866 0.665033 0.779587 0.668301 0.776085 0.669468 0.772584 0.670168 0.751401 0.666667 0.740371 0.660831 0.729867 0.651727 0.716737 0.644024 0.708333 0.640289 0.705707 0.637488 0.702031 0.608543 0.676296 0.595238 0.667542 0.588235 0.664216 0.585201 0.663690 0.583100 0.661239 0.568394 0.652836 0.552288 0.646008 0.545518 0.644433 0.529645 0.638480 0.518908 0.633228 0.497899 0.628852 0.483660 0.628501 0.453081 0.629902 0.443044 0.632003 0.439076 0.632178 0.431373 0.634804 0.428338 0.636730 0.423436 0.638130 0.411531 0.645483 0.408263 0.648985 0.404528 0.650735 0.400560 0.654762 0.391690 0.661590 0.386555 0.668592 0.383053 0.675245 0.380019 0.687325 0.379085 0.696078 0.382820 0.714461
0 0.056956 0.736169 0.057190 0.741597 0.060224 0.751576 0.062325 0.753501 0.063959 0.756653 0.070495 0.763305 0.078198 0.769433 0.089869 0.775735 0.095238 0.776611 0.098973 0.776611 0.105042 0.775385 0.112979 0.775210 0.123249 0.773634 0.154995 0.759454 0.169468 0.749475 0.182773 0.732143 0.189076 0.724965 0.194211 0.721464 0.200047 0.714636 0.202148 0.709909 0.207049 0.706408 0.216153 0.692577 0.221289 0.682248 0.224790 0.671218 0.232493 0.633754 0.232493 0.616071 0.234594 0.606092 0.234360 0.598039 0.232026 0.586134 0.221755 0.559349 0.215686 0.546919 0.207983 0.536590 0.194678 0.528011 0.180906 0.522584 0.169001 0.520833 0.147292 0.520658 0.137255 0.522059 0.123249 0.528011 0.116791 0.532505 0.110411 0.537990 0.106443 0.543768 0.100840 0.549370 0.073529 0.590861 0.071895 0.599090 0.069561 0.603466 0.063725 0.626576 0.058123 0.664566 0.058357 0.672269 0.056723 0.678746 0.056022 0.694853 0.054622 0.702906 0.054155 0.723915 0.056956 0.736169
1 0.234127 0.631828 0.225257 0.677346 0.223623 0.681723 0.215219 0.695553 0.208217 0.709909 0.211485 0.720238 0.215920 0.728466 0.222456 0.737745 0.232726 0.745623 0.242764 0.750875 0.258870 0.755077 0.262138 0.755777 0.265873 0.755427 0.268674 0.756478 0.280112 0.756127 0.295985 0.753852 0.311858 0.745448 0.323296 0.737570 0.350140 0.713761 0.354342 0.707458 0.375817 0.682073 0.384921 0.664566 0.391923 0.656338 0.392857 0.650910 0.396125 0.644258 0.396592 0.638831 0.386088 0.599790 0.386321 0.565301 0.387955 0.553746 0.390056 0.546919 0.388189 0.542017 0.379552 0.535714 0.367180 0.530987 0.362512 0.530987 0.355976 0.532038 0.347806 0.535364 0.345472 0.535364 0.333567 0.542892 0.316760 0.549370 0.303922 0.556373 0.293417 0.563901 0.275677 0.577906 0.269841 0.585259 0.263072 0.589986 0.256536 0.592962 0.244865 0.602241 0.241363 0.607143 0.236695 0.616246 0.236695 0.623424 0.234127 0.631828
1 0.225490 0.372549 0.236695 0.386905 0.247666 0.394433 0.251634 0.395133 0.257937 0.400910 0.264472 0.405462 0.272176 0.409839 0.280579 0.412990 0.286181 0.417192 0.292250 0.418943 0.307656 0.426821 0.322829 0.431548 0.331466 0.435224 0.346639 0.439251 0.352474 0.439776 0.362512 0.442752 0.390523 0.442402 0.402194 0.440826 0.410831 0.438725 0.414799 0.439426 0.421335 0.437675 0.446078 0.435399 0.461018 0.430322 0.475490 0.422094 0.479458 0.418242 0.480159 0.415441 0.478992 0.399860 0.479692 0.388831 0.483193 0.371148 0.487862 0.355917 0.485994 0.348915 0.478992 0.340336 0.471755 0.334384 0.458917 0.327031 0.439076 0.317227 0.430906 0.317227 0.421335 0.314076 0.408263 0.311450 0.400560 0.308824 0.387488 0.307248 0.362045 0.306197 0.350724 0.307248 0.341036 0.306898 0.320728 0.308999 0.309057 0.312675 0.303455 0.313550 0.295051 0.317752 0.277077 0.324055 0.261905 0.327731 0.250233 0.335959 0.244865 0.338060 0.238329 0.342262 0.224323 0.354517 0.221522 0.360294 0.221055 0.362920 0.225490 0.372549
1 0.402194 0.247724 0.404528 0.261730 0.411298 0.274160 0.421335 0.287640 0.433007 0.307248 0.436508 0.310224 0.438842 0.314076 0.445378 0.319328 0.465453 0.329132 0.478058 0.337535 0.485761 0.345238 0.487862 0.348564 0.490896 0.347864 0.500934 0.327731 0.507236 0.317927 0.514239 0.302521 0.519608 0.295168 0.521008 0.289566 0.524043 0.284664 0.538671 0.266515 0.550887 0.255077 0.551354 0.251751 0.546919 0.242822 0.538982 0.235819 0.529178 0.222864 0.507703 0.201681 0.500700 0.196954 0.499300 0.195028 0.487395 0.186450 0.484127 0.185574 0.477591 0.180322 0.460084 0.174895 0.454248 0.175595 0.446312 0.174720 0.433473 0.175245 0.416433 0.182598 0.410831 0.186800 0.403361 0.195728 0.397292 0.206933 0.395892 0.211134 0.395892 0.220413 0.402194 0.247724
1 0.640056 0.438200 0.647292 0.448179 0.663632 0.460084 0.668768 0.462360 0.673436 0.465511 0.681139 0.468662 0.685574 0.469363 0.690710 0.471464 0.708683 0.475315 0.716620 0.475315 0.722689 0.474090 0.727358 0.472339 0.732960 0.468487 0.742063 0.464286 0.749300 0.458683 0.760037 0.442927 0.766340 0.421218 0.772409 0.387080 0.770308 0.374825 0.770308 0.367997 0.772876 0.359244 0.772642 0.351190 0.771008 0.338410 0.768441 0.328256 0.757703 0.313725 0.753268 0.306197 0.739496 0.292367 0.733427 0.289216 0.725957 0.282738 0.720121 0.279062 0.707049 0.272059 0.695612 0.268032 0.682073 0.266282 0.680672 0.268557 0.682073 0.272759 0.683940 0.287465 0.685574 0.289916 0.684641 0.292892 0.686508 0.303746 0.684874 0.305672 0.684174 0.308648 0.681606 0.335084 0.677171 0.352591 0.675070 0.355742 0.671569 0.366947 0.668768 0.373424 0.661298 0.385504 0.657563 0.395483 0.649160 0.405987 0.637021 0.417892 0.634921 0.421569 0.630486 0.425420 0.630019 0.428746 0.640056 0.438200
1 0.466853 0.444153 0.480859 0.471989 0.487628 0.476190 0.490663 0.481092 0.494865 0.483368 0.498833 0.487395 0.508403 0.494748 0.517740 0.505952 0.524510 0.518908 0.529178 0.524685 0.535014 0.530112 0.541317 0.534664 0.577731 0.551646 0.584500 0.554447 0.600840 0.557948 0.606909 0.558648 0.612045 0.557598 0.637722 0.539916 0.640523 0.537290 0.652661 0.531162 0.672035 0.523459 0.675070 0.521008 0.676237 0.518732 0.677171 0.512255 0.676237 0.501401 0.671802 0.487045 0.665966 0.472689 0.658030 0.459559 0.646592 0.450280 0.637488 0.438725 0.627218 0.430147 0.623249 0.430497 0.602007 0.444328 0.584734 0.452031 0.567694 0.456232 0.554155 0.458158 0.541317 0.459034 0.538049 0.457633 0.536415 0.455882 0.532213 0.455007 0.528945 0.455007 0.524977 0.456583 0.520542 0.454482 0.517507 0.449405 0.515640 0.448704 0.512372 0.449580 0.510504 0.449055 0.504902 0.445028 0.501867 0.443978 0.499533 0.442402 0.498599 0.439251 0.494631 0.436975 0.491363 0.432423 0.488329 0.429797 0.484127 0.422269 0.480859 0.420343 0.467554 0.428746 0.465219 0.432073 0.466853 0.444153
1 0.388655 0.602941 0.392624 0.619573 0.395658 0.626926 0.399393 0.644083 0.401261 0.647759 0.403828 0.650035 0.404528 0.650210 0.407330 0.647409 0.418301 0.639706 0.434874 0.632878 0.449580 0.629027 0.462185 0.627976 0.488562 0.627276 0.499533 0.627976 0.525910 0.633929 0.531513 0.637255 0.543184 0.641106 0.550187 0.644258 0.553688 0.644783 0.557190 0.643382 0.558590 0.640931 0.565126 0.605742 0.564192 0.598564 0.561158 0.589461 0.554855 0.575455 0.536415 0.544643 0.528011 0.526085 0.519141 0.511905 0.518441 0.508578 0.512605 0.501050 0.508403 0.497899 0.506303 0.494573 0.496265 0.486870 0.487628 0.483543 0.484127 0.483018 0.466153 0.484069 0.447946 0.487570 0.438609 0.491246 0.433240 0.494223 0.428571 0.498424 0.425303 0.499825 0.421802 0.504727 0.418301 0.507178 0.415966 0.512080 0.407330 0.521884 0.402194 0.531513 0.395892 0.539566 0.390756 0.550245 0.388655 0.557248 0.387955 0.562325 0.388655 0.602941
1 0.563959 0.645833 0.569561 0.649685 0.570261 0.651085 0.575397 0.653186 0.592204 0.665091 0.605742 0.672969 0.609010 0.672269 0.616947 0.654937 0.622316 0.636905 0.628852 0.624125 0.639589 0.609069 0.650560 0.597864 0.672502 0.582283 0.676004 0.578606 0.692577 0.570553 0.696078 0.568102 0.708917 0.562850 0.713352 0.562150 0.739729 0.553221 0.742297 0.553046 0.744398 0.550595 0.742297 0.547094 0.727591 0.535714 0.716853 0.528887 0.705882 0.525210 0.693044 0.523284 0.679505 0.523284 0.657796 0.529412 0.644258 0.536239 0.633754 0.542892 0.615079 0.556898 0.604809 0.566352 0.569328 0.605742 0.567227 0.609069 0.566527 0.613971 0.561858 0.627451 0.561625 0.637955 0.563959 0.645833
1 0.612745 0.678571 0.624883 0.688375 0.635854 0.699580 0.640523 0.703081 0.642624 0.703606 0.662698 0.729692 0.671102 0.746499 0.671802 0.750000 0.671569 0.765756 0.673436 0.771709 0.676471 0.773284 0.681373 0.774335 0.688609 0.774160 0.695612 0.772584 0.699580 0.770833 0.707983 0.769958 0.730626 0.764531 0.744631 0.758929 0.748599 0.756303 0.756069 0.754202 0.762838 0.750875 0.768674 0.746324 0.771942 0.744748 0.774743 0.740546 0.780812 0.738270 0.788049 0.731793 0.797619 0.726190 0.799953 0.722689 0.817927 0.705007 0.820728 0.700805 0.829365 0.692577 0.838002 0.685749 0.843371 0.678046 0.846872 0.675245 0.850607 0.668943 0.851774 0.664741 0.857376 0.655287 0.859711 0.653011 0.864379 0.643732 0.870915 0.619923 0.871615 0.598564 0.866947 0.585784 0.863212 0.580007 0.859944 0.577031 0.853875 0.573354 0.852708 0.570728 0.848039 0.568277 0.845238 0.564426 0.838469 0.561975 0.832866 0.556723 0.817694 0.551296 0.800187 0.547969 0.785481 0.547444 0.761671 0.549545 0.737862 0.554272 0.724090 0.558648 0.720355 0.560749 0.706583 0.564076 0.701214 0.566001 0.685107 0.574930 0.678805 0.577381 0.671802 0.583333 0.658497 0.592262 0.642624 0.606268 0.631653 0.619748 0.624416 0.633578 0.623950 0.637430 0.622082 0.640581 0.616246 0.660189 0.610878 0.671043 0.610644 0.675420 0.612745 0.678571
1 0.841036 0.559699 0.843604 0.564076 0.848973 0.567577 0.853175 0.569153 0.855742 0.572829 0.860177 0.575630 0.868581 0.584209 0.872316 0.595063 0.871382 0.621148 0.868581 0.633929 0.863445 0.647934 0.861345 0.652311 0.855509 0.660539 0.849440 0.672969 0.838702 0.687325 0.834267 0.689951 0.827731 0.696078 0.825397 0.700455 0.820495 0.702731 0.812325 0.713235 0.806489 0.716912 0.802754 0.720413 0.800187 0.723039 0.798086 0.728116 0.791783 0.730917 0.788515 0.734244 0.789916 0.735819 0.803688 0.738620 0.806723 0.738095 0.814192 0.738971 0.817460 0.737045 0.821429 0.737395 0.828665 0.736520 0.841503 0.733368 0.852007 0.729517 0.859244 0.724265 0.866947 0.721814 0.878618 0.715861 0.896359 0.703431 0.912932 0.689776 0.921802 0.681898 0.928338 0.673845 0.931839 0.671569 0.933473 0.668417 0.941643 0.659664 0.946078 0.651961 0.950747 0.646008 0.963585 0.621324 0.970355 0.593487 0.969655 0.571429 0.965219 0.556022 0.960784 0.546043 0.958683 0.543242 0.949580 0.535539 0.947012 0.534664 0.936975 0.528186 0.929272 0.526786 0.921102 0.526436 0.913632 0.524510 0.904528 0.525560 0.899627 0.528186 0.887021 0.529587 0.878852 0.532738 0.872549 0.536239 0.834267 0.553746 0.835201 0.555672 0.841036 0.559699