1 0.476657 0.881478 0.478058 0.890756 0.481092 0.898810 0.482493 0.907213 0.484594 0.911415 0.487395 0.921744 0.494398 0.935924 0.498833 0.942927 0.499767 0.953081 0.504435 0.955007 0.508637 0.961660 0.512372 0.964986 0.517040 0.971639 0.533380 0.987045 0.538049 0.992822 0.543651 0.996324 0.549020 0.997724 0.549720 0.999825 0.660831 0.999825 0.661765 0.997549 0.669234 0.992297 0.672502 0.985119 0.681139 0.970763 0.687442 0.953081 0.693511 0.928922 0.704949 0.855917 0.703548 0.850023 0.704949 0.844363 0.704482 0.834384 0.702381 0.821254 0.700514 0.813725 0.697946 0.810049 0.697246 0.800245 0.691643 0.786415 0.687208 0.779587 0.684874 0.771709 0.671802 0.751050 0.655462 0.731618 0.638422 0.716036 0.626284 0.707808 0.616246 0.702731 0.604108 0.698004 0.585201 0.693452 0.574697 0.691702 0.568161 0.692927 0.564192 0.692227 0.562558 0.692752 0.560224 0.691001 0.560458 0.689776 0.564893 0.681723 0.565359 0.678221 0.562325 0.674195 0.560458 0.673845 0.558357 0.674545 0.556956 0.675420 0.553922 0.680847 0.550187 0.682598 0.548319 0.687675 0.542484 0.694328 0.539916 0.695728 0.529412 0.698704 0.516573 0.704657 0.503035 0.716912 0.500467 0.720588 0.496499 0.723915 0.494398 0.728641 0.492063 0.730742 0.491830 0.734419 0.489262 0.737745 0.486928 0.743873 0.480626 0.766106 0.477591 0.785714 0.476424 0.810749 0.474790 0.820378 0.474090 0.856268 0.476657 0.881478
1 0.701914 0.795168 0.704715 0.821429 0.709617 0.842962 0.709384 0.852416 0.714286 0.856968 0.716853 0.861520 0.719888 0.863445 0.722689 0.874125 0.723856 0.875875 0.726891 0.877101 0.730392 0.887430 0.734827 0.895308 0.737395 0.902836 0.741363 0.907388 0.743697 0.912815 0.754902 0.926821 0.758403 0.932598 0.767740 0.941176 0.775444 0.950805 0.779178 0.952556 0.783847 0.956583 0.788982 0.963410 0.798553 0.970238 0.801354 0.974440 0.839869 0.999825 0.940476 0.999825 0.941410 0.997549 0.944211 0.995623 0.950047 0.987745 0.958917 0.970588 0.964519 0.956758 0.965920 0.950280 0.969188 0.912115 0.968487 0.893207 0.969421 0.883053 0.967787 0.868873 0.968021 0.855742 0.966620 0.849965 0.965686 0.825980 0.961951 0.807073 0.954715 0.787640 0.947712 0.772409 0.934407 0.750700 0.919701 0.732843 0.908964 0.721989 0.905462 0.718838 0.881186 0.702031 0.874183 0.699580 0.869748 0.696429 0.841503 0.686975 0.817927 0.682948 0.803688 0.682948 0.786648 0.685049 0.782446 0.686450 0.765173 0.689776 0.758403 0.692227 0.747666 0.698880 0.744865 0.699755 0.739963 0.703256 0.737395 0.706408 0.730626 0.710609 0.726891 0.714986 0.723623 0.717262 0.713352 0.730567 0.703782 0.761204 0.701681 0.786239 0.701914 0.795168
1 0.000000 0.797094 0.002101 0.799195 0.002568 0.804447 0.006536 0.810049 0.008170 0.814076 0.008170 0.817752 0.013072 0.828431 0.015406 0.832283 0.019374 0.835784 0.021008 0.845238 0.035247 0.859594 0.043417 0.863270 0.045518 0.863095 0.048319 0.867472 0.050420 0.869048 0.054155 0.870273 0.057190 0.873775 0.067460 0.877101 0.072362 0.879902 0.084500 0.882703 0.088936 0.882703 0.101074 0.880602 0.102474 0.879902 0.104575 0.876401 0.116013 0.871324 0.143557 0.853291 0.161064 0.839636 0.166433 0.834034 0.176237 0.821954 0.180205 0.818627 0.201681 0.790616 0.215686 0.769258 0.223389 0.755077 0.227824 0.744923 0.229458 0.734419 0.228058 0.705182 0.229458 0.697479 0.228992 0.688725 0.221289 0.672094 0.205415 0.646359 0.202614 0.640756 0.202148 0.637080 0.197479 0.635854 0.187908 0.630602 0.171569 0.620273 0.159430 0.616772 0.151027 0.612920 0.137255 0.610644 0.127684 0.610469 0.122782 0.611695 0.119748 0.613445 0.117414 0.617122 0.107376 0.626050 0.097106 0.637955 0.075864 0.653711 0.040149 0.672094 0.022409 0.678922 0.020075 0.681022 0.017507 0.684349 0.015173 0.692927 0.010504 0.703081 0.009104 0.710609 0.006303 0.717262 0.004669 0.730042 0.000000 0.772759 0.000000 0.797094
1 0.000000 0.680497 0.008870 0.680847 0.011438 0.680147 0.019141 0.680147 0.035714 0.673494 0.056956 0.661415 0.061391 0.660189 0.071895 0.653887 0.075163 0.652661 0.095005 0.637080 0.110644 0.619923 0.124183 0.607493 0.140756 0.586134 0.150093 0.570903 0.157796 0.562150 0.171802 0.542017 0.179972 0.525910 0.184174 0.508754 0.184174 0.500875 0.183240 0.484594 0.180672 0.473039 0.176004 0.461485 0.171335 0.452906 0.169001 0.449230 0.164799 0.445378 0.161998 0.438901 0.154295 0.431197 0.137021 0.416842 0.128618 0.411239 0.123483 0.409314 0.116246 0.405287 0.100607 0.401436 0.095472 0.399510 0.088702 0.398810 0.064659 0.398985 0.053922 0.400560 0.046685 0.402486 0.043417 0.404587 0.036415 0.406513 0.031513 0.409314 0.025210 0.411415 0.018207 0.418242 0.017040 0.421218 0.014239 0.422619 0.011671 0.422969 0.004669 0.429272 0.003035 0.435574 0.001634 0.437500 0.000000 0.437500 0.000000 0.680497
0 0.031746 0.262080 0.032913 0.264531 0.031746 0.276611 0.032213 0.289741 0.034547 0.297794 0.036181 0.310749 0.044351 0.331583 0.047152 0.335434 0.056723 0.353992 0.062792 0.362395 0.067694 0.366772 0.087768 0.380252 0.094538 0.383053 0.099206 0.386204 0.102241 0.386730 0.105742 0.389181 0.110411 0.390931 0.118581 0.392332 0.130719 0.395833 0.143557 0.396534 0.155462 0.394783 0.163632 0.391106 0.168301 0.389881 0.175070 0.383754 0.185574 0.378676 0.189776 0.374475 0.197946 0.363620 0.206816 0.348389 0.209851 0.338761 0.212418 0.324580 0.215920 0.317577 0.217087 0.309174 0.219188 0.305672 0.221755 0.296043 0.222923 0.271008 0.220588 0.254902 0.215453 0.241071 0.198413 0.216737 0.189076 0.207283 0.185808 0.202731 0.181839 0.199930 0.171802 0.190301 0.151494 0.177171 0.134220 0.170168 0.123249 0.167192 0.111578 0.165441 0.102007 0.165791 0.084734 0.169468 0.081466 0.171218 0.074230 0.173319 0.070261 0.175770 0.063259 0.183824 0.049486 0.205182 0.044118 0.216912 0.037115 0.238095 0.034547 0.255952 0.031746 0.262080
1 0.000000 0.900910 0.002101 0.901261 0.017974 0.918768 0.039916 0.933298 0.058357 0.940476 0.077731 0.945028 0.098039 0.945903 0.107610 0.944853 0.123249 0.941176 0.137955 0.934699 0.144024 0.929972 0.149393 0.922794 0.157796 0.906338 0.160598 0.897584 0.164099 0.890581 0.168768 0.870623 0.168534 0.834909 0.164799 0.837010 0.157796 0.844188 0.144258 0.853817 0.140289 0.855742 0.128852 0.864496 0.119514 0.869398 0.112979 0.873775 0.103408 0.878326 0.099673 0.881653 0.092204 0.883403 0.088469 0.883053 0.084734 0.884104 0.077731 0.881127 0.074230 0.880602 0.059290 0.875700 0.054155 0.873249 0.049253 0.870098 0.047386 0.867297 0.040616 0.862570 0.036181 0.860469 0.032913 0.855917 0.025910 0.849090 0.018207 0.844888 0.019841 0.841912 0.016340 0.837885 0.005135 0.811450 0.002568 0.809524 0.001634 0.807773 0.000000 0.807773 0.000000 0.900910
1 0.257937 0.843312 0.261905 0.845238 0.265640 0.844538 0.268441 0.841912 0.268441 0.838410 0.265640 0.836660 0.261671 0.836485 0.259104 0.837535 0.257703 0.839286 0.257236 0.842262 0.257937 0.843312
1 0.395658 0.806197 0.399627 0.816352 0.408030 0.847689 0.409897 0.851891 0.413399 0.873424 0.418067 0.883929 0.427171 0.900735 0.438842 0.918242 0.448413 0.929622 0.459073 0.938142 0.468487 0.947304 0.478525 0.950280 0.485528 0.952906 0.487862 0.954482 0.491830 0.954657 0.494865 0.955707 0.500467 0.955182 0.502568 0.953081 0.499533 0.949580 0.499300 0.946078 0.486461 0.921569 0.476657 0.886380 0.473389 0.850315 0.474323 0.819342 0.475957 0.792892 0.479692 0.766982 0.486928 0.742472 0.489963 0.736870 0.491597 0.730217 0.493931 0.727241 0.494631 0.723915 0.498133 0.721464 0.501401 0.717262 0.513305 0.706933 0.514706 0.703606 0.513772 0.701331 0.500467 0.693627 0.490896 0.690651 0.474090 0.687675 0.466620 0.687325 0.460317 0.689076 0.456583 0.689076 0.450514 0.692402 0.442810 0.694328 0.439076 0.697304 0.437675 0.699580 0.429739 0.719188 0.406396 0.755952 0.403595 0.758403 0.398459 0.765756 0.393791 0.774685 0.394024 0.794643 0.395658 0.806197
0 0.377218 0.543242 0.380019 0.555322 0.387955 0.571078 0.397759 0.581057 0.409430 0.589461 0.418301 0.594713 0.425537 0.597514 0.429972 0.598389 0.442810 0.599090 0.455182 0.597689 0.460084 0.596464 0.477358 0.589286 0.488095 0.581758 0.496032 0.574755 0.520542 0.545343 0.535948 0.518732 0.544818 0.500350 0.551587 0.476190 0.552288 0.469188 0.553922 0.463936 0.553455 0.448704 0.551821 0.439426 0.549253 0.431898 0.546218 0.425420 0.540616 0.417542 0.537582 0.415616 0.533847 0.411239 0.525910 0.405287 0.516106 0.401961 0.506069 0.395658 0.493464 0.391982 0.490663 0.390231 0.476424 0.386555 0.462418 0.385854 0.452848 0.387780 0.443744 0.390756 0.435107 0.395833 0.429505 0.397584 0.426004 0.400735 0.424603 0.404412 0.411298 0.414041 0.406629 0.421569 0.402428 0.425420 0.401027 0.428746 0.398226 0.431898 0.393791 0.442577 0.392390 0.448704 0.389823 0.452031 0.388655 0.456583 0.386321 0.459034 0.381886 0.470063 0.378151 0.484244 0.375350 0.502626 0.375117 0.524160 0.377218 0.543242
1 0.505602 0.661239 0.515873 0.685574 0.521475 0.694678 0.524977 0.698179 0.526844 0.698529 0.532446 0.697654 0.540383 0.694853 0.542717 0.692227 0.549020 0.687675 0.552988 0.680322 0.556956 0.676296 0.559991 0.674720 0.562325 0.677171 0.561158 0.678746 0.564192 0.681898 0.561625 0.685574 0.562325 0.689251 0.564192 0.690826 0.575397 0.690826 0.595005 0.694678 0.616246 0.701681 0.629552 0.708683 0.636788 0.713936 0.651727 0.726541 0.657330 0.732843 0.664799 0.737570 0.672969 0.727941 0.681139 0.713410 0.689542 0.692227 0.700514 0.658263 0.719655 0.618172 0.723856 0.603641 0.726657 0.585959 0.726657 0.577206 0.724790 0.563550 0.719421 0.544643 0.711951 0.526611 0.697479 0.508403 0.683707 0.495448 0.672269 0.487570 0.658263 0.480042 0.648926 0.476716 0.637488 0.473739 0.621849 0.472864 0.602007 0.473214 0.583567 0.477066 0.570028 0.483193 0.560691 0.489846 0.556022 0.494223 0.545285 0.506478 0.535247 0.522059 0.521942 0.546218 0.520542 0.550245 0.517740 0.571604 0.511905 0.588936 0.508403 0.595238 0.504669 0.605742 0.501867 0.623074 0.501867 0.642157 0.505602 0.661239
1 0.685808 0.714286 0.697946 0.714636 0.706349 0.716211 0.720355 0.716912 0.724090 0.714986 0.734827 0.706408 0.740430 0.700805 0.750233 0.694678 0.753968 0.691352 0.765406 0.688025 0.786415 0.683648 0.790616 0.681548 0.792017 0.678746 0.794351 0.662115 0.793651 0.636380 0.792017 0.622899 0.788049 0.598214 0.785014 0.585084 0.778011 0.569678 0.771475 0.559874 0.768441 0.557248 0.760971 0.554272 0.755135 0.550595 0.750467 0.548845 0.741130 0.542367 0.732960 0.539041 0.720355 0.529062 0.717087 0.527486 0.713585 0.528186 0.713119 0.529412 0.718721 0.541667 0.725724 0.565126 0.726891 0.577789 0.726190 0.595063 0.721989 0.613620 0.717554 0.624650 0.705649 0.647059 0.701681 0.656513 0.694911 0.678922 0.689076 0.692927 0.686975 0.702731 0.684407 0.709559 0.684174 0.713410 0.685808 0.714286
1 0.145892 0.594188 0.146825 0.598564 0.150560 0.602066 0.155462 0.609244 0.161298 0.613095 0.167134 0.615371 0.195612 0.631828 0.199580 0.631828 0.203081 0.633228 0.204482 0.637080 0.206349 0.638655 0.208450 0.635154 0.210551 0.634279 0.213352 0.635504 0.216153 0.634279 0.220588 0.634804 0.232493 0.634104 0.251867 0.629552 0.261671 0.625350 0.278011 0.609594 0.289916 0.596814 0.296919 0.585434 0.307423 0.557248 0.317694 0.535014 0.318861 0.530287 0.321895 0.526261 0.324930 0.518382 0.327264 0.503676 0.326564 0.479167 0.321429 0.465161 0.319328 0.456583 0.311391 0.445378 0.294585 0.427696 0.289916 0.424195 0.276377 0.416317 0.267974 0.413866 0.258170 0.413165 0.255135 0.412115 0.248133 0.412115 0.220588 0.417192 0.203548 0.424020 0.196078 0.428396 0.182073 0.439251 0.174136 0.449230 0.173669 0.453431 0.180906 0.469188 0.183240 0.476716 0.184874 0.488270 0.186275 0.491071 0.186275 0.505252 0.185107 0.508578 0.185341 0.512080 0.179038 0.532738 0.176471 0.535364 0.175070 0.539216 0.161998 0.557248 0.155462 0.568277 0.152428 0.571078 0.151027 0.574405 0.147292 0.578256 0.144024 0.585784 0.143791 0.591036 0.145892 0.594188
1 0.317694 0.372724 0.317460 0.376751 0.320028 0.387605 0.328198 0.406863 0.340103 0.422619 0.355509 0.435224 0.365546 0.440651 0.369981 0.443978 0.378151 0.447479 0.387722 0.448880 0.391457 0.445728 0.392157 0.442402 0.396825 0.432248 0.401727 0.424545 0.410831 0.414041 0.418301 0.407213 0.423203 0.404062 0.427404 0.398810 0.441643 0.390231 0.450280 0.386730 0.463585 0.384104 0.466387 0.382003 0.469421 0.375875 0.478992 0.363445 0.486461 0.349265 0.489496 0.338761 0.490896 0.329307 0.490663 0.314076 0.489029 0.304447 0.485294 0.291141 0.478992 0.278186 0.471289 0.268032 0.464286 0.260504 0.458450 0.256478 0.444911 0.250875 0.439076 0.249300 0.429739 0.244748 0.419001 0.242822 0.411298 0.242822 0.397292 0.244923 0.375350 0.253151 0.371382 0.255602 0.367414 0.259104 0.365780 0.262255 0.362045 0.265056 0.351307 0.278186 0.333800 0.303746 0.326097 0.320728 0.323763 0.328256 0.318161 0.354692 0.316760 0.369398 0.317694 0.372724
1 0.222689 0.296043 0.221055 0.303046 0.218721 0.307073 0.216387 0.317577 0.212652 0.327206 0.211251 0.338585 0.209150 0.345588 0.201447 0.360294 0.194444 0.369748 0.193744 0.372724 0.185341 0.380077 0.182073 0.381127 0.179972 0.382878 0.179972 0.385854 0.178338 0.388305 0.174837 0.387780 0.171569 0.390406 0.172969 0.394958 0.181373 0.405987 0.187908 0.410714 0.203081 0.419643 0.205415 0.419818 0.209617 0.419293 0.241597 0.410889 0.256769 0.410714 0.272876 0.413165 0.275910 0.411590 0.283380 0.404937 0.288749 0.398459 0.296452 0.391282 0.299253 0.386555 0.305322 0.380077 0.307423 0.376225 0.309290 0.375000 0.314192 0.367122 0.317927 0.348915 0.319328 0.334384 0.322829 0.324230 0.329132 0.310749 0.330999 0.302696 0.330299 0.296744 0.321429 0.282913 0.312092 0.272759 0.307890 0.270133 0.304388 0.265056 0.296685 0.260679 0.290149 0.258053 0.279645 0.255427 0.272876 0.254727 0.262138 0.251401 0.250233 0.250000 0.240896 0.251050 0.228758 0.254552 0.223856 0.256828 0.222222 0.258403 0.223856 0.271183 0.222689 0.296043
1 0.509104 0.382703 0.513539 0.397059 0.515640 0.398985 0.518908 0.400035 0.522642 0.402836 0.526144 0.403887 0.529645 0.405987 0.535714 0.410714 0.544818 0.420168 0.551821 0.435399 0.554855 0.449055 0.555789 0.459909 0.556723 0.461485 0.564893 0.466912 0.567927 0.470588 0.578431 0.474790 0.584967 0.474790 0.595238 0.471289 0.598039 0.471989 0.603641 0.471289 0.609244 0.472514 0.612278 0.471464 0.619281 0.470763 0.638189 0.472864 0.647292 0.475315 0.650560 0.474965 0.654295 0.473039 0.659664 0.465336 0.667134 0.442052 0.669468 0.432423 0.670868 0.420518 0.673903 0.412290 0.676471 0.394783 0.680205 0.382353 0.682773 0.377101 0.686741 0.362395 0.687208 0.344713 0.685341 0.327906 0.679739 0.310399 0.671569 0.296394 0.664799 0.286940 0.657330 0.280462 0.654528 0.276436 0.650560 0.272934 0.638655 0.264181 0.627218 0.258578 0.614846 0.254202 0.605275 0.252451 0.595238 0.249300 0.591970 0.248950 0.566993 0.250875 0.560691 0.251926 0.550420 0.255777 0.537582 0.264706 0.530579 0.272234 0.521242 0.287640 0.515173 0.303746 0.512372 0.313901 0.511671 0.321254 0.509104 0.328782 0.507003 0.348564 0.506536 0.369748 0.509104 0.382703
0 0.698646 0.499475 0.706349 0.515406 0.709851 0.519433 0.736928 0.539916 0.741597 0.540966 0.750000 0.547269 0.763305 0.553746 0.775677 0.557598 0.792484 0.558648 0.799953 0.560224 0.807190 0.558999 0.811158 0.556723 0.822596 0.546919 0.838235 0.527486 0.873249 0.468838 0.879552 0.453431 0.882120 0.443452 0.883053 0.434699 0.882120 0.411239 0.880019 0.408088 0.877451 0.397584 0.867414 0.380602 0.859244 0.371148 0.847106 0.360469 0.838936 0.355217 0.818627 0.347514 0.803688 0.344538 0.797619 0.344713 0.792484 0.345763 0.782446 0.346464 0.768908 0.349090 0.758637 0.352416 0.748599 0.357318 0.731092 0.369923 0.724323 0.379727 0.720588 0.383578 0.709617 0.402661 0.703782 0.410889 0.702148 0.417367 0.697712 0.426471 0.690243 0.452731 0.689776 0.473915 0.698646 0.499475
1 0.916667 0.376751 0.922736 0.394433 0.923903 0.401261 0.922969 0.415266 0.919001 0.428396 0.919001 0.432773 0.921102 0.442402 0.925070 0.450630 0.938142 0.472864 0.952381 0.491246 0.959617 0.498950 0.968721 0.506478 0.979692 0.513480 0.990896 0.519258 0.999767 0.521183 0.999767 0.337535 0.983427 0.336660 0.974090 0.337360 0.955649 0.340686 0.939076 0.346113 0.934874 0.348214 0.926004 0.353992 0.919001 0.362920 0.916200 0.369573 0.916667 0.376751
1 0.792017 0.344013 0.793417 0.344363 0.800420 0.343312 0.818861 0.347164 0.831466 0.351366 0.844538 0.358018 0.853875 0.365546 0.864146 0.375525 0.869514 0.382878 0.873016 0.390406 0.878151 0.397234 0.880952 0.411239 0.882820 0.414566 0.884687 0.428922 0.878618 0.463410 0.874650 0.467087 0.871615 0.473389 0.857843 0.494223 0.856909 0.498775 0.859244 0.500525 0.887021 0.495448 0.891223 0.493347 0.896592 0.483718 0.904762 0.462010 0.908730 0.448880 0.916433 0.431022 0.921802 0.415091 0.922736 0.405812 0.922269 0.397584 0.920401 0.394258 0.916667 0.380077 0.912465 0.371499 0.905696 0.360644 0.890756 0.345238 0.871148 0.333683 0.859711 0.329307 0.846639 0.326856 0.834967 0.326155 0.830299 0.326506 0.820261 0.328081 0.814192 0.329832 0.799953 0.334559 0.796452 0.337185 0.791083 0.341912 0.792017 0.344013
1 0.481326 0.227416 0.487162 0.242297 0.491130 0.248950 0.501401 0.259629 0.508403 0.265056 0.519374 0.270308 0.525444 0.271884 0.529412 0.271359 0.541083 0.261204 0.546919 0.257003 0.551587 0.254727 0.553455 0.251926 0.553221 0.247199 0.554155 0.244748 0.556956 0.243172 0.559757 0.244573 0.561858 0.249650 0.563725 0.251225 0.576797 0.249475 0.588469 0.248775 0.591737 0.247374 0.596172 0.241597 0.597106 0.237745 0.602241 0.227066 0.602941 0.221464 0.602241 0.203606 0.593838 0.189776 0.588936 0.184699 0.581699 0.179622 0.567227 0.173669 0.553455 0.170168 0.538049 0.169293 0.532213 0.169468 0.522642 0.171043 0.518207 0.174545 0.509337 0.185049 0.502801 0.190126 0.497432 0.192227 0.489963 0.193627 0.485994 0.195728 0.480859 0.206408 0.480392 0.209909 0.480159 0.221289 0.481326 0.227416
1 0.609010 0.234419 0.611811 0.243873 0.616246 0.250875 0.619981 0.254027 0.634921 0.260854 0.642624 0.265581 0.662232 0.281162 0.674603 0.283438 0.693044 0.284839 0.708683 0.282738 0.715453 0.280462 0.719655 0.277836 0.725023 0.269258 0.728992 0.251926 0.728992 0.240546 0.726657 0.223564 0.721522 0.202906 0.715686 0.194153 0.706349 0.183473 0.696078 0.176471 0.687442 0.173319 0.675303 0.170168 0.668067 0.169118 0.664566 0.170343 0.654762 0.176996 0.645425 0.179797 0.633287 0.180672 0.617647 0.179447 0.613912 0.180322 0.606443 0.188901 0.604342 0.196078 0.605275 0.227416 0.609010 0.234419
1 0.732726 0.238971 0.738796 0.251751 0.749533 0.263480 0.757703 0.270133 0.775444 0.279762 0.784781 0.283438 0.794351 0.285714 0.809757 0.287990 0.817694 0.288165 0.832633 0.285714 0.845705 0.280812 0.849907 0.277836 0.854575 0.272934 0.860177 0.264706 0.863912 0.255777 0.864846 0.250700 0.864846 0.237395 0.860411 0.204307 0.855976 0.194328 0.846405 0.181898 0.832166 0.171043 0.824930 0.167367 0.814659 0.164216 0.809757 0.161765 0.797386 0.158438 0.782680 0.155637 0.779412 0.156863 0.770075 0.163165 0.763072 0.166317 0.748366 0.169993 0.736228 0.170518 0.733193 0.171394 0.728992 0.174895 0.725957 0.180322 0.723623 0.189076 0.723156 0.202206 0.732726 0.238971
1 0.363679 0.234244 0.367880 0.240196 0.373016 0.250175 0.376517 0.251751 0.397526 0.244573 0.415033 0.241772 0.424136 0.242472 0.429272 0.243697 0.438842 0.248599 0.460084 0.255602 0.463585 0.252451 0.470588 0.241246 0.478291 0.221814 0.477591 0.204482 0.475257 0.195728 0.470822 0.191176 0.462185 0.187675 0.451214 0.180847 0.435574 0.167367 0.419234 0.167017 0.401494 0.170168 0.397526 0.171919 0.388422 0.178396 0.372549 0.187325 0.365546 0.196604 0.361111 0.214111 0.360644 0.224090 0.363679 0.234244
1 0.247899 0.240721 0.251167 0.247024 0.258170 0.249825 0.285481 0.255427 0.290850 0.257178 0.298786 0.260504 0.306723 0.265931 0.311158 0.270308 0.313725 0.271359 0.319561 0.270833 0.322596 0.269783 0.329832 0.264881 0.334034 0.260504 0.341036 0.255252 0.345938 0.249825 0.354342 0.237745 0.359477 0.223389 0.362045 0.199580 0.360177 0.189601 0.355976 0.185749 0.340803 0.180147 0.325397 0.171744 0.317227 0.164216 0.310691 0.156688 0.307423 0.155637 0.292951 0.156513 0.286648 0.159314 0.271242 0.173144 0.256769 0.182248 0.249533 0.195903 0.244631 0.213585 0.244164 0.227766 0.247899 0.240721
0 0.425303 0.136905 0.428571 0.147059 0.433707 0.156688 0.435107 0.161415 0.439076 0.167892 0.453315 0.181197 0.463352 0.186975 0.473856 0.191001 0.488095 0.192927 0.500233 0.190126 0.507703 0.185399 0.513772 0.178922 0.520542 0.169293 0.528945 0.150385 0.534781 0.140056 0.539683 0.125700 0.541783 0.106618 0.540616 0.098564 0.538749 0.091912 0.532680 0.078081 0.524043 0.066527 0.511671 0.056548 0.498133 0.050420 0.481559 0.047619 0.474090 0.047444 0.463819 0.048494 0.456349 0.050070 0.445378 0.055147 0.442577 0.057248 0.436508 0.064251 0.426471 0.083683 0.424136 0.092612 0.422969 0.105217 0.422736 0.125000 0.425303 0.136905
0 0.301587 0.129727 0.304855 0.140756 0.310458 0.153536 0.313259 0.158088 0.316293 0.160539 0.319561 0.164916 0.327031 0.171744 0.335201 0.176646 0.344538 0.180847 0.355742 0.184524 0.362045 0.185399 0.369514 0.185049 0.373249 0.184524 0.379785 0.182073 0.395191 0.171744 0.398693 0.167192 0.404062 0.158263 0.415500 0.134629 0.419468 0.123424 0.421569 0.106268 0.420635 0.091562 0.415033 0.078606 0.401027 0.060924 0.395892 0.055672 0.387488 0.049545 0.373016 0.043592 0.355742 0.039741 0.348973 0.039566 0.346639 0.040266 0.341970 0.040266 0.332400 0.043242 0.321195 0.050420 0.311625 0.062150 0.303922 0.078431 0.299486 0.095238 0.299253 0.107493 0.301587 0.129727
0 0.183473 0.126401 0.185574 0.133754 0.194444 0.153887 0.202848 0.164391 0.212418 0.171919 0.224556 0.178746 0.233894 0.181373 0.243464 0.182598 0.249533 0.182598 0.255135 0.181548 0.270775 0.172269 0.274743 0.167717 0.288982 0.154762 0.297152 0.145308 0.300887 0.137430 0.301120 0.134629 0.298553 0.114111 0.298319 0.098039 0.297152 0.091912 0.294351 0.089111 0.288982 0.078081 0.279645 0.067577 0.267040 0.059349 0.255135 0.054272 0.251634 0.053221 0.233193 0.051646 0.223856 0.052521 0.213352 0.056723 0.201681 0.065476 0.196312 0.073004 0.191410 0.077206 0.189076 0.080357 0.184874 0.090511 0.180906 0.104167 0.180672 0.114321 0.183473 0.126401
0 0.558123 0.123074 0.563959 0.137255 0.577965 0.158088 0.584500 0.163866 0.592437 0.169118 0.600373 0.173319 0.605742 0.174545 0.613445 0.177696 0.625817 0.179622 0.637255 0.180147 0.645892 0.178922 0.653128 0.176646 0.657796 0.174370 0.665966 0.167542 0.668534 0.163515 0.674136 0.157913 0.679038 0.150210 0.681373 0.143908 0.684174 0.127976 0.684641 0.098739 0.682773 0.083859 0.678805 0.072829 0.672035 0.063901 0.665033 0.056723 0.655462 0.049720 0.644258 0.044643 0.637255 0.042367 0.618347 0.038690 0.610177 0.037990 0.603875 0.038515 0.594304 0.040266 0.587768 0.042717 0.576797 0.050420 0.566760 0.063025 0.558357 0.084909 0.556489 0.100665 0.556489 0.110469 0.558123 0.123074
1 0.538515 0.089111 0.542017 0.100315 0.542484 0.110469 0.541083 0.122724 0.539216 0.130252 0.533613 0.143908 0.529412 0.150560 0.524510 0.161415 0.523576 0.164916 0.524043 0.166492 0.525444 0.167892 0.529412 0.168943 0.546919 0.168768 0.560691 0.170693 0.578198 0.177171 0.581232 0.178046 0.584967 0.178046 0.589869 0.175245 0.592904 0.171744 0.585668 0.164741 0.580999 0.161765 0.573296 0.152836 0.571895 0.149160 0.566527 0.142157 0.559991 0.129727 0.556256 0.114321 0.555789 0.097864 0.557656 0.085259 0.562558 0.070553 0.567227 0.060574 0.565126 0.058648 0.560224 0.057948 0.548086 0.061450 0.530579 0.064251 0.527077 0.065476 0.525677 0.067227 0.531279 0.074230 0.538515 0.089111
1 0.405229 0.164741 0.411064 0.167017 0.417834 0.166317 0.432540 0.166317 0.436508 0.164916 0.435808 0.161239 0.433473 0.158088 0.427404 0.144783 0.421802 0.123950 0.404062 0.160539 0.404062 0.162815 0.405229 0.164741
1 0.677871 0.154062 0.673903 0.159314 0.668301 0.164741 0.668301 0.168242 0.689776 0.173845 0.697246 0.177171 0.703081 0.180847 0.706816 0.181548 0.710551 0.179972 0.713819 0.176996 0.719655 0.167892 0.718021 0.164916 0.707983 0.158613 0.700747 0.151786 0.694211 0.144258 0.685574 0.130252 0.685107 0.131127 0.681606 0.144433 0.677871 0.154062
1 0.806723 0.160364 0.823996 0.166141 0.827498 0.168417 0.834034 0.171043 0.834967 0.172094 0.838702 0.168768 0.840103 0.161064 0.837768 0.158964 0.833100 0.151261 0.828665 0.137780 0.827264 0.126225 0.827264 0.112745 0.832633 0.098739 0.834967 0.088235 0.833333 0.082983 0.830065 0.078606 0.817694 0.070028 0.810924 0.067927 0.809057 0.068803 0.808824 0.071429 0.812092 0.081408 0.812792 0.093137 0.811858 0.102416 0.809524 0.109769 0.805789 0.117647 0.803688 0.119923 0.802288 0.124125 0.791083 0.141982 0.785948 0.147409 0.784314 0.151085 0.783847 0.154412 0.806723 0.160364
1 0.944678 0.144958 0.942110 0.147409 0.934174 0.158964 0.924603 0.168242 0.926471 0.171919 0.931839 0.173319 0.944444 0.174720 0.957049 0.174720 0.971989 0.171919 0.978525 0.169818 0.984594 0.165616 0.987395 0.161940 0.987395 0.157913 0.985528 0.154762 0.980392 0.152136 0.968021 0.139181 0.964986 0.133929 0.959851 0.120973 0.956583 0.123424 0.955182 0.128326 0.944678 0.144958
1 0.961485 0.122899 0.967087 0.136905 0.973389 0.144783 0.978992 0.149510 0.980392 0.151611 0.986461 0.154587 0.989963 0.159489 0.996032 0.162815 0.999767 0.163690 0.999767 0.050070 0.995331 0.050595 0.983894 0.056022 0.978758 0.059524 0.968254 0.069678 0.963352 0.078081 0.960551 0.096289 0.960084 0.116246 0.961485 0.122899
0 0.828198 0.130602 0.829832 0.140931 0.836835 0.155987 0.849206 0.168242 0.860644 0.175595 0.869514 0.178396 0.883053 0.181197 0.900560 0.179622 0.908263 0.177871 0.916433 0.174370 0.923436 0.170168 0.936275 0.156162 0.947712 0.140056 0.955182 0.126225 0.957750 0.113270 0.957750 0.097864 0.956816 0.091737 0.950980 0.075455 0.942344 0.065126 0.929272 0.056723 0.918534 0.051996 0.901027 0.048845 0.886088 0.049195 0.876751 0.051296 0.860177 0.058298 0.853175 0.063200 0.846639 0.070728 0.838002 0.085434 0.828665 0.112570 0.827965 0.116071 0.828198 0.130602
1 0.961485 0.181197 0.971522 0.186800 0.982960 0.196954 0.987628 0.202381 0.989729 0.202906 0.991130 0.204307 0.997432 0.191527 0.998133 0.190651 0.999767 0.190651 0.999767 0.181898 0.997899 0.181723 0.991130 0.175420 0.984360 0.172969 0.977124 0.171569 0.955415 0.175245 0.953315 0.176996 0.952614 0.178746 0.961485 0.181197
0 0.866947 0.241246 0.866480 0.248950 0.867880 0.258053 0.873249 0.265581 0.880019 0.271183 0.887955 0.275210 0.890523 0.277311 0.900794 0.280987 0.909897 0.283263 0.928805 0.284314 0.942577 0.283088 0.963585 0.278011 0.967087 0.276611 0.978525 0.270133 0.985528 0.264706 0.992297 0.254727 0.995798 0.245623 0.996499 0.236345 0.993464 0.216737 0.989262 0.205532 0.984827 0.199930 0.975490 0.190301 0.963352 0.182598 0.952848 0.178922 0.949813 0.177171 0.935808 0.175245 0.925070 0.175070 0.922502 0.174370 0.918534 0.174895 0.906396 0.179447 0.894725 0.181548 0.887255 0.182073 0.873483 0.188550 0.866947 0.196429 0.863445 0.204657 0.863679 0.219188 0.866947 0.241246
1 0.438375 0.618347 0.441877 0.628326 0.447246 0.657913 0.452148 0.666667 0.463585 0.680147 0.465453 0.683824 0.468487 0.685574 0.491130 0.690301 0.511671 0.698354 0.515406 0.701155 0.518908 0.701155 0.521942 0.699580 0.521242 0.696078 0.518207 0.689076 0.511438 0.677696 0.507703 0.668242 0.503035 0.653186 0.501167 0.639531 0.501401 0.623249 0.503501 0.608018 0.510271 0.588235 0.512605 0.584909 0.516573 0.571604 0.517974 0.560574 0.519374 0.556373 0.518908 0.549545 0.515640 0.551821 0.514472 0.554097 0.511671 0.556197 0.509570 0.559524 0.504902 0.564251 0.502801 0.567927 0.490663 0.580007 0.479692 0.587710 0.456816 0.597514 0.431839 0.601366 0.432073 0.605042 0.438375 0.618347
1 0.325630 0.518908 0.323296 0.525385 0.315826 0.539741 0.311158 0.553221 0.303688 0.568803 0.302288 0.574930 0.299720 0.579657 0.295285 0.592612 0.293417 0.595413 0.296919 0.595413 0.299020 0.592262 0.307190 0.588235 0.322129 0.578782 0.328898 0.575630 0.338235 0.572654 0.344304 0.571078 0.357610 0.569503 0.382820 0.570903 0.385154 0.570028 0.385387 0.567577 0.382820 0.564076 0.379318 0.555847 0.376517 0.543242 0.374883 0.530112 0.374650 0.501401 0.377451 0.484594 0.376284 0.480917 0.369281 0.478116 0.359244 0.475840 0.353875 0.475315 0.348506 0.475315 0.334734 0.476891 0.331232 0.476541 0.328198 0.477941 0.327965 0.506828 0.325630 0.518908
1 0.284314 0.419468 0.295985 0.427696 0.309757 0.441527 0.315126 0.448179 0.322596 0.459909 0.324230 0.466912 0.327965 0.475315 0.338235 0.475665 0.342904 0.474615 0.352474 0.474090 0.365780 0.476015 0.373249 0.478291 0.376751 0.478466 0.377918 0.477591 0.387021 0.453081 0.383987 0.449405 0.380019 0.449055 0.376284 0.447654 0.354108 0.434699 0.342904 0.425945 0.337302 0.420518 0.328898 0.408789 0.324697 0.401085 0.320261 0.390756 0.317460 0.379377 0.315359 0.377276 0.314192 0.376751 0.310691 0.377276 0.303688 0.383053 0.301821 0.385854 0.277077 0.411415 0.276611 0.412990 0.276844 0.415441 0.284314 0.419468
1 0.486928 0.349265 0.478291 0.365196 0.470121 0.375700 0.465219 0.383578 0.476891 0.385679 0.490896 0.389706 0.504202 0.394958 0.509104 0.395483 0.510738 0.394258 0.510504 0.390406 0.507236 0.377451 0.505836 0.359244 0.507937 0.335784 0.511671 0.314076 0.509104 0.312675 0.498133 0.312850 0.493931 0.314076 0.491830 0.316527 0.491597 0.331583 0.486928 0.349265
1 0.658964 0.478116 0.666667 0.482318 0.668534 0.484244 0.674603 0.487745 0.678571 0.488971 0.686741 0.495448 0.689076 0.498775 0.692577 0.501576 0.696078 0.501225 0.696779 0.497549 0.693277 0.489671 0.689076 0.470763 0.689076 0.461134 0.690710 0.446254 0.695378 0.429622 0.704015 0.409839 0.727124 0.373950 0.730859 0.369573 0.747899 0.356092 0.746032 0.351015 0.742997 0.347339 0.735994 0.341211 0.726891 0.335084 0.713352 0.329832 0.696078 0.325630 0.688842 0.324930 0.686508 0.325630 0.685808 0.326856 0.688142 0.340336 0.688142 0.360294 0.678571 0.390581 0.666433 0.450105 0.664799 0.453606 0.662698 0.463060 0.656396 0.474615 0.656396 0.477416 0.658964 0.478116
1 0.804855 0.592087 0.810458 0.612745 0.819328 0.632703 0.827965 0.646884 0.838469 0.659664 0.858077 0.675595 0.864613 0.678571 0.869748 0.683999 0.873249 0.684174 0.880019 0.686625 0.911531 0.694153 0.926237 0.695553 0.945145 0.693627 0.956583 0.690826 0.963352 0.688200 0.972923 0.682073 0.976657 0.675595 0.980392 0.671218 0.996265 0.658438 0.997432 0.652486 0.999767 0.649685 0.999767 0.556373 0.997899 0.556197 0.996032 0.551120 0.985528 0.536239 0.973389 0.525385 0.943277 0.508403 0.922035 0.502101 0.893091 0.498599 0.873016 0.501050 0.869281 0.502626 0.855976 0.504552 0.851541 0.508578 0.836601 0.532213 0.831933 0.536590 0.824697 0.546919 0.816527 0.553571 0.813492 0.555147 0.803455 0.563901 0.802988 0.577731 0.804855 0.592087
1 0.866013 0.694328 0.882353 0.702206 0.909430 0.721639 0.922736 0.735469 0.934874 0.750175 0.947012 0.770658 0.954715 0.786239 0.961951 0.805497 0.967087 0.828606 0.969888 0.887430 0.969188 0.926821 0.966153 0.949405 0.966620 0.953081 0.970121 0.954482 0.983427 0.954307 0.991830 0.953256 0.999767 0.951331 0.999767 0.824405 0.997899 0.824230 0.988095 0.803221 0.982026 0.783263 0.978758 0.775385 0.975490 0.762080 0.973156 0.748599 0.971055 0.726716 0.969188 0.721113 0.966153 0.718137 0.950747 0.708508 0.942577 0.704307 0.932306 0.700630 0.927171 0.698004 0.902428 0.693627 0.881886 0.687850 0.876517 0.686975 0.862512 0.686975 0.857376 0.689076 0.858543 0.692577 0.866013 0.694328
1 0.976190 0.762080 0.978525 0.767857 0.979925 0.776085 0.987395 0.799370 0.998133 0.822829 0.999767 0.822829 0.999767 0.660364 0.997899 0.660539 0.988095 0.666842 0.978525 0.675245 0.973156 0.685574 0.970588 0.700105 0.970822 0.720938 0.976190 0.762080
1 0.702381 0.882878 0.700747 0.893032 0.698413 0.900735 0.695378 0.918417 0.694444 0.931022 0.690243 0.948179 0.686975 0.959209 0.684874 0.963235 0.684174 0.967612 0.688142 0.971814 0.709851 0.984244 0.711018 0.984069 0.727124 0.988796 0.741363 0.988095 0.747899 0.985994 0.752101 0.982318 0.757470 0.973214 0.765873 0.963585 0.773109 0.953081 0.772876 0.949580 0.768908 0.944328 0.757937 0.932948 0.735761 0.904412 0.734360 0.898459 0.729458 0.888831 0.726891 0.880252 0.724790 0.878326 0.721289 0.876751 0.718254 0.873599 0.718487 0.871324 0.719888 0.869748 0.717787 0.864671 0.716853 0.863796 0.713352 0.863095 0.712185 0.860819 0.713119 0.859244 0.706583 0.856268 0.704248 0.869573 0.702614 0.872724 0.704482 0.879727 0.702381 0.882878
1 0.666433 0.741947 0.684641 0.770658 0.699580 0.801646 0.700980 0.797619 0.701914 0.772234 0.704248 0.754902 0.711718 0.732318 0.715219 0.725665 0.719421 0.720413 0.716620 0.718487 0.703081 0.715861 0.691877 0.715686 0.685808 0.716737 0.682073 0.717962 0.678571 0.720238 0.673903 0.728641 0.668301 0.734419 0.666200 0.737570 0.666433 0.741947
1 0.171335 0.870273 0.173669 0.878151 0.175070 0.887605 0.181373 0.901085 0.183940 0.904062 0.188142 0.914041 0.208917 0.936450 0.220822 0.945728 0.226657 0.948704 0.229458 0.951506 0.237862 0.956583 0.246265 0.959909 0.248133 0.961660 0.259570 0.965861 0.264706 0.968838 0.275910 0.973389 0.281746 0.973564 0.286415 0.975315 0.304155 0.976366 0.324463 0.974440 0.329365 0.971989 0.334034 0.968487 0.342904 0.957458 0.350607 0.943978 0.355742 0.932423 0.358077 0.929972 0.363912 0.911940 0.368347 0.905812 0.376751 0.877276 0.383987 0.859244 0.385854 0.851366 0.390756 0.842787 0.396125 0.827381 0.397292 0.821078 0.395191 0.814076 0.392857 0.810749 0.393091 0.801821 0.390523 0.781688 0.387021 0.782913 0.383520 0.785714 0.380952 0.789916 0.376984 0.793067 0.373249 0.798494 0.369748 0.800595 0.368114 0.803396 0.363679 0.806022 0.357843 0.811800 0.352241 0.813901 0.347806 0.818102 0.345005 0.819153 0.338469 0.823529 0.327498 0.828081 0.315826 0.827731 0.300654 0.824930 0.286881 0.819153 0.282680 0.815126 0.274510 0.810749 0.268441 0.805847 0.258403 0.795868 0.249066 0.784139 0.240663 0.769258 0.238562 0.763655 0.235294 0.758578 0.232726 0.745273 0.230859 0.742472 0.225490 0.754377 0.209384 0.781863 0.205649 0.785889 0.203782 0.789391 0.174370 0.827906 0.172736 0.832108 0.171102 0.841912 0.170401 0.859069 0.171335 0.870273
1 0.000000 0.370798 0.001867 0.370973 0.002801 0.373074 0.010037 0.380427 0.024977 0.391457 0.032213 0.394958 0.043417 0.398985 0.050420 0.399510 0.057190 0.397759 0.070728 0.396534 0.077731 0.396359 0.087768 0.397409 0.095472 0.396534 0.099907 0.394083 0.103175 0.390231 0.098973 0.387080 0.095705 0.386204 0.077965 0.374300 0.069561 0.368347 0.062092 0.361695 0.056723 0.354342 0.040383 0.324580 0.035014 0.307423 0.033380 0.296744 0.031279 0.290791 0.030579 0.281513 0.031513 0.272234 0.032913 0.267507 0.032680 0.262080 0.029178 0.262430 0.025910 0.264181 0.017974 0.271884 0.009570 0.282913 0.004202 0.291492 0.002568 0.296043 0.000000 0.297794 0.000000 0.370798
1 0.050187 0.136555 0.052521 0.140581 0.063725 0.154587 0.081699 0.167017 0.084734 0.168067 0.102941 0.164741 0.110177 0.164566 0.116713 0.165091 0.133287 0.168417 0.137255 0.167717 0.156396 0.154587 0.161064 0.147234 0.166433 0.141282 0.173203 0.130252 0.176471 0.123424 0.178571 0.113796 0.178571 0.099615 0.176704 0.091912 0.170635 0.078256 0.164799 0.070203 0.157563 0.063725 0.150560 0.058999 0.140756 0.053922 0.130252 0.050245 0.116947 0.047444 0.105275 0.047094 0.092204 0.048845 0.078198 0.053746 0.072596 0.057423 0.066060 0.063200 0.054855 0.077731 0.049020 0.091912 0.045752 0.105917 0.045985 0.122724 0.050187 0.136555
0 0.686975 0.129377 0.692110 0.140406 0.701914 0.153361 0.713352 0.161940 0.721055 0.166492 0.734127 0.170168 0.737628 0.168943 0.744631 0.169118 0.754902 0.167542 0.764472 0.164741 0.780579 0.154237 0.790850 0.141457 0.805322 0.117647 0.810224 0.105742 0.811858 0.095588 0.811858 0.087010 0.810458 0.077906 0.803688 0.064076 0.800654 0.060399 0.790616 0.050595 0.777311 0.039741 0.769608 0.035539 0.758870 0.032563 0.749066 0.031162 0.735294 0.031688 0.727358 0.033613 0.719888 0.034489 0.707983 0.042717 0.700747 0.050245 0.695845 0.056723 0.691410 0.064776 0.686975 0.078256 0.686041 0.085084 0.686975 0.129377
1 0.000000 0.165966 0.008170 0.164741 0.015173 0.162465 0.040383 0.147234 0.048086 0.140581 0.049020 0.136380 0.045985 0.126576 0.044818 0.118697 0.045051 0.105392 0.050187 0.086485 0.056022 0.074755 0.056956 0.071254 0.054855 0.067227 0.047152 0.058298 0.033613 0.048669 0.025677 0.043768 0.020075 0.041667 0.015873 0.039041 0.003968 0.036415 0.000000 0.036765 0.000000 0.165966
1 0.000000 0.229517 0.002334 0.231793 0.003035 0.234769 0.005602 0.237570 0.007003 0.241422 0.009804 0.244748 0.022409 0.256127 0.027311 0.258929 0.029879 0.259454 0.032913 0.257353 0.035247 0.242997 0.038982 0.228116 0.044818 0.213936 0.052988 0.199055 0.060924 0.186800 0.068394 0.177521 0.072596 0.174020 0.078198 0.171744 0.081933 0.168242 0.066760 0.157738 0.056956 0.148109 0.053688 0.147234 0.050420 0.148284 0.043651 0.148810 0.039683 0.149685 0.031979 0.153536 0.014239 0.165091 0.003735 0.180672 0.002101 0.187675 0.000000 0.188901 0.000000 0.229517
1 0.138655 0.171744 0.144725 0.173144 0.153361 0.177346 0.174603 0.191702 0.178338 0.196078 0.187208 0.203606 0.192110 0.210084 0.200747 0.218838 0.215219 0.238620 0.218721 0.244923 0.220355 0.250175 0.223856 0.252451 0.225724 0.247199 0.235761 0.237045 0.241130 0.228992 0.247199 0.198354 0.246265 0.191352 0.243931 0.185574 0.240896 0.183824 0.221989 0.178221 0.211251 0.171919 0.200980 0.163690 0.192577 0.152836 0.189309 0.151436 0.173436 0.151261 0.161298 0.152836 0.140756 0.166667 0.138655 0.168242 0.138655 0.171744
1 0.033613 0.000000 0.033613 0.001576 0.028945 0.008754 0.026144 0.015231 0.024977 0.021359 0.024743 0.026611 0.027311 0.043242 0.045985 0.056373 0.057190 0.068452 0.061391 0.067227 0.066060 0.061975 0.073296 0.055847 0.084500 0.050420 0.093604 0.047969 0.102007 0.046744 0.114379 0.046043 0.120215 0.046394 0.120682 0.039391 0.117647 0.028536 0.115780 0.009454 0.109010 0.000000 0.033613 0.000000
1 0.119981 0.000000 0.118114 0.008929 0.118581 0.029412 0.123950 0.046569 0.137722 0.051296 0.158030 0.062675 0.165266 0.068803 0.171802 0.076506 0.175770 0.076681 0.188375 0.063025 0.199813 0.054797 0.205182 0.052346 0.209617 0.051996 0.221055 0.049020 0.222222 0.046919 0.222222 0.039391 0.220121 0.030987 0.219655 0.024879 0.221055 0.007703 0.218487 0.000000 0.119981 0.000000
1 0.245331 0.000000 0.244398 0.007878 0.244164 0.012080 0.248599 0.026611 0.251867 0.032738 0.258403 0.040616 0.269141 0.049020 0.278945 0.053922 0.294585 0.059349 0.306022 0.061275 0.310691 0.061099 0.314192 0.058123 0.319328 0.051646 0.323063 0.048845 0.330299 0.043943 0.338469 0.040616 0.342204 0.037990 0.345472 0.032913 0.350607 0.018908 0.350840 0.008403 0.349440 0.000000 0.245331 0.000000
1 0.227124 0.000000 0.226424 0.002451 0.222923 0.005602 0.221755 0.008228 0.220355 0.018908 0.220588 0.030112 0.223623 0.040091 0.225957 0.045168 0.228992 0.048845 0.233894 0.050770 0.241130 0.050945 0.252101 0.052521 0.261671 0.055497 0.270308 0.058999 0.272642 0.061275 0.278011 0.063025 0.282213 0.065476 0.282913 0.066877 0.283847 0.064776 0.283380 0.059349 0.284781 0.058648 0.285247 0.057248 0.278478 0.055147 0.262138 0.044118 0.256069 0.038515 0.249767 0.030287 0.247432 0.025560 0.243464 0.012605 0.242997 0.000000 0.227124 0.000000
1 0.357610 0.000000 0.357610 0.001751 0.355509 0.003676 0.353875 0.008929 0.352941 0.014531 0.353175 0.026786 0.355509 0.037290 0.362745 0.040616 0.370915 0.042192 0.380252 0.045168 0.386088 0.048319 0.396359 0.054972 0.407330 0.067752 0.411298 0.070553 0.413632 0.070903 0.418534 0.070728 0.422736 0.069328 0.433707 0.062675 0.443978 0.053746 0.457516 0.037465 0.461951 0.029062 0.466153 0.012430 0.465453 0.000000 0.357610 0.000000
1 0.586601 0.000000 0.586601 0.002626 0.589169 0.015756 0.596639 0.034839 0.598506 0.036590 0.604108 0.037290 0.612979 0.036765 0.619981 0.037640 0.636321 0.041492 0.644725 0.044293 0.654528 0.048144 0.673436 0.062325 0.675537 0.063725 0.679038 0.064601 0.682073 0.063375 0.685808 0.063550 0.689542 0.061975 0.697946 0.050245 0.706816 0.028711 0.709617 0.010504 0.709384 0.000000 0.586601 0.000000
1 0.471522 0.000000 0.471289 0.010679 0.472923 0.018732 0.475490 0.026611 0.479925 0.034489 0.486928 0.042017 0.493464 0.046919 0.511671 0.055672 0.519141 0.060574 0.522642 0.062150 0.528711 0.063200 0.546685 0.060574 0.560691 0.056022 0.569795 0.047619 0.575630 0.039216 0.580299 0.028887 0.584034 0.012080 0.583100 0.000000 0.471522 0.000000
1 0.831933 0.000000 0.834267 0.024043 0.831699 0.036415 0.836368 0.043417 0.845472 0.050945 0.851541 0.053396 0.855742 0.056197 0.859477 0.056548 0.865780 0.055322 0.879085 0.050245 0.891223 0.048319 0.900794 0.048319 0.914332 0.050070 0.921802 0.050245 0.929505 0.040091 0.932306 0.026786 0.932540 0.021709 0.936508 0.008578 0.936975 0.000000 0.831933 0.000000
1 0.711951 0.000000 0.712418 0.015406 0.716153 0.026961 0.720355 0.032213 0.724323 0.033088 0.733660 0.030812 0.748133 0.030112 0.770775 0.035539 0.778011 0.039566 0.792484 0.051646 0.799953 0.058999 0.803688 0.060924 0.806256 0.058824 0.811391 0.056898 0.820261 0.051120 0.825163 0.046218 0.828898 0.040091 0.831699 0.032738 0.833333 0.025210 0.833333 0.017157 0.831466 0.000000 0.711951 0.000000
1 0.939076 0.000000 0.937675 0.007528 0.936975 0.012780 0.938609 0.017857 0.942810 0.022759 0.955882 0.043067 0.959851 0.046744 0.965219 0.048669 0.973623 0.054272 0.980159 0.057073 0.989262 0.052521 0.998133 0.049370 0.999767 0.049370 0.999767 0.000000 0.939076 0.000000
1 0.454482 0.043067 0.448413 0.050245 0.449346 0.050770 0.471055 0.046919 0.487862 0.047444 0.492764 0.046744 0.481092 0.036590 0.476190 0.029062 0.471989 0.017682 0.470355 0.008929 0.469188 0.011555 0.466853 0.013831 0.462652 0.029062 0.454482 0.043067
1 0.820261 0.051996 0.804855 0.061099 0.805089 0.064076 0.807190 0.066527 0.814893 0.068978 0.823996 0.073880 0.834034 0.082283 0.834967 0.083859 0.838469 0.081933 0.848039 0.067052 0.854575 0.060574 0.856209 0.057248 0.851074 0.053746 0.845005 0.051120 0.836951 0.044730 0.831466 0.038866 0.825630 0.047094 0.820261 0.051996
1 0.923203 0.053746 0.933940 0.059349 0.942810 0.065651 0.950514 0.073704 0.956583 0.088410 0.959851 0.089286 0.961718 0.080707 0.964986 0.073354 0.968487 0.067927 0.976657 0.060749 0.975724 0.057248 0.971055 0.053571 0.964286 0.049720 0.952614 0.045168 0.943044 0.043242 0.933473 0.042892 0.928805 0.044293 0.926004 0.046744 0.923203 0.050245 0.923203 0.053746
1 0.947012 0.141807 0.942344 0.147059 0.934407 0.158789 0.924603 0.168417 0.926237 0.171919 0.931606 0.173319 0.942344 0.174545 0.956583 0.174895 0.960551 0.173669 0.968954 0.172619 0.977591 0.170168 0.984360 0.165791 0.986928 0.162640 0.987628 0.161064 0.986695 0.156513 0.984594 0.154062 0.982026 0.153361 0.980159 0.151786 0.968021 0.139181 0.964986 0.133929 0.959851 0.121324 0.956583 0.123424 0.955415 0.127801 0.947012 0.141807
0 0.232026 0.729517 0.232026 0.738971 0.234594 0.746148 0.234360 0.752101 0.235994 0.758228 0.244398 0.775735 0.246965 0.778536 0.253735 0.789916 0.262838 0.799195 0.265406 0.803571 0.286181 0.818277 0.293884 0.822304 0.300187 0.824405 0.317460 0.827381 0.326097 0.827381 0.332400 0.825980 0.345705 0.817577 0.349440 0.813901 0.354108 0.811975 0.364379 0.803746 0.372082 0.796569 0.390523 0.776786 0.397292 0.765056 0.410364 0.748074 0.432073 0.713235 0.441410 0.681723 0.444211 0.662465 0.444444 0.653011 0.441877 0.633403 0.439076 0.624300 0.432773 0.610294 0.426937 0.601015 0.422269 0.597514 0.411765 0.592787 0.394491 0.580882 0.387021 0.573354 0.383520 0.572129 0.364379 0.570378 0.352241 0.570728 0.333800 0.574755 0.322129 0.579657 0.309290 0.588235 0.303922 0.590511 0.293417 0.598214 0.269141 0.620623 0.257937 0.634279 0.249066 0.647409 0.237862 0.672094 0.233193 0.688375 0.232493 0.702381 0.230859 0.706232 0.230392 0.724265 0.232026 0.729517