0 0.135154 0.553221 0.139122 0.561450 0.146825 0.568978 0.153595 0.574230 0.166667 0.583333 0.171569 0.585784 0.175070 0.588936 0.182073 0.592612 0.195845 0.598039 0.203548 0.600315 0.223856 0.604342 0.237162 0.605917 0.254669 0.606793 0.311391 0.607143 0.345316 0.603992 0.353175 0.603817 0.404528 0.597164 0.416900 0.594363 0.424603 0.591737 0.428105 0.591562 0.436275 0.589636 0.447479 0.585959 0.470822 0.579832 0.474090 0.578081 0.482726 0.575805 0.501167 0.568627 0.520308 0.556548 0.527311 0.549720 0.534781 0.540266 0.535481 0.536940 0.539449 0.529587 0.543417 0.515931 0.545051 0.501401 0.538749 0.473915 0.533613 0.465161 0.521475 0.452731 0.505135 0.441877 0.499767 0.440126 0.484360 0.432773 0.470355 0.428922 0.466387 0.426646 0.436275 0.419993 0.430672 0.419818 0.422269 0.418417 0.408964 0.418242 0.393091 0.418242 0.380252 0.419293 0.356209 0.423144 0.332166 0.428922 0.322596 0.429972 0.304155 0.435749 0.286415 0.440301 0.244398 0.454482 0.211951 0.468487 0.203548 0.472689 0.197479 0.477591 0.188375 0.482843 0.163399 0.500525 0.158730 0.505252 0.152428 0.508929 0.146825 0.514356 0.137255 0.529237 0.133754 0.536765 0.133287 0.543943 0.135154 0.553221
0 0.045285 0.248249 0.057190 0.261555 0.063959 0.266982 0.071195 0.270133 0.085668 0.274160 0.105742 0.274335 0.114613 0.275735 0.155229 0.270483 0.164332 0.268032 0.168301 0.267857 0.177404 0.265231 0.185107 0.264006 0.196312 0.263655 0.200747 0.261555 0.203081 0.261204 0.219888 0.252101 0.226891 0.247374 0.289683 0.211134 0.294585 0.207108 0.303922 0.193978 0.308590 0.185749 0.313259 0.172094 0.313259 0.154937 0.311625 0.147234 0.308123 0.137430 0.305322 0.132528 0.299953 0.126576 0.290850 0.113796 0.282680 0.106968 0.266106 0.097164 0.258403 0.095063 0.234827 0.092262 0.220355 0.093312 0.202148 0.096814 0.179038 0.104517 0.171335 0.108018 0.168301 0.108543 0.148459 0.117647 0.144024 0.119048 0.141690 0.120798 0.135154 0.123074 0.112278 0.136380 0.107376 0.139881 0.105042 0.142857 0.095938 0.147409 0.079365 0.162640 0.063725 0.174545 0.060924 0.179097 0.051120 0.188901 0.046685 0.195903 0.041317 0.209034 0.039683 0.216737 0.039216 0.230917 0.045285 0.248249
1 0.268908 0.692577 0.272409 0.695553 0.275210 0.696604 0.278478 0.699755 0.299020 0.707633 0.312792 0.710609 0.316760 0.713410 0.334734 0.717787 0.362512 0.721814 0.378618 0.723389 0.401494 0.723564 0.423436 0.726190 0.447246 0.726190 0.469655 0.724090 0.502568 0.718838 0.511438 0.719013 0.518207 0.717437 0.525910 0.716737 0.553455 0.707283 0.557890 0.704657 0.568161 0.700455 0.572596 0.697479 0.581933 0.692927 0.585901 0.689251 0.592437 0.686099 0.602474 0.679272 0.623016 0.661064 0.637255 0.644783 0.640056 0.639356 0.644024 0.635854 0.645425 0.633578 0.647059 0.626401 0.651027 0.619223 0.652894 0.612745 0.654995 0.593838 0.653828 0.584209 0.650794 0.577731 0.644491 0.570203 0.639823 0.567577 0.637021 0.563901 0.628385 0.560924 0.624883 0.555847 0.621382 0.554622 0.615780 0.550070 0.600607 0.542017 0.579832 0.538165 0.570495 0.538165 0.567694 0.537465 0.559524 0.538515 0.553455 0.538340 0.536415 0.540791 0.533613 0.543067 0.530812 0.547444 0.525210 0.553396 0.517040 0.560224 0.495798 0.572304 0.478291 0.578782 0.466853 0.581583 0.442577 0.589111 0.403595 0.598389 0.356209 0.604867 0.341737 0.605917 0.334967 0.605742 0.327498 0.607843 0.320728 0.607843 0.306956 0.609419 0.288982 0.619748 0.285247 0.627976 0.283147 0.630252 0.282680 0.633929 0.281046 0.637430 0.277311 0.638831 0.276144 0.640056 0.268674 0.654587 0.263072 0.669993 0.263305 0.679622 0.268908 0.692577
1 0.458683 0.776261 0.470822 0.790091 0.487862 0.803922 0.515640 0.814601 0.525910 0.816176 0.535948 0.818627 0.553688 0.818627 0.564192 0.821078 0.573529 0.821254 0.591970 0.820553 0.601074 0.819328 0.609711 0.817227 0.637021 0.813025 0.685574 0.799020 0.720355 0.786064 0.731559 0.779762 0.738095 0.777311 0.748366 0.771884 0.756069 0.766807 0.764706 0.763305 0.792017 0.745448 0.797444 0.739802 0.803455 0.735119 0.806956 0.730742 0.808824 0.723564 0.810924 0.720063 0.811858 0.714111 0.810224 0.688901 0.807656 0.681548 0.803922 0.675245 0.800654 0.672444 0.791783 0.660889 0.783380 0.653711 0.770542 0.647059 0.747899 0.638655 0.722222 0.634804 0.720355 0.633929 0.699813 0.631303 0.676704 0.630777 0.656629 0.632003 0.647759 0.631653 0.645191 0.633578 0.644024 0.636730 0.638889 0.644433 0.626984 0.658789 0.600373 0.682598 0.585901 0.691001 0.581466 0.694853 0.554622 0.707983 0.524510 0.718312 0.512138 0.720238 0.507703 0.720238 0.498366 0.721639 0.494398 0.721464 0.484827 0.723389 0.466153 0.725315 0.461018 0.730392 0.456816 0.737570 0.456583 0.740196 0.454015 0.744573 0.453548 0.760854 0.458683 0.776261
1 0.575163 0.831583 0.577965 0.838585 0.584734 0.845588 0.590103 0.849615 0.591737 0.852241 0.605042 0.860119 0.625584 0.869748 0.647292 0.877451 0.656629 0.878326 0.658263 0.880077 0.669935 0.884979 0.677171 0.886555 0.702848 0.895133 0.717787 0.898985 0.730159 0.901611 0.743231 0.902486 0.748599 0.903711 0.768908 0.906162 0.783147 0.905987 0.807890 0.903011 0.828198 0.898284 0.831466 0.898109 0.842437 0.894608 0.848739 0.891457 0.859477 0.887780 0.863445 0.884804 0.873483 0.880252 0.879785 0.876401 0.887021 0.870798 0.894491 0.863270 0.903128 0.852416 0.906396 0.845413 0.908730 0.835959 0.907096 0.821078 0.901494 0.806548 0.886088 0.779937 0.880252 0.773459 0.866013 0.764006 0.845238 0.755952 0.824930 0.751050 0.803922 0.747374 0.797386 0.746849 0.790149 0.748775 0.784314 0.751576 0.765873 0.764006 0.757703 0.767682 0.738562 0.779062 0.693744 0.796744 0.689309 0.797619 0.679972 0.801471 0.650093 0.810224 0.623249 0.816702 0.612745 0.817752 0.598506 0.820553 0.583567 0.821779 0.576331 0.823354 0.574930 0.824405 0.575163 0.831583
1 0.094304 0.757178 0.104108 0.771359 0.110177 0.777311 0.119748 0.784314 0.140756 0.796569 0.174837 0.812850 0.184174 0.816352 0.192344 0.821078 0.210317 0.828256 0.230859 0.833508 0.265406 0.838060 0.272409 0.838410 0.287115 0.837885 0.311391 0.835084 0.323529 0.832283 0.345005 0.829832 0.358777 0.826331 0.364379 0.823704 0.378852 0.818803 0.386555 0.814951 0.402194 0.804447 0.408263 0.798319 0.412698 0.792017 0.415500 0.782913 0.415500 0.772234 0.419234 0.765756 0.420168 0.759454 0.420401 0.750875 0.417600 0.739671 0.415966 0.736520 0.407563 0.727241 0.401494 0.725665 0.379318 0.725490 0.369514 0.724615 0.359244 0.722514 0.334734 0.719363 0.313259 0.713761 0.300654 0.709734 0.277311 0.700805 0.266340 0.692402 0.262138 0.682773 0.255135 0.681898 0.248133 0.682248 0.244865 0.683298 0.221755 0.700805 0.199580 0.713761 0.191643 0.716387 0.186508 0.719188 0.157563 0.728992 0.136555 0.733368 0.126517 0.734594 0.123483 0.735644 0.119514 0.735294 0.101307 0.737745 0.097339 0.739146 0.093371 0.742297 0.091737 0.746499 0.091737 0.750175 0.094304 0.757178
1 0.278945 0.852241 0.282446 0.860294 0.290850 0.874125 0.300187 0.884804 0.317694 0.900910 0.324230 0.905112 0.328198 0.908789 0.336835 0.913515 0.349673 0.922269 0.362745 0.927521 0.383754 0.934524 0.400560 0.937675 0.442810 0.938200 0.456583 0.936625 0.485294 0.930847 0.492297 0.927521 0.498366 0.925945 0.505836 0.922794 0.514939 0.917717 0.518441 0.917017 0.526377 0.913690 0.535714 0.908613 0.544351 0.901961 0.565359 0.877451 0.570028 0.866422 0.571662 0.855742 0.571895 0.848564 0.569094 0.834734 0.566293 0.827556 0.562092 0.822654 0.553455 0.820553 0.537582 0.820203 0.515406 0.815826 0.501167 0.811099 0.486695 0.804797 0.481092 0.801120 0.466314 0.789048 0.461544 0.787777 0.457544 0.787085 0.450467 0.786161 0.442006 0.787662 0.436006 0.790895 0.424929 0.789740 0.417207 0.791942 0.412327 0.795937 0.408263 0.800770 0.393791 0.812325 0.388655 0.814251 0.380252 0.819328 0.369514 0.823179 0.366013 0.825105 0.348973 0.829482 0.344771 0.831232 0.327731 0.832983 0.308123 0.836660 0.299253 0.837185 0.280345 0.841912 0.279412 0.843838 0.278478 0.847689 0.278945 0.852241
1 0.403128 0.942577 0.408964 0.947304 0.410598 0.949580 0.424837 0.958333 0.445378 0.966387 0.466620 0.971989 0.487395 0.974965 0.498599 0.974965 0.508170 0.976366 0.529178 0.976190 0.542951 0.974440 0.547386 0.974790 0.553922 0.974090 0.560458 0.972514 0.567460 0.969713 0.588002 0.965686 0.602708 0.959734 0.623716 0.948704 0.637488 0.938550 0.651494 0.925595 0.659197 0.915616 0.663866 0.904412 0.664566 0.898985 0.664099 0.887080 0.657796 0.882178 0.632353 0.873424 0.624416 0.869573 0.615780 0.866597 0.609244 0.862570 0.598039 0.857668 0.581232 0.845588 0.577731 0.844188 0.575864 0.845063 0.574930 0.847339 0.571195 0.868829 0.565826 0.877801 0.558590 0.887430 0.543651 0.903711 0.525910 0.915091 0.522642 0.915441 0.505602 0.923845 0.489729 0.929797 0.470355 0.934874 0.466620 0.934874 0.462885 0.936099 0.443277 0.938375 0.424603 0.938725 0.410131 0.937850 0.402894 0.938725 0.402194 0.939251 0.403128 0.942577
1 0.669701 0.912990 0.674136 0.921569 0.677638 0.924545 0.680672 0.928922 0.687908 0.933824 0.689076 0.935399 0.693044 0.937150 0.696078 0.939601 0.700514 0.941352 0.703081 0.943452 0.727124 0.953606 0.734594 0.955357 0.737862 0.957108 0.758870 0.963410 0.774510 0.967437 0.779645 0.969538 0.782680 0.969713 0.786415 0.971814 0.793651 0.973915 0.796685 0.975490 0.810691 0.979692 0.816527 0.980742 0.829832 0.985819 0.834734 0.986870 0.838469 0.988796 0.850840 0.991947 0.869048 0.999825 0.999767 0.999825 0.999767 0.874125 0.998133 0.874125 0.996265 0.871499 0.992063 0.868873 0.985528 0.867122 0.981092 0.865021 0.978058 0.864671 0.963585 0.859244 0.949346 0.855042 0.941877 0.853817 0.922269 0.847164 0.915966 0.846113 0.907796 0.846464 0.906162 0.847864 0.903828 0.853466 0.901261 0.855742 0.899160 0.859419 0.894958 0.862745 0.893324 0.866246 0.886555 0.872374 0.874883 0.880952 0.863445 0.886204 0.855742 0.890756 0.833567 0.898284 0.802521 0.904762 0.772409 0.906688 0.746965 0.904412 0.720822 0.900210 0.713352 0.897584 0.707750 0.897059 0.702614 0.895308 0.699580 0.895133 0.691643 0.891982 0.679038 0.889531 0.675537 0.887780 0.671802 0.890581 0.671335 0.894083 0.669468 0.897934 0.669001 0.908438 0.669701 0.912990
1 0.524510 0.987920 0.528478 0.993172 0.534080 0.997549 0.535014 0.999825 0.772409 0.999825 0.783147 0.985644 0.785014 0.980917 0.786181 0.973915 0.782680 0.970938 0.769141 0.966737 0.756536 0.963936 0.718487 0.951506 0.710084 0.948004 0.688609 0.936625 0.673669 0.925070 0.670401 0.921744 0.668301 0.918067 0.663165 0.916842 0.661531 0.917192 0.658730 0.919468 0.656629 0.922794 0.652894 0.925420 0.651027 0.928571 0.642857 0.935749 0.637955 0.938725 0.626984 0.947654 0.620215 0.950980 0.609711 0.957633 0.588936 0.965861 0.577731 0.967787 0.559991 0.973214 0.540383 0.975315 0.525444 0.977766 0.522642 0.977416 0.521008 0.979517 0.520775 0.981092 0.524510 0.987920
1 0.709150 0.631127 0.716153 0.632003 0.730626 0.636029 0.748366 0.637955 0.753968 0.640581 0.762605 0.643032 0.775677 0.648459 0.791783 0.660014 0.808357 0.680497 0.810691 0.686275 0.812558 0.695203 0.813492 0.712360 0.812558 0.720588 0.810924 0.723739 0.812092 0.725490 0.814426 0.726015 0.827965 0.723214 0.842204 0.718312 0.852007 0.713060 0.861578 0.710434 0.870448 0.703957 0.873249 0.702731 0.880019 0.695553 0.886555 0.682423 0.886555 0.667892 0.880486 0.647584 0.875117 0.639181 0.867880 0.631303 0.852007 0.620273 0.845238 0.616772 0.831933 0.611870 0.803688 0.603116 0.797852 0.601891 0.772876 0.599090 0.747432 0.599090 0.738095 0.599965 0.734827 0.601015 0.730859 0.604867 0.724790 0.613270 0.707750 0.626751 0.707049 0.630252 0.709150 0.631127
1 0.542951 0.537290 0.547152 0.536940 0.550420 0.538165 0.562325 0.536239 0.578431 0.536590 0.589869 0.538340 0.598506 0.540616 0.609244 0.544993 0.612979 0.547969 0.624650 0.554447 0.626751 0.557073 0.638189 0.565126 0.639589 0.567752 0.644958 0.569503 0.652194 0.578606 0.655462 0.584734 0.656629 0.591211 0.656396 0.600665 0.654295 0.612745 0.648693 0.626401 0.649860 0.630077 0.658964 0.630602 0.664799 0.629552 0.673669 0.629202 0.696312 0.630077 0.698646 0.629377 0.706583 0.624825 0.710317 0.621499 0.713352 0.620273 0.718254 0.616597 0.727824 0.606968 0.733894 0.598915 0.736928 0.578782 0.736928 0.564951 0.732493 0.550420 0.728058 0.542892 0.717787 0.532913 0.692810 0.514706 0.678338 0.508754 0.666200 0.504902 0.661531 0.502276 0.629785 0.496674 0.609711 0.494748 0.578431 0.498775 0.567460 0.508403 0.566060 0.511204 0.557890 0.520308 0.554622 0.522409 0.553221 0.526261 0.550187 0.527311 0.545985 0.531338 0.541783 0.532913 0.541083 0.536590 0.542951 0.537290
1 0.800420 0.745448 0.815126 0.748950 0.825397 0.750175 0.838235 0.753151 0.859711 0.760154 0.866013 0.763305 0.880952 0.773109 0.884454 0.776786 0.893324 0.789916 0.896359 0.796919 0.901494 0.805322 0.908730 0.821779 0.910598 0.831583 0.911531 0.832808 0.915500 0.832808 0.922035 0.834034 0.929038 0.833683 0.935808 0.832283 0.949580 0.826856 0.956816 0.821078 0.963585 0.808648 0.966153 0.796744 0.965453 0.779237 0.961951 0.765231 0.953315 0.754377 0.944211 0.746324 0.935107 0.740196 0.916433 0.730042 0.900794 0.723564 0.884220 0.718662 0.879785 0.716562 0.866246 0.712710 0.858077 0.712535 0.848273 0.715861 0.839636 0.720588 0.813959 0.728116 0.809757 0.730917 0.799720 0.741422 0.798553 0.744748 0.800420 0.745448
1 0.868347 0.713410 0.881886 0.716737 0.898459 0.722514 0.923436 0.733193 0.934407 0.739496 0.948646 0.749475 0.959851 0.761380 0.963352 0.762605 0.967320 0.759454 0.973856 0.752101 0.977358 0.744048 0.978525 0.729167 0.977124 0.720588 0.971755 0.710084 0.968254 0.705882 0.960084 0.699230 0.942577 0.689601 0.933240 0.685574 0.924136 0.682948 0.919468 0.680497 0.915733 0.679972 0.911064 0.679972 0.891457 0.685224 0.885387 0.688025 0.878852 0.698704 0.872549 0.704307 0.868581 0.706583 0.867414 0.708683 0.866947 0.710959 0.868347 0.713410
1 0.912232 0.843487 0.916900 0.845413 0.967320 0.860469 0.973856 0.861695 0.998133 0.870098 0.999767 0.870098 0.999767 0.784839 0.976424 0.779587 0.969421 0.779412 0.967787 0.782213 0.968021 0.793592 0.967087 0.799720 0.960551 0.814951 0.955182 0.822129 0.948413 0.826856 0.945845 0.829657 0.941643 0.830357 0.935808 0.828957 0.927638 0.833508 0.925303 0.832983 0.917834 0.833683 0.914799 0.832633 0.911531 0.832808 0.911064 0.835434 0.910831 0.842087 0.912232 0.843487
1 0.804388 0.602416 0.805089 0.602941 0.812558 0.605917 0.830299 0.610819 0.834967 0.613270 0.848039 0.617997 0.858310 0.624125 0.867880 0.631478 0.874183 0.637780 0.881886 0.650735 0.886088 0.665791 0.886788 0.670518 0.886321 0.683123 0.887021 0.685049 0.901261 0.682073 0.915033 0.677871 0.928805 0.668242 0.930906 0.664391 0.931606 0.660539 0.933707 0.657913 0.934174 0.649860 0.936508 0.645483 0.938375 0.644083 0.934641 0.636905 0.934174 0.633403 0.929972 0.626050 0.923436 0.618522 0.911998 0.609244 0.908730 0.605217 0.900327 0.599090 0.892624 0.595588 0.887021 0.591562 0.875584 0.587360 0.866013 0.582808 0.858777 0.581758 0.851774 0.579832 0.845005 0.579307 0.842204 0.578081 0.838469 0.579132 0.826564 0.586310 0.805789 0.595588 0.804388 0.598915 0.804388 0.602416
1 0.666900 0.505077 0.673669 0.506653 0.684174 0.510329 0.698646 0.516457 0.698413 0.519083 0.702848 0.521183 0.707750 0.525910 0.711718 0.527486 0.715640 0.530427 0.728525 0.542192 0.734594 0.553396 0.737628 0.564426 0.738562 0.575280 0.735994 0.593838 0.735994 0.595763 0.737628 0.597339 0.774276 0.597864 0.787348 0.599440 0.796685 0.599440 0.800420 0.596989 0.825397 0.585084 0.844304 0.572829 0.850373 0.567052 0.861345 0.551821 0.865546 0.539916 0.866013 0.529237 0.860177 0.514356 0.855159 0.509541 0.852474 0.505427 0.849440 0.504027 0.848039 0.501926 0.847806 0.497549 0.846405 0.495273 0.834500 0.485994 0.817460 0.478466 0.803922 0.475315 0.794118 0.474615 0.783147 0.476190 0.776144 0.475490 0.763072 0.476015 0.744865 0.478466 0.716853 0.484419 0.695845 0.490196 0.682306 0.494923 0.678338 0.497549 0.673669 0.498249 0.670868 0.500875 0.668768 0.504027 0.666900 0.505077
1 0.657796 0.400910 0.661064 0.405112 0.664566 0.405987 0.666667 0.408789 0.669935 0.410889 0.672502 0.413866 0.673669 0.416842 0.676704 0.418417 0.680439 0.424545 0.686741 0.430847 0.691176 0.442927 0.692110 0.450105 0.691643 0.456758 0.690009 0.462710 0.686275 0.472339 0.681139 0.480742 0.679739 0.485819 0.678105 0.487745 0.681839 0.490546 0.686508 0.489496 0.689076 0.490721 0.720355 0.482843 0.747666 0.477066 0.776844 0.474090 0.795051 0.473564 0.806022 0.474615 0.810691 0.474265 0.818161 0.468487 0.822362 0.463585 0.824697 0.460084 0.828898 0.450105 0.831699 0.439251 0.831232 0.431723 0.826797 0.418417 0.822129 0.411590 0.815359 0.404937 0.804622 0.396709 0.800887 0.395133 0.796452 0.391807 0.779412 0.386204 0.755602 0.380427 0.743931 0.378501 0.729692 0.377801 0.709384 0.379727 0.685574 0.383754 0.670868 0.393557 0.661064 0.397409 0.659664 0.399685 0.657796 0.400910
1 0.574463 0.416317 0.581466 0.415616 0.585668 0.417542 0.586835 0.420518 0.585668 0.425420 0.582400 0.428922 0.583333 0.432248 0.587068 0.437325 0.590103 0.444503 0.592204 0.459734 0.592204 0.466912 0.589169 0.477766 0.581466 0.492647 0.579599 0.494573 0.580065 0.495623 0.584967 0.497199 0.590570 0.496148 0.617180 0.495098 0.639589 0.497724 0.650327 0.499825 0.657796 0.502626 0.660364 0.501576 0.677871 0.484944 0.679505 0.480917 0.682540 0.477241 0.685107 0.472164 0.688609 0.463410 0.690476 0.455532 0.690943 0.446078 0.688142 0.436099 0.685107 0.430672 0.652428 0.400385 0.643557 0.396709 0.633520 0.394433 0.627451 0.393557 0.612512 0.393557 0.594071 0.395833 0.588469 0.398459 0.571662 0.409139 0.566760 0.411239 0.567694 0.417892 0.574463 0.416317
1 0.435808 0.329482 0.439076 0.336310 0.444911 0.341211 0.448179 0.346464 0.451214 0.360119 0.450747 0.373074 0.448413 0.380252 0.442810 0.393908 0.436041 0.404412 0.436508 0.406863 0.434874 0.410014 0.431839 0.411415 0.431606 0.414741 0.432306 0.415441 0.434174 0.413866 0.436041 0.413515 0.438375 0.415441 0.442810 0.416492 0.453548 0.412990 0.472456 0.410189 0.498366 0.404762 0.517740 0.402661 0.528711 0.402486 0.539216 0.403536 0.548553 0.406338 0.559991 0.411415 0.564192 0.411415 0.570962 0.408088 0.581232 0.400560 0.588469 0.397059 0.595472 0.391807 0.610878 0.375525 0.618347 0.361695 0.620448 0.350665 0.618347 0.341036 0.609010 0.329132 0.602941 0.319678 0.583333 0.304622 0.574697 0.300245 0.567460 0.298319 0.556022 0.296569 0.546452 0.296919 0.542484 0.295868 0.535948 0.295343 0.508637 0.298144 0.481326 0.302696 0.459851 0.309174 0.457283 0.310749 0.452614 0.311800 0.443511 0.315826 0.438842 0.316352 0.432773 0.319503 0.431839 0.322829 0.431839 0.324755 0.435808 0.329482
1 0.447246 0.420343 0.451214 0.422444 0.466153 0.425595 0.490430 0.434874 0.498366 0.439076 0.505836 0.441527 0.511905 0.446429 0.521008 0.451681 0.530345 0.460609 0.533613 0.464461 0.539216 0.473739 0.543417 0.488445 0.545752 0.501576 0.545985 0.504552 0.544585 0.508578 0.545518 0.515056 0.541083 0.526261 0.542717 0.527836 0.546685 0.526436 0.549020 0.522759 0.550187 0.521884 0.553688 0.521359 0.557190 0.516807 0.560924 0.514881 0.579832 0.494573 0.586134 0.482668 0.590803 0.471464 0.591737 0.461134 0.590336 0.447829 0.588469 0.439426 0.584967 0.434524 0.582166 0.432248 0.581699 0.424720 0.583800 0.423319 0.584967 0.423669 0.585901 0.422269 0.584967 0.418943 0.581466 0.418067 0.577731 0.418417 0.575163 0.417892 0.571895 0.418943 0.565593 0.416842 0.564659 0.414741 0.561158 0.412465 0.550420 0.407388 0.539916 0.404062 0.532680 0.403011 0.519841 0.403011 0.505135 0.405287 0.498133 0.405637 0.463119 0.412465 0.457283 0.414391 0.453081 0.414741 0.447012 0.417542 0.446312 0.418768 0.447246 0.420343
1 0.143557 0.442227 0.147059 0.449930 0.151027 0.453081 0.153128 0.456408 0.154762 0.457458 0.170868 0.461835 0.173903 0.463585 0.181839 0.466211 0.186975 0.466737 0.201214 0.470413 0.206349 0.469713 0.220822 0.464111 0.225257 0.461310 0.234360 0.457983 0.237862 0.455882 0.272642 0.444328 0.278711 0.441702 0.323996 0.429272 0.334967 0.427346 0.341737 0.425245 0.351774 0.424020 0.359711 0.421919 0.383520 0.418242 0.393091 0.417542 0.421335 0.417542 0.431606 0.407913 0.442577 0.390406 0.447946 0.376926 0.449580 0.369748 0.450047 0.360819 0.447479 0.348564 0.444678 0.341912 0.438609 0.336660 0.433007 0.328256 0.428338 0.324055 0.411765 0.313725 0.404062 0.309874 0.396825 0.307248 0.383520 0.304622 0.361811 0.302871 0.339402 0.305847 0.327731 0.306197 0.287582 0.313200 0.261671 0.320028 0.244865 0.325280 0.230392 0.330882 0.225724 0.333859 0.220355 0.335609 0.206583 0.341912 0.176471 0.362220 0.162465 0.376401 0.152194 0.390931 0.151494 0.394608 0.149160 0.397409 0.146125 0.404412 0.141923 0.424545 0.141457 0.429447 0.143557 0.442227
1 0.180672 0.317927 0.183940 0.324580 0.191176 0.334909 0.202848 0.342612 0.214052 0.339461 0.216853 0.337360 0.227358 0.332458 0.235528 0.329657 0.246965 0.324230 0.266106 0.318452 0.320962 0.306898 0.332400 0.305497 0.341970 0.305147 0.346250 0.303571 0.358310 0.302871 0.368814 0.303746 0.374416 0.303221 0.390756 0.304972 0.408030 0.310749 0.409664 0.312675 0.422035 0.318803 0.433940 0.311625 0.438375 0.307248 0.442577 0.304447 0.448413 0.298319 0.450747 0.294468 0.456583 0.279412 0.457283 0.272759 0.454248 0.254902 0.451447 0.247549 0.447479 0.240721 0.435808 0.226891 0.422502 0.215511 0.408263 0.207283 0.394024 0.202556 0.369281 0.198880 0.349206 0.199055 0.328665 0.201331 0.310458 0.207108 0.298553 0.209909 0.291317 0.214111 0.279645 0.218838 0.211251 0.258403 0.207283 0.262080 0.203782 0.264006 0.191877 0.276085 0.185107 0.286415 0.182306 0.292892 0.180906 0.301821 0.180205 0.308999 0.180672 0.317927
1 0.295518 0.117647 0.301120 0.126751 0.305789 0.131653 0.309757 0.138655 0.313492 0.150735 0.314893 0.160889 0.314659 0.169118 0.312325 0.179447 0.306256 0.193452 0.303455 0.196078 0.299020 0.202906 0.297852 0.206583 0.299486 0.207458 0.306956 0.206758 0.310458 0.205182 0.313959 0.205007 0.320962 0.202206 0.338002 0.198704 0.358310 0.197654 0.367414 0.198004 0.374883 0.198529 0.395658 0.202206 0.411765 0.207808 0.421802 0.213410 0.425537 0.214111 0.430906 0.209734 0.446312 0.201506 0.451681 0.199580 0.475023 0.188025 0.477358 0.187675 0.488095 0.183123 0.492997 0.182073 0.498133 0.178746 0.499533 0.168417 0.499300 0.160364 0.498599 0.154062 0.494398 0.140756 0.485761 0.130952 0.476891 0.123775 0.470121 0.119573 0.456116 0.114321 0.436275 0.108894 0.422035 0.105917 0.410131 0.104517 0.396125 0.104517 0.385387 0.103466 0.345472 0.106092 0.310224 0.109594 0.296452 0.112745 0.295051 0.114146 0.293651 0.116246 0.295518 0.117647
1 0.443044 0.233018 0.449580 0.242297 0.452848 0.248599 0.457283 0.262430 0.457983 0.268382 0.457049 0.272409 0.456816 0.283088 0.453548 0.290616 0.454482 0.293417 0.463352 0.300945 0.484360 0.300945 0.511671 0.296744 0.531979 0.294818 0.554622 0.295168 0.573996 0.299195 0.578198 0.299195 0.584967 0.297619 0.598739 0.292192 0.605976 0.287640 0.609010 0.286590 0.630952 0.270833 0.638655 0.263655 0.644725 0.256127 0.651027 0.244573 0.653361 0.237570 0.653828 0.229692 0.649393 0.209909 0.644958 0.199755 0.641923 0.195553 0.631419 0.187150 0.623483 0.182248 0.602708 0.175245 0.584034 0.172444 0.556956 0.171394 0.543184 0.172619 0.515640 0.176996 0.498366 0.181373 0.482260 0.187675 0.476190 0.189251 0.446078 0.203431 0.434874 0.210084 0.428805 0.216562 0.430205 0.220413 0.443044 0.233018
1 0.588936 0.307948 0.590803 0.310749 0.603641 0.319853 0.609010 0.328957 0.617647 0.339636 0.620682 0.348564 0.620215 0.355742 0.617180 0.365371 0.611811 0.374650 0.609477 0.376576 0.607610 0.379727 0.600373 0.387430 0.595938 0.390581 0.595238 0.393908 0.598973 0.394258 0.608543 0.393032 0.623016 0.392507 0.630252 0.393207 0.644258 0.396008 0.650794 0.398810 0.654528 0.399335 0.657563 0.398459 0.664799 0.395133 0.668768 0.391807 0.671569 0.390581 0.686508 0.380077 0.692810 0.374300 0.699813 0.366246 0.703782 0.360294 0.707049 0.352591 0.709384 0.341737 0.709617 0.331583 0.705182 0.321078 0.703081 0.317752 0.700747 0.315826 0.693744 0.303396 0.686275 0.295693 0.680672 0.292192 0.671802 0.288515 0.658030 0.284839 0.643791 0.283438 0.628151 0.284139 0.622549 0.285189 0.619514 0.286765 0.605976 0.290091 0.582633 0.300245 0.582400 0.303746 0.588936 0.307948
1 0.059524 0.304272 0.061625 0.316001 0.060458 0.324930 0.056956 0.334909 0.049953 0.345238 0.048786 0.348389 0.048786 0.352591 0.050187 0.355217 0.055556 0.358368 0.057423 0.358718 0.079599 0.355042 0.085434 0.354692 0.106909 0.350840 0.136088 0.347689 0.155696 0.346113 0.186041 0.344888 0.189076 0.345763 0.193744 0.345763 0.196078 0.345413 0.197946 0.343137 0.197712 0.341387 0.191877 0.337185 0.185341 0.329657 0.179972 0.321254 0.178805 0.317577 0.178805 0.310574 0.181373 0.289916 0.183240 0.285539 0.186275 0.282563 0.190243 0.273810 0.192577 0.272934 0.194211 0.269783 0.196078 0.269083 0.192577 0.266807 0.185107 0.265581 0.180906 0.266982 0.178805 0.266632 0.171569 0.268382 0.161298 0.269608 0.129785 0.275210 0.116480 0.276611 0.084500 0.275385 0.077731 0.276786 0.059757 0.285539 0.052988 0.290091 0.052754 0.291667 0.054155 0.296218 0.059524 0.304272
1 0.000000 0.470763 0.004902 0.472689 0.006769 0.472689 0.010271 0.472164 0.028711 0.464811 0.033147 0.463936 0.040383 0.460784 0.064192 0.452906 0.101541 0.446779 0.122549 0.445378 0.137488 0.445203 0.140289 0.444153 0.141690 0.439776 0.140756 0.435399 0.140756 0.427521 0.142390 0.414916 0.146825 0.401961 0.154062 0.387430 0.164099 0.373074 0.171335 0.366947 0.175770 0.362045 0.182540 0.356968 0.185341 0.355742 0.193744 0.348739 0.183940 0.346464 0.157096 0.346639 0.123249 0.349615 0.088702 0.354167 0.070962 0.357318 0.051821 0.361695 0.029412 0.368873 0.025910 0.369048 0.005369 0.376926 0.002334 0.379552 0.000000 0.380252 0.000000 0.470763
1 0.000000 0.567227 0.008403 0.566001 0.015873 0.563025 0.019141 0.562500 0.046919 0.553221 0.057190 0.551120 0.080532 0.547094 0.084967 0.546919 0.089402 0.545693 0.119514 0.542892 0.128852 0.541141 0.130486 0.539741 0.134687 0.529587 0.139589 0.521884 0.145425 0.514181 0.152428 0.507178 0.169935 0.493522 0.173436 0.491772 0.185341 0.482843 0.195612 0.477416 0.199113 0.473739 0.196312 0.470238 0.172269 0.464636 0.154762 0.458508 0.149627 0.455357 0.144258 0.448354 0.140756 0.446429 0.121148 0.445903 0.108777 0.446429 0.095238 0.448004 0.077965 0.450455 0.068161 0.452731 0.050187 0.457633 0.035714 0.463585 0.005135 0.473915 0.003501 0.475665 0.000000 0.476190 0.000000 0.567227
1 0.000000 0.735819 0.011671 0.737220 0.042017 0.738445 0.049253 0.737920 0.056956 0.738796 0.088469 0.738270 0.106443 0.736169 0.120915 0.733368 0.137255 0.731793 0.139823 0.730742 0.158030 0.727591 0.175070 0.722164 0.192810 0.714811 0.220355 0.699930 0.239262 0.685749 0.247199 0.678746 0.252801 0.672444 0.258403 0.662115 0.263072 0.655812 0.269841 0.640581 0.272642 0.619048 0.272642 0.612745 0.271008 0.610119 0.269141 0.608894 0.260037 0.607843 0.251401 0.608018 0.241130 0.606618 0.229925 0.606268 0.213352 0.603817 0.196545 0.599615 0.185574 0.594538 0.181606 0.593487 0.162465 0.582283 0.157563 0.577906 0.146825 0.570903 0.136321 0.559699 0.133053 0.553571 0.131886 0.546394 0.130019 0.543067 0.109944 0.544468 0.079132 0.548144 0.066993 0.550245 0.060924 0.551996 0.050187 0.553396 0.008870 0.566877 0.003501 0.569503 0.001634 0.571604 0.000000 0.571604 0.000000 0.735819
1 0.000000 0.887080 0.001634 0.887080 0.005135 0.888831 0.022176 0.894083 0.034314 0.896008 0.043184 0.898810 0.053922 0.900385 0.059057 0.901961 0.084734 0.905112 0.100840 0.905987 0.114379 0.904062 0.123716 0.904062 0.150327 0.901786 0.156396 0.899860 0.161765 0.899510 0.172736 0.897234 0.178805 0.897059 0.182073 0.895833 0.186041 0.895483 0.191643 0.894083 0.196078 0.891807 0.207750 0.889356 0.227591 0.882003 0.241597 0.872899 0.248366 0.863971 0.252101 0.854692 0.253968 0.841562 0.251401 0.837885 0.244865 0.835959 0.225724 0.833158 0.208917 0.828431 0.195612 0.823704 0.166667 0.809874 0.151027 0.800945 0.140289 0.796919 0.128852 0.790791 0.118347 0.784314 0.107376 0.776261 0.095705 0.763130 0.088702 0.761029 0.084734 0.761204 0.080532 0.762955 0.077965 0.762430 0.061625 0.776085 0.048553 0.784839 0.029412 0.794118 0.000000 0.805847 0.000000 0.887080
1 0.095005 0.928746 0.096172 0.931723 0.096172 0.943277 0.098273 0.949580 0.104809 0.958859 0.124883 0.972164 0.129552 0.973739 0.133520 0.976541 0.140289 0.978992 0.161064 0.985644 0.190009 0.988270 0.202381 0.988971 0.218721 0.987920 0.224556 0.988270 0.254435 0.985644 0.289916 0.979692 0.302754 0.975840 0.314426 0.973915 0.326564 0.969713 0.337535 0.967612 0.345472 0.964461 0.360644 0.956933 0.375350 0.946254 0.380952 0.939251 0.380486 0.935399 0.374416 0.932248 0.355976 0.925945 0.348039 0.922444 0.331466 0.911239 0.324930 0.908088 0.316060 0.900910 0.292951 0.879377 0.285948 0.870798 0.281513 0.862920 0.278245 0.858894 0.275910 0.852941 0.272642 0.851015 0.268207 0.852766 0.265406 0.852241 0.264006 0.854342 0.255836 0.857143 0.251867 0.860994 0.248833 0.866246 0.242997 0.873074 0.235994 0.878151 0.231793 0.880427 0.204482 0.891282 0.186975 0.896359 0.178805 0.897584 0.175303 0.898810 0.171802 0.898810 0.165033 0.900735 0.161064 0.900735 0.158030 0.901786 0.137255 0.903887 0.116013 0.904937 0.109244 0.906863 0.105976 0.907038 0.100373 0.910714 0.097806 0.917192 0.095005 0.925245 0.095005 0.928746
1 0.247199 0.991947 0.248133 0.994748 0.254902 0.998249 0.254902 0.999825 0.501167 0.999825 0.511438 0.987745 0.514472 0.980742 0.510971 0.978817 0.504202 0.977066 0.494631 0.975665 0.485061 0.975490 0.476891 0.974440 0.466153 0.972689 0.449113 0.967962 0.446312 0.967787 0.425303 0.959909 0.415033 0.953782 0.407796 0.950805 0.394958 0.938901 0.386788 0.937325 0.383520 0.938375 0.381419 0.941702 0.376284 0.946779 0.359010 0.959209 0.353408 0.962185 0.337768 0.968487 0.315359 0.975490 0.301587 0.977591 0.295051 0.979692 0.279412 0.982493 0.275910 0.983894 0.261438 0.985294 0.247899 0.987920 0.245798 0.991246 0.247199 0.991947
1 0.524743 0.987745 0.527778 0.991772 0.534080 0.997199 0.535481 0.999825 0.772409 0.999825 0.774743 0.995973 0.780812 0.989146 0.783147 0.984944 0.785714 0.977591 0.785948 0.973915 0.782913 0.971464 0.734594 0.957108 0.710084 0.948179 0.695612 0.940651 0.683007 0.932773 0.673903 0.925070 0.666900 0.917892 0.665033 0.917017 0.661531 0.916842 0.657096 0.922444 0.642390 0.936099 0.637488 0.939076 0.626984 0.947479 0.608543 0.958158 0.589402 0.965686 0.578198 0.967787 0.560224 0.973389 0.547152 0.975665 0.540383 0.975665 0.529412 0.977066 0.525910 0.978817 0.522176 0.979517 0.521709 0.980917 0.524743 0.987745
1 0.000000 0.988796 0.005836 0.987920 0.018908 0.983543 0.027077 0.982493 0.046919 0.973915 0.059991 0.965511 0.067927 0.958508 0.071429 0.956408 0.084034 0.942927 0.089169 0.935749 0.093838 0.918417 0.094304 0.911940 0.094304 0.907913 0.091737 0.907038 0.049486 0.901261 0.005135 0.889706 0.000000 0.889706 0.000000 0.988796
1 0.248366 0.994748 0.251167 0.996674 0.254902 0.997899 0.255369 0.999825 0.501167 0.999825 0.502334 0.997374 0.511438 0.987570 0.514706 0.980567 0.512372 0.978992 0.506536 0.977416 0.470355 0.973389 0.454248 0.969713 0.449580 0.967962 0.446078 0.967612 0.426471 0.960259 0.414566 0.953606 0.407330 0.950805 0.394258 0.938901 0.386555 0.937675 0.383520 0.938901 0.376284 0.946954 0.359244 0.959209 0.353175 0.962360 0.338235 0.968312 0.316293 0.975140 0.300187 0.977766 0.293884 0.979867 0.286881 0.980742 0.274743 0.983718 0.259104 0.985469 0.248366 0.987745 0.246499 0.990896 0.248366 0.994748
1 0.524276 0.987395 0.528245 0.992647 0.533613 0.997199 0.535014 0.999825 0.772409 0.999825 0.772409 0.998074 0.779412 0.991071 0.783147 0.984944 0.785714 0.977416 0.785948 0.973915 0.782680 0.971464 0.771475 0.968312 0.769141 0.966912 0.760504 0.964986 0.745331 0.959909 0.737395 0.957983 0.710084 0.948179 0.688842 0.936800 0.674136 0.925420 0.668301 0.918592 0.665266 0.916492 0.661531 0.915966 0.656629 0.922619 0.642157 0.936099 0.637255 0.939076 0.626984 0.947304 0.608310 0.957983 0.585201 0.966737 0.577965 0.967437 0.560224 0.973214 0.546685 0.975315 0.535948 0.975840 0.528478 0.977066 0.525910 0.978116 0.522642 0.977941 0.521475 0.979517 0.521242 0.981092 0.524276 0.987395
1 0.000000 0.804972 0.001634 0.804972 0.013772 0.799720 0.019141 0.798319 0.046919 0.785014 0.057423 0.778186 0.064426 0.772934 0.075163 0.762605 0.082400 0.752276 0.087068 0.741246 0.083333 0.739671 0.079132 0.738971 0.062092 0.739146 0.006069 0.737395 0.000000 0.737395 0.000000 0.804972
1 0.000000 0.999825 0.213819 0.999825 0.214753 0.997549 0.222689 0.991246 0.221522 0.989496 0.218954 0.988796 0.188142 0.988445 0.160831 0.985294 0.146592 0.981618 0.144258 0.980217 0.135621 0.977766 0.128618 0.974615 0.106909 0.961485 0.097339 0.950805 0.091970 0.940126 0.088469 0.940476 0.072129 0.957283 0.067460 0.960259 0.061158 0.966211 0.047152 0.975140 0.025910 0.983368 0.019608 0.984069 0.012138 0.986695 0.008637 0.988971 0.002334 0.991246 0.001634 0.992297 0.000000 0.992297 0.000000 0.999825
1 0.000000 0.375525 0.001634 0.375525 0.008870 0.370623 0.030579 0.361169 0.032446 0.359244 0.035481 0.358368 0.039683 0.355567 0.043417 0.352241 0.053922 0.337885 0.057423 0.330707 0.060458 0.320028 0.060458 0.313375 0.058357 0.303221 0.051821 0.293417 0.047152 0.287990 0.037815 0.279237 0.032680 0.277661 0.025677 0.272584 0.009337 0.265406 0.001634 0.263130 0.000000 0.263130 0.000000 0.375525
1 0.710784 0.333683 0.711018 0.338585 0.707750 0.352941 0.703081 0.363270 0.693277 0.375000 0.690710 0.376751 0.688609 0.380427 0.691643 0.381478 0.696312 0.381653 0.706116 0.379377 0.710317 0.379552 0.719655 0.377801 0.735528 0.377101 0.742764 0.377801 0.768207 0.382878 0.780112 0.386204 0.793417 0.390931 0.796685 0.390931 0.804155 0.383578 0.806489 0.380252 0.809757 0.373599 0.810224 0.366422 0.809991 0.362570 0.808357 0.359419 0.809757 0.353992 0.809057 0.348739 0.803688 0.341036 0.799253 0.337010 0.789916 0.331758 0.771242 0.325455 0.741130 0.321254 0.712418 0.320203 0.708917 0.321779 0.708450 0.324580 0.710784 0.333683
1 0.833100 0.484244 0.838469 0.486345 0.840803 0.485469 0.855509 0.501926 0.853641 0.505077 0.854575 0.508053 0.856209 0.510854 0.859010 0.512255 0.859944 0.513655 0.864613 0.524160 0.865780 0.531338 0.865546 0.539391 0.861111 0.553922 0.849907 0.568452 0.845938 0.571254 0.844304 0.574405 0.848973 0.576856 0.859244 0.577031 0.869281 0.574580 0.886788 0.567577 0.901261 0.558123 0.904528 0.554447 0.907330 0.549545 0.911298 0.540091 0.914332 0.530112 0.914332 0.522234 0.911765 0.515231 0.901961 0.501225 0.897292 0.499125 0.885387 0.491772 0.880019 0.486695 0.863212 0.483718 0.859244 0.482143 0.855509 0.481793 0.852474 0.480567 0.848506 0.480392 0.845472 0.479167 0.834967 0.478466 0.829365 0.480217 0.829365 0.481092 0.833100 0.484244
1 0.857843 0.581583 0.858543 0.581232 0.868347 0.583859 0.875350 0.586660 0.879785 0.589286 0.886788 0.591387 0.890056 0.593838 0.897292 0.597164 0.900794 0.600140 0.911531 0.606793 0.916667 0.612570 0.925303 0.619573 0.934641 0.634104 0.936041 0.651085 0.934174 0.654237 0.934407 0.656338 0.935808 0.657913 0.939309 0.657913 0.943511 0.654412 0.943044 0.650910 0.946078 0.647759 0.949580 0.642157 0.950747 0.638130 0.950980 0.632178 0.949580 0.625525 0.939076 0.609944 0.919935 0.594188 0.901261 0.584559 0.890756 0.580882 0.883520 0.579482 0.880252 0.577906 0.873483 0.576155 0.869514 0.576155 0.862045 0.578081 0.860644 0.580007 0.857843 0.581583
1 0.876984 0.485994 0.897059 0.497549 0.905929 0.506127 0.912698 0.518207 0.913866 0.526961 0.912932 0.532913 0.910831 0.537115 0.910131 0.543592 0.903828 0.554622 0.899393 0.557248 0.897059 0.560399 0.897526 0.561099 0.900794 0.560749 0.902428 0.559524 0.908030 0.557948 0.913399 0.554097 0.921802 0.546744 0.926004 0.539916 0.929272 0.533263 0.930906 0.524160 0.929038 0.508578 0.925537 0.501751 0.920168 0.494223 0.914799 0.490371 0.908730 0.487395 0.900327 0.484419 0.886555 0.482143 0.876284 0.482143 0.868581 0.483543 0.867880 0.484419 0.876984 0.485994
1 0.886088 0.437675 0.884921 0.443627 0.881419 0.451155 0.876050 0.459034 0.873716 0.461660 0.865546 0.467087 0.857843 0.473915 0.856676 0.477241 0.859244 0.479167 0.863212 0.480567 0.887722 0.481618 0.900794 0.484069 0.911298 0.488270 0.914332 0.488971 0.916900 0.488620 0.921335 0.486520 0.927638 0.481092 0.930439 0.477416 0.933473 0.470588 0.933940 0.463410 0.932773 0.456583 0.927171 0.445903 0.925303 0.442577 0.920168 0.437675 0.918534 0.435049 0.911298 0.428571 0.908030 0.427346 0.905229 0.425245 0.887488 0.417542 0.879785 0.417367 0.877918 0.418242 0.885621 0.430147 0.886088 0.437675
1 0.809757 0.399685 0.817694 0.407038 0.825630 0.415616 0.830766 0.429097 0.831933 0.435749 0.831466 0.443102 0.826097 0.457808 0.822362 0.464636 0.816527 0.470413 0.816060 0.472339 0.814426 0.473915 0.820495 0.475840 0.831933 0.475840 0.841737 0.477591 0.852241 0.478116 0.854342 0.477241 0.856209 0.473915 0.870682 0.463585 0.877451 0.456583 0.884687 0.443627 0.885854 0.438725 0.885854 0.431548 0.875350 0.416667 0.866246 0.409664 0.859010 0.405462 0.827965 0.395658 0.813959 0.395133 0.806723 0.396709 0.806256 0.397584 0.809757 0.399685
1 0.806022 0.343838 0.808357 0.348739 0.808590 0.356968 0.811858 0.359419 0.809757 0.362745 0.810458 0.365721 0.809524 0.374300 0.805789 0.382003 0.800654 0.387255 0.799720 0.390056 0.800187 0.391632 0.802988 0.393908 0.806723 0.395133 0.818161 0.394608 0.831699 0.395483 0.834034 0.394608 0.837068 0.390581 0.840103 0.389181 0.845238 0.387780 0.852708 0.388130 0.859244 0.387605 0.866246 0.382003 0.869748 0.376751 0.871849 0.366597 0.871849 0.362570 0.868347 0.355567 0.861578 0.348214 0.844771 0.335084 0.838936 0.333859 0.829599 0.333158 0.823529 0.331057 0.814659 0.329482 0.810691 0.328081 0.796685 0.328256 0.793417 0.329132 0.792717 0.330007 0.791783 0.331583 0.806022 0.343838
1 0.831466 0.395658 0.833800 0.397584 0.845238 0.400210 0.858077 0.405637 0.876284 0.415966 0.882353 0.415966 0.886788 0.414916 0.889823 0.411415 0.893091 0.404412 0.894024 0.396709 0.891457 0.387080 0.884687 0.378151 0.878385 0.371849 0.873249 0.368347 0.871849 0.369923 0.868114 0.379377 0.862745 0.384979 0.858543 0.386204 0.845238 0.384979 0.838002 0.387955 0.834967 0.387080 0.831466 0.390056 0.827965 0.390931 0.825630 0.393207 0.825163 0.394083 0.831466 0.395658
1 0.799253 0.297269 0.790616 0.308999 0.779412 0.317227 0.775910 0.320728 0.774276 0.321078 0.775210 0.324580 0.779412 0.327206 0.789683 0.329307 0.798553 0.328256 0.813959 0.328256 0.821429 0.330532 0.835201 0.333158 0.845705 0.334034 0.848506 0.332983 0.850373 0.331583 0.854809 0.324405 0.856676 0.317577 0.855976 0.307423 0.853641 0.300070 0.851307 0.296569 0.846405 0.292192 0.828898 0.282038 0.823996 0.279937 0.810924 0.276611 0.803455 0.276436 0.802054 0.277311 0.800887 0.291667 0.799253 0.297269
1 0.856909 0.316352 0.854575 0.323880 0.847572 0.335084 0.850373 0.338410 0.864846 0.349965 0.868347 0.353817 0.873249 0.362920 0.876517 0.361870 0.887722 0.353992 0.896125 0.345238 0.901494 0.335784 0.903128 0.331057 0.903595 0.323880 0.902428 0.318978 0.900794 0.314951 0.897759 0.310749 0.890523 0.303922 0.883520 0.298845 0.873016 0.296218 0.859244 0.295868 0.855742 0.297619 0.853875 0.299895 0.857143 0.311800 0.856909 0.316352
1 0.709617 0.319678 0.712418 0.318978 0.717787 0.319153 0.745798 0.321254 0.766106 0.323880 0.769141 0.323529 0.772642 0.319678 0.781979 0.315126 0.790149 0.308473 0.798553 0.298144 0.801120 0.290966 0.801587 0.280112 0.801120 0.276261 0.796218 0.266982 0.793417 0.258578 0.789683 0.253151 0.784781 0.249300 0.782913 0.246674 0.771709 0.240546 0.762372 0.237045 0.747899 0.235819 0.739729 0.237745 0.739029 0.248074 0.741363 0.255427 0.740663 0.258053 0.741130 0.266807 0.739029 0.275035 0.733427 0.282563 0.726190 0.288690 0.721055 0.292367 0.705882 0.300070 0.701214 0.304272 0.701447 0.311800 0.709617 0.319678
1 0.652661 0.220588 0.654295 0.230917 0.654295 0.235119 0.648459 0.251225 0.645425 0.257003 0.639823 0.263831 0.626517 0.274685 0.624883 0.276786 0.619514 0.279762 0.615780 0.282913 0.616013 0.283613 0.617414 0.284664 0.620915 0.284839 0.630019 0.282913 0.644491 0.282913 0.660831 0.285014 0.678805 0.291141 0.686741 0.295693 0.696078 0.304622 0.698880 0.304447 0.702848 0.300945 0.706349 0.299895 0.716853 0.293768 0.721289 0.292017 0.734594 0.280812 0.738095 0.275735 0.740896 0.265406 0.739029 0.248249 0.735294 0.233543 0.730159 0.226015 0.720822 0.217087 0.714519 0.212710 0.707750 0.209209 0.691877 0.204307 0.682073 0.200105 0.675537 0.198704 0.655696 0.197129 0.649627 0.197654 0.646825 0.199580 0.647993 0.206408 0.652661 0.220588
1 0.662698 0.133228 0.661998 0.140931 0.664332 0.150385 0.659664 0.165091 0.656162 0.171744 0.638889 0.185749 0.636788 0.189076 0.647526 0.199580 0.651727 0.197129 0.654995 0.196429 0.665033 0.196429 0.678805 0.198354 0.696545 0.205182 0.707049 0.208333 0.714052 0.211835 0.730626 0.223739 0.741130 0.221464 0.748133 0.218662 0.751634 0.216387 0.757470 0.214636 0.767740 0.208508 0.774043 0.201331 0.777778 0.195553 0.781046 0.179972 0.785481 0.171043 0.786881 0.166141 0.786881 0.161064 0.785247 0.154237 0.782680 0.150735 0.778011 0.140406 0.771475 0.133228 0.761671 0.127451 0.751634 0.123599 0.734360 0.119573 0.706349 0.115721 0.688142 0.115196 0.675537 0.116071 0.664099 0.117822 0.660131 0.119748 0.659664 0.120623 0.659197 0.123424 0.662698 0.133228
1 0.481559 0.126576 0.491597 0.135854 0.498133 0.147759 0.500233 0.165266 0.499767 0.175770 0.501401 0.179272 0.519608 0.175070 0.540383 0.172269 0.549720 0.171744 0.553455 0.170868 0.574230 0.170868 0.602241 0.174545 0.614846 0.178396 0.623016 0.182598 0.627451 0.183648 0.633520 0.186450 0.641223 0.181898 0.644024 0.181022 0.651494 0.175245 0.658030 0.167367 0.660364 0.159314 0.662932 0.154237 0.661298 0.137080 0.659897 0.134454 0.659197 0.126576 0.657096 0.119748 0.650327 0.111870 0.640056 0.107493 0.637488 0.105742 0.619748 0.100140 0.616713 0.099440 0.612512 0.099615 0.608310 0.098389 0.591036 0.097164 0.557190 0.098214 0.552988 0.099965 0.539683 0.102416 0.535948 0.104167 0.528245 0.105392 0.519374 0.108368 0.512138 0.109944 0.494865 0.115721 0.485061 0.120098 0.481326 0.123249 0.481559 0.126576
1 0.741130 0.236345 0.748133 0.234244 0.751634 0.235469 0.763305 0.237045 0.782913 0.244923 0.788982 0.242122 0.797152 0.235644 0.807190 0.220413 0.810924 0.208683 0.811391 0.199230 0.808357 0.188901 0.804855 0.182423 0.797852 0.174545 0.793417 0.171394 0.786415 0.170693 0.784781 0.173144 0.782680 0.174195 0.780345 0.178746 0.783147 0.180147 0.784080 0.181723 0.779412 0.188200 0.778245 0.195903 0.773810 0.202381 0.767974 0.208683 0.763539 0.211835 0.755369 0.215861 0.735294 0.223739 0.733193 0.226366 0.734594 0.230742 0.741130 0.236345
1 0.790850 0.253501 0.794818 0.259454 0.798786 0.269958 0.803455 0.274860 0.806489 0.276085 0.814192 0.276786 0.818861 0.278011 0.834734 0.284664 0.838002 0.283613 0.846639 0.272409 0.850607 0.268908 0.851074 0.258403 0.849440 0.251576 0.843838 0.239671 0.838469 0.233018 0.825163 0.221464 0.817694 0.217437 0.810458 0.215686 0.808590 0.217087 0.802988 0.227941 0.798319 0.234419 0.788049 0.243522 0.785481 0.247199 0.785247 0.248249 0.790850 0.253501
1 0.850373 0.266632 0.848039 0.272409 0.845238 0.274685 0.843604 0.277661 0.838702 0.282913 0.838936 0.286415 0.844071 0.289216 0.852241 0.295518 0.855509 0.296569 0.858310 0.295518 0.863445 0.295168 0.880019 0.296394 0.881886 0.294993 0.890056 0.283088 0.893791 0.272584 0.894024 0.265756 0.890756 0.255602 0.886788 0.251225 0.875117 0.243522 0.869048 0.240896 0.862745 0.239671 0.851541 0.238796 0.847572 0.238971 0.845472 0.240896 0.850607 0.258228 0.850373 0.266632
1 0.835901 0.220063 0.842437 0.234069 0.845238 0.236345 0.852007 0.237220 0.859711 0.237045 0.862745 0.237745 0.878852 0.237045 0.890990 0.235294 0.911531 0.231092 0.922035 0.227066 0.926937 0.224615 0.943277 0.213585 0.953315 0.200280 0.955182 0.196254 0.956349 0.190301 0.955182 0.182423 0.949580 0.174895 0.942344 0.170868 0.928805 0.167542 0.924837 0.167892 0.922035 0.166842 0.899627 0.167192 0.897059 0.167892 0.894258 0.169818 0.888422 0.176471 0.887722 0.178746 0.884220 0.181548 0.872082 0.188025 0.869748 0.189951 0.845938 0.198880 0.834500 0.201155 0.830999 0.202731 0.828198 0.202906 0.827031 0.204832 0.827264 0.207633 0.835901 0.220063
1 0.793184 0.168067 0.797619 0.171218 0.802288 0.176120 0.809524 0.187150 0.810924 0.191702 0.813725 0.196078 0.820495 0.199755 0.830065 0.200630 0.838002 0.200105 0.852241 0.195903 0.868114 0.190126 0.883754 0.181022 0.888422 0.174545 0.898459 0.163515 0.902894 0.156513 0.909430 0.140406 0.910364 0.135154 0.915966 0.119398 0.917367 0.105742 0.915266 0.098739 0.901961 0.089986 0.893791 0.087360 0.887255 0.086310 0.875584 0.086660 0.867414 0.087710 0.847572 0.094013 0.838469 0.101015 0.833800 0.113095 0.826097 0.124300 0.808357 0.141282 0.793417 0.152136 0.791550 0.154412 0.790383 0.158438 0.789916 0.161415 0.793184 0.168067
1 0.707516 0.115546 0.743231 0.120623 0.754902 0.124125 0.764472 0.128326 0.770308 0.131478 0.774977 0.135504 0.781513 0.144958 0.786415 0.154237 0.796685 0.148634 0.804622 0.143207 0.818161 0.131653 0.828665 0.119748 0.833333 0.112920 0.836601 0.101366 0.838235 0.098739 0.836368 0.084734 0.834034 0.081933 0.828898 0.080532 0.809057 0.080007 0.797152 0.080882 0.763305 0.086660 0.746965 0.091562 0.722689 0.101366 0.717320 0.103992 0.711951 0.108193 0.704482 0.112570 0.705182 0.114146 0.707516 0.115546
1 0.929272 0.053922 0.920868 0.067577 0.906162 0.078081 0.902428 0.081583 0.902428 0.088410 0.905929 0.090336 0.914099 0.096989 0.917367 0.102241 0.917834 0.110994 0.914799 0.127451 0.915033 0.132528 0.918301 0.138655 0.924136 0.142682 0.925537 0.144608 0.928571 0.145483 0.930205 0.142857 0.940009 0.139881 0.942810 0.139881 0.949346 0.137605 0.956816 0.133053 0.970588 0.121148 0.980626 0.104517 0.982960 0.102241 0.985294 0.096289 0.989029 0.084384 0.991830 0.071078 0.991597 0.067227 0.993464 0.056197 0.996265 0.049195 0.993697 0.032563 0.991130 0.027136 0.986928 0.024335 0.977824 0.022409 0.965920 0.022234 0.959851 0.020133 0.955941 0.023416 0.934874 0.034839 0.932306 0.041317 0.929272 0.053922
1 0.929038 0.154762 0.930906 0.158263 0.935808 0.160714 0.946078 0.164041 0.953081 0.165791 0.970121 0.167892 0.991130 0.168067 0.999767 0.166667 0.999767 0.103291 0.988095 0.101366 0.984127 0.101891 0.981092 0.104167 0.973156 0.117997 0.964753 0.127276 0.958350 0.132253 0.949580 0.137780 0.939542 0.141106 0.931606 0.142332 0.926237 0.144433 0.925070 0.145833 0.925070 0.151786 0.929038 0.154762
1 0.000000 0.262430 0.002101 0.262430 0.010037 0.265056 0.025210 0.271534 0.029412 0.274335 0.032680 0.275210 0.036415 0.278361 0.039216 0.279587 0.041783 0.282738 0.046452 0.286415 0.050187 0.287465 0.057423 0.285189 0.074930 0.277486 0.076797 0.276085 0.076797 0.272409 0.070728 0.270658 0.062558 0.266632 0.051821 0.257003 0.050187 0.253852 0.045985 0.249825 0.042951 0.244398 0.039449 0.232843 0.038749 0.223039 0.039683 0.214461 0.042017 0.205357 0.049020 0.191001 0.062092 0.174895 0.059524 0.172094 0.053688 0.168242 0.046919 0.165791 0.027544 0.160189 0.018908 0.158438 0.001867 0.156513 0.000000 0.156513 0.000000 0.262430
1 0.391223 0.102416 0.395658 0.103291 0.422502 0.105392 0.435808 0.108193 0.458683 0.114671 0.476891 0.122199 0.515640 0.108018 0.529412 0.103992 0.533847 0.103466 0.540383 0.101190 0.546685 0.100665 0.553922 0.098739 0.553922 0.095238 0.546919 0.083683 0.525910 0.072479 0.505135 0.064951 0.501167 0.064776 0.498366 0.063550 0.454482 0.057773 0.449346 0.057773 0.437442 0.059524 0.425537 0.062675 0.408964 0.069678 0.403128 0.073704 0.395658 0.081583 0.390056 0.091912 0.389589 0.094538 0.389122 0.099440 0.391223 0.102416
1 0.616246 0.084909 0.619748 0.095763 0.626050 0.099790 0.645191 0.107318 0.653361 0.112570 0.655696 0.116071 0.657796 0.117647 0.675303 0.115021 0.699813 0.113270 0.706116 0.110819 0.711485 0.106968 0.723856 0.100140 0.737862 0.093838 0.755135 0.087710 0.757937 0.085434 0.760037 0.081408 0.760037 0.071254 0.756769 0.063725 0.750000 0.055672 0.741830 0.049370 0.723856 0.040091 0.716387 0.037990 0.713119 0.036064 0.703315 0.033964 0.689309 0.032213 0.668534 0.034139 0.662932 0.035364 0.658964 0.037290 0.646825 0.041141 0.639589 0.044993 0.632820 0.049895 0.625117 0.056898 0.620215 0.064076 0.616947 0.071078 0.615780 0.077381 0.616246 0.084909
1 0.755602 0.000000 0.755135 0.003852 0.750233 0.011380 0.746965 0.022409 0.746265 0.040091 0.747432 0.047094 0.750000 0.053221 0.759337 0.062500 0.764239 0.074580 0.766573 0.078081 0.772409 0.082108 0.775210 0.081583 0.779412 0.082458 0.786648 0.081933 0.801821 0.079307 0.824697 0.079482 0.831232 0.080357 0.833800 0.081232 0.836134 0.083333 0.838469 0.088235 0.838702 0.091912 0.841036 0.093312 0.852241 0.088936 0.859711 0.082108 0.864379 0.074230 0.866246 0.065126 0.865079 0.050420 0.861578 0.036239 0.858077 0.029412 0.855509 0.026261 0.853408 0.021183 0.836835 0.003852 0.833333 0.001751 0.833333 0.000000 0.755602 0.000000
1 0.845938 0.000000 0.845938 0.001926 0.843604 0.004727 0.841970 0.004727 0.841970 0.005602 0.843954 0.005427 0.845705 0.007440 0.846639 0.012255 0.849673 0.015756 0.860644 0.032913 0.863912 0.040616 0.867414 0.059699 0.867180 0.067752 0.865313 0.077381 0.865780 0.078782 0.869748 0.082108 0.881186 0.083508 0.891457 0.082633 0.900794 0.080007 0.919234 0.068452 0.925537 0.060399 0.930439 0.049545 0.932540 0.036415 0.929972 0.027311 0.921802 0.013305 0.917134 0.010154 0.915266 0.007703 0.910831 0.004377 0.907796 0.000000 0.845938 0.000000
1 0.611578 0.000000 0.611578 0.001576 0.605742 0.008403 0.604108 0.011905 0.602474 0.015581 0.603175 0.019083 0.607143 0.026261 0.612512 0.032913 0.624416 0.040966 0.633520 0.044293 0.637021 0.044118 0.644024 0.042192 0.650093 0.039391 0.665966 0.034139 0.685107 0.031863 0.693277 0.032038 0.706349 0.034139 0.727591 0.040091 0.735061 0.036239 0.742297 0.028361 0.744865 0.022584 0.746499 0.015931 0.746265 0.008403 0.744398 0.004027 0.743931 0.000000 0.611578 0.000000
1 0.520542 0.069678 0.541550 0.080007 0.546452 0.081408 0.557423 0.080357 0.567927 0.078782 0.577498 0.076331 0.581699 0.076155 0.584967 0.074755 0.587768 0.072129 0.595938 0.067927 0.601774 0.063901 0.609477 0.056898 0.618581 0.050595 0.619514 0.047969 0.618581 0.039741 0.612745 0.034314 0.606909 0.027311 0.602474 0.020133 0.599907 0.018207 0.598506 0.018032 0.577965 0.032213 0.543184 0.047269 0.527778 0.056548 0.517740 0.060399 0.512372 0.061275 0.508637 0.061099 0.506069 0.063375 0.505602 0.064076 0.520542 0.069678
1 0.550187 0.088410 0.555089 0.096113 0.557190 0.097339 0.602007 0.096989 0.614379 0.098039 0.616013 0.097864 0.617414 0.096113 0.616246 0.090861 0.612745 0.083333 0.610644 0.081933 0.602241 0.079482 0.595238 0.078431 0.580766 0.078256 0.560924 0.080882 0.551120 0.081408 0.549953 0.081758 0.549020 0.083508 0.548786 0.085084 0.550187 0.088410
1 0.451214 0.000000 0.450514 0.002626 0.445845 0.008403 0.442344 0.015406 0.439309 0.025385 0.438609 0.032563 0.439309 0.040441 0.446312 0.050070 0.453548 0.055322 0.456349 0.056548 0.474090 0.059699 0.487395 0.061275 0.505135 0.061625 0.512372 0.060574 0.518908 0.059174 0.523810 0.056548 0.528245 0.055497 0.538749 0.048669 0.562792 0.037290 0.573296 0.033964 0.578198 0.031162 0.584734 0.026961 0.598039 0.016457 0.603641 0.008578 0.607143 0.001926 0.607143 0.000000 0.451214 0.000000
1 0.372549 0.000000 0.365546 0.012955 0.360644 0.020133 0.358077 0.026085 0.355275 0.029412 0.352241 0.039741 0.352241 0.050945 0.354575 0.057248 0.358543 0.061275 0.369748 0.069153 0.376751 0.071254 0.390523 0.073004 0.400794 0.072479 0.420401 0.063550 0.443978 0.056197 0.445845 0.053571 0.444911 0.050420 0.441877 0.047269 0.438142 0.040091 0.437442 0.032563 0.441176 0.014706 0.444911 0.007528 0.449346 0.001751 0.449346 0.000000 0.372549 0.000000
1 0.310924 0.108018 0.312558 0.108543 0.387021 0.102591 0.388655 0.100140 0.388889 0.093312 0.392857 0.085784 0.401261 0.074580 0.383754 0.072479 0.376050 0.072479 0.369748 0.074405 0.359010 0.077906 0.334734 0.087885 0.317460 0.098564 0.313259 0.102416 0.310224 0.105742 0.310924 0.108018
1 0.296218 0.000000 0.295518 0.012255 0.296452 0.015756 0.299953 0.026085 0.307423 0.033613 0.321195 0.041667 0.330999 0.043943 0.338235 0.043943 0.352241 0.036940 0.354575 0.029762 0.366713 0.009279 0.370682 0.001751 0.370682 0.000000 0.296218 0.000000
1 0.237628 0.090861 0.240896 0.091912 0.256536 0.094013 0.267740 0.097164 0.283847 0.106793 0.289916 0.111520 0.291783 0.111870 0.296685 0.111520 0.307190 0.108018 0.329132 0.088235 0.330999 0.085084 0.328665 0.071779 0.324697 0.060749 0.324930 0.056548 0.318627 0.042892 0.302054 0.030462 0.296919 0.028011 0.289449 0.026961 0.279879 0.026786 0.268908 0.028887 0.257703 0.035539 0.242997 0.050420 0.237395 0.063901 0.235994 0.073704 0.235761 0.088761 0.237628 0.090861
1 0.329599 0.070903 0.332166 0.084209 0.334267 0.085959 0.341737 0.084559 0.351307 0.080532 0.365780 0.075980 0.373249 0.072829 0.375584 0.071078 0.359244 0.062150 0.354575 0.057773 0.352474 0.053746 0.351774 0.048669 0.352241 0.039916 0.348739 0.040266 0.345472 0.041667 0.335434 0.047619 0.328198 0.053922 0.326564 0.058123 0.326097 0.060924 0.329599 0.070903
1 0.174603 0.056373 0.181139 0.068978 0.188609 0.076856 0.196312 0.081933 0.213819 0.088410 0.216853 0.090336 0.224090 0.090686 0.233427 0.089111 0.234360 0.087885 0.235061 0.082633 0.235528 0.071254 0.239029 0.058999 0.243464 0.049370 0.255602 0.036415 0.255369 0.032913 0.247199 0.023109 0.241130 0.018382 0.224090 0.011029 0.219888 0.011029 0.213119 0.008578 0.209384 0.008053 0.200047 0.007703 0.189309 0.012955 0.182073 0.019433 0.175537 0.029762 0.173436 0.036765 0.173436 0.051296 0.174603 0.056373
1 0.225724 0.000000 0.225724 0.001576 0.230859 0.012080 0.244865 0.020308 0.254902 0.030462 0.258637 0.033263 0.267040 0.028711 0.275677 0.026436 0.284080 0.026085 0.297386 0.026786 0.298086 0.025910 0.297619 0.022759 0.294585 0.012955 0.294585 0.004202 0.295518 0.000000 0.225724 0.000000
1 0.142624 0.109419 0.144958 0.115021 0.147526 0.116597 0.161531 0.111345 0.168301 0.107668 0.174837 0.105917 0.198413 0.097164 0.210317 0.094013 0.213585 0.093838 0.216387 0.091912 0.211018 0.088235 0.185574 0.077906 0.171802 0.077031 0.168534 0.078957 0.164799 0.078957 0.161298 0.080182 0.154762 0.084209 0.147059 0.091562 0.142390 0.099265 0.141923 0.106443 0.142624 0.109419
1 0.000000 0.155112 0.020308 0.157913 0.031513 0.160364 0.060224 0.169118 0.065359 0.167542 0.066527 0.164391 0.064659 0.160189 0.063259 0.151261 0.064192 0.143732 0.065359 0.141106 0.069795 0.135154 0.073529 0.132353 0.084967 0.126751 0.087302 0.126401 0.091270 0.123249 0.084034 0.119398 0.067460 0.115196 0.050654 0.107318 0.047386 0.106618 0.039449 0.107318 0.025910 0.110294 0.019141 0.112745 0.009104 0.119223 0.001867 0.125875 0.000000 0.126050 0.000000 0.155112
1 0.045985 0.096814 0.053221 0.105742 0.063492 0.113095 0.081466 0.117997 0.094771 0.119223 0.111811 0.119398 0.126751 0.117997 0.137021 0.115546 0.140056 0.114146 0.141923 0.111345 0.141923 0.099790 0.143324 0.095413 0.145892 0.091737 0.156396 0.082108 0.160131 0.079482 0.165966 0.077206 0.169001 0.074405 0.165500 0.067052 0.156162 0.058824 0.151261 0.056548 0.123483 0.051471 0.111345 0.050245 0.088469 0.050420 0.085201 0.051646 0.077731 0.052346 0.072362 0.053746 0.063492 0.056898 0.057190 0.060049 0.048086 0.067577 0.044118 0.074405 0.041317 0.082108 0.042017 0.089811 0.045985 0.096814
1 0.101774 0.000000 0.099907 0.003501 0.094071 0.008578 0.088936 0.014881 0.084500 0.023810 0.084034 0.026436 0.085668 0.029937 0.097339 0.041141 0.110644 0.048144 0.116713 0.049895 0.157563 0.056197 0.165500 0.056548 0.170168 0.055147 0.171802 0.053746 0.172502 0.039566 0.174370 0.031162 0.179739 0.021884 0.187208 0.014356 0.196078 0.008403 0.202148 0.006828 0.216853 0.008754 0.223856 0.011029 0.225957 0.008578 0.223389 0.004027 0.220822 0.001576 0.220822 0.000000 0.101774 0.000000
1 0.000000 0.068452 0.046218 0.066527 0.058357 0.058473 0.071195 0.053396 0.081699 0.050245 0.082866 0.048845 0.083800 0.044643 0.083567 0.039741 0.079365 0.030637 0.073996 0.025385 0.066993 0.021008 0.045985 0.015406 0.033613 0.014531 0.025677 0.015231 0.022642 0.016457 0.015640 0.017682 0.008403 0.020658 0.004202 0.021008 0.000000 0.022409 0.000000 0.068452
1 0.000000 0.122899 0.001634 0.122899 0.007470 0.118347 0.023810 0.110294 0.031513 0.108018 0.046452 0.105217 0.048553 0.104167 0.049253 0.102941 0.040616 0.087535 0.041083 0.080357 0.046452 0.067577 0.043184 0.066877 0.004435 0.068452 0.000000 0.068978 0.000000 0.122899
1 0.070495 0.000000 0.066293 0.015231 0.065826 0.019083 0.070261 0.022584 0.072596 0.023459 0.077731 0.028011 0.081466 0.032388 0.084034 0.034139 0.084967 0.036239 0.088469 0.037465 0.088702 0.036239 0.084500 0.029587 0.084267 0.025560 0.085434 0.021884 0.091737 0.011029 0.101774 0.001751 0.101774 0.000000 0.070495 0.000000
1 0.064893 0.157563 0.068627 0.165266 0.071195 0.167017 0.078665 0.162640 0.096872 0.146359 0.101774 0.143908 0.109244 0.137955 0.123016 0.130252 0.127451 0.126401 0.125117 0.125000 0.116947 0.123249 0.099673 0.124125 0.089869 0.126050 0.077965 0.130252 0.073063 0.132878 0.066060 0.140581 0.063959 0.144958 0.063259 0.151611 0.064893 0.157563
1 0.810458 0.215336 0.818394 0.218662 0.825397 0.222864 0.836601 0.231968 0.839169 0.233193 0.840103 0.231268 0.839402 0.227766 0.835201 0.218662 0.823996 0.204482 0.814192 0.198529 0.811858 0.199580 0.811158 0.201155 0.809757 0.209209 0.809524 0.213410 0.810458 0.215336
1 0.903595 0.166141 0.915500 0.166141 0.918301 0.165616 0.919701 0.164566 0.921802 0.160889 0.923203 0.155287 0.922969 0.147934 0.921335 0.143207 0.914799 0.140756 0.911298 0.141632 0.909664 0.142857 0.907096 0.146359 0.900327 0.161940 0.900093 0.164916 0.903595 0.166141
1 0.986228 0.099790 0.994398 0.101541 0.999767 0.101541 0.999767 0.043768 0.998133 0.043768 0.996265 0.046043 0.993931 0.051296 0.991130 0.063901 0.990663 0.075630 0.989496 0.082108 0.985528 0.095238 0.985061 0.098915 0.986228 0.099790
1 0.036415 0.000000 0.036415 0.001576 0.039449 0.008929 0.043417 0.013305 0.050420 0.016457 0.064426 0.019433 0.065826 0.017857 0.066527 0.012430 0.070261 0.000000 0.036415 0.000000
1 0.103175 0.050245 0.107143 0.048669 0.107376 0.046919 0.106676 0.046394 0.098739 0.042367 0.093371 0.041141 0.091970 0.039741 0.091270 0.040091 0.084734 0.050420 0.103175 0.050245
1 0.172035 0.075105 0.182540 0.077906 0.187208 0.078081 0.186275 0.074405 0.178571 0.062850 0.175303 0.061450 0.169468 0.066527 0.169701 0.071429 0.172035 0.075105
1 0.922502 0.015581 0.924370 0.019783 0.929739 0.027661 0.932306 0.037815 0.935574 0.039916 0.937675 0.036415 0.949346 0.028186 0.957049 0.024685 0.964753 0.022409 0.958217 0.015231 0.952614 0.012605 0.935574 0.009804 0.923436 0.011380 0.922502 0.012080 0.922502 0.015581
1 0.923203 0.000000 0.922035 0.002451 0.919001 0.005077 0.918768 0.008578 0.925070 0.011204 0.926937 0.010154 0.931606 0.009454 0.944444 0.010504 0.956116 0.014531 0.962418 0.019433 0.966620 0.021359 0.980626 0.021884 0.994865 0.026261 0.992764 0.021884 0.981326 0.011555 0.974556 0.007353 0.973856 0.005252 0.969888 0.005077 0.968721 0.003852 0.963585 0.002101 0.960084 0.002276 0.958917 0.001751 0.958917 0.000000 0.923203 0.000000
1 0.799720 0.980567 0.803221 0.984244 0.813959 0.992122 0.823996 0.997724 0.824697 0.999825 0.869981 0.999825 0.869981 0.998249 0.848739 0.991246 0.830766 0.986169 0.827031 0.984244 0.822129 0.983368 0.811391 0.979692 0.799253 0.976891 0.798319 0.977591 0.799720 0.980567