0 0.358310 0.432248 0.362512 0.444153 0.366246 0.448704 0.372082 0.458333 0.379085 0.466737 0.383520 0.470588 0.390289 0.478466 0.405696 0.491597 0.413866 0.496499 0.417600 0.499650 0.446078 0.514006 0.457983 0.517332 0.463819 0.519958 0.480626 0.525560 0.486461 0.525385 0.494631 0.528711 0.506536 0.530112 0.511905 0.532213 0.519608 0.533438 0.526377 0.533613 0.529412 0.532738 0.532213 0.533789 0.545518 0.534314 0.550187 0.533789 0.580766 0.535889 0.596639 0.536064 0.605509 0.535014 0.614379 0.535014 0.623483 0.533789 0.626984 0.532388 0.633520 0.532038 0.641923 0.529412 0.657796 0.528186 0.679272 0.524160 0.692344 0.520658 0.698880 0.517507 0.711251 0.513480 0.715686 0.510854 0.728758 0.505427 0.739262 0.499650 0.748366 0.493172 0.756069 0.485994 0.758170 0.483018 0.762605 0.479517 0.767040 0.469888 0.771709 0.456057 0.772409 0.442577 0.771475 0.432073 0.769141 0.425070 0.765640 0.418242 0.762138 0.413866 0.761671 0.411765 0.752568 0.400560 0.721289 0.376401 0.707516 0.369223 0.699346 0.366246 0.692344 0.362570 0.685574 0.360119 0.674370 0.357318 0.672035 0.355742 0.661531 0.352241 0.657330 0.352066 0.636788 0.346639 0.610177 0.342962 0.596405 0.341912 0.569561 0.341211 0.539683 0.342962 0.466853 0.352416 0.456349 0.354167 0.449346 0.356618 0.433940 0.359594 0.405929 0.369748 0.402194 0.372199 0.393791 0.375175 0.371615 0.389706 0.364146 0.397584 0.359944 0.404587 0.357143 0.412290 0.356676 0.419818 0.358310 0.432248
0 0.696779 0.161415 0.707516 0.170868 0.714286 0.179272 0.718954 0.194153 0.727591 0.197654 0.733894 0.198704 0.740663 0.200980 0.785948 0.206408 0.792250 0.206057 0.805789 0.207283 0.828431 0.207108 0.835901 0.206057 0.841970 0.206408 0.852241 0.205007 0.859010 0.204832 0.897526 0.198354 0.917134 0.191702 0.925070 0.187500 0.935808 0.183999 0.939076 0.181898 0.944444 0.179972 0.953782 0.174370 0.963819 0.170168 0.969655 0.166667 0.986928 0.154062 0.992764 0.147234 0.996732 0.140581 0.997199 0.130077 0.998133 0.128326 0.999767 0.128326 0.999767 0.095763 0.997432 0.094013 0.997199 0.092087 0.992764 0.084909 0.988562 0.080182 0.984127 0.077381 0.969655 0.071078 0.946545 0.067227 0.919234 0.065826 0.890056 0.067052 0.866246 0.069853 0.830766 0.077206 0.804388 0.084909 0.784314 0.091912 0.754669 0.105742 0.748366 0.109944 0.741830 0.112570 0.734594 0.117472 0.720121 0.129727 0.710784 0.135854 0.705182 0.140756 0.696312 0.154412 0.695612 0.157913 0.696779 0.161415
0 0.594771 0.602066 0.598973 0.608193 0.600607 0.609244 0.611111 0.614671 0.612745 0.616597 0.623249 0.620448 0.626517 0.623249 0.634921 0.625700 0.654295 0.633228 0.656162 0.633053 0.674837 0.638480 0.675303 0.639181 0.682073 0.641457 0.727124 0.646709 0.745098 0.647409 0.753735 0.649160 0.760738 0.649685 0.791278 0.650385 0.814893 0.651961 0.841737 0.648810 0.862745 0.644958 0.908030 0.627976 0.926937 0.614671 0.931839 0.612570 0.938764 0.606501 0.948413 0.599790 0.961718 0.585784 0.971522 0.571254 0.976891 0.557248 0.977824 0.550070 0.977358 0.539566 0.978525 0.536415 0.974090 0.526961 0.937442 0.494748 0.936041 0.493697 0.915266 0.486169 0.900093 0.482493 0.859477 0.476541 0.831466 0.474965 0.792484 0.476541 0.775677 0.477941 0.764239 0.480567 0.758870 0.484419 0.753968 0.490721 0.748366 0.493873 0.741363 0.499650 0.735761 0.503151 0.728291 0.507353 0.717087 0.511555 0.700280 0.519608 0.681839 0.524335 0.678571 0.525735 0.661765 0.528361 0.647292 0.531513 0.644725 0.532738 0.637722 0.532913 0.630719 0.535714 0.626517 0.536239 0.617647 0.543067 0.605976 0.555672 0.596405 0.570903 0.593604 0.578081 0.592204 0.584909 0.592670 0.596639 0.594771 0.602066
0 0.074930 0.498424 0.075630 0.502976 0.081933 0.515231 0.094538 0.527311 0.098973 0.529237 0.105042 0.534839 0.126284 0.546919 0.136788 0.550945 0.141690 0.553922 0.196078 0.577031 0.237395 0.589811 0.255369 0.592962 0.265640 0.596814 0.303688 0.601541 0.312792 0.601716 0.324463 0.604167 0.343838 0.604692 0.349907 0.605567 0.366480 0.605217 0.370215 0.604342 0.373016 0.605042 0.388422 0.604867 0.408030 0.606443 0.428805 0.604342 0.435808 0.602591 0.445845 0.598564 0.452848 0.597514 0.462652 0.592262 0.467554 0.588410 0.470822 0.584384 0.482960 0.564076 0.484127 0.553046 0.485061 0.550945 0.485294 0.542892 0.479925 0.529412 0.476891 0.526961 0.470355 0.523634 0.445845 0.515581 0.419001 0.501926 0.395425 0.484944 0.386788 0.477066 0.383754 0.473214 0.375117 0.468662 0.346405 0.459559 0.331466 0.456408 0.324463 0.454132 0.307190 0.450805 0.289216 0.447654 0.282446 0.447304 0.279178 0.446254 0.252334 0.442752 0.184641 0.443102 0.182306 0.442402 0.167134 0.443803 0.161298 0.443627 0.157563 0.445203 0.150794 0.446078 0.144024 0.449230 0.140056 0.449405 0.133053 0.448179 0.124416 0.451155 0.116013 0.453081 0.109477 0.456232 0.105509 0.456408 0.101541 0.457983 0.089636 0.465861 0.086835 0.466912 0.083567 0.470238 0.078665 0.472689 0.077264 0.474265 0.074930 0.480567 0.074697 0.484244 0.071662 0.487920 0.071195 0.491422 0.074930 0.498424
1 0.000000 0.000000 0.000000 0.047969 0.011905 0.049895 0.018908 0.048494 0.032913 0.043417 0.037115 0.040091 0.043651 0.033263 0.048086 0.023810 0.051120 0.006828 0.049953 0.000000 0.000000 0.000000
1 0.057890 0.000000 0.052521 0.008403 0.050187 0.017507 0.050187 0.026261 0.052054 0.032913 0.060224 0.045868 0.068627 0.056197 0.074230 0.062325 0.089869 0.074055 0.095472 0.075630 0.102241 0.080357 0.147526 0.088761 0.168067 0.081057 0.181606 0.078081 0.195378 0.076506 0.215219 0.075630 0.229225 0.076506 0.232726 0.075980 0.235294 0.074580 0.225490 0.053746 0.219655 0.044293 0.216620 0.042367 0.214986 0.040266 0.220355 0.030112 0.221522 0.024860 0.223856 0.022409 0.226891 0.015231 0.224323 0.011730 0.213585 0.003501 0.208917 0.001926 0.208450 0.000000 0.057890 0.000000
1 0.221989 0.046394 0.237628 0.071254 0.238095 0.074580 0.244865 0.077381 0.250934 0.078431 0.255135 0.078606 0.258637 0.077206 0.263772 0.063550 0.266807 0.059174 0.271475 0.055672 0.275910 0.054097 0.279178 0.053396 0.282913 0.053746 0.285481 0.051996 0.288749 0.051296 0.297152 0.051646 0.307423 0.049720 0.316760 0.050595 0.332166 0.049720 0.338235 0.048845 0.339169 0.047094 0.331466 0.037815 0.324463 0.031688 0.301821 0.018382 0.282680 0.009629 0.273576 0.006653 0.259337 0.003676 0.250934 0.004027 0.240663 0.008053 0.232026 0.013130 0.225257 0.022059 0.221289 0.033789 0.221055 0.041667 0.221989 0.046394
1 0.292717 0.000000 0.292717 0.002276 0.293884 0.008754 0.296685 0.013305 0.300420 0.016457 0.309757 0.021008 0.321429 0.028361 0.334034 0.038340 0.341970 0.047094 0.352007 0.049370 0.362512 0.050245 0.373950 0.050245 0.390523 0.049545 0.395658 0.044468 0.404295 0.037815 0.409897 0.034839 0.426704 0.029412 0.430906 0.026436 0.430439 0.022059 0.423669 0.013305 0.421569 0.011029 0.418768 0.009979 0.416667 0.007528 0.411998 0.004902 0.408730 0.001576 0.408730 0.000000 0.292717 0.000000
1 0.411998 0.000000 0.411998 0.001751 0.418067 0.007703 0.423203 0.011029 0.434174 0.024510 0.436508 0.025910 0.439309 0.026261 0.465686 0.022759 0.510971 0.020133 0.513305 0.018908 0.514472 0.016632 0.517274 0.006828 0.518207 0.000000 0.411998 0.000000
1 0.523343 0.000000 0.517507 0.015406 0.517040 0.018908 0.517974 0.019608 0.528711 0.021709 0.602708 0.024685 0.605275 0.023459 0.609711 0.017682 0.613679 0.005602 0.614613 0.000000 0.523343 0.000000
1 0.666667 0.000000 0.666667 0.001926 0.670635 0.009979 0.673903 0.014006 0.676237 0.015581 0.699346 0.024160 0.714052 0.025210 0.720588 0.024860 0.739496 0.019958 0.746732 0.016282 0.755135 0.013305 0.761905 0.008578 0.765873 0.001751 0.765873 0.000000 0.666667 0.000000
1 0.767974 0.000000 0.767974 0.001576 0.763072 0.009629 0.762838 0.015406 0.765173 0.021359 0.767974 0.027136 0.772176 0.030462 0.783847 0.035364 0.799953 0.044468 0.810458 0.048319 0.818394 0.049545 0.836134 0.049195 0.848973 0.047444 0.858777 0.044818 0.866246 0.044818 0.870682 0.042717 0.879785 0.040091 0.893324 0.033789 0.904995 0.027311 0.917367 0.017857 0.926004 0.005427 0.927404 0.000000 0.767974 0.000000
1 0.870915 0.053571 0.875584 0.061450 0.880719 0.065126 0.884687 0.065826 0.928571 0.065126 0.950047 0.066702 0.965453 0.069328 0.967787 0.069153 0.970121 0.067752 0.974556 0.060924 0.976424 0.057073 0.978992 0.046744 0.977824 0.044293 0.977824 0.039391 0.976190 0.032738 0.972689 0.026961 0.970121 0.024510 0.964753 0.020483 0.956583 0.016106 0.949113 0.013480 0.939309 0.011730 0.928805 0.008578 0.923903 0.010679 0.915033 0.020658 0.906629 0.026611 0.894024 0.033789 0.890056 0.035189 0.886088 0.038165 0.873483 0.043417 0.869981 0.046919 0.870915 0.053571
1 0.692110 0.062325 0.692344 0.064076 0.700514 0.074055 0.711718 0.094888 0.718954 0.103466 0.720588 0.104692 0.730392 0.107843 0.734594 0.110119 0.741130 0.112045 0.763539 0.100665 0.775210 0.095588 0.778945 0.093137 0.806489 0.083508 0.825163 0.078256 0.827965 0.076506 0.829132 0.074755 0.827031 0.070203 0.820728 0.064426 0.813259 0.055497 0.801587 0.046394 0.793651 0.041842 0.785948 0.038690 0.782913 0.036239 0.775677 0.032563 0.771008 0.031162 0.768908 0.029762 0.758870 0.028011 0.739496 0.027136 0.730159 0.028361 0.722456 0.030287 0.706583 0.036239 0.696078 0.046394 0.693511 0.050070 0.691176 0.057248 0.690710 0.060749 0.692110 0.062325
1 0.619748 0.029412 0.625350 0.030287 0.633987 0.033789 0.650560 0.038165 0.676004 0.051646 0.685808 0.058473 0.687675 0.058824 0.689076 0.060399 0.694678 0.047269 0.696545 0.044643 0.705649 0.036239 0.704715 0.031863 0.700047 0.026436 0.693044 0.022759 0.672035 0.015056 0.650794 0.016807 0.619748 0.022234 0.612045 0.025910 0.619748 0.029412
1 0.391457 0.095588 0.394491 0.100490 0.399393 0.112745 0.403361 0.119223 0.404528 0.123424 0.407563 0.124825 0.411298 0.125175 0.418067 0.122724 0.432773 0.119398 0.449580 0.117297 0.469888 0.116772 0.495565 0.117122 0.506769 0.118347 0.536415 0.119923 0.546919 0.121849 0.574697 0.124825 0.584734 0.126751 0.591737 0.129202 0.595472 0.129377 0.601774 0.131303 0.616246 0.133929 0.639356 0.140581 0.647526 0.143732 0.650794 0.143908 0.654762 0.145833 0.662465 0.147409 0.685341 0.156338 0.689076 0.156863 0.693044 0.155287 0.702614 0.141106 0.707283 0.137430 0.710317 0.132003 0.711951 0.122549 0.710551 0.107493 0.710784 0.098564 0.705415 0.084909 0.700514 0.076681 0.692577 0.066527 0.685808 0.059874 0.671569 0.049720 0.666900 0.047794 0.654062 0.040441 0.616246 0.028536 0.585668 0.023985 0.561625 0.023634 0.555556 0.022584 0.544818 0.023109 0.540383 0.022584 0.524276 0.022759 0.514472 0.021709 0.483427 0.022234 0.442110 0.026961 0.425303 0.031338 0.411298 0.036064 0.399393 0.043417 0.395892 0.046744 0.390523 0.054797 0.387955 0.061450 0.386788 0.070903 0.387955 0.084384 0.391457 0.095588
1 0.260037 0.085259 0.261905 0.101716 0.264939 0.111520 0.272176 0.123775 0.275910 0.127976 0.279412 0.128326 0.301587 0.124475 0.324930 0.123950 0.364146 0.129377 0.380252 0.134629 0.383754 0.134979 0.397526 0.130077 0.404062 0.126576 0.404528 0.123074 0.393091 0.102416 0.386321 0.081933 0.385621 0.075980 0.386088 0.065826 0.390289 0.053746 0.388655 0.050770 0.350490 0.050770 0.341270 0.049895 0.321195 0.050945 0.304855 0.050770 0.298086 0.052171 0.287815 0.052346 0.281746 0.054097 0.275444 0.054447 0.271242 0.055847 0.268908 0.057248 0.263539 0.064251 0.258637 0.081057 0.260037 0.085259
1 0.340336 0.282738 0.341503 0.289041 0.345238 0.294993 0.351541 0.300945 0.355275 0.306373 0.365546 0.314426 0.369981 0.319153 0.373483 0.320553 0.378151 0.324405 0.384220 0.326856 0.387255 0.329307 0.401027 0.334209 0.408030 0.334209 0.412465 0.335259 0.414799 0.339461 0.418067 0.339461 0.421335 0.340511 0.424837 0.339461 0.426704 0.339811 0.428338 0.341912 0.438375 0.347339 0.455415 0.352766 0.467087 0.351190 0.473389 0.349265 0.480626 0.348564 0.484360 0.347514 0.509104 0.345938 0.532446 0.342262 0.553688 0.341036 0.565593 0.339636 0.615079 0.342262 0.628618 0.344188 0.654528 0.349965 0.661298 0.350840 0.668067 0.346639 0.671802 0.345763 0.674136 0.343312 0.678571 0.341912 0.679505 0.340161 0.691877 0.331583 0.702381 0.317752 0.705415 0.307248 0.708217 0.279412 0.707750 0.272409 0.704715 0.258754 0.697479 0.245448 0.695845 0.243873 0.678571 0.233018 0.672269 0.229867 0.637021 0.216912 0.581232 0.204307 0.550187 0.200455 0.520308 0.198704 0.490663 0.198704 0.461718 0.200105 0.419234 0.203957 0.405462 0.206232 0.392624 0.209384 0.382820 0.212710 0.373249 0.217787 0.348273 0.238445 0.341503 0.248249 0.340803 0.254727 0.338002 0.257878 0.334967 0.267332 0.335434 0.275910 0.340336 0.282738
1 0.355742 0.185924 0.359711 0.190301 0.361345 0.193978 0.367180 0.196604 0.366713 0.199580 0.369748 0.203256 0.377451 0.210959 0.380019 0.212010 0.383520 0.211835 0.390756 0.209034 0.404062 0.205707 0.421802 0.202731 0.439309 0.201681 0.456583 0.199755 0.460551 0.200280 0.483193 0.198354 0.495098 0.198704 0.510037 0.198004 0.525910 0.198004 0.541317 0.198880 0.574463 0.203081 0.588002 0.205532 0.593371 0.207108 0.616246 0.211310 0.644725 0.219013 0.665733 0.226716 0.678338 0.232318 0.690009 0.240021 0.696078 0.245098 0.701447 0.243697 0.704949 0.240196 0.709150 0.237920 0.710317 0.234594 0.715219 0.227416 0.718021 0.216737 0.719655 0.213585 0.719421 0.210259 0.716620 0.205357 0.716620 0.191001 0.714986 0.182423 0.710551 0.175245 0.706349 0.170518 0.692344 0.159489 0.682773 0.155987 0.679038 0.153887 0.658030 0.146359 0.636555 0.140231 0.615780 0.134629 0.603408 0.132178 0.595005 0.129552 0.564192 0.123775 0.525910 0.119573 0.501167 0.118522 0.494631 0.117647 0.481559 0.117472 0.452614 0.117647 0.441643 0.119048 0.421802 0.122899 0.405229 0.127801 0.383520 0.137080 0.362979 0.154412 0.355275 0.168943 0.354342 0.179272 0.355742 0.185924
1 0.705649 0.257003 0.708917 0.265406 0.708917 0.268908 0.710317 0.271183 0.724556 0.275035 0.780579 0.282038 0.783613 0.282038 0.785247 0.281162 0.786415 0.275735 0.785014 0.273284 0.783147 0.265581 0.784080 0.250000 0.785481 0.245273 0.790616 0.237570 0.792017 0.230742 0.787815 0.223739 0.781979 0.216562 0.770075 0.207283 0.762138 0.205007 0.737395 0.202031 0.733894 0.204657 0.722689 0.207633 0.716620 0.213410 0.717320 0.219713 0.716387 0.224090 0.712185 0.233193 0.709384 0.236870 0.700280 0.245448 0.699346 0.248249 0.705649 0.257003
1 0.787582 0.274510 0.792951 0.282738 0.797152 0.284664 0.818161 0.291317 0.835979 0.300303 0.839402 0.302871 0.847806 0.311975 0.851307 0.314251 0.855742 0.315651 0.862745 0.315476 0.869748 0.312675 0.872782 0.312500 0.889823 0.306723 0.918768 0.299895 0.928105 0.299020 0.942344 0.296394 0.953081 0.295693 0.966620 0.292542 0.978758 0.293067 0.986461 0.292017 0.996265 0.292192 0.999767 0.290966 0.999767 0.192927 0.991363 0.190126 0.984360 0.189251 0.968021 0.188375 0.956116 0.188901 0.946779 0.191352 0.914799 0.195203 0.901727 0.199055 0.873950 0.205357 0.855976 0.207983 0.820495 0.219713 0.801821 0.229167 0.791550 0.237920 0.786415 0.244748 0.784781 0.250525 0.784781 0.268382 0.787582 0.274510
1 0.683940 0.358193 0.722222 0.373950 0.726424 0.374125 0.731559 0.373249 0.758170 0.373599 0.768674 0.374300 0.779645 0.376751 0.788282 0.377626 0.796218 0.377101 0.810691 0.370973 0.815593 0.359419 0.826797 0.344188 0.848039 0.324930 0.848739 0.321078 0.847806 0.315651 0.842904 0.307948 0.834034 0.299720 0.818161 0.292192 0.789683 0.284839 0.775677 0.282213 0.741363 0.276961 0.725023 0.275735 0.720355 0.274160 0.716853 0.274335 0.710084 0.275735 0.710551 0.276436 0.713352 0.276786 0.714986 0.278887 0.716620 0.285889 0.713119 0.289566 0.708917 0.291141 0.707750 0.293067 0.706816 0.310749 0.704482 0.318277 0.700047 0.325105 0.692344 0.333333 0.685107 0.339111 0.669234 0.348739 0.668067 0.350315 0.667367 0.352416 0.683940 0.358193
1 0.814426 0.383578 0.817460 0.389006 0.822596 0.393732 0.833333 0.401085 0.846172 0.408088 0.871849 0.418592 0.890523 0.422444 0.912932 0.425770 0.936741 0.430322 0.955649 0.432248 0.968954 0.433298 0.980626 0.432948 0.991130 0.433648 0.999767 0.431022 0.999767 0.295518 0.998133 0.295518 0.996265 0.294118 0.991597 0.292892 0.974790 0.294468 0.970355 0.293417 0.963352 0.294118 0.957283 0.295693 0.939076 0.297619 0.911298 0.302171 0.892857 0.306548 0.871615 0.313200 0.859010 0.319503 0.855742 0.322479 0.845938 0.327906 0.830065 0.341562 0.819094 0.356092 0.812792 0.369748 0.812325 0.376926 0.814426 0.383578
1 0.740196 0.388831 0.744631 0.393557 0.746732 0.394433 0.753501 0.400210 0.761204 0.408613 0.769374 0.421569 0.773810 0.437500 0.774276 0.449755 0.772176 0.459734 0.765640 0.475490 0.765640 0.477941 0.787815 0.475490 0.810224 0.474265 0.838702 0.474090 0.850140 0.474790 0.852474 0.474615 0.855976 0.472689 0.862512 0.463410 0.865079 0.456758 0.865780 0.450805 0.865079 0.438725 0.861111 0.428746 0.851074 0.414216 0.848039 0.411415 0.826564 0.399160 0.815826 0.390931 0.807423 0.389181 0.796218 0.382353 0.779412 0.377801 0.776377 0.376401 0.765873 0.374825 0.746499 0.373950 0.734827 0.374650 0.724090 0.376576 0.735761 0.387080 0.740196 0.388831
1 0.863445 0.463410 0.857376 0.473915 0.862512 0.475665 0.880252 0.477766 0.907330 0.483018 0.931139 0.490021 0.936275 0.491947 0.939076 0.494223 0.940243 0.493172 0.940476 0.490896 0.939076 0.487395 0.938842 0.476015 0.940243 0.470238 0.943044 0.465511 0.952381 0.456933 0.965453 0.447829 0.988562 0.435574 0.980859 0.433648 0.965219 0.433298 0.942810 0.431022 0.901961 0.424895 0.898459 0.424895 0.883520 0.429272 0.874650 0.433999 0.867180 0.439251 0.866013 0.456933 0.863445 0.463410
1 0.942577 0.494573 0.945845 0.499825 0.958683 0.512080 0.963119 0.515231 0.966620 0.519258 0.977358 0.527311 0.981092 0.528887 0.984594 0.531863 0.989496 0.534489 0.994631 0.536239 0.999767 0.536940 0.999767 0.433473 0.994631 0.434524 0.983660 0.438901 0.970822 0.445378 0.958450 0.453081 0.951681 0.457983 0.943277 0.466036 0.939542 0.473739 0.939309 0.484594 0.942577 0.494573
1 0.978525 0.557248 0.973156 0.571078 0.968254 0.578957 0.952614 0.597339 0.933007 0.613095 0.922736 0.619398 0.912932 0.626576 0.912932 0.629552 0.920868 0.634104 0.950747 0.645658 0.961251 0.648985 0.979925 0.653186 0.991363 0.654762 0.999767 0.654937 0.999767 0.538690 0.984360 0.533613 0.978525 0.535889 0.979458 0.546919 0.978525 0.557248
1 0.668067 0.678746 0.671802 0.678046 0.678805 0.685749 0.706349 0.699580 0.731793 0.709734 0.751634 0.718838 0.771475 0.724615 0.782680 0.729517 0.800187 0.734069 0.803922 0.734244 0.819795 0.737745 0.838235 0.742997 0.862745 0.746849 0.883520 0.748775 0.911765 0.748950 0.937908 0.746499 0.956583 0.742472 0.970121 0.737570 0.982726 0.730392 0.993231 0.720413 0.997432 0.707108 0.999767 0.705357 0.999767 0.687500 0.997432 0.685224 0.996265 0.681373 0.991363 0.674545 0.985294 0.667717 0.977591 0.661239 0.967787 0.654062 0.956816 0.648985 0.954015 0.648459 0.915033 0.633403 0.908263 0.631478 0.900560 0.632353 0.881419 0.639531 0.858543 0.646183 0.855042 0.647934 0.832166 0.651085 0.812092 0.652661 0.795985 0.652136 0.793417 0.651436 0.788515 0.651961 0.767507 0.650210 0.755602 0.650210 0.734360 0.647759 0.730159 0.647934 0.716853 0.645308 0.712185 0.645833 0.707516 0.645308 0.703315 0.644258 0.699113 0.644258 0.689309 0.641982 0.682306 0.642157 0.679505 0.642857 0.675303 0.646008 0.671569 0.660889 0.669935 0.673319 0.668067 0.678746
1 0.771242 0.742822 0.771709 0.759104 0.770308 0.768557 0.767507 0.773810 0.765173 0.776085 0.765173 0.780462 0.767274 0.782913 0.777778 0.789741 0.788982 0.794468 0.792951 0.797444 0.802754 0.801296 0.806956 0.803746 0.816527 0.806723 0.838235 0.815126 0.847106 0.817402 0.867880 0.825280 0.890056 0.830357 0.914799 0.834384 0.924136 0.835259 0.960551 0.835434 0.969421 0.833683 0.976657 0.833508 0.999767 0.827906 0.999767 0.726541 0.997899 0.726190 0.997199 0.723915 0.995098 0.722864 0.992063 0.723739 0.990196 0.726015 0.978058 0.734769 0.962418 0.741246 0.949113 0.745448 0.929038 0.748249 0.909897 0.749300 0.888655 0.749125 0.859711 0.746674 0.838002 0.742997 0.820495 0.738971 0.814192 0.736870 0.796685 0.733894 0.774510 0.728466 0.772642 0.727416 0.766573 0.728817 0.765406 0.730217 0.769141 0.735469 0.771242 0.742822
1 0.806489 0.835434 0.802988 0.841737 0.801821 0.845938 0.804622 0.849265 0.815359 0.855567 0.846172 0.865721 0.887021 0.869398 0.898693 0.869048 0.909664 0.869573 0.929272 0.869048 0.936275 0.868172 0.958917 0.862920 0.975257 0.857493 0.984127 0.853641 0.997199 0.843312 0.999767 0.842612 0.999767 0.829307 0.976657 0.833683 0.969421 0.834034 0.961951 0.835434 0.930205 0.835434 0.914799 0.834384 0.873950 0.826856 0.857376 0.821954 0.827965 0.811275 0.810691 0.806548 0.807190 0.807073 0.807890 0.828161 0.806489 0.835434
1 0.843604 0.883228 0.852007 0.891807 0.869981 0.905112 0.894024 0.913165 0.912232 0.915966 0.945845 0.917717 0.953782 0.917542 0.977358 0.914041 0.991130 0.910539 0.996265 0.908613 0.998133 0.906688 0.999767 0.906688 0.999767 0.846113 0.994631 0.846989 0.984594 0.853817 0.971522 0.859594 0.960084 0.863270 0.935574 0.868347 0.923047 0.869223 0.885387 0.869398 0.869748 0.866947 0.855275 0.866422 0.852474 0.867297 0.848739 0.866947 0.845472 0.867822 0.842904 0.870448 0.842670 0.880602 0.843604 0.883228
1 0.316527 0.630252 0.320261 0.636905 0.324463 0.641632 0.331933 0.652661 0.338235 0.656338 0.348273 0.666667 0.373716 0.679447 0.411298 0.693452 0.453081 0.705532 0.481092 0.711835 0.515406 0.715511 0.540149 0.716562 0.574463 0.714636 0.595238 0.710959 0.609010 0.707283 0.623249 0.702031 0.636088 0.696078 0.644024 0.690476 0.650560 0.687850 0.658730 0.682073 0.664799 0.674895 0.667600 0.668417 0.669935 0.653887 0.671802 0.647759 0.671802 0.640581 0.651027 0.633578 0.641923 0.631478 0.631419 0.626751 0.623249 0.624125 0.617414 0.621499 0.599206 0.610469 0.591503 0.601716 0.589869 0.595763 0.588702 0.584034 0.587535 0.581408 0.574463 0.576506 0.553688 0.571254 0.501867 0.561800 0.487862 0.559874 0.482726 0.564251 0.481793 0.567577 0.475957 0.576506 0.471989 0.584909 0.469421 0.588060 0.463119 0.593312 0.450047 0.600490 0.439542 0.602766 0.435341 0.604342 0.411531 0.607668 0.397059 0.607318 0.387021 0.606092 0.354108 0.607143 0.334967 0.605392 0.320495 0.605217 0.317694 0.606793 0.315359 0.615196 0.315126 0.620448 0.316527 0.630252
1 0.457516 0.748599 0.460784 0.755602 0.469888 0.764706 0.486928 0.776085 0.515173 0.788165 0.546919 0.797619 0.560691 0.800770 0.577731 0.802871 0.619048 0.806022 0.665266 0.806548 0.689309 0.804447 0.696312 0.802521 0.714052 0.799370 0.725257 0.795693 0.735294 0.793417 0.742764 0.790616 0.754669 0.784664 0.760504 0.780287 0.763305 0.776961 0.766807 0.769608 0.768441 0.758228 0.770308 0.754027 0.769608 0.744223 0.763305 0.732143 0.753968 0.723214 0.748599 0.719188 0.738095 0.714986 0.734127 0.712535 0.702848 0.699755 0.678571 0.688025 0.674370 0.686800 0.671802 0.685049 0.665266 0.683298 0.661298 0.683298 0.658263 0.684524 0.655229 0.686625 0.650794 0.688375 0.642390 0.694153 0.626984 0.701331 0.610878 0.707633 0.585434 0.714286 0.564659 0.716387 0.534781 0.717437 0.488796 0.714111 0.467787 0.710784 0.460084 0.711485 0.457983 0.716562 0.458683 0.738971 0.457516 0.748599
1 0.551821 0.831232 0.547852 0.845588 0.544351 0.852066 0.545051 0.855917 0.554388 0.862745 0.570962 0.870973 0.602708 0.880777 0.610411 0.882353 0.643557 0.883578 0.665266 0.883578 0.684874 0.882703 0.705182 0.880427 0.738562 0.874475 0.752801 0.868697 0.758637 0.867297 0.764706 0.864496 0.777778 0.860294 0.787348 0.855392 0.798319 0.847164 0.804622 0.836835 0.806256 0.831758 0.806256 0.813375 0.805322 0.807773 0.804155 0.805847 0.795752 0.800245 0.781979 0.793067 0.771475 0.788690 0.765640 0.785014 0.759104 0.783438 0.738095 0.793417 0.709851 0.801120 0.683707 0.806197 0.668534 0.807423 0.644958 0.806548 0.623016 0.806723 0.590803 0.803746 0.573996 0.803571 0.558824 0.801471 0.553688 0.801471 0.550187 0.802521 0.549253 0.805322 0.551587 0.820553 0.551821 0.831232
1 0.611345 0.894258 0.620448 0.901261 0.654295 0.914391 0.682306 0.921394 0.687208 0.921569 0.696312 0.924020 0.703548 0.924020 0.709851 0.926120 0.754902 0.928046 0.770075 0.927696 0.782913 0.925245 0.804155 0.918943 0.815359 0.912465 0.825397 0.905462 0.832400 0.897584 0.838469 0.886905 0.840103 0.880427 0.840103 0.869223 0.839169 0.865721 0.833800 0.862745 0.803922 0.852416 0.799253 0.851716 0.789216 0.854692 0.773343 0.862920 0.752101 0.870098 0.736928 0.874825 0.730159 0.875875 0.726190 0.877626 0.720121 0.878151 0.713585 0.879727 0.675537 0.883754 0.646592 0.884279 0.637021 0.883228 0.619514 0.883403 0.606443 0.882003 0.603408 0.883053 0.602708 0.883578 0.611345 0.894258
1 0.487162 0.551120 0.486228 0.557598 0.487862 0.559349 0.525910 0.565126 0.565593 0.572654 0.571195 0.572654 0.574463 0.571779 0.577731 0.570203 0.583333 0.568978 0.586835 0.566877 0.597572 0.563200 0.605275 0.554097 0.619514 0.539916 0.620915 0.537640 0.623016 0.536415 0.619748 0.535189 0.576564 0.536064 0.551120 0.534314 0.528245 0.533613 0.512838 0.531688 0.505602 0.529937 0.501167 0.530112 0.486928 0.526786 0.484127 0.526611 0.482260 0.527486 0.481559 0.528711 0.486928 0.540441 0.487162 0.551120
1 0.150327 0.390406 0.150327 0.397584 0.154062 0.406162 0.161298 0.416141 0.167600 0.423144 0.174136 0.428046 0.177638 0.432598 0.186041 0.435574 0.193044 0.441001 0.199580 0.442577 0.241597 0.442052 0.292017 0.446954 0.338002 0.456408 0.362512 0.463761 0.373249 0.465686 0.374650 0.463410 0.371148 0.459384 0.362512 0.446078 0.355976 0.428571 0.355509 0.413866 0.357143 0.408263 0.361345 0.400035 0.364613 0.395133 0.369748 0.390056 0.390756 0.375525 0.404295 0.369223 0.415266 0.365196 0.421802 0.363620 0.428571 0.359244 0.421569 0.355742 0.409430 0.351716 0.373016 0.341562 0.337535 0.334559 0.315593 0.331232 0.296685 0.329482 0.276144 0.328431 0.264006 0.328606 0.251867 0.329307 0.247666 0.330532 0.237862 0.331583 0.230859 0.331758 0.218954 0.334559 0.215686 0.336134 0.199346 0.341036 0.196545 0.343312 0.184407 0.347864 0.176237 0.352591 0.164566 0.362745 0.163399 0.364671 0.161298 0.365721 0.156396 0.373074 0.151727 0.388305 0.150327 0.390406
1 0.229458 0.327906 0.231092 0.329657 0.233894 0.330532 0.238329 0.330707 0.246965 0.329307 0.267274 0.328081 0.284314 0.328256 0.298086 0.329307 0.325864 0.332458 0.380252 0.343312 0.410598 0.351541 0.428805 0.357843 0.434407 0.357668 0.444911 0.355742 0.447479 0.353817 0.451214 0.352416 0.445378 0.351190 0.428571 0.343312 0.413632 0.339986 0.408497 0.337710 0.402661 0.336310 0.388889 0.329657 0.387021 0.328081 0.374883 0.322829 0.355509 0.307598 0.349907 0.300595 0.346405 0.297619 0.340803 0.289391 0.336601 0.282563 0.333800 0.273284 0.334034 0.262605 0.339869 0.248249 0.343137 0.244573 0.344071 0.241246 0.342437 0.240546 0.327965 0.240546 0.309991 0.243522 0.286648 0.249825 0.268441 0.258228 0.258403 0.264531 0.247899 0.272409 0.244631 0.275210 0.235294 0.286239 0.230859 0.293417 0.227358 0.301646 0.224790 0.312500 0.225257 0.317752 0.229458 0.327906
1 0.236695 0.169118 0.240430 0.178746 0.243697 0.183123 0.250000 0.188901 0.252801 0.192752 0.264239 0.202381 0.280112 0.218137 0.286648 0.223039 0.290149 0.224615 0.293184 0.228116 0.313959 0.240721 0.329365 0.239146 0.342204 0.239496 0.345005 0.238620 0.376517 0.213410 0.375117 0.209909 0.367880 0.203957 0.358543 0.192577 0.355042 0.185924 0.353408 0.178922 0.354809 0.167192 0.362745 0.153361 0.370915 0.146534 0.380252 0.140581 0.381186 0.137955 0.382353 0.137080 0.376517 0.133578 0.356443 0.128501 0.325864 0.124650 0.296218 0.125700 0.277077 0.129727 0.258170 0.137605 0.245331 0.146709 0.239029 0.154937 0.236461 0.161064 0.236695 0.169118
1 0.112278 0.158964 0.114379 0.165091 0.117414 0.168242 0.119748 0.172619 0.126284 0.176471 0.133754 0.179097 0.163399 0.169993 0.177404 0.167192 0.191877 0.165441 0.196312 0.165616 0.217320 0.162115 0.234360 0.160364 0.236228 0.158613 0.243697 0.146534 0.257236 0.137430 0.271709 0.130427 0.273109 0.126576 0.264006 0.111695 0.259570 0.095938 0.258637 0.085434 0.256536 0.081758 0.254669 0.080707 0.247666 0.079307 0.213352 0.076506 0.191410 0.077556 0.180672 0.079132 0.162465 0.083859 0.147993 0.089986 0.135387 0.098564 0.121148 0.112045 0.113912 0.124125 0.111345 0.132703 0.111345 0.152486 0.112278 0.158964
1 0.112045 0.223389 0.115546 0.225315 0.193978 0.218487 0.209617 0.216387 0.218954 0.216036 0.251634 0.218662 0.279178 0.225140 0.284080 0.224090 0.278011 0.215861 0.268674 0.207808 0.262372 0.200980 0.252801 0.193452 0.240430 0.179622 0.236928 0.171394 0.235294 0.161940 0.234127 0.160539 0.229225 0.161590 0.182073 0.166492 0.168301 0.169293 0.150327 0.174195 0.134454 0.180847 0.122082 0.189251 0.111578 0.199405 0.108543 0.206057 0.109010 0.217087 0.112045 0.223389
1 0.043184 0.286239 0.051587 0.297269 0.057190 0.302521 0.059991 0.303746 0.069328 0.311275 0.082400 0.318627 0.091503 0.325105 0.097339 0.327206 0.105976 0.332633 0.121849 0.338936 0.128385 0.339811 0.141457 0.339811 0.203548 0.337010 0.216620 0.334034 0.227124 0.328957 0.227591 0.327556 0.224090 0.314776 0.224090 0.309874 0.225957 0.302871 0.229458 0.293592 0.232726 0.288340 0.248599 0.270133 0.253035 0.266282 0.263072 0.260854 0.265640 0.258403 0.269374 0.257353 0.274276 0.254202 0.282913 0.250875 0.285403 0.248833 0.294585 0.245623 0.296919 0.245623 0.303688 0.243697 0.304855 0.241246 0.302521 0.237745 0.300887 0.237395 0.296452 0.233718 0.290149 0.230917 0.288049 0.230742 0.277778 0.226190 0.248133 0.218137 0.236461 0.218137 0.222222 0.216562 0.205415 0.216912 0.179739 0.220238 0.116246 0.226190 0.077965 0.231618 0.058824 0.237220 0.050420 0.241772 0.041317 0.248775 0.039449 0.251751 0.038982 0.255252 0.037348 0.258403 0.038282 0.271709 0.043184 0.286239
1 0.000000 0.386555 0.001867 0.386730 0.007236 0.394258 0.013772 0.400735 0.024276 0.408088 0.032680 0.412465 0.053688 0.420693 0.060458 0.424020 0.074463 0.428922 0.077731 0.430847 0.095238 0.436800 0.135621 0.434174 0.172035 0.434874 0.174603 0.432248 0.174370 0.428746 0.164332 0.420343 0.152661 0.404237 0.150093 0.394783 0.150560 0.386905 0.156629 0.376751 0.156162 0.372899 0.166900 0.358894 0.171569 0.356092 0.178338 0.350315 0.187908 0.345588 0.189776 0.344013 0.196312 0.341912 0.195845 0.339286 0.194678 0.338585 0.181606 0.338235 0.166433 0.339461 0.150327 0.339811 0.127218 0.342262 0.122316 0.341562 0.063959 0.347339 0.043417 0.351891 0.030112 0.355742 0.017974 0.361520 0.005836 0.369748 0.001867 0.375525 0.000000 0.375700 0.000000 0.386555
1 0.000000 0.548845 0.005602 0.548669 0.024510 0.545693 0.048553 0.543943 0.074463 0.543768 0.121615 0.547269 0.123716 0.546744 0.120215 0.545343 0.117180 0.542192 0.109010 0.537640 0.097572 0.528887 0.091970 0.525735 0.088936 0.522059 0.083100 0.517332 0.079599 0.512955 0.076097 0.505252 0.074230 0.498424 0.074697 0.494748 0.073763 0.492122 0.074463 0.488095 0.073996 0.483718 0.079599 0.472514 0.081699 0.470063 0.088235 0.466737 0.100373 0.457983 0.116246 0.453606 0.126517 0.449755 0.136088 0.447654 0.143557 0.447304 0.151027 0.445728 0.154062 0.444328 0.161998 0.443102 0.176937 0.442577 0.185107 0.441527 0.186741 0.440651 0.187208 0.439076 0.185574 0.438200 0.178805 0.436975 0.175070 0.437325 0.165733 0.435574 0.152428 0.435049 0.139823 0.435049 0.130952 0.435924 0.119281 0.435574 0.095938 0.437500 0.088002 0.439251 0.069561 0.441702 0.053455 0.445378 0.027544 0.452731 0.012838 0.458859 0.009104 0.461835 0.000000 0.465861 0.000000 0.548845
1 0.000000 0.711485 0.001401 0.711485 0.004435 0.714286 0.012138 0.716562 0.022642 0.721289 0.036648 0.726190 0.050654 0.729517 0.057190 0.729867 0.077965 0.736870 0.102241 0.741947 0.114846 0.743347 0.125817 0.743697 0.179272 0.743873 0.203081 0.741246 0.212185 0.739146 0.239496 0.735469 0.248366 0.733193 0.261671 0.728291 0.277544 0.721289 0.288982 0.714461 0.304155 0.701331 0.311391 0.692752 0.312792 0.688550 0.316527 0.682248 0.320028 0.668943 0.315826 0.655812 0.314659 0.640756 0.304155 0.625175 0.296919 0.619398 0.292951 0.617647 0.289916 0.612745 0.282213 0.606968 0.272876 0.603116 0.261905 0.597339 0.229225 0.588761 0.188842 0.575630 0.179038 0.570553 0.156629 0.561975 0.151027 0.558648 0.129085 0.550245 0.124183 0.549020 0.080999 0.545168 0.061158 0.544643 0.025910 0.546744 0.011671 0.548494 0.004669 0.550070 0.001634 0.551471 0.000000 0.551471 0.000000 0.711485
1 0.120682 0.751576 0.126050 0.762780 0.132120 0.770658 0.137488 0.775910 0.154762 0.785364 0.168534 0.790791 0.176937 0.792717 0.189309 0.797619 0.251867 0.815651 0.267507 0.817402 0.276844 0.819853 0.294585 0.821954 0.299953 0.823179 0.311158 0.823354 0.314192 0.824230 0.326797 0.824755 0.338702 0.824230 0.359477 0.821078 0.365780 0.819503 0.400794 0.808123 0.414566 0.800420 0.426471 0.791667 0.435808 0.782563 0.450514 0.759629 0.455415 0.743172 0.455415 0.724615 0.452148 0.710434 0.449580 0.706933 0.442577 0.703782 0.434174 0.702206 0.419935 0.698179 0.395658 0.689951 0.362512 0.676471 0.345472 0.667717 0.341503 0.666492 0.334734 0.665791 0.331232 0.666667 0.326097 0.671744 0.319795 0.675595 0.315826 0.686625 0.310458 0.695553 0.297386 0.708859 0.285247 0.717787 0.268908 0.726366 0.247666 0.734069 0.214753 0.740721 0.185574 0.744048 0.171335 0.744223 0.163165 0.745098 0.125817 0.744048 0.121382 0.744748 0.120215 0.745973 0.119748 0.748599 0.120682 0.751576
1 0.249066 0.832633 0.248366 0.838410 0.250934 0.845413 0.254669 0.846989 0.257003 0.849965 0.257937 0.852766 0.261438 0.853992 0.264706 0.859594 0.269374 0.862045 0.273810 0.866246 0.279412 0.869748 0.284314 0.871499 0.286415 0.873424 0.297386 0.877276 0.300420 0.879377 0.306956 0.882178 0.318161 0.885504 0.321429 0.887605 0.345472 0.895658 0.358543 0.896884 0.387488 0.897234 0.401027 0.896359 0.421802 0.894608 0.445612 0.891282 0.470121 0.889181 0.484360 0.885329 0.488796 0.883403 0.501167 0.880602 0.504202 0.878852 0.514006 0.876225 0.518207 0.874475 0.526611 0.869048 0.540850 0.856443 0.540383 0.852241 0.543184 0.849790 0.545518 0.846113 0.549253 0.834734 0.549953 0.828782 0.549720 0.818452 0.548086 0.810399 0.546218 0.805672 0.541550 0.799195 0.532913 0.794993 0.517040 0.790616 0.501167 0.784839 0.491363 0.779412 0.479692 0.774335 0.469888 0.767157 0.461018 0.762080 0.456583 0.758053 0.443744 0.772234 0.442810 0.775910 0.436975 0.783789 0.423669 0.796744 0.415033 0.801120 0.402894 0.808648 0.389589 0.813550 0.383754 0.815126 0.380019 0.815301 0.372316 0.818277 0.357376 0.822304 0.345705 0.824405 0.341737 0.824230 0.333800 0.825280 0.309991 0.824930 0.281979 0.821779 0.269374 0.818978 0.254902 0.818803 0.251867 0.819503 0.250000 0.821078 0.248133 0.827031 0.249066 0.832633
1 0.352708 0.911239 0.356209 0.914566 0.371615 0.925595 0.386788 0.932773 0.404295 0.936975 0.418534 0.938901 0.447946 0.940651 0.491130 0.940126 0.513072 0.936625 0.532680 0.932073 0.547386 0.926471 0.561625 0.919118 0.571429 0.911940 0.585201 0.896884 0.592670 0.883578 0.592904 0.880077 0.583333 0.875875 0.570728 0.872199 0.546685 0.859769 0.542484 0.858543 0.537815 0.860119 0.529879 0.867297 0.516340 0.875875 0.490663 0.884454 0.480626 0.886204 0.470355 0.889356 0.428571 0.894608 0.403828 0.896183 0.391923 0.898109 0.351774 0.897584 0.348973 0.898459 0.347572 0.900035 0.347806 0.904412 0.352708 0.911239
1 0.000000 0.912115 0.004435 0.912990 0.016807 0.913515 0.060691 0.911415 0.097572 0.907913 0.133520 0.902836 0.136555 0.901786 0.144024 0.901436 0.148226 0.899860 0.154062 0.899335 0.161064 0.896183 0.169935 0.894958 0.194444 0.885854 0.203782 0.881127 0.213585 0.873950 0.228525 0.859769 0.236461 0.848915 0.237162 0.845763 0.239729 0.842087 0.244631 0.821254 0.243697 0.816877 0.241130 0.814076 0.228525 0.811275 0.220121 0.807598 0.206816 0.804447 0.192577 0.799370 0.182073 0.796744 0.178805 0.794643 0.164332 0.790616 0.147059 0.783263 0.141457 0.779937 0.133053 0.773284 0.124183 0.762780 0.119281 0.755602 0.118581 0.752101 0.116013 0.747199 0.112745 0.744748 0.102474 0.744223 0.067694 0.744573 0.064192 0.745623 0.048086 0.746324 0.039916 0.750175 0.033847 0.756478 0.015640 0.769258 0.010037 0.771183 0.000000 0.776961 0.000000 0.912115
1 0.000000 0.775385 0.001634 0.775385 0.008637 0.771359 0.012605 0.769958 0.030579 0.758228 0.047386 0.743522 0.053221 0.734244 0.051821 0.730742 0.001634 0.712885 0.000000 0.712885 0.000000 0.775385
1 0.035714 0.922444 0.043184 0.929097 0.053688 0.935574 0.070261 0.944153 0.105742 0.956583 0.126517 0.961660 0.130252 0.961835 0.141923 0.964636 0.165033 0.968137 0.198646 0.970063 0.215219 0.969713 0.227358 0.968838 0.249066 0.964811 0.272409 0.958333 0.289916 0.952031 0.296685 0.948704 0.311625 0.939601 0.323763 0.930672 0.328665 0.926120 0.339869 0.909839 0.341970 0.897409 0.339169 0.895133 0.315826 0.887255 0.310691 0.884629 0.292951 0.877801 0.279178 0.871148 0.260971 0.858193 0.244164 0.844888 0.241130 0.845238 0.229458 0.860994 0.223389 0.866947 0.210084 0.877801 0.192577 0.887605 0.179972 0.892157 0.154528 0.899860 0.147059 0.900735 0.143557 0.901961 0.140289 0.901786 0.129785 0.904237 0.095705 0.908964 0.048786 0.913340 0.036415 0.913866 0.034080 0.914916 0.033380 0.916317 0.032913 0.918417 0.035714 0.922444
1 0.000000 0.153711 0.008637 0.155812 0.034781 0.155812 0.040149 0.156338 0.043884 0.157563 0.060924 0.159314 0.070728 0.161765 0.080065 0.163165 0.084967 0.164916 0.094538 0.166667 0.106209 0.169993 0.112745 0.171043 0.113912 0.170693 0.115079 0.168417 0.111345 0.157913 0.110411 0.145483 0.110878 0.134104 0.113679 0.123249 0.122782 0.108718 0.126751 0.104692 0.130486 0.102591 0.135387 0.097339 0.140523 0.093312 0.143791 0.091912 0.138189 0.088410 0.123249 0.084909 0.094771 0.081057 0.072596 0.079832 0.057190 0.080182 0.043184 0.081408 0.036648 0.082633 0.012138 0.091562 0.003968 0.096814 0.001634 0.099265 0.000000 0.099265 0.000000 0.153711
1 0.000000 0.231443 0.010738 0.232318 0.025444 0.231618 0.046919 0.234244 0.049953 0.235469 0.057190 0.235294 0.065593 0.234244 0.078198 0.230567 0.100373 0.227416 0.106209 0.227241 0.110644 0.225315 0.111345 0.223389 0.107143 0.213585 0.107376 0.206232 0.112045 0.198004 0.120682 0.189601 0.126751 0.185574 0.128852 0.182073 0.124883 0.178571 0.119981 0.176471 0.116246 0.173494 0.109244 0.171394 0.077965 0.164041 0.074230 0.162640 0.061391 0.160364 0.037348 0.157388 0.017974 0.156863 0.004435 0.157738 0.000000 0.158438 0.000000 0.231443
1 0.000000 0.315126 0.008403 0.315826 0.026144 0.319503 0.049486 0.325980 0.061625 0.330007 0.063959 0.331583 0.072362 0.334559 0.088235 0.341912 0.095005 0.342437 0.101307 0.341912 0.114379 0.338585 0.105976 0.334209 0.102941 0.331232 0.096639 0.327381 0.086368 0.322479 0.078198 0.316877 0.067694 0.311099 0.051587 0.298144 0.045752 0.291667 0.042250 0.285889 0.037115 0.272584 0.035948 0.258403 0.038049 0.251926 0.041083 0.247199 0.045752 0.244573 0.051821 0.239671 0.053688 0.239146 0.055089 0.237920 0.054622 0.237045 0.043651 0.233894 0.033147 0.232668 0.021942 0.232493 0.010115 0.233718 0.002801 0.233543 0.000000 0.233718 0.000000 0.315126
1 0.021709 0.074755 0.027544 0.075630 0.034781 0.077906 0.037348 0.079482 0.042017 0.080532 0.047619 0.080707 0.082166 0.078606 0.085201 0.077556 0.087302 0.074930 0.086134 0.071078 0.081933 0.068978 0.072129 0.060924 0.059757 0.046919 0.053688 0.036765 0.050187 0.033088 0.043651 0.034489 0.038282 0.039566 0.031279 0.044643 0.012372 0.050420 0.009337 0.053571 0.009570 0.058473 0.008637 0.060574 0.007937 0.071078 0.021709 0.074755
1 0.000000 0.098915 0.001401 0.098915 0.007703 0.093487 0.022876 0.087010 0.031979 0.084909 0.036881 0.081583 0.034781 0.078256 0.033147 0.077381 0.021709 0.074580 0.004202 0.071954 0.000000 0.072304 0.000000 0.098915
1 0.000000 0.413515 0.021942 0.415091 0.031746 0.414741 0.032913 0.411415 0.024043 0.408263 0.009337 0.397934 0.006536 0.395483 0.001634 0.388831 0.000000 0.388831 0.000000 0.413515
1 0.000000 0.373775 0.001401 0.373775 0.007236 0.367997 0.017507 0.361345 0.029178 0.355917 0.045518 0.350665 0.057656 0.348214 0.071429 0.345763 0.086368 0.345238 0.085668 0.341912 0.081933 0.339811 0.071895 0.334909 0.053455 0.327381 0.018908 0.317927 0.002568 0.316001 0.000000 0.316176 0.000000 0.373775
1 0.000000 0.463936 0.005135 0.462885 0.012838 0.458508 0.042951 0.447654 0.053455 0.445553 0.064426 0.442227 0.087535 0.438725 0.088002 0.435574 0.067694 0.426996 0.044351 0.418242 0.032680 0.415616 0.023343 0.415441 0.005602 0.413690 0.000000 0.413690 0.000000 0.463936
1 0.928805 0.000000 0.928105 0.008929 0.928805 0.009454 0.932306 0.008929 0.946545 0.012780 0.958217 0.017332 0.966853 0.021884 0.971755 0.025735 0.976190 0.031688 0.979225 0.044818 0.980859 0.046043 0.983894 0.044293 0.985061 0.043242 0.985994 0.031513 0.983193 0.021884 0.975490 0.009979 0.972689 0.006828 0.965920 0.002451 0.964986 0.000000 0.928805 0.000000
1 0.820728 0.063550 0.827965 0.070728 0.831466 0.072479 0.841737 0.068627 0.851774 0.063200 0.862745 0.053922 0.865313 0.050420 0.866713 0.046744 0.865780 0.045343 0.861811 0.044818 0.835668 0.048845 0.809524 0.050070 0.814426 0.057073 0.820728 0.063550
1 0.615546 0.000000 0.608077 0.022409 0.609477 0.023810 0.613445 0.024510 0.626984 0.020658 0.655696 0.016457 0.669468 0.015406 0.671569 0.014356 0.671569 0.011905 0.667367 0.005427 0.665500 0.000000 0.615546 0.000000
1 0.971522 0.067577 0.972222 0.070028 0.972923 0.071078 0.978992 0.073179 0.980626 0.074755 0.985061 0.076506 0.989029 0.079307 0.995798 0.086660 0.998133 0.091912 0.999767 0.091912 0.999767 0.047269 0.994865 0.046394 0.985294 0.046569 0.980626 0.047619 0.978758 0.050070 0.976657 0.058824 0.971522 0.067577
1 0.712418 0.131303 0.713352 0.133403 0.733660 0.117472 0.736695 0.116071 0.740196 0.112745 0.732960 0.109244 0.717087 0.104867 0.713585 0.105042 0.711951 0.108193 0.713119 0.118697 0.712418 0.131303
1 0.272642 0.602416 0.277077 0.603817 0.283147 0.606968 0.300420 0.619573 0.314659 0.635504 0.316293 0.633754 0.315359 0.631478 0.314893 0.615371 0.315826 0.610644 0.318627 0.605742 0.317227 0.604517 0.313259 0.602591 0.283613 0.598915 0.279879 0.599265 0.275910 0.598039 0.270308 0.598564 0.269374 0.598915 0.272642 0.602416