0 0.243931 0.380077 0.250934 0.388655 0.264239 0.399335 0.272876 0.404587 0.285948 0.408088 0.303688 0.409489 0.317227 0.406688 0.321195 0.406513 0.352007 0.399335 0.355742 0.397059 0.366246 0.393557 0.376050 0.389006 0.389823 0.380777 0.401261 0.372374 0.411298 0.362395 0.422035 0.349090 0.431606 0.331583 0.431839 0.328606 0.435341 0.318277 0.436041 0.306723 0.434174 0.293592 0.432073 0.289041 0.428805 0.285889 0.411298 0.282738 0.390056 0.282213 0.380952 0.283088 0.370448 0.285364 0.359244 0.286064 0.348739 0.288515 0.324930 0.294818 0.306956 0.301296 0.294118 0.306723 0.279412 0.315651 0.264939 0.327731 0.254902 0.339986 0.249300 0.348564 0.244631 0.357843 0.242297 0.366772 0.242063 0.373775 0.243931 0.380077
0 0.400794 0.407388 0.401961 0.418417 0.406162 0.435224 0.414332 0.459734 0.424837 0.484944 0.429972 0.493522 0.437208 0.500875 0.439076 0.505427 0.449113 0.510679 0.467087 0.512605 0.470355 0.513480 0.481559 0.512955 0.487862 0.512430 0.498833 0.509804 0.515873 0.500875 0.529645 0.486169 0.535014 0.479167 0.542017 0.465511 0.548786 0.444678 0.549953 0.424370 0.547386 0.411064 0.544818 0.404237 0.527311 0.366246 0.511905 0.342262 0.504435 0.334559 0.493464 0.326155 0.483894 0.322129 0.477591 0.320903 0.469655 0.320728 0.458917 0.322304 0.453081 0.323354 0.441410 0.327031 0.431839 0.332983 0.420168 0.353291 0.404295 0.372374 0.400560 0.383403 0.399393 0.392157 0.399160 0.400910 0.400794 0.407388
0 0.670401 0.386905 0.677404 0.391457 0.682073 0.398284 0.685808 0.401611 0.692810 0.401611 0.699580 0.404762 0.710784 0.406863 0.726424 0.406688 0.734127 0.405287 0.744398 0.404762 0.747666 0.405987 0.748133 0.407038 0.749767 0.404237 0.775444 0.396884 0.796919 0.388130 0.822129 0.375350 0.836134 0.367122 0.856209 0.352416 0.867880 0.338761 0.874650 0.321254 0.876050 0.314776 0.875350 0.304972 0.874183 0.300245 0.872316 0.296919 0.866713 0.290791 0.859010 0.285364 0.838469 0.280462 0.826097 0.279412 0.811858 0.280112 0.793884 0.282913 0.786181 0.284314 0.765873 0.290266 0.744631 0.297969 0.734127 0.303922 0.726657 0.306723 0.711251 0.315476 0.693277 0.328081 0.684174 0.335784 0.678805 0.341562 0.678105 0.345413 0.674370 0.350840 0.668067 0.365546 0.668301 0.383578 0.670401 0.386905
0 0.551120 0.425245 0.550187 0.441352 0.551120 0.463761 0.556489 0.473739 0.561158 0.478992 0.572362 0.488971 0.591270 0.504727 0.598506 0.509454 0.612979 0.516457 0.626050 0.521008 0.636321 0.522584 0.654528 0.521534 0.662465 0.519608 0.671569 0.515581 0.684407 0.505427 0.693511 0.491597 0.697712 0.474965 0.697479 0.459559 0.694444 0.446604 0.683940 0.425595 0.679038 0.417717 0.673903 0.412290 0.670868 0.407738 0.659197 0.396359 0.640523 0.381653 0.630019 0.376926 0.623483 0.374825 0.619748 0.372549 0.614379 0.373249 0.612045 0.369923 0.609010 0.368697 0.607843 0.369573 0.607376 0.371674 0.602941 0.374300 0.598973 0.373599 0.591503 0.373599 0.586835 0.374475 0.572129 0.382178 0.564192 0.387780 0.560691 0.390931 0.558123 0.394958 0.554388 0.397934 0.551354 0.402661 0.549253 0.410364 0.549253 0.415616 0.551120 0.425245
0 0.610177 0.629552 0.612745 0.633929 0.616713 0.637605 0.628151 0.645308 0.629785 0.647584 0.633520 0.646534 0.640523 0.651261 0.645658 0.653711 0.655229 0.655462 0.668768 0.655287 0.675303 0.653711 0.683240 0.653361 0.705882 0.646008 0.714286 0.642332 0.740663 0.626225 0.755369 0.613796 0.767507 0.597164 0.783847 0.570553 0.785247 0.567402 0.787348 0.555847 0.788049 0.550595 0.787582 0.543242 0.783847 0.532738 0.777778 0.522409 0.768674 0.515756 0.764939 0.514006 0.755135 0.510154 0.742764 0.507528 0.730626 0.507703 0.724090 0.508578 0.710084 0.512605 0.696078 0.519083 0.679038 0.529062 0.674603 0.532913 0.659897 0.542892 0.650560 0.550245 0.642857 0.558473 0.635621 0.563550 0.622549 0.578081 0.619514 0.582633 0.613445 0.593838 0.609477 0.605217 0.605976 0.616597 0.610177 0.629552
0 0.481793 0.275910 0.487162 0.295343 0.498599 0.317402 0.500700 0.324930 0.503968 0.331933 0.508170 0.337885 0.511438 0.340511 0.517507 0.348039 0.526377 0.362745 0.532213 0.367822 0.541783 0.371499 0.552754 0.373249 0.574230 0.371849 0.586368 0.366772 0.592437 0.362395 0.596639 0.360469 0.602474 0.354517 0.610411 0.343487 0.615079 0.329132 0.625117 0.304097 0.626284 0.297094 0.625584 0.285014 0.622549 0.269608 0.617647 0.254027 0.603641 0.226015 0.597572 0.215686 0.588469 0.203256 0.574697 0.189776 0.567460 0.183999 0.561158 0.180672 0.557890 0.179972 0.549253 0.179272 0.540850 0.180497 0.527544 0.185574 0.510738 0.195203 0.497666 0.206933 0.485761 0.226366 0.482726 0.237570 0.480859 0.255077 0.480859 0.269608 0.481793 0.275910
0 0.213119 0.536590 0.215686 0.547619 0.222456 0.561625 0.228992 0.568978 0.235061 0.572479 0.241130 0.577556 0.258637 0.581408 0.268674 0.578256 0.280112 0.572479 0.287115 0.569853 0.289683 0.567402 0.296452 0.563901 0.300887 0.560574 0.311625 0.549545 0.339869 0.527836 0.343137 0.523810 0.353175 0.516282 0.361578 0.506127 0.369981 0.491246 0.376751 0.470063 0.378385 0.457458 0.378151 0.449230 0.376050 0.438550 0.373483 0.432248 0.366246 0.422969 0.360644 0.418242 0.352241 0.413866 0.337302 0.409139 0.328898 0.407913 0.321195 0.407913 0.314659 0.409314 0.303922 0.412990 0.276144 0.429972 0.272409 0.433824 0.265173 0.438901 0.262605 0.439601 0.259804 0.443102 0.252334 0.447654 0.246732 0.452556 0.230859 0.469363 0.223389 0.480742 0.217087 0.494573 0.213352 0.507528 0.211485 0.522234 0.211251 0.533263 0.213119 0.536590
0 0.034314 0.369223 0.035948 0.374650 0.039916 0.380602 0.048319 0.397409 0.053688 0.406688 0.060224 0.414566 0.068861 0.427871 0.070261 0.432248 0.081466 0.445378 0.085434 0.445728 0.090103 0.450105 0.105042 0.461134 0.119981 0.470238 0.133287 0.476891 0.141457 0.479167 0.144491 0.480742 0.161531 0.485119 0.173669 0.486345 0.187442 0.486520 0.192110 0.486520 0.199113 0.485119 0.210084 0.484069 0.220355 0.481268 0.227124 0.473389 0.232026 0.466036 0.248833 0.449230 0.252101 0.443102 0.252568 0.435224 0.245098 0.420518 0.235061 0.407038 0.226424 0.397234 0.198413 0.369398 0.183240 0.357493 0.166667 0.347689 0.157330 0.343487 0.136555 0.336485 0.123950 0.333158 0.112979 0.330882 0.108310 0.331057 0.100140 0.329132 0.085901 0.329132 0.076564 0.330007 0.063959 0.332108 0.058123 0.334209 0.053455 0.334559 0.035714 0.341562 0.028945 0.347339 0.027778 0.349615 0.028011 0.355742 0.034314 0.369223
0 0.013072 0.529587 0.015640 0.535714 0.015406 0.540091 0.022176 0.558648 0.032446 0.570903 0.059057 0.597164 0.060691 0.599615 0.081466 0.613270 0.095005 0.618347 0.102708 0.619223 0.116480 0.619573 0.130252 0.618347 0.133053 0.617122 0.137021 0.617472 0.152194 0.612920 0.164799 0.603466 0.173203 0.593662 0.177638 0.585609 0.181839 0.574230 0.182773 0.562850 0.178805 0.542542 0.169701 0.527836 0.162698 0.518908 0.144958 0.503676 0.124883 0.488270 0.116480 0.480392 0.095238 0.465861 0.086601 0.462185 0.071429 0.458859 0.060458 0.458859 0.053688 0.461310 0.039916 0.468487 0.025910 0.479692 0.017740 0.493347 0.012605 0.508578 0.011671 0.522409 0.013072 0.529587
0 0.436741 0.838761 0.438842 0.843312 0.446545 0.853641 0.452614 0.859419 0.459384 0.863445 0.465686 0.868697 0.472923 0.872549 0.480626 0.875000 0.493931 0.875700 0.512372 0.875000 0.533147 0.871324 0.546919 0.867472 0.551821 0.864671 0.557423 0.859419 0.567694 0.847864 0.570261 0.842262 0.572596 0.829132 0.571662 0.821078 0.568627 0.813901 0.559757 0.800245 0.552521 0.793242 0.539683 0.785189 0.515173 0.777311 0.505369 0.776261 0.490663 0.776961 0.471989 0.781863 0.461718 0.786415 0.452848 0.792192 0.443978 0.800245 0.438375 0.808648 0.434874 0.818803 0.434641 0.830007 0.436741 0.838761
0 0.548319 0.737745 0.559057 0.746674 0.586601 0.760504 0.605742 0.765231 0.627918 0.773459 0.635621 0.775385 0.647292 0.776961 0.663866 0.778186 0.668534 0.777836 0.679505 0.775035 0.686041 0.772759 0.688842 0.771008 0.693277 0.771008 0.699813 0.769258 0.702848 0.767157 0.710317 0.764181 0.713352 0.761555 0.725724 0.755077 0.731793 0.750700 0.739029 0.743172 0.740896 0.737920 0.741363 0.723915 0.736928 0.707808 0.729692 0.701506 0.723389 0.697829 0.721755 0.695903 0.714286 0.693452 0.706816 0.692402 0.699113 0.689951 0.683473 0.686450 0.666667 0.681022 0.643557 0.671919 0.637021 0.669993 0.629552 0.671919 0.624183 0.671394 0.616480 0.671744 0.595472 0.674720 0.581699 0.678571 0.570261 0.683824 0.560691 0.689776 0.552521 0.697829 0.549253 0.702906 0.543884 0.719538 0.544118 0.727416 0.548319 0.737745
0 0.352007 0.637605 0.355042 0.641106 0.369981 0.651085 0.383754 0.658438 0.401494 0.664216 0.414799 0.669643 0.432073 0.672444 0.442810 0.675945 0.481092 0.681898 0.490896 0.682773 0.522409 0.681197 0.542250 0.678221 0.553455 0.674020 0.562092 0.668417 0.566760 0.661415 0.566993 0.654062 0.558824 0.639356 0.548786 0.631127 0.546685 0.630602 0.545518 0.628501 0.532446 0.619223 0.521709 0.614146 0.515173 0.609419 0.503968 0.604167 0.497899 0.600315 0.487395 0.595938 0.453315 0.591737 0.443978 0.589286 0.435107 0.585959 0.428338 0.585434 0.421102 0.587010 0.410831 0.587185 0.397292 0.588585 0.381653 0.591912 0.369748 0.595763 0.357610 0.605567 0.355275 0.609419 0.352941 0.616597 0.349673 0.621324 0.349440 0.630777 0.352007 0.637605
1 0.364379 0.282913 0.366713 0.284139 0.386321 0.281688 0.399393 0.281338 0.425303 0.284314 0.429739 0.286239 0.434407 0.292192 0.436741 0.304447 0.436975 0.311975 0.435107 0.321078 0.435107 0.325280 0.433940 0.327731 0.434641 0.328782 0.435574 0.329132 0.438375 0.327031 0.460784 0.320553 0.477591 0.320203 0.490896 0.323004 0.491830 0.322654 0.495798 0.317577 0.491830 0.306723 0.486228 0.296569 0.480159 0.270833 0.479925 0.256102 0.480859 0.244748 0.484594 0.227241 0.482026 0.222339 0.470822 0.208508 0.456349 0.197479 0.446078 0.192052 0.432773 0.188200 0.421802 0.185924 0.414099 0.183123 0.406863 0.182773 0.399627 0.184874 0.387021 0.192752 0.380252 0.200280 0.373016 0.210084 0.368347 0.220238 0.363679 0.243697 0.363445 0.264181 0.364379 0.282913
1 0.222456 0.263305 0.226657 0.276611 0.228525 0.286415 0.234594 0.300070 0.235761 0.304622 0.244865 0.317577 0.251167 0.324930 0.258403 0.331583 0.262138 0.329657 0.276611 0.317227 0.293651 0.306548 0.320962 0.295518 0.349206 0.287115 0.359010 0.285014 0.361345 0.282913 0.361578 0.257703 0.359477 0.244748 0.347806 0.230042 0.332166 0.219538 0.323996 0.215336 0.317460 0.210434 0.306256 0.204832 0.283147 0.199230 0.251634 0.202731 0.246499 0.210084 0.244164 0.211485 0.241130 0.211835 0.234360 0.215686 0.226657 0.223739 0.223389 0.230567 0.221522 0.243697 0.221289 0.255252 0.222456 0.263305
1 0.116013 0.318978 0.118347 0.325805 0.121148 0.330532 0.130486 0.334209 0.137255 0.335609 0.160598 0.343662 0.183707 0.357143 0.197712 0.367997 0.212185 0.381653 0.220121 0.390581 0.222689 0.392332 0.236928 0.408088 0.248133 0.424370 0.255135 0.425595 0.265640 0.423494 0.279412 0.411415 0.279645 0.407913 0.275677 0.406863 0.272176 0.404587 0.262838 0.400735 0.261905 0.399685 0.254902 0.403011 0.251634 0.401261 0.250467 0.397234 0.252801 0.394083 0.252101 0.390931 0.245798 0.384804 0.241130 0.376751 0.241597 0.365896 0.243231 0.358894 0.247432 0.348915 0.256303 0.335784 0.256069 0.331758 0.234594 0.305847 0.230626 0.303046 0.222456 0.295168 0.205882 0.284489 0.200280 0.281513 0.189076 0.277136 0.185808 0.275035 0.176937 0.273459 0.172035 0.271183 0.168301 0.271008 0.161064 0.271884 0.148459 0.276085 0.143791 0.276961 0.122782 0.286064 0.115313 0.292192 0.110411 0.303046 0.111111 0.312150 0.116013 0.318978
1 0.561391 0.180147 0.573296 0.187850 0.588002 0.201856 0.595938 0.212185 0.603175 0.224615 0.618114 0.254027 0.624650 0.275910 0.626751 0.289391 0.630019 0.290616 0.633987 0.287290 0.637488 0.286064 0.641690 0.281863 0.645425 0.279412 0.651261 0.273284 0.661531 0.257003 0.666667 0.251576 0.671102 0.234419 0.672736 0.220938 0.672736 0.212010 0.670401 0.193452 0.667600 0.182248 0.661064 0.168242 0.658030 0.155287 0.654295 0.155462 0.652194 0.153186 0.647759 0.150910 0.644258 0.151261 0.641457 0.153361 0.641223 0.156688 0.639589 0.159139 0.620915 0.163165 0.605275 0.162815 0.602007 0.161590 0.592204 0.160189 0.588469 0.158964 0.578431 0.158964 0.571662 0.162115 0.567694 0.161765 0.559290 0.168417 0.553455 0.174895 0.553455 0.178746 0.561391 0.180147
1 0.629085 0.299020 0.644491 0.308648 0.650794 0.315651 0.657796 0.319678 0.659430 0.314601 0.658964 0.310749 0.659664 0.308648 0.666200 0.297969 0.674603 0.289216 0.689076 0.279062 0.697012 0.272234 0.702381 0.263305 0.707283 0.259104 0.719188 0.243873 0.725023 0.231618 0.728058 0.223564 0.724556 0.212885 0.721289 0.207283 0.714519 0.199580 0.707983 0.195378 0.702148 0.193627 0.688842 0.192052 0.674837 0.192577 0.671802 0.194328 0.671335 0.198354 0.673436 0.213060 0.673203 0.226003 0.668534 0.249125 0.666200 0.252976 0.661531 0.257353 0.653361 0.270658 0.651027 0.272584 0.646825 0.278361 0.640990 0.283613 0.631419 0.289916 0.628151 0.294643 0.627918 0.297269 0.629085 0.299020
1 0.661765 0.324580 0.668301 0.334909 0.668301 0.336485 0.674370 0.336134 0.676004 0.339286 0.678571 0.339811 0.679972 0.337185 0.685574 0.334034 0.699113 0.323004 0.710317 0.315826 0.726424 0.306373 0.737862 0.301821 0.751634 0.294993 0.768908 0.288866 0.772642 0.288340 0.780812 0.285539 0.808357 0.279937 0.827731 0.278887 0.845705 0.281338 0.854809 0.284314 0.859244 0.285014 0.860411 0.281863 0.858310 0.272234 0.853641 0.264181 0.847572 0.258403 0.835901 0.253151 0.821195 0.247724 0.804388 0.246499 0.787115 0.246324 0.775910 0.247549 0.773810 0.248424 0.760971 0.250525 0.758170 0.252101 0.750000 0.253676 0.735294 0.258929 0.728758 0.260504 0.719888 0.263655 0.712418 0.267857 0.697012 0.274160 0.680439 0.285539 0.675070 0.290091 0.665733 0.300245 0.661064 0.310749 0.660598 0.321254 0.661765 0.324580
1 0.623249 0.311099 0.620682 0.321078 0.617180 0.327906 0.615313 0.338585 0.607610 0.350140 0.598739 0.359069 0.596639 0.362395 0.586835 0.367822 0.581933 0.369573 0.570261 0.375525 0.569094 0.376576 0.569328 0.380077 0.571195 0.380952 0.575630 0.378501 0.581466 0.376576 0.582866 0.375000 0.586601 0.373599 0.596872 0.372724 0.601774 0.369748 0.602941 0.365896 0.605042 0.365371 0.609244 0.365721 0.615079 0.369048 0.618114 0.373599 0.623016 0.374300 0.632120 0.377451 0.646125 0.384804 0.656162 0.392507 0.667134 0.402661 0.673669 0.410014 0.678805 0.417717 0.680439 0.416141 0.681373 0.412815 0.681839 0.400735 0.679505 0.397409 0.669468 0.388655 0.666667 0.382178 0.666433 0.368522 0.667600 0.362570 0.671569 0.352766 0.670635 0.347689 0.664799 0.335434 0.652194 0.317227 0.639589 0.305497 0.630019 0.300945 0.626751 0.302521 0.625350 0.307773 0.623249 0.311099
1 0.751634 0.422794 0.762838 0.431898 0.765406 0.435049 0.768674 0.436625 0.789449 0.438025 0.798553 0.439601 0.817694 0.446254 0.827498 0.445028 0.841503 0.441702 0.857843 0.436275 0.862979 0.431723 0.869748 0.428396 0.884921 0.415266 0.899393 0.399860 0.915266 0.378501 0.928338 0.355917 0.932540 0.343662 0.933473 0.334559 0.930906 0.328081 0.921802 0.319503 0.909197 0.315301 0.908030 0.314076 0.900794 0.313025 0.885387 0.312325 0.883053 0.312325 0.878618 0.313725 0.867414 0.340511 0.857843 0.351190 0.841970 0.364146 0.835901 0.367822 0.831466 0.369573 0.821662 0.375875 0.810224 0.381127 0.797152 0.388480 0.770075 0.399160 0.759337 0.402486 0.750233 0.404412 0.747666 0.409314 0.747899 0.413165 0.751634 0.422794
1 0.681839 0.421744 0.696078 0.447129 0.735761 0.439251 0.740663 0.436975 0.745098 0.428571 0.746265 0.423845 0.745798 0.410714 0.744164 0.406162 0.740430 0.405637 0.729692 0.406688 0.708217 0.406513 0.687675 0.401786 0.682306 0.401961 0.681606 0.404237 0.680906 0.418768 0.681839 0.421744
1 0.824697 0.451506 0.832866 0.457983 0.838936 0.465686 0.841737 0.473214 0.841270 0.480392 0.839402 0.485819 0.834034 0.492997 0.820962 0.502801 0.818627 0.503501 0.810691 0.509279 0.807656 0.510504 0.806256 0.512430 0.808824 0.514706 0.813492 0.516282 0.828898 0.516457 0.834967 0.515056 0.845472 0.514006 0.871382 0.506653 0.887488 0.499300 0.897059 0.492997 0.940943 0.458158 0.943978 0.454832 0.951447 0.443627 0.952614 0.439251 0.956116 0.432423 0.955649 0.425245 0.950280 0.418943 0.941877 0.412640 0.929739 0.406513 0.918534 0.403361 0.901027 0.402311 0.895425 0.404762 0.886088 0.414741 0.859944 0.435574 0.842904 0.441527 0.823763 0.446078 0.820962 0.447654 0.820495 0.448880 0.820962 0.449930 0.824697 0.451506
1 0.642624 0.532738 0.654528 0.541492 0.658263 0.542192 0.661531 0.541317 0.684641 0.524510 0.705882 0.513480 0.723856 0.508053 0.737628 0.506653 0.744865 0.507003 0.759804 0.511029 0.770542 0.516106 0.777544 0.521008 0.779412 0.523459 0.783613 0.523985 0.789916 0.521709 0.794390 0.518178 0.802988 0.514006 0.808590 0.509629 0.818861 0.504027 0.835201 0.491246 0.837768 0.487745 0.841036 0.477941 0.841036 0.473214 0.839169 0.467087 0.832166 0.458333 0.824463 0.452031 0.817460 0.447479 0.804388 0.442577 0.789683 0.439076 0.764006 0.438025 0.748133 0.438901 0.744164 0.440126 0.739496 0.439776 0.724323 0.441352 0.705182 0.445203 0.697712 0.447829 0.696078 0.449230 0.698880 0.461835 0.698413 0.477766 0.694678 0.490721 0.686508 0.504377 0.680205 0.510154 0.668768 0.518032 0.660364 0.520833 0.648926 0.522409 0.641923 0.523985 0.640289 0.525035 0.640289 0.529937 0.642624 0.532738
1 0.520308 0.571779 0.521475 0.582458 0.524977 0.593838 0.533613 0.610119 0.542484 0.620098 0.552521 0.627801 0.560458 0.631828 0.571195 0.632003 0.584034 0.628326 0.592204 0.624475 0.596405 0.621674 0.599440 0.618347 0.605042 0.616246 0.605509 0.612570 0.611111 0.597339 0.615313 0.588936 0.621148 0.578957 0.635854 0.561099 0.638422 0.546394 0.638889 0.537640 0.638889 0.531863 0.637021 0.524685 0.634220 0.522934 0.623483 0.520833 0.613445 0.517332 0.595005 0.507528 0.573063 0.491071 0.567460 0.485119 0.563959 0.482843 0.561625 0.483018 0.556256 0.485644 0.542484 0.496148 0.538982 0.499650 0.528478 0.515231 0.521242 0.537990 0.521942 0.559874 0.520308 0.571779
1 0.364846 0.525385 0.369514 0.532563 0.373016 0.536415 0.375584 0.540966 0.388189 0.553922 0.392857 0.557423 0.396125 0.561099 0.410598 0.571954 0.430672 0.582633 0.447946 0.588936 0.460084 0.591912 0.472222 0.593137 0.484594 0.593137 0.491597 0.591211 0.500934 0.586835 0.503268 0.584734 0.507470 0.583333 0.514939 0.576856 0.519841 0.567227 0.521008 0.560924 0.520775 0.549370 0.517974 0.536239 0.514939 0.528711 0.513072 0.524685 0.506069 0.514881 0.501401 0.511029 0.498599 0.510504 0.485061 0.513480 0.466153 0.513480 0.440476 0.505427 0.438375 0.502976 0.433707 0.500000 0.427871 0.491071 0.426704 0.487570 0.423903 0.484069 0.420401 0.477241 0.415266 0.463410 0.412465 0.460959 0.395425 0.458333 0.387021 0.458333 0.380019 0.460434 0.377918 0.471814 0.373950 0.484769 0.367180 0.499475 0.360177 0.511029 0.360411 0.515756 0.364846 0.525385
1 0.822129 0.539916 0.825397 0.542017 0.857843 0.573354 0.867880 0.585609 0.876517 0.597864 0.880252 0.599790 0.886088 0.600315 0.911531 0.596113 0.927638 0.589286 0.943978 0.578782 0.949813 0.572304 0.957049 0.560924 0.961018 0.553046 0.965219 0.540266 0.962652 0.522759 0.957750 0.515406 0.953315 0.510679 0.943277 0.503676 0.935574 0.499825 0.924603 0.497374 0.911765 0.495798 0.900794 0.495798 0.894491 0.497374 0.866947 0.508929 0.848506 0.514706 0.840336 0.518732 0.834034 0.523459 0.827498 0.526961 0.823996 0.530987 0.820495 0.536239 0.822129 0.539916
1 0.788515 0.546744 0.788049 0.556898 0.785014 0.568978 0.777077 0.582808 0.771942 0.589461 0.768674 0.595938 0.760271 0.608368 0.756069 0.613620 0.752801 0.616772 0.747899 0.619923 0.745098 0.623249 0.750233 0.630252 0.758403 0.637080 0.770075 0.645308 0.785247 0.658964 0.803688 0.670168 0.810924 0.675420 0.826564 0.681022 0.838002 0.682073 0.843371 0.681373 0.847106 0.680147 0.859010 0.673845 0.862979 0.669993 0.866246 0.668067 0.874183 0.657913 0.880252 0.647934 0.883520 0.639356 0.884687 0.625875 0.882353 0.615371 0.878852 0.606092 0.875350 0.598214 0.860411 0.577031 0.845705 0.560924 0.832866 0.550070 0.826331 0.543242 0.817227 0.537290 0.810224 0.534139 0.804388 0.532563 0.788049 0.530812 0.785014 0.531338 0.783613 0.532738 0.785481 0.536239 0.788515 0.546744
1 0.597806 0.633754 0.610411 0.647584 0.614379 0.650035 0.616713 0.652836 0.623249 0.656513 0.631186 0.662815 0.655229 0.675420 0.668301 0.680322 0.682540 0.684524 0.703548 0.690301 0.723156 0.694503 0.743931 0.694328 0.751401 0.693277 0.753735 0.690826 0.760971 0.688375 0.763772 0.685749 0.765406 0.682773 0.769374 0.679797 0.773343 0.673494 0.776611 0.654237 0.770308 0.647409 0.756069 0.637080 0.744164 0.626926 0.741130 0.626576 0.734827 0.631303 0.716853 0.641632 0.700280 0.648634 0.685574 0.653011 0.664799 0.655987 0.658263 0.654412 0.653828 0.655462 0.644024 0.653186 0.637722 0.650910 0.631419 0.646884 0.623016 0.643382 0.619281 0.639531 0.614846 0.637430 0.609944 0.632878 0.605742 0.625875 0.599206 0.623599 0.597806 0.624825 0.596639 0.626576 0.597806 0.633754
1 0.777311 0.674545 0.784781 0.681373 0.790383 0.683473 0.795518 0.687500 0.799253 0.689251 0.799953 0.692577 0.801821 0.691702 0.803922 0.691702 0.813959 0.695378 0.817927 0.695728 0.824463 0.697829 0.827498 0.699930 0.834967 0.703256 0.848039 0.705707 0.863212 0.706057 0.876284 0.704482 0.908030 0.691702 0.912932 0.689251 0.921102 0.682423 0.924837 0.669643 0.922035 0.654937 0.919001 0.647759 0.915033 0.642332 0.909197 0.637080 0.904295 0.634454 0.900794 0.631303 0.887021 0.624650 0.885387 0.625700 0.884921 0.627101 0.884687 0.638305 0.877451 0.654762 0.864379 0.670168 0.854575 0.676646 0.845705 0.680847 0.838702 0.682248 0.834034 0.682423 0.819561 0.678746 0.814192 0.676646 0.810924 0.674020 0.803688 0.670518 0.799020 0.666667 0.791550 0.662990 0.785714 0.658964 0.779412 0.656162 0.777311 0.661765 0.776377 0.667717 0.777311 0.674545
1 0.737862 0.708859 0.741830 0.709034 0.742764 0.709909 0.745331 0.717787 0.744398 0.720938 0.741597 0.724440 0.740663 0.727066 0.741597 0.735119 0.739729 0.742822 0.736461 0.747024 0.730159 0.752801 0.724556 0.755952 0.720355 0.757353 0.717087 0.757528 0.715453 0.758578 0.714753 0.762780 0.715686 0.764881 0.716620 0.765756 0.719655 0.765056 0.723856 0.766632 0.732726 0.767857 0.739029 0.770308 0.751634 0.771709 0.755135 0.771884 0.758170 0.770833 0.761905 0.771008 0.768908 0.769608 0.775444 0.766632 0.780112 0.762955 0.784781 0.755252 0.785481 0.752451 0.779879 0.725665 0.773810 0.711134 0.770542 0.705707 0.765640 0.699055 0.761905 0.696078 0.755135 0.692927 0.752568 0.694853 0.748133 0.694153 0.726657 0.695203 0.722923 0.696078 0.735761 0.705882 0.737862 0.708859
1 0.554855 0.683648 0.557190 0.687675 0.556956 0.687150 0.563959 0.685574 0.565359 0.684349 0.581232 0.678221 0.602241 0.672444 0.610411 0.671043 0.630486 0.669643 0.632586 0.668592 0.633987 0.664741 0.615313 0.651611 0.603875 0.639706 0.600140 0.636905 0.597806 0.633929 0.596172 0.625700 0.594771 0.625000 0.591970 0.625350 0.586368 0.628151 0.575864 0.631303 0.567227 0.632878 0.555089 0.633578 0.557423 0.634979 0.566527 0.651261 0.567227 0.660714 0.565359 0.665266 0.562092 0.669118 0.557890 0.671919 0.548319 0.675245 0.548086 0.678746 0.554855 0.683648
1 0.417600 0.696604 0.421569 0.705357 0.426704 0.713410 0.439309 0.726891 0.460084 0.741772 0.470355 0.747199 0.494631 0.755427 0.513072 0.758053 0.526377 0.757003 0.532213 0.755777 0.542250 0.752101 0.546685 0.749650 0.552288 0.744748 0.551821 0.741246 0.545285 0.734244 0.542484 0.723564 0.545285 0.710959 0.549020 0.701331 0.552288 0.696254 0.552054 0.693627 0.546218 0.685224 0.541550 0.680672 0.539916 0.679972 0.535481 0.679972 0.513539 0.682598 0.493231 0.683473 0.482493 0.682773 0.456349 0.679097 0.444211 0.676821 0.425303 0.671218 0.418768 0.670343 0.415500 0.670868 0.413165 0.674545 0.413399 0.682073 0.417600 0.696604
1 0.538749 0.778711 0.542017 0.784489 0.559757 0.799195 0.571195 0.816176 0.574230 0.819328 0.585201 0.825455 0.597572 0.830007 0.612512 0.833508 0.633053 0.834034 0.647526 0.831758 0.657330 0.825805 0.663399 0.820378 0.668768 0.809699 0.671335 0.800070 0.670868 0.793242 0.666900 0.782038 0.664799 0.779237 0.637021 0.776085 0.625350 0.772934 0.603875 0.764706 0.598273 0.763655 0.583333 0.758754 0.564192 0.748950 0.557190 0.745973 0.553922 0.745448 0.544818 0.751751 0.541783 0.754727 0.540149 0.758929 0.540149 0.761905 0.538515 0.763130 0.537348 0.766106 0.537115 0.769433 0.538749 0.778711
1 0.187208 0.569503 0.190943 0.572829 0.198413 0.576856 0.216153 0.582283 0.230392 0.584909 0.237862 0.587010 0.240196 0.587010 0.244631 0.588585 0.258403 0.590161 0.271942 0.590336 0.278945 0.591737 0.304155 0.591737 0.310691 0.591036 0.327731 0.588410 0.332400 0.587185 0.335434 0.585434 0.349206 0.582983 0.373016 0.575455 0.376984 0.572129 0.387488 0.567227 0.392390 0.561099 0.388889 0.555847 0.375817 0.543067 0.361111 0.521534 0.359244 0.517507 0.355976 0.516457 0.346172 0.522759 0.337068 0.531162 0.313725 0.548319 0.302521 0.559349 0.294351 0.565476 0.282913 0.570903 0.280112 0.573179 0.270308 0.576155 0.265640 0.578431 0.259104 0.579657 0.250934 0.579132 0.246032 0.577381 0.244631 0.575630 0.242297 0.576331 0.240196 0.575805 0.230859 0.569503 0.221289 0.560049 0.220355 0.556898 0.216153 0.550420 0.214519 0.543242 0.212418 0.539916 0.212418 0.536239 0.209617 0.532913 0.206349 0.532388 0.203315 0.533964 0.198646 0.537990 0.190943 0.547094 0.187442 0.552696 0.185808 0.557248 0.185574 0.564601 0.187208 0.569503
1 0.282913 0.696078 0.286181 0.701681 0.290149 0.705707 0.292951 0.711134 0.298553 0.716036 0.314426 0.727241 0.328198 0.734244 0.339169 0.738796 0.343137 0.741597 0.350607 0.744923 0.355742 0.746674 0.365313 0.748424 0.378618 0.748424 0.383520 0.747374 0.396125 0.741246 0.403361 0.735644 0.411298 0.727066 0.416433 0.716737 0.417834 0.710959 0.417367 0.699580 0.408497 0.671394 0.406629 0.668768 0.403128 0.666667 0.376751 0.655987 0.367880 0.651085 0.357843 0.644083 0.351307 0.637255 0.349907 0.634454 0.348273 0.627626 0.348273 0.619748 0.346405 0.617997 0.345005 0.617647 0.342204 0.618522 0.338002 0.618697 0.328665 0.617472 0.318627 0.617647 0.310691 0.618697 0.300187 0.622374 0.293417 0.626926 0.284781 0.637080 0.277544 0.654237 0.277311 0.656863 0.277778 0.678922 0.282913 0.696078
1 0.357610 0.817577 0.367414 0.837010 0.380019 0.848739 0.388189 0.852241 0.393791 0.855917 0.396359 0.856443 0.404762 0.856092 0.407796 0.855042 0.419001 0.846989 0.432540 0.834734 0.433940 0.829657 0.434407 0.817227 0.438842 0.807073 0.444444 0.799020 0.454248 0.789566 0.459851 0.785189 0.464286 0.782913 0.466853 0.776961 0.468954 0.765581 0.468954 0.751401 0.468021 0.748599 0.463819 0.744398 0.461251 0.743522 0.440009 0.728291 0.430439 0.719713 0.421802 0.710084 0.418301 0.713585 0.415966 0.720588 0.411998 0.727241 0.406396 0.734069 0.399393 0.739846 0.387021 0.747024 0.380486 0.749125 0.369514 0.749650 0.366480 0.751401 0.362045 0.760854 0.355976 0.782038 0.355509 0.799195 0.357610 0.817577
1 0.299486 0.616597 0.300420 0.617472 0.307423 0.616947 0.310458 0.615721 0.316760 0.614846 0.325864 0.614496 0.330065 0.612920 0.332166 0.612920 0.333800 0.616071 0.334967 0.616597 0.342437 0.617122 0.352007 0.614671 0.357610 0.604692 0.366013 0.597514 0.371849 0.594363 0.376984 0.592437 0.400560 0.586660 0.410831 0.585259 0.422502 0.585084 0.425303 0.583859 0.426704 0.581583 0.423436 0.580357 0.420868 0.578081 0.415966 0.576155 0.404528 0.567577 0.397292 0.563025 0.394024 0.561800 0.387488 0.567752 0.380019 0.570903 0.373016 0.575105 0.363212 0.578782 0.359010 0.580182 0.355509 0.580357 0.351074 0.582458 0.343604 0.584034 0.331933 0.588060 0.327498 0.588235 0.310691 0.591211 0.301354 0.591912 0.299720 0.592612 0.298786 0.594188 0.299953 0.598564 0.299486 0.616597
1 0.096872 0.631303 0.105742 0.639006 0.120215 0.645133 0.141457 0.649335 0.168067 0.652136 0.172969 0.653011 0.178805 0.655112 0.189076 0.656863 0.224323 0.654937 0.239963 0.652836 0.250233 0.650035 0.261438 0.645483 0.266573 0.642507 0.278011 0.638130 0.291783 0.625525 0.295051 0.620798 0.298086 0.611345 0.298553 0.599440 0.296919 0.594713 0.293184 0.593137 0.290149 0.592437 0.278945 0.592437 0.271709 0.591387 0.254902 0.590686 0.238095 0.587710 0.227358 0.584909 0.218954 0.583683 0.210784 0.581232 0.192344 0.574755 0.187208 0.572304 0.185574 0.570728 0.182073 0.576155 0.179972 0.582458 0.172269 0.596113 0.162465 0.606618 0.151027 0.614321 0.140990 0.617297 0.133520 0.615546 0.130019 0.617822 0.126751 0.618873 0.122316 0.618697 0.113679 0.619923 0.099206 0.619398 0.095472 0.618522 0.091970 0.619398 0.091737 0.623424 0.096872 0.631303
1 0.114613 0.750000 0.121849 0.756303 0.140990 0.762955 0.164799 0.766106 0.179739 0.765931 0.195612 0.763831 0.208217 0.760679 0.214986 0.757703 0.227591 0.753676 0.231092 0.751401 0.236228 0.749475 0.239729 0.747024 0.245098 0.744748 0.269374 0.728992 0.284547 0.717787 0.288749 0.714286 0.290850 0.711310 0.290149 0.707633 0.286415 0.703256 0.281513 0.694678 0.277544 0.683473 0.275910 0.672619 0.276144 0.657563 0.274977 0.655812 0.268908 0.653011 0.255135 0.651436 0.246499 0.652136 0.227591 0.655812 0.199346 0.657038 0.190009 0.659839 0.176704 0.667892 0.146125 0.691352 0.135154 0.701155 0.121148 0.716562 0.112745 0.737570 0.112512 0.741422 0.114613 0.750000
1 0.226424 0.802521 0.230159 0.808298 0.242997 0.819153 0.247666 0.822129 0.262605 0.827031 0.283613 0.829482 0.293884 0.829132 0.303221 0.826856 0.307423 0.824055 0.311625 0.822654 0.326564 0.807773 0.353175 0.773810 0.361811 0.755427 0.362278 0.751576 0.359477 0.748249 0.348739 0.745623 0.339169 0.739846 0.329832 0.735994 0.324463 0.732493 0.315826 0.728466 0.305089 0.721639 0.296919 0.715336 0.292951 0.713410 0.289916 0.714636 0.259804 0.735994 0.228058 0.755427 0.223389 0.765581 0.221522 0.774685 0.221755 0.789916 0.226424 0.802521
1 0.091503 0.463235 0.101074 0.468487 0.112045 0.476366 0.124650 0.486345 0.133520 0.494573 0.146359 0.503852 0.165966 0.520133 0.187908 0.528011 0.199580 0.529062 0.202848 0.531162 0.208450 0.528711 0.209851 0.526786 0.210551 0.523459 0.212652 0.505427 0.215920 0.494923 0.220588 0.484419 0.220355 0.482668 0.216853 0.482668 0.213585 0.483894 0.200514 0.485119 0.194911 0.486345 0.163866 0.485644 0.151961 0.483018 0.136088 0.477941 0.121849 0.471464 0.109477 0.464286 0.098506 0.456583 0.093838 0.454482 0.089869 0.450980 0.087535 0.450280 0.084967 0.448179 0.084500 0.448529 0.084500 0.453081 0.091503 0.463235
1 0.920868 0.168592 0.917600 0.172794 0.916433 0.175770 0.916667 0.187325 0.919468 0.203256 0.929038 0.226716 0.939309 0.235294 0.962418 0.237745 0.970355 0.237570 0.977124 0.236169 0.984360 0.233018 0.997899 0.219713 0.999767 0.219538 0.999767 0.080707 0.990896 0.075980 0.986461 0.074930 0.979925 0.074580 0.966387 0.077031 0.953081 0.081583 0.949113 0.084034 0.940943 0.090861 0.937675 0.094888 0.935341 0.099965 0.927171 0.110469 0.921102 0.126050 0.919468 0.133578 0.921569 0.165091 0.920868 0.168592
1 0.344071 0.404412 0.345705 0.405462 0.347339 0.408438 0.350373 0.411415 0.359711 0.416317 0.367647 0.422969 0.375817 0.435399 0.378618 0.444853 0.380019 0.457458 0.382353 0.457983 0.387255 0.457458 0.411298 0.458333 0.411998 0.456758 0.411298 0.452556 0.405462 0.436275 0.399160 0.406688 0.398459 0.393032 0.401027 0.376050 0.397292 0.375525 0.394351 0.378431 0.366246 0.394433 0.347106 0.400910 0.345705 0.403536 0.344071 0.404412
1 0.258637 0.443102 0.262838 0.438901 0.269841 0.433824 0.292717 0.418943 0.302988 0.413340 0.309524 0.411239 0.290616 0.408964 0.286181 0.408964 0.282913 0.410014 0.265173 0.425070 0.254902 0.438200 0.255135 0.443277 0.258637 0.443102
1 0.545285 0.403536 0.546919 0.409314 0.549020 0.406688 0.552288 0.399510 0.558357 0.392507 0.568627 0.383578 0.567927 0.381828 0.565593 0.378852 0.562092 0.376401 0.542717 0.372724 0.529412 0.367297 0.528711 0.368522 0.529412 0.372549 0.545285 0.403536
1 0.510971 0.606092 0.523343 0.610119 0.529412 0.610469 0.531513 0.609244 0.531513 0.605917 0.527077 0.598739 0.523343 0.589811 0.520775 0.578256 0.520775 0.574230 0.519141 0.571078 0.517274 0.575630 0.507703 0.584034 0.503968 0.584909 0.501167 0.587360 0.489262 0.591912 0.488562 0.593137 0.487862 0.595413 0.510971 0.606092
1 0.762605 0.693627 0.764472 0.695553 0.768908 0.698004 0.780812 0.698529 0.790616 0.697304 0.800187 0.695378 0.805556 0.692577 0.788282 0.681197 0.780112 0.673845 0.776377 0.671569 0.775910 0.670343 0.771008 0.677521 0.763072 0.686099 0.761671 0.688901 0.762605 0.693627