1 0.403361 0.109594 0.406629 0.114496 0.413632 0.119748 0.418768 0.125700 0.422269 0.131303 0.424603 0.137080 0.426004 0.146709 0.425070 0.151436 0.426471 0.157388 0.437442 0.172444 0.445612 0.185574 0.455415 0.196078 0.470121 0.209209 0.483660 0.218312 0.491130 0.221113 0.493464 0.222689 0.496732 0.223389 0.508870 0.222864 0.515640 0.220938 0.519141 0.219013 0.520308 0.217087 0.519141 0.198704 0.520775 0.192927 0.525677 0.185749 0.537348 0.177171 0.552288 0.171043 0.561858 0.168943 0.564192 0.167542 0.565359 0.165441 0.563259 0.152836 0.553688 0.128326 0.542951 0.111169 0.519841 0.086310 0.508403 0.076155 0.501634 0.068452 0.487162 0.056373 0.473389 0.046744 0.464052 0.042367 0.459851 0.039566 0.452614 0.037290 0.446312 0.034314 0.442577 0.034139 0.439076 0.032563 0.436041 0.033263 0.425303 0.033438 0.416433 0.036940 0.408730 0.043242 0.406863 0.047619 0.404062 0.050420 0.397993 0.066352 0.397993 0.088585 0.403361 0.109594
1 0.237628 0.212010 0.239729 0.215161 0.263305 0.217437 0.275910 0.220413 0.291083 0.225140 0.311391 0.233018 0.327498 0.242122 0.338235 0.247024 0.341970 0.247549 0.346639 0.245973 0.352007 0.243522 0.361811 0.235819 0.367180 0.230042 0.388189 0.212710 0.402194 0.196779 0.409897 0.185574 0.417134 0.171919 0.423436 0.156513 0.423903 0.140231 0.422035 0.133754 0.418301 0.126576 0.415500 0.124125 0.412698 0.123249 0.410364 0.121499 0.408030 0.118172 0.404295 0.117647 0.401027 0.116071 0.400093 0.113971 0.397526 0.113620 0.395425 0.109419 0.387955 0.104167 0.376517 0.098214 0.359244 0.093137 0.345005 0.092612 0.327965 0.095238 0.318627 0.097689 0.300187 0.105042 0.296218 0.107668 0.285714 0.111695 0.275910 0.117997 0.266807 0.126576 0.261204 0.133754 0.255135 0.147409 0.254902 0.150910 0.251867 0.154412 0.249066 0.165791 0.239496 0.188550 0.236695 0.201856 0.236461 0.206408 0.237628 0.212010
0 0.521475 0.213585 0.524043 0.220413 0.528245 0.227766 0.538049 0.240021 0.552521 0.251926 0.577264 0.267157 0.585434 0.270833 0.591970 0.275035 0.600840 0.278361 0.605742 0.281863 0.633520 0.294468 0.639589 0.295868 0.644491 0.298144 0.654295 0.300945 0.679272 0.306197 0.687208 0.306723 0.692344 0.308123 0.728758 0.308123 0.751634 0.305847 0.775910 0.299370 0.793651 0.291492 0.803688 0.284314 0.811625 0.275735 0.819561 0.252101 0.819328 0.248950 0.817227 0.237570 0.811858 0.228641 0.802988 0.217962 0.791317 0.208333 0.782913 0.202906 0.779412 0.202031 0.774510 0.199230 0.748599 0.187675 0.733894 0.183473 0.682773 0.171744 0.670168 0.171569 0.651027 0.168592 0.632353 0.167367 0.609244 0.166141 0.586835 0.166141 0.560691 0.169293 0.550187 0.172094 0.544351 0.174895 0.532446 0.181373 0.524510 0.188375 0.520075 0.196078 0.519841 0.198704 0.519841 0.205882 0.521475 0.213585
1 0.393557 0.397409 0.394958 0.397934 0.396125 0.400910 0.397993 0.401961 0.410831 0.405287 0.425770 0.405637 0.438142 0.404937 0.439309 0.404237 0.444211 0.392157 0.458917 0.378676 0.477591 0.369048 0.486695 0.365546 0.515873 0.356793 0.546452 0.351891 0.572596 0.349615 0.599206 0.349440 0.632820 0.352066 0.637255 0.351716 0.640756 0.348564 0.645658 0.335084 0.644258 0.325105 0.642157 0.317927 0.643091 0.314076 0.641223 0.313200 0.640056 0.310714 0.639356 0.305322 0.634921 0.302171 0.632120 0.297794 0.625350 0.292542 0.613445 0.288165 0.609244 0.285014 0.598739 0.281162 0.595472 0.279062 0.589169 0.277836 0.561158 0.278186 0.547152 0.279062 0.509337 0.283789 0.488562 0.289566 0.476657 0.292017 0.467087 0.295168 0.459851 0.298144 0.453081 0.303571 0.454248 0.307423 0.458683 0.312675 0.461718 0.317927 0.465920 0.331758 0.465920 0.342787 0.464286 0.350140 0.459150 0.359944 0.454949 0.362745 0.453548 0.370623 0.449580 0.370623 0.443978 0.373249 0.443044 0.376751 0.436275 0.381828 0.430672 0.383929 0.429038 0.386029 0.411531 0.389356 0.395892 0.390581 0.395892 0.395133 0.393557 0.397409
0 0.171802 0.299545 0.172269 0.303746 0.182773 0.318277 0.188609 0.324580 0.202614 0.337010 0.206116 0.339286 0.217087 0.344188 0.220355 0.346814 0.230626 0.352416 0.244164 0.357493 0.251634 0.361520 0.298319 0.376576 0.314426 0.380252 0.345472 0.385854 0.368814 0.388831 0.380252 0.389006 0.387021 0.390931 0.390289 0.389006 0.400794 0.389006 0.416433 0.387080 0.439076 0.379552 0.442577 0.378151 0.443744 0.376751 0.442110 0.372549 0.445612 0.371674 0.449580 0.369573 0.454949 0.366422 0.456583 0.364496 0.460084 0.355392 0.462185 0.352416 0.464286 0.344188 0.464986 0.334209 0.464286 0.328081 0.461951 0.320728 0.454715 0.307773 0.451914 0.305147 0.448646 0.300245 0.440476 0.294993 0.433940 0.288165 0.417834 0.277136 0.410364 0.273810 0.407796 0.271884 0.386788 0.263655 0.373249 0.259804 0.342204 0.253151 0.334734 0.253501 0.324463 0.249650 0.296919 0.245798 0.256536 0.241772 0.236695 0.241597 0.223856 0.242297 0.209384 0.244048 0.201914 0.246148 0.189309 0.251401 0.178805 0.257703 0.173203 0.264706 0.169935 0.272234 0.168768 0.278887 0.169468 0.294643 0.171802 0.299545
1 0.086134 0.421919 0.089169 0.428922 0.098739 0.436625 0.101774 0.438025 0.112512 0.441877 0.132120 0.446954 0.140523 0.450105 0.207049 0.462360 0.244398 0.471113 0.258170 0.471989 0.261905 0.471464 0.273343 0.471639 0.275910 0.472339 0.279412 0.471289 0.286415 0.470938 0.296685 0.467437 0.299486 0.463585 0.299953 0.452906 0.309057 0.439951 0.316760 0.434174 0.327965 0.428396 0.335201 0.423494 0.373249 0.411415 0.374183 0.407213 0.373249 0.397409 0.369281 0.390406 0.359010 0.388305 0.346172 0.387080 0.327965 0.384104 0.316993 0.381303 0.307190 0.379727 0.280112 0.372024 0.275910 0.370098 0.273343 0.369748 0.250934 0.362045 0.230626 0.353466 0.223623 0.350315 0.209384 0.341211 0.203315 0.339111 0.198413 0.340161 0.178338 0.341737 0.152428 0.346989 0.139356 0.351366 0.119514 0.360119 0.105042 0.369573 0.092437 0.381303 0.088936 0.387255 0.085668 0.397409 0.084734 0.410364 0.086134 0.421919
1 0.062792 0.581408 0.067460 0.588761 0.075397 0.596464 0.077965 0.600140 0.083100 0.603992 0.105742 0.616071 0.133754 0.623249 0.153828 0.626050 0.168534 0.626401 0.185808 0.625350 0.196078 0.625700 0.199346 0.624300 0.203081 0.624125 0.206583 0.622549 0.209851 0.622549 0.213585 0.620273 0.220588 0.620448 0.230626 0.617997 0.234360 0.618697 0.247199 0.615021 0.265406 0.610994 0.306489 0.596639 0.324230 0.588585 0.329365 0.584909 0.330532 0.581933 0.329599 0.575980 0.330299 0.563200 0.332166 0.553571 0.334967 0.547269 0.342204 0.538340 0.349206 0.533263 0.355742 0.529937 0.366713 0.526085 0.366947 0.521183 0.363912 0.515056 0.358777 0.508578 0.346639 0.500875 0.336134 0.496148 0.328665 0.491947 0.322596 0.487395 0.317227 0.484944 0.314659 0.484419 0.306956 0.484769 0.300187 0.483018 0.290616 0.482143 0.276144 0.479692 0.234360 0.482318 0.218254 0.485644 0.193044 0.494223 0.126284 0.520133 0.119281 0.523634 0.092204 0.534664 0.079132 0.542192 0.068861 0.550420 0.062558 0.557248 0.060691 0.564076 0.060691 0.570728 0.062792 0.581408
1 0.000000 0.551120 0.004902 0.553221 0.018908 0.556898 0.022409 0.557073 0.043417 0.561275 0.053688 0.561625 0.060458 0.560749 0.065359 0.553046 0.068627 0.549720 0.084967 0.537640 0.112745 0.524860 0.123950 0.521008 0.140289 0.513831 0.164566 0.504902 0.183240 0.497024 0.218254 0.485119 0.223156 0.484069 0.225957 0.481092 0.225023 0.473389 0.220355 0.466912 0.203782 0.462535 0.195612 0.461134 0.192810 0.459909 0.187675 0.459909 0.158030 0.454132 0.154062 0.454132 0.150794 0.452731 0.140523 0.450980 0.123716 0.445553 0.105042 0.440651 0.098039 0.437150 0.091036 0.432248 0.086835 0.428746 0.084734 0.424720 0.081466 0.422094 0.067460 0.424370 0.059757 0.426821 0.011204 0.438725 0.000000 0.443277 0.000000 0.551120
0 0.332866 0.582808 0.344071 0.603466 0.356676 0.617647 0.368114 0.626401 0.369748 0.628501 0.378151 0.633754 0.394725 0.641807 0.397526 0.644083 0.424370 0.653361 0.445845 0.659489 0.506536 0.669818 0.533147 0.670693 0.537582 0.671744 0.546919 0.672444 0.557423 0.671744 0.561625 0.670168 0.574463 0.669118 0.584034 0.664916 0.591270 0.659314 0.593604 0.655287 0.596405 0.652836 0.614146 0.629902 0.615313 0.620273 0.614846 0.614671 0.609944 0.600315 0.602474 0.588060 0.591737 0.576331 0.586835 0.572129 0.566993 0.558473 0.553688 0.550420 0.549953 0.549020 0.539916 0.542192 0.491130 0.527836 0.463352 0.523109 0.443277 0.520833 0.411064 0.519783 0.387722 0.522409 0.358543 0.529412 0.348973 0.534314 0.338702 0.543242 0.334967 0.549545 0.331933 0.557248 0.331232 0.571429 0.332866 0.582808
0 0.585901 0.706583 0.588936 0.712535 0.589169 0.716912 0.591270 0.720763 0.601307 0.735469 0.605042 0.738796 0.615780 0.743873 0.621849 0.745273 0.630252 0.744223 0.651261 0.744048 0.672269 0.740546 0.678571 0.738270 0.689542 0.737045 0.702148 0.731618 0.720822 0.730042 0.733427 0.726891 0.744631 0.725665 0.765173 0.721289 0.782913 0.716036 0.811625 0.702206 0.820495 0.695203 0.823763 0.693627 0.838702 0.679622 0.846639 0.665441 0.848973 0.659314 0.852241 0.643032 0.856209 0.630252 0.855976 0.620798 0.853175 0.610819 0.845238 0.598389 0.831232 0.586485 0.817227 0.577556 0.803688 0.571779 0.784314 0.568627 0.768674 0.568452 0.748599 0.571954 0.737628 0.574580 0.728291 0.577906 0.719655 0.579307 0.714753 0.581583 0.704248 0.584559 0.685808 0.592437 0.678571 0.594188 0.665266 0.601015 0.661298 0.602066 0.641690 0.612570 0.622549 0.627626 0.617880 0.630427 0.607843 0.639706 0.596172 0.654412 0.591036 0.664566 0.588235 0.678746 0.585434 0.686625 0.584967 0.696954 0.585901 0.706583
1 0.534314 0.529412 0.541083 0.540266 0.548086 0.544818 0.550187 0.547269 0.577965 0.563200 0.584967 0.566527 0.588702 0.567052 0.591970 0.568803 0.596172 0.568627 0.603641 0.571779 0.616480 0.574755 0.632820 0.577381 0.640523 0.579657 0.654062 0.581057 0.676237 0.581758 0.684641 0.580532 0.693744 0.580707 0.699346 0.579657 0.703081 0.579832 0.711095 0.577731 0.717320 0.578081 0.775910 0.564601 0.782213 0.562500 0.785247 0.560574 0.796452 0.556022 0.799253 0.553571 0.805089 0.550945 0.814426 0.543067 0.819328 0.536415 0.820028 0.533263 0.817227 0.530112 0.812092 0.528011 0.797852 0.518908 0.791317 0.512780 0.782680 0.502626 0.777077 0.493522 0.774510 0.485644 0.774510 0.477941 0.776844 0.466737 0.771008 0.463936 0.761905 0.461134 0.741597 0.458158 0.728058 0.457108 0.718254 0.457283 0.713819 0.456583 0.703081 0.457633 0.686975 0.464461 0.660598 0.470763 0.648693 0.472164 0.644024 0.473389 0.621849 0.475665 0.612045 0.475840 0.598973 0.478466 0.595238 0.479517 0.591970 0.481793 0.579599 0.485294 0.564192 0.491246 0.545518 0.501225 0.536415 0.508754 0.533613 0.515231 0.534314 0.529412
0 0.443277 0.417192 0.452381 0.431723 0.456583 0.435574 0.460784 0.437675 0.480859 0.451155 0.489963 0.454307 0.502101 0.457633 0.509104 0.458683 0.518908 0.462010 0.542951 0.467437 0.553688 0.468662 0.561158 0.471639 0.564426 0.472164 0.567694 0.471464 0.570962 0.473564 0.573996 0.472864 0.578198 0.473389 0.582166 0.472689 0.602241 0.474965 0.616480 0.474790 0.644491 0.472514 0.669234 0.467612 0.675070 0.465861 0.679272 0.465511 0.696545 0.458859 0.704248 0.454307 0.712185 0.450805 0.721989 0.443102 0.727358 0.437675 0.731559 0.428922 0.734594 0.416141 0.734127 0.404062 0.732493 0.401085 0.732260 0.397759 0.728058 0.390406 0.720355 0.382878 0.706816 0.374825 0.689542 0.367472 0.678805 0.363796 0.654762 0.357493 0.630952 0.352941 0.595472 0.349965 0.560224 0.351190 0.529879 0.354867 0.515406 0.357493 0.479225 0.368873 0.465453 0.375525 0.455182 0.382878 0.444911 0.394083 0.442810 0.397759 0.440943 0.404237 0.440710 0.408088 0.443277 0.417192
1 0.307190 0.470588 0.319795 0.484244 0.323996 0.486520 0.328665 0.490371 0.360878 0.507353 0.369748 0.510504 0.377684 0.511555 0.382120 0.513655 0.403361 0.518032 0.425070 0.519083 0.428571 0.518557 0.434874 0.518908 0.443744 0.519433 0.455649 0.521359 0.470822 0.521884 0.484360 0.521183 0.489496 0.519258 0.507236 0.517682 0.516807 0.515231 0.519608 0.515231 0.529178 0.511730 0.550654 0.495973 0.563959 0.488971 0.565826 0.486695 0.567694 0.479517 0.567694 0.473915 0.564192 0.471289 0.560924 0.472689 0.555322 0.470588 0.523810 0.463761 0.511204 0.459909 0.502334 0.458859 0.496265 0.456408 0.487162 0.454307 0.479692 0.451155 0.455649 0.435574 0.448880 0.428571 0.444911 0.422969 0.440710 0.414741 0.439076 0.408613 0.436508 0.408088 0.407563 0.408263 0.387021 0.410539 0.383520 0.411940 0.368814 0.414216 0.341970 0.422444 0.324230 0.431022 0.313025 0.438550 0.305789 0.446254 0.300887 0.454132 0.301354 0.459209 0.307190 0.470588
1 0.000000 0.875525 0.001634 0.875525 0.004202 0.877451 0.019141 0.882353 0.048086 0.886555 0.060458 0.889881 0.096405 0.894958 0.102708 0.895133 0.108777 0.896884 0.128618 0.897934 0.155229 0.898284 0.178571 0.895658 0.191410 0.891282 0.197246 0.890581 0.207283 0.887780 0.221055 0.882528 0.248133 0.867472 0.257470 0.859944 0.271008 0.847164 0.280579 0.835259 0.285014 0.825805 0.287582 0.811450 0.289683 0.806898 0.283380 0.804447 0.278945 0.805497 0.276377 0.802696 0.276377 0.796919 0.281046 0.793417 0.281513 0.787115 0.280579 0.782913 0.277778 0.779237 0.270075 0.771534 0.258170 0.764006 0.241830 0.757528 0.220121 0.750525 0.208450 0.748775 0.203081 0.747024 0.176937 0.743873 0.137722 0.741246 0.108777 0.742647 0.093371 0.744573 0.074697 0.745273 0.067927 0.746849 0.060458 0.747199 0.046919 0.749300 0.041783 0.751576 0.025210 0.756127 0.005135 0.765056 0.003035 0.767332 0.000000 0.768382 0.000000 0.875525
1 0.000000 0.739671 0.008637 0.740896 0.036415 0.741422 0.059057 0.740371 0.092437 0.736345 0.102474 0.733543 0.109711 0.732493 0.113445 0.730742 0.136088 0.727766 0.157330 0.722864 0.166667 0.719013 0.174370 0.714286 0.175070 0.713410 0.174603 0.709734 0.171802 0.703081 0.167600 0.696254 0.166900 0.693452 0.167600 0.683824 0.169001 0.678571 0.174603 0.670343 0.183473 0.660364 0.198413 0.649160 0.210551 0.644083 0.206583 0.637605 0.200514 0.632178 0.192577 0.626751 0.184407 0.626401 0.169935 0.627451 0.159197 0.627451 0.133754 0.624125 0.119748 0.621148 0.105509 0.616422 0.084967 0.605917 0.081466 0.604342 0.078665 0.603992 0.039216 0.610644 0.022176 0.614846 0.005369 0.616947 0.000000 0.618172 0.000000 0.739671
1 0.000000 0.616597 0.019141 0.614496 0.057423 0.606618 0.066293 0.605742 0.078431 0.602416 0.068627 0.591562 0.060691 0.581057 0.058824 0.579832 0.043417 0.574755 0.040383 0.574580 0.028245 0.571254 0.025677 0.569678 0.002101 0.566702 0.000000 0.566702 0.000000 0.616597
1 0.000000 0.355567 0.001867 0.355917 0.004435 0.359594 0.009104 0.362745 0.012838 0.366597 0.026377 0.376050 0.063492 0.395308 0.078198 0.400560 0.081466 0.401085 0.083100 0.399685 0.089402 0.384279 0.094071 0.378501 0.106676 0.367822 0.121849 0.358368 0.139589 0.350665 0.153828 0.346113 0.182306 0.340511 0.190243 0.339636 0.196545 0.339811 0.200747 0.338585 0.198413 0.334909 0.187675 0.325630 0.179739 0.317227 0.169701 0.303396 0.168067 0.299720 0.164799 0.297619 0.154295 0.294293 0.151494 0.292717 0.134454 0.288690 0.109244 0.280987 0.081466 0.276436 0.057656 0.275210 0.024043 0.275210 0.015640 0.276611 0.005135 0.279412 0.003035 0.281162 0.000000 0.282038 0.000000 0.355567
1 0.000000 0.616422 0.008637 0.616071 0.019141 0.614496 0.057656 0.606618 0.066293 0.605742 0.078431 0.602416 0.067694 0.590336 0.060691 0.580882 0.058123 0.579307 0.043184 0.574405 0.039916 0.574230 0.028245 0.571078 0.025910 0.569503 0.002101 0.566527 0.000000 0.566527 0.000000 0.616422
1 0.234827 0.630602 0.235528 0.632528 0.237628 0.633228 0.243931 0.631478 0.253968 0.630252 0.262372 0.627976 0.272642 0.626926 0.275677 0.625875 0.291375 0.624650 0.332866 0.625175 0.359944 0.629202 0.362745 0.630252 0.370682 0.630252 0.367414 0.628501 0.366947 0.626751 0.360177 0.621674 0.345005 0.606268 0.336134 0.591912 0.331466 0.585959 0.294585 0.601716 0.281746 0.606443 0.252101 0.615196 0.244631 0.616246 0.234827 0.619048 0.234127 0.619573 0.234827 0.630602
0 0.271008 0.937150 0.278011 0.944153 0.303455 0.960784 0.307890 0.961835 0.310691 0.963761 0.320728 0.966211 0.324230 0.968312 0.341737 0.975490 0.345238 0.975840 0.353641 0.978817 0.362979 0.981092 0.398693 0.992647 0.427638 0.997024 0.453548 0.997724 0.477124 0.995098 0.505135 0.986520 0.506536 0.984594 0.518908 0.978291 0.522876 0.975490 0.529645 0.972514 0.536648 0.966737 0.539916 0.964986 0.552288 0.950455 0.562092 0.935574 0.567694 0.925070 0.572129 0.914391 0.573063 0.911765 0.573063 0.907213 0.569561 0.887255 0.559290 0.869573 0.554155 0.864146 0.547152 0.860119 0.543417 0.856618 0.527077 0.848739 0.515640 0.845763 0.512605 0.845588 0.502801 0.841912 0.495098 0.840861 0.470121 0.834559 0.434641 0.831057 0.397059 0.831408 0.380486 0.832633 0.362745 0.836835 0.345472 0.842612 0.317227 0.854867 0.294351 0.874650 0.279645 0.890931 0.270075 0.904412 0.267274 0.911590 0.266106 0.917717 0.266106 0.928746 0.271008 0.937150
1 0.220588 0.999825 0.222339 0.998074 0.237395 0.995623 0.241130 0.994223 0.244398 0.993697 0.248133 0.994223 0.254902 0.989496 0.262372 0.990196 0.268441 0.983894 0.279412 0.979167 0.282213 0.977066 0.289216 0.973739 0.301120 0.963235 0.301587 0.960084 0.292250 0.955007 0.288982 0.951856 0.280345 0.946954 0.275677 0.943452 0.268674 0.935924 0.265173 0.929097 0.264706 0.918768 0.265173 0.914741 0.267974 0.906863 0.276844 0.892157 0.293184 0.873775 0.310224 0.859244 0.310924 0.855742 0.303688 0.851190 0.295985 0.849965 0.285014 0.849090 0.272176 0.849615 0.269374 0.850490 0.262138 0.856092 0.260504 0.858543 0.250233 0.866947 0.237395 0.875175 0.227358 0.880777 0.218254 0.884804 0.199580 0.891457 0.189542 0.893207 0.185574 0.894958 0.178805 0.896359 0.161998 0.898985 0.131886 0.899160 0.111578 0.898459 0.105976 0.900035 0.099907 0.903536 0.080766 0.917367 0.063259 0.932248 0.060691 0.935924 0.050420 0.946254 0.047386 0.954307 0.042484 0.963585 0.036181 0.984069 0.036181 0.999825 0.220588 0.999825
1 0.803455 0.793242 0.808824 0.800770 0.819795 0.811450 0.844538 0.825455 0.862979 0.833333 0.921335 0.849440 0.952614 0.852591 0.980859 0.851015 0.987162 0.849265 0.991130 0.848915 0.995331 0.847339 0.998133 0.845063 0.999767 0.845063 0.999767 0.739496 0.985994 0.735994 0.966387 0.733018 0.926471 0.733718 0.909430 0.733193 0.876050 0.728116 0.869514 0.727591 0.862979 0.728291 0.848273 0.731968 0.836368 0.736870 0.826564 0.742122 0.819094 0.747549 0.811391 0.756478 0.805789 0.764531 0.802054 0.779412 0.802054 0.785714 0.803455 0.793242
1 0.846405 0.669293 0.839869 0.679622 0.833800 0.686099 0.821195 0.696254 0.819094 0.699405 0.821195 0.703081 0.825163 0.705882 0.845238 0.716562 0.869514 0.725490 0.890990 0.730042 0.904295 0.731968 0.914566 0.732668 0.932540 0.732668 0.960317 0.731793 0.984360 0.729517 0.999767 0.726190 0.999767 0.633403 0.994631 0.633053 0.989729 0.635154 0.948646 0.638831 0.936275 0.641106 0.924603 0.641807 0.887488 0.636555 0.862979 0.630602 0.859244 0.630427 0.856676 0.633228 0.850607 0.658263 0.846405 0.669293
1 0.806256 0.569328 0.810924 0.571254 0.814426 0.574755 0.827965 0.582633 0.831466 0.583859 0.838469 0.584734 0.841737 0.586835 0.842904 0.595238 0.847106 0.598915 0.854809 0.611345 0.859244 0.629902 0.864379 0.629727 0.873716 0.632703 0.897292 0.637605 0.919935 0.640231 0.939076 0.639706 0.971522 0.636029 0.986928 0.634104 0.999767 0.631127 0.999767 0.549195 0.984594 0.552696 0.973623 0.557073 0.963585 0.559174 0.949813 0.560049 0.940243 0.559874 0.897292 0.553746 0.837768 0.540616 0.831466 0.542017 0.816293 0.549720 0.810458 0.554097 0.806256 0.560049 0.805089 0.563550 0.806256 0.569328
1 0.806956 0.570728 0.810458 0.571429 0.819328 0.578081 0.823529 0.579832 0.831466 0.584734 0.835201 0.584034 0.839636 0.586134 0.842204 0.589986 0.842670 0.595413 0.847339 0.599265 0.854575 0.610819 0.858077 0.623424 0.858077 0.626926 0.859711 0.632703 0.859244 0.633929 0.862045 0.629902 0.862979 0.629727 0.873249 0.632878 0.877684 0.633403 0.886321 0.635854 0.894258 0.636905 0.897526 0.638130 0.923436 0.640581 0.938609 0.640056 0.957983 0.637430 0.978291 0.635854 0.999767 0.631478 0.999767 0.548669 0.991363 0.550420 0.981559 0.553571 0.973856 0.557073 0.962885 0.559524 0.937442 0.559874 0.899860 0.554097 0.869981 0.547969 0.865079 0.547619 0.856209 0.544993 0.848973 0.543768 0.841970 0.540791 0.836835 0.540441 0.830065 0.542367 0.810224 0.552696 0.808590 0.553922 0.804155 0.563375 0.804388 0.568102 0.806956 0.570728
1 0.779412 0.495798 0.785714 0.505427 0.789683 0.508403 0.792017 0.512255 0.797852 0.515581 0.799720 0.518908 0.803221 0.520658 0.807423 0.524160 0.832166 0.536940 0.846172 0.542017 0.866947 0.547269 0.908263 0.555322 0.935808 0.559349 0.952381 0.559699 0.963352 0.558648 0.973389 0.556197 0.980626 0.553396 0.985294 0.550595 0.992530 0.548845 0.995565 0.546569 0.997899 0.542717 0.999767 0.542542 0.999767 0.436975 0.984827 0.432073 0.977124 0.429972 0.949813 0.425070 0.905696 0.420868 0.875584 0.421043 0.862745 0.421919 0.845472 0.424370 0.833800 0.427171 0.805556 0.439076 0.789683 0.451331 0.786181 0.455182 0.779645 0.465336 0.776844 0.474090 0.776144 0.484244 0.779412 0.495798
1 0.815359 0.400910 0.817460 0.404762 0.818861 0.410889 0.828198 0.422269 0.833567 0.425420 0.871615 0.420343 0.899346 0.419993 0.950280 0.424545 0.956349 0.425945 0.970588 0.427696 0.994631 0.433473 0.999767 0.432773 0.999767 0.332283 0.995098 0.331408 0.984827 0.331057 0.970355 0.328957 0.952148 0.329832 0.925537 0.334034 0.921102 0.335609 0.901027 0.339461 0.897526 0.340686 0.887255 0.342262 0.869048 0.347514 0.855742 0.352241 0.835434 0.362395 0.827498 0.368172 0.823763 0.372024 0.820495 0.376225 0.817460 0.383578 0.815126 0.390581 0.815359 0.400910
1 0.701447 0.369748 0.708683 0.374475 0.712885 0.376225 0.717087 0.379902 0.721522 0.381828 0.728758 0.388305 0.730859 0.391807 0.734360 0.394958 0.744865 0.399685 0.755135 0.400210 0.794351 0.396359 0.803688 0.393908 0.811858 0.392857 0.813492 0.391807 0.819094 0.376926 0.825864 0.368697 0.835434 0.361695 0.848273 0.354867 0.868581 0.347164 0.890056 0.340861 0.908030 0.338060 0.939309 0.330357 0.948179 0.329132 0.951214 0.327906 0.953315 0.324580 0.940943 0.319503 0.926237 0.312325 0.914332 0.303396 0.906629 0.296394 0.897292 0.285714 0.890523 0.274510 0.888889 0.269433 0.886788 0.266106 0.876050 0.265581 0.834267 0.268908 0.824463 0.270483 0.814659 0.273459 0.809290 0.280812 0.801821 0.287290 0.797152 0.290616 0.783847 0.297619 0.761905 0.304272 0.751401 0.306548 0.730626 0.309524 0.725724 0.311450 0.718254 0.318803 0.705882 0.341211 0.705182 0.345763 0.701681 0.353116 0.700280 0.359419 0.700280 0.366246 0.701447 0.369748
1 0.891923 0.275910 0.896592 0.283438 0.902894 0.290616 0.910831 0.298669 0.915733 0.302171 0.916900 0.304097 0.921802 0.307073 0.925537 0.310749 0.929505 0.312325 0.932073 0.314426 0.938609 0.317752 0.956816 0.323704 0.959851 0.326331 0.980859 0.328431 0.987628 0.329832 0.995098 0.330007 0.999767 0.329307 0.999767 0.209909 0.984360 0.210084 0.963819 0.213060 0.951914 0.212885 0.946078 0.213585 0.928805 0.216912 0.915033 0.221289 0.897292 0.229167 0.893557 0.234594 0.888189 0.247374 0.888422 0.264531 0.891923 0.275910
1 0.841737 0.185749 0.842904 0.188025 0.844304 0.196078 0.850140 0.209734 0.855042 0.234419 0.861811 0.245448 0.872082 0.258228 0.877218 0.262780 0.879785 0.263831 0.883987 0.264181 0.886321 0.262605 0.887021 0.248074 0.895191 0.230742 0.897759 0.228641 0.910364 0.222514 0.939309 0.212885 0.947479 0.211835 0.966853 0.211660 0.977591 0.209734 0.994865 0.208859 0.999767 0.207808 0.999767 0.179447 0.997899 0.179272 0.990196 0.172794 0.985994 0.167892 0.975257 0.160714 0.965219 0.156162 0.961485 0.153536 0.949580 0.149160 0.931373 0.144083 0.914099 0.140581 0.898459 0.139181 0.887722 0.139356 0.873483 0.140756 0.855976 0.145308 0.845472 0.150735 0.839636 0.154937 0.838235 0.157913 0.841737 0.185749
1 0.458917 0.275735 0.467087 0.290616 0.470121 0.292367 0.484827 0.289916 0.500700 0.285539 0.525444 0.281162 0.558824 0.277836 0.584734 0.277136 0.591270 0.275910 0.588469 0.274510 0.587302 0.272409 0.575864 0.267157 0.549253 0.249650 0.532446 0.234594 0.524743 0.223915 0.522409 0.221989 0.505369 0.223915 0.494865 0.226366 0.482260 0.230392 0.478058 0.233193 0.470121 0.236695 0.466853 0.239321 0.462652 0.244748 0.458683 0.251225 0.456583 0.257878 0.456816 0.269258 0.458917 0.275735
1 0.355742 0.256127 0.362745 0.256653 0.387021 0.262780 0.408263 0.271534 0.414799 0.274685 0.429272 0.284139 0.436508 0.289566 0.444911 0.297619 0.449580 0.300070 0.456583 0.298669 0.463352 0.295518 0.466387 0.293242 0.464519 0.286239 0.461718 0.282738 0.461018 0.279587 0.458683 0.276961 0.456116 0.269258 0.456116 0.260854 0.457516 0.253326 0.462652 0.244923 0.463352 0.241772 0.461951 0.239671 0.456816 0.237570 0.436275 0.235294 0.428338 0.235294 0.415733 0.236695 0.390289 0.242122 0.380486 0.245448 0.369748 0.247199 0.357843 0.251050 0.353641 0.254202 0.353408 0.255077 0.355742 0.256127
1 0.372782 0.233543 0.374416 0.235469 0.378618 0.237045 0.383520 0.240546 0.387021 0.241422 0.397759 0.240021 0.414799 0.236520 0.427404 0.235294 0.436508 0.235294 0.459851 0.237570 0.463352 0.239671 0.480626 0.230042 0.488562 0.227241 0.493931 0.223915 0.490663 0.222514 0.487862 0.220238 0.483660 0.219013 0.477124 0.214986 0.458217 0.199055 0.444678 0.184524 0.437208 0.173144 0.425070 0.158088 0.421802 0.161765 0.419935 0.167367 0.409430 0.187675 0.402194 0.197829 0.395191 0.205882 0.369048 0.230392 0.369514 0.232318 0.372782 0.233543
1 0.020308 0.085084 0.022176 0.089461 0.024977 0.092437 0.026611 0.098564 0.034314 0.112745 0.046919 0.129027 0.051120 0.136555 0.077498 0.170518 0.088936 0.181022 0.102474 0.186800 0.130252 0.195728 0.136788 0.197129 0.154528 0.203256 0.182306 0.218312 0.186275 0.219713 0.189542 0.219888 0.203315 0.217087 0.221289 0.215161 0.229225 0.210609 0.232493 0.207808 0.234360 0.205182 0.236928 0.192402 0.247899 0.164216 0.249066 0.158263 0.248366 0.154762 0.241130 0.141106 0.218487 0.116422 0.213352 0.112745 0.209851 0.111345 0.197712 0.103992 0.191877 0.099440 0.154373 0.074638 0.150794 0.071078 0.147993 0.069853 0.130019 0.057073 0.101541 0.049545 0.093838 0.049195 0.091503 0.048319 0.084967 0.047619 0.080999 0.047794 0.078198 0.046919 0.075630 0.047619 0.071195 0.047094 0.064192 0.047444 0.052521 0.050070 0.039683 0.054972 0.029412 0.062500 0.024743 0.067752 0.021942 0.073179 0.021008 0.077906 0.021709 0.081758 0.020308 0.085084
1 0.000000 0.262955 0.002614 0.263690 0.015406 0.273284 0.018908 0.274335 0.021709 0.273634 0.029645 0.273810 0.036415 0.272759 0.046919 0.273459 0.049953 0.272584 0.056956 0.273810 0.064192 0.273634 0.070962 0.274860 0.081699 0.275210 0.103641 0.279062 0.112745 0.281688 0.116480 0.281863 0.119748 0.283438 0.131653 0.285889 0.148926 0.291492 0.157796 0.292892 0.158730 0.290266 0.157796 0.286415 0.154528 0.283613 0.150794 0.276261 0.145892 0.274160 0.144024 0.271884 0.142857 0.273109 0.140056 0.274160 0.137021 0.272934 0.133987 0.273810 0.133053 0.273459 0.130952 0.268732 0.133520 0.264881 0.140756 0.259804 0.144725 0.258578 0.146825 0.255252 0.147059 0.251225 0.150560 0.244223 0.156396 0.237920 0.162465 0.233018 0.168534 0.229692 0.179739 0.225840 0.183007 0.223915 0.184174 0.220413 0.172502 0.212710 0.150794 0.202731 0.057656 0.173144 0.038982 0.168242 0.019608 0.166317 0.004669 0.165966 0.000000 0.166667 0.000000 0.262955
1 0.150794 0.260854 0.151261 0.276085 0.160598 0.291141 0.164566 0.294118 0.166433 0.293768 0.167134 0.292542 0.166900 0.279237 0.169234 0.271183 0.171802 0.266106 0.176704 0.259454 0.191410 0.249300 0.213819 0.243347 0.223623 0.241947 0.237395 0.241246 0.266106 0.242122 0.286181 0.243873 0.289683 0.244923 0.307890 0.246849 0.313725 0.248249 0.320261 0.248249 0.330999 0.249650 0.332866 0.250175 0.335201 0.252276 0.340336 0.253151 0.341737 0.254027 0.344538 0.251751 0.340336 0.250525 0.337068 0.248249 0.334034 0.247199 0.331232 0.244398 0.317460 0.236870 0.307890 0.233018 0.303688 0.230392 0.284547 0.223214 0.267040 0.219538 0.261905 0.217787 0.254902 0.216912 0.247432 0.216737 0.245331 0.217262 0.234360 0.216387 0.230626 0.216912 0.227824 0.216211 0.217087 0.217612 0.206583 0.217787 0.193511 0.220063 0.187208 0.222164 0.179739 0.226190 0.168067 0.230217 0.161298 0.234419 0.153361 0.241947 0.151261 0.244748 0.148926 0.251576 0.148693 0.255952 0.150794 0.260854
0 0.175303 0.708508 0.177171 0.710434 0.182073 0.713235 0.188842 0.715686 0.194911 0.721289 0.206116 0.727416 0.210317 0.728641 0.222222 0.734769 0.224090 0.737045 0.257937 0.746148 0.264706 0.749825 0.272642 0.752976 0.279879 0.754727 0.283380 0.756478 0.299253 0.761380 0.300187 0.766282 0.303221 0.764706 0.310224 0.764881 0.317694 0.768732 0.327498 0.770133 0.331466 0.771709 0.348973 0.774685 0.359711 0.775385 0.368814 0.776961 0.387255 0.777136 0.415500 0.774160 0.436041 0.770308 0.444678 0.766982 0.446078 0.765231 0.449813 0.765581 0.451447 0.769608 0.453081 0.770308 0.454482 0.768207 0.458683 0.765931 0.461485 0.761730 0.468954 0.757003 0.490430 0.736169 0.498133 0.723915 0.499533 0.716912 0.498133 0.708383 0.497899 0.696254 0.493931 0.689076 0.487628 0.680672 0.470355 0.667367 0.460551 0.664741 0.456116 0.662640 0.453081 0.662640 0.450047 0.661239 0.446545 0.660889 0.409197 0.649335 0.397292 0.644958 0.379785 0.635854 0.369514 0.632178 0.363212 0.630427 0.358310 0.630077 0.345472 0.627276 0.327498 0.625175 0.292484 0.625175 0.282913 0.625875 0.265406 0.628326 0.261905 0.629552 0.234127 0.634979 0.205649 0.646709 0.192344 0.654587 0.184407 0.661415 0.172502 0.675070 0.169234 0.681898 0.168534 0.685749 0.169001 0.696078 0.175303 0.708508
1 0.335201 0.782213 0.345238 0.796569 0.356209 0.807423 0.360411 0.809174 0.364379 0.812325 0.376284 0.819153 0.394491 0.825980 0.404528 0.828606 0.427404 0.830007 0.441176 0.829832 0.467087 0.832108 0.491597 0.830532 0.518674 0.826506 0.564192 0.815301 0.574230 0.811450 0.585668 0.805497 0.602474 0.793242 0.607376 0.782913 0.608777 0.765231 0.607610 0.755777 0.604809 0.750350 0.587068 0.737745 0.567460 0.718312 0.547152 0.708859 0.532213 0.704482 0.525910 0.703081 0.501634 0.701506 0.500000 0.702731 0.500700 0.705532 0.501634 0.706583 0.505836 0.707983 0.509804 0.716387 0.503735 0.731793 0.497666 0.737745 0.490896 0.746499 0.484360 0.751401 0.480859 0.757353 0.470355 0.765406 0.464052 0.772409 0.460784 0.779237 0.456349 0.783088 0.452381 0.782388 0.450280 0.780987 0.449113 0.776611 0.451214 0.772409 0.450980 0.768557 0.447012 0.767157 0.442344 0.769433 0.414099 0.775210 0.387722 0.777486 0.369748 0.777486 0.341270 0.774510 0.334967 0.772934 0.334500 0.774160 0.334267 0.779587 0.335201 0.782213
1 0.562325 0.859944 0.567694 0.868172 0.578431 0.875525 0.589169 0.879552 0.594071 0.882178 0.599673 0.886555 0.601774 0.887080 0.609944 0.886730 0.619514 0.887955 0.623249 0.889356 0.646359 0.892857 0.672035 0.890581 0.685341 0.888655 0.696545 0.885504 0.706816 0.883754 0.748133 0.873775 0.757236 0.869398 0.762605 0.868172 0.767974 0.865196 0.777077 0.861870 0.790850 0.855217 0.794351 0.852591 0.799720 0.845588 0.803922 0.838761 0.806489 0.831758 0.807423 0.817227 0.803922 0.800245 0.798086 0.793067 0.794351 0.790441 0.790850 0.786415 0.780812 0.778887 0.769141 0.772584 0.683707 0.769258 0.675070 0.768207 0.658030 0.767507 0.651027 0.765581 0.640990 0.765581 0.633754 0.768732 0.626751 0.775035 0.621382 0.777486 0.616246 0.787990 0.615079 0.788866 0.605976 0.792017 0.600840 0.797094 0.589869 0.804622 0.570962 0.815126 0.566527 0.820728 0.563492 0.826506 0.560691 0.834909 0.559524 0.842087 0.559524 0.847864 0.562325 0.859944
1 0.598273 0.894083 0.600373 0.895483 0.601541 0.897934 0.630019 0.915616 0.636555 0.917717 0.653361 0.925595 0.658964 0.926996 0.667134 0.930672 0.689542 0.938200 0.717087 0.949230 0.726190 0.951681 0.737628 0.953606 0.743697 0.953431 0.751867 0.952031 0.768908 0.946954 0.796218 0.932248 0.808123 0.922094 0.816993 0.910014 0.819561 0.905287 0.822596 0.890756 0.821895 0.880777 0.819561 0.875700 0.805322 0.861695 0.796685 0.854692 0.795518 0.854517 0.793417 0.854517 0.769608 0.866422 0.759337 0.869223 0.748133 0.874650 0.717320 0.881127 0.707049 0.884454 0.699346 0.885504 0.678571 0.890231 0.665266 0.892157 0.647526 0.893207 0.612745 0.887780 0.609477 0.888305 0.597806 0.887780 0.596872 0.888480 0.596639 0.890581 0.598273 0.894083
1 0.634921 0.167367 0.644024 0.169118 0.651494 0.169643 0.654995 0.170693 0.671802 0.171919 0.683240 0.175245 0.699580 0.175420 0.703315 0.176821 0.720588 0.179972 0.748366 0.188025 0.762372 0.193452 0.776144 0.199930 0.789916 0.207458 0.796919 0.212710 0.811625 0.227766 0.816060 0.234594 0.818627 0.240546 0.819795 0.246849 0.819328 0.256127 0.820962 0.259104 0.832633 0.253676 0.838702 0.249125 0.850140 0.234244 0.851307 0.228466 0.850607 0.216912 0.846405 0.201856 0.841970 0.194328 0.838002 0.190476 0.819561 0.176996 0.811625 0.172619 0.796218 0.166317 0.785714 0.163515 0.775910 0.159839 0.769841 0.158613 0.752568 0.156338 0.743697 0.157038 0.736928 0.156688 0.734360 0.155812 0.671102 0.157213 0.647993 0.160539 0.640523 0.162290 0.633987 0.164741 0.633754 0.165966 0.634921 0.167367
1 0.763539 0.419293 0.770542 0.432773 0.771242 0.435574 0.771008 0.447129 0.767974 0.458158 0.768441 0.459909 0.772409 0.462010 0.779412 0.461485 0.786648 0.452731 0.802988 0.440126 0.808590 0.436800 0.822362 0.430672 0.828431 0.428746 0.831232 0.425595 0.819328 0.411765 0.815359 0.404062 0.813959 0.396183 0.812092 0.394433 0.800887 0.394958 0.782913 0.398459 0.757937 0.400735 0.753268 0.403186 0.751634 0.404762 0.763539 0.419293
1 0.735761 0.419468 0.732493 0.429447 0.728525 0.437325 0.721989 0.444153 0.712418 0.451506 0.707983 0.452906 0.705415 0.456408 0.728992 0.457108 0.760271 0.460084 0.764939 0.459734 0.766340 0.458508 0.769608 0.450805 0.771242 0.443102 0.771008 0.434699 0.767040 0.424895 0.762838 0.418067 0.756069 0.410539 0.748366 0.404237 0.737862 0.398284 0.734594 0.396884 0.733193 0.397409 0.736228 0.414496 0.735761 0.419468
1 0.573296 0.721113 0.577264 0.727591 0.591737 0.741246 0.597106 0.744748 0.602241 0.747024 0.609244 0.752451 0.614379 0.753676 0.627218 0.759454 0.640523 0.763130 0.660364 0.766457 0.675303 0.766982 0.695378 0.769433 0.720355 0.769608 0.737395 0.772059 0.750233 0.772059 0.769374 0.769958 0.785014 0.763305 0.795752 0.756127 0.815593 0.735994 0.819328 0.731092 0.822829 0.723915 0.824230 0.710609 0.823296 0.706583 0.817460 0.701506 0.813959 0.701155 0.809991 0.703957 0.803688 0.706057 0.790149 0.713410 0.763772 0.721814 0.741363 0.726366 0.730626 0.727416 0.716153 0.730567 0.703081 0.731443 0.694444 0.734944 0.685808 0.737395 0.675303 0.738971 0.668768 0.740896 0.651027 0.743347 0.626984 0.744748 0.619981 0.744223 0.615079 0.743522 0.605976 0.739846 0.601074 0.735644 0.591503 0.723564 0.584734 0.706583 0.583567 0.696078 0.582400 0.693102 0.585668 0.678046 0.585901 0.675070 0.584967 0.673144 0.585201 0.673669 0.581232 0.674720 0.579832 0.677171 0.577498 0.678746 0.576564 0.681373 0.574697 0.682598 0.568861 0.695728 0.569094 0.710259 0.573296 0.721113
1 0.800654 0.855392 0.824230 0.878326 0.844538 0.892157 0.866013 0.905112 0.880486 0.911064 0.888189 0.912290 0.894258 0.912465 0.907330 0.910539 0.912698 0.908789 0.916667 0.906162 0.932306 0.898985 0.936041 0.896183 0.941643 0.887605 0.944678 0.880252 0.946078 0.872724 0.946078 0.865546 0.944678 0.856793 0.942577 0.853291 0.921802 0.849440 0.915966 0.847339 0.908030 0.846113 0.893557 0.841387 0.876517 0.837535 0.858077 0.831758 0.827965 0.817052 0.823763 0.813901 0.819328 0.811800 0.810691 0.805147 0.808590 0.806898 0.809757 0.816702 0.809757 0.824230 0.808590 0.831057 0.805089 0.839811 0.798786 0.848915 0.798319 0.852591 0.800654 0.855392
1 0.279412 0.847514 0.287582 0.847164 0.297152 0.847864 0.302288 0.846989 0.308824 0.842262 0.314426 0.839461 0.319795 0.835259 0.322362 0.834034 0.324697 0.833859 0.331933 0.828957 0.353641 0.810749 0.354108 0.807248 0.341503 0.794293 0.334500 0.783789 0.331232 0.773985 0.327965 0.771709 0.317227 0.769783 0.314192 0.770833 0.311625 0.773634 0.305089 0.776261 0.304622 0.779587 0.299486 0.789566 0.299486 0.791667 0.293184 0.801821 0.289683 0.803746 0.289449 0.814601 0.285247 0.829657 0.280345 0.837535 0.276377 0.841912 0.275910 0.845413 0.279412 0.847514
1 0.211951 0.748249 0.218254 0.749125 0.257236 0.762080 0.270775 0.771359 0.277311 0.777311 0.281979 0.782913 0.286181 0.790441 0.289916 0.789041 0.298319 0.771534 0.304155 0.765581 0.300654 0.761730 0.290850 0.759454 0.279178 0.754727 0.247899 0.744223 0.230626 0.739846 0.223856 0.739846 0.207983 0.744573 0.208917 0.746148 0.211951 0.748249
1 0.745798 0.094888 0.753968 0.112745 0.758403 0.118522 0.763539 0.123249 0.766807 0.127976 0.785948 0.140931 0.791783 0.142682 0.796685 0.145133 0.824697 0.153361 0.831232 0.154587 0.838235 0.154237 0.848273 0.147759 0.860644 0.143032 0.866480 0.141282 0.879785 0.139006 0.891223 0.138305 0.907796 0.138831 0.922269 0.140931 0.931139 0.142857 0.946312 0.147759 0.950514 0.148459 0.956349 0.150910 0.959851 0.151436 0.969421 0.146008 0.976424 0.140056 0.979225 0.135854 0.981092 0.130252 0.985761 0.123950 0.988329 0.118522 0.989729 0.106793 0.988329 0.092787 0.982493 0.077906 0.974556 0.067227 0.971055 0.063901 0.958217 0.054972 0.950047 0.051296 0.949113 0.050245 0.932540 0.043417 0.928571 0.041141 0.907796 0.035714 0.890523 0.033263 0.824697 0.035539 0.817927 0.034839 0.803221 0.035189 0.792484 0.035889 0.786648 0.037115 0.775910 0.037465 0.764939 0.039741 0.759570 0.041492 0.755369 0.043768 0.751167 0.047794 0.744631 0.061975 0.742997 0.070903 0.742764 0.085434 0.745798 0.094888
1 0.565593 0.156863 0.566527 0.164566 0.567927 0.165966 0.570728 0.166667 0.581699 0.165441 0.602941 0.164916 0.626751 0.166842 0.637722 0.162290 0.670168 0.156863 0.730859 0.155462 0.734127 0.154412 0.737162 0.146183 0.741830 0.140931 0.743697 0.137080 0.741597 0.133754 0.734127 0.125875 0.729458 0.122199 0.727591 0.119048 0.720822 0.113095 0.710317 0.108193 0.706349 0.105217 0.699813 0.103466 0.695845 0.103291 0.682073 0.106443 0.656778 0.109594 0.640289 0.109244 0.619048 0.107668 0.598739 0.104167 0.591970 0.103992 0.581466 0.105567 0.564893 0.110469 0.555089 0.115196 0.550187 0.119398 0.563259 0.149335 0.565593 0.156863
0 0.528478 0.069328 0.535014 0.077556 0.542951 0.084559 0.553455 0.089636 0.557890 0.090511 0.581232 0.099265 0.585434 0.099615 0.609711 0.105042 0.640523 0.108368 0.656629 0.108718 0.685574 0.104692 0.699346 0.101190 0.703782 0.098739 0.710551 0.096639 0.726891 0.089286 0.736228 0.082283 0.739729 0.077381 0.743931 0.059174 0.749767 0.046218 0.746499 0.036415 0.742530 0.030987 0.733894 0.023459 0.729925 0.021709 0.720355 0.018732 0.711018 0.017157 0.706816 0.015406 0.688842 0.011380 0.674370 0.009979 0.671802 0.009104 0.668301 0.009279 0.665033 0.007878 0.658497 0.006653 0.654062 0.006828 0.640289 0.005077 0.616013 0.007003 0.598506 0.010329 0.591970 0.011905 0.554155 0.024335 0.545985 0.028186 0.540149 0.032038 0.536415 0.033263 0.532213 0.036415 0.524977 0.045518 0.522176 0.051646 0.522409 0.057773 0.528478 0.069328
1 0.325397 0.000000 0.325163 0.001751 0.325163 0.007528 0.327965 0.015756 0.330766 0.018732 0.339636 0.035014 0.355042 0.042192 0.362512 0.044643 0.376751 0.045868 0.383754 0.045518 0.390756 0.043592 0.398926 0.040091 0.422502 0.032738 0.430205 0.031162 0.440943 0.029237 0.470588 0.029237 0.475724 0.027836 0.491130 0.021183 0.499533 0.016457 0.514939 0.005602 0.518441 0.001751 0.518441 0.000000 0.325397 0.000000
1 0.093604 0.000000 0.093137 0.006828 0.095472 0.011204 0.096639 0.016982 0.101307 0.026436 0.108543 0.036239 0.116480 0.042892 0.120915 0.047969 0.136321 0.060924 0.175770 0.088761 0.185341 0.094188 0.197246 0.102591 0.220355 0.115721 0.225023 0.116597 0.227358 0.117997 0.230626 0.118522 0.234127 0.120098 0.237628 0.120273 0.252101 0.125000 0.261438 0.126576 0.264939 0.126225 0.280112 0.113971 0.299020 0.104342 0.315359 0.097864 0.327731 0.094013 0.336134 0.092787 0.341737 0.091211 0.352474 0.091036 0.355042 0.088761 0.356909 0.082808 0.356909 0.076331 0.354108 0.061275 0.349907 0.052521 0.345472 0.046744 0.330065 0.031338 0.276611 0.000000 0.093604 0.000000
1 0.025444 0.051996 0.027077 0.057248 0.029412 0.059874 0.041550 0.052871 0.047619 0.050595 0.069561 0.047094 0.091970 0.048144 0.103875 0.049895 0.119981 0.054447 0.126751 0.054972 0.127218 0.054097 0.116947 0.043067 0.105509 0.032738 0.097106 0.019958 0.092204 0.006828 0.090103 0.005602 0.081933 0.006303 0.066760 0.009979 0.059991 0.012605 0.056723 0.013130 0.046685 0.017332 0.034781 0.025210 0.031746 0.028186 0.026377 0.036590 0.024977 0.039916 0.025444 0.051996
1 0.641223 0.000000 0.641223 0.001751 0.647759 0.005952 0.661064 0.006828 0.678105 0.009804 0.686275 0.010329 0.705182 0.014531 0.710317 0.016282 0.718487 0.017682 0.731326 0.021709 0.737628 0.025560 0.744631 0.031863 0.748133 0.032388 0.751401 0.030637 0.755836 0.030637 0.763539 0.028887 0.768908 0.028536 0.790616 0.024160 0.806723 0.019083 0.817927 0.014706 0.822829 0.010679 0.827031 0.008578 0.825630 0.000000 0.641223 0.000000
1 0.827264 0.000000 0.827264 0.001926 0.829365 0.008403 0.832866 0.014881 0.840103 0.020658 0.843838 0.022584 0.848039 0.028011 0.852241 0.030987 0.855742 0.032213 0.864379 0.032563 0.887955 0.032038 0.908030 0.034839 0.924837 0.038866 0.927171 0.038866 0.935574 0.036590 0.938375 0.035014 0.949813 0.031338 0.967087 0.020658 0.977824 0.011204 0.984127 0.001751 0.984127 0.000000 0.827264 0.000000
1 0.358777 0.079832 0.357843 0.089111 0.359244 0.091562 0.374883 0.096989 0.382353 0.100490 0.394958 0.107668 0.397526 0.110819 0.401027 0.110644 0.402428 0.108543 0.397292 0.083508 0.396825 0.071078 0.397759 0.066527 0.399860 0.058999 0.403128 0.051646 0.417134 0.036239 0.414332 0.035539 0.407796 0.037990 0.404762 0.038340 0.383520 0.046744 0.375117 0.051471 0.361811 0.057423 0.357610 0.060574 0.356443 0.062675 0.356209 0.065301 0.358777 0.079832
1 0.459851 0.039216 0.480392 0.050595 0.499533 0.066176 0.507937 0.075105 0.514006 0.079832 0.515406 0.082108 0.518908 0.085084 0.522409 0.087710 0.524276 0.086485 0.525910 0.084909 0.527077 0.078606 0.526844 0.070903 0.524510 0.064426 0.518674 0.052696 0.505135 0.040791 0.491130 0.035189 0.470355 0.030812 0.455649 0.029587 0.442810 0.030987 0.440710 0.032913 0.459851 0.039216
1 0.525210 0.000000 0.524977 0.001751 0.518674 0.003501 0.513305 0.007703 0.491830 0.021534 0.480626 0.026611 0.478058 0.029237 0.480159 0.032913 0.488796 0.034664 0.496032 0.037290 0.510271 0.044468 0.518908 0.051471 0.522176 0.047969 0.524043 0.044293 0.529412 0.038515 0.534314 0.034664 0.545285 0.028361 0.557656 0.022934 0.595472 0.010679 0.601774 0.010154 0.604108 0.008403 0.598039 0.004027 0.588702 0.001751 0.588469 0.000000 0.525210 0.000000
1 0.736461 0.155462 0.741130 0.156338 0.748133 0.156162 0.771942 0.159664 0.783613 0.162465 0.796919 0.166842 0.799486 0.168417 0.809991 0.172269 0.820028 0.177696 0.842204 0.193978 0.842904 0.192577 0.838002 0.161239 0.836134 0.156863 0.833567 0.155287 0.825397 0.153711 0.795752 0.145658 0.781513 0.139006 0.772876 0.133053 0.765640 0.130602 0.758403 0.131303 0.744631 0.137255 0.737162 0.147059 0.734360 0.154412 0.736461 0.155462
1 0.722689 0.112745 0.731092 0.122724 0.744631 0.135154 0.748133 0.135329 0.757470 0.131478 0.765173 0.129377 0.766106 0.126576 0.759570 0.120623 0.748366 0.102416 0.743697 0.092262 0.741130 0.082108 0.735294 0.085084 0.728525 0.091912 0.726190 0.095413 0.725724 0.099090 0.722222 0.106618 0.721755 0.109419 0.722689 0.112745
1 0.573763 0.914216 0.566527 0.929447 0.558123 0.944153 0.548553 0.955882 0.544585 0.962185 0.532913 0.971289 0.502101 0.987745 0.483427 0.993522 0.470588 0.996324 0.456116 0.998249 0.456116 0.999825 0.577498 0.999825 0.577731 0.998074 0.584734 0.994048 0.588002 0.993172 0.595005 0.987045 0.598506 0.986169 0.599206 0.984244 0.608077 0.975840 0.614613 0.968137 0.617880 0.961660 0.620915 0.947654 0.620448 0.938725 0.619048 0.932598 0.616246 0.925070 0.610177 0.917192 0.605275 0.912990 0.603408 0.909664 0.598506 0.904762 0.597106 0.902311 0.588469 0.895658 0.581466 0.891807 0.574697 0.889181 0.571662 0.890581 0.573996 0.902136 0.573763 0.914216
1 0.335901 0.986695 0.343137 0.997549 0.343604 0.999825 0.437208 0.999825 0.437208 0.998249 0.393791 0.991422 0.383053 0.987395 0.363445 0.981618 0.359477 0.979692 0.351307 0.978291 0.338469 0.974090 0.335901 0.974615 0.334034 0.977241 0.333567 0.980917 0.335901 0.986695