0 0.247432 0.142682 0.252101 0.150385 0.261671 0.161590 0.275677 0.175070 0.286181 0.183648 0.296685 0.189601 0.302754 0.191527 0.306956 0.193803 0.317227 0.196954 0.328898 0.198880 0.341970 0.198880 0.365780 0.195203 0.373016 0.192577 0.380252 0.188200 0.383754 0.184349 0.387955 0.175245 0.387955 0.167892 0.383987 0.157388 0.380952 0.152486 0.375584 0.147234 0.370682 0.143908 0.352708 0.133403 0.338235 0.126576 0.318161 0.119573 0.300420 0.115896 0.287348 0.114671 0.271475 0.114496 0.265406 0.115371 0.254202 0.119223 0.245331 0.125000 0.242997 0.128326 0.242997 0.133228 0.247432 0.142682
1 0.438142 0.178922 0.442110 0.184874 0.445612 0.193102 0.451214 0.199755 0.456116 0.203606 0.460551 0.204307 0.466853 0.203081 0.485061 0.203256 0.491363 0.204307 0.501634 0.208158 0.505135 0.207108 0.512372 0.203256 0.517507 0.199580 0.522876 0.193803 0.527311 0.185049 0.529178 0.150735 0.521242 0.126751 0.518207 0.123249 0.512372 0.119398 0.501401 0.116422 0.495098 0.115546 0.488329 0.115721 0.473623 0.118172 0.460084 0.124300 0.452148 0.129902 0.445612 0.136905 0.438842 0.148810 0.435107 0.160014 0.435574 0.171394 0.438142 0.178922
1 0.531746 0.185574 0.535714 0.190126 0.541083 0.194503 0.554388 0.201856 0.560691 0.203081 0.564659 0.203081 0.572362 0.201331 0.576331 0.196078 0.580999 0.193452 0.583100 0.190651 0.584267 0.186275 0.584267 0.181723 0.587535 0.173494 0.591737 0.166141 0.596172 0.160889 0.605976 0.152836 0.612745 0.148634 0.623716 0.143732 0.625584 0.141457 0.625584 0.137605 0.624416 0.133929 0.620215 0.126926 0.612979 0.119923 0.606676 0.115546 0.597106 0.112395 0.589636 0.111345 0.581933 0.111520 0.574697 0.112745 0.563725 0.116071 0.549253 0.125350 0.545985 0.129552 0.541783 0.137430 0.540383 0.144608 0.538982 0.147409 0.537815 0.156338 0.528711 0.171394 0.528711 0.178571 0.531746 0.185574
1 0.584500 0.195378 0.591970 0.209384 0.594071 0.209209 0.595472 0.208859 0.597806 0.203957 0.603408 0.197654 0.616947 0.185924 0.629085 0.177696 0.640990 0.172969 0.654995 0.169118 0.672035 0.168592 0.684407 0.170168 0.704482 0.178746 0.709384 0.179097 0.711718 0.175420 0.711251 0.167892 0.706816 0.158964 0.702148 0.153711 0.692344 0.147409 0.684407 0.144083 0.671335 0.140581 0.666433 0.140056 0.657563 0.139356 0.643791 0.139881 0.626751 0.143032 0.616246 0.147234 0.605742 0.153186 0.598739 0.158789 0.591036 0.167367 0.586835 0.175245 0.584734 0.182073 0.584034 0.188375 0.584500 0.195378
1 0.587535 0.240021 0.598739 0.237395 0.608077 0.236345 0.618347 0.236345 0.629785 0.238620 0.655696 0.245973 0.664332 0.251751 0.671802 0.254727 0.675770 0.258578 0.686275 0.270658 0.697012 0.287640 0.699580 0.293242 0.702614 0.293768 0.703081 0.294643 0.710317 0.291667 0.717320 0.285714 0.734360 0.276261 0.739729 0.272059 0.741597 0.269083 0.740663 0.251225 0.738095 0.238445 0.736461 0.234594 0.736228 0.230742 0.728291 0.211134 0.720588 0.196604 0.715453 0.190651 0.709150 0.181197 0.705649 0.180147 0.693277 0.173669 0.685107 0.171043 0.672502 0.169118 0.657796 0.169293 0.647526 0.171218 0.639122 0.173669 0.624883 0.180497 0.612745 0.189251 0.603408 0.198354 0.595005 0.209209 0.588002 0.223039 0.584967 0.235119 0.584734 0.238620 0.587535 0.240021
1 0.330299 0.335084 0.334734 0.340511 0.338469 0.341562 0.341970 0.343662 0.345238 0.342437 0.349206 0.338936 0.351074 0.338235 0.352241 0.335084 0.357143 0.328957 0.365313 0.322654 0.371849 0.318803 0.382820 0.316176 0.392857 0.315301 0.397526 0.315826 0.400794 0.314601 0.404762 0.316176 0.411765 0.317052 0.419001 0.316877 0.420635 0.314426 0.420401 0.305322 0.421335 0.297444 0.425770 0.285889 0.429972 0.278011 0.436741 0.272409 0.438375 0.269083 0.443744 0.262955 0.459150 0.250175 0.472689 0.243172 0.487162 0.238270 0.498133 0.236695 0.505602 0.237045 0.508637 0.236169 0.511204 0.234244 0.512372 0.230567 0.510738 0.220763 0.507937 0.218487 0.502101 0.209734 0.499533 0.208158 0.484360 0.203431 0.469888 0.204132 0.439542 0.208683 0.421102 0.215511 0.405229 0.222689 0.388655 0.233718 0.378151 0.242997 0.362979 0.258578 0.360177 0.263831 0.351307 0.274160 0.346172 0.283263 0.338702 0.293242 0.331466 0.307423 0.330999 0.310749 0.328431 0.316702 0.328198 0.324580 0.330299 0.335084
1 0.281746 0.324930 0.284314 0.333333 0.289683 0.340161 0.296919 0.346113 0.300420 0.347864 0.306723 0.349090 0.314893 0.349265 0.324230 0.347339 0.326953 0.343546 0.329599 0.341737 0.330766 0.338761 0.328198 0.328431 0.327965 0.320553 0.331232 0.307948 0.334034 0.301296 0.351307 0.274510 0.358077 0.265406 0.376984 0.243873 0.380486 0.241597 0.384220 0.237395 0.386555 0.234419 0.385387 0.232843 0.380252 0.229692 0.369981 0.227416 0.352241 0.227066 0.342670 0.228992 0.332166 0.232493 0.320495 0.238270 0.306956 0.248775 0.298786 0.258228 0.288982 0.272409 0.281746 0.288690 0.278711 0.301646 0.278245 0.320028 0.281746 0.324930
1 0.243697 0.289916 0.250467 0.304272 0.252568 0.306373 0.259104 0.317577 0.262605 0.319503 0.268908 0.321254 0.276844 0.320728 0.278711 0.317927 0.278711 0.301996 0.281979 0.289041 0.288049 0.274860 0.299253 0.258053 0.304855 0.251401 0.306489 0.248249 0.305556 0.244923 0.298086 0.242822 0.285247 0.242297 0.277544 0.242822 0.265173 0.245973 0.257703 0.249300 0.249300 0.255077 0.244164 0.262430 0.242063 0.270133 0.241597 0.279412 0.243697 0.289916
1 0.088235 0.466912 0.098973 0.472339 0.109944 0.473389 0.133987 0.473039 0.150560 0.471464 0.178805 0.464636 0.190009 0.459734 0.192110 0.457108 0.193978 0.435574 0.197712 0.416842 0.204949 0.395133 0.208917 0.387605 0.223389 0.369748 0.237862 0.359594 0.250934 0.353992 0.257003 0.352416 0.259804 0.350490 0.268908 0.349615 0.270308 0.348915 0.269841 0.341912 0.263539 0.334034 0.254669 0.327906 0.242063 0.323880 0.234360 0.322129 0.219655 0.322479 0.211485 0.324405 0.202848 0.327731 0.188375 0.335084 0.180672 0.338060 0.174370 0.342612 0.163399 0.348389 0.154528 0.354167 0.136088 0.369748 0.128852 0.379727 0.123249 0.385154 0.118114 0.391632 0.111111 0.397584 0.105042 0.408613 0.102007 0.411239 0.096639 0.419468 0.090803 0.430497 0.086134 0.444328 0.083800 0.456758 0.084500 0.463410 0.088235 0.466912
1 0.093371 0.419993 0.095238 0.421043 0.101074 0.411590 0.105742 0.406688 0.109244 0.399510 0.118347 0.390756 0.121849 0.385854 0.133754 0.373249 0.136088 0.369573 0.154528 0.353817 0.179739 0.338585 0.177871 0.334909 0.172969 0.331583 0.165266 0.328081 0.161064 0.327031 0.151494 0.325455 0.142157 0.324930 0.130019 0.326506 0.119981 0.331232 0.115546 0.334734 0.109477 0.342087 0.101541 0.361870 0.097806 0.376401 0.092670 0.407388 0.092437 0.416492 0.093371 0.419993
1 0.242297 0.321954 0.244631 0.324580 0.253035 0.326681 0.261671 0.332458 0.267974 0.338060 0.270542 0.341912 0.272409 0.348915 0.278011 0.349440 0.295051 0.349440 0.297152 0.348915 0.294585 0.345063 0.288515 0.339461 0.285948 0.335959 0.280812 0.324580 0.279178 0.322654 0.276144 0.321604 0.265873 0.320553 0.258870 0.318803 0.244865 0.319678 0.239262 0.321078 0.242297 0.321954
1 0.195845 0.485994 0.199580 0.498074 0.203081 0.503151 0.210084 0.509279 0.219188 0.513130 0.227824 0.515231 0.234827 0.515756 0.241130 0.515056 0.247666 0.513480 0.265873 0.506478 0.281746 0.496499 0.311158 0.472164 0.320495 0.463410 0.331933 0.445553 0.335434 0.435749 0.336134 0.432073 0.329599 0.408789 0.329365 0.385679 0.330299 0.376576 0.326097 0.369223 0.320261 0.364496 0.318394 0.361695 0.307656 0.355567 0.301587 0.353641 0.289916 0.351366 0.271942 0.350315 0.258870 0.351891 0.251401 0.354342 0.236461 0.361169 0.230859 0.364846 0.224790 0.369398 0.212885 0.383403 0.205182 0.396359 0.197946 0.418417 0.193277 0.445203 0.193277 0.473915 0.195845 0.485994
1 0.072596 0.581758 0.081933 0.612920 0.091270 0.629902 0.094771 0.633578 0.097106 0.638831 0.111111 0.652486 0.126751 0.663340 0.140523 0.668417 0.147759 0.672269 0.159430 0.674545 0.164566 0.676296 0.179038 0.676646 0.185808 0.676120 0.199113 0.673494 0.205649 0.669993 0.209617 0.665791 0.221755 0.644433 0.229692 0.623424 0.230626 0.618172 0.233660 0.610644 0.241130 0.584909 0.243697 0.568627 0.244164 0.559699 0.243464 0.552696 0.240430 0.541492 0.236695 0.530987 0.232726 0.522934 0.232026 0.519258 0.228525 0.516632 0.213819 0.512255 0.210084 0.510329 0.203315 0.504727 0.198179 0.497374 0.193511 0.484419 0.193044 0.479167 0.190710 0.475490 0.185808 0.472339 0.178571 0.472689 0.176471 0.475665 0.174136 0.476366 0.171802 0.475140 0.164566 0.475140 0.158030 0.472689 0.148459 0.473214 0.144024 0.474440 0.139356 0.474790 0.130252 0.477066 0.126751 0.477241 0.120215 0.479342 0.106676 0.485469 0.104575 0.487745 0.098739 0.491597 0.094538 0.492997 0.090803 0.496324 0.087302 0.502276 0.081232 0.508929 0.077031 0.522934 0.075864 0.531338 0.074230 0.536239 0.074463 0.542542 0.071895 0.553746 0.071662 0.568102 0.072596 0.581758
1 0.066993 0.553746 0.067694 0.556373 0.070962 0.560924 0.076797 0.523284 0.082400 0.508053 0.085434 0.505427 0.090336 0.496849 0.094304 0.493347 0.098739 0.491422 0.106443 0.485469 0.116246 0.481092 0.122782 0.478817 0.126984 0.478641 0.133053 0.477241 0.130486 0.474790 0.105042 0.474090 0.099206 0.475665 0.097106 0.477941 0.092437 0.480917 0.081466 0.490896 0.071195 0.505252 0.067694 0.515231 0.065359 0.526261 0.064659 0.533438 0.066993 0.553746
1 0.161298 0.476891 0.166200 0.476366 0.185574 0.480042 0.188842 0.481443 0.189542 0.484244 0.192577 0.485294 0.193277 0.484419 0.192810 0.477066 0.190710 0.473739 0.178571 0.467087 0.159897 0.470238 0.151961 0.473739 0.160131 0.476015 0.161298 0.476891
1 0.279178 0.546569 0.287115 0.576331 0.287815 0.589286 0.286415 0.594538 0.285714 0.623424 0.291317 0.638655 0.299253 0.644958 0.300654 0.645308 0.303688 0.644783 0.308590 0.641282 0.320261 0.637080 0.323063 0.634629 0.327031 0.633578 0.345705 0.632003 0.349673 0.630252 0.349206 0.626576 0.343604 0.613095 0.341737 0.605917 0.337768 0.581758 0.340103 0.557073 0.344771 0.535014 0.347339 0.529062 0.350607 0.524160 0.362979 0.512430 0.366013 0.510504 0.375817 0.506478 0.383287 0.504202 0.391690 0.504552 0.393557 0.503852 0.395425 0.501751 0.380019 0.492472 0.370448 0.484594 0.364379 0.477766 0.353408 0.462360 0.352241 0.461310 0.348273 0.460434 0.338235 0.461660 0.331466 0.463936 0.327965 0.464286 0.316993 0.468838 0.309991 0.475140 0.301821 0.480917 0.292484 0.490021 0.285714 0.494923 0.281046 0.501751 0.277311 0.515756 0.276844 0.529412 0.279178 0.546569
1 0.242764 0.545168 0.244865 0.558999 0.246499 0.563200 0.257937 0.570553 0.261905 0.571954 0.277311 0.570903 0.281979 0.569853 0.283613 0.568102 0.283380 0.563725 0.278478 0.543592 0.276844 0.528409 0.277544 0.512780 0.281046 0.501576 0.281046 0.498249 0.279412 0.497724 0.269841 0.504202 0.257003 0.510329 0.241363 0.515231 0.236228 0.516106 0.233193 0.518207 0.233894 0.522759 0.242764 0.545168
1 0.333333 0.415266 0.340103 0.435749 0.342670 0.438025 0.344071 0.442752 0.351774 0.458683 0.368814 0.481443 0.374183 0.487045 0.382120 0.492997 0.391923 0.498950 0.397759 0.500700 0.404762 0.501050 0.411765 0.500175 0.422736 0.495448 0.425303 0.492472 0.429739 0.467087 0.437442 0.445378 0.440943 0.438550 0.448413 0.427696 0.454715 0.420693 0.467087 0.410889 0.469188 0.404762 0.468021 0.400035 0.454015 0.388480 0.448179 0.381127 0.439776 0.367297 0.430906 0.349265 0.420635 0.320728 0.419234 0.318803 0.411531 0.317227 0.407563 0.317927 0.404528 0.316702 0.393324 0.316001 0.377218 0.317927 0.366713 0.322479 0.359944 0.327906 0.358077 0.330882 0.352941 0.334734 0.350140 0.338936 0.346405 0.341912 0.345238 0.344538 0.342904 0.346814 0.338469 0.355742 0.338002 0.358894 0.334967 0.363270 0.333100 0.370623 0.331466 0.383578 0.331466 0.405987 0.333333 0.415266
1 0.319795 0.362745 0.327965 0.369748 0.331466 0.370798 0.337768 0.355042 0.343137 0.345413 0.338002 0.341562 0.335201 0.340511 0.331466 0.340336 0.326564 0.344713 0.319094 0.356793 0.318161 0.359419 0.319795 0.362745
1 0.422969 0.323704 0.431373 0.347164 0.439076 0.364321 0.445145 0.374475 0.453081 0.385679 0.459851 0.392332 0.462885 0.394608 0.470588 0.398284 0.477358 0.399860 0.480859 0.401611 0.494398 0.403536 0.505369 0.403361 0.519141 0.400385 0.532913 0.396359 0.539916 0.392857 0.541550 0.390581 0.542017 0.386730 0.535714 0.369573 0.528945 0.343487 0.526844 0.323004 0.526844 0.312500 0.527778 0.305322 0.531979 0.289216 0.537815 0.272934 0.545518 0.262255 0.555789 0.255252 0.553688 0.250700 0.542484 0.244223 0.536648 0.242297 0.529178 0.240896 0.519141 0.237395 0.500000 0.237220 0.493697 0.237745 0.484827 0.239496 0.474323 0.242997 0.460084 0.250175 0.449580 0.258403 0.444911 0.263130 0.443277 0.265406 0.443044 0.267682 0.439076 0.272934 0.432540 0.276961 0.430672 0.279237 0.422969 0.293417 0.421569 0.299895 0.421335 0.308999 0.422969 0.323704
0 0.427171 0.487745 0.427171 0.496148 0.430205 0.511029 0.437442 0.526786 0.445612 0.539916 0.452614 0.547794 0.456583 0.551120 0.458450 0.553922 0.471755 0.564601 0.484360 0.572129 0.490196 0.576506 0.507703 0.583683 0.515640 0.584734 0.522176 0.587010 0.532913 0.587535 0.536415 0.586660 0.539916 0.584559 0.550654 0.574405 0.559991 0.564776 0.563025 0.560574 0.567694 0.553746 0.568861 0.550245 0.574930 0.542367 0.583567 0.524860 0.589869 0.516106 0.595005 0.501225 0.596405 0.483018 0.593838 0.467262 0.587068 0.453256 0.581933 0.445903 0.575163 0.438375 0.554855 0.423669 0.546919 0.419118 0.532213 0.413165 0.504669 0.406162 0.498133 0.405637 0.487395 0.405987 0.469655 0.410889 0.460551 0.416667 0.452848 0.423494 0.446312 0.431898 0.438609 0.444153 0.432540 0.460259 0.429272 0.473739 0.428105 0.485819 0.427171 0.487745
0 0.529645 0.342262 0.535247 0.366422 0.538982 0.377626 0.542250 0.384104 0.543651 0.390406 0.553688 0.403361 0.559524 0.408789 0.567227 0.418592 0.572362 0.422794 0.574463 0.425770 0.588702 0.436275 0.593371 0.438025 0.598506 0.441176 0.619281 0.445203 0.637021 0.444153 0.647526 0.441877 0.658263 0.438375 0.672969 0.430672 0.686275 0.419643 0.690476 0.413866 0.696078 0.408263 0.700980 0.399510 0.704949 0.387255 0.708683 0.379902 0.711951 0.363095 0.712652 0.349265 0.709617 0.340336 0.704248 0.313901 0.698179 0.292367 0.694678 0.285189 0.686041 0.271709 0.672736 0.256478 0.651261 0.244573 0.619748 0.237045 0.612045 0.236695 0.601541 0.237570 0.592204 0.240021 0.588469 0.239496 0.586601 0.240896 0.577965 0.242997 0.553688 0.256828 0.544585 0.264531 0.539216 0.271359 0.533380 0.286415 0.527778 0.311800 0.527544 0.321779 0.529645 0.342262
1 0.194911 0.713936 0.200980 0.731092 0.207516 0.742822 0.212418 0.748775 0.216853 0.751926 0.221755 0.752451 0.237862 0.751576 0.240196 0.750175 0.240896 0.748775 0.246032 0.726891 0.250233 0.716387 0.257470 0.702206 0.265640 0.689776 0.272642 0.674195 0.282213 0.662465 0.297852 0.647584 0.295985 0.643908 0.291783 0.640581 0.290149 0.637780 0.285481 0.625875 0.285948 0.597339 0.285247 0.591562 0.286881 0.588235 0.285714 0.575105 0.282913 0.571779 0.275677 0.571779 0.262838 0.573354 0.252101 0.576506 0.248133 0.576681 0.243231 0.580182 0.228291 0.630077 0.222222 0.644958 0.216853 0.653186 0.207983 0.669818 0.202848 0.673319 0.196312 0.675245 0.191176 0.678746 0.191877 0.696254 0.194911 0.713936
1 0.035014 0.734769 0.042484 0.760679 0.045985 0.762080 0.050187 0.762080 0.053688 0.761204 0.067694 0.762430 0.077031 0.764706 0.092437 0.770483 0.110644 0.780987 0.116013 0.785014 0.132586 0.798144 0.145191 0.811099 0.151027 0.814601 0.154528 0.811625 0.156629 0.794643 0.158497 0.788690 0.161998 0.781863 0.169001 0.773985 0.180672 0.766282 0.187442 0.751751 0.190476 0.711485 0.190476 0.701856 0.188842 0.685924 0.188142 0.682248 0.186041 0.678396 0.174837 0.677696 0.172035 0.678746 0.165266 0.676471 0.154762 0.674545 0.132586 0.666667 0.116013 0.657038 0.108077 0.651085 0.097106 0.640581 0.089169 0.626926 0.083567 0.619398 0.081466 0.613270 0.077731 0.610994 0.063725 0.618172 0.057190 0.622374 0.049720 0.630077 0.042951 0.640581 0.037815 0.660714 0.033380 0.699930 0.032913 0.716912 0.035014 0.734769
1 0.000000 0.908613 0.001867 0.908789 0.003501 0.912815 0.008170 0.919293 0.019841 0.929272 0.025910 0.938025 0.032913 0.941702 0.041783 0.948004 0.046919 0.952731 0.050187 0.954132 0.058824 0.960784 0.070962 0.968312 0.081232 0.973389 0.095472 0.979167 0.109711 0.983018 0.122549 0.984244 0.136555 0.982843 0.142857 0.980917 0.148226 0.977941 0.151261 0.975315 0.155929 0.966387 0.164799 0.939776 0.167600 0.916317 0.166200 0.876751 0.158263 0.841737 0.152661 0.826856 0.149627 0.821078 0.142624 0.810574 0.134687 0.801821 0.116246 0.786590 0.094304 0.772584 0.077731 0.766106 0.070028 0.764181 0.058590 0.762780 0.043184 0.763480 0.028478 0.767157 0.021709 0.770483 0.011905 0.773810 0.000000 0.781162 0.000000 0.908613
1 0.158730 0.833683 0.165966 0.867122 0.170401 0.881653 0.180906 0.903011 0.195612 0.922269 0.214753 0.944503 0.225023 0.954307 0.241363 0.966387 0.244398 0.967787 0.255836 0.975840 0.262138 0.979167 0.278711 0.985819 0.289916 0.987570 0.298086 0.987570 0.309290 0.985644 0.318627 0.981793 0.326097 0.976366 0.332633 0.967087 0.336601 0.956583 0.338702 0.946604 0.339169 0.928571 0.334734 0.869398 0.332400 0.866246 0.331232 0.862220 0.307423 0.856968 0.303922 0.855042 0.296452 0.852591 0.285948 0.846639 0.275210 0.837710 0.264706 0.826331 0.258170 0.817402 0.247666 0.796569 0.244398 0.786590 0.242297 0.776436 0.241597 0.761905 0.239963 0.758754 0.229692 0.755952 0.216853 0.756303 0.203548 0.759279 0.189542 0.766632 0.182540 0.768207 0.175537 0.771008 0.166200 0.779062 0.161064 0.786590 0.158263 0.793242 0.156396 0.807248 0.156162 0.814601 0.158730 0.833683
1 0.246265 0.789216 0.249533 0.799370 0.258403 0.816877 0.271709 0.833683 0.286181 0.846289 0.299486 0.853291 0.308123 0.856618 0.327965 0.860119 0.338235 0.858543 0.353408 0.852766 0.366246 0.843487 0.373249 0.836485 0.380019 0.828081 0.384220 0.821254 0.387021 0.813901 0.390056 0.810399 0.398459 0.792017 0.404062 0.782563 0.415500 0.745098 0.418067 0.709909 0.416900 0.699930 0.414799 0.696604 0.396592 0.685224 0.379085 0.670693 0.369048 0.658964 0.355742 0.638480 0.352007 0.634454 0.348039 0.633228 0.330999 0.634104 0.328198 0.634804 0.312792 0.640581 0.301587 0.646183 0.286415 0.658964 0.278011 0.668067 0.273810 0.673845 0.266573 0.689776 0.258637 0.701155 0.250934 0.716912 0.246265 0.729517 0.242297 0.747024 0.242764 0.773109 0.246265 0.789216
1 0.339636 0.592262 0.343137 0.609244 0.348273 0.622549 0.353408 0.633228 0.369514 0.658263 0.373249 0.661940 0.375817 0.665966 0.382353 0.672444 0.387488 0.676296 0.389122 0.678746 0.404295 0.689601 0.408964 0.691702 0.418301 0.697654 0.439076 0.706408 0.466153 0.713761 0.478992 0.716211 0.497432 0.716211 0.507937 0.713585 0.525677 0.707108 0.533613 0.699755 0.536415 0.693102 0.536648 0.684874 0.534547 0.672444 0.528011 0.653536 0.519841 0.635504 0.500233 0.583859 0.497199 0.580882 0.487862 0.576155 0.484127 0.573004 0.465920 0.561275 0.455882 0.552171 0.444678 0.539391 0.436041 0.525910 0.428571 0.507528 0.411765 0.503501 0.397526 0.503326 0.392974 0.504727 0.386555 0.504902 0.376517 0.507003 0.366480 0.511204 0.360878 0.514706 0.355742 0.519433 0.348039 0.529587 0.345472 0.536064 0.340803 0.557248 0.338936 0.571078 0.339636 0.592262
1 0.430439 0.779062 0.434174 0.794468 0.438375 0.807248 0.449346 0.831057 0.459617 0.845763 0.472222 0.859594 0.487395 0.870798 0.498133 0.876926 0.515640 0.883754 0.525910 0.885854 0.536415 0.886029 0.545285 0.884454 0.553688 0.880427 0.559290 0.876926 0.563725 0.873249 0.564893 0.871324 0.567694 0.869573 0.574697 0.858894 0.581933 0.842612 0.585668 0.825105 0.587535 0.765756 0.586835 0.751576 0.583567 0.736345 0.579832 0.727066 0.576097 0.721464 0.562325 0.710784 0.539916 0.689076 0.537815 0.691176 0.536415 0.696078 0.533613 0.700980 0.525910 0.706933 0.512138 0.713410 0.501867 0.716036 0.494865 0.717262 0.480626 0.717612 0.470121 0.715336 0.463119 0.714986 0.445612 0.709034 0.439076 0.707983 0.433240 0.726541 0.430205 0.758053 0.429739 0.773284 0.430439 0.779062
1 0.340336 0.877276 0.343838 0.894258 0.346639 0.900035 0.352241 0.916492 0.357610 0.927346 0.362745 0.942052 0.373016 0.960084 0.380486 0.970238 0.394491 0.987745 0.405929 0.996849 0.408730 0.998249 0.408730 0.999825 0.512372 0.999825 0.516807 0.992472 0.519841 0.985119 0.523109 0.972864 0.524276 0.961485 0.524276 0.945028 0.521709 0.921569 0.518207 0.903887 0.513072 0.885854 0.511905 0.884104 0.500000 0.879202 0.480392 0.866947 0.471833 0.860177 0.462418 0.850490 0.448179 0.831408 0.440943 0.817577 0.432540 0.794293 0.430906 0.791492 0.426937 0.788340 0.417600 0.785189 0.408730 0.783964 0.404295 0.784839 0.399627 0.792892 0.391923 0.810749 0.388655 0.814251 0.387722 0.818627 0.375117 0.836310 0.364146 0.847164 0.359010 0.851015 0.352474 0.854867 0.348973 0.855567 0.340570 0.859069 0.339169 0.861345 0.338702 0.863095 0.340336 0.877276
1 0.532913 0.911415 0.538749 0.925595 0.549253 0.947129 0.567694 0.973564 0.580532 0.987745 0.584034 0.990371 0.586835 0.994923 0.591503 0.997549 0.593604 0.997724 0.595938 0.999825 0.672969 0.999825 0.674370 0.996849 0.679505 0.991947 0.683940 0.986169 0.692810 0.969888 0.697479 0.957108 0.700514 0.943452 0.702848 0.925945 0.703081 0.913515 0.701214 0.894608 0.697012 0.872899 0.691410 0.855217 0.679972 0.828431 0.675537 0.824055 0.668768 0.819853 0.656863 0.810399 0.653361 0.806373 0.649160 0.803571 0.645191 0.798845 0.635387 0.789916 0.627218 0.779762 0.624883 0.778361 0.616246 0.776961 0.599907 0.776436 0.592437 0.777136 0.589636 0.778711 0.586835 0.807073 0.586835 0.825280 0.581933 0.845413 0.575630 0.859244 0.567694 0.870098 0.556956 0.879902 0.553455 0.881127 0.546218 0.885329 0.540149 0.886555 0.529412 0.887430 0.527778 0.889356 0.527544 0.894258 0.532913 0.911415
1 0.616246 0.758578 0.625817 0.775560 0.637488 0.789741 0.651261 0.803746 0.667367 0.817402 0.674370 0.821429 0.685808 0.830182 0.697946 0.836660 0.705415 0.839636 0.716387 0.845938 0.725724 0.849965 0.734127 0.853116 0.758637 0.859594 0.768674 0.860819 0.796685 0.859769 0.805089 0.856793 0.807656 0.853116 0.809991 0.852241 0.812792 0.845938 0.813025 0.837710 0.808824 0.821078 0.806723 0.816176 0.806022 0.810224 0.804622 0.806548 0.801587 0.803746 0.799720 0.800595 0.799020 0.793242 0.786881 0.765231 0.783380 0.759454 0.751867 0.742647 0.741970 0.735924 0.726891 0.723915 0.715920 0.713585 0.701447 0.696954 0.682073 0.670518 0.678571 0.669643 0.675537 0.673144 0.671802 0.685749 0.670635 0.693102 0.665966 0.705707 0.658964 0.719363 0.652194 0.728466 0.644024 0.734594 0.637021 0.736870 0.627684 0.737045 0.613445 0.735994 0.611811 0.736695 0.610878 0.738620 0.611345 0.744748 0.616246 0.758578
1 0.521709 0.637255 0.532446 0.661415 0.536181 0.674195 0.537115 0.681723 0.539683 0.687325 0.544118 0.690651 0.549953 0.698004 0.563725 0.710959 0.574697 0.718662 0.581466 0.724440 0.585901 0.725490 0.594771 0.730392 0.602241 0.733018 0.612045 0.735294 0.623016 0.736345 0.631653 0.736695 0.637021 0.736169 0.644024 0.733543 0.652194 0.727416 0.661531 0.713410 0.667134 0.699755 0.670868 0.685224 0.674837 0.658789 0.675770 0.646884 0.675537 0.616772 0.671569 0.591737 0.664566 0.584559 0.654762 0.578957 0.634220 0.564076 0.630252 0.560049 0.627684 0.556022 0.620215 0.548845 0.602241 0.524860 0.598973 0.522934 0.595938 0.522584 0.592437 0.523810 0.588469 0.522934 0.584267 0.526436 0.581466 0.530287 0.573296 0.547094 0.570495 0.550245 0.567927 0.555847 0.560924 0.565476 0.537815 0.587535 0.531746 0.588761 0.519841 0.587535 0.511204 0.585784 0.508637 0.586134 0.507236 0.587885 0.508870 0.602241 0.521709 0.637255
1 0.595705 0.462185 0.597106 0.476366 0.598506 0.480917 0.597572 0.504027 0.600140 0.514356 0.605976 0.527136 0.619048 0.545693 0.633287 0.560924 0.637488 0.564076 0.640056 0.567577 0.674603 0.590336 0.679272 0.592787 0.682073 0.593137 0.694444 0.597689 0.723856 0.604167 0.733193 0.604517 0.742297 0.604517 0.748133 0.603641 0.755369 0.601366 0.758170 0.599790 0.762138 0.597164 0.769841 0.588410 0.773576 0.581933 0.779879 0.574580 0.789916 0.557948 0.794351 0.546919 0.798319 0.526786 0.796685 0.495273 0.794118 0.480392 0.788515 0.467962 0.774977 0.448704 0.741130 0.424020 0.734127 0.419993 0.727358 0.418768 0.710084 0.412815 0.696078 0.411064 0.692577 0.412640 0.685574 0.421569 0.677171 0.428396 0.668768 0.433999 0.659197 0.438550 0.645191 0.443102 0.638422 0.444503 0.618347 0.445903 0.604575 0.444153 0.601774 0.445728 0.596639 0.452906 0.594771 0.460609 0.595705 0.462185
1 0.518674 0.408789 0.529412 0.412290 0.549020 0.419643 0.553688 0.422969 0.556723 0.424020 0.567460 0.432598 0.572129 0.434874 0.576331 0.438375 0.580766 0.443102 0.588469 0.454482 0.591970 0.458158 0.599673 0.446078 0.598739 0.442752 0.584967 0.434349 0.574930 0.426120 0.558123 0.409489 0.547152 0.396183 0.543417 0.393557 0.527311 0.398985 0.512372 0.402661 0.508870 0.404237 0.509337 0.407913 0.518674 0.408789
0 0.705882 0.310574 0.709617 0.331232 0.711718 0.335084 0.714519 0.356618 0.713352 0.366597 0.710784 0.376401 0.710784 0.380427 0.714753 0.387080 0.715453 0.390756 0.722923 0.402836 0.736228 0.416492 0.746965 0.424895 0.750934 0.429097 0.775910 0.447129 0.784080 0.450805 0.800187 0.457108 0.816527 0.460959 0.824230 0.461835 0.827965 0.463235 0.844304 0.464636 0.873483 0.463235 0.875350 0.461835 0.876517 0.459559 0.890523 0.455357 0.901961 0.450280 0.908030 0.445378 0.909430 0.442927 0.910131 0.436450 0.909664 0.417717 0.907563 0.408964 0.906162 0.397409 0.897759 0.370098 0.893791 0.348739 0.889589 0.334734 0.885154 0.324580 0.874650 0.306548 0.860177 0.292367 0.852708 0.286415 0.841270 0.280462 0.838469 0.278186 0.826564 0.274510 0.823763 0.272584 0.816993 0.270833 0.790383 0.266807 0.777778 0.266457 0.761671 0.267332 0.758637 0.268908 0.748133 0.270833 0.744631 0.272234 0.739029 0.275910 0.737162 0.279062 0.734360 0.279412 0.725957 0.284839 0.720588 0.286064 0.713119 0.292892 0.712418 0.295343 0.707750 0.300245 0.705882 0.306723 0.705882 0.310574
1 0.799486 0.521709 0.798553 0.533263 0.795752 0.547094 0.790149 0.561275 0.790850 0.566702 0.794818 0.574580 0.799953 0.582108 0.813725 0.595063 0.834734 0.609594 0.842204 0.613620 0.852474 0.617647 0.864846 0.619223 0.878151 0.619223 0.875584 0.626401 0.876751 0.629552 0.881186 0.631653 0.883520 0.633754 0.884921 0.631127 0.888655 0.632003 0.890523 0.635504 0.894024 0.635854 0.896359 0.633578 0.897059 0.630602 0.894024 0.623249 0.894024 0.621411 0.907096 0.612570 0.914799 0.609594 0.923669 0.603291 0.930439 0.596639 0.944678 0.574230 0.950514 0.557598 0.951681 0.550245 0.954248 0.544468 0.957516 0.530287 0.959150 0.506828 0.957049 0.491947 0.955649 0.487920 0.949580 0.482143 0.931139 0.467787 0.919234 0.456232 0.911765 0.447654 0.908030 0.446954 0.903128 0.450805 0.894024 0.455532 0.884687 0.458158 0.876751 0.462010 0.864379 0.464636 0.851307 0.465511 0.835201 0.464811 0.824697 0.463761 0.806956 0.459909 0.801354 0.459734 0.800187 0.460084 0.794351 0.473389 0.797852 0.494048 0.799486 0.521709
1 0.679505 0.654762 0.683007 0.665441 0.687442 0.675245 0.702848 0.697654 0.716620 0.713585 0.721055 0.716737 0.723856 0.720413 0.737862 0.732493 0.751634 0.741772 0.771942 0.752801 0.792951 0.760679 0.803688 0.764006 0.814192 0.766106 0.824230 0.767507 0.832400 0.767682 0.838469 0.769083 0.842437 0.769083 0.846172 0.767857 0.848739 0.769083 0.865780 0.764881 0.877684 0.762780 0.884921 0.758754 0.888422 0.755252 0.890289 0.744573 0.887722 0.724965 0.884220 0.709909 0.871849 0.675070 0.866480 0.664916 0.865780 0.661239 0.859944 0.646709 0.851774 0.629727 0.850607 0.625700 0.844538 0.616246 0.838702 0.612395 0.828431 0.607143 0.813025 0.595938 0.810691 0.593137 0.806022 0.589811 0.798086 0.581758 0.790383 0.570728 0.786415 0.570203 0.783613 0.571254 0.781979 0.574580 0.776611 0.578782 0.775444 0.581583 0.764706 0.596113 0.758403 0.600665 0.748599 0.604167 0.735061 0.605042 0.723156 0.604342 0.717087 0.603116 0.713352 0.603291 0.703081 0.600490 0.699346 0.600140 0.694444 0.597864 0.682306 0.594363 0.678805 0.594538 0.677638 0.598214 0.678338 0.645308 0.679505 0.654762
1 0.879785 0.692752 0.888189 0.720063 0.892390 0.747724 0.889589 0.755777 0.885621 0.759454 0.879552 0.763305 0.859477 0.768732 0.855742 0.768032 0.852241 0.769433 0.845005 0.770133 0.824463 0.769433 0.817227 0.767157 0.810691 0.766457 0.793184 0.761380 0.790149 0.762080 0.792250 0.772409 0.800187 0.790441 0.820962 0.814076 0.824230 0.815476 0.827731 0.818277 0.841503 0.831583 0.853019 0.839519 0.860411 0.845938 0.864379 0.848039 0.870448 0.853116 0.886555 0.864146 0.904528 0.873424 0.921335 0.880777 0.928338 0.882528 0.932773 0.885329 0.939542 0.887430 0.952614 0.890056 0.959150 0.890406 0.966853 0.892507 0.973856 0.893032 0.990896 0.892332 0.999767 0.890581 0.999767 0.772234 0.997899 0.772059 0.993931 0.766282 0.991830 0.762605 0.990896 0.758578 0.979692 0.740896 0.978758 0.738095 0.974790 0.734769 0.964519 0.728992 0.940476 0.713235 0.912465 0.691176 0.900794 0.679797 0.890990 0.676296 0.883754 0.674720 0.876050 0.675595 0.872782 0.675245 0.875817 0.685224 0.879785 0.692752
1 0.699580 0.878151 0.705415 0.914566 0.711485 0.926120 0.726424 0.950280 0.742530 0.974090 0.748366 0.981268 0.762138 0.994573 0.767507 0.997899 0.767974 0.999825 0.838702 0.999825 0.838702 0.998249 0.845472 0.993873 0.852708 0.985644 0.859944 0.971814 0.862979 0.957108 0.864613 0.941352 0.868581 0.926996 0.873483 0.917192 0.875584 0.908263 0.876517 0.896884 0.874650 0.880602 0.867647 0.856092 0.861811 0.848564 0.835668 0.828256 0.827498 0.820028 0.818861 0.813901 0.811625 0.805672 0.807190 0.804097 0.805556 0.804972 0.805322 0.807423 0.813259 0.831232 0.813959 0.846289 0.813259 0.848915 0.807890 0.856092 0.803688 0.858368 0.799720 0.859419 0.790149 0.860644 0.761438 0.860644 0.754669 0.858894 0.745098 0.857668 0.741597 0.855567 0.723856 0.849615 0.702848 0.838936 0.697946 0.838060 0.692577 0.834209 0.686041 0.832633 0.684641 0.834209 0.693511 0.856968 0.699580 0.878151
1 0.876284 0.882878 0.877684 0.894958 0.876284 0.912290 0.873950 0.921569 0.874650 0.924895 0.882820 0.936625 0.887488 0.941877 0.897526 0.958158 0.907796 0.970238 0.925303 0.987745 0.939076 0.995798 0.952148 0.997374 0.968021 0.997374 0.981326 0.996849 0.988796 0.994748 0.995565 0.989671 0.998133 0.988445 0.999767 0.988445 0.999767 0.892507 0.991363 0.893732 0.969421 0.893557 0.949346 0.890581 0.942577 0.888831 0.919935 0.881303 0.897059 0.870973 0.876517 0.858894 0.873249 0.858018 0.871615 0.858718 0.871382 0.863445 0.876284 0.882878
1 0.870915 0.640231 0.874183 0.644083 0.875117 0.646709 0.880019 0.651786 0.886321 0.660539 0.891223 0.664391 0.897993 0.675595 0.925303 0.699580 0.948179 0.717437 0.982493 0.738620 0.988095 0.740546 0.991130 0.743172 0.999767 0.745448 0.999767 0.590686 0.996965 0.589986 0.991130 0.586485 0.985761 0.584384 0.963119 0.578256 0.946078 0.574755 0.942577 0.577031 0.936741 0.588761 0.932306 0.595413 0.923903 0.603466 0.917134 0.608543 0.880019 0.620623 0.873716 0.619398 0.865780 0.619398 0.861811 0.619748 0.861111 0.620973 0.860878 0.623249 0.870915 0.640231
1 0.972456 0.564076 0.980159 0.574755 0.987395 0.581583 0.996032 0.586485 0.998133 0.588410 0.999767 0.588410 0.999767 0.508403 0.991363 0.507178 0.990430 0.507703 0.989262 0.509454 0.978291 0.518207 0.972222 0.524160 0.968254 0.529062 0.965453 0.536064 0.966153 0.546569 0.972456 0.564076
1 0.905462 0.388305 0.907330 0.399160 0.911298 0.413690 0.911064 0.442927 0.912932 0.446254 0.927638 0.463410 0.957516 0.487395 0.984127 0.501751 0.990430 0.503501 0.994631 0.505602 0.999767 0.506127 0.999767 0.363796 0.977358 0.359069 0.966853 0.358018 0.952848 0.358368 0.935808 0.362395 0.917134 0.369748 0.911298 0.374125 0.907330 0.379727 0.905462 0.383403 0.905462 0.388305
1 0.902428 0.259104 0.905696 0.275910 0.913866 0.295168 0.918301 0.303046 0.929038 0.317927 0.949113 0.337885 0.964286 0.349090 0.971289 0.352066 0.977124 0.356793 0.994164 0.361345 0.999767 0.361345 0.999767 0.174020 0.990196 0.174195 0.987628 0.173669 0.973856 0.175070 0.963352 0.177871 0.953081 0.179447 0.930205 0.189251 0.928571 0.191352 0.922035 0.195553 0.919468 0.198880 0.914566 0.202906 0.906629 0.216912 0.901494 0.230217 0.901027 0.245623 0.902428 0.259104
1 0.762605 0.263831 0.764006 0.265581 0.788515 0.265231 0.803688 0.267332 0.807190 0.268557 0.820728 0.270833 0.838002 0.277311 0.850840 0.284489 0.868114 0.298669 0.877918 0.309349 0.886555 0.324755 0.889589 0.331758 0.894024 0.346289 0.897292 0.346289 0.908030 0.338410 0.922736 0.324405 0.926237 0.318102 0.926004 0.316527 0.909197 0.288515 0.903361 0.271709 0.900093 0.248599 0.900327 0.237220 0.898459 0.231268 0.895191 0.226716 0.890523 0.222514 0.872782 0.212535 0.862745 0.208859 0.845472 0.205532 0.833567 0.206758 0.827731 0.206408 0.813259 0.209209 0.800420 0.214636 0.792951 0.220588 0.787348 0.223915 0.779412 0.230917 0.771475 0.240021 0.764239 0.252101 0.761905 0.258578 0.762605 0.263831
1 0.889356 0.219888 0.897759 0.226366 0.900794 0.227591 0.904295 0.221989 0.909430 0.210609 0.913866 0.203782 0.922969 0.194503 0.926237 0.192227 0.941176 0.184174 0.950747 0.180322 0.960317 0.177521 0.970822 0.175945 0.973856 0.174895 0.999767 0.173319 0.999767 0.162115 0.994398 0.162290 0.980626 0.157913 0.973389 0.157213 0.969071 0.158789 0.962652 0.158789 0.959617 0.158088 0.942344 0.160189 0.935574 0.161415 0.933940 0.162465 0.924837 0.165091 0.911531 0.173144 0.903828 0.180322 0.892857 0.194328 0.887255 0.206232 0.887488 0.216912 0.889356 0.219888
1 0.898724 0.175162 0.899128 0.175162 0.899128 0.174824 0.898724 0.174824 0.898724 0.175162
1 0.845705 0.203606 0.856209 0.207458 0.868347 0.210259 0.881419 0.216211 0.883520 0.217787 0.885854 0.214636 0.888189 0.202381 0.896125 0.189251 0.903128 0.180847 0.913632 0.171744 0.923903 0.165266 0.938842 0.160364 0.955882 0.158088 0.967554 0.157738 0.964753 0.154412 0.956583 0.152486 0.939542 0.149860 0.917600 0.148985 0.908263 0.147059 0.893324 0.147409 0.889706 0.148810 0.886788 0.148634 0.877918 0.150735 0.876284 0.151961 0.872082 0.153186 0.865313 0.157913 0.854809 0.168242 0.848506 0.182423 0.844538 0.194678 0.844538 0.201506 0.845705 0.203606
1 0.729225 0.205882 0.731092 0.213235 0.736461 0.224090 0.738095 0.225840 0.751167 0.232668 0.758870 0.238270 0.765406 0.241947 0.769141 0.241246 0.777778 0.230742 0.798319 0.214986 0.806723 0.210959 0.817460 0.207633 0.826097 0.206232 0.838702 0.205707 0.841503 0.204832 0.843137 0.203081 0.842670 0.195728 0.838235 0.182423 0.832400 0.174720 0.825163 0.167192 0.814893 0.159839 0.803922 0.153711 0.793651 0.150735 0.786881 0.149685 0.775444 0.150385 0.760271 0.153011 0.750467 0.156863 0.738095 0.164566 0.730159 0.178571 0.728992 0.186975 0.727824 0.189251 0.727591 0.196254 0.729225 0.205882
1 0.721289 0.185224 0.720121 0.189251 0.723856 0.195553 0.727358 0.197304 0.727591 0.192402 0.730626 0.185749 0.730626 0.182248 0.733193 0.171919 0.742063 0.161415 0.741130 0.160539 0.737862 0.161415 0.736228 0.164566 0.730392 0.166317 0.726891 0.168768 0.721755 0.175245 0.720355 0.178746 0.720355 0.182948 0.721289 0.185224
1 0.739963 0.245623 0.741830 0.269083 0.742530 0.270658 0.744865 0.271534 0.755369 0.268382 0.759337 0.265581 0.766573 0.244748 0.764239 0.242122 0.752101 0.233193 0.743464 0.229342 0.737628 0.228992 0.736928 0.229867 0.736928 0.234769 0.739963 0.245623
1 0.523810 0.237570 0.534314 0.240896 0.547619 0.246324 0.551354 0.248424 0.555089 0.251751 0.557656 0.252451 0.564192 0.249825 0.580532 0.241246 0.582866 0.239321 0.588469 0.216737 0.584500 0.213060 0.575630 0.207808 0.569561 0.206933 0.560924 0.206933 0.551354 0.208508 0.540383 0.212185 0.529412 0.218662 0.526844 0.220588 0.524510 0.223915 0.521242 0.233894 0.523810 0.237570