1 0.107610 0.000000 0.106209 0.002626 0.102474 0.003326 0.098739 0.005252 0.081466 0.011204 0.067227 0.017682 0.060924 0.022584 0.053922 0.026611 0.049486 0.031688 0.039683 0.038340 0.035014 0.046919 0.027544 0.056723 0.022642 0.067577 0.019608 0.078256 0.019374 0.092437 0.020542 0.098915 0.022176 0.102941 0.032446 0.119748 0.039216 0.126751 0.046919 0.131828 0.077731 0.144433 0.098506 0.146534 0.119514 0.152136 0.143791 0.154062 0.151027 0.155637 0.160831 0.156338 0.194678 0.155462 0.202614 0.156162 0.222222 0.155987 0.243231 0.157213 0.286415 0.157563 0.289683 0.157038 0.290850 0.155637 0.295051 0.137080 0.306256 0.117822 0.316060 0.104867 0.336368 0.087710 0.348739 0.079482 0.354809 0.076506 0.359944 0.074930 0.376517 0.066702 0.384921 0.064426 0.385854 0.059174 0.385621 0.057073 0.381186 0.048669 0.375350 0.041667 0.372316 0.039916 0.369981 0.036415 0.363912 0.021008 0.360177 0.015056 0.353408 0.008403 0.343604 0.001926 0.343137 0.000000 0.107610 0.000000
0 0.295285 0.171744 0.300187 0.180147 0.304622 0.183123 0.328431 0.192577 0.355742 0.200280 0.425303 0.215161 0.439776 0.218838 0.456349 0.221113 0.479225 0.221113 0.483894 0.221989 0.495098 0.221989 0.505369 0.221113 0.533147 0.215336 0.559524 0.207458 0.574463 0.201506 0.587768 0.194328 0.595472 0.189076 0.601074 0.183824 0.625350 0.170518 0.630952 0.165791 0.636321 0.158263 0.640756 0.154412 0.640990 0.149510 0.643091 0.140756 0.643557 0.119223 0.640289 0.106092 0.636788 0.099090 0.630486 0.091737 0.614846 0.081933 0.609244 0.077381 0.587302 0.070553 0.566993 0.068978 0.553688 0.065476 0.550187 0.065651 0.546919 0.063901 0.543651 0.063725 0.539916 0.061975 0.524977 0.059524 0.491363 0.054972 0.468021 0.054097 0.450047 0.054622 0.435808 0.056373 0.433240 0.057598 0.428571 0.057423 0.425537 0.058648 0.411531 0.060399 0.404528 0.060399 0.401027 0.061975 0.397526 0.062325 0.391223 0.064251 0.386788 0.064076 0.362745 0.073880 0.343838 0.084034 0.331699 0.092087 0.316527 0.105567 0.311625 0.111870 0.306489 0.119923 0.305789 0.122549 0.302288 0.126576 0.297852 0.133929 0.294585 0.143207 0.293417 0.154062 0.293884 0.167717 0.295285 0.171744
1 0.040149 0.231443 0.041550 0.236695 0.045518 0.244748 0.051821 0.252801 0.057190 0.256653 0.059524 0.259279 0.077965 0.272409 0.095005 0.280987 0.132820 0.294293 0.150794 0.298319 0.157096 0.298845 0.188609 0.304622 0.205415 0.306723 0.217087 0.306723 0.240896 0.304272 0.253968 0.303746 0.267507 0.304097 0.274510 0.305147 0.282680 0.304622 0.296919 0.299720 0.304155 0.295868 0.311158 0.293242 0.327031 0.282913 0.338469 0.272584 0.348039 0.257353 0.362278 0.241246 0.364846 0.234769 0.366713 0.224090 0.365313 0.210259 0.362979 0.205182 0.361111 0.203081 0.340570 0.197479 0.331466 0.194153 0.323996 0.192927 0.317694 0.189426 0.304155 0.184874 0.299720 0.181898 0.294585 0.173494 0.291083 0.160889 0.289916 0.160014 0.284080 0.159314 0.181373 0.157388 0.139823 0.158263 0.124416 0.159489 0.109477 0.161590 0.086601 0.170868 0.066293 0.181898 0.060691 0.185924 0.053455 0.193277 0.046685 0.202381 0.042717 0.212885 0.040149 0.223915 0.040149 0.231443
1 0.067927 0.411239 0.073763 0.416842 0.077731 0.419643 0.085434 0.423319 0.112745 0.430847 0.153595 0.436275 0.160131 0.436099 0.165966 0.437150 0.187442 0.437150 0.204248 0.438725 0.211562 0.438375 0.245331 0.444328 0.248133 0.445553 0.249066 0.444678 0.251867 0.444153 0.257470 0.445378 0.275910 0.445903 0.282680 0.442402 0.286415 0.443277 0.296452 0.441527 0.310691 0.428922 0.332633 0.416141 0.340803 0.412290 0.373249 0.402311 0.404528 0.395308 0.408730 0.390581 0.410364 0.383228 0.411998 0.379902 0.413165 0.366246 0.411298 0.364146 0.390756 0.348739 0.373016 0.327731 0.366246 0.321254 0.362745 0.318803 0.356676 0.316877 0.341737 0.313200 0.333800 0.312675 0.311625 0.308999 0.300654 0.308648 0.297386 0.307773 0.272642 0.306022 0.243464 0.305847 0.219421 0.307598 0.209851 0.308473 0.201214 0.310924 0.196078 0.311275 0.175070 0.315126 0.156396 0.319853 0.137021 0.326331 0.121849 0.333683 0.118347 0.336485 0.108777 0.341036 0.090570 0.354167 0.079599 0.364321 0.068394 0.383754 0.068161 0.386905 0.066293 0.390231 0.065593 0.396183 0.065359 0.401085 0.067927 0.411239
1 0.284781 0.496148 0.292717 0.506127 0.300654 0.512430 0.306489 0.515931 0.321195 0.523109 0.327731 0.524160 0.335901 0.527661 0.344538 0.530112 0.352708 0.530987 0.362745 0.533789 0.370215 0.533964 0.373249 0.535364 0.390056 0.535714 0.403828 0.537990 0.467320 0.540791 0.484360 0.539741 0.519841 0.533964 0.536881 0.528186 0.556723 0.519258 0.565826 0.513480 0.571895 0.508578 0.578198 0.501576 0.584734 0.493522 0.587302 0.487920 0.584967 0.484769 0.563959 0.473214 0.545985 0.460084 0.536415 0.448880 0.531979 0.441176 0.528478 0.433999 0.527778 0.429622 0.528245 0.417367 0.531513 0.410364 0.534080 0.407913 0.535481 0.404937 0.539683 0.400910 0.539683 0.397584 0.537115 0.397409 0.529178 0.394433 0.523343 0.393382 0.514939 0.392682 0.505836 0.393557 0.498599 0.391807 0.486928 0.391807 0.467554 0.393207 0.446312 0.393207 0.421569 0.394958 0.390523 0.399510 0.376751 0.402311 0.355976 0.408088 0.341270 0.413165 0.317460 0.425070 0.308590 0.431373 0.304388 0.435924 0.299720 0.439251 0.290616 0.453081 0.283380 0.473739 0.280812 0.485994 0.284781 0.496148
1 0.069795 0.540091 0.075397 0.550245 0.081466 0.556022 0.098506 0.567752 0.114146 0.575105 0.133754 0.582458 0.141690 0.586485 0.159897 0.592962 0.172035 0.598564 0.176704 0.599790 0.205182 0.610994 0.209384 0.611695 0.217087 0.614671 0.234360 0.618172 0.261204 0.620273 0.290616 0.619048 0.310691 0.615546 0.321195 0.612220 0.324463 0.611870 0.331933 0.608894 0.352863 0.598273 0.366713 0.585959 0.374883 0.574055 0.376050 0.564426 0.375350 0.562325 0.373483 0.560924 0.369748 0.562325 0.368464 0.561537 0.367414 0.556197 0.366013 0.554272 0.368114 0.549370 0.369748 0.548144 0.373016 0.548494 0.373249 0.547794 0.373716 0.543242 0.371615 0.538866 0.369048 0.536239 0.366246 0.535189 0.348273 0.532038 0.331933 0.526961 0.324463 0.525910 0.321195 0.524685 0.317460 0.522059 0.306489 0.517507 0.292250 0.507353 0.283613 0.497024 0.278478 0.487920 0.276844 0.486520 0.255602 0.480042 0.244865 0.477766 0.207516 0.473739 0.192110 0.473389 0.171335 0.473739 0.169701 0.474265 0.164799 0.473915 0.133520 0.478291 0.109244 0.487045 0.095938 0.494748 0.088235 0.500350 0.073763 0.515056 0.069795 0.522584 0.069094 0.525910 0.068861 0.534489 0.069795 0.540091
1 0.074463 0.697304 0.077965 0.710609 0.084267 0.721113 0.090570 0.727241 0.098739 0.732668 0.116013 0.738095 0.130719 0.740196 0.137021 0.742472 0.172736 0.745798 0.186041 0.747724 0.202614 0.751401 0.208217 0.751576 0.216853 0.753326 0.232026 0.755077 0.252801 0.755427 0.271242 0.753852 0.285014 0.751050 0.294818 0.747549 0.303922 0.745973 0.308123 0.744048 0.310691 0.743873 0.331466 0.736520 0.335201 0.733193 0.345005 0.729517 0.348739 0.725665 0.360411 0.717437 0.373016 0.703431 0.379085 0.689076 0.379785 0.681548 0.379552 0.675070 0.377451 0.666141 0.377451 0.657563 0.373716 0.647584 0.370682 0.644083 0.358077 0.633578 0.345472 0.627801 0.317694 0.618873 0.311158 0.617822 0.303688 0.618172 0.287582 0.620973 0.270308 0.621849 0.258403 0.621674 0.243464 0.620273 0.225957 0.617472 0.212652 0.613971 0.204949 0.612745 0.184407 0.615546 0.164332 0.619223 0.158964 0.621324 0.154062 0.622024 0.136788 0.629027 0.133520 0.631127 0.130252 0.632003 0.126050 0.634804 0.120215 0.636905 0.095938 0.653711 0.087535 0.661415 0.077965 0.676821 0.075630 0.682598 0.074463 0.688025 0.074463 0.697304
1 0.098273 0.865896 0.100840 0.870098 0.107143 0.876751 0.111578 0.878326 0.115079 0.880777 0.126517 0.886380 0.151027 0.893908 0.182073 0.900385 0.196078 0.901611 0.229692 0.903011 0.249767 0.903186 0.254902 0.902661 0.259804 0.900910 0.278478 0.899860 0.282913 0.898109 0.294818 0.896359 0.310924 0.890581 0.332866 0.880427 0.355042 0.867472 0.373483 0.853466 0.387488 0.839461 0.395425 0.824405 0.393557 0.821254 0.379785 0.812150 0.368114 0.802521 0.356676 0.790441 0.346872 0.775910 0.343838 0.765231 0.340803 0.761204 0.331933 0.758578 0.323996 0.757178 0.302521 0.756127 0.269841 0.755602 0.233427 0.757528 0.210084 0.760679 0.191643 0.764881 0.187908 0.766632 0.164799 0.773634 0.151027 0.779587 0.146592 0.782738 0.137488 0.786765 0.121148 0.799720 0.107843 0.813725 0.098973 0.833333 0.096872 0.844538 0.096872 0.860294 0.098273 0.865896
0 0.444678 0.636555 0.453548 0.653186 0.465920 0.666667 0.492530 0.686450 0.528011 0.708508 0.537582 0.713761 0.549253 0.718312 0.564192 0.725665 0.605976 0.736520 0.619048 0.738445 0.648693 0.738620 0.673436 0.736345 0.692344 0.731443 0.696078 0.729342 0.699813 0.728466 0.711485 0.721814 0.717320 0.717087 0.720121 0.715861 0.729692 0.706583 0.736228 0.697129 0.739262 0.689426 0.741130 0.688375 0.742764 0.685574 0.744164 0.676471 0.743231 0.661239 0.732726 0.647759 0.721755 0.639006 0.717320 0.636905 0.700047 0.625525 0.679038 0.614846 0.657330 0.605742 0.619048 0.592787 0.605976 0.586485 0.598739 0.584209 0.590570 0.582983 0.581699 0.578081 0.567694 0.573179 0.549953 0.568452 0.530345 0.565126 0.512138 0.564076 0.490196 0.566001 0.475724 0.569678 0.456583 0.577206 0.440009 0.591737 0.436275 0.598739 0.436041 0.613270 0.444678 0.636555
0 0.343838 0.758754 0.348739 0.775910 0.362745 0.795168 0.379318 0.810399 0.387021 0.814776 0.390289 0.817752 0.393557 0.818803 0.397526 0.821954 0.407796 0.825980 0.422269 0.830007 0.436975 0.835259 0.470822 0.842437 0.480859 0.846464 0.488796 0.846814 0.520542 0.852941 0.525677 0.854517 0.532680 0.855567 0.537348 0.855392 0.545752 0.856968 0.568394 0.857843 0.595238 0.854867 0.602241 0.852941 0.612512 0.848039 0.629552 0.834034 0.635154 0.824580 0.637955 0.818277 0.639823 0.808999 0.640056 0.799720 0.637255 0.786765 0.634921 0.779762 0.631419 0.776085 0.630019 0.772409 0.626284 0.768557 0.624183 0.764356 0.610411 0.750000 0.594304 0.738270 0.581933 0.731968 0.562092 0.725840 0.540149 0.715861 0.536181 0.714811 0.526377 0.709384 0.522876 0.708333 0.514706 0.708333 0.507703 0.707108 0.416667 0.701506 0.400560 0.701856 0.394024 0.702906 0.379785 0.706933 0.369981 0.712010 0.361111 0.720238 0.355275 0.724090 0.348739 0.731092 0.345705 0.737745 0.344304 0.744573 0.343371 0.750875 0.343838 0.758754
0 0.537815 0.449405 0.543184 0.456232 0.551587 0.463410 0.573063 0.477241 0.581466 0.480567 0.583800 0.482318 0.588235 0.483718 0.591970 0.485994 0.602474 0.489671 0.605976 0.492297 0.612745 0.493347 0.632586 0.499650 0.664799 0.507353 0.672502 0.508053 0.682540 0.510329 0.711951 0.514006 0.729458 0.514531 0.744631 0.513831 0.783147 0.509979 0.806489 0.506127 0.822129 0.500000 0.828665 0.495798 0.831699 0.494923 0.835901 0.492472 0.840570 0.488620 0.846172 0.485469 0.861111 0.471464 0.866480 0.464986 0.871849 0.456583 0.875817 0.446078 0.876284 0.429272 0.875584 0.424895 0.873249 0.419993 0.865079 0.411415 0.858777 0.406513 0.857376 0.404412 0.845472 0.397234 0.817227 0.386204 0.803922 0.382003 0.789449 0.378676 0.775910 0.376225 0.759570 0.374300 0.728291 0.367997 0.696545 0.365021 0.671335 0.363971 0.642857 0.364146 0.637255 0.364846 0.630719 0.366947 0.616246 0.369048 0.591503 0.374825 0.577965 0.380252 0.574463 0.380602 0.567694 0.383403 0.547152 0.396008 0.538749 0.403887 0.534314 0.409314 0.531513 0.414041 0.529412 0.420343 0.529879 0.432948 0.537815 0.449405
1 0.636555 0.362745 0.637955 0.363445 0.665966 0.363270 0.713819 0.365546 0.736461 0.368522 0.758170 0.373424 0.776377 0.375700 0.796685 0.379377 0.820028 0.386204 0.829832 0.390756 0.838702 0.393382 0.852241 0.399860 0.867647 0.411940 0.869281 0.414741 0.876984 0.421919 0.879785 0.423494 0.883754 0.424370 0.890990 0.423319 0.900794 0.419118 0.908497 0.413165 0.915033 0.409839 0.921802 0.403186 0.923903 0.398634 0.940009 0.373074 0.941877 0.366422 0.941176 0.355917 0.934641 0.342087 0.929739 0.334209 0.925070 0.330357 0.922502 0.326856 0.902194 0.312325 0.887722 0.305847 0.872782 0.300420 0.845705 0.294468 0.823529 0.291141 0.810691 0.290616 0.795985 0.290966 0.775444 0.293417 0.736461 0.301120 0.716153 0.304447 0.685341 0.310924 0.651027 0.321078 0.647759 0.322654 0.641690 0.327731 0.641223 0.330532 0.637255 0.334909 0.634921 0.341036 0.634687 0.346113 0.636555 0.362745
0 0.344071 0.293242 0.347572 0.299545 0.353875 0.307248 0.357610 0.310224 0.379552 0.334034 0.382820 0.339111 0.387488 0.342787 0.390523 0.346989 0.395658 0.350840 0.396825 0.352591 0.417600 0.367472 0.436975 0.377451 0.449813 0.382178 0.483193 0.389006 0.493464 0.390056 0.525910 0.390406 0.531513 0.387430 0.546685 0.384454 0.564192 0.377801 0.567694 0.377451 0.585901 0.362220 0.598273 0.345938 0.600140 0.345413 0.599440 0.344363 0.601074 0.343312 0.602241 0.343662 0.603641 0.340161 0.605742 0.338585 0.606209 0.321604 0.604575 0.309349 0.602941 0.303746 0.596405 0.292892 0.582866 0.278361 0.573996 0.271008 0.558590 0.260504 0.532913 0.245798 0.503501 0.232318 0.489496 0.227066 0.467087 0.223564 0.438842 0.221289 0.426004 0.224090 0.415500 0.224965 0.401027 0.227941 0.380252 0.236169 0.364846 0.244398 0.358310 0.249300 0.349907 0.258578 0.345472 0.264881 0.341737 0.274160 0.341503 0.279237 0.344071 0.293242
0 0.636555 0.255602 0.639356 0.262605 0.642157 0.266982 0.652661 0.276786 0.660131 0.282038 0.664799 0.284314 0.669001 0.285189 0.682073 0.291141 0.695845 0.294468 0.709617 0.296744 0.723856 0.297794 0.734127 0.297619 0.740663 0.295868 0.750467 0.295168 0.758403 0.293242 0.764939 0.292892 0.781513 0.289216 0.803922 0.287465 0.807656 0.285539 0.810691 0.286415 0.877684 0.269958 0.894258 0.264181 0.908497 0.257003 0.913866 0.253501 0.918768 0.251751 0.925070 0.244398 0.933940 0.237745 0.938142 0.230917 0.939776 0.226015 0.942577 0.222339 0.946078 0.213060 0.947946 0.203431 0.947479 0.189076 0.941877 0.175595 0.936975 0.168417 0.929739 0.160364 0.914566 0.148634 0.899860 0.141632 0.879552 0.134454 0.862278 0.130602 0.838002 0.128151 0.819795 0.128501 0.810691 0.129552 0.791783 0.133578 0.765406 0.143207 0.748366 0.151261 0.735994 0.155637 0.730859 0.158789 0.714753 0.164741 0.697479 0.173669 0.692577 0.175245 0.671802 0.188901 0.654995 0.202906 0.647292 0.211835 0.643091 0.218838 0.637255 0.231268 0.635387 0.237570 0.635154 0.247374 0.636555 0.255602
1 0.718954 0.132353 0.718021 0.136555 0.718721 0.144958 0.721989 0.154937 0.723856 0.157388 0.726190 0.157563 0.730626 0.156688 0.738095 0.153536 0.741130 0.153011 0.751167 0.147934 0.760738 0.144783 0.765406 0.141982 0.771008 0.140581 0.780812 0.136380 0.793184 0.132528 0.796685 0.132178 0.801354 0.130427 0.810458 0.128501 0.829365 0.127276 0.845705 0.127801 0.859477 0.129377 0.880486 0.133929 0.895191 0.138831 0.907796 0.144258 0.922969 0.153536 0.936975 0.166667 0.947246 0.182248 0.948179 0.185924 0.949580 0.187500 0.954015 0.185924 0.963119 0.179972 0.971289 0.171919 0.979925 0.157563 0.982493 0.151085 0.984360 0.141106 0.984360 0.136905 0.982726 0.133754 0.984127 0.126225 0.981559 0.119573 0.975724 0.110469 0.974323 0.105567 0.968021 0.100840 0.961018 0.091912 0.949113 0.084734 0.932540 0.076331 0.914332 0.070728 0.892390 0.066877 0.869281 0.066527 0.847106 0.068803 0.818861 0.075630 0.810924 0.078606 0.800187 0.081408 0.792250 0.085259 0.789916 0.085259 0.784781 0.087885 0.775677 0.089636 0.756303 0.096989 0.742997 0.103817 0.738562 0.107493 0.730626 0.110294 0.726190 0.113796 0.720355 0.116947 0.719188 0.118347 0.718021 0.123074 0.717554 0.127276 0.718954 0.132353
1 0.459851 0.053396 0.488329 0.054097 0.508403 0.056723 0.525444 0.058123 0.540616 0.060924 0.563725 0.067577 0.584967 0.069503 0.605976 0.074930 0.612745 0.078957 0.620915 0.085434 0.628151 0.089111 0.632820 0.092962 0.639589 0.101190 0.642624 0.108543 0.644258 0.115896 0.645892 0.118522 0.647759 0.119573 0.648926 0.126576 0.644958 0.133403 0.644024 0.144258 0.640523 0.155287 0.650093 0.153361 0.657796 0.150035 0.661064 0.147759 0.665966 0.146359 0.677404 0.138831 0.683473 0.133403 0.687208 0.131127 0.700047 0.118347 0.703315 0.113971 0.706816 0.111169 0.714519 0.099965 0.717554 0.091912 0.720121 0.079307 0.718254 0.071078 0.716853 0.067752 0.711251 0.059699 0.710784 0.057248 0.705415 0.050245 0.695378 0.041492 0.685574 0.036415 0.662698 0.029762 0.647759 0.026611 0.628618 0.024335 0.602708 0.023109 0.558357 0.023284 0.528945 0.025385 0.515873 0.027661 0.489029 0.034839 0.468254 0.043067 0.453548 0.050070 0.454715 0.052171 0.459851 0.053396
1 0.588936 0.194853 0.577731 0.200805 0.562325 0.207458 0.553221 0.209909 0.545985 0.212885 0.531746 0.216211 0.522876 0.219188 0.507937 0.221989 0.492764 0.223915 0.493931 0.227416 0.499066 0.228817 0.516807 0.237745 0.529412 0.243172 0.550187 0.255427 0.559290 0.259979 0.566993 0.265581 0.569561 0.266632 0.581232 0.275560 0.595472 0.290616 0.598739 0.292542 0.609944 0.290791 0.623249 0.285714 0.629785 0.280637 0.638422 0.275385 0.640756 0.268908 0.634921 0.254552 0.633520 0.244923 0.633987 0.237220 0.637255 0.227591 0.642157 0.217962 0.651027 0.205532 0.657330 0.199580 0.659897 0.196078 0.659197 0.192752 0.655229 0.188200 0.644725 0.180847 0.626751 0.174020 0.623016 0.174020 0.620215 0.175070 0.605509 0.182248 0.588936 0.194853
1 0.632120 0.175245 0.638189 0.177346 0.653128 0.185574 0.657096 0.188375 0.661298 0.194153 0.664799 0.192927 0.677638 0.183473 0.698179 0.171919 0.709150 0.166141 0.721989 0.161415 0.722456 0.157738 0.718487 0.148459 0.715453 0.129202 0.706583 0.124650 0.700514 0.123424 0.695845 0.123775 0.692577 0.125875 0.688609 0.130777 0.669468 0.145133 0.655696 0.151611 0.644024 0.155812 0.640990 0.157388 0.637021 0.160889 0.626751 0.172094 0.632120 0.175245
1 0.681139 0.612745 0.682306 0.613620 0.703081 0.623950 0.706583 0.625000 0.708917 0.624300 0.711718 0.624475 0.717087 0.625875 0.730626 0.631653 0.733193 0.633578 0.736461 0.633403 0.743231 0.636380 0.744398 0.637605 0.747899 0.635854 0.753968 0.637780 0.804575 0.636555 0.855042 0.639706 0.880719 0.642857 0.884454 0.640756 0.892624 0.638305 0.893791 0.637255 0.897292 0.637080 0.915966 0.628852 0.921802 0.625875 0.927638 0.620623 0.933007 0.617472 0.942110 0.598039 0.942577 0.584734 0.941410 0.578081 0.936508 0.563725 0.933940 0.559349 0.930906 0.555847 0.921802 0.548319 0.918534 0.547094 0.914799 0.544118 0.893791 0.534489 0.873249 0.529762 0.861578 0.528361 0.857843 0.529412 0.856909 0.532913 0.864846 0.543067 0.866480 0.546744 0.867880 0.553046 0.867180 0.567577 0.864146 0.574405 0.859477 0.581758 0.846405 0.596113 0.837768 0.602066 0.817694 0.608894 0.783147 0.613620 0.727124 0.613095 0.696312 0.609244 0.692577 0.609769 0.686041 0.608193 0.680672 0.608543 0.679972 0.609594 0.681139 0.612745
1 0.566760 0.542192 0.576331 0.560574 0.583567 0.568102 0.599440 0.580882 0.614613 0.588585 0.633754 0.596639 0.655229 0.603116 0.662232 0.604867 0.667600 0.605217 0.671569 0.606618 0.680439 0.607143 0.685341 0.608368 0.697246 0.608718 0.702848 0.610294 0.710084 0.610294 0.713352 0.611345 0.719655 0.612045 0.754902 0.613445 0.764939 0.612570 0.774043 0.613270 0.781979 0.612570 0.790616 0.612745 0.810691 0.610119 0.831232 0.604517 0.844538 0.596814 0.850607 0.589286 0.860177 0.579482 0.866013 0.567052 0.866947 0.561099 0.866013 0.550070 0.860644 0.536415 0.857376 0.530812 0.845005 0.517332 0.837768 0.512430 0.824697 0.500875 0.807656 0.506303 0.794585 0.509279 0.762138 0.512955 0.733427 0.514881 0.718254 0.514881 0.690009 0.511905 0.657330 0.506478 0.623950 0.498249 0.609244 0.493347 0.605742 0.493873 0.596872 0.497899 0.591970 0.499125 0.587068 0.501576 0.577731 0.508053 0.575163 0.511555 0.570495 0.515406 0.567460 0.522584 0.566527 0.528536 0.565826 0.537465 0.566760 0.542192
1 0.876984 0.445728 0.874183 0.454832 0.870915 0.461134 0.862045 0.471989 0.846872 0.485994 0.837768 0.492472 0.832400 0.494748 0.827731 0.498074 0.829132 0.501401 0.834734 0.508403 0.845238 0.515231 0.879785 0.507353 0.887021 0.505077 0.894258 0.501751 0.904062 0.496148 0.908497 0.492647 0.913632 0.485119 0.918768 0.480742 0.919935 0.478817 0.923669 0.464286 0.923669 0.449930 0.920635 0.439251 0.916433 0.431898 0.911064 0.424895 0.904528 0.420868 0.897759 0.421744 0.890523 0.424545 0.885854 0.425245 0.878385 0.431548 0.877451 0.434874 0.876984 0.445728
1 0.855742 0.526786 0.858543 0.527311 0.862278 0.526961 0.887021 0.532388 0.898226 0.535714 0.922969 0.548319 0.932073 0.556373 0.935574 0.556548 0.937442 0.555147 0.943511 0.547269 0.947712 0.536415 0.949346 0.529587 0.949813 0.521709 0.948179 0.513480 0.941643 0.501576 0.935808 0.494398 0.929505 0.487395 0.921802 0.481968 0.918301 0.482143 0.915966 0.483543 0.909197 0.492297 0.905929 0.495098 0.892857 0.503151 0.880252 0.507528 0.855976 0.513130 0.848506 0.515756 0.848273 0.519083 0.855742 0.526786
1 0.809290 0.289741 0.836835 0.292717 0.852241 0.295168 0.855509 0.296744 0.868581 0.299370 0.880019 0.302696 0.887488 0.305497 0.903128 0.313025 0.908497 0.316176 0.921335 0.325805 0.933940 0.340861 0.941877 0.358894 0.941410 0.366246 0.938842 0.369573 0.939076 0.374125 0.942577 0.373775 0.953782 0.366246 0.958683 0.359069 0.964286 0.353291 0.968954 0.345763 0.971522 0.331933 0.970355 0.321078 0.961951 0.302521 0.955182 0.294643 0.944211 0.284314 0.941176 0.283088 0.934874 0.278536 0.922269 0.271183 0.912932 0.268557 0.908030 0.266106 0.905462 0.265931 0.901261 0.263655 0.897292 0.263831 0.881186 0.269958 0.866013 0.274335 0.855509 0.275910 0.836601 0.280987 0.830766 0.281863 0.824463 0.284139 0.812792 0.286415 0.811158 0.288866 0.809290 0.289741
1 0.927404 0.245973 0.917134 0.253676 0.900794 0.262080 0.905929 0.265581 0.913165 0.267857 0.924370 0.272759 0.942577 0.283263 0.946078 0.283438 0.949813 0.280112 0.956583 0.269258 0.958450 0.262080 0.958450 0.253151 0.957283 0.244573 0.953315 0.234594 0.946545 0.226366 0.942344 0.225315 0.936975 0.235819 0.927404 0.245973
1 0.607376 0.321078 0.607376 0.327556 0.595238 0.353641 0.591036 0.357143 0.586368 0.363445 0.571429 0.375350 0.545752 0.385329 0.539916 0.387255 0.536415 0.387255 0.532446 0.390406 0.536415 0.393207 0.539916 0.393207 0.543417 0.395133 0.553688 0.390581 0.555322 0.388480 0.570495 0.381127 0.588235 0.374475 0.599907 0.370973 0.628852 0.366246 0.634921 0.363971 0.636788 0.362745 0.633754 0.350665 0.634220 0.341387 0.635387 0.337010 0.639122 0.329832 0.643091 0.325630 0.647993 0.322304 0.662465 0.316702 0.671569 0.314076 0.672035 0.310574 0.669935 0.309174 0.665733 0.306898 0.650794 0.301996 0.630486 0.299370 0.621615 0.299195 0.610411 0.300070 0.604342 0.302171 0.603875 0.304097 0.607376 0.321078
1 0.410364 0.561975 0.417834 0.568277 0.421802 0.570203 0.427871 0.574755 0.446078 0.582633 0.449346 0.581583 0.460084 0.574755 0.470822 0.570378 0.485061 0.566176 0.504435 0.563200 0.520542 0.563200 0.545985 0.566702 0.577264 0.574055 0.579832 0.573529 0.581933 0.571254 0.580999 0.567402 0.573296 0.557773 0.568627 0.549020 0.565593 0.540966 0.564426 0.529412 0.569094 0.515931 0.567927 0.514006 0.556489 0.520658 0.526611 0.532563 0.515873 0.535714 0.487395 0.539566 0.484594 0.540616 0.480626 0.540266 0.473856 0.541317 0.411531 0.538866 0.400327 0.539741 0.402894 0.553571 0.410364 0.561975
1 0.380252 0.557073 0.372316 0.563901 0.373016 0.564951 0.376050 0.565826 0.377684 0.568102 0.376984 0.570903 0.368814 0.584734 0.365079 0.589111 0.350373 0.600665 0.327965 0.611870 0.323996 0.612570 0.313959 0.616246 0.340570 0.624650 0.356909 0.631653 0.376517 0.647409 0.378618 0.645833 0.387488 0.631653 0.395425 0.623775 0.411064 0.611695 0.428105 0.601541 0.431606 0.600315 0.438142 0.591387 0.444211 0.585084 0.442344 0.581933 0.435341 0.577906 0.427171 0.574930 0.409197 0.561275 0.403828 0.555497 0.396359 0.540616 0.393324 0.539391 0.389589 0.541317 0.384921 0.551296 0.380252 0.557073
1 0.380252 0.664916 0.384220 0.666317 0.385154 0.668768 0.382120 0.671569 0.383520 0.681898 0.389356 0.686450 0.401961 0.693978 0.407563 0.695553 0.411064 0.697829 0.416667 0.699580 0.428105 0.701155 0.454248 0.703256 0.476424 0.703782 0.483894 0.705007 0.511204 0.706758 0.516573 0.706408 0.517974 0.705182 0.518908 0.703081 0.515640 0.701856 0.508170 0.697129 0.473156 0.673144 0.457516 0.658964 0.449113 0.646183 0.444678 0.637430 0.441176 0.626926 0.437908 0.620973 0.434641 0.609944 0.434174 0.603992 0.432773 0.602066 0.429038 0.602416 0.421335 0.605917 0.411998 0.611870 0.397292 0.623074 0.387255 0.633578 0.379552 0.647584 0.378852 0.651261 0.380252 0.664916
0 0.652428 0.922619 0.654528 0.928571 0.660131 0.937150 0.672502 0.949930 0.682073 0.956758 0.691877 0.961835 0.711951 0.968137 0.730626 0.970938 0.743931 0.971639 0.781979 0.969538 0.836134 0.968137 0.852007 0.965686 0.866246 0.960084 0.891690 0.946254 0.910598 0.932423 0.922502 0.919818 0.928805 0.908263 0.933007 0.892857 0.932773 0.883228 0.926704 0.868697 0.916900 0.855567 0.906863 0.844538 0.901261 0.840511 0.888422 0.833508 0.873716 0.827556 0.849907 0.824055 0.833800 0.823004 0.804622 0.822479 0.777544 0.823529 0.752334 0.825630 0.737162 0.827906 0.725257 0.830532 0.711718 0.834559 0.697012 0.843312 0.689309 0.845588 0.683940 0.851366 0.677871 0.855917 0.663632 0.869573 0.654062 0.888831 0.651727 0.896008 0.651027 0.902661 0.650794 0.915266 0.652428 0.922619
1 0.726891 0.786415 0.742063 0.800420 0.749767 0.805672 0.754669 0.807948 0.760037 0.812150 0.769374 0.816352 0.772876 0.818803 0.785714 0.820728 0.800654 0.821078 0.811158 0.820553 0.846872 0.821954 0.869281 0.824755 0.876984 0.824580 0.883053 0.823880 0.900327 0.819853 0.943978 0.808648 0.964052 0.799195 0.971522 0.794818 0.981793 0.783613 0.984827 0.775910 0.986228 0.766282 0.985528 0.752101 0.980859 0.744748 0.978525 0.739146 0.969655 0.727066 0.958450 0.716912 0.945845 0.709384 0.944444 0.710609 0.940710 0.720413 0.935107 0.731443 0.926704 0.741071 0.925070 0.744573 0.908497 0.756653 0.894024 0.765056 0.866246 0.776085 0.852241 0.778361 0.838702 0.782388 0.817927 0.783438 0.782913 0.783263 0.772876 0.781513 0.764706 0.781162 0.758870 0.779937 0.744631 0.778536 0.727824 0.778186 0.723623 0.778887 0.723856 0.781162 0.726891 0.786415
1 0.736228 0.651085 0.740896 0.654412 0.744398 0.660189 0.747666 0.661064 0.748599 0.662640 0.753968 0.662640 0.755836 0.664566 0.752801 0.669118 0.751167 0.678746 0.748133 0.682073 0.744631 0.683123 0.744164 0.685574 0.741830 0.689076 0.741597 0.693277 0.739262 0.694853 0.735994 0.700280 0.733193 0.702556 0.729692 0.707983 0.725023 0.712885 0.713585 0.721639 0.700747 0.728817 0.694911 0.730742 0.692577 0.732668 0.685107 0.734594 0.659897 0.738971 0.639823 0.739671 0.633520 0.741246 0.635621 0.748074 0.637021 0.750000 0.644024 0.752101 0.647993 0.751401 0.648693 0.754902 0.650794 0.755777 0.652428 0.758578 0.658263 0.760154 0.660364 0.762080 0.670168 0.764356 0.675537 0.766457 0.678338 0.767157 0.686041 0.766632 0.688375 0.768908 0.709617 0.774160 0.720121 0.775735 0.786415 0.783088 0.803688 0.783789 0.807190 0.783088 0.825163 0.783088 0.845472 0.780637 0.848739 0.779062 0.859010 0.776786 0.862745 0.776611 0.880252 0.770658 0.894024 0.764531 0.900093 0.760329 0.910364 0.755077 0.925770 0.741422 0.936041 0.727241 0.941410 0.714811 0.942344 0.708333 0.941176 0.696078 0.933707 0.678046 0.928571 0.670518 0.924603 0.667017 0.920868 0.662115 0.907563 0.654587 0.892857 0.648109 0.876984 0.644083 0.859477 0.640931 0.825163 0.638655 0.785948 0.638130 0.766573 0.639531 0.759104 0.640756 0.754902 0.640581 0.738095 0.643557 0.733894 0.647059 0.733660 0.647759 0.736228 0.651085
0 0.287115 0.942577 0.291317 0.949580 0.294818 0.953606 0.300420 0.958508 0.306956 0.961660 0.317927 0.968662 0.323296 0.969888 0.331699 0.973564 0.352241 0.979692 0.379085 0.983718 0.406162 0.988971 0.407563 0.989846 0.435107 0.988270 0.453315 0.988445 0.459384 0.987570 0.464286 0.988620 0.487628 0.984769 0.516573 0.978291 0.553688 0.966036 0.570728 0.959384 0.587068 0.950105 0.598739 0.940126 0.605042 0.928922 0.605275 0.919818 0.602474 0.908438 0.602708 0.900210 0.599440 0.890406 0.592437 0.882703 0.584734 0.876225 0.571662 0.869048 0.560458 0.866422 0.553688 0.863620 0.536181 0.860294 0.484360 0.855567 0.459384 0.854692 0.432073 0.856793 0.405929 0.860294 0.366246 0.867647 0.352007 0.872199 0.314893 0.890231 0.303688 0.897934 0.296685 0.904412 0.289683 0.912990 0.285014 0.928746 0.284781 0.933123 0.287115 0.942577
1 0.602708 0.741422 0.608777 0.747024 0.612512 0.752276 0.623950 0.762605 0.634687 0.778186 0.639356 0.789741 0.641223 0.801471 0.640756 0.808824 0.637021 0.822654 0.633520 0.827731 0.628618 0.837535 0.621615 0.841912 0.613679 0.848739 0.607143 0.851891 0.599440 0.854692 0.595005 0.854867 0.591503 0.856268 0.584500 0.856968 0.582400 0.855742 0.580299 0.855742 0.573763 0.860469 0.573063 0.861870 0.572829 0.862745 0.574230 0.863796 0.577965 0.864321 0.587302 0.863270 0.591970 0.863445 0.597106 0.862220 0.633287 0.857843 0.654295 0.852416 0.675303 0.845063 0.685341 0.840161 0.694678 0.832983 0.698179 0.829132 0.701214 0.824755 0.703315 0.819503 0.705649 0.808123 0.705649 0.797094 0.703081 0.784139 0.700280 0.777136 0.695378 0.773109 0.661765 0.764531 0.648926 0.759629 0.639356 0.754727 0.633987 0.749825 0.630486 0.743172 0.628852 0.742122 0.623249 0.740196 0.613912 0.739671 0.609244 0.737745 0.599206 0.737745 0.599907 0.740196 0.602708 0.741422
1 0.173203 0.456057 0.172736 0.467437 0.173436 0.470938 0.175070 0.472514 0.202381 0.472864 0.235294 0.475665 0.256069 0.479692 0.275910 0.485294 0.277778 0.484769 0.279645 0.482493 0.283847 0.466737 0.288982 0.454132 0.294118 0.446429 0.294585 0.442927 0.292484 0.442052 0.280579 0.443277 0.253968 0.443978 0.233427 0.441702 0.216853 0.438375 0.205571 0.438725 0.193978 0.437850 0.178338 0.438901 0.174837 0.442402 0.175770 0.446254 0.173203 0.456057
1 0.896359 0.648634 0.912698 0.655987 0.914799 0.657913 0.921802 0.661064 0.925070 0.658789 0.932773 0.648985 0.937208 0.640231 0.938609 0.631653 0.935574 0.618873 0.932306 0.617822 0.928805 0.619573 0.924136 0.623950 0.917367 0.628326 0.900327 0.635329 0.894258 0.637080 0.885854 0.641282 0.882586 0.644083 0.896359 0.648634