0 0.304388 0.372899 0.307190 0.374825 0.310691 0.375000 0.312325 0.376225 0.317927 0.380777 0.321662 0.387955 0.327031 0.393732 0.335668 0.397934 0.344771 0.401085 0.348973 0.403711 0.355742 0.404062 0.369748 0.407038 0.389823 0.409664 0.415266 0.410714 0.431606 0.409314 0.459617 0.405637 0.466620 0.405637 0.491130 0.399510 0.504669 0.395133 0.510504 0.391982 0.519141 0.388831 0.531046 0.377276 0.534080 0.373249 0.535948 0.366246 0.536181 0.359069 0.535247 0.352241 0.531979 0.342087 0.525910 0.335259 0.514706 0.327031 0.499066 0.321078 0.491597 0.319328 0.461018 0.316527 0.455182 0.316527 0.432306 0.317402 0.413165 0.318978 0.387021 0.322479 0.377918 0.324580 0.369748 0.325280 0.332166 0.334734 0.313725 0.340861 0.310924 0.345938 0.303688 0.352591 0.301120 0.360294 0.301120 0.365896 0.304388 0.372899
0 0.148926 0.483894 0.151027 0.487570 0.157563 0.490021 0.163866 0.495623 0.170401 0.496324 0.176004 0.499825 0.188142 0.500875 0.203782 0.500700 0.210317 0.500000 0.234360 0.492997 0.251401 0.484944 0.262138 0.478641 0.273343 0.469538 0.279412 0.465686 0.288982 0.454307 0.296685 0.446954 0.305089 0.436975 0.311625 0.427521 0.316760 0.418417 0.321195 0.404412 0.321429 0.399160 0.319795 0.390056 0.316060 0.384104 0.311858 0.379377 0.310458 0.378151 0.307190 0.377451 0.301120 0.373249 0.299020 0.368522 0.297386 0.366947 0.293417 0.366597 0.289683 0.365021 0.274043 0.361870 0.266807 0.362045 0.250934 0.364146 0.234127 0.369223 0.231559 0.371148 0.223389 0.374825 0.202614 0.389706 0.194211 0.397409 0.183940 0.410014 0.170635 0.431898 0.165500 0.442752 0.158030 0.453081 0.150794 0.466912 0.148226 0.478291 0.148926 0.483894
0 0.368347 0.616422 0.383754 0.625000 0.390289 0.630427 0.400560 0.634629 0.411298 0.641807 0.422035 0.647059 0.449113 0.658789 0.467320 0.663866 0.473623 0.664741 0.490663 0.665966 0.499533 0.665091 0.516106 0.664741 0.525677 0.662465 0.529412 0.660189 0.533147 0.659314 0.538982 0.656513 0.543651 0.658088 0.556956 0.653361 0.560691 0.650735 0.575397 0.643908 0.577264 0.640581 0.582633 0.636555 0.588936 0.628151 0.591970 0.622374 0.593838 0.616246 0.593137 0.598915 0.590103 0.588585 0.585668 0.578256 0.582400 0.574230 0.568161 0.562675 0.554388 0.555147 0.539916 0.550070 0.518441 0.544643 0.492764 0.541492 0.463119 0.541492 0.449113 0.542717 0.435808 0.546218 0.425303 0.547619 0.404295 0.555322 0.389356 0.562325 0.378385 0.570728 0.371615 0.578081 0.366947 0.585084 0.362278 0.596464 0.362745 0.605917 0.368347 0.616422
0 0.623016 0.508754 0.624183 0.511555 0.623950 0.515581 0.625584 0.522234 0.629318 0.529412 0.633520 0.533789 0.639122 0.537290 0.647993 0.544643 0.663165 0.552346 0.676237 0.560749 0.696078 0.569328 0.699580 0.570028 0.703782 0.572304 0.723389 0.578606 0.737862 0.582283 0.754435 0.584559 0.769141 0.585609 0.779412 0.588410 0.782680 0.587710 0.796218 0.590686 0.838702 0.585959 0.849440 0.583508 0.853408 0.580707 0.866246 0.576155 0.872082 0.572129 0.877451 0.569853 0.882120 0.565651 0.888655 0.561450 0.893557 0.555672 0.895892 0.551120 0.897759 0.543943 0.895892 0.535539 0.887955 0.527136 0.882820 0.525210 0.869048 0.516807 0.845238 0.507003 0.838702 0.505777 0.834967 0.504027 0.799020 0.492822 0.783613 0.489321 0.777077 0.486520 0.773109 0.485994 0.771942 0.484244 0.763072 0.480742 0.758637 0.480217 0.751401 0.478116 0.721055 0.473214 0.671335 0.472164 0.667367 0.473564 0.663632 0.473564 0.660131 0.475140 0.658263 0.477241 0.654528 0.477941 0.648459 0.480742 0.631653 0.493873 0.627918 0.502451 0.623016 0.508754
0 0.151727 0.625700 0.154062 0.630427 0.160598 0.637955 0.173436 0.645133 0.181839 0.649160 0.186741 0.650210 0.189076 0.651611 0.202848 0.654937 0.216387 0.656162 0.227591 0.656162 0.230859 0.657213 0.239262 0.657038 0.250934 0.658088 0.259104 0.657913 0.287115 0.655287 0.306956 0.651961 0.318394 0.649510 0.338469 0.641632 0.345705 0.636730 0.354575 0.624825 0.360177 0.619923 0.361811 0.613445 0.359477 0.595413 0.346639 0.577906 0.342437 0.574580 0.323996 0.563550 0.315593 0.559874 0.299020 0.554797 0.283147 0.553046 0.267507 0.553221 0.260271 0.554272 0.247899 0.554797 0.223856 0.560924 0.205882 0.568277 0.199113 0.569853 0.186741 0.575280 0.180205 0.577381 0.170868 0.583158 0.165266 0.588410 0.161531 0.590161 0.154528 0.595763 0.149393 0.605742 0.149160 0.616422 0.151727 0.625700
0 0.345938 0.824405 0.349440 0.831057 0.353641 0.834384 0.356209 0.838235 0.372549 0.848915 0.383053 0.854167 0.387021 0.855217 0.390523 0.857668 0.404528 0.862045 0.424837 0.865896 0.474556 0.865021 0.503735 0.860819 0.548786 0.847689 0.574230 0.841912 0.581466 0.839461 0.596639 0.832108 0.603408 0.825105 0.609944 0.815826 0.612512 0.810224 0.616480 0.805322 0.620448 0.796394 0.621615 0.787290 0.620215 0.780112 0.618114 0.775385 0.616246 0.772234 0.613445 0.769783 0.610411 0.764356 0.596405 0.751225 0.591970 0.748775 0.588235 0.744923 0.581232 0.740546 0.577264 0.739321 0.573529 0.736695 0.562792 0.732668 0.558590 0.730392 0.539683 0.724440 0.527077 0.722339 0.512372 0.720938 0.499533 0.721289 0.477824 0.723214 0.455649 0.729692 0.420635 0.742647 0.392390 0.757003 0.380252 0.764706 0.374416 0.769783 0.363212 0.777661 0.348739 0.791317 0.344071 0.799020 0.341737 0.806197 0.341970 0.812850 0.345938 0.824405
0 0.763305 0.213585 0.768908 0.220938 0.775210 0.225665 0.802054 0.233368 0.824463 0.242297 0.835201 0.241947 0.852474 0.237395 0.861111 0.232843 0.878618 0.220763 0.888422 0.209734 0.894725 0.198704 0.896825 0.193277 0.900327 0.175420 0.899627 0.160539 0.896125 0.145658 0.891690 0.134979 0.887488 0.128326 0.875350 0.117997 0.866480 0.113445 0.855742 0.110469 0.840570 0.109769 0.828665 0.111169 0.803922 0.119223 0.793417 0.125875 0.785247 0.132703 0.772176 0.148109 0.765173 0.161590 0.761204 0.175070 0.758170 0.193803 0.758403 0.201331 0.763305 0.213585
0 0.611111 0.148459 0.619281 0.158789 0.626751 0.164216 0.633053 0.165791 0.637255 0.167892 0.641923 0.168067 0.654528 0.166492 0.658964 0.164741 0.668067 0.163515 0.682540 0.159489 0.687442 0.156338 0.706583 0.149335 0.710084 0.146709 0.716387 0.143732 0.737862 0.129377 0.748599 0.121148 0.756536 0.113095 0.763539 0.102591 0.769608 0.085609 0.769374 0.074755 0.768207 0.070203 0.764939 0.063901 0.761438 0.059874 0.751167 0.052346 0.741363 0.049370 0.732726 0.048144 0.717554 0.048144 0.699346 0.051120 0.689076 0.053571 0.655696 0.070378 0.639823 0.081583 0.625817 0.094888 0.614613 0.109944 0.610644 0.117122 0.607843 0.129027 0.608077 0.140231 0.611111 0.148459
0 0.425070 0.144608 0.427638 0.150910 0.432073 0.157913 0.439076 0.165091 0.452148 0.172094 0.467087 0.176120 0.477591 0.176821 0.487162 0.176471 0.491830 0.175595 0.503268 0.172444 0.515640 0.166317 0.530345 0.153361 0.544118 0.137255 0.553688 0.115546 0.555089 0.099090 0.553922 0.089811 0.550887 0.084909 0.539449 0.072829 0.518908 0.064426 0.512605 0.063375 0.493697 0.062500 0.484360 0.063200 0.472923 0.065476 0.462885 0.069503 0.456583 0.070378 0.452537 0.073938 0.439076 0.080532 0.429739 0.091912 0.427404 0.096639 0.424136 0.105917 0.422502 0.118697 0.422269 0.129377 0.425070 0.144608
0 0.159430 0.195903 0.165033 0.203081 0.178338 0.214461 0.195845 0.222514 0.206583 0.222514 0.212885 0.223564 0.229925 0.223915 0.241830 0.225840 0.252101 0.224265 0.268441 0.223039 0.279412 0.220763 0.310458 0.209909 0.330766 0.193452 0.336835 0.185924 0.338469 0.182423 0.340803 0.171919 0.340570 0.166667 0.336134 0.154412 0.327965 0.147234 0.321662 0.143032 0.312092 0.141807 0.303688 0.137780 0.293651 0.135854 0.279412 0.134804 0.276144 0.133578 0.264706 0.134454 0.216853 0.134104 0.208217 0.134979 0.190476 0.139531 0.177638 0.146359 0.169468 0.153186 0.163399 0.160189 0.159197 0.166842 0.156396 0.175595 0.156863 0.187500 0.159430 0.195903
0 0.024743 0.251576 0.032913 0.259454 0.044818 0.266457 0.053922 0.270658 0.063725 0.280112 0.069795 0.283964 0.084034 0.291141 0.102941 0.296394 0.122549 0.297969 0.130719 0.297794 0.143791 0.296218 0.157563 0.292542 0.171802 0.286064 0.175770 0.282913 0.182540 0.275910 0.189076 0.265581 0.188609 0.248249 0.177404 0.233718 0.164099 0.223739 0.148459 0.214636 0.139589 0.211485 0.137021 0.209909 0.126050 0.206408 0.105976 0.201856 0.093604 0.201155 0.081232 0.201856 0.063492 0.205357 0.052754 0.208508 0.036648 0.219188 0.031513 0.223389 0.025910 0.229867 0.023343 0.235644 0.021008 0.238095 0.020308 0.245098 0.024743 0.251576
0 0.319795 0.236169 0.325397 0.241422 0.338469 0.250525 0.346872 0.253852 0.351774 0.256828 0.364379 0.262430 0.390523 0.270133 0.394024 0.270308 0.396825 0.269433 0.405929 0.273634 0.411298 0.274160 0.418534 0.277311 0.421569 0.277836 0.431139 0.278536 0.456816 0.278186 0.467087 0.276085 0.470822 0.274510 0.483894 0.265756 0.500000 0.259279 0.504202 0.256828 0.506069 0.254727 0.507236 0.251401 0.507703 0.243873 0.505836 0.237570 0.497899 0.227241 0.485994 0.218838 0.474790 0.214286 0.470355 0.211660 0.450047 0.204657 0.424603 0.199755 0.399627 0.197829 0.375817 0.198354 0.358777 0.202206 0.351307 0.202906 0.345472 0.205007 0.339169 0.205182 0.328431 0.208508 0.324230 0.210609 0.318627 0.216737 0.316993 0.222514 0.317460 0.230742 0.319795 0.236169
0 0.550654 0.317227 0.556723 0.325455 0.564192 0.330882 0.577498 0.336310 0.588702 0.336660 0.598739 0.335084 0.609244 0.331758 0.619514 0.330707 0.633053 0.323704 0.652428 0.316352 0.661765 0.307248 0.668534 0.305322 0.669935 0.304097 0.680672 0.286415 0.681839 0.279762 0.681839 0.272234 0.680439 0.258578 0.669701 0.246674 0.663866 0.245448 0.660364 0.243347 0.651027 0.239671 0.644958 0.238971 0.629318 0.239671 0.607376 0.244573 0.591737 0.250175 0.585201 0.253326 0.572596 0.261204 0.566993 0.265756 0.560458 0.272584 0.550654 0.286590 0.547619 0.295168 0.546685 0.303746 0.550654 0.317227
0 0.601541 0.389881 0.601774 0.397759 0.605275 0.407738 0.612278 0.416842 0.616246 0.417717 0.619514 0.421394 0.623249 0.423669 0.624650 0.426120 0.634454 0.432073 0.675537 0.445903 0.696078 0.449580 0.715920 0.450980 0.738796 0.449580 0.754902 0.446604 0.758170 0.444853 0.765640 0.442752 0.783613 0.433999 0.792717 0.427171 0.797852 0.421744 0.803221 0.411590 0.804855 0.402311 0.803455 0.383578 0.797386 0.371499 0.790383 0.362570 0.769374 0.347864 0.758870 0.344713 0.751867 0.341737 0.744164 0.341211 0.741130 0.337010 0.711951 0.331758 0.667834 0.320903 0.661298 0.318452 0.651727 0.319678 0.646825 0.321429 0.644024 0.323880 0.628385 0.331583 0.617180 0.335784 0.615780 0.339986 0.608077 0.350140 0.606443 0.356443 0.603408 0.362570 0.603175 0.382528 0.601541 0.389881
0 0.745798 0.946254 0.750700 0.956933 0.761438 0.974090 0.773810 0.985469 0.775210 0.987745 0.782913 0.993347 0.792250 0.997199 0.795752 0.997899 0.796218 0.999825 0.859244 0.999825 0.859244 0.998249 0.862745 0.997024 0.867180 0.993873 0.883754 0.977591 0.888655 0.970938 0.899160 0.953431 0.905229 0.935574 0.909430 0.916317 0.911765 0.886730 0.909897 0.875000 0.910131 0.866246 0.906162 0.853291 0.904528 0.841912 0.899860 0.828256 0.893324 0.814251 0.887722 0.805497 0.873249 0.787640 0.859944 0.777136 0.851541 0.772059 0.838235 0.766457 0.831466 0.765231 0.824463 0.766282 0.814192 0.769083 0.803688 0.773459 0.784781 0.787465 0.782913 0.790441 0.774510 0.799370 0.769141 0.811275 0.764706 0.816702 0.755602 0.832283 0.748599 0.841912 0.742530 0.855567 0.738329 0.872724 0.735761 0.890756 0.735994 0.911415 0.745798 0.946254
0 0.051354 0.817402 0.056723 0.827906 0.063959 0.835434 0.078665 0.845588 0.087068 0.849265 0.098739 0.853291 0.113212 0.855742 0.123950 0.856443 0.151261 0.852591 0.165266 0.847164 0.171802 0.843137 0.180439 0.835959 0.185574 0.828256 0.189776 0.817927 0.189776 0.809174 0.185107 0.796919 0.181139 0.790966 0.172736 0.782738 0.165966 0.778536 0.151027 0.772059 0.130019 0.766982 0.109244 0.765931 0.091036 0.768557 0.080065 0.771709 0.064192 0.781338 0.057890 0.786239 0.053221 0.792192 0.049486 0.801996 0.049486 0.809349 0.051354 0.817402
1 0.154528 0.074055 0.157796 0.074230 0.169001 0.070553 0.186275 0.067927 0.209617 0.069678 0.216387 0.072654 0.221522 0.076506 0.224323 0.076681 0.230392 0.075105 0.232260 0.075630 0.234127 0.078431 0.232960 0.081583 0.238095 0.085259 0.239029 0.086835 0.245331 0.090861 0.246032 0.092437 0.242530 0.099090 0.241830 0.109244 0.239496 0.116597 0.234360 0.126576 0.234827 0.130077 0.237862 0.131828 0.240663 0.131478 0.248599 0.132178 0.251401 0.131127 0.253735 0.127801 0.266106 0.115896 0.282446 0.106968 0.289916 0.102066 0.292484 0.096814 0.296452 0.092087 0.294818 0.088410 0.283613 0.074405 0.272409 0.066702 0.254435 0.058648 0.234594 0.052871 0.227824 0.049720 0.216620 0.046043 0.206116 0.044293 0.192110 0.043768 0.181839 0.044818 0.169468 0.048319 0.165500 0.050245 0.160598 0.053922 0.157330 0.057423 0.153595 0.064076 0.153361 0.071254 0.154528 0.074055
1 0.035714 0.138305 0.040383 0.144083 0.045518 0.148634 0.054155 0.155462 0.060224 0.159139 0.074697 0.164566 0.081232 0.164216 0.081933 0.162115 0.081466 0.153536 0.082400 0.142857 0.089636 0.124300 0.110411 0.100315 0.121382 0.091912 0.129552 0.088410 0.137021 0.081933 0.137021 0.080882 0.130486 0.077906 0.109244 0.073880 0.102941 0.073354 0.093838 0.073354 0.083100 0.074405 0.073996 0.076155 0.062325 0.080707 0.056956 0.083333 0.047619 0.090686 0.040850 0.098739 0.035481 0.109069 0.033147 0.123074 0.032913 0.127451 0.035714 0.138305
1 0.081933 0.161765 0.083333 0.165791 0.091970 0.171744 0.102241 0.176120 0.112512 0.177696 0.134454 0.177696 0.147759 0.176996 0.152661 0.175945 0.155696 0.173669 0.158730 0.167017 0.167600 0.154412 0.171335 0.150735 0.179972 0.144433 0.189076 0.139706 0.199580 0.136029 0.208917 0.134104 0.216387 0.133228 0.220355 0.133578 0.223856 0.132528 0.227358 0.132703 0.232260 0.130252 0.233193 0.126576 0.238796 0.116071 0.240430 0.100490 0.236928 0.089811 0.232026 0.079657 0.228758 0.077031 0.227124 0.076856 0.224323 0.077906 0.221522 0.077031 0.212885 0.070903 0.188375 0.068102 0.167834 0.071604 0.140756 0.081232 0.132820 0.086310 0.126751 0.088761 0.112979 0.099090 0.106909 0.104167 0.099206 0.114496 0.092904 0.119748 0.090336 0.123950 0.088702 0.130077 0.084967 0.136905 0.082166 0.147409 0.081232 0.154762 0.081933 0.161765
1 0.313725 0.081933 0.319795 0.091737 0.333800 0.103641 0.339869 0.109944 0.348739 0.116772 0.361578 0.124825 0.373249 0.129377 0.376517 0.131303 0.379318 0.131478 0.390523 0.130252 0.393324 0.129377 0.402894 0.128852 0.411998 0.129377 0.419234 0.128326 0.420635 0.125350 0.422502 0.109594 0.425303 0.099090 0.428105 0.093312 0.437908 0.081583 0.437908 0.078081 0.432540 0.069503 0.427871 0.064601 0.407563 0.049895 0.388889 0.041141 0.371849 0.035189 0.360644 0.034314 0.344304 0.036064 0.334734 0.039391 0.322596 0.045868 0.315826 0.053746 0.312558 0.063901 0.312325 0.072829 0.313725 0.081933
1 0.268674 0.133578 0.282446 0.134804 0.286415 0.135854 0.293651 0.135679 0.302754 0.137605 0.307890 0.139356 0.310458 0.141106 0.313725 0.141282 0.321429 0.143557 0.327498 0.146709 0.331466 0.150735 0.334734 0.152836 0.338235 0.152661 0.341270 0.150910 0.345472 0.147409 0.347806 0.144083 0.346405 0.140931 0.343604 0.138480 0.338936 0.136029 0.331466 0.133754 0.314192 0.130777 0.307423 0.130252 0.286415 0.130602 0.282680 0.132003 0.268674 0.133578
1 0.314192 0.227591 0.315126 0.221814 0.321895 0.211134 0.326331 0.208508 0.341503 0.202556 0.345705 0.203431 0.362745 0.200805 0.376984 0.197654 0.396592 0.197129 0.411064 0.198529 0.422035 0.198704 0.437208 0.200980 0.442810 0.202731 0.453081 0.203256 0.457049 0.200980 0.464519 0.191527 0.467554 0.182773 0.467087 0.179097 0.463585 0.176646 0.449580 0.172444 0.436975 0.164216 0.431606 0.158613 0.426237 0.150910 0.424603 0.146884 0.422035 0.134279 0.419935 0.132003 0.415033 0.130427 0.406629 0.129902 0.397292 0.129902 0.387021 0.131478 0.377451 0.133578 0.365157 0.139006 0.358077 0.140056 0.346872 0.145833 0.340570 0.150910 0.338235 0.154587 0.341503 0.165266 0.341970 0.172269 0.341503 0.175770 0.337768 0.185749 0.332633 0.193452 0.320028 0.202906 0.317927 0.206232 0.312558 0.210084 0.311858 0.211485 0.311625 0.220588 0.314192 0.227591
1 0.254902 0.133403 0.259104 0.133578 0.275910 0.132878 0.296452 0.130602 0.314426 0.131127 0.321195 0.132353 0.327498 0.134454 0.334734 0.134804 0.342904 0.139006 0.345005 0.141982 0.348273 0.143382 0.356443 0.139706 0.366013 0.136730 0.370915 0.133578 0.370915 0.130252 0.370215 0.129727 0.361033 0.125292 0.356676 0.122374 0.341562 0.111563 0.327731 0.099790 0.324463 0.097514 0.321195 0.096639 0.317694 0.098039 0.308123 0.099440 0.296685 0.099265 0.279645 0.108894 0.271242 0.112745 0.263305 0.118697 0.253501 0.129377 0.253735 0.132703 0.254902 0.133403
1 0.452848 0.070378 0.449813 0.071078 0.450280 0.071954 0.456583 0.071779 0.458917 0.070378 0.475257 0.064951 0.494398 0.062325 0.506069 0.062675 0.519141 0.064251 0.539683 0.072829 0.541783 0.072479 0.542484 0.071429 0.542017 0.067577 0.539916 0.063375 0.526611 0.049720 0.520542 0.046043 0.513072 0.042717 0.508403 0.040966 0.502101 0.039916 0.490430 0.041492 0.478992 0.046569 0.468487 0.053396 0.460551 0.061275 0.456116 0.064251 0.454248 0.069328 0.452848 0.070378
1 0.426471 0.063901 0.433240 0.070203 0.439076 0.078782 0.442810 0.078256 0.445845 0.075980 0.449346 0.074755 0.453782 0.071078 0.456116 0.067577 0.456583 0.064251 0.448646 0.060574 0.435574 0.058473 0.427871 0.058824 0.424837 0.059874 0.424370 0.060749 0.426471 0.063901
1 0.552521 0.083333 0.556489 0.091562 0.559057 0.098564 0.559524 0.102766 0.563959 0.111520 0.570962 0.117122 0.602941 0.121324 0.605742 0.120798 0.608777 0.118172 0.620915 0.099440 0.631186 0.089811 0.637955 0.082108 0.655696 0.070028 0.672969 0.061450 0.675770 0.059349 0.686041 0.054972 0.688842 0.052696 0.694211 0.050245 0.692577 0.047619 0.688842 0.044993 0.686741 0.042367 0.678571 0.036940 0.658030 0.028186 0.640756 0.025385 0.620215 0.024860 0.612979 0.026085 0.595705 0.030812 0.584267 0.035014 0.571195 0.041842 0.556256 0.054972 0.551120 0.064076 0.550187 0.067402 0.550187 0.080357 0.552521 0.083333
1 0.490196 0.220413 0.498599 0.226190 0.507937 0.238971 0.509337 0.244398 0.509337 0.251751 0.510271 0.253501 0.515406 0.255252 0.533380 0.254552 0.540616 0.253501 0.542017 0.251751 0.540383 0.248599 0.541317 0.244223 0.542951 0.238445 0.546452 0.232493 0.552754 0.223915 0.565826 0.210784 0.585201 0.195728 0.591970 0.192927 0.607376 0.184349 0.619514 0.179272 0.624883 0.175245 0.624883 0.168067 0.614846 0.157388 0.611111 0.151611 0.605976 0.140931 0.605275 0.130077 0.602007 0.125875 0.588702 0.120973 0.581466 0.120098 0.573996 0.120098 0.560924 0.121849 0.553688 0.124825 0.548553 0.133228 0.538982 0.143732 0.534080 0.150560 0.518908 0.165616 0.512372 0.168943 0.504669 0.175070 0.494164 0.192402 0.489496 0.206057 0.488562 0.212360 0.488329 0.217087 0.490196 0.220413
1 0.542484 0.255077 0.546218 0.255602 0.550887 0.257353 0.557190 0.260854 0.564426 0.263655 0.568161 0.262780 0.583567 0.253326 0.594071 0.248775 0.605742 0.244398 0.609244 0.244048 0.622782 0.239846 0.642390 0.238445 0.654295 0.240196 0.661298 0.242647 0.665033 0.244923 0.671802 0.245973 0.685808 0.239321 0.695145 0.235819 0.698880 0.231443 0.702848 0.230042 0.707516 0.227241 0.708683 0.224265 0.713585 0.218487 0.719188 0.214286 0.724790 0.203081 0.725490 0.199580 0.725257 0.189251 0.722222 0.182073 0.714286 0.174720 0.706583 0.169818 0.703081 0.169118 0.699580 0.167367 0.691643 0.166842 0.671102 0.167542 0.654295 0.170168 0.643791 0.173845 0.636788 0.174895 0.633053 0.176821 0.623249 0.178571 0.614146 0.182773 0.606443 0.185399 0.592670 0.192577 0.577731 0.202031 0.570962 0.207458 0.558357 0.218312 0.547386 0.230917 0.544351 0.236345 0.540850 0.246148 0.540850 0.251576 0.542484 0.255077
1 0.701447 0.165441 0.704482 0.168242 0.713352 0.172619 0.719888 0.178221 0.722923 0.181723 0.726657 0.189076 0.727591 0.200105 0.725724 0.205532 0.721055 0.212535 0.719421 0.216912 0.723856 0.220938 0.751634 0.221639 0.759104 0.221113 0.762372 0.216912 0.759570 0.209559 0.757236 0.198004 0.759104 0.181898 0.764472 0.162290 0.771942 0.147584 0.772176 0.144083 0.766106 0.141282 0.762838 0.138655 0.757003 0.137255 0.751634 0.134629 0.749300 0.132003 0.746965 0.130952 0.745565 0.126751 0.744631 0.126576 0.742997 0.129727 0.733660 0.133403 0.715453 0.146359 0.702381 0.153887 0.700747 0.155812 0.700280 0.161590 0.701447 0.165441
1 0.757470 0.055322 0.764239 0.062325 0.768441 0.068803 0.770075 0.073529 0.770075 0.088761 0.765640 0.099440 0.764939 0.102066 0.765640 0.105217 0.769608 0.110994 0.786415 0.124125 0.789916 0.125000 0.796685 0.123074 0.804155 0.118172 0.822829 0.111870 0.834734 0.109419 0.848973 0.109244 0.861578 0.110819 0.875117 0.116947 0.883520 0.123249 0.887021 0.123424 0.894024 0.119398 0.901027 0.108718 0.902194 0.105217 0.902894 0.098214 0.901027 0.088060 0.894958 0.076506 0.887955 0.068627 0.880019 0.061800 0.864613 0.052521 0.859010 0.049895 0.838469 0.045343 0.824930 0.043943 0.804388 0.043417 0.776611 0.044993 0.765640 0.046744 0.755369 0.050245 0.754902 0.051471 0.754435 0.053746 0.757470 0.055322
1 0.739729 0.130952 0.742764 0.131653 0.772409 0.144958 0.786881 0.130077 0.788515 0.126576 0.774043 0.115196 0.765406 0.109594 0.762138 0.108894 0.741830 0.127101 0.738796 0.130077 0.739729 0.130952
1 0.897526 0.147409 0.899860 0.157738 0.900560 0.177171 0.899393 0.185399 0.896592 0.195028 0.894725 0.200105 0.887255 0.213060 0.879085 0.221289 0.876517 0.223564 0.869514 0.226541 0.859010 0.235644 0.855976 0.236345 0.854108 0.237745 0.866246 0.245098 0.872782 0.246849 0.876984 0.246849 0.882586 0.245273 0.887021 0.245098 0.897993 0.241246 0.908263 0.235644 0.922969 0.223739 0.932073 0.213410 0.940943 0.200105 0.944211 0.192577 0.945612 0.182248 0.944911 0.171919 0.940943 0.161590 0.934174 0.152661 0.926704 0.140231 0.922269 0.135329 0.914566 0.130252 0.908263 0.128151 0.893557 0.127451 0.889589 0.128326 0.887955 0.130077 0.893557 0.137255 0.897526 0.147409
1 0.944444 0.193102 0.940943 0.200630 0.930906 0.216912 0.931606 0.220238 0.937442 0.220938 0.950047 0.220763 0.979225 0.223389 0.989729 0.225490 0.994631 0.227241 0.999767 0.227591 0.999767 0.147934 0.973623 0.149335 0.967320 0.150385 0.953548 0.153887 0.945378 0.157038 0.941176 0.161064 0.945612 0.174720 0.944444 0.193102
1 0.901494 0.279412 0.905929 0.289391 0.907796 0.291842 0.963352 0.298845 0.999767 0.300420 0.999767 0.228817 0.977824 0.223214 0.959617 0.221639 0.945378 0.221289 0.927871 0.222864 0.921802 0.225315 0.914332 0.230567 0.907563 0.236695 0.901027 0.240721 0.877218 0.248249 0.877218 0.252101 0.901494 0.279412
1 0.830299 0.249125 0.839869 0.256653 0.846405 0.263305 0.857143 0.281688 0.859711 0.290091 0.860411 0.303571 0.858777 0.310574 0.851307 0.324405 0.846639 0.328081 0.848039 0.330532 0.848973 0.331408 0.855742 0.332108 0.872782 0.335959 0.880019 0.336835 0.886788 0.339461 0.894958 0.339111 0.901961 0.335434 0.904528 0.332808 0.908730 0.324930 0.910131 0.319853 0.909897 0.304447 0.906629 0.297619 0.906396 0.293242 0.904528 0.289916 0.901027 0.279062 0.894258 0.270308 0.883987 0.260854 0.874183 0.250350 0.859244 0.242297 0.852474 0.239846 0.845005 0.240371 0.830299 0.244748 0.828431 0.247199 0.828198 0.248249 0.830299 0.249125
1 0.686975 0.285539 0.693744 0.297736 0.693978 0.300420 0.697012 0.307423 0.701214 0.313550 0.709617 0.320903 0.730159 0.329657 0.735528 0.331232 0.737628 0.332633 0.744865 0.333158 0.758403 0.329832 0.786881 0.328782 0.792717 0.330182 0.800420 0.329657 0.812092 0.330357 0.823996 0.331933 0.828198 0.333158 0.838702 0.334209 0.846172 0.329832 0.848039 0.326331 0.850373 0.324755 0.853641 0.320203 0.859244 0.307423 0.859711 0.299195 0.858310 0.286064 0.852007 0.272409 0.849440 0.269783 0.845938 0.263655 0.842204 0.260854 0.839869 0.257703 0.834267 0.253676 0.832166 0.251050 0.826797 0.248074 0.824930 0.244923 0.815359 0.239671 0.807890 0.236520 0.768908 0.225315 0.748133 0.222164 0.727124 0.222514 0.714052 0.226190 0.704949 0.230742 0.700514 0.233894 0.688609 0.247199 0.686275 0.250875 0.683473 0.258578 0.683940 0.271884 0.686975 0.285539
1 0.910831 0.316352 0.909897 0.323354 0.905229 0.332808 0.901494 0.336485 0.897526 0.338410 0.895892 0.341912 0.928338 0.357668 0.942110 0.368172 0.956583 0.380602 0.964286 0.375175 0.973389 0.370973 0.984127 0.367297 0.992297 0.366422 0.999767 0.362920 0.999767 0.312500 0.993931 0.311099 0.984360 0.306548 0.977358 0.304972 0.970588 0.301296 0.966853 0.300945 0.953548 0.297619 0.915266 0.293768 0.908964 0.294643 0.907563 0.296043 0.910598 0.305497 0.910831 0.316352
1 0.740663 0.339111 0.744631 0.340686 0.751867 0.340686 0.768908 0.347164 0.772642 0.349965 0.775910 0.350840 0.788749 0.359769 0.796218 0.368347 0.798553 0.371499 0.805089 0.387605 0.806022 0.401611 0.804855 0.407738 0.800887 0.418417 0.801587 0.421744 0.807190 0.424895 0.820962 0.429097 0.848739 0.434174 0.852474 0.433999 0.858777 0.435924 0.879552 0.438025 0.901027 0.438375 0.918301 0.436800 0.931139 0.433824 0.939776 0.429622 0.948413 0.422094 0.958683 0.404587 0.958450 0.390406 0.955415 0.383578 0.946779 0.372724 0.932540 0.361695 0.904528 0.345763 0.900560 0.346289 0.897526 0.342087 0.890523 0.341912 0.877218 0.337360 0.854342 0.333158 0.834967 0.334909 0.825163 0.332983 0.806956 0.331232 0.798319 0.330882 0.793417 0.331583 0.779412 0.329832 0.757470 0.331057 0.748133 0.333333 0.744164 0.334909 0.742530 0.336835 0.737162 0.338060 0.737628 0.339286 0.740663 0.339111
1 0.889589 0.511905 0.894958 0.514356 0.906162 0.522059 0.919234 0.534139 0.923669 0.539216 0.936508 0.556022 0.942577 0.571254 0.947479 0.576856 0.949580 0.580707 0.952381 0.582283 0.953081 0.584909 0.956349 0.585434 0.985528 0.567052 0.987628 0.567402 0.989496 0.564951 0.996265 0.560749 0.997899 0.558473 0.999767 0.558298 0.999767 0.414041 0.998133 0.414041 0.994631 0.411940 0.987395 0.411940 0.984127 0.411064 0.968721 0.413866 0.963585 0.415791 0.959851 0.415791 0.953081 0.419993 0.947712 0.425245 0.935107 0.433824 0.915266 0.452906 0.910831 0.458508 0.905462 0.470413 0.900794 0.473915 0.892390 0.486520 0.888189 0.494923 0.887488 0.499125 0.887722 0.508053 0.889589 0.511905
1 0.959851 0.390581 0.960784 0.395133 0.961018 0.404237 0.959384 0.408088 0.962418 0.409839 0.963352 0.411590 0.964753 0.409489 0.968487 0.407738 0.975023 0.408438 0.983193 0.406688 0.987395 0.406688 0.989729 0.406863 0.995098 0.409489 0.998133 0.412290 0.999767 0.412290 0.999767 0.363971 0.998133 0.363971 0.996265 0.365371 0.991363 0.366947 0.977591 0.369573 0.971755 0.372024 0.965686 0.374825 0.958917 0.379377 0.957049 0.382353 0.956816 0.383929 0.959851 0.390581
1 0.820962 0.498074 0.826447 0.498249 0.834967 0.501050 0.841970 0.501401 0.845005 0.500525 0.849907 0.500350 0.858310 0.501225 0.869981 0.505252 0.880252 0.507703 0.883520 0.507528 0.889356 0.489671 0.900327 0.471464 0.904995 0.466737 0.908497 0.459909 0.908730 0.456408 0.906629 0.453256 0.906396 0.442227 0.901261 0.439601 0.892390 0.439776 0.880252 0.438725 0.862745 0.438375 0.859010 0.438901 0.857610 0.440301 0.852708 0.442577 0.838702 0.446254 0.830532 0.452206 0.830065 0.463410 0.826797 0.475315 0.820028 0.485644 0.817227 0.487745 0.814426 0.491422 0.813492 0.494748 0.820962 0.498074
1 0.844538 0.507003 0.845472 0.508754 0.849440 0.509279 0.862512 0.513480 0.866947 0.515931 0.869514 0.519258 0.873249 0.519258 0.876517 0.522234 0.888655 0.527486 0.894958 0.533438 0.898693 0.540091 0.897993 0.546218 0.895425 0.553571 0.890056 0.560399 0.883287 0.565826 0.875117 0.571254 0.859477 0.579657 0.838936 0.586485 0.823763 0.588410 0.801354 0.590161 0.794351 0.591912 0.800187 0.598915 0.803922 0.601891 0.806956 0.606443 0.815359 0.610994 0.832633 0.625000 0.851307 0.634454 0.869748 0.641457 0.880252 0.644608 0.890990 0.646008 0.900794 0.646884 0.915500 0.646884 0.928805 0.645133 0.934874 0.642682 0.946545 0.639881 0.953315 0.634804 0.956583 0.633228 0.959384 0.629902 0.963585 0.620098 0.964286 0.613095 0.963585 0.606793 0.957049 0.594888 0.956349 0.591912 0.949113 0.582283 0.941877 0.570553 0.937208 0.559174 0.926237 0.543417 0.912698 0.529587 0.893791 0.515406 0.878852 0.508578 0.859244 0.502451 0.853175 0.501401 0.848739 0.501576 0.841737 0.504552 0.841737 0.505427 0.844538 0.507003
1 0.610411 0.473564 0.610411 0.481793 0.613212 0.492122 0.618114 0.498249 0.623716 0.500875 0.626751 0.500175 0.633987 0.489146 0.641223 0.484944 0.643091 0.482843 0.651261 0.477066 0.655696 0.474440 0.664566 0.470938 0.671802 0.470238 0.674370 0.470938 0.686041 0.470763 0.695612 0.471989 0.720822 0.471814 0.727824 0.473739 0.746499 0.476366 0.763305 0.479692 0.773109 0.483193 0.782680 0.485469 0.786415 0.487395 0.789916 0.487570 0.794118 0.488796 0.799720 0.491422 0.807190 0.493697 0.810691 0.494048 0.814659 0.491597 0.817694 0.488095 0.825864 0.475665 0.828431 0.468838 0.829832 0.458333 0.828665 0.449055 0.824463 0.439776 0.819094 0.431723 0.817694 0.430322 0.810924 0.427346 0.808123 0.426996 0.804155 0.424895 0.800187 0.424020 0.795518 0.425245 0.788982 0.432423 0.782213 0.436625 0.779879 0.439251 0.778945 0.439426 0.775910 0.437850 0.771242 0.440651 0.746965 0.448354 0.724090 0.450980 0.707750 0.450805 0.686041 0.448179 0.661298 0.442052 0.647292 0.437500 0.640523 0.437150 0.633287 0.442402 0.622549 0.452381 0.616713 0.460084 0.612512 0.470413 0.610411 0.473564
1 0.452614 0.443102 0.462185 0.447479 0.466620 0.450980 0.478291 0.455182 0.484594 0.459034 0.487628 0.459209 0.494865 0.461660 0.526844 0.469013 0.533380 0.471113 0.540149 0.471639 0.545985 0.473039 0.552988 0.473389 0.566993 0.475840 0.573529 0.475840 0.584500 0.478466 0.605275 0.474965 0.609244 0.473039 0.619281 0.454657 0.638422 0.435749 0.635621 0.433298 0.614146 0.422094 0.611111 0.416317 0.604342 0.408088 0.600840 0.400735 0.599673 0.393732 0.596405 0.390581 0.595238 0.389881 0.591970 0.390056 0.588469 0.389006 0.574697 0.387430 0.519141 0.390056 0.508870 0.393908 0.506769 0.395658 0.496732 0.399160 0.480859 0.402486 0.467787 0.407388 0.462185 0.411064 0.452381 0.419118 0.445845 0.429272 0.446312 0.435749 0.452614 0.443102
1 0.248599 0.549195 0.249533 0.551471 0.251634 0.552871 0.257470 0.551646 0.265873 0.552346 0.282913 0.551471 0.299953 0.553396 0.309991 0.556197 0.315826 0.555322 0.348273 0.540791 0.359477 0.530987 0.362278 0.527486 0.379785 0.512430 0.386788 0.505077 0.391690 0.495973 0.402194 0.474965 0.408964 0.459384 0.411765 0.450105 0.412932 0.432073 0.408730 0.421569 0.401494 0.416842 0.388889 0.410539 0.356909 0.405462 0.352241 0.405462 0.348039 0.406688 0.338235 0.412640 0.328431 0.416492 0.322362 0.419818 0.317460 0.423845 0.315359 0.427521 0.304622 0.439076 0.297152 0.449580 0.292951 0.453606 0.289916 0.459034 0.278711 0.473564 0.263772 0.505077 0.251401 0.528361 0.248833 0.535889 0.247899 0.543242 0.248599 0.549195
1 0.345705 0.567752 0.348739 0.571078 0.349206 0.573880 0.361811 0.579482 0.362745 0.581758 0.366246 0.583508 0.367880 0.579657 0.374650 0.572479 0.391923 0.560049 0.408030 0.553221 0.429272 0.546218 0.442344 0.542892 0.455415 0.540966 0.480392 0.541492 0.492063 0.540966 0.505135 0.541842 0.518908 0.543768 0.525444 0.542017 0.541783 0.528536 0.549486 0.518908 0.552754 0.509104 0.552521 0.500350 0.548086 0.491772 0.544351 0.486695 0.535247 0.479517 0.525910 0.474615 0.518908 0.471989 0.495098 0.469363 0.482960 0.469013 0.455415 0.472339 0.428105 0.480217 0.413632 0.487220 0.405462 0.492122 0.386088 0.508053 0.382353 0.512430 0.370448 0.521884 0.367647 0.525385 0.362045 0.529412 0.355742 0.535714 0.348739 0.545343 0.344538 0.553571 0.344071 0.564426 0.345705 0.567752
1 0.528711 0.545868 0.547852 0.551646 0.557656 0.555847 0.568394 0.561975 0.582866 0.573880 0.588469 0.582633 0.592904 0.593487 0.595472 0.609419 0.598973 0.608018 0.612278 0.597514 0.644024 0.581057 0.671569 0.572479 0.685808 0.571604 0.687442 0.571078 0.689076 0.567927 0.650327 0.546919 0.631186 0.532913 0.620915 0.515231 0.620215 0.510154 0.616713 0.508228 0.613679 0.508929 0.609477 0.507528 0.602241 0.507703 0.589402 0.509979 0.577031 0.511204 0.564893 0.514006 0.553922 0.517682 0.550187 0.519783 0.548086 0.523109 0.540383 0.530812 0.528945 0.539566 0.526144 0.543242 0.528711 0.545868
1 0.776844 0.653186 0.778011 0.653887 0.826331 0.659489 0.848506 0.666317 0.855742 0.670343 0.864146 0.673669 0.881886 0.684349 0.894725 0.694328 0.905462 0.706758 0.909197 0.713060 0.911531 0.719363 0.914566 0.721289 0.922969 0.719013 0.933240 0.714111 0.952148 0.699405 0.957516 0.693277 0.962652 0.682073 0.963585 0.671218 0.961251 0.660189 0.957983 0.653887 0.954248 0.650385 0.951914 0.646183 0.947479 0.642332 0.945612 0.641632 0.942577 0.641282 0.929038 0.645308 0.916433 0.646709 0.896825 0.646534 0.880719 0.644958 0.858077 0.637955 0.843371 0.631478 0.824463 0.620623 0.820261 0.619398 0.817694 0.619748 0.810691 0.623599 0.807190 0.624125 0.799136 0.626926 0.796685 0.626751 0.786415 0.630777 0.775910 0.644083 0.774977 0.647759 0.776844 0.653186
1 0.961951 0.627626 0.955649 0.634629 0.951681 0.637080 0.948413 0.640406 0.950280 0.644083 0.957283 0.652136 0.959851 0.656338 0.963352 0.658263 0.977124 0.649335 0.993464 0.646008 0.999767 0.645658 0.999767 0.621849 0.998133 0.621849 0.995098 0.618873 0.977824 0.611169 0.967087 0.608894 0.965686 0.610119 0.964052 0.621324 0.961951 0.627626
1 0.962418 0.684699 0.959384 0.692577 0.955882 0.697654 0.940476 0.709909 0.934641 0.716737 0.934874 0.724265 0.936741 0.730392 0.939309 0.732318 0.956349 0.736345 0.978525 0.742997 0.993231 0.748249 0.999767 0.749475 0.999767 0.646709 0.994631 0.646709 0.987862 0.648634 0.979925 0.648985 0.970355 0.654062 0.964753 0.658088 0.963119 0.660189 0.964753 0.674895 0.962418 0.684699
1 0.691877 0.702731 0.696312 0.706583 0.711018 0.716211 0.729692 0.730742 0.741830 0.744398 0.751634 0.758053 0.755135 0.761029 0.758637 0.761905 0.780345 0.762955 0.839169 0.758578 0.859477 0.756127 0.887722 0.748599 0.900794 0.743347 0.908030 0.737745 0.911298 0.731092 0.911765 0.724265 0.910831 0.720238 0.904762 0.706933 0.901494 0.702206 0.888189 0.688901 0.875817 0.681022 0.871382 0.679097 0.866013 0.675070 0.855742 0.670693 0.852007 0.668242 0.831466 0.661415 0.824930 0.660189 0.783147 0.655112 0.768908 0.654762 0.765406 0.655987 0.757003 0.663690 0.749300 0.669293 0.729458 0.680672 0.719888 0.685049 0.695612 0.692402 0.690009 0.695203 0.689542 0.699230 0.691877 0.702731
1 0.858077 0.773985 0.874416 0.787465 0.885154 0.800070 0.891457 0.808824 0.903828 0.833683 0.910364 0.838585 0.921335 0.839986 0.924603 0.839286 0.936041 0.839986 0.963119 0.835959 0.972923 0.833333 0.977358 0.830007 0.982026 0.828606 0.991830 0.823354 0.999767 0.820203 0.999767 0.751225 0.989496 0.748249 0.978291 0.743697 0.957049 0.737220 0.922035 0.730567 0.914799 0.730392 0.913399 0.731092 0.909897 0.736695 0.906396 0.740371 0.896592 0.746148 0.866246 0.755427 0.838702 0.759454 0.833333 0.761730 0.838469 0.765406 0.858077 0.773985
1 0.585434 0.741071 0.591270 0.746499 0.602941 0.754727 0.605976 0.758929 0.611111 0.763655 0.617880 0.772759 0.622549 0.783088 0.623483 0.790441 0.622082 0.796744 0.617647 0.806197 0.612745 0.811975 0.610644 0.819503 0.604342 0.828081 0.603641 0.833333 0.604108 0.838936 0.605976 0.845413 0.622782 0.880252 0.637255 0.891807 0.638422 0.893908 0.645892 0.901436 0.647292 0.904412 0.651027 0.903887 0.655696 0.906162 0.668768 0.916317 0.675070 0.919643 0.680439 0.922269 0.696078 0.927871 0.703315 0.928571 0.712885 0.925945 0.725957 0.918768 0.734127 0.911064 0.735061 0.886204 0.739029 0.862920 0.746032 0.844188 0.762605 0.814601 0.761438 0.786415 0.756536 0.771359 0.749066 0.756828 0.736228 0.739846 0.722222 0.726015 0.703548 0.712185 0.698179 0.709034 0.688842 0.705182 0.683473 0.702031 0.673436 0.698179 0.666433 0.697479 0.650560 0.697829 0.642390 0.699405 0.623249 0.701155 0.619281 0.702206 0.614846 0.705182 0.605742 0.708508 0.593137 0.716737 0.588469 0.723389 0.584967 0.733193 0.584500 0.738270 0.585434 0.741071
1 0.493464 0.681197 0.499533 0.692752 0.508637 0.702206 0.518674 0.711134 0.521475 0.712710 0.525910 0.712885 0.529412 0.714811 0.539683 0.716387 0.548086 0.715686 0.558590 0.713410 0.576564 0.704482 0.582400 0.702906 0.584734 0.699230 0.584734 0.696078 0.573763 0.686275 0.570495 0.681022 0.568161 0.669643 0.569094 0.654062 0.567460 0.650735 0.563959 0.650735 0.552288 0.656513 0.544585 0.658964 0.532913 0.661415 0.528011 0.663690 0.518908 0.665266 0.497899 0.665966 0.494631 0.666492 0.492297 0.667717 0.492063 0.672269 0.493464 0.681197
1 0.400560 0.730392 0.422269 0.740546 0.432073 0.737920 0.444211 0.733018 0.478291 0.722339 0.506769 0.719888 0.511671 0.716387 0.514472 0.709559 0.513072 0.706408 0.503968 0.698880 0.497899 0.692052 0.492530 0.684174 0.491130 0.680322 0.487628 0.681022 0.483427 0.679097 0.473389 0.671218 0.470355 0.671744 0.469421 0.673319 0.459384 0.681548 0.437208 0.697304 0.414332 0.709734 0.410364 0.712535 0.402894 0.715161 0.391690 0.720413 0.387488 0.723564 0.390289 0.727241 0.400560 0.730392
1 0.317927 0.702906 0.321195 0.707983 0.331466 0.716036 0.355742 0.724440 0.366480 0.725315 0.387021 0.723214 0.397759 0.716737 0.400794 0.716036 0.418768 0.707458 0.437208 0.696604 0.450747 0.687325 0.461018 0.679272 0.471289 0.669468 0.471989 0.667892 0.470822 0.664916 0.459851 0.662815 0.456583 0.661239 0.449346 0.659489 0.424837 0.649160 0.401261 0.636204 0.389589 0.630602 0.383520 0.625525 0.373950 0.621499 0.373016 0.620098 0.366246 0.620273 0.355042 0.628852 0.349673 0.635679 0.341737 0.641982 0.327965 0.646709 0.321895 0.651085 0.317694 0.661064 0.313959 0.675420 0.314192 0.692752 0.317927 0.702906
1 0.163399 0.322304 0.158964 0.335434 0.157096 0.346113 0.155462 0.348915 0.156396 0.352416 0.160364 0.353817 0.183007 0.357843 0.198179 0.362395 0.213585 0.368172 0.215920 0.367997 0.217087 0.367122 0.218021 0.363971 0.218721 0.355742 0.221289 0.349615 0.225957 0.344013 0.231326 0.339811 0.238095 0.336660 0.246265 0.334209 0.257703 0.333158 0.265173 0.331583 0.269141 0.331583 0.272409 0.330357 0.275910 0.330357 0.278245 0.328081 0.274276 0.325280 0.271008 0.321254 0.263772 0.316176 0.255369 0.306022 0.253268 0.297969 0.253268 0.292892 0.256069 0.285714 0.260971 0.278361 0.272409 0.270658 0.275910 0.269783 0.278945 0.267682 0.283613 0.266106 0.286415 0.262080 0.283380 0.257878 0.271242 0.251576 0.263305 0.249825 0.256069 0.249125 0.239262 0.249125 0.227824 0.251225 0.210317 0.256303 0.190710 0.269083 0.188842 0.272059 0.185574 0.274685 0.177171 0.284489 0.170168 0.290091 0.167834 0.293417 0.165966 0.299370 0.165500 0.309115 0.163399 0.322304
1 0.254902 0.303746 0.258637 0.310049 0.265173 0.316352 0.279412 0.326681 0.285714 0.330007 0.292951 0.332808 0.310224 0.337010 0.313959 0.338585 0.321195 0.338235 0.327264 0.335784 0.343838 0.331583 0.355509 0.327731 0.359477 0.327556 0.376284 0.324405 0.382820 0.322304 0.403595 0.319853 0.415966 0.317577 0.417600 0.316352 0.420168 0.311450 0.420635 0.306723 0.419468 0.297794 0.415966 0.290966 0.408497 0.282038 0.402428 0.278011 0.387722 0.271183 0.362512 0.262955 0.352241 0.260679 0.317460 0.260154 0.309757 0.261730 0.296685 0.262955 0.289683 0.264706 0.278945 0.268557 0.270308 0.272584 0.260738 0.279237 0.256069 0.286064 0.253968 0.292192 0.253735 0.297444 0.254902 0.303746
1 0.177871 0.234244 0.186508 0.242822 0.188375 0.246324 0.190009 0.251401 0.189076 0.254727 0.189542 0.258578 0.192344 0.264181 0.196078 0.264006 0.200047 0.262430 0.208450 0.256828 0.214052 0.254552 0.233427 0.249300 0.240896 0.248249 0.255135 0.248424 0.267740 0.249650 0.277778 0.253151 0.282913 0.256303 0.286415 0.257178 0.292951 0.248775 0.295518 0.238445 0.295051 0.231443 0.293651 0.227066 0.291083 0.222514 0.286648 0.220588 0.276611 0.221464 0.268207 0.223389 0.245098 0.226190 0.229458 0.225490 0.207049 0.223389 0.195845 0.223564 0.183240 0.227591 0.178571 0.230392 0.177871 0.230917 0.177871 0.234244
1 0.014472 0.230742 0.018908 0.236695 0.022876 0.234944 0.028011 0.226541 0.037582 0.218137 0.054155 0.208158 0.064192 0.205007 0.071429 0.203606 0.084734 0.201331 0.105742 0.202031 0.123950 0.205357 0.138189 0.209734 0.144491 0.212185 0.147526 0.214286 0.151027 0.214286 0.151727 0.212885 0.151727 0.209734 0.148693 0.205357 0.143791 0.199580 0.137488 0.194153 0.132820 0.192577 0.115780 0.183473 0.109244 0.180847 0.098273 0.178046 0.084967 0.172094 0.068161 0.169993 0.056956 0.171043 0.045752 0.173669 0.040149 0.175770 0.030345 0.181022 0.018674 0.189076 0.014239 0.195028 0.013072 0.199230 0.010738 0.202906 0.010271 0.205882 0.010504 0.220588 0.014472 0.230742
1 0.462185 0.313901 0.463352 0.314951 0.466387 0.315826 0.491363 0.318452 0.502101 0.321254 0.516807 0.326681 0.527311 0.334209 0.536415 0.337885 0.543651 0.338761 0.550420 0.332108 0.553688 0.330882 0.555089 0.328431 0.554622 0.324580 0.549253 0.315126 0.545985 0.303746 0.547152 0.295518 0.550420 0.286064 0.556489 0.276261 0.562792 0.269083 0.563259 0.265581 0.559991 0.263305 0.547852 0.258228 0.536415 0.255252 0.522176 0.255077 0.510971 0.256653 0.505135 0.258228 0.494164 0.262080 0.487162 0.265581 0.472689 0.275385 0.469421 0.278711 0.465920 0.284489 0.462185 0.293242 0.461018 0.299720 0.460784 0.306723 0.462185 0.313901
1 0.221289 0.373074 0.223856 0.374125 0.235761 0.368522 0.246032 0.364671 0.261438 0.362220 0.268674 0.361520 0.275910 0.361870 0.288282 0.364146 0.296685 0.366947 0.299020 0.364671 0.300887 0.356618 0.303221 0.351891 0.312092 0.341912 0.308590 0.338235 0.297152 0.334734 0.286181 0.332458 0.268908 0.332108 0.248833 0.334384 0.240430 0.336660 0.231092 0.340336 0.226190 0.344188 0.222222 0.348389 0.220355 0.351716 0.218487 0.359069 0.219188 0.369748 0.221289 0.373074
1 0.033613 0.397409 0.034314 0.404937 0.038749 0.412640 0.042717 0.415441 0.063259 0.421919 0.078665 0.425420 0.080999 0.426821 0.088469 0.428046 0.105509 0.433123 0.119048 0.436099 0.139589 0.438901 0.160598 0.438901 0.165033 0.438200 0.167834 0.435924 0.181373 0.413340 0.190009 0.401786 0.206116 0.386380 0.214986 0.380077 0.217554 0.376401 0.213119 0.370098 0.209617 0.367822 0.198646 0.363095 0.182540 0.358718 0.157563 0.354517 0.139356 0.353641 0.137021 0.352591 0.122782 0.353641 0.113445 0.355217 0.109244 0.355042 0.096172 0.357318 0.078665 0.362045 0.074697 0.365721 0.071195 0.366071 0.064659 0.368347 0.060458 0.372374 0.055789 0.374650 0.043184 0.383578 0.040383 0.387255 0.035948 0.390581 0.035481 0.394433 0.033613 0.397409
1 0.018207 0.424545 0.021942 0.432598 0.029879 0.442927 0.037348 0.449580 0.041783 0.453081 0.057190 0.460784 0.060691 0.457633 0.064659 0.446954 0.070261 0.437675 0.077498 0.428746 0.077264 0.426821 0.075864 0.425420 0.050187 0.418592 0.043417 0.414566 0.039683 0.414216 0.036648 0.410889 0.034080 0.404937 0.035014 0.396534 0.037115 0.390756 0.041317 0.385329 0.056723 0.373775 0.063259 0.370448 0.067694 0.369573 0.070261 0.367122 0.074463 0.365721 0.075397 0.364146 0.078665 0.362045 0.081466 0.361870 0.088936 0.359244 0.091737 0.355742 0.084500 0.352241 0.067694 0.348564 0.054855 0.347864 0.047852 0.348564 0.043184 0.349965 0.033380 0.356968 0.028011 0.363095 0.018441 0.380252 0.016340 0.392507 0.016573 0.414916 0.018207 0.424545
1 0.060458 0.491246 0.063492 0.499475 0.070028 0.512605 0.074230 0.517857 0.088469 0.528711 0.094538 0.529762 0.103641 0.529762 0.113679 0.528186 0.120448 0.522934 0.126050 0.520133 0.129318 0.516982 0.151261 0.507703 0.155462 0.505077 0.155696 0.501401 0.158497 0.494748 0.155229 0.491597 0.150794 0.489496 0.148226 0.484419 0.147292 0.476716 0.150794 0.464286 0.160598 0.446078 0.160364 0.441001 0.158030 0.439776 0.146359 0.440126 0.139823 0.439601 0.116480 0.436099 0.098039 0.430847 0.081232 0.427346 0.076797 0.430147 0.069795 0.438901 0.066527 0.444678 0.064192 0.449580 0.062092 0.457458 0.059057 0.463410 0.058357 0.470063 0.058824 0.483894 0.060458 0.491246
1 0.073763 0.347164 0.077965 0.350490 0.084267 0.351891 0.094771 0.356443 0.114379 0.353466 0.133053 0.351891 0.135854 0.349615 0.137488 0.345238 0.141223 0.342087 0.140523 0.339111 0.135854 0.339811 0.121615 0.339811 0.112045 0.338410 0.102708 0.335784 0.082866 0.327381 0.071195 0.324055 0.066993 0.324580 0.066993 0.328957 0.073763 0.347164
1 0.068861 0.591737 0.070495 0.595938 0.071895 0.599090 0.075630 0.603641 0.080999 0.606968 0.096172 0.610819 0.100840 0.612920 0.102474 0.616246 0.105275 0.616772 0.134220 0.612395 0.137488 0.612920 0.140056 0.612220 0.143091 0.606793 0.147526 0.604692 0.149627 0.602766 0.154295 0.595063 0.173903 0.580182 0.181839 0.575980 0.224090 0.559874 0.234827 0.557248 0.245098 0.553746 0.246265 0.550945 0.245798 0.545063 0.246499 0.539566 0.250467 0.525910 0.253735 0.519433 0.252334 0.516282 0.250467 0.513831 0.235294 0.503151 0.227358 0.499300 0.217087 0.499475 0.206816 0.501401 0.175303 0.501225 0.154762 0.506828 0.134921 0.514881 0.127062 0.520075 0.119748 0.523810 0.116713 0.526611 0.108310 0.529412 0.103641 0.534839 0.091970 0.541842 0.074463 0.566001 0.069561 0.578256 0.068161 0.586310 0.068861 0.591737
1 0.413866 0.436975 0.412698 0.449580 0.406396 0.466912 0.404062 0.480742 0.411531 0.485994 0.431839 0.478291 0.459851 0.470413 0.462418 0.456583 0.464519 0.452556 0.462652 0.449230 0.460551 0.447654 0.451914 0.443277 0.446545 0.437500 0.444678 0.433824 0.444678 0.428571 0.449813 0.421744 0.452848 0.415091 0.450514 0.412815 0.443044 0.410539 0.428571 0.410714 0.411531 0.412115 0.405929 0.414741 0.412465 0.428046 0.413866 0.436975
1 0.040850 0.307073 0.056022 0.317927 0.060691 0.319678 0.067694 0.323880 0.084967 0.328431 0.092904 0.332633 0.105742 0.337185 0.123016 0.340861 0.137488 0.339286 0.157563 0.332458 0.162698 0.321078 0.164332 0.313550 0.165266 0.296569 0.164099 0.294293 0.161531 0.292367 0.157796 0.292542 0.142157 0.296744 0.134921 0.297794 0.113212 0.297444 0.098973 0.295518 0.091970 0.292717 0.077965 0.289041 0.059991 0.277311 0.053688 0.271008 0.048086 0.268207 0.043884 0.266982 0.042951 0.266982 0.037582 0.271709 0.034080 0.279937 0.033380 0.290091 0.040850 0.307073
0 0.570495 0.679272 0.578898 0.689601 0.584967 0.694153 0.591503 0.696779 0.605742 0.698880 0.626751 0.699405 0.636088 0.697829 0.640523 0.698354 0.650560 0.696779 0.668534 0.696254 0.677638 0.695203 0.686741 0.693627 0.706349 0.688200 0.727358 0.680322 0.731793 0.676996 0.742063 0.672794 0.767507 0.653186 0.776377 0.640406 0.777311 0.637605 0.779645 0.635679 0.784781 0.623424 0.785481 0.619748 0.785014 0.604867 0.781279 0.591912 0.778478 0.589986 0.761905 0.585784 0.752101 0.585084 0.730626 0.581583 0.692577 0.570028 0.689309 0.570553 0.684174 0.572654 0.672035 0.573004 0.650794 0.578782 0.640289 0.582983 0.612745 0.597339 0.598273 0.609069 0.595705 0.612570 0.592437 0.623775 0.588235 0.631828 0.581933 0.639181 0.577965 0.640581 0.575630 0.644608 0.570962 0.647934 0.569094 0.654412 0.568394 0.669118 0.570495 0.679272
1 0.050654 0.748074 0.053688 0.751576 0.067694 0.756653 0.081466 0.758053 0.096405 0.757878 0.105742 0.756127 0.112512 0.755952 0.119514 0.752451 0.130252 0.749300 0.155229 0.735994 0.167600 0.728641 0.180439 0.718137 0.192577 0.704132 0.207516 0.681022 0.209617 0.672269 0.210784 0.660539 0.207283 0.657388 0.182073 0.650210 0.169935 0.644958 0.158730 0.637605 0.153128 0.631127 0.151027 0.626225 0.149627 0.625525 0.143557 0.624650 0.130486 0.626751 0.119748 0.629552 0.098506 0.639006 0.091970 0.642857 0.080299 0.652311 0.066527 0.666842 0.057423 0.682248 0.054622 0.692752 0.051120 0.701155 0.047152 0.716562 0.046685 0.738095 0.050654 0.748074
1 0.000000 0.679797 0.002101 0.680147 0.013072 0.696254 0.022409 0.706057 0.029879 0.711835 0.033847 0.713936 0.040383 0.716211 0.045285 0.716562 0.046685 0.716036 0.047619 0.713761 0.056022 0.684524 0.066760 0.664916 0.080065 0.651085 0.094304 0.641106 0.098117 0.638772 0.102474 0.637955 0.111811 0.632528 0.119048 0.630077 0.124416 0.626576 0.115780 0.622199 0.102007 0.618522 0.094071 0.617297 0.080999 0.618172 0.074697 0.619573 0.067460 0.619223 0.057190 0.621148 0.053688 0.623249 0.036648 0.629377 0.022642 0.636905 0.011671 0.644433 0.004202 0.651085 0.001867 0.655287 0.000000 0.655462 0.000000 0.679797
1 0.181606 0.757003 0.187675 0.763655 0.195845 0.767332 0.202848 0.767507 0.206816 0.766106 0.209851 0.767157 0.213352 0.767157 0.217087 0.763305 0.219655 0.757003 0.223156 0.751401 0.227591 0.747024 0.233660 0.742822 0.244631 0.738620 0.257470 0.735119 0.276611 0.731618 0.279412 0.730567 0.300887 0.727241 0.303922 0.725315 0.309290 0.719363 0.316060 0.714986 0.318861 0.710259 0.318394 0.706583 0.313725 0.694853 0.313025 0.689513 0.313025 0.674545 0.315359 0.664916 0.319328 0.654762 0.318627 0.652661 0.313959 0.651436 0.283380 0.656513 0.257236 0.658789 0.234127 0.659139 0.229925 0.660889 0.222222 0.667717 0.210551 0.680847 0.189542 0.710084 0.183240 0.721113 0.180205 0.730392 0.179272 0.737395 0.179272 0.751576 0.181606 0.757003
1 0.216153 0.781688 0.221989 0.792542 0.230859 0.803922 0.235294 0.807948 0.243931 0.813550 0.250000 0.818627 0.255369 0.821254 0.258403 0.824230 0.261438 0.824755 0.269141 0.827381 0.272642 0.829307 0.286415 0.833508 0.313959 0.837885 0.318161 0.837710 0.334967 0.839986 0.352708 0.839811 0.355509 0.838410 0.348506 0.830882 0.342670 0.820378 0.340803 0.814601 0.340336 0.806898 0.343371 0.796744 0.350373 0.788340 0.365313 0.774860 0.383520 0.762605 0.386555 0.759454 0.394491 0.756127 0.397759 0.752626 0.400794 0.752101 0.410131 0.746849 0.416433 0.744748 0.417834 0.741246 0.412232 0.736870 0.400794 0.731443 0.394725 0.729342 0.385154 0.727241 0.376284 0.726716 0.364146 0.727766 0.355275 0.726366 0.341737 0.722864 0.310458 0.726366 0.304388 0.728116 0.255135 0.736520 0.233894 0.743522 0.224090 0.751401 0.215920 0.766982 0.215453 0.776611 0.216153 0.781688
1 0.390756 0.727066 0.394725 0.727941 0.414332 0.736345 0.421802 0.740721 0.432306 0.737920 0.446545 0.732318 0.478758 0.722164 0.507003 0.719713 0.511905 0.716036 0.514706 0.709559 0.513539 0.706583 0.503268 0.698004 0.498133 0.692402 0.492530 0.684174 0.491130 0.679797 0.488796 0.680322 0.482960 0.678571 0.480159 0.676646 0.478525 0.674370 0.473623 0.671218 0.470355 0.671919 0.469188 0.674020 0.460551 0.680847 0.430672 0.700980 0.409664 0.712710 0.399627 0.716562 0.390289 0.721289 0.387722 0.723915 0.390756 0.727066
1 0.119048 0.763305 0.122316 0.765406 0.130252 0.766106 0.143791 0.769258 0.159664 0.774510 0.166433 0.777661 0.173903 0.782038 0.182306 0.789916 0.186041 0.790266 0.193666 0.789216 0.202848 0.791141 0.207516 0.787990 0.213119 0.779062 0.213819 0.772234 0.213352 0.770133 0.212185 0.769258 0.210084 0.768032 0.198413 0.768032 0.192577 0.766982 0.187208 0.763130 0.180439 0.755077 0.179038 0.749125 0.179272 0.738620 0.180672 0.730042 0.183473 0.720588 0.182306 0.718487 0.178805 0.719713 0.173436 0.725140 0.168301 0.728992 0.164566 0.730392 0.145658 0.742297 0.116947 0.755252 0.114846 0.757878 0.114613 0.758578 0.119048 0.763305
1 0.034781 0.779237 0.042484 0.796394 0.046685 0.801821 0.050187 0.799020 0.052054 0.793067 0.055789 0.787815 0.063492 0.781338 0.076097 0.773459 0.091737 0.767857 0.105042 0.765931 0.116480 0.765406 0.117180 0.763305 0.116480 0.761029 0.112512 0.757703 0.110411 0.757178 0.092437 0.758929 0.080065 0.758403 0.067460 0.757353 0.056022 0.753676 0.049486 0.748424 0.046919 0.742122 0.043417 0.736870 0.039916 0.740546 0.037582 0.744748 0.033380 0.758578 0.033147 0.772409 0.034781 0.779237
1 0.000000 0.909664 0.002334 0.913515 0.003268 0.918242 0.007703 0.926996 0.011671 0.932598 0.017974 0.939251 0.026611 0.946604 0.035247 0.951155 0.043184 0.956933 0.049486 0.960434 0.053688 0.962185 0.060458 0.962710 0.067227 0.960434 0.088002 0.949580 0.104575 0.936625 0.109477 0.931898 0.111111 0.928221 0.112278 0.918067 0.115313 0.904762 0.124883 0.883578 0.130952 0.873424 0.134687 0.862920 0.134220 0.860294 0.133520 0.858368 0.131419 0.857143 0.126517 0.856268 0.123716 0.857493 0.119281 0.857318 0.105509 0.855217 0.097339 0.853466 0.080299 0.847164 0.073763 0.842437 0.069094 0.840161 0.059290 0.832108 0.055789 0.828081 0.053221 0.823179 0.050187 0.820553 0.045051 0.823004 0.034547 0.830707 0.018207 0.848739 0.006769 0.869223 0.003968 0.875525 0.003035 0.880077 0.002101 0.896534 0.000000 0.898634 0.000000 0.909664
1 0.115079 0.942927 0.121849 0.949580 0.133520 0.957283 0.147292 0.960609 0.154995 0.961134 0.178571 0.958158 0.195612 0.946954 0.209851 0.940301 0.221755 0.935749 0.235528 0.926821 0.239963 0.921744 0.236928 0.905637 0.237162 0.885854 0.240663 0.873775 0.246499 0.859069 0.253968 0.848739 0.257937 0.841562 0.263539 0.835084 0.263072 0.833508 0.261204 0.832458 0.257937 0.831933 0.251634 0.833859 0.244865 0.834909 0.231793 0.835084 0.219888 0.832633 0.216853 0.831583 0.210317 0.826681 0.206116 0.821254 0.200747 0.816176 0.199580 0.813901 0.196078 0.811275 0.192110 0.811450 0.190710 0.813025 0.190243 0.817402 0.185107 0.831232 0.179505 0.837710 0.170635 0.844713 0.161998 0.849440 0.150794 0.853291 0.147059 0.853291 0.140289 0.856268 0.117880 0.900735 0.113445 0.917542 0.112045 0.934874 0.115079 0.942927
1 0.237395 0.904937 0.239029 0.912640 0.243231 0.921744 0.248366 0.927171 0.250233 0.930497 0.258637 0.936450 0.271942 0.941527 0.276377 0.941877 0.285481 0.943978 0.290383 0.943452 0.296919 0.944678 0.300420 0.944503 0.346172 0.932248 0.365780 0.922619 0.373249 0.916667 0.384454 0.903536 0.389589 0.894433 0.392624 0.876926 0.391223 0.863796 0.389122 0.859944 0.387255 0.858368 0.378385 0.854167 0.359010 0.841912 0.355976 0.840861 0.335434 0.840861 0.325163 0.839461 0.313959 0.838936 0.279178 0.831758 0.272176 0.830882 0.267507 0.833683 0.263072 0.838936 0.260037 0.841036 0.249300 0.855567 0.244631 0.864146 0.240196 0.876926 0.237862 0.886905 0.237162 0.890581 0.237395 0.904937
1 0.400093 0.957808 0.404062 0.964811 0.414799 0.972164 0.417834 0.971814 0.429272 0.963936 0.438609 0.955182 0.454949 0.942577 0.457283 0.939076 0.461718 0.935924 0.468721 0.927871 0.481092 0.918067 0.501167 0.898985 0.516106 0.889531 0.523810 0.886029 0.530579 0.883228 0.543417 0.879902 0.546919 0.879727 0.552988 0.876576 0.556256 0.866597 0.556956 0.858018 0.558590 0.852416 0.557890 0.848915 0.552988 0.847514 0.501167 0.861870 0.480859 0.864846 0.428338 0.866422 0.421335 0.865896 0.408030 0.863095 0.404295 0.862920 0.402661 0.865546 0.401961 0.869223 0.401494 0.888480 0.399627 0.910539 0.400093 0.914916 0.398459 0.918242 0.397292 0.926821 0.397292 0.943277 0.400093 0.957808
1 0.283847 0.963410 0.285014 0.964811 0.297152 0.971113 0.300654 0.972164 0.306956 0.977416 0.312092 0.980567 0.319795 0.988620 0.327498 0.999825 0.399160 0.999825 0.399160 0.998249 0.404762 0.991071 0.408964 0.983368 0.413399 0.977416 0.413632 0.973915 0.411765 0.972689 0.410831 0.970588 0.403128 0.964986 0.398693 0.956933 0.396359 0.946429 0.395892 0.933824 0.394258 0.925245 0.389589 0.924895 0.387255 0.923845 0.376284 0.923845 0.372549 0.922969 0.366480 0.924370 0.346872 0.932773 0.331232 0.937500 0.307656 0.943452 0.292717 0.952031 0.285014 0.958158 0.283847 0.959909 0.283847 0.963410
1 0.143557 0.999825 0.211018 0.999825 0.219655 0.986695 0.223156 0.983018 0.233427 0.975140 0.244631 0.969188 0.262838 0.963410 0.264239 0.960084 0.264006 0.957108 0.259104 0.948880 0.255135 0.944503 0.240896 0.937850 0.236228 0.936800 0.226424 0.936800 0.220355 0.937675 0.207983 0.941702 0.189309 0.950805 0.176704 0.960084 0.163165 0.973214 0.145425 0.994748 0.143557 0.998074 0.143557 0.999825
1 0.142390 0.999825 0.153361 0.983193 0.158730 0.977766 0.162698 0.972339 0.172035 0.963410 0.171569 0.961835 0.169701 0.960784 0.166667 0.960434 0.147059 0.961134 0.134921 0.958158 0.121849 0.950980 0.117180 0.946254 0.112745 0.943978 0.109944 0.948880 0.105976 0.952731 0.101541 0.959734 0.098506 0.966737 0.094071 0.980742 0.092670 0.988095 0.090103 0.994398 0.089869 0.999825 0.142390 0.999825
1 0.051821 0.983543 0.056956 0.995798 0.059290 0.998249 0.059290 0.999825 0.088002 0.999825 0.096639 0.970763 0.099907 0.962535 0.104342 0.954482 0.112979 0.942927 0.111811 0.938901 0.109244 0.935224 0.105742 0.936099 0.100607 0.940826 0.086835 0.950980 0.074463 0.957633 0.060924 0.963060 0.052054 0.963235 0.050420 0.964461 0.049953 0.970588 0.051821 0.983543
1 0.325864 0.999825 0.323996 0.994748 0.315359 0.984069 0.311158 0.979867 0.300187 0.972164 0.283380 0.965686 0.272876 0.963761 0.258637 0.965161 0.244865 0.969713 0.238562 0.972514 0.225957 0.980742 0.213819 0.994573 0.212418 0.999825 0.325864 0.999825
1 0.607843 0.999825 0.614146 0.989321 0.625584 0.966912 0.635854 0.932948 0.635854 0.918067 0.628151 0.903536 0.613445 0.892507 0.611111 0.889881 0.603875 0.885329 0.594771 0.882003 0.584967 0.880077 0.573529 0.878676 0.555556 0.879202 0.532680 0.883403 0.519841 0.888305 0.508637 0.894608 0.495798 0.904412 0.486695 0.914391 0.472456 0.925420 0.457049 0.941001 0.441643 0.953431 0.433940 0.960959 0.425770 0.966912 0.423669 0.969888 0.418067 0.974265 0.411531 0.981968 0.408263 0.987745 0.408263 0.991246 0.403361 0.994923 0.402194 0.999825 0.607843 0.999825
1 0.618581 0.983193 0.609477 0.998249 0.609477 0.999825 0.729925 0.999825 0.725957 0.980917 0.722689 0.971989 0.722222 0.963410 0.718954 0.952731 0.713352 0.939426 0.705649 0.931548 0.700747 0.929622 0.692810 0.928396 0.683007 0.925070 0.674370 0.923319 0.661064 0.924720 0.657796 0.925770 0.647526 0.927171 0.640523 0.930147 0.638655 0.931723 0.637021 0.935049 0.631419 0.956232 0.618581 0.983193
1 0.203081 0.816877 0.208450 0.824405 0.212652 0.828606 0.220121 0.832108 0.233427 0.834909 0.244865 0.834384 0.255135 0.831583 0.265406 0.830707 0.267507 0.828081 0.265406 0.826155 0.263305 0.825805 0.256303 0.822479 0.232260 0.805147 0.225257 0.797444 0.219888 0.790266 0.216853 0.783613 0.213819 0.780987 0.205182 0.792192 0.201447 0.799020 0.200280 0.803571 0.200280 0.811099 0.203081 0.816877
1 0.961951 0.600140 0.962418 0.602416 0.967087 0.608718 0.985294 0.613971 0.993697 0.617822 0.998133 0.620973 0.999767 0.620973 0.999767 0.567752 0.998133 0.567752 0.994865 0.569328 0.993231 0.571779 0.987628 0.575980 0.984127 0.577556 0.976891 0.582633 0.957983 0.591387 0.958917 0.595588 0.961951 0.600140
1 0.564426 0.362395 0.566527 0.366947 0.570261 0.370973 0.587535 0.381303 0.596872 0.384804 0.598739 0.387080 0.601541 0.379377 0.602474 0.366772 0.605042 0.354867 0.611578 0.344013 0.619048 0.334909 0.616013 0.333508 0.609010 0.332983 0.598039 0.336485 0.584500 0.338585 0.581232 0.340511 0.578665 0.343662 0.569094 0.350840 0.565126 0.355742 0.563959 0.359069 0.564426 0.362395
1 0.535481 0.352416 0.536415 0.358368 0.536181 0.366422 0.534314 0.372549 0.531279 0.377626 0.524510 0.383228 0.522876 0.387255 0.526144 0.388831 0.533380 0.389881 0.538982 0.388831 0.563025 0.387780 0.567227 0.386905 0.585901 0.387080 0.588702 0.383578 0.587068 0.383053 0.581466 0.376576 0.576797 0.375350 0.570028 0.370798 0.566993 0.367122 0.565126 0.363095 0.565126 0.355917 0.563492 0.352416 0.555322 0.347164 0.542951 0.341211 0.533147 0.338060 0.529412 0.337535 0.528711 0.338235 0.533613 0.345588 0.535481 0.352416
1 0.908730 0.851190 0.909197 0.861345 0.911298 0.869573 0.911064 0.878676 0.912698 0.884279 0.913165 0.895483 0.909430 0.921744 0.906396 0.935224 0.902428 0.946078 0.902428 0.949755 0.904295 0.951506 0.913632 0.952731 0.923203 0.952731 0.934874 0.951506 0.945378 0.948354 0.955649 0.943803 0.965686 0.936975 0.973156 0.929972 0.978758 0.923494 0.983427 0.914741 0.985994 0.911590 0.987162 0.901261 0.983894 0.893908 0.981559 0.882878 0.979225 0.876576 0.971989 0.867472 0.959617 0.858018 0.952148 0.853992 0.928338 0.843487 0.911998 0.839286 0.908030 0.839636 0.906396 0.841912 0.906396 0.845588 0.908730 0.851190
1 0.971989 0.866246 0.980159 0.877276 0.984127 0.890231 0.989262 0.898985 0.987862 0.904237 0.988095 0.914741 0.998133 0.924545 0.999767 0.924545 0.999767 0.823880 0.998133 0.823880 0.996499 0.826331 0.987395 0.833508 0.978992 0.842962 0.975724 0.848739 0.971989 0.862395 0.971989 0.866246
1 0.885621 0.976716 0.872316 0.991597 0.867880 0.994748 0.867180 0.996324 0.863679 0.998249 0.863679 0.999825 0.999767 0.999825 0.999767 0.988445 0.997666 0.988095 0.984360 0.979167 0.980392 0.977941 0.956349 0.966387 0.922035 0.955007 0.911064 0.954132 0.907796 0.952731 0.900794 0.953431 0.894725 0.963761 0.885621 0.976716
1 0.063025 0.616246 0.068627 0.618697 0.072362 0.619048 0.093137 0.616422 0.096639 0.612920 0.091036 0.609419 0.082400 0.608193 0.076564 0.604692 0.069561 0.595588 0.067694 0.589811 0.064192 0.595238 0.060691 0.604517 0.060458 0.609244 0.063025 0.616246
1 0.288749 0.081232 0.289216 0.088060 0.294351 0.089286 0.296452 0.091912 0.297152 0.095588 0.294585 0.098915 0.296452 0.099615 0.303688 0.099790 0.309524 0.098739 0.312558 0.095413 0.313725 0.088585 0.310691 0.072654 0.289683 0.075105 0.287348 0.076506 0.287115 0.078256 0.288749 0.081232
1 0.135387 0.348564 0.135854 0.352591 0.140056 0.353291 0.154295 0.353641 0.155696 0.352066 0.156629 0.344188 0.158964 0.337535 0.158497 0.332983 0.157796 0.332458 0.147526 0.335434 0.138189 0.342262 0.137722 0.345238 0.135387 0.348564