0 0.313259 0.571078 0.316060 0.584909 0.317694 0.587710 0.319328 0.595238 0.324930 0.603466 0.327965 0.610119 0.330532 0.612745 0.336368 0.623950 0.355742 0.651261 0.368581 0.661415 0.374416 0.671744 0.383520 0.683473 0.398693 0.696078 0.411531 0.705007 0.423903 0.711835 0.434874 0.715686 0.446078 0.721289 0.453081 0.723739 0.466853 0.726891 0.472222 0.727066 0.492997 0.730917 0.529178 0.740896 0.537115 0.740546 0.543884 0.741071 0.548553 0.740021 0.553688 0.739846 0.557423 0.738095 0.567927 0.736169 0.581933 0.730392 0.592670 0.722864 0.596405 0.718312 0.602241 0.706408 0.607610 0.682248 0.607610 0.674545 0.605275 0.658263 0.601541 0.648985 0.598273 0.633578 0.594071 0.619748 0.588469 0.609244 0.587768 0.606092 0.574230 0.588410 0.565826 0.573354 0.556723 0.561450 0.550654 0.551646 0.536181 0.538165 0.533847 0.534839 0.503968 0.512780 0.485528 0.503676 0.469421 0.499125 0.454482 0.492472 0.438609 0.487570 0.418301 0.484244 0.414566 0.484594 0.411531 0.483894 0.390056 0.484944 0.378385 0.486695 0.361811 0.492297 0.344538 0.502101 0.327031 0.523459 0.318627 0.540266 0.314893 0.550245 0.313025 0.558824 0.312558 0.565826 0.313259 0.571078
0 0.225257 0.317402 0.230159 0.331232 0.238796 0.345413 0.244631 0.352941 0.251634 0.359594 0.263772 0.367647 0.279178 0.375350 0.286181 0.376751 0.296685 0.377451 0.307423 0.376401 0.312558 0.374825 0.322129 0.368873 0.330999 0.361345 0.345238 0.343838 0.357376 0.322304 0.366713 0.310049 0.375584 0.296569 0.383053 0.282388 0.384921 0.276261 0.386088 0.266632 0.385854 0.240721 0.381653 0.227241 0.374183 0.216036 0.366013 0.208859 0.360411 0.206758 0.352941 0.205882 0.348506 0.204482 0.337535 0.198880 0.332866 0.197654 0.326097 0.196954 0.317227 0.197304 0.306022 0.199405 0.296685 0.202906 0.292017 0.205707 0.261905 0.230917 0.246499 0.244573 0.240896 0.251225 0.235528 0.258578 0.228992 0.272409 0.224323 0.296043 0.224090 0.308123 0.225257 0.317402
0 0.088469 0.668943 0.096639 0.693452 0.103175 0.700805 0.108777 0.709909 0.115546 0.716211 0.121382 0.723915 0.139823 0.741772 0.151494 0.750875 0.163165 0.757703 0.170635 0.763831 0.176237 0.766982 0.190943 0.772584 0.198880 0.776611 0.206816 0.778361 0.214286 0.778011 0.217320 0.778536 0.220121 0.781688 0.223623 0.782913 0.227591 0.782913 0.231092 0.780462 0.234594 0.779412 0.237628 0.783088 0.241363 0.783964 0.242997 0.782913 0.244164 0.780462 0.251167 0.778361 0.258870 0.777311 0.276377 0.771008 0.295285 0.759804 0.301120 0.755427 0.321195 0.736695 0.332400 0.721639 0.335901 0.714111 0.340570 0.706758 0.341036 0.703081 0.343371 0.699055 0.351774 0.668943 0.352941 0.654412 0.350373 0.647584 0.334734 0.625700 0.318161 0.596639 0.296452 0.584734 0.281979 0.577906 0.262138 0.571604 0.251167 0.568978 0.242063 0.567927 0.224790 0.567052 0.195845 0.567402 0.176471 0.569153 0.165500 0.571954 0.140056 0.580882 0.133754 0.584034 0.121382 0.592087 0.105742 0.605567 0.095472 0.619748 0.092204 0.626050 0.088002 0.639531 0.086835 0.646534 0.086601 0.652836 0.088469 0.668943
0 0.316293 0.834734 0.333800 0.858543 0.341970 0.865371 0.348973 0.870098 0.369748 0.879727 0.390523 0.883403 0.417134 0.886204 0.422035 0.887430 0.432073 0.888480 0.461485 0.887605 0.480859 0.885854 0.487162 0.884629 0.491363 0.885154 0.494631 0.883053 0.498366 0.883754 0.506536 0.880602 0.519141 0.879377 0.525677 0.877276 0.528711 0.875000 0.533847 0.873249 0.535014 0.871849 0.546685 0.868697 0.550420 0.865021 0.559524 0.859069 0.575630 0.841912 0.579132 0.832808 0.581232 0.821779 0.581466 0.807248 0.580299 0.800420 0.575163 0.786765 0.566993 0.772584 0.554155 0.758403 0.546218 0.752626 0.530579 0.743347 0.522642 0.741422 0.505135 0.735469 0.484360 0.730742 0.467787 0.728291 0.459851 0.727941 0.436275 0.729167 0.425070 0.727766 0.419234 0.730567 0.407796 0.733543 0.394024 0.741071 0.386321 0.744048 0.352708 0.765231 0.348273 0.769083 0.341270 0.772234 0.331699 0.779412 0.324230 0.786590 0.314192 0.799195 0.311858 0.806022 0.311158 0.817577 0.316293 0.834734
0 0.785714 0.713585 0.800187 0.741772 0.801821 0.742997 0.806956 0.752276 0.809757 0.755252 0.813959 0.762430 0.823296 0.772934 0.849673 0.794818 0.854809 0.797969 0.861811 0.801471 0.866480 0.802871 0.869981 0.805147 0.894024 0.807598 0.901261 0.806723 0.906396 0.805322 0.914566 0.801120 0.926004 0.790791 0.938609 0.773284 0.956349 0.763130 0.963819 0.757003 0.971289 0.749125 0.976190 0.736870 0.978992 0.724265 0.978525 0.712185 0.971755 0.681898 0.967787 0.669118 0.955182 0.640581 0.943978 0.623074 0.936275 0.616246 0.924603 0.608193 0.922035 0.605217 0.914799 0.600140 0.907796 0.597164 0.893791 0.592962 0.884220 0.590511 0.876984 0.589461 0.861811 0.589286 0.845472 0.590686 0.834267 0.593312 0.830532 0.595413 0.823529 0.596989 0.814192 0.602241 0.808824 0.605917 0.799253 0.615721 0.793184 0.625175 0.781979 0.651961 0.779178 0.671744 0.779412 0.693102 0.785714 0.713585
0 0.502801 0.354867 0.511438 0.391982 0.513539 0.396709 0.521942 0.407913 0.535247 0.422794 0.547152 0.427871 0.556022 0.430147 0.571429 0.430672 0.577731 0.428746 0.588235 0.427696 0.595472 0.425945 0.601307 0.423669 0.611811 0.415091 0.617880 0.405637 0.622782 0.394783 0.624650 0.387605 0.626751 0.371849 0.627218 0.348564 0.624183 0.332458 0.620915 0.322129 0.618347 0.317927 0.617414 0.312850 0.600373 0.272234 0.596172 0.265231 0.590336 0.257878 0.583333 0.251225 0.574230 0.245448 0.564426 0.242122 0.554388 0.240371 0.546452 0.240021 0.536415 0.241597 0.529412 0.243522 0.515173 0.251751 0.508170 0.261204 0.500467 0.279237 0.498833 0.294818 0.498833 0.322479 0.502801 0.354867
0 0.482260 0.157738 0.494631 0.172969 0.498133 0.175070 0.501167 0.178571 0.509104 0.185049 0.512605 0.186450 0.518908 0.191001 0.523810 0.192577 0.527778 0.196078 0.532913 0.198880 0.539683 0.201856 0.543417 0.202381 0.557423 0.207108 0.563259 0.208333 0.599206 0.208859 0.609944 0.205707 0.616947 0.201856 0.623016 0.200805 0.633287 0.196429 0.640756 0.191352 0.645892 0.185749 0.653128 0.180147 0.655462 0.175070 0.658030 0.171919 0.666667 0.152136 0.666900 0.143732 0.662932 0.128676 0.659197 0.119223 0.654062 0.110644 0.640990 0.097339 0.623249 0.084384 0.602241 0.077206 0.588469 0.075105 0.565593 0.075630 0.549953 0.076856 0.542951 0.078081 0.523343 0.084734 0.511204 0.090511 0.497199 0.101716 0.490196 0.108894 0.484360 0.119398 0.481092 0.130077 0.480392 0.135504 0.480159 0.142857 0.482260 0.157738
0 0.172269 0.064426 0.181373 0.083158 0.185107 0.088761 0.190943 0.095063 0.212185 0.113796 0.261671 0.138480 0.275677 0.148810 0.283147 0.151961 0.289216 0.153011 0.304155 0.158438 0.331466 0.163866 0.338469 0.163515 0.362745 0.146183 0.380252 0.139706 0.399160 0.137080 0.401494 0.136204 0.403361 0.134279 0.404295 0.129027 0.401961 0.118873 0.392857 0.098564 0.383987 0.084209 0.364379 0.059699 0.351541 0.046744 0.338469 0.037465 0.303688 0.022584 0.261905 0.017682 0.237628 0.018382 0.210084 0.025560 0.199813 0.029412 0.195923 0.033205 0.190710 0.035714 0.182540 0.041492 0.178805 0.046218 0.176004 0.047794 0.173203 0.051120 0.171802 0.057073 0.172269 0.064426
0 0.782213 0.312500 0.785247 0.318627 0.792484 0.328606 0.800187 0.336835 0.821195 0.352416 0.839402 0.362745 0.869748 0.373775 0.880486 0.376050 0.922269 0.379027 0.949346 0.374300 0.963819 0.370623 0.974790 0.366772 0.982960 0.361695 0.991830 0.352241 0.994164 0.348214 0.994865 0.341211 0.996032 0.340686 0.997666 0.337535 0.999767 0.337185 0.999767 0.288165 0.997899 0.287990 0.995331 0.284314 0.980626 0.272059 0.968721 0.265406 0.962885 0.263305 0.954248 0.258754 0.938842 0.253326 0.920168 0.248424 0.909664 0.247024 0.899393 0.244748 0.880019 0.242647 0.867180 0.244048 0.851541 0.244748 0.828431 0.249650 0.815593 0.255077 0.805322 0.262255 0.799720 0.264181 0.792017 0.270658 0.785247 0.279587 0.780112 0.293067 0.779645 0.304972 0.782213 0.312500
0 0.604809 0.276085 0.605742 0.280462 0.607610 0.282913 0.611578 0.295868 0.619048 0.310749 0.630019 0.321779 0.645191 0.329482 0.654295 0.332983 0.664566 0.335084 0.668534 0.335259 0.675303 0.337885 0.682073 0.339111 0.695845 0.340161 0.711018 0.340161 0.723623 0.338410 0.741363 0.333508 0.745565 0.331583 0.762138 0.319503 0.768207 0.310749 0.770075 0.304097 0.769141 0.286239 0.766573 0.278887 0.762138 0.272584 0.751867 0.262430 0.744164 0.256828 0.734594 0.251751 0.714286 0.244048 0.685808 0.239321 0.660831 0.239321 0.647059 0.240371 0.633754 0.244398 0.617647 0.251751 0.609244 0.257003 0.605742 0.262080 0.604809 0.268382 0.604809 0.276085
0 0.378385 0.414216 0.391690 0.442402 0.395425 0.446779 0.397292 0.450455 0.400093 0.452906 0.404528 0.460609 0.411765 0.467262 0.416200 0.473739 0.430205 0.484594 0.433240 0.485819 0.448646 0.489146 0.468487 0.497374 0.485294 0.502626 0.505135 0.511029 0.525910 0.509454 0.530345 0.507353 0.546919 0.503151 0.553688 0.500175 0.555322 0.498775 0.562092 0.490896 0.564893 0.485644 0.565359 0.481618 0.563959 0.474090 0.557656 0.459909 0.536881 0.432248 0.525677 0.414041 0.512372 0.397234 0.501634 0.388130 0.489029 0.379727 0.484827 0.376050 0.470588 0.369223 0.452614 0.362045 0.425070 0.360469 0.407796 0.362570 0.404762 0.365371 0.399393 0.367997 0.393791 0.375350 0.390523 0.376751 0.387021 0.377276 0.383520 0.380427 0.378852 0.388130 0.377218 0.396709 0.376984 0.407913 0.378385 0.414216
0 0.156863 0.401611 0.161531 0.414041 0.164099 0.419118 0.180672 0.440476 0.186897 0.444970 0.196078 0.453256 0.211485 0.463761 0.220121 0.467612 0.223856 0.470413 0.258637 0.486345 0.268674 0.488270 0.276377 0.491071 0.301120 0.495623 0.313959 0.499475 0.327498 0.501050 0.341970 0.501050 0.345938 0.499825 0.355976 0.493697 0.363445 0.490196 0.380019 0.485119 0.387255 0.484419 0.394491 0.482493 0.399160 0.476366 0.402661 0.473739 0.403595 0.471289 0.403828 0.464461 0.402894 0.460784 0.397059 0.453081 0.386321 0.435924 0.381419 0.425245 0.374416 0.405112 0.358310 0.393908 0.351774 0.391106 0.324697 0.381828 0.313959 0.379027 0.310691 0.378501 0.293184 0.378676 0.271475 0.375525 0.264939 0.373424 0.258637 0.372374 0.255135 0.371148 0.246965 0.365196 0.241363 0.363445 0.237395 0.360819 0.233660 0.359419 0.228758 0.355392 0.223389 0.353466 0.220355 0.351541 0.206816 0.347689 0.200747 0.346814 0.189076 0.347689 0.185574 0.348739 0.178805 0.352766 0.174837 0.353992 0.168301 0.360294 0.159664 0.372549 0.155929 0.385329 0.155462 0.390756 0.156863 0.401611
1 0.769841 0.000000 0.769841 0.001576 0.760504 0.006653 0.741830 0.021884 0.734594 0.030812 0.728992 0.036239 0.724556 0.046744 0.722689 0.057248 0.721989 0.064426 0.722923 0.070203 0.725957 0.081583 0.730626 0.088410 0.744631 0.100315 0.751634 0.103817 0.760037 0.105567 0.771709 0.112045 0.780812 0.116071 0.803221 0.120448 0.812092 0.121499 0.855742 0.123775 0.862745 0.123424 0.900560 0.117472 0.921335 0.110819 0.963352 0.092962 0.971755 0.088060 0.977591 0.083508 0.989029 0.070728 0.999767 0.053046 0.999767 0.000000 0.769841 0.000000
1 0.674136 0.237570 0.675303 0.238270 0.693044 0.239496 0.696545 0.240721 0.714286 0.243347 0.733894 0.250700 0.745798 0.257178 0.758170 0.267857 0.767507 0.279412 0.770075 0.286239 0.772409 0.299370 0.772409 0.304797 0.775677 0.305322 0.776144 0.304797 0.777077 0.300770 0.776611 0.296569 0.779412 0.291141 0.781979 0.283088 0.788282 0.273634 0.796919 0.265581 0.816527 0.253501 0.835201 0.246674 0.844538 0.244748 0.846639 0.242297 0.843137 0.223739 0.839402 0.216036 0.832633 0.203431 0.814426 0.178922 0.803455 0.161415 0.790383 0.145658 0.779412 0.137955 0.773810 0.137080 0.768441 0.134804 0.757470 0.133578 0.744631 0.134804 0.722456 0.141106 0.717087 0.143032 0.710784 0.146884 0.701447 0.153711 0.693044 0.161415 0.689309 0.168943 0.684174 0.175245 0.674136 0.191001 0.671802 0.196429 0.670401 0.205882 0.670635 0.220763 0.674136 0.237570
1 0.583333 0.057248 0.585201 0.061099 0.586835 0.068627 0.588469 0.071429 0.591970 0.074755 0.595472 0.074580 0.602241 0.075980 0.622316 0.083158 0.629785 0.087360 0.638189 0.093312 0.656162 0.111169 0.659430 0.116246 0.668301 0.143032 0.670401 0.144958 0.675537 0.146008 0.682073 0.150735 0.689776 0.152486 0.699580 0.152836 0.717554 0.141632 0.744164 0.133754 0.751167 0.132528 0.761204 0.132178 0.775910 0.135854 0.782913 0.136730 0.790149 0.131828 0.795051 0.126926 0.797386 0.123424 0.796919 0.121849 0.795285 0.120623 0.791083 0.118873 0.781979 0.116772 0.768441 0.111345 0.765406 0.109069 0.758170 0.105567 0.744631 0.100665 0.735994 0.094538 0.727124 0.084559 0.723156 0.074580 0.721755 0.067752 0.721989 0.053922 0.725023 0.043768 0.724556 0.040441 0.722222 0.037815 0.720121 0.036415 0.717087 0.036415 0.691176 0.026261 0.685341 0.022059 0.675070 0.016282 0.671569 0.013305 0.665033 0.011204 0.661298 0.009279 0.658730 0.006828 0.648693 0.003852 0.631886 0.002451 0.623016 0.003852 0.614613 0.007878 0.604809 0.014356 0.600140 0.019083 0.595238 0.022584 0.591737 0.028011 0.584267 0.044118 0.582400 0.050245 0.583333 0.057248
1 0.503035 0.053221 0.509570 0.067577 0.514472 0.074930 0.522176 0.083683 0.543184 0.077381 0.555556 0.075805 0.585201 0.074230 0.587302 0.071429 0.583800 0.056022 0.584034 0.046394 0.585901 0.039741 0.593838 0.024860 0.604575 0.014356 0.612278 0.008403 0.614146 0.005077 0.608777 0.004552 0.585201 0.005952 0.549626 0.010418 0.534646 0.012052 0.521942 0.018732 0.510971 0.028887 0.505836 0.035889 0.502568 0.043592 0.502101 0.048669 0.503035 0.053221
1 0.387488 0.086310 0.394725 0.098039 0.397292 0.103817 0.401261 0.109769 0.404528 0.120273 0.407796 0.124650 0.414566 0.126926 0.418301 0.130952 0.421802 0.129552 0.424136 0.131478 0.428571 0.132878 0.432073 0.135504 0.436508 0.136730 0.440243 0.139706 0.451214 0.144958 0.469421 0.152486 0.476891 0.155112 0.478525 0.154937 0.480392 0.151436 0.478291 0.141632 0.479225 0.133578 0.482026 0.122199 0.486928 0.111520 0.496499 0.100665 0.505602 0.092787 0.519608 0.084909 0.518908 0.081583 0.510738 0.071604 0.502101 0.053571 0.501167 0.046744 0.501867 0.040266 0.503968 0.035714 0.503035 0.032038 0.500700 0.029412 0.498133 0.028361 0.432306 0.028711 0.413399 0.031338 0.405929 0.034489 0.399860 0.036064 0.392857 0.039566 0.387021 0.039916 0.377684 0.050420 0.376050 0.053922 0.375350 0.059524 0.375817 0.071254 0.387488 0.086310
1 0.561625 0.237920 0.562792 0.240021 0.563959 0.241071 0.573763 0.244398 0.578665 0.248074 0.583100 0.249825 0.590336 0.256303 0.598739 0.266982 0.602241 0.267332 0.607610 0.257703 0.610644 0.254902 0.613912 0.252626 0.632353 0.244223 0.646825 0.239321 0.657096 0.237920 0.668534 0.237920 0.671569 0.236520 0.672736 0.234069 0.671102 0.230217 0.669001 0.219188 0.668768 0.205602 0.669701 0.197829 0.677404 0.183648 0.687208 0.169293 0.690243 0.160714 0.690243 0.157563 0.685574 0.153711 0.675070 0.150910 0.670635 0.151261 0.667834 0.153711 0.666433 0.157913 0.661298 0.163866 0.658730 0.171919 0.653128 0.180672 0.646825 0.185574 0.639823 0.192927 0.625350 0.201506 0.619514 0.202556 0.598973 0.209559 0.591737 0.210084 0.566760 0.209384 0.564426 0.210084 0.563025 0.212885 0.561625 0.223039 0.561625 0.237920
1 0.336134 0.182948 0.339869 0.196078 0.341970 0.198004 0.347339 0.200805 0.361111 0.204132 0.372316 0.211660 0.378852 0.218838 0.385387 0.231092 0.389356 0.250175 0.397292 0.253501 0.400560 0.253501 0.416433 0.258053 0.422269 0.260154 0.425303 0.262080 0.428805 0.262605 0.433940 0.264531 0.464052 0.278711 0.469888 0.280287 0.477591 0.280637 0.480392 0.279937 0.484827 0.280287 0.491363 0.279412 0.498133 0.277136 0.507003 0.261029 0.514239 0.250700 0.521475 0.245973 0.530812 0.241246 0.532680 0.238445 0.531279 0.222339 0.528711 0.217087 0.527778 0.212885 0.520542 0.199580 0.518674 0.194503 0.513072 0.189076 0.500000 0.179797 0.487628 0.167192 0.484127 0.161765 0.480626 0.158438 0.471989 0.154412 0.436741 0.140581 0.429272 0.139006 0.414799 0.137955 0.403128 0.138305 0.386555 0.140406 0.369981 0.144783 0.363445 0.147409 0.352474 0.154762 0.345472 0.161415 0.341503 0.166842 0.337302 0.175245 0.335901 0.178746 0.336134 0.182948
1 0.626517 0.387955 0.623950 0.397234 0.625117 0.401085 0.629318 0.405987 0.640289 0.415616 0.656162 0.427171 0.667834 0.436800 0.680906 0.443627 0.689076 0.451331 0.692577 0.452731 0.700047 0.451856 0.709617 0.450455 0.718487 0.447479 0.738329 0.446429 0.763305 0.442577 0.768674 0.441176 0.775910 0.440826 0.779412 0.439251 0.783147 0.439426 0.784781 0.438550 0.787815 0.438550 0.789916 0.440126 0.792484 0.438375 0.795518 0.440826 0.798086 0.441176 0.803922 0.440476 0.806022 0.438901 0.809991 0.438375 0.821895 0.438375 0.832633 0.441001 0.845472 0.448529 0.848973 0.451506 0.859477 0.462710 0.865546 0.475490 0.868347 0.479342 0.873483 0.479342 0.881886 0.474265 0.887255 0.468312 0.892390 0.460084 0.895191 0.450455 0.904762 0.435749 0.905696 0.432248 0.904995 0.418417 0.898693 0.406338 0.887722 0.392332 0.876284 0.383053 0.871849 0.377801 0.866713 0.374650 0.862979 0.373424 0.859244 0.371148 0.855976 0.370623 0.840336 0.364496 0.830299 0.359419 0.824463 0.355217 0.814192 0.349440 0.803688 0.341211 0.791783 0.333508 0.762372 0.322479 0.755135 0.326155 0.748599 0.331408 0.743231 0.333508 0.724556 0.339111 0.711718 0.340686 0.693978 0.340511 0.689776 0.339636 0.678805 0.339111 0.675070 0.337535 0.671802 0.337535 0.649860 0.331933 0.643557 0.328957 0.637021 0.327381 0.629318 0.328081 0.627218 0.331408 0.629552 0.360119 0.626517 0.387955
1 0.841970 0.565476 0.854809 0.575105 0.873249 0.586485 0.893324 0.591036 0.902661 0.594013 0.914799 0.599265 0.921102 0.600840 0.929038 0.601366 0.942344 0.604517 0.946779 0.603992 0.956349 0.605917 0.963352 0.606092 0.970355 0.608368 0.974323 0.608368 0.981326 0.611169 0.994865 0.610994 0.999767 0.609594 0.999767 0.484769 0.985061 0.482143 0.969188 0.481618 0.935808 0.484944 0.921569 0.487745 0.911298 0.490721 0.873249 0.504377 0.865780 0.508578 0.850840 0.533088 0.841970 0.540791 0.834034 0.550245 0.833800 0.553746 0.841970 0.565476
0 0.553922 0.553746 0.558357 0.561275 0.567694 0.573704 0.571195 0.581583 0.575864 0.586134 0.581232 0.595238 0.587068 0.599965 0.588469 0.602591 0.591970 0.602766 0.598506 0.605042 0.609244 0.606268 0.640523 0.608193 0.654528 0.607843 0.673669 0.605392 0.692810 0.605217 0.709851 0.602416 0.727591 0.597689 0.751634 0.590686 0.761204 0.586835 0.771942 0.584034 0.791783 0.575805 0.804388 0.569503 0.820728 0.559349 0.838469 0.544293 0.841503 0.539916 0.849206 0.532913 0.857843 0.519958 0.863912 0.508929 0.866246 0.494748 0.866480 0.483718 0.863912 0.477416 0.863445 0.473739 0.860411 0.466912 0.856676 0.461310 0.847572 0.451856 0.838469 0.445203 0.831466 0.441702 0.824697 0.439776 0.816293 0.439426 0.806723 0.440126 0.803688 0.438550 0.802288 0.439251 0.802754 0.442402 0.799253 0.442752 0.793184 0.441527 0.789683 0.438901 0.788049 0.440476 0.785948 0.441001 0.783380 0.440126 0.780112 0.440301 0.732026 0.448179 0.727124 0.448354 0.711251 0.451856 0.658030 0.459559 0.633520 0.465161 0.619048 0.470763 0.609244 0.473389 0.581466 0.484769 0.570728 0.490546 0.557656 0.499125 0.554155 0.502101 0.539916 0.520133 0.537348 0.526261 0.536415 0.536415 0.553922 0.553746
1 0.645892 0.640581 0.653361 0.651611 0.657796 0.656162 0.661998 0.658964 0.663632 0.661239 0.673436 0.667017 0.686041 0.672969 0.697012 0.675245 0.713119 0.676120 0.720355 0.675770 0.728058 0.674370 0.748366 0.668592 0.766340 0.659839 0.778245 0.652661 0.786415 0.637430 0.792250 0.623249 0.795985 0.617122 0.810224 0.602416 0.810458 0.595063 0.809524 0.591912 0.803922 0.584734 0.796685 0.581232 0.789683 0.578957 0.748133 0.592787 0.706816 0.603992 0.697712 0.605567 0.675770 0.607493 0.645658 0.608894 0.642390 0.609769 0.640523 0.612745 0.640523 0.626751 0.645892 0.640581
1 0.551587 0.755077 0.561158 0.763305 0.569094 0.772934 0.577031 0.787815 0.579599 0.793592 0.582866 0.805147 0.584967 0.808473 0.588702 0.810749 0.590103 0.812500 0.605275 0.821429 0.615079 0.824055 0.633053 0.827206 0.696078 0.831408 0.703315 0.832458 0.718487 0.832808 0.746032 0.830007 0.750934 0.829832 0.755135 0.830707 0.769374 0.826506 0.775910 0.825630 0.790383 0.818627 0.800887 0.811275 0.804388 0.807773 0.811625 0.798144 0.817694 0.785539 0.819328 0.779937 0.819328 0.772234 0.817927 0.769083 0.802754 0.749300 0.789916 0.724965 0.787115 0.721113 0.782680 0.710084 0.778245 0.703957 0.776844 0.702906 0.755135 0.695203 0.737628 0.688025 0.733894 0.687850 0.727124 0.685049 0.718254 0.683999 0.713585 0.682248 0.706583 0.681548 0.701447 0.679797 0.694444 0.679097 0.691877 0.678221 0.689076 0.678046 0.686741 0.678922 0.660364 0.679097 0.650560 0.679972 0.637021 0.682248 0.630952 0.684874 0.615780 0.688901 0.611578 0.691001 0.607143 0.695378 0.602474 0.710259 0.593371 0.724440 0.588235 0.728291 0.579599 0.732668 0.563725 0.738971 0.555089 0.741246 0.552754 0.742647 0.551821 0.744223 0.550420 0.748074 0.551587 0.755077
1 0.809757 0.883578 0.812325 0.887430 0.831699 0.903711 0.840103 0.907913 0.848973 0.911064 0.858543 0.912290 0.862512 0.913690 0.873016 0.914216 0.884454 0.913866 0.896825 0.911940 0.905229 0.911940 0.915033 0.910889 0.936275 0.905637 0.948413 0.901261 0.972923 0.890581 0.979225 0.885679 0.984360 0.883228 0.995331 0.876225 0.998133 0.872724 0.999767 0.872724 0.999767 0.806548 0.997899 0.806548 0.994865 0.804972 0.991130 0.801646 0.976657 0.797444 0.970121 0.794643 0.961951 0.793067 0.949346 0.792542 0.925770 0.793768 0.913632 0.802696 0.908497 0.805147 0.897759 0.808473 0.872782 0.806898 0.859477 0.813025 0.820728 0.842437 0.813725 0.848739 0.806956 0.863796 0.807190 0.876751 0.809757 0.883578
1 0.548786 0.990196 0.557656 0.996849 0.560691 0.998249 0.560691 0.999825 0.740196 0.999825 0.768908 0.986695 0.773109 0.983894 0.777077 0.982318 0.785014 0.976541 0.794351 0.972339 0.800187 0.966737 0.805556 0.965511 0.814192 0.958333 0.824697 0.951155 0.846872 0.930497 0.858310 0.918067 0.858543 0.914916 0.857843 0.914391 0.837535 0.908088 0.828431 0.903011 0.823296 0.897584 0.813259 0.890581 0.806956 0.880077 0.806022 0.866071 0.806956 0.859944 0.810458 0.852241 0.814192 0.845588 0.823063 0.839111 0.828665 0.832983 0.831699 0.831408 0.832633 0.828081 0.828198 0.824405 0.825163 0.823354 0.818394 0.819153 0.803455 0.814076 0.796452 0.816527 0.781279 0.824580 0.768908 0.827556 0.765406 0.829307 0.758637 0.830182 0.755135 0.830007 0.748366 0.831232 0.714286 0.833683 0.706583 0.833683 0.694444 0.832108 0.673203 0.830707 0.661298 0.830707 0.656629 0.832633 0.653361 0.835259 0.635154 0.846113 0.627801 0.851978 0.621382 0.855917 0.618347 0.859244 0.618114 0.866246 0.620915 0.868873 0.629785 0.885329 0.631419 0.897934 0.630486 0.907913 0.628151 0.915091 0.625350 0.921744 0.616246 0.935399 0.609944 0.942577 0.605509 0.946078 0.585668 0.956583 0.576097 0.960084 0.557656 0.970938 0.549486 0.973915 0.544351 0.977416 0.542484 0.980042 0.542951 0.982143 0.548786 0.990196
1 0.391457 0.963761 0.395191 0.977416 0.397526 0.981443 0.400327 0.984244 0.414799 0.992297 0.435107 0.999825 0.474323 0.999825 0.474323 0.998249 0.477358 0.997199 0.487395 0.995623 0.493931 0.993522 0.501867 0.992997 0.503968 0.991422 0.510504 0.989496 0.521008 0.984069 0.524043 0.983018 0.529412 0.983193 0.535948 0.979167 0.540149 0.978641 0.544351 0.975665 0.553688 0.971989 0.558357 0.968662 0.567927 0.964636 0.581699 0.955532 0.591270 0.951155 0.595472 0.950105 0.598973 0.947829 0.602241 0.947129 0.609244 0.941001 0.616246 0.933648 0.623950 0.922269 0.629552 0.907913 0.629552 0.890581 0.627451 0.883403 0.623950 0.875875 0.614379 0.864321 0.611811 0.859069 0.606676 0.854167 0.596172 0.846989 0.581466 0.841737 0.577498 0.843137 0.574230 0.845588 0.560458 0.860294 0.549253 0.869748 0.545051 0.871324 0.540616 0.872024 0.531513 0.875875 0.511204 0.882703 0.501167 0.885504 0.491130 0.886555 0.487395 0.886204 0.483388 0.887430 0.477358 0.887430 0.470588 0.889006 0.440243 0.888831 0.433940 0.890756 0.418301 0.905112 0.404295 0.921394 0.401494 0.925245 0.400560 0.928221 0.396592 0.933298 0.392857 0.945903 0.390990 0.956408 0.391457 0.963761
1 0.082866 0.186450 0.085901 0.191702 0.092204 0.199755 0.105042 0.211134 0.122082 0.223915 0.130019 0.228291 0.133520 0.226015 0.139356 0.216737 0.146592 0.208158 0.152428 0.202731 0.165266 0.192927 0.173669 0.187850 0.187675 0.180847 0.200980 0.177521 0.210084 0.174370 0.221989 0.174370 0.230859 0.175245 0.251867 0.182073 0.269841 0.196954 0.276144 0.205707 0.279412 0.212535 0.285948 0.209034 0.294818 0.202206 0.306956 0.197654 0.316293 0.196078 0.319561 0.193102 0.317460 0.188550 0.313259 0.183824 0.286181 0.159489 0.281979 0.154762 0.272409 0.148634 0.261671 0.140056 0.250934 0.134979 0.248133 0.132703 0.237862 0.128501 0.230859 0.124650 0.223623 0.122024 0.209851 0.117822 0.185808 0.112570 0.168301 0.110994 0.143091 0.111870 0.137021 0.112570 0.129318 0.114496 0.119748 0.117122 0.110878 0.120623 0.090336 0.130777 0.086601 0.136905 0.083567 0.139881 0.080532 0.145658 0.078431 0.150910 0.077264 0.157213 0.077498 0.168768 0.082866 0.186450
1 0.130486 0.318102 0.140056 0.341737 0.147292 0.354517 0.156863 0.368347 0.158030 0.369223 0.161298 0.368873 0.166433 0.361520 0.174136 0.354167 0.181139 0.350140 0.192110 0.346289 0.199813 0.346113 0.207049 0.346989 0.220355 0.351190 0.228525 0.354692 0.241363 0.362220 0.244631 0.363270 0.249066 0.362745 0.249767 0.359069 0.239729 0.347514 0.233427 0.338410 0.227124 0.324405 0.223856 0.310399 0.223856 0.295518 0.227358 0.276085 0.230392 0.267682 0.236695 0.255952 0.250467 0.239671 0.262372 0.230042 0.266106 0.225840 0.276144 0.219013 0.277778 0.216562 0.278011 0.213235 0.273343 0.202906 0.265873 0.194153 0.255369 0.187675 0.248599 0.181723 0.241130 0.178571 0.228291 0.175245 0.218021 0.174720 0.206583 0.175945 0.196779 0.179272 0.188842 0.180847 0.180205 0.184874 0.178571 0.186275 0.175070 0.187325 0.164799 0.194153 0.153128 0.203256 0.151494 0.206057 0.143791 0.213060 0.139356 0.220588 0.136788 0.222514 0.134921 0.226541 0.131419 0.230392 0.130019 0.233894 0.127918 0.247899 0.126517 0.251050 0.125350 0.267332 0.125817 0.289566 0.130486 0.318102
1 0.000000 0.332983 0.001401 0.332983 0.013072 0.342262 0.019608 0.346464 0.024977 0.348739 0.062092 0.349790 0.076564 0.352766 0.087535 0.356793 0.096872 0.361870 0.102941 0.367647 0.111111 0.371324 0.115546 0.374475 0.118347 0.380952 0.120215 0.383754 0.123016 0.385679 0.133053 0.386905 0.139356 0.386204 0.151261 0.386555 0.154528 0.381303 0.156863 0.369573 0.154295 0.367297 0.148459 0.358543 0.136321 0.335784 0.130252 0.321254 0.125117 0.294293 0.124183 0.271884 0.122082 0.268732 0.101541 0.258228 0.084267 0.251225 0.062558 0.247549 0.034314 0.241071 0.021242 0.240546 0.008637 0.242297 0.000000 0.244923 0.000000 0.332983
1 0.000000 0.535539 0.005135 0.535364 0.019608 0.529762 0.027311 0.525910 0.046452 0.515231 0.068161 0.498074 0.082400 0.483718 0.102941 0.458508 0.119048 0.432248 0.124416 0.419643 0.126050 0.411765 0.125584 0.400735 0.122316 0.390581 0.115780 0.382528 0.105042 0.372199 0.103408 0.369573 0.096405 0.362920 0.088235 0.357843 0.071429 0.352241 0.053688 0.349790 0.038282 0.349615 0.022642 0.350490 0.018908 0.352241 0.014006 0.352416 0.003735 0.354692 0.000000 0.356268 0.000000 0.535539
1 0.053455 0.537990 0.059057 0.546569 0.067460 0.555322 0.077731 0.561275 0.084734 0.564251 0.098273 0.568452 0.116246 0.570553 0.132586 0.569853 0.152194 0.566352 0.161531 0.563375 0.168301 0.563200 0.185107 0.557948 0.193511 0.554097 0.213585 0.542367 0.223856 0.534664 0.228058 0.527486 0.231559 0.524685 0.242764 0.519083 0.251867 0.505077 0.256769 0.487745 0.253035 0.484069 0.231793 0.475490 0.211018 0.464811 0.194444 0.453256 0.182073 0.442577 0.178805 0.441176 0.175070 0.440826 0.154528 0.442752 0.141457 0.445728 0.122782 0.452381 0.112979 0.458158 0.105742 0.460784 0.103408 0.462360 0.098739 0.466387 0.090336 0.477241 0.076097 0.492647 0.056723 0.508754 0.053922 0.512255 0.049720 0.515581 0.049720 0.525910 0.053455 0.537990
1 0.228525 0.553221 0.238095 0.565651 0.244398 0.567402 0.257470 0.569328 0.268674 0.572654 0.288515 0.579832 0.306956 0.589461 0.311625 0.590861 0.314192 0.592787 0.316993 0.591912 0.316760 0.587885 0.313492 0.579832 0.311625 0.571779 0.311158 0.562500 0.315593 0.544818 0.318861 0.536765 0.324930 0.526261 0.325163 0.522584 0.324463 0.522059 0.317460 0.519958 0.303922 0.517857 0.283147 0.516106 0.275444 0.515931 0.248133 0.518908 0.245331 0.520658 0.240430 0.522059 0.228525 0.528536 0.227358 0.529937 0.225724 0.537640 0.226657 0.547619 0.228525 0.553221
1 0.555089 0.452906 0.556956 0.456583 0.559290 0.457983 0.563259 0.466912 0.566293 0.476891 0.567694 0.488620 0.573063 0.487745 0.582400 0.482843 0.598739 0.476891 0.643557 0.461835 0.651494 0.459909 0.652894 0.456933 0.647759 0.449230 0.637021 0.439776 0.629785 0.435399 0.621615 0.431548 0.612512 0.429097 0.601774 0.427521 0.587068 0.428746 0.572829 0.432073 0.561158 0.439426 0.555789 0.446429 0.554622 0.449580 0.555089 0.452906
1 0.247899 0.519783 0.259104 0.517157 0.276766 0.515756 0.305556 0.517507 0.324697 0.521008 0.327965 0.518908 0.334500 0.512080 0.340103 0.505252 0.341270 0.501751 0.320728 0.500700 0.302754 0.496499 0.296685 0.494223 0.281513 0.492647 0.263072 0.487570 0.258637 0.487395 0.253968 0.501926 0.246732 0.515581 0.245565 0.519083 0.247899 0.519783
1 0.071662 0.775385 0.074463 0.783964 0.077498 0.789916 0.084967 0.800770 0.090570 0.806022 0.098739 0.810924 0.109010 0.813725 0.116013 0.815126 0.119981 0.814776 0.126984 0.816176 0.137255 0.814426 0.152661 0.810574 0.165033 0.805497 0.178571 0.797269 0.194211 0.785014 0.199113 0.779587 0.196312 0.775910 0.182773 0.770133 0.152194 0.752101 0.139356 0.741947 0.124183 0.727591 0.116246 0.717612 0.111345 0.713410 0.104108 0.705007 0.095472 0.692752 0.091503 0.695728 0.080065 0.717262 0.072829 0.736345 0.070962 0.748074 0.070728 0.762780 0.071662 0.775385
1 0.205649 0.803046 0.209384 0.807248 0.219421 0.815301 0.230859 0.820553 0.246032 0.824405 0.264939 0.825630 0.276611 0.824755 0.279645 0.825105 0.300420 0.820728 0.307890 0.817577 0.310924 0.804097 0.313025 0.799370 0.315826 0.794643 0.327965 0.781162 0.340803 0.771183 0.347572 0.767682 0.353175 0.763305 0.359244 0.760679 0.368347 0.753151 0.391690 0.740371 0.408030 0.732318 0.417834 0.729867 0.421802 0.731268 0.426237 0.729692 0.427171 0.728641 0.427171 0.726541 0.425770 0.717087 0.423669 0.714111 0.419935 0.711835 0.418534 0.709559 0.411531 0.706933 0.407096 0.703081 0.403595 0.701506 0.382586 0.684349 0.367414 0.665441 0.366480 0.661415 0.355742 0.657738 0.351774 0.678746 0.346639 0.689251 0.344071 0.699580 0.341036 0.707458 0.338936 0.710434 0.335668 0.720763 0.327731 0.729517 0.322829 0.736695 0.302521 0.755602 0.297386 0.759454 0.280345 0.769433 0.265173 0.775735 0.250934 0.778887 0.216853 0.780637 0.213585 0.779412 0.206583 0.779587 0.203081 0.782563 0.202381 0.786064 0.202614 0.797094 0.205649 0.803046
1 0.268674 0.883929 0.272176 0.894258 0.277077 0.904062 0.285247 0.915441 0.292717 0.922269 0.306022 0.930672 0.320728 0.938375 0.334967 0.942577 0.346405 0.943978 0.356443 0.943978 0.363912 0.943102 0.373016 0.941702 0.390756 0.934349 0.394024 0.932248 0.409430 0.910889 0.416433 0.904412 0.420401 0.896709 0.422969 0.894083 0.421569 0.890756 0.415966 0.888130 0.411765 0.887255 0.397059 0.886204 0.369748 0.880777 0.356443 0.875350 0.347572 0.870448 0.331699 0.859069 0.328665 0.855742 0.316760 0.838761 0.312792 0.830357 0.309991 0.821779 0.307656 0.819503 0.290149 0.824055 0.286181 0.824405 0.278711 0.827381 0.274510 0.833508 0.268674 0.844888 0.265640 0.858193 0.266106 0.872549 0.268674 0.883929
1 0.000000 0.646008 0.001634 0.646008 0.003035 0.647584 0.014006 0.674720 0.017740 0.678221 0.064426 0.707458 0.069094 0.709034 0.078198 0.714286 0.081699 0.711485 0.084034 0.708158 0.092904 0.689776 0.092204 0.684524 0.087302 0.670693 0.085434 0.654762 0.086601 0.640056 0.090336 0.627976 0.095472 0.618347 0.104575 0.605567 0.112045 0.598039 0.118814 0.592612 0.130019 0.585434 0.133520 0.582283 0.141457 0.577906 0.144491 0.574405 0.144725 0.571078 0.144024 0.570728 0.140523 0.571779 0.137021 0.570378 0.127918 0.571254 0.112278 0.571078 0.095238 0.568277 0.084267 0.564951 0.075864 0.560924 0.064426 0.553922 0.052288 0.539741 0.046685 0.527661 0.035714 0.528011 0.032913 0.525910 0.007003 0.536415 0.002101 0.539741 0.001867 0.544818 0.000000 0.544993 0.000000 0.646008
1 0.428105 0.001576 0.431839 0.003852 0.438142 0.009629 0.448646 0.016457 0.457516 0.021359 0.466853 0.025035 0.473856 0.027136 0.480859 0.028011 0.508403 0.029062 0.513305 0.026261 0.517740 0.021359 0.524276 0.016807 0.536181 0.011555 0.539449 0.010854 0.549253 0.011029 0.570870 0.006537 0.542545 0.005311 0.532195 0.003677 0.524569 0.001838 0.522935 0.000204 0.428105 0.000000 0.428105 0.001576
1 0.669234 0.000000 0.669234 0.005252 0.670635 0.010854 0.674837 0.015406 0.688375 0.023985 0.701214 0.029587 0.710551 0.032738 0.720822 0.034839 0.727358 0.035189 0.730859 0.032913 0.744631 0.018207 0.759570 0.005952 0.768441 0.001576 0.768441 0.000000 0.669234 0.000000
1 0.873950 0.490371 0.875117 0.492472 0.874650 0.500175 0.875584 0.501401 0.876751 0.501401 0.878852 0.500000 0.887255 0.498249 0.907563 0.491597 0.911998 0.489496 0.927404 0.485819 0.970355 0.480567 0.999767 0.482843 0.999767 0.438550 0.994631 0.438550 0.950980 0.425245 0.942344 0.420868 0.932306 0.417367 0.922269 0.416492 0.911298 0.416667 0.907796 0.418067 0.907330 0.418943 0.907096 0.433473 0.898926 0.448179 0.897526 0.449230 0.895658 0.456057 0.890990 0.464986 0.882120 0.475665 0.878151 0.478116 0.871615 0.480742 0.869981 0.483193 0.869981 0.487745 0.873950 0.490371
1 0.932073 0.791492 0.962418 0.792192 0.972222 0.794293 0.990896 0.799720 0.999767 0.797969 0.999767 0.711660 0.995098 0.711485 0.991363 0.710259 0.984594 0.709384 0.980159 0.709909 0.978758 0.730217 0.975490 0.742647 0.972222 0.748775 0.957983 0.762605 0.951447 0.767332 0.941877 0.772234 0.937208 0.775910 0.929972 0.786415 0.929272 0.789916 0.932073 0.791492
1 0.958450 0.646008 0.968721 0.668592 0.972689 0.681548 0.974790 0.692227 0.980159 0.707458 0.980859 0.708508 0.984827 0.708683 0.994865 0.710959 0.999767 0.711134 0.999767 0.611870 0.987628 0.612045 0.977591 0.613445 0.952848 0.620973 0.947946 0.625175 0.947712 0.626751 0.958450 0.646008
1 0.810691 0.967262 0.813959 0.973039 0.815826 0.974615 0.819561 0.982143 0.824230 0.986345 0.829832 0.989496 0.834734 0.995273 0.841970 0.998249 0.841970 0.999825 0.943044 0.999825 0.943277 0.998074 0.957983 0.991772 0.966620 0.985994 0.985294 0.969188 0.992063 0.958333 0.994865 0.951681 0.996265 0.946779 0.997666 0.931898 0.996265 0.928922 0.995098 0.928221 0.966153 0.919293 0.952614 0.913866 0.949346 0.911415 0.939076 0.907038 0.934407 0.907213 0.928105 0.909139 0.910831 0.912640 0.887955 0.914916 0.863679 0.915616 0.860644 0.917192 0.848039 0.931197 0.834500 0.944328 0.831466 0.946078 0.830299 0.947829 0.819405 0.956699 0.813492 0.960084 0.810691 0.963235 0.810691 0.967262
1 0.949113 0.901611 0.939542 0.904412 0.943277 0.908088 0.967087 0.919118 0.986928 0.925245 0.999767 0.927346 0.999767 0.874825 0.998133 0.874825 0.973856 0.890406 0.949113 0.901611
1 0.380019 0.290441 0.376050 0.297094 0.373016 0.300420 0.366713 0.311800 0.355976 0.325455 0.348506 0.340511 0.334267 0.359244 0.329832 0.362745 0.327264 0.366071 0.329365 0.369748 0.359244 0.390581 0.373016 0.395483 0.376517 0.394083 0.378151 0.385504 0.385854 0.376225 0.387488 0.373249 0.388189 0.369398 0.392157 0.364321 0.400794 0.355742 0.403361 0.356443 0.410598 0.360469 0.426937 0.359419 0.444911 0.359419 0.453081 0.360644 0.462652 0.364321 0.465920 0.366597 0.478058 0.371148 0.480859 0.373249 0.485528 0.375175 0.491597 0.378852 0.494164 0.381303 0.499767 0.384104 0.501634 0.386905 0.505135 0.386555 0.506069 0.383754 0.505602 0.372724 0.502101 0.355917 0.497666 0.320903 0.492297 0.312325 0.476891 0.292192 0.470588 0.285889 0.458917 0.278011 0.429505 0.264006 0.414799 0.258403 0.400327 0.254727 0.392157 0.253151 0.388889 0.253326 0.387021 0.254552 0.385621 0.277661 0.380019 0.290441
1 0.000000 0.646008 0.001867 0.646183 0.004669 0.650910 0.005369 0.654412 0.014006 0.675245 0.019608 0.679797 0.029412 0.686099 0.034547 0.688375 0.051354 0.699755 0.064192 0.707458 0.075864 0.712885 0.077965 0.714636 0.081466 0.711660 0.084967 0.706758 0.092204 0.692752 0.093137 0.689426 0.092437 0.684874 0.087535 0.671394 0.085434 0.654062 0.085901 0.644258 0.089636 0.629727 0.099206 0.612570 0.105042 0.604867 0.112045 0.598039 0.121382 0.590686 0.130019 0.585434 0.133987 0.582108 0.141690 0.578081 0.144491 0.575630 0.147526 0.574580 0.146592 0.571078 0.144725 0.570203 0.120682 0.571254 0.109944 0.570728 0.095472 0.568452 0.084500 0.565126 0.074930 0.560574 0.063725 0.553396 0.049953 0.535364 0.046685 0.526961 0.039683 0.526961 0.036415 0.525035 0.032913 0.525560 0.020542 0.531338 0.006769 0.536239 0.001867 0.539741 0.002101 0.542192 0.000000 0.544468 0.000000 0.646008
1 0.908730 0.382528 0.909897 0.384454 0.909897 0.387080 0.912232 0.390406 0.913399 0.394083 0.918301 0.400735 0.925070 0.408088 0.932773 0.414741 0.946078 0.421919 0.962418 0.428746 0.990430 0.435924 0.999767 0.436800 0.999767 0.382353 0.997899 0.382178 0.996032 0.378151 0.990430 0.373424 0.984127 0.365196 0.977591 0.366246 0.961018 0.372374 0.926004 0.379377 0.903595 0.379727 0.902194 0.380077 0.908730 0.382528
1 0.592437 0.616246 0.608310 0.673810 0.607843 0.686625 0.609477 0.689426 0.621849 0.685924 0.630252 0.682598 0.639122 0.676120 0.644258 0.670518 0.647292 0.664741 0.649393 0.657913 0.649160 0.651085 0.638889 0.627626 0.630252 0.612745 0.626284 0.612395 0.624183 0.610644 0.619981 0.609419 0.588469 0.605742 0.588936 0.608894 0.592437 0.616246
1 0.525444 0.000000 0.525444 0.001576 0.529412 0.003501 0.534080 0.004027 0.536415 0.005952 0.550654 0.006127 0.554155 0.005602 0.556723 0.006478 0.585668 0.006478 0.591970 0.005602 0.596639 0.003852 0.606550 0.003268 0.620985 0.000613 0.609944 0.000000 0.525444 0.000000
1 0.805322 0.164741 0.812092 0.173319 0.814192 0.177871 0.820962 0.187675 0.830999 0.199930 0.837302 0.210259 0.840336 0.216036 0.841503 0.220413 0.844071 0.223915 0.848506 0.238095 0.848506 0.241597 0.849438 0.244075 0.853275 0.243896 0.860230 0.242996 0.865026 0.242817 0.870542 0.242817 0.878397 0.241820 0.874438 0.235883 0.874139 0.234003 0.871919 0.231025 0.870840 0.226976 0.867180 0.223389 0.866246 0.220588 0.844304 0.191527 0.838469 0.182248 0.832866 0.174895 0.830065 0.172444 0.827264 0.167192 0.823763 0.163866 0.821662 0.157913 0.823763 0.152136 0.829365 0.145133 0.832866 0.142332 0.844538 0.136204 0.848739 0.135154 0.870215 0.126751 0.872316 0.124475 0.878852 0.123074 0.869748 0.122724 0.863445 0.124125 0.848739 0.124825 0.842670 0.126401 0.830532 0.132878 0.820728 0.140406 0.813725 0.147234 0.804155 0.159839 0.803922 0.161590 0.805322 0.164741