0 0.485294 0.383754 0.487628 0.396884 0.493697 0.416492 0.498833 0.427696 0.503035 0.432073 0.514472 0.450805 0.522642 0.459909 0.524043 0.463235 0.529645 0.468662 0.534781 0.475840 0.542717 0.482143 0.549486 0.491772 0.565826 0.505777 0.568394 0.512080 0.575163 0.515056 0.576564 0.516106 0.577965 0.519258 0.579599 0.519083 0.580532 0.517857 0.582633 0.517157 0.588469 0.518032 0.608543 0.511029 0.612745 0.510854 0.623016 0.508053 0.637255 0.500700 0.653128 0.486695 0.662698 0.470938 0.667367 0.458158 0.670168 0.446429 0.670868 0.432248 0.669001 0.418242 0.662932 0.401961 0.651027 0.382528 0.637255 0.365896 0.594771 0.323354 0.572596 0.307598 0.560691 0.301821 0.553455 0.301646 0.534547 0.305322 0.515873 0.315476 0.502334 0.328256 0.497666 0.334734 0.494398 0.342787 0.491830 0.353466 0.486461 0.368873 0.485294 0.375875 0.485294 0.383754
0 0.591270 0.185049 0.593838 0.189076 0.596639 0.196254 0.604809 0.208859 0.612512 0.218137 0.621615 0.226716 0.637021 0.238620 0.649860 0.245273 0.656863 0.247724 0.664566 0.252101 0.668301 0.253151 0.671802 0.253501 0.677288 0.252801 0.697946 0.253852 0.702614 0.254902 0.710317 0.255252 0.726657 0.259454 0.734127 0.259629 0.741130 0.256828 0.760271 0.241772 0.762138 0.237745 0.764472 0.235469 0.767740 0.228116 0.769374 0.220413 0.767507 0.209559 0.762138 0.197654 0.756536 0.188025 0.746265 0.175070 0.730392 0.160714 0.711485 0.146884 0.686741 0.132703 0.676704 0.128326 0.658030 0.122724 0.647292 0.122374 0.635621 0.120798 0.626284 0.121499 0.612512 0.123775 0.605742 0.125700 0.598739 0.129902 0.594771 0.133578 0.590103 0.141106 0.586368 0.154237 0.586134 0.166317 0.591270 0.185049
0 0.197012 0.456057 0.202614 0.470588 0.207049 0.477066 0.210084 0.484069 0.214519 0.488796 0.216387 0.492297 0.218487 0.493873 0.220588 0.497899 0.221289 0.502101 0.227358 0.508578 0.230859 0.514881 0.243231 0.528536 0.258170 0.540966 0.279412 0.553396 0.289683 0.556197 0.302988 0.557423 0.314192 0.556548 0.331699 0.551996 0.340570 0.547094 0.341970 0.544993 0.345472 0.543417 0.352241 0.537290 0.353641 0.535014 0.355976 0.533613 0.359944 0.529237 0.368581 0.512430 0.370215 0.504727 0.370682 0.494573 0.369281 0.484244 0.366480 0.473389 0.360177 0.458683 0.356209 0.452031 0.348973 0.443277 0.334967 0.429272 0.312792 0.413866 0.310691 0.411239 0.307423 0.409664 0.301587 0.404412 0.286881 0.393908 0.277311 0.388831 0.272642 0.387255 0.267740 0.383578 0.261905 0.382003 0.260037 0.379902 0.254902 0.379552 0.251167 0.380252 0.246499 0.379727 0.241363 0.381303 0.237628 0.381303 0.231092 0.383403 0.216853 0.392157 0.211951 0.397409 0.201447 0.411590 0.195145 0.425245 0.193978 0.432773 0.194211 0.445028 0.197012 0.456057
0 0.288982 0.677871 0.290149 0.685399 0.293651 0.691702 0.303922 0.700455 0.321195 0.707108 0.341503 0.711310 0.355976 0.711310 0.398226 0.708508 0.415966 0.704832 0.433007 0.699580 0.441176 0.694503 0.450280 0.690826 0.463819 0.680847 0.477824 0.667367 0.488796 0.650385 0.493464 0.637080 0.493931 0.616071 0.489963 0.605742 0.484127 0.598915 0.478992 0.595413 0.476891 0.592087 0.463352 0.583859 0.459851 0.582458 0.450047 0.580532 0.438375 0.580532 0.413632 0.584909 0.407330 0.587535 0.392857 0.591562 0.385387 0.595238 0.359477 0.604342 0.355976 0.607143 0.348973 0.609419 0.333567 0.617822 0.320962 0.626576 0.305789 0.639531 0.303922 0.642682 0.300187 0.645833 0.293651 0.653536 0.290383 0.661239 0.288749 0.671043 0.288982 0.677871
0 0.109711 0.293768 0.114379 0.303396 0.122316 0.313200 0.136088 0.322479 0.143091 0.326155 0.147759 0.327206 0.154528 0.331408 0.177171 0.339636 0.209851 0.347864 0.230626 0.351015 0.246032 0.351891 0.265873 0.349965 0.278011 0.346814 0.296452 0.338235 0.298786 0.332283 0.300654 0.323704 0.305789 0.314951 0.315126 0.307073 0.316060 0.304447 0.316293 0.300245 0.312558 0.294643 0.304155 0.286765 0.290850 0.278186 0.249300 0.257703 0.234827 0.251751 0.223623 0.247899 0.206816 0.244573 0.164099 0.243697 0.153128 0.245973 0.144024 0.249125 0.137488 0.251926 0.133053 0.254902 0.130019 0.255777 0.119514 0.263655 0.112512 0.272584 0.109944 0.279237 0.109244 0.285189 0.109711 0.293768
0 0.668534 0.605917 0.671802 0.614496 0.677171 0.619748 0.680906 0.625000 0.694444 0.638480 0.710317 0.649510 0.724090 0.657913 0.730392 0.660014 0.737162 0.663690 0.761438 0.672269 0.772642 0.673494 0.782680 0.675595 0.792017 0.676296 0.817694 0.676120 0.824463 0.674545 0.831466 0.672269 0.838235 0.668768 0.846172 0.661590 0.849206 0.657913 0.850607 0.654587 0.852241 0.646183 0.851307 0.640406 0.849440 0.637430 0.849206 0.633578 0.843604 0.623074 0.831232 0.606092 0.824697 0.600140 0.816527 0.593487 0.803688 0.584734 0.799953 0.583333 0.794585 0.580007 0.775677 0.571779 0.757937 0.566176 0.753968 0.564076 0.733894 0.559524 0.719655 0.558123 0.712652 0.557948 0.700280 0.558999 0.688842 0.560749 0.678571 0.563200 0.670401 0.567577 0.667367 0.570903 0.666667 0.573004 0.669468 0.589111 0.668534 0.605917
0 0.562465 0.753002 0.562834 0.753002 0.562834 0.752293 0.562465 0.752293 0.562465 0.753002
0 0.136088 0.665441 0.140990 0.677696 0.147526 0.686450 0.161298 0.692927 0.168768 0.694853 0.176237 0.695203 0.192344 0.693627 0.203548 0.689951 0.212652 0.685924 0.228758 0.675420 0.255135 0.652836 0.261905 0.643382 0.267740 0.637955 0.277544 0.624475 0.285481 0.609244 0.285948 0.606092 0.289449 0.598389 0.292250 0.585959 0.292484 0.569328 0.291317 0.563901 0.288515 0.557423 0.274743 0.551996 0.264239 0.546218 0.251401 0.537115 0.244398 0.530812 0.241363 0.530112 0.234360 0.530812 0.228525 0.532913 0.213585 0.536415 0.206116 0.542542 0.201914 0.548144 0.197946 0.551646 0.183707 0.560924 0.170168 0.567577 0.167600 0.569503 0.161765 0.577031 0.151494 0.592087 0.144491 0.605742 0.138889 0.620973 0.135621 0.633403 0.134454 0.643382 0.133987 0.651261 0.136088 0.665441
1 0.431606 0.147759 0.438375 0.157913 0.441176 0.160189 0.445845 0.166842 0.463819 0.167192 0.489963 0.171394 0.504435 0.175420 0.512372 0.175245 0.526611 0.172794 0.544118 0.172444 0.564192 0.170168 0.577965 0.167192 0.583100 0.164566 0.585434 0.157913 0.585901 0.151436 0.587768 0.144433 0.593838 0.133754 0.600607 0.127801 0.609244 0.124125 0.619281 0.121499 0.627918 0.120273 0.640756 0.120448 0.644024 0.121499 0.647759 0.119923 0.651261 0.112920 0.651261 0.099440 0.645191 0.091562 0.637021 0.085259 0.623016 0.078256 0.609244 0.074405 0.594538 0.071954 0.574463 0.070728 0.565826 0.071429 0.560691 0.070903 0.553455 0.071254 0.528711 0.073880 0.508637 0.077031 0.504669 0.076856 0.495565 0.079482 0.491363 0.081758 0.484127 0.084034 0.470355 0.091387 0.457283 0.099965 0.444911 0.109944 0.438609 0.117297 0.430906 0.131828 0.429505 0.136905 0.429272 0.140931 0.431606 0.147759
1 0.285714 0.172444 0.288049 0.175595 0.292484 0.179972 0.306256 0.189251 0.311625 0.191001 0.330999 0.194328 0.348973 0.198880 0.356676 0.194153 0.369748 0.187675 0.376984 0.185399 0.386088 0.181373 0.414799 0.172269 0.434174 0.168417 0.435808 0.167367 0.437908 0.164916 0.437442 0.161415 0.434407 0.154412 0.430205 0.148109 0.428105 0.141106 0.428105 0.137780 0.431139 0.129027 0.437675 0.117647 0.442344 0.112745 0.443044 0.109244 0.438842 0.107493 0.429272 0.106268 0.424837 0.106443 0.415266 0.105217 0.409975 0.106092 0.401494 0.104692 0.386321 0.104867 0.378385 0.106443 0.373249 0.105567 0.370448 0.106793 0.359244 0.108368 0.342670 0.111870 0.331466 0.115896 0.323063 0.120973 0.313492 0.125000 0.307656 0.128676 0.298086 0.136555 0.294585 0.139881 0.289916 0.147234 0.284547 0.162815 0.284547 0.168592 0.285714 0.172444
1 0.000000 0.000000 0.000000 0.014356 0.002101 0.014706 0.011438 0.022934 0.028011 0.034489 0.053688 0.048144 0.084734 0.056197 0.094771 0.057423 0.107610 0.057598 0.123249 0.055847 0.133754 0.053221 0.144024 0.049545 0.148459 0.047269 0.161765 0.036415 0.165500 0.032738 0.171802 0.023810 0.176004 0.015581 0.175303 0.008929 0.170868 0.000000 0.000000 0.000000
1 0.882586 0.137255 0.885387 0.144258 0.890756 0.149160 0.897759 0.152311 0.900794 0.152836 0.939776 0.153536 0.946078 0.152311 0.956116 0.147934 0.970355 0.143557 0.977358 0.140406 0.984827 0.135854 0.995798 0.126576 0.999767 0.124475 0.999767 0.049720 0.991363 0.051296 0.981092 0.051471 0.968487 0.054797 0.961018 0.058824 0.953081 0.060924 0.944678 0.065651 0.943744 0.067577 0.939309 0.068803 0.931839 0.074230 0.927871 0.076155 0.925303 0.078782 0.922736 0.079657 0.920868 0.081758 0.917134 0.083508 0.899393 0.097514 0.889356 0.107668 0.883520 0.115196 0.880719 0.119573 0.879318 0.126576 0.879785 0.133228 0.882586 0.137255
1 0.880486 0.178396 0.883520 0.182073 0.931606 0.218838 0.938375 0.224965 0.942577 0.227241 0.946078 0.223564 0.947479 0.220413 0.950980 0.208859 0.953081 0.195903 0.952148 0.182248 0.949813 0.171919 0.946545 0.164391 0.939776 0.156688 0.928805 0.151611 0.921802 0.154937 0.914332 0.153011 0.907563 0.153011 0.904062 0.153711 0.897292 0.157038 0.888889 0.162640 0.880952 0.171744 0.879318 0.175245 0.880486 0.178396
1 0.956583 0.246674 0.958917 0.247899 0.963119 0.251926 0.966387 0.253326 0.969421 0.255777 0.977124 0.265756 0.983894 0.272584 0.998133 0.281513 0.999767 0.281513 0.999767 0.240896 0.997899 0.240721 0.989029 0.232143 0.986461 0.230567 0.977591 0.227066 0.974090 0.226366 0.970355 0.226015 0.963352 0.227066 0.955649 0.230567 0.952148 0.233543 0.952148 0.238095 0.956583 0.246674
1 0.507003 0.074580 0.508403 0.075280 0.538982 0.071779 0.572596 0.070553 0.591970 0.071429 0.601307 0.072654 0.610177 0.074405 0.624650 0.078606 0.638889 0.086134 0.645658 0.091036 0.649860 0.096113 0.651961 0.102066 0.651961 0.111169 0.650327 0.115896 0.650560 0.119923 0.654295 0.121674 0.664566 0.123424 0.682306 0.129727 0.686275 0.129377 0.689309 0.126926 0.692810 0.126050 0.695145 0.123599 0.700747 0.112745 0.699346 0.106268 0.695612 0.098389 0.694211 0.096464 0.689542 0.093137 0.687208 0.088585 0.684641 0.085784 0.682773 0.081408 0.672269 0.071078 0.665733 0.066527 0.659430 0.060749 0.654995 0.055322 0.638189 0.040266 0.630486 0.035014 0.622082 0.031688 0.614146 0.029762 0.606209 0.026786 0.596172 0.025035 0.570962 0.024860 0.557190 0.025910 0.547152 0.028011 0.529645 0.034839 0.520775 0.040966 0.513539 0.048494 0.510271 0.053746 0.509337 0.056898 0.506536 0.071078 0.507003 0.074580
1 0.351307 0.200280 0.377451 0.214986 0.425070 0.252801 0.439076 0.260679 0.449580 0.259454 0.452848 0.257878 0.467554 0.254552 0.486695 0.248074 0.505836 0.238095 0.513539 0.233018 0.515173 0.230742 0.518908 0.228116 0.524743 0.220588 0.525910 0.217437 0.526844 0.209384 0.525444 0.204657 0.519374 0.189076 0.512605 0.181723 0.505369 0.177696 0.491597 0.173319 0.482493 0.171043 0.470588 0.169293 0.442110 0.168592 0.435574 0.169118 0.412698 0.173494 0.391223 0.180147 0.369981 0.188375 0.354575 0.196254 0.350607 0.199580 0.351307 0.200280
0 0.232493 0.233894 0.244631 0.254727 0.256769 0.259979 0.272642 0.268908 0.285481 0.274160 0.303221 0.285014 0.314659 0.293768 0.320261 0.295868 0.324463 0.298845 0.338002 0.300945 0.351074 0.300595 0.354809 0.299720 0.371615 0.300420 0.415266 0.306197 0.421569 0.305497 0.426004 0.302521 0.432306 0.299720 0.435574 0.299020 0.444211 0.293768 0.449813 0.288515 0.451681 0.283088 0.450047 0.279412 0.441643 0.267857 0.433940 0.259454 0.419234 0.248950 0.378151 0.216036 0.359244 0.205182 0.355509 0.203957 0.349673 0.200630 0.333567 0.195728 0.306956 0.191352 0.282680 0.191176 0.277311 0.190476 0.265173 0.191527 0.249767 0.195028 0.238562 0.202556 0.235294 0.206057 0.233427 0.213585 0.231092 0.217262 0.230159 0.220763 0.232493 0.233894
1 0.532680 0.247199 0.543184 0.245973 0.546218 0.246674 0.550420 0.245973 0.553455 0.248074 0.565126 0.250000 0.578431 0.254377 0.584500 0.261730 0.590103 0.266807 0.594771 0.273284 0.598973 0.276961 0.606443 0.271884 0.609477 0.270658 0.612979 0.266982 0.617880 0.264181 0.621148 0.259629 0.625584 0.255602 0.630952 0.248599 0.634220 0.241597 0.633987 0.237745 0.615313 0.221814 0.605042 0.209559 0.594071 0.192402 0.584967 0.167017 0.581232 0.166842 0.566527 0.171744 0.564192 0.173319 0.556489 0.182598 0.541317 0.203256 0.533147 0.223915 0.531279 0.234594 0.531046 0.244748 0.532680 0.247199
1 0.445612 0.272934 0.448413 0.275210 0.451447 0.280287 0.452381 0.282563 0.452381 0.286590 0.450280 0.290091 0.444211 0.294993 0.432773 0.301120 0.425070 0.303746 0.423203 0.307248 0.425303 0.308648 0.435574 0.310749 0.456816 0.316527 0.458917 0.315476 0.461485 0.308824 0.466620 0.299545 0.474790 0.288866 0.480859 0.283088 0.482726 0.280287 0.496265 0.268032 0.505602 0.261905 0.511438 0.256478 0.515640 0.255077 0.519374 0.251401 0.516106 0.248074 0.512372 0.247024 0.505135 0.245973 0.491830 0.246849 0.458450 0.257878 0.452614 0.260329 0.444444 0.265756 0.443277 0.269083 0.445612 0.272934
1 0.475724 0.328256 0.482960 0.334034 0.487628 0.339286 0.491363 0.341737 0.494631 0.340686 0.501401 0.328081 0.510971 0.318627 0.515873 0.314776 0.532446 0.305672 0.546218 0.302346 0.560691 0.301471 0.571895 0.305847 0.578198 0.310749 0.582166 0.311800 0.588002 0.311800 0.603408 0.307073 0.605275 0.303746 0.605042 0.296919 0.602241 0.286590 0.598973 0.279412 0.589402 0.266807 0.577965 0.255077 0.574697 0.254027 0.570962 0.254727 0.567927 0.251576 0.560691 0.249650 0.547386 0.247724 0.533147 0.247899 0.514939 0.253501 0.509570 0.256653 0.508403 0.258578 0.490663 0.272234 0.472456 0.291317 0.465686 0.300070 0.457750 0.312850 0.457750 0.317577 0.475724 0.328256
1 0.624883 0.293242 0.624183 0.302696 0.625584 0.305672 0.646825 0.308824 0.650093 0.308648 0.654528 0.310049 0.658030 0.310224 0.671802 0.314426 0.675070 0.314601 0.686741 0.317402 0.712418 0.325805 0.723856 0.332108 0.726657 0.332808 0.737162 0.338585 0.743697 0.341036 0.762605 0.353817 0.778011 0.367297 0.789449 0.379902 0.793417 0.382353 0.810691 0.382353 0.836835 0.374825 0.844538 0.369223 0.847806 0.364671 0.851541 0.355917 0.852007 0.341387 0.848973 0.329832 0.844771 0.320903 0.831699 0.306723 0.820495 0.298669 0.807890 0.291141 0.799253 0.287640 0.788282 0.280637 0.779412 0.276961 0.776844 0.276611 0.758870 0.269958 0.744865 0.266282 0.737395 0.263305 0.713119 0.257178 0.696078 0.254552 0.681373 0.254377 0.665266 0.256828 0.650093 0.264181 0.637255 0.272234 0.633053 0.275735 0.625117 0.286415 0.626050 0.290441 0.624883 0.293242
1 0.592204 0.320903 0.596639 0.323529 0.599907 0.328081 0.614146 0.341562 0.621148 0.349615 0.626050 0.353466 0.634687 0.363270 0.639356 0.367122 0.652428 0.383403 0.654295 0.387255 0.656396 0.389006 0.664099 0.403011 0.669468 0.415441 0.671102 0.421744 0.671802 0.431548 0.672736 0.435574 0.674136 0.436975 0.685808 0.441176 0.695845 0.442402 0.706116 0.445203 0.718721 0.447304 0.730626 0.448704 0.734594 0.448529 0.740196 0.449580 0.754202 0.448354 0.768674 0.444328 0.777311 0.438901 0.780812 0.435749 0.782446 0.431723 0.789916 0.426120 0.793651 0.421919 0.796685 0.417017 0.799253 0.408263 0.798786 0.401085 0.795051 0.390756 0.792250 0.387255 0.791550 0.383578 0.787115 0.377626 0.773109 0.362920 0.758637 0.351015 0.742297 0.340861 0.737395 0.338936 0.733427 0.336310 0.724556 0.332983 0.715219 0.327381 0.708217 0.324405 0.678571 0.315826 0.650327 0.309524 0.630719 0.307248 0.622549 0.307248 0.605742 0.308648 0.597339 0.310749 0.593838 0.312500 0.590803 0.315651 0.590336 0.317752 0.592204 0.320903
1 0.837768 0.312325 0.842437 0.317927 0.847106 0.324580 0.849907 0.331057 0.852941 0.344713 0.852941 0.352591 0.851774 0.357843 0.847572 0.366772 0.843137 0.371148 0.838469 0.373950 0.819328 0.380427 0.814893 0.383578 0.817694 0.384104 0.821195 0.386204 0.834500 0.389531 0.855742 0.400385 0.876517 0.396183 0.900327 0.382353 0.915266 0.369748 0.917600 0.366246 0.924603 0.349090 0.925537 0.343137 0.925770 0.334909 0.922736 0.324580 0.919234 0.318803 0.914216 0.316789 0.908030 0.310574 0.902894 0.310224 0.901027 0.307073 0.897993 0.305322 0.896825 0.303746 0.890523 0.301646 0.873249 0.298669 0.861811 0.298669 0.845705 0.300245 0.833333 0.303746 0.832166 0.306373 0.834500 0.310574 0.837768 0.312325
1 0.684174 0.454657 0.688842 0.461660 0.693511 0.466737 0.707283 0.490371 0.708917 0.496849 0.708683 0.501576 0.706349 0.505427 0.702614 0.509104 0.701214 0.512080 0.703081 0.513305 0.706349 0.513831 0.716853 0.513655 0.721755 0.512430 0.738095 0.510679 0.754902 0.506828 0.777544 0.499125 0.819561 0.479342 0.839402 0.465336 0.852474 0.454657 0.859944 0.447479 0.866480 0.433298 0.866947 0.421394 0.866013 0.418242 0.859244 0.406863 0.853408 0.401085 0.850840 0.400035 0.841970 0.393732 0.833100 0.390056 0.824463 0.388130 0.815359 0.387080 0.810691 0.384804 0.795985 0.384804 0.794118 0.385679 0.793417 0.387080 0.795051 0.389006 0.799253 0.398284 0.799720 0.408613 0.798786 0.414566 0.794585 0.422094 0.784080 0.432073 0.782446 0.435399 0.770542 0.443452 0.758637 0.447479 0.748366 0.449405 0.743231 0.449580 0.720355 0.448179 0.709851 0.446429 0.699580 0.443803 0.687908 0.442052 0.679272 0.439601 0.676237 0.440301 0.674603 0.441877 0.676004 0.445903 0.684174 0.454657
1 0.733894 0.262080 0.744164 0.265756 0.772642 0.273985 0.776144 0.275910 0.787815 0.280112 0.803221 0.288515 0.807190 0.289216 0.808357 0.286064 0.806723 0.277136 0.803922 0.271359 0.795518 0.260504 0.782913 0.253151 0.768674 0.247549 0.760271 0.246148 0.755135 0.247024 0.742764 0.257178 0.733894 0.262080
1 0.720355 0.151961 0.735061 0.163515 0.749533 0.178046 0.759337 0.192227 0.767507 0.207458 0.769841 0.219188 0.769141 0.227591 0.767274 0.231793 0.765173 0.235819 0.762372 0.237745 0.759570 0.241246 0.762372 0.244923 0.776144 0.249825 0.789683 0.251050 0.797152 0.250700 0.804388 0.249125 0.813959 0.246148 0.819094 0.243347 0.826331 0.238445 0.833100 0.232318 0.838469 0.225140 0.846639 0.217262 0.851074 0.210084 0.851774 0.202906 0.848973 0.192577 0.839402 0.179622 0.836835 0.174720 0.824463 0.161064 0.810458 0.147584 0.800654 0.139706 0.789683 0.132703 0.785714 0.131478 0.775677 0.125875 0.765406 0.123074 0.746032 0.120973 0.740196 0.121324 0.734127 0.120273 0.727358 0.120448 0.706349 0.123775 0.697479 0.126751 0.692110 0.130252 0.690243 0.133578 0.720355 0.151961
1 0.713119 0.554972 0.717087 0.557073 0.736695 0.559349 0.747432 0.561450 0.786181 0.574580 0.823763 0.576856 0.836134 0.578431 0.841970 0.578256 0.859244 0.576155 0.869514 0.573880 0.884220 0.568978 0.894258 0.563025 0.906863 0.549020 0.915500 0.527486 0.917134 0.521534 0.917367 0.515231 0.915266 0.511204 0.907796 0.501751 0.895425 0.493347 0.884921 0.488270 0.862512 0.483193 0.838936 0.480917 0.827264 0.481443 0.820962 0.480217 0.813959 0.482493 0.770075 0.502626 0.741363 0.510854 0.734594 0.512255 0.723623 0.513130 0.716387 0.514881 0.714286 0.517507 0.707750 0.536064 0.707983 0.544468 0.713119 0.554972
1 0.865780 0.415266 0.867880 0.425070 0.866480 0.434699 0.861578 0.445728 0.856909 0.450805 0.843604 0.462185 0.823296 0.477416 0.824697 0.478466 0.831232 0.479867 0.847572 0.480742 0.858777 0.482143 0.866947 0.481618 0.880019 0.476541 0.893791 0.460084 0.894258 0.453606 0.893557 0.448880 0.894958 0.442577 0.895191 0.428571 0.893557 0.420343 0.890990 0.417892 0.885154 0.415441 0.878151 0.410714 0.862745 0.405637 0.859711 0.407038 0.859477 0.408088 0.865780 0.415266
1 0.511204 0.539566 0.508637 0.543067 0.509804 0.557248 0.514006 0.567927 0.516573 0.570903 0.522409 0.582108 0.533847 0.595938 0.540149 0.602416 0.552288 0.612745 0.563025 0.619573 0.565826 0.625175 0.567460 0.626576 0.565826 0.631303 0.567694 0.637780 0.569561 0.633754 0.567694 0.626926 0.570028 0.625350 0.576097 0.626751 0.578898 0.628326 0.598506 0.632878 0.616246 0.632878 0.626050 0.632003 0.634921 0.630252 0.644258 0.626751 0.659197 0.616947 0.664566 0.609594 0.666900 0.603817 0.668534 0.594538 0.667834 0.585609 0.663866 0.570903 0.652428 0.544468 0.643557 0.531338 0.637955 0.529587 0.619281 0.529762 0.605275 0.527661 0.590570 0.524335 0.588469 0.522759 0.584967 0.522584 0.582633 0.520483 0.576331 0.518732 0.570728 0.515581 0.565593 0.513831 0.547386 0.504552 0.543417 0.502976 0.539683 0.502976 0.522409 0.512255 0.513772 0.522759 0.510738 0.532388 0.510037 0.536590 0.511204 0.539566
1 0.366246 0.468487 0.369981 0.480742 0.371849 0.491246 0.371849 0.503151 0.370215 0.511730 0.370682 0.516807 0.371615 0.518908 0.373249 0.519958 0.375350 0.525385 0.379085 0.530637 0.383053 0.540966 0.396592 0.561099 0.398926 0.563200 0.403361 0.570378 0.408263 0.575980 0.411531 0.578782 0.415966 0.580357 0.418534 0.580882 0.433007 0.579482 0.449580 0.576331 0.455415 0.572479 0.463352 0.568978 0.474790 0.562500 0.485761 0.552696 0.492297 0.543768 0.495098 0.537640 0.499533 0.530987 0.503501 0.519433 0.505135 0.488445 0.503968 0.473389 0.501401 0.466912 0.493931 0.454657 0.491130 0.439076 0.486928 0.430672 0.484127 0.428571 0.480859 0.428221 0.471055 0.431898 0.467087 0.432423 0.449580 0.431723 0.443277 0.430847 0.425537 0.428221 0.421802 0.426296 0.415033 0.425245 0.387488 0.416141 0.383520 0.415091 0.380019 0.415266 0.374883 0.417892 0.369281 0.424370 0.360878 0.439076 0.358777 0.445728 0.359010 0.453256 0.366246 0.468487
1 0.496965 0.456933 0.500934 0.463761 0.514239 0.478116 0.525910 0.487920 0.545752 0.502626 0.562092 0.510329 0.564192 0.512080 0.579365 0.518382 0.588702 0.519608 0.595472 0.524685 0.621849 0.529412 0.637021 0.528887 0.650093 0.529762 0.654295 0.529062 0.657796 0.529412 0.664332 0.527836 0.671569 0.524685 0.678571 0.523284 0.686275 0.520133 0.689542 0.517157 0.697712 0.514181 0.703782 0.507703 0.705182 0.507178 0.707516 0.500175 0.707049 0.494398 0.704482 0.487745 0.700747 0.482493 0.692810 0.466562 0.679272 0.451506 0.672969 0.447304 0.671802 0.445203 0.669701 0.456583 0.664099 0.471289 0.657563 0.480917 0.656396 0.484244 0.651261 0.490021 0.647526 0.491422 0.644024 0.494748 0.642857 0.497549 0.641223 0.498950 0.637255 0.500525 0.630486 0.504727 0.619748 0.509454 0.609944 0.511380 0.605742 0.509804 0.602708 0.510679 0.598973 0.510679 0.595705 0.509804 0.595238 0.508754 0.590803 0.509454 0.588936 0.508403 0.584500 0.509979 0.584034 0.508403 0.581466 0.507003 0.577965 0.507878 0.572596 0.507878 0.570495 0.505602 0.567460 0.505427 0.561625 0.502801 0.559524 0.500875 0.558824 0.498074 0.555322 0.495973 0.553688 0.493172 0.548319 0.489146 0.545051 0.484419 0.541317 0.481968 0.539916 0.479692 0.536415 0.476716 0.533847 0.475665 0.530579 0.470063 0.524977 0.465511 0.522642 0.461134 0.511204 0.447654 0.508637 0.442402 0.503968 0.436275 0.501634 0.431022 0.498133 0.429447 0.494631 0.435224 0.493697 0.438550 0.494631 0.450630 0.496965 0.456933
1 0.255135 0.378151 0.260504 0.378326 0.291783 0.396183 0.310924 0.411415 0.315593 0.413866 0.320962 0.418943 0.323529 0.419993 0.328198 0.423845 0.335201 0.428046 0.338702 0.428571 0.345472 0.425770 0.359244 0.416842 0.365313 0.411415 0.364146 0.407738 0.345705 0.396183 0.331699 0.389006 0.314426 0.374475 0.306489 0.364321 0.303688 0.359244 0.301120 0.352591 0.299720 0.342087 0.297152 0.339811 0.293184 0.340861 0.281513 0.346289 0.266340 0.351015 0.263772 0.352416 0.261905 0.355392 0.255135 0.373599 0.254202 0.376401 0.255135 0.378151
1 0.301821 0.352416 0.305322 0.360819 0.314192 0.373775 0.332633 0.387955 0.362745 0.405287 0.374183 0.409664 0.380019 0.413340 0.404528 0.421218 0.432073 0.428571 0.446312 0.430497 0.463119 0.431548 0.470355 0.431197 0.480859 0.427871 0.491363 0.421744 0.493231 0.418242 0.492764 0.414741 0.489963 0.408613 0.485994 0.394433 0.484827 0.378852 0.486461 0.364846 0.491830 0.349265 0.491363 0.345413 0.482960 0.335084 0.470355 0.325980 0.456816 0.318627 0.435808 0.311800 0.432073 0.311450 0.421802 0.308473 0.403128 0.305497 0.373249 0.301296 0.362512 0.300945 0.342204 0.302346 0.324230 0.305672 0.314659 0.308999 0.308357 0.314251 0.302754 0.321078 0.299720 0.331758 0.298786 0.339636 0.301821 0.352416
1 0.091503 0.430147 0.095238 0.432598 0.102007 0.429972 0.106909 0.426646 0.125350 0.417017 0.129318 0.415616 0.143324 0.412815 0.158497 0.413165 0.171569 0.415616 0.192577 0.424720 0.196078 0.420868 0.198179 0.414916 0.204715 0.404937 0.215453 0.392332 0.225490 0.384804 0.231793 0.382003 0.237162 0.380252 0.251634 0.377276 0.253735 0.374300 0.257236 0.365721 0.258870 0.359244 0.258637 0.354167 0.256069 0.352241 0.245798 0.352591 0.230859 0.351891 0.205882 0.347689 0.190943 0.344713 0.171802 0.338761 0.164799 0.335784 0.161298 0.335259 0.157563 0.335084 0.150560 0.337535 0.140289 0.338936 0.119748 0.346989 0.108310 0.354867 0.096639 0.369573 0.089402 0.383403 0.088936 0.386905 0.086601 0.391106 0.084734 0.400910 0.084967 0.417367 0.091503 0.430147
1 0.052288 0.363095 0.056723 0.369573 0.063725 0.377276 0.069561 0.382178 0.077731 0.387955 0.084967 0.391807 0.096639 0.369223 0.108077 0.354867 0.111345 0.352066 0.125584 0.343662 0.137021 0.339636 0.144024 0.338585 0.147292 0.337010 0.154528 0.336485 0.158730 0.335084 0.143557 0.327556 0.126751 0.324405 0.110644 0.322829 0.098506 0.322829 0.081699 0.324930 0.070495 0.327906 0.063959 0.331057 0.060224 0.334909 0.053221 0.345588 0.051587 0.354692 0.051354 0.359769 0.052288 0.363095
1 0.130252 0.254552 0.133987 0.253326 0.140990 0.249475 0.158030 0.244398 0.174136 0.243172 0.183940 0.244223 0.198413 0.243522 0.221755 0.247199 0.230859 0.249475 0.237395 0.252101 0.240896 0.251751 0.239262 0.249650 0.238095 0.244923 0.231092 0.232668 0.227591 0.221639 0.225023 0.219538 0.221755 0.219188 0.220355 0.218312 0.220121 0.219713 0.213119 0.220938 0.199580 0.218312 0.178571 0.218137 0.171802 0.219188 0.154995 0.223389 0.143557 0.229342 0.134220 0.237220 0.131419 0.242472 0.129552 0.248424 0.129318 0.252451 0.130252 0.254552
1 0.653361 0.545168 0.664799 0.570553 0.670168 0.566352 0.675770 0.563725 0.691410 0.559174 0.698413 0.557948 0.707516 0.557423 0.710084 0.556548 0.711018 0.553746 0.707049 0.544993 0.706583 0.538866 0.709150 0.526786 0.712885 0.519083 0.713352 0.515231 0.699346 0.513655 0.692810 0.515581 0.684407 0.520658 0.668534 0.525910 0.659197 0.528186 0.649160 0.529587 0.646592 0.531162 0.646359 0.533263 0.653361 0.545168
1 0.448646 0.578081 0.463119 0.582458 0.471055 0.586835 0.472923 0.588761 0.475724 0.589811 0.492063 0.608543 0.495331 0.619398 0.494164 0.635504 0.494631 0.643382 0.501634 0.642857 0.518908 0.638480 0.525444 0.637605 0.537815 0.637255 0.553688 0.639706 0.561391 0.637080 0.562792 0.629202 0.562325 0.623074 0.561158 0.619748 0.557423 0.617822 0.535247 0.599090 0.521242 0.580882 0.513072 0.567402 0.512138 0.564076 0.508637 0.559874 0.490663 0.561975 0.470121 0.566352 0.454248 0.574580 0.451214 0.577381 0.448646 0.578081
1 0.566293 0.640056 0.570728 0.651611 0.602241 0.703957 0.607143 0.707633 0.614146 0.717262 0.629085 0.731092 0.633987 0.733894 0.638189 0.738270 0.646359 0.742647 0.650794 0.745973 0.665033 0.751401 0.675303 0.754377 0.679038 0.756303 0.700747 0.759804 0.719888 0.755427 0.745798 0.746148 0.755602 0.741246 0.755836 0.734419 0.757703 0.731618 0.758403 0.727416 0.759337 0.709384 0.755135 0.695728 0.747666 0.681898 0.744164 0.677696 0.739029 0.669118 0.734594 0.664391 0.730159 0.661239 0.714286 0.653186 0.691410 0.637080 0.668301 0.613620 0.664799 0.613095 0.650794 0.623950 0.645658 0.626576 0.630019 0.631828 0.617180 0.633228 0.598739 0.633053 0.588235 0.631127 0.571195 0.624650 0.567694 0.625175 0.566293 0.626576 0.565826 0.628676 0.565359 0.634279 0.566293 0.640056
1 0.338002 0.751401 0.340803 0.762780 0.347106 0.778186 0.351074 0.784489 0.359010 0.794118 0.362979 0.797444 0.366246 0.799545 0.368581 0.799370 0.376751 0.801646 0.387488 0.802346 0.397759 0.803922 0.422736 0.801296 0.432540 0.797444 0.436741 0.794993 0.448413 0.783088 0.453315 0.775910 0.458450 0.765581 0.461485 0.756828 0.465453 0.739846 0.464986 0.726716 0.461951 0.709734 0.457283 0.698880 0.452848 0.694503 0.449580 0.692752 0.446078 0.692752 0.440243 0.697479 0.435107 0.699755 0.422502 0.703782 0.401261 0.708508 0.378385 0.710959 0.362045 0.711835 0.341970 0.711835 0.339869 0.712885 0.338235 0.714986 0.336601 0.723389 0.336601 0.739846 0.338002 0.751401
1 0.328198 0.561099 0.359711 0.564251 0.383287 0.563725 0.392857 0.561275 0.393791 0.560749 0.394024 0.558999 0.394024 0.557248 0.382820 0.540616 0.373249 0.521008 0.369748 0.517332 0.365546 0.520308 0.360177 0.529762 0.349440 0.541141 0.335434 0.551120 0.315593 0.557073 0.318861 0.558824 0.328198 0.561099
1 0.293184 0.563200 0.295752 0.567227 0.294351 0.571604 0.294818 0.581758 0.299486 0.589636 0.306489 0.597864 0.317927 0.602766 0.324697 0.606793 0.331466 0.613620 0.334734 0.615721 0.338469 0.614671 0.349673 0.608193 0.355976 0.606092 0.358543 0.604342 0.367414 0.600665 0.373483 0.598915 0.380019 0.595763 0.400794 0.588060 0.408263 0.586485 0.413165 0.584559 0.413632 0.581583 0.406629 0.575980 0.401727 0.568978 0.393791 0.561099 0.390523 0.560924 0.387021 0.563025 0.381419 0.563901 0.357376 0.563901 0.331933 0.561800 0.321195 0.559874 0.317694 0.558298 0.310691 0.562325 0.307890 0.562150 0.302988 0.559524 0.293184 0.559524 0.292484 0.560574 0.293184 0.563200
1 0.189076 0.714636 0.191410 0.723564 0.195612 0.730917 0.202848 0.735994 0.206583 0.737220 0.209384 0.737220 0.214986 0.739146 0.225023 0.745273 0.230626 0.747024 0.237162 0.748599 0.244631 0.749300 0.264706 0.746324 0.277311 0.742472 0.282913 0.739846 0.295051 0.732143 0.310924 0.718137 0.316293 0.710084 0.316293 0.707283 0.314192 0.705532 0.303688 0.702206 0.300420 0.698704 0.295985 0.696254 0.290616 0.689601 0.288515 0.685224 0.286181 0.675595 0.288515 0.663515 0.292250 0.652311 0.294818 0.648109 0.299720 0.644083 0.301354 0.640931 0.306256 0.636204 0.314893 0.630252 0.316060 0.628326 0.321429 0.624300 0.330065 0.619573 0.330999 0.618347 0.331699 0.616246 0.324930 0.607493 0.319328 0.603992 0.303688 0.599440 0.293884 0.599265 0.290616 0.600140 0.287815 0.603466 0.286648 0.608018 0.278711 0.624300 0.269374 0.637605 0.261438 0.645133 0.253735 0.655987 0.247199 0.660364 0.230392 0.675245 0.219888 0.681548 0.213585 0.686275 0.194678 0.693452 0.191410 0.696078 0.189076 0.703256 0.188375 0.706408 0.189076 0.714636
1 0.071195 0.518732 0.076564 0.532563 0.079832 0.535889 0.082633 0.541317 0.085201 0.542367 0.089869 0.547969 0.098739 0.554797 0.105976 0.559699 0.119748 0.564776 0.133287 0.568277 0.145658 0.569153 0.154062 0.568803 0.167367 0.566702 0.178571 0.561975 0.190009 0.555847 0.200514 0.547444 0.210317 0.536239 0.216620 0.518908 0.217787 0.509629 0.220355 0.504727 0.212652 0.491947 0.201214 0.470063 0.196312 0.457633 0.193044 0.443978 0.193511 0.428571 0.192810 0.426996 0.186041 0.422794 0.172969 0.416842 0.160831 0.414391 0.150093 0.413690 0.141457 0.414216 0.133520 0.415616 0.124416 0.418417 0.110644 0.425245 0.105275 0.429097 0.097339 0.433123 0.089169 0.440126 0.076564 0.456583 0.071662 0.470413 0.068394 0.486870 0.069094 0.509629 0.071195 0.518732
1 0.011204 0.515581 0.018441 0.524860 0.025444 0.530812 0.037115 0.537815 0.043417 0.540266 0.050420 0.541842 0.071895 0.543768 0.077731 0.542892 0.079832 0.541492 0.080999 0.540091 0.080065 0.536415 0.073529 0.525385 0.070028 0.515931 0.068394 0.503326 0.068394 0.486695 0.070028 0.473739 0.076097 0.456232 0.078198 0.453256 0.077264 0.451856 0.067694 0.449930 0.056489 0.450455 0.039683 0.454832 0.030812 0.459034 0.022409 0.464286 0.015173 0.472689 0.008870 0.484419 0.007003 0.491246 0.006769 0.501751 0.011204 0.515581
1 0.074463 0.617472 0.080299 0.636730 0.090336 0.657913 0.093137 0.661415 0.104342 0.671744 0.115780 0.679622 0.120215 0.681723 0.126984 0.683648 0.137955 0.683123 0.140756 0.681548 0.141223 0.678046 0.135621 0.666667 0.133520 0.651436 0.134220 0.639706 0.137488 0.622899 0.149160 0.595413 0.160364 0.577556 0.165733 0.571254 0.165500 0.570028 0.164099 0.568803 0.161298 0.568102 0.151494 0.569153 0.136555 0.568803 0.120215 0.565476 0.100840 0.556373 0.095938 0.553046 0.084734 0.542892 0.081466 0.542542 0.077498 0.548319 0.075630 0.553396 0.073763 0.560574 0.072596 0.570553 0.072596 0.599440 0.074463 0.617472
1 0.503968 0.518908 0.503035 0.521884 0.486228 0.552171 0.477591 0.560574 0.477824 0.561450 0.480392 0.562675 0.488095 0.562500 0.506769 0.558298 0.508170 0.554272 0.507470 0.543242 0.508870 0.530987 0.510271 0.525910 0.512605 0.521884 0.525444 0.509279 0.539916 0.501576 0.539449 0.498074 0.528945 0.490546 0.519374 0.481968 0.514006 0.478291 0.508637 0.471989 0.505369 0.469363 0.503501 0.470238 0.505602 0.484069 0.503968 0.518908
1 0.517740 0.184524 0.520542 0.188375 0.523343 0.196078 0.523576 0.199930 0.527077 0.206408 0.527077 0.214111 0.524043 0.223564 0.521942 0.226190 0.515173 0.232143 0.507703 0.237220 0.498366 0.241246 0.498599 0.244573 0.513072 0.246324 0.518441 0.249125 0.522642 0.249300 0.527077 0.248074 0.529645 0.245273 0.530812 0.231092 0.536415 0.213410 0.544585 0.198179 0.561858 0.175245 0.562325 0.171919 0.556489 0.171744 0.550887 0.172794 0.524977 0.174020 0.514706 0.175420 0.508403 0.178571 0.512605 0.182073 0.517740 0.184524
1 0.457049 0.689076 0.457516 0.696254 0.462185 0.706583 0.464519 0.714811 0.467087 0.735119 0.469888 0.737920 0.479692 0.754027 0.500934 0.778711 0.508870 0.786765 0.522876 0.796569 0.529178 0.798494 0.538982 0.799370 0.558590 0.797969 0.581933 0.798845 0.588235 0.797619 0.598039 0.786064 0.604809 0.769258 0.606909 0.755952 0.605509 0.733894 0.602708 0.716562 0.596405 0.696604 0.575630 0.661590 0.568394 0.653361 0.559524 0.646008 0.547152 0.640056 0.543417 0.639006 0.532680 0.638130 0.519608 0.639706 0.497899 0.645658 0.491130 0.650385 0.480159 0.665266 0.457049 0.689076