1 0.136555 0.120098 0.138422 0.125000 0.141690 0.127451 0.147292 0.130427 0.154295 0.131127 0.157796 0.132353 0.161765 0.132178 0.166900 0.133053 0.175303 0.137955 0.179972 0.139531 0.196078 0.139881 0.203315 0.139181 0.212652 0.136905 0.217087 0.136730 0.223389 0.134979 0.245331 0.125875 0.255135 0.119048 0.264006 0.111520 0.274977 0.093838 0.286881 0.078782 0.295285 0.071078 0.296919 0.060224 0.294585 0.050245 0.290383 0.043592 0.276611 0.030112 0.262372 0.023459 0.256069 0.022584 0.251401 0.023634 0.248133 0.022409 0.227124 0.022584 0.217087 0.024510 0.186275 0.036415 0.176237 0.041317 0.169001 0.047969 0.164799 0.050245 0.161298 0.057598 0.155229 0.063375 0.150327 0.070553 0.141690 0.088410 0.136321 0.109244 0.136555 0.120098
1 0.082400 0.148810 0.083567 0.151085 0.091270 0.158789 0.095238 0.161415 0.109244 0.167717 0.125117 0.171394 0.139356 0.173319 0.144024 0.173144 0.161064 0.164916 0.175303 0.154412 0.186741 0.149160 0.193277 0.147934 0.196078 0.146709 0.213585 0.145483 0.227358 0.148109 0.238796 0.152311 0.241130 0.152136 0.255369 0.147409 0.258170 0.143908 0.258170 0.129902 0.256536 0.125525 0.255135 0.123599 0.253968 0.123424 0.251634 0.123249 0.248366 0.124300 0.240196 0.129377 0.224090 0.134804 0.220355 0.134979 0.218721 0.136029 0.210784 0.138130 0.205882 0.138655 0.203081 0.139881 0.199346 0.140056 0.196078 0.141106 0.192577 0.139531 0.181839 0.141106 0.175303 0.136204 0.171335 0.135329 0.167367 0.133053 0.151027 0.131303 0.141923 0.128326 0.139589 0.126751 0.137488 0.123074 0.136321 0.117297 0.136555 0.109769 0.139122 0.096113 0.140756 0.092437 0.140523 0.088235 0.137021 0.088410 0.131419 0.090511 0.119981 0.093137 0.109244 0.098039 0.102007 0.102591 0.087302 0.118697 0.083100 0.126050 0.080766 0.133578 0.080766 0.143908 0.082400 0.148810
0 0.133053 0.226366 0.140056 0.237570 0.151961 0.248775 0.156863 0.251401 0.171569 0.256653 0.178571 0.257528 0.194911 0.258053 0.205649 0.256828 0.212418 0.254902 0.231326 0.243697 0.237628 0.241071 0.244164 0.236695 0.254435 0.227066 0.263072 0.209909 0.264239 0.197829 0.261204 0.183999 0.256769 0.173845 0.253035 0.167717 0.246732 0.161415 0.236695 0.153711 0.226891 0.148985 0.220588 0.147409 0.205649 0.146884 0.195378 0.148284 0.182073 0.152661 0.165266 0.162115 0.159897 0.166492 0.148459 0.171919 0.140990 0.176646 0.136788 0.181197 0.132353 0.188550 0.130486 0.192927 0.128385 0.204482 0.128151 0.210084 0.133053 0.226366
1 0.301821 0.125350 0.305089 0.131653 0.314192 0.141106 0.318861 0.144433 0.331232 0.151085 0.342204 0.155637 0.348739 0.156863 0.352241 0.158438 0.355976 0.158613 0.365079 0.161590 0.376284 0.163340 0.383520 0.162465 0.399393 0.156863 0.404528 0.156162 0.423203 0.157213 0.435574 0.160889 0.443744 0.162115 0.456583 0.161590 0.463352 0.160364 0.470355 0.158789 0.473623 0.156688 0.484127 0.153361 0.499300 0.138831 0.503035 0.133929 0.515873 0.123249 0.516807 0.120973 0.518908 0.119573 0.520308 0.111169 0.520075 0.109244 0.518908 0.108368 0.515173 0.107493 0.512605 0.105567 0.496965 0.101015 0.480392 0.094188 0.476891 0.091562 0.462418 0.083683 0.451447 0.076331 0.442577 0.067927 0.439309 0.063200 0.435808 0.060049 0.431839 0.058999 0.400093 0.061625 0.392624 0.063200 0.371382 0.070028 0.334267 0.084384 0.320261 0.090861 0.309991 0.098214 0.303922 0.105392 0.300187 0.115896 0.300187 0.123950 0.301821 0.125350
1 0.503968 0.000000 0.503268 0.001926 0.495331 0.003501 0.490896 0.003326 0.484360 0.006127 0.480626 0.006478 0.472222 0.009279 0.470121 0.010679 0.461251 0.013831 0.448880 0.022409 0.444444 0.027136 0.437208 0.036590 0.435574 0.042717 0.434874 0.051646 0.436041 0.056898 0.438142 0.060924 0.441643 0.063901 0.445145 0.069153 0.450747 0.074930 0.466853 0.085784 0.487628 0.096289 0.502568 0.102241 0.518207 0.105917 0.538515 0.108018 0.543184 0.110119 0.556256 0.111169 0.559290 0.110469 0.564192 0.111345 0.567694 0.109944 0.577731 0.109069 0.589169 0.106618 0.604342 0.105392 0.613679 0.105567 0.637488 0.107843 0.644024 0.106968 0.651727 0.104342 0.667600 0.096464 0.682306 0.085084 0.682540 0.081349 0.688609 0.067577 0.688142 0.063725 0.690710 0.060924 0.691877 0.057248 0.691643 0.049720 0.690243 0.043943 0.684174 0.036064 0.675770 0.029062 0.665500 0.021359 0.662232 0.019958 0.654295 0.013480 0.647993 0.011905 0.638889 0.007528 0.626284 0.003501 0.623950 0.002276 0.623249 0.000000 0.503968 0.000000
1 0.260971 0.145833 0.263539 0.153186 0.271709 0.164566 0.275910 0.167017 0.282680 0.167892 0.286415 0.167367 0.290616 0.165266 0.296919 0.160189 0.302521 0.157913 0.310458 0.152661 0.312558 0.151085 0.312792 0.149160 0.315126 0.146884 0.317460 0.147584 0.316993 0.144083 0.310924 0.137430 0.312325 0.133578 0.310224 0.132703 0.307190 0.134979 0.302054 0.130252 0.300420 0.126751 0.300187 0.113445 0.304855 0.102766 0.314893 0.094013 0.326331 0.087535 0.373016 0.068627 0.387488 0.064601 0.390523 0.062850 0.394258 0.062675 0.399860 0.060749 0.398226 0.042227 0.398459 0.038340 0.400327 0.033088 0.399627 0.031162 0.394024 0.028536 0.383754 0.026611 0.378618 0.027136 0.362745 0.030812 0.345705 0.037465 0.338469 0.042367 0.328431 0.046569 0.313959 0.057423 0.306022 0.062150 0.288749 0.078081 0.272409 0.098915 0.263772 0.115371 0.260037 0.133053 0.259804 0.138130 0.260971 0.145833
0 0.285948 0.294818 0.293417 0.309874 0.303922 0.323880 0.307423 0.330007 0.314192 0.337010 0.330532 0.349790 0.338469 0.354342 0.355509 0.361695 0.372316 0.365021 0.389589 0.365896 0.393324 0.365721 0.404295 0.362920 0.408030 0.362745 0.416433 0.360119 0.430205 0.350315 0.435574 0.344188 0.438609 0.338585 0.442344 0.328606 0.443511 0.321954 0.443978 0.301296 0.439776 0.268207 0.434874 0.248074 0.426704 0.231092 0.420635 0.223389 0.415266 0.220588 0.410598 0.216211 0.400560 0.209034 0.387488 0.201681 0.365780 0.196779 0.352241 0.195028 0.341737 0.195028 0.335201 0.196429 0.331699 0.198529 0.327498 0.199580 0.307890 0.209384 0.298553 0.216912 0.291317 0.227591 0.288282 0.234419 0.282913 0.251576 0.281979 0.258578 0.282213 0.275560 0.285948 0.294818
1 0.199580 0.439076 0.200980 0.443102 0.207049 0.452206 0.207750 0.457108 0.206349 0.460259 0.211951 0.473915 0.214286 0.475315 0.216387 0.478992 0.222456 0.484594 0.223856 0.486870 0.237862 0.498249 0.241597 0.500350 0.249767 0.503151 0.264006 0.510329 0.272409 0.516457 0.282446 0.518732 0.298319 0.518557 0.312325 0.517507 0.324697 0.512430 0.328665 0.509454 0.331232 0.508754 0.335668 0.505077 0.347572 0.491246 0.351774 0.483718 0.354575 0.480917 0.356909 0.473214 0.366713 0.460784 0.369281 0.453081 0.373950 0.445728 0.377218 0.432423 0.376751 0.414216 0.375117 0.400735 0.373249 0.391282 0.367414 0.376050 0.359244 0.365896 0.354809 0.362745 0.341503 0.357318 0.327498 0.349265 0.307190 0.331758 0.300654 0.329832 0.291550 0.328782 0.286415 0.329482 0.280579 0.329307 0.276377 0.330707 0.269141 0.330882 0.241130 0.340511 0.229925 0.348389 0.222456 0.355917 0.219888 0.360294 0.217320 0.362745 0.212418 0.374475 0.209617 0.376576 0.208917 0.381127 0.207516 0.383578 0.207750 0.387430 0.204482 0.390581 0.203782 0.396008 0.201214 0.401085 0.198646 0.417017 0.198646 0.432073 0.199580 0.439076
1 0.161298 0.459559 0.167834 0.472164 0.175303 0.477766 0.179972 0.478291 0.183707 0.479867 0.187908 0.484244 0.198413 0.487745 0.217554 0.491597 0.223856 0.491947 0.226424 0.491246 0.225724 0.486345 0.223856 0.484594 0.220588 0.484069 0.219188 0.481968 0.216620 0.480567 0.212418 0.473915 0.211251 0.469363 0.206816 0.463410 0.206816 0.459909 0.204482 0.456758 0.206816 0.449405 0.206349 0.448704 0.203548 0.449230 0.202381 0.448004 0.199346 0.435749 0.197946 0.424020 0.198413 0.414741 0.199580 0.407738 0.205415 0.392157 0.206116 0.387080 0.211718 0.375525 0.213585 0.369573 0.220355 0.358368 0.229925 0.347864 0.235061 0.344713 0.237862 0.341912 0.241130 0.341211 0.244631 0.338585 0.263072 0.332458 0.265406 0.330882 0.269374 0.331408 0.271475 0.328431 0.275444 0.329132 0.284781 0.328081 0.296685 0.328782 0.298786 0.327731 0.300654 0.324755 0.299020 0.321429 0.289683 0.312850 0.286181 0.313901 0.283380 0.313200 0.274043 0.313200 0.262138 0.314251 0.258870 0.315651 0.255135 0.315826 0.241130 0.318803 0.234360 0.321604 0.220588 0.329307 0.212185 0.335259 0.207905 0.339694 0.200514 0.344713 0.189076 0.362570 0.177871 0.383754 0.168301 0.408613 0.162932 0.433824 0.161064 0.438901 0.160364 0.452731 0.161298 0.459559
1 0.139356 0.418242 0.147059 0.445728 0.151727 0.450630 0.154062 0.451681 0.157796 0.451856 0.159664 0.449755 0.160131 0.447654 0.160598 0.439076 0.162932 0.425770 0.165033 0.421043 0.167134 0.411940 0.177171 0.385679 0.190710 0.359769 0.196312 0.352416 0.200047 0.345763 0.196078 0.342787 0.188842 0.342262 0.176937 0.347864 0.165033 0.355392 0.157563 0.362220 0.152428 0.369573 0.146825 0.380427 0.141457 0.394083 0.139589 0.404237 0.138889 0.410889 0.139356 0.418242
1 0.063025 0.328606 0.067227 0.338235 0.083567 0.356268 0.093838 0.363620 0.098739 0.365371 0.106209 0.369748 0.112512 0.372024 0.116013 0.372549 0.123716 0.372024 0.133287 0.369923 0.140523 0.370098 0.151027 0.367647 0.154295 0.365546 0.160131 0.358718 0.172502 0.349265 0.183007 0.342787 0.186275 0.338585 0.184407 0.334559 0.179272 0.329832 0.175537 0.324580 0.174603 0.317227 0.179505 0.298494 0.183007 0.290441 0.189542 0.279412 0.189309 0.276085 0.185574 0.270833 0.178805 0.264531 0.171569 0.260329 0.151261 0.251576 0.136555 0.252626 0.119748 0.255777 0.108543 0.260154 0.099907 0.264531 0.091737 0.269958 0.084967 0.275735 0.070261 0.293242 0.063959 0.306197 0.062325 0.313901 0.062092 0.321779 0.063025 0.328606
1 0.179272 0.328256 0.181839 0.331057 0.187442 0.334559 0.191410 0.339111 0.200514 0.342437 0.202614 0.342262 0.206583 0.340161 0.211251 0.335609 0.219421 0.329657 0.239729 0.318978 0.252801 0.315651 0.262372 0.314776 0.265406 0.313725 0.290383 0.313550 0.292017 0.310749 0.285481 0.296218 0.282213 0.283438 0.280812 0.272059 0.281046 0.256478 0.285948 0.238270 0.284781 0.235644 0.283380 0.234944 0.266573 0.235294 0.255135 0.237395 0.251867 0.238796 0.244631 0.239496 0.232260 0.244398 0.209384 0.258754 0.200980 0.269083 0.193978 0.275560 0.186741 0.286064 0.180672 0.297619 0.176004 0.313901 0.175303 0.321254 0.179272 0.328256
1 0.050420 0.510854 0.052288 0.514531 0.053688 0.522934 0.056723 0.533088 0.058590 0.536415 0.059991 0.543417 0.063259 0.550245 0.071195 0.560749 0.077731 0.565126 0.084967 0.568277 0.088702 0.569153 0.098739 0.569153 0.099673 0.567927 0.098039 0.554972 0.098973 0.529762 0.102474 0.500525 0.107376 0.480567 0.111345 0.472339 0.124883 0.458683 0.133053 0.454482 0.140756 0.452206 0.144024 0.452031 0.145892 0.449755 0.144258 0.446078 0.138189 0.418592 0.136321 0.415966 0.123249 0.409839 0.116713 0.408438 0.111811 0.408438 0.100373 0.410714 0.096172 0.412465 0.084500 0.421043 0.077031 0.429797 0.065826 0.445553 0.061858 0.452556 0.052754 0.473915 0.049953 0.489321 0.049486 0.498950 0.050420 0.510854
1 0.096639 0.409664 0.098039 0.410539 0.109244 0.408088 0.116246 0.408263 0.133520 0.414741 0.137021 0.414216 0.139122 0.409314 0.141690 0.393557 0.143791 0.387080 0.151261 0.373074 0.152194 0.370098 0.151727 0.368697 0.150093 0.368172 0.144491 0.369573 0.134220 0.370448 0.113212 0.374475 0.101307 0.390756 0.096639 0.401611 0.095938 0.407913 0.096639 0.409664
1 0.099907 0.567752 0.112278 0.591737 0.123483 0.602416 0.129785 0.605567 0.133287 0.608894 0.144024 0.610819 0.145425 0.605742 0.150560 0.596289 0.154995 0.595238 0.161298 0.589811 0.164566 0.588410 0.165966 0.582633 0.169935 0.578256 0.177638 0.573529 0.181839 0.572304 0.192577 0.574055 0.205182 0.577556 0.232260 0.591562 0.237862 0.597514 0.241363 0.598739 0.243464 0.596814 0.248599 0.584384 0.248599 0.566527 0.246265 0.561450 0.240896 0.555497 0.234127 0.544993 0.232415 0.543709 0.222222 0.529587 0.220121 0.521884 0.219888 0.511905 0.223389 0.501576 0.221055 0.496966 0.221055 0.494748 0.216153 0.492997 0.210084 0.492997 0.193044 0.486695 0.181139 0.483368 0.175070 0.480742 0.173903 0.478641 0.167600 0.474615 0.164566 0.470238 0.160364 0.461310 0.159197 0.455357 0.157563 0.453081 0.147292 0.451155 0.133287 0.454657 0.125817 0.458158 0.119748 0.462885 0.112045 0.471989 0.107143 0.481092 0.104809 0.488620 0.100840 0.512080 0.098973 0.535714 0.098739 0.554622 0.099907 0.567752
1 0.138655 0.629727 0.139122 0.647759 0.143791 0.672094 0.146125 0.679097 0.153128 0.693627 0.164566 0.710434 0.176704 0.724090 0.188842 0.734769 0.203548 0.745098 0.209384 0.748424 0.224090 0.752801 0.236695 0.753852 0.250233 0.753151 0.255135 0.753501 0.276377 0.749300 0.282913 0.746324 0.289916 0.741597 0.293651 0.737920 0.295985 0.730742 0.279412 0.719888 0.265406 0.706583 0.256303 0.691176 0.250934 0.679272 0.247199 0.664741 0.245798 0.652836 0.246499 0.636380 0.250000 0.606268 0.249066 0.604167 0.220121 0.585259 0.206349 0.578957 0.187675 0.573880 0.181606 0.573704 0.175303 0.575455 0.171102 0.578256 0.168067 0.581758 0.165266 0.589286 0.161298 0.591562 0.158030 0.592087 0.150794 0.598564 0.145892 0.608718 0.142157 0.622024 0.138655 0.629727
1 0.068627 0.755077 0.068861 0.761029 0.073063 0.776085 0.084734 0.803571 0.093137 0.817752 0.101307 0.826331 0.105976 0.828782 0.110878 0.832633 0.119748 0.836485 0.123249 0.836660 0.126517 0.837885 0.140756 0.838235 0.145892 0.836485 0.158030 0.834559 0.165033 0.832458 0.174136 0.827556 0.181373 0.825280 0.191877 0.818452 0.199346 0.811800 0.202148 0.807423 0.207516 0.802171 0.214986 0.790966 0.222689 0.775910 0.225023 0.769083 0.226657 0.758403 0.225257 0.755077 0.223156 0.753326 0.220355 0.751926 0.207983 0.748599 0.202848 0.745973 0.196545 0.741422 0.193511 0.737220 0.186508 0.733368 0.173203 0.720588 0.160131 0.705182 0.150794 0.689951 0.143091 0.671744 0.138189 0.649860 0.137255 0.637955 0.137955 0.633578 0.137021 0.630077 0.133520 0.630427 0.117180 0.640756 0.109944 0.648459 0.105042 0.652311 0.098506 0.661765 0.092204 0.666667 0.088702 0.671744 0.086601 0.672969 0.082166 0.679272 0.079599 0.681197 0.071662 0.695728 0.066760 0.716387 0.065359 0.727941 0.065593 0.748074 0.068627 0.755077
1 0.023810 0.761730 0.022409 0.788165 0.022409 0.790616 0.023576 0.792717 0.022876 0.804097 0.026377 0.821078 0.031046 0.830007 0.036415 0.837360 0.043184 0.845238 0.050420 0.849615 0.072596 0.854517 0.087768 0.853116 0.092670 0.851366 0.102241 0.849615 0.116480 0.844188 0.120682 0.841737 0.123249 0.838410 0.116947 0.836485 0.108777 0.831933 0.099673 0.825105 0.091503 0.816176 0.083333 0.802521 0.076797 0.787115 0.076331 0.783438 0.072829 0.776961 0.068394 0.760329 0.065826 0.755602 0.065359 0.752626 0.066060 0.720238 0.068861 0.703256 0.072362 0.693627 0.080766 0.678922 0.089169 0.670693 0.093604 0.664741 0.102241 0.657913 0.103641 0.654762 0.102474 0.653011 0.095238 0.653186 0.083800 0.657563 0.066760 0.666317 0.051120 0.677871 0.038982 0.690301 0.035247 0.695903 0.031746 0.703081 0.025444 0.720938 0.024510 0.728291 0.025677 0.746849 0.023810 0.761730
0 0.202848 0.907738 0.211485 0.935049 0.219655 0.949405 0.229925 0.961660 0.236695 0.966562 0.244631 0.974440 0.251634 0.978291 0.259104 0.984419 0.268207 0.989671 0.297852 0.999825 0.328198 0.999825 0.330999 0.997724 0.335201 0.997024 0.345238 0.992472 0.349440 0.988971 0.352474 0.987570 0.363912 0.974265 0.380952 0.943102 0.383287 0.930672 0.382820 0.917717 0.381419 0.911064 0.379318 0.904237 0.372082 0.889531 0.352474 0.861345 0.348506 0.857493 0.345238 0.851891 0.332633 0.841737 0.318627 0.824405 0.305089 0.813550 0.286181 0.804622 0.278945 0.804447 0.273109 0.805147 0.268908 0.804272 0.259104 0.806373 0.251867 0.808824 0.236461 0.815301 0.220588 0.827731 0.211485 0.842087 0.205415 0.855742 0.201447 0.877451 0.200980 0.883754 0.202848 0.907738
1 0.146825 0.882703 0.151961 0.896359 0.156396 0.911590 0.163866 0.928922 0.171569 0.943803 0.181606 0.956583 0.185574 0.960084 0.196312 0.967962 0.199813 0.969013 0.204949 0.971989 0.210784 0.974090 0.218721 0.974440 0.227124 0.973214 0.234827 0.970588 0.235528 0.966562 0.228758 0.961310 0.216153 0.944678 0.208683 0.930672 0.204248 0.918417 0.201681 0.903887 0.200280 0.884629 0.201214 0.873950 0.203548 0.862570 0.203782 0.855742 0.216387 0.832108 0.224323 0.823179 0.233894 0.816001 0.255135 0.806373 0.258403 0.804272 0.263305 0.803221 0.272876 0.803221 0.279178 0.801996 0.281979 0.800595 0.279412 0.790091 0.274743 0.784139 0.271242 0.777661 0.268908 0.775385 0.256769 0.771359 0.245098 0.764706 0.241597 0.763655 0.239496 0.764006 0.225957 0.774510 0.222689 0.778536 0.217554 0.789741 0.214519 0.793242 0.211718 0.798669 0.209150 0.800245 0.207283 0.803922 0.202614 0.809174 0.190243 0.819503 0.186741 0.821078 0.185341 0.824580 0.175770 0.827731 0.172269 0.830182 0.165500 0.833158 0.156629 0.835959 0.143791 0.838761 0.141690 0.841036 0.141457 0.855917 0.146825 0.882703
1 0.247432 0.662290 0.251401 0.678571 0.257470 0.692577 0.265873 0.706232 0.279178 0.718838 0.287115 0.724440 0.290616 0.725665 0.296685 0.729692 0.309290 0.735294 0.327731 0.739321 0.334500 0.738445 0.345472 0.739146 0.362278 0.737045 0.373950 0.732843 0.390523 0.724615 0.394491 0.720588 0.397059 0.716562 0.402194 0.711660 0.404762 0.705707 0.403595 0.702731 0.400794 0.701681 0.399393 0.700105 0.400093 0.695903 0.399160 0.692752 0.388189 0.679797 0.381886 0.670168 0.379552 0.664741 0.378151 0.657213 0.378852 0.648985 0.382820 0.636555 0.389356 0.626401 0.401027 0.612745 0.401727 0.608894 0.400327 0.604867 0.395191 0.595238 0.392390 0.587885 0.387021 0.579132 0.376517 0.564251 0.365079 0.551996 0.340803 0.533789 0.331933 0.529062 0.316585 0.524554 0.311158 0.521008 0.296685 0.519958 0.279645 0.520483 0.272642 0.521709 0.261204 0.528711 0.256303 0.536239 0.250700 0.563025 0.253501 0.596289 0.250467 0.604692 0.249066 0.624125 0.246732 0.639706 0.246265 0.655112 0.247432 0.662290
1 0.387955 0.675420 0.390056 0.680672 0.402894 0.692927 0.429739 0.706758 0.445845 0.710259 0.453081 0.712535 0.466387 0.713936 0.494865 0.712885 0.502101 0.712185 0.529178 0.707283 0.558123 0.699930 0.569094 0.695203 0.574697 0.693627 0.585434 0.687500 0.602007 0.680147 0.611578 0.674545 0.616480 0.672794 0.626984 0.666492 0.633987 0.660714 0.636555 0.659664 0.644491 0.651961 0.649627 0.644958 0.654995 0.633754 0.656396 0.623074 0.652428 0.611695 0.645425 0.604692 0.639823 0.601190 0.637021 0.597689 0.633287 0.596639 0.623716 0.590861 0.619748 0.589286 0.612745 0.589111 0.606209 0.590686 0.602241 0.592787 0.595238 0.595063 0.584967 0.596814 0.580299 0.596639 0.577965 0.595763 0.572596 0.597339 0.570962 0.599265 0.567460 0.599090 0.564192 0.600490 0.561391 0.600315 0.558357 0.599965 0.548786 0.596113 0.539916 0.594713 0.533147 0.591912 0.529645 0.591737 0.518674 0.588761 0.514472 0.586660 0.512138 0.584559 0.506769 0.582633 0.500000 0.577731 0.498366 0.577031 0.495331 0.577031 0.476891 0.582108 0.463585 0.584209 0.437208 0.593312 0.414099 0.604167 0.402194 0.612920 0.400327 0.615546 0.397526 0.617472 0.383754 0.636730 0.380952 0.648284 0.381653 0.664916 0.387955 0.675420
1 0.427638 0.774510 0.431373 0.778887 0.429038 0.782913 0.428805 0.786590 0.430205 0.788866 0.430439 0.793242 0.435341 0.804097 0.445612 0.818277 0.457750 0.831758 0.466853 0.839286 0.471755 0.841737 0.476424 0.845588 0.481326 0.846989 0.488095 0.851015 0.492997 0.852941 0.501634 0.855392 0.514939 0.857493 0.532913 0.857143 0.546685 0.855042 0.555322 0.852766 0.562325 0.849790 0.568161 0.845763 0.570028 0.843312 0.574463 0.839986 0.581699 0.829132 0.589869 0.806723 0.590803 0.761905 0.590103 0.758578 0.580532 0.741246 0.578198 0.734419 0.575397 0.721464 0.574697 0.702556 0.572362 0.698704 0.567460 0.697829 0.561391 0.700455 0.539916 0.706057 0.536181 0.706232 0.500000 0.713410 0.481559 0.714986 0.462185 0.715161 0.449813 0.713235 0.439076 0.709734 0.435341 0.709384 0.433007 0.709909 0.431373 0.711835 0.429505 0.717087 0.425070 0.753852 0.425303 0.769608 0.427638 0.774510
1 0.311858 0.793417 0.327731 0.800770 0.338702 0.804097 0.341970 0.805847 0.369048 0.806548 0.391223 0.804622 0.401494 0.803221 0.414799 0.800070 0.421569 0.797094 0.427171 0.793242 0.428571 0.789916 0.427171 0.783964 0.425070 0.779587 0.423903 0.771534 0.424136 0.751576 0.429038 0.710259 0.426471 0.706933 0.411298 0.699230 0.407796 0.698529 0.405929 0.699580 0.406162 0.703081 0.408497 0.706583 0.402894 0.714811 0.396825 0.719363 0.394958 0.722514 0.390756 0.726366 0.386788 0.727591 0.375350 0.733193 0.359244 0.738796 0.342670 0.740371 0.333333 0.740021 0.328431 0.741246 0.326564 0.743347 0.324930 0.748249 0.318161 0.757703 0.314192 0.765756 0.309290 0.780812 0.309057 0.789916 0.311858 0.793417
1 0.346172 0.848739 0.352941 0.857668 0.357143 0.866071 0.359477 0.868347 0.362278 0.873599 0.374183 0.885854 0.381186 0.890406 0.384921 0.894433 0.390056 0.898284 0.400794 0.905112 0.424603 0.916667 0.446078 0.923319 0.474090 0.929972 0.489496 0.932073 0.512838 0.931723 0.518908 0.930322 0.526844 0.926646 0.528945 0.924720 0.533613 0.922969 0.535948 0.919993 0.546919 0.912465 0.554388 0.904237 0.558123 0.894083 0.559057 0.886905 0.555789 0.872549 0.549720 0.860994 0.543184 0.856443 0.539683 0.857668 0.529879 0.858543 0.515406 0.858718 0.502101 0.856268 0.487862 0.851716 0.483894 0.849265 0.476190 0.846113 0.463119 0.837360 0.453081 0.828256 0.437442 0.810574 0.435341 0.807248 0.429272 0.805847 0.408730 0.803746 0.400093 0.804272 0.376984 0.807598 0.367355 0.807773 0.348739 0.806723 0.345472 0.807423 0.343371 0.809349 0.339869 0.818452 0.340336 0.835084 0.346172 0.848739
1 0.381186 0.906688 0.384454 0.926120 0.383520 0.935574 0.381653 0.943102 0.372549 0.959034 0.369281 0.966912 0.369514 0.969013 0.370682 0.969888 0.390289 0.972514 0.397526 0.972514 0.405462 0.971113 0.423669 0.964636 0.436508 0.955357 0.440009 0.951331 0.443044 0.946078 0.446078 0.935924 0.447012 0.925245 0.444211 0.923319 0.426004 0.917017 0.421569 0.914391 0.416200 0.912640 0.402661 0.906162 0.388655 0.897409 0.381653 0.891807 0.380486 0.890056 0.376751 0.887780 0.374416 0.888655 0.373483 0.890406 0.379318 0.900910 0.381186 0.906688
1 0.566993 0.878326 0.566293 0.887080 0.567227 0.894083 0.573763 0.916492 0.575864 0.921919 0.591737 0.949230 0.602941 0.961310 0.612278 0.968487 0.621382 0.974265 0.625584 0.975665 0.647526 0.987920 0.665033 0.992647 0.671335 0.993873 0.676704 0.994048 0.686041 0.994223 0.692810 0.993522 0.707049 0.989146 0.713352 0.986345 0.721755 0.977766 0.725957 0.967262 0.725957 0.949055 0.723156 0.930322 0.719888 0.883403 0.710784 0.859244 0.700514 0.840511 0.692810 0.829657 0.682540 0.819853 0.669468 0.810224 0.663866 0.807073 0.654528 0.803396 0.637488 0.800420 0.629552 0.800070 0.619281 0.801120 0.609244 0.805147 0.605275 0.808824 0.602474 0.809874 0.595238 0.810574 0.590336 0.814251 0.586601 0.820553 0.582633 0.831057 0.576564 0.840861 0.567460 0.848915 0.564893 0.855917 0.565126 0.870448 0.566993 0.878326
0 0.749533 0.827906 0.758870 0.848739 0.771242 0.872024 0.785714 0.905812 0.795518 0.919993 0.800420 0.925070 0.804155 0.932248 0.808123 0.935049 0.811391 0.939076 0.816060 0.942227 0.818161 0.945028 0.841737 0.960434 0.848039 0.962360 0.870448 0.972689 0.889589 0.977066 0.900794 0.978466 0.908030 0.978466 0.928805 0.973039 0.935341 0.970763 0.942344 0.966737 0.950047 0.959384 0.955415 0.948179 0.955882 0.931898 0.955182 0.926646 0.950047 0.911064 0.936041 0.883578 0.916900 0.855392 0.909197 0.846814 0.905696 0.841562 0.896125 0.832808 0.891690 0.827556 0.878385 0.816702 0.860878 0.805672 0.848739 0.799720 0.837068 0.795868 0.817694 0.790441 0.788282 0.788690 0.783847 0.789041 0.772876 0.792892 0.760037 0.799195 0.751634 0.806723 0.748133 0.815126 0.747899 0.821254 0.749533 0.827906
1 0.637488 0.797094 0.639823 0.799370 0.644024 0.799545 0.647526 0.801120 0.654995 0.802346 0.661298 0.804622 0.664566 0.807248 0.673203 0.811099 0.687908 0.823179 0.700047 0.838410 0.712185 0.860819 0.717554 0.874125 0.720822 0.886730 0.722689 0.920693 0.725724 0.941877 0.726424 0.956758 0.728291 0.965511 0.730626 0.967087 0.761671 0.969363 0.769141 0.968662 0.777544 0.966036 0.782913 0.963410 0.790850 0.957108 0.801354 0.942927 0.804622 0.935574 0.801120 0.928746 0.792951 0.918417 0.784547 0.904237 0.781979 0.897409 0.778011 0.890406 0.773109 0.877101 0.755836 0.844013 0.744631 0.818978 0.742297 0.818102 0.724323 0.818978 0.706583 0.818277 0.702148 0.817052 0.696545 0.814076 0.690710 0.808123 0.687908 0.802696 0.686741 0.792717 0.685574 0.789916 0.686041 0.784926 0.689309 0.783438 0.689076 0.782213 0.677638 0.785539 0.671802 0.785714 0.661998 0.787640 0.654062 0.787815 0.650794 0.786415 0.640523 0.785364 0.637722 0.786590 0.636788 0.789741 0.637488 0.797094
1 0.694678 0.812675 0.700280 0.815651 0.708217 0.818102 0.721755 0.818978 0.744631 0.816877 0.749767 0.807248 0.754202 0.802521 0.765406 0.794818 0.771008 0.792542 0.785948 0.787815 0.800187 0.788866 0.812092 0.788340 0.817460 0.786415 0.822596 0.782913 0.822829 0.779587 0.819561 0.777486 0.816060 0.776611 0.795051 0.766457 0.785948 0.761029 0.782913 0.758403 0.779412 0.756828 0.765406 0.743697 0.761671 0.739146 0.755836 0.737920 0.733894 0.737745 0.730626 0.739146 0.723856 0.748074 0.721755 0.752101 0.707516 0.766982 0.687675 0.779412 0.686275 0.784314 0.687908 0.803571 0.694678 0.812675
1 0.578431 0.715161 0.577965 0.726716 0.582400 0.741246 0.591737 0.757178 0.596405 0.760504 0.605275 0.770308 0.609711 0.772584 0.619048 0.775210 0.623716 0.778536 0.628618 0.780287 0.635854 0.781162 0.644024 0.784314 0.658263 0.786590 0.665033 0.785889 0.675303 0.783088 0.686275 0.777661 0.691410 0.775910 0.703548 0.769258 0.707516 0.766106 0.721289 0.751751 0.725957 0.743697 0.728525 0.741246 0.729458 0.737920 0.720121 0.733718 0.712418 0.727416 0.707516 0.716912 0.706816 0.704832 0.708450 0.692577 0.712185 0.683123 0.719421 0.669643 0.731793 0.655287 0.744164 0.644433 0.747199 0.640231 0.747899 0.637780 0.742997 0.617997 0.736461 0.605042 0.721289 0.587010 0.709150 0.577731 0.702614 0.575105 0.699346 0.572829 0.685808 0.568452 0.675770 0.567402 0.664799 0.567577 0.657796 0.570203 0.651261 0.576155 0.643791 0.580182 0.641457 0.584559 0.640289 0.584909 0.639589 0.588585 0.641457 0.590861 0.638422 0.593312 0.638189 0.599090 0.640523 0.602591 0.644491 0.603641 0.651027 0.608368 0.654295 0.613095 0.657330 0.621148 0.657330 0.627276 0.655929 0.633754 0.649860 0.645308 0.645892 0.651261 0.638889 0.658263 0.626751 0.667367 0.612979 0.674895 0.609244 0.678396 0.579599 0.692402 0.577031 0.695903 0.576797 0.707108 0.578431 0.715161
0 0.709851 0.720763 0.713119 0.724440 0.714753 0.727766 0.723156 0.734244 0.734360 0.737570 0.754435 0.736870 0.761905 0.737220 0.787348 0.732668 0.852474 0.724090 0.878385 0.715861 0.904062 0.708859 0.909897 0.705182 0.921802 0.700980 0.925070 0.698004 0.933007 0.694678 0.945845 0.685574 0.956816 0.676296 0.964519 0.668592 0.974790 0.655112 0.979692 0.646183 0.983193 0.633929 0.983894 0.612220 0.972923 0.595413 0.957516 0.584734 0.955649 0.584209 0.938842 0.584034 0.913866 0.581933 0.906162 0.581057 0.901261 0.579307 0.896359 0.579132 0.893557 0.578256 0.887021 0.578957 0.847572 0.589111 0.835201 0.593838 0.828431 0.595063 0.809290 0.603641 0.803455 0.605392 0.789916 0.612570 0.781279 0.618347 0.776144 0.620273 0.759104 0.632528 0.734360 0.654412 0.723856 0.665441 0.717087 0.674895 0.713352 0.681898 0.708450 0.697304 0.707750 0.710959 0.709851 0.720763
1 0.764006 0.741947 0.776377 0.752451 0.778011 0.755252 0.789683 0.762955 0.797852 0.766807 0.800187 0.769083 0.814192 0.776436 0.817694 0.776436 0.824230 0.778361 0.827731 0.780637 0.831466 0.781338 0.834267 0.783263 0.838235 0.784664 0.845472 0.786590 0.852007 0.787465 0.865313 0.787640 0.872782 0.786239 0.881886 0.783088 0.894024 0.776786 0.897059 0.773634 0.901261 0.770833 0.907796 0.762080 0.911298 0.753852 0.912932 0.745623 0.912932 0.736520 0.911064 0.723915 0.908497 0.715336 0.904528 0.709909 0.900794 0.710259 0.880486 0.716211 0.797852 0.731793 0.765173 0.737045 0.763305 0.737745 0.764006 0.741947
1 0.782680 0.522409 0.794585 0.537465 0.800654 0.541667 0.803688 0.542892 0.811391 0.549020 0.814192 0.550070 0.815126 0.551646 0.821195 0.555847 0.834734 0.561450 0.841036 0.562675 0.852708 0.567052 0.855742 0.568978 0.870448 0.572129 0.876284 0.572829 0.881186 0.572304 0.904528 0.578782 0.924370 0.581758 0.938375 0.582808 0.950047 0.582808 0.968254 0.585959 0.992530 0.586660 0.999767 0.585784 0.999767 0.448880 0.983894 0.446954 0.964986 0.450105 0.953081 0.450280 0.929272 0.454832 0.924370 0.456758 0.912698 0.459034 0.896825 0.463936 0.879785 0.467437 0.874183 0.469888 0.848039 0.477941 0.841737 0.479167 0.827965 0.483894 0.811625 0.491246 0.805556 0.493172 0.799720 0.495973 0.797619 0.497899 0.793884 0.499300 0.787115 0.504027 0.783847 0.506653 0.780579 0.510854 0.780112 0.515756 0.782680 0.522409
1 0.468721 0.512605 0.468021 0.516282 0.470355 0.524685 0.470588 0.529412 0.478291 0.551120 0.483427 0.560574 0.491363 0.568452 0.494631 0.574755 0.499300 0.575630 0.509104 0.582283 0.521709 0.588761 0.529412 0.591036 0.537348 0.592087 0.541317 0.593662 0.543417 0.596113 0.545752 0.594888 0.548786 0.596464 0.553455 0.597339 0.556022 0.599790 0.557190 0.605567 0.558357 0.605917 0.559757 0.609244 0.561391 0.609419 0.572362 0.602766 0.574463 0.602241 0.575163 0.598564 0.578898 0.597339 0.581466 0.598915 0.583333 0.596814 0.596405 0.594013 0.600607 0.591737 0.606443 0.590336 0.617414 0.586310 0.639589 0.569328 0.642624 0.565126 0.653361 0.555497 0.665033 0.540616 0.668301 0.534839 0.673436 0.528361 0.675770 0.522059 0.680672 0.513130 0.685341 0.501576 0.689776 0.484594 0.690710 0.449230 0.687442 0.432248 0.684407 0.425420 0.679505 0.419293 0.667834 0.410364 0.664332 0.405987 0.661531 0.404412 0.659664 0.401961 0.658263 0.397584 0.647526 0.389006 0.644024 0.387780 0.640523 0.387605 0.630486 0.384104 0.623950 0.382878 0.616713 0.382528 0.609944 0.382878 0.605742 0.384279 0.597339 0.384804 0.578431 0.388130 0.564192 0.392682 0.559290 0.395133 0.552988 0.396709 0.539916 0.402661 0.536415 0.405287 0.531513 0.406513 0.523343 0.410364 0.511204 0.417192 0.500233 0.425070 0.497666 0.428922 0.493697 0.431197 0.490896 0.435399 0.487162 0.438901 0.484827 0.443452 0.482026 0.445728 0.477124 0.453081 0.470822 0.466737 0.467087 0.480742 0.466853 0.491597 0.468721 0.512605
1 0.707283 0.467087 0.714052 0.487745 0.719421 0.498775 0.736228 0.523985 0.750467 0.540441 0.757236 0.546744 0.764706 0.551821 0.779879 0.558298 0.791083 0.559874 0.796685 0.561625 0.803688 0.562325 0.818394 0.563025 0.825397 0.561800 0.827965 0.560574 0.814192 0.550945 0.812092 0.548669 0.808824 0.547269 0.801120 0.541667 0.796685 0.536415 0.793417 0.535539 0.790149 0.532738 0.784547 0.525210 0.779412 0.515581 0.779645 0.511905 0.781746 0.508578 0.788515 0.502801 0.800187 0.495448 0.824697 0.484769 0.842204 0.478817 0.860411 0.473915 0.876517 0.467612 0.901027 0.462010 0.906162 0.460084 0.906629 0.458158 0.904762 0.449230 0.901727 0.441877 0.894258 0.431898 0.887722 0.425245 0.879785 0.420168 0.867647 0.410014 0.859944 0.405287 0.851541 0.401961 0.842670 0.399510 0.838002 0.397059 0.821195 0.393207 0.811158 0.391982 0.808590 0.392507 0.807190 0.393732 0.807190 0.403361 0.805322 0.414916 0.799486 0.428746 0.793417 0.435749 0.781046 0.444328 0.772409 0.447654 0.765640 0.449055 0.750467 0.448529 0.734827 0.445028 0.721755 0.440126 0.712885 0.435749 0.710317 0.436450 0.709150 0.437850 0.707049 0.446078 0.706349 0.454482 0.707283 0.467087
1 0.690476 0.439776 0.692110 0.462885 0.690943 0.482843 0.687675 0.498074 0.672969 0.530112 0.651494 0.560749 0.653828 0.562850 0.659897 0.564951 0.675770 0.565651 0.694678 0.569503 0.699813 0.569853 0.703782 0.568452 0.714052 0.562675 0.721755 0.554272 0.726190 0.547619 0.729692 0.539566 0.731559 0.522059 0.729225 0.515231 0.718721 0.498599 0.711718 0.484419 0.708217 0.474790 0.705649 0.459734 0.703548 0.452556 0.700514 0.449230 0.697246 0.442927 0.689309 0.431723 0.688609 0.432073 0.688609 0.436275 0.690476 0.439776
1 0.376517 0.535189 0.396592 0.561450 0.414332 0.580532 0.416900 0.587885 0.416667 0.592087 0.418301 0.598915 0.420401 0.596113 0.422035 0.595413 0.425070 0.596289 0.449580 0.588585 0.465686 0.582633 0.473856 0.581933 0.484827 0.579307 0.494164 0.574580 0.482960 0.561275 0.477824 0.552696 0.472456 0.539741 0.467554 0.522759 0.465686 0.521008 0.457283 0.519433 0.443044 0.518207 0.437442 0.515931 0.434174 0.512955 0.424136 0.509454 0.416900 0.504552 0.404295 0.490546 0.401261 0.489321 0.383520 0.497199 0.375817 0.503852 0.368814 0.511905 0.369048 0.519783 0.376517 0.535189
1 0.324463 0.526261 0.330766 0.527836 0.339636 0.532738 0.351074 0.540616 0.365079 0.551646 0.378385 0.565651 0.393557 0.587535 0.397059 0.596639 0.404528 0.605567 0.405696 0.603992 0.408263 0.602941 0.411765 0.595413 0.412465 0.589811 0.411998 0.581408 0.401027 0.566877 0.388655 0.552521 0.376050 0.535364 0.369281 0.523284 0.366713 0.514531 0.360177 0.507878 0.349907 0.499825 0.345005 0.498424 0.341737 0.500000 0.337535 0.505077 0.330299 0.509979 0.325163 0.513130 0.318394 0.515756 0.312792 0.518908 0.314893 0.522584 0.324463 0.526261
1 0.223578 0.531846 0.229648 0.541300 0.230581 0.542175 0.233746 0.545771 0.236417 0.547952 0.241085 0.554955 0.244353 0.558982 0.247855 0.561083 0.249489 0.558106 0.250656 0.551454 0.255091 0.537273 0.259059 0.530796 0.265362 0.525368 0.272598 0.523268 0.278901 0.520116 0.267696 0.514864 0.258359 0.509087 0.251356 0.507511 0.247232 0.502993 0.241845 0.500718 0.237428 0.498343 0.231910 0.493386 0.224746 0.502259 0.222645 0.506111 0.221478 0.511538 0.219705 0.518761 0.223578 0.531846
1 0.732960 0.600140 0.740663 0.612395 0.744398 0.621148 0.747899 0.634279 0.751167 0.637255 0.757236 0.633754 0.766106 0.626751 0.779879 0.617647 0.792951 0.609769 0.801821 0.605917 0.808123 0.602241 0.804388 0.598564 0.789916 0.591562 0.776844 0.587360 0.761671 0.584034 0.756069 0.583508 0.733894 0.583859 0.725724 0.585959 0.723389 0.587885 0.723856 0.589461 0.732960 0.600140
1 0.591970 0.809524 0.594538 0.808298 0.602941 0.807248 0.605742 0.806022 0.609711 0.802696 0.618814 0.800245 0.623483 0.797969 0.635621 0.786765 0.636321 0.782913 0.605509 0.770833 0.597106 0.762080 0.591970 0.758754 0.591036 0.761380 0.590570 0.806197 0.591970 0.809524
1 0.461018 0.932423 0.473623 0.947304 0.477358 0.950105 0.487628 0.956408 0.496732 0.960609 0.505602 0.963410 0.517040 0.965336 0.526844 0.965511 0.540383 0.964636 0.546919 0.963585 0.560458 0.959909 0.563959 0.957108 0.574697 0.952556 0.581699 0.948704 0.584267 0.946254 0.585201 0.942752 0.583333 0.935749 0.572362 0.917717 0.567694 0.904237 0.565359 0.902486 0.560691 0.896183 0.551821 0.910014 0.547619 0.913866 0.544818 0.914916 0.543417 0.918943 0.541783 0.920868 0.540149 0.921919 0.536181 0.920868 0.528011 0.926996 0.518207 0.930672 0.512838 0.931898 0.504902 0.932598 0.486928 0.932423 0.472456 0.930672 0.466853 0.928746 0.460084 0.928046 0.459384 0.929097 0.461018 0.932423
1 0.860878 0.803922 0.868347 0.808824 0.869748 0.810924 0.876517 0.814601 0.891690 0.826681 0.905462 0.840861 0.916667 0.853992 0.928571 0.871674 0.932306 0.875700 0.936275 0.876050 0.949346 0.874300 0.984127 0.867122 0.997899 0.862745 0.999767 0.862745 0.999767 0.787815 0.975257 0.780987 0.959617 0.778887 0.939542 0.777311 0.900560 0.778536 0.894024 0.779587 0.892157 0.780987 0.862979 0.792192 0.861811 0.793417 0.859944 0.800070 0.860878 0.803922
1 0.948179 0.905987 0.954949 0.921394 0.956583 0.929797 0.957283 0.941702 0.956116 0.950280 0.957516 0.953081 0.959851 0.954482 0.976891 0.958158 0.999767 0.961485 0.999767 0.863620 0.966853 0.871674 0.942110 0.876225 0.937442 0.879552 0.937908 0.887080 0.948179 0.905987
1 0.913399 0.734769 0.913165 0.748424 0.907796 0.763655 0.899393 0.775910 0.915500 0.776786 0.953081 0.776611 0.959851 0.775910 0.981559 0.769783 0.991363 0.765581 0.996732 0.762080 0.998133 0.760329 0.999767 0.760329 0.999767 0.738620 0.994164 0.740196 0.991130 0.738445 0.984827 0.741772 0.968254 0.741422 0.958917 0.738270 0.949580 0.731968 0.945612 0.732668 0.941410 0.731268 0.934874 0.727941 0.921335 0.719188 0.913866 0.715511 0.911298 0.712535 0.909664 0.713410 0.909664 0.716912 0.913399 0.734769
1 0.983193 0.608018 0.985061 0.616246 0.985994 0.622899 0.985761 0.630077 0.982493 0.643908 0.978291 0.652136 0.961951 0.672794 0.953782 0.679272 0.948413 0.685224 0.935341 0.694678 0.927404 0.699230 0.923903 0.703256 0.929972 0.708683 0.936508 0.712535 0.938609 0.714636 0.951214 0.722164 0.955182 0.723564 0.962652 0.728466 0.970355 0.731618 0.973856 0.734244 0.988329 0.736169 0.994865 0.735644 0.999767 0.734419 0.999767 0.610294 0.997432 0.608456 0.997666 0.605742 0.994631 0.602416 0.990896 0.602066 0.988562 0.599615 0.984827 0.598214 0.982260 0.598739 0.980626 0.600665 0.980392 0.602766 0.983193 0.608018
1 0.911298 0.714111 0.915033 0.717612 0.918768 0.718662 0.940476 0.732143 0.955649 0.738445 0.966387 0.742297 0.973389 0.743172 0.984594 0.742997 0.999767 0.739146 0.999767 0.736520 0.983427 0.735819 0.973623 0.733018 0.970355 0.730567 0.968254 0.730392 0.963352 0.728291 0.940943 0.715336 0.939076 0.713410 0.933707 0.710784 0.926004 0.704482 0.922969 0.703081 0.921335 0.702906 0.910831 0.706758 0.908964 0.709909 0.911298 0.714111
1 0.978992 0.386380 0.975023 0.393732 0.967787 0.403536 0.964519 0.406162 0.960551 0.411590 0.950980 0.421569 0.937675 0.430497 0.928105 0.435574 0.918067 0.438200 0.908030 0.438901 0.904295 0.438375 0.903128 0.439076 0.905696 0.443803 0.908030 0.454482 0.909430 0.457283 0.911298 0.458859 0.919234 0.456758 0.945612 0.451856 0.999767 0.447304 0.999767 0.357318 0.991597 0.357668 0.987628 0.358894 0.985061 0.362920 0.978992 0.386380
0 0.600140 0.304622 0.612278 0.338761 0.618581 0.352416 0.623016 0.356968 0.635387 0.373950 0.640990 0.377801 0.647993 0.386730 0.652194 0.390756 0.659197 0.394608 0.679038 0.412290 0.710084 0.433648 0.732493 0.443627 0.745331 0.447304 0.754435 0.448704 0.768908 0.448004 0.779645 0.444503 0.789449 0.438200 0.798553 0.429097 0.804855 0.412465 0.806723 0.392332 0.804855 0.376225 0.794818 0.347164 0.790149 0.341387 0.787348 0.334384 0.777778 0.316702 0.762605 0.300770 0.752101 0.292367 0.721289 0.271183 0.708217 0.264181 0.692577 0.258228 0.668301 0.255077 0.654528 0.255427 0.639356 0.257178 0.634220 0.258403 0.623249 0.263130 0.611111 0.270308 0.605509 0.275735 0.603175 0.279762 0.599673 0.290616 0.599206 0.300245 0.600140 0.304622
1 0.386088 0.424545 0.386788 0.439076 0.389356 0.453256 0.394258 0.469713 0.400093 0.481443 0.411298 0.498249 0.418301 0.505777 0.425070 0.510154 0.436508 0.514881 0.439076 0.519258 0.441643 0.518207 0.444444 0.518032 0.452381 0.519083 0.459851 0.518382 0.466853 0.519608 0.468487 0.511555 0.466620 0.502101 0.466620 0.479692 0.469888 0.466912 0.476424 0.452906 0.478291 0.451155 0.487395 0.436450 0.491363 0.433648 0.497199 0.427171 0.515406 0.413340 0.526144 0.408088 0.529412 0.404587 0.527544 0.393732 0.519841 0.381653 0.514239 0.375350 0.483660 0.349790 0.477591 0.347164 0.473389 0.346289 0.470121 0.344363 0.460084 0.340511 0.450047 0.338936 0.439776 0.339636 0.433007 0.349090 0.422269 0.358193 0.416200 0.361345 0.397993 0.366246 0.394024 0.369923 0.388422 0.384279 0.386555 0.397409 0.386788 0.407913 0.385154 0.413515 0.384921 0.420518 0.386088 0.424545
1 0.471522 0.321254 0.482026 0.345763 0.484127 0.348739 0.496499 0.359244 0.519141 0.375700 0.526144 0.378501 0.532680 0.382178 0.536181 0.382353 0.546919 0.385154 0.563492 0.388305 0.567927 0.388305 0.577498 0.387080 0.591503 0.383228 0.612745 0.378852 0.620682 0.375000 0.625117 0.371674 0.626751 0.369398 0.627218 0.366071 0.620215 0.356968 0.614613 0.346814 0.603408 0.317577 0.602708 0.313901 0.600607 0.310399 0.598039 0.300770 0.598506 0.289741 0.601541 0.280812 0.604108 0.276436 0.607843 0.272409 0.607376 0.269083 0.593371 0.257178 0.584967 0.252801 0.582633 0.250700 0.567694 0.245623 0.563492 0.245448 0.550420 0.242297 0.526377 0.238095 0.508637 0.242122 0.498133 0.245448 0.489262 0.250525 0.480626 0.257178 0.473623 0.266106 0.466387 0.281863 0.466853 0.298319 0.471522 0.321254
0 0.814893 0.315301 0.815126 0.321078 0.817927 0.326331 0.819094 0.330882 0.827264 0.348915 0.832400 0.356268 0.833333 0.359244 0.852007 0.384279 0.862979 0.402311 0.867880 0.407738 0.882353 0.419118 0.883520 0.421043 0.887722 0.422794 0.897292 0.434174 0.901027 0.437150 0.907563 0.438025 0.914799 0.438025 0.923903 0.435749 0.936041 0.431022 0.949580 0.422269 0.953782 0.418067 0.961485 0.408263 0.967787 0.402661 0.977124 0.388305 0.986461 0.356268 0.989262 0.342087 0.989262 0.320728 0.984360 0.300420 0.975957 0.278887 0.964052 0.258754 0.960551 0.255427 0.957283 0.250700 0.954015 0.248074 0.951447 0.244048 0.943744 0.236520 0.933007 0.230042 0.926237 0.227416 0.921569 0.224615 0.912465 0.221639 0.898226 0.219363 0.893091 0.219013 0.883287 0.219888 0.858077 0.230042 0.851541 0.234069 0.844538 0.236695 0.833567 0.248775 0.829832 0.255952 0.826564 0.260154 0.823296 0.268908 0.820962 0.272409 0.815359 0.293067 0.813259 0.308648 0.814893 0.315301
1 0.654295 0.251401 0.655229 0.252801 0.661064 0.254727 0.665266 0.253852 0.691410 0.257353 0.702148 0.261029 0.714286 0.266807 0.731793 0.277486 0.736928 0.281162 0.738095 0.282913 0.742063 0.284489 0.752101 0.291492 0.758170 0.296919 0.762138 0.299370 0.775910 0.313550 0.779412 0.315126 0.781046 0.313901 0.788049 0.311800 0.793651 0.307073 0.796685 0.306373 0.798086 0.305322 0.800420 0.301996 0.805322 0.297619 0.807656 0.292717 0.810458 0.291667 0.812092 0.289741 0.817694 0.276085 0.818861 0.267507 0.817694 0.251576 0.812092 0.237920 0.809057 0.235294 0.803688 0.227066 0.794818 0.216562 0.789916 0.211310 0.785014 0.207983 0.782913 0.205007 0.773109 0.198179 0.754202 0.188375 0.740663 0.184524 0.727824 0.182073 0.713585 0.182948 0.695612 0.187500 0.683240 0.194853 0.676937 0.199580 0.670168 0.206583 0.665033 0.209909 0.661298 0.214111 0.657330 0.220238 0.655462 0.233718 0.655229 0.247444 0.654295 0.251401
1 0.485994 0.187500 0.489029 0.189076 0.490896 0.192577 0.493231 0.210084 0.496965 0.216036 0.502334 0.221989 0.513539 0.228992 0.525910 0.235119 0.533847 0.236520 0.542951 0.239846 0.552521 0.241597 0.564192 0.241597 0.570495 0.243172 0.581933 0.243172 0.584500 0.242472 0.594771 0.241947 0.607376 0.239496 0.612745 0.239146 0.624416 0.235119 0.640056 0.227766 0.651027 0.219013 0.658263 0.214986 0.662932 0.209209 0.674837 0.198354 0.696078 0.185049 0.700747 0.179272 0.704715 0.169468 0.704715 0.160714 0.703315 0.154587 0.699813 0.147584 0.693744 0.139006 0.680205 0.126225 0.666900 0.118522 0.651727 0.112220 0.644258 0.110119 0.630019 0.108193 0.609944 0.106968 0.594304 0.107493 0.574697 0.110644 0.556489 0.115196 0.542484 0.121499 0.539916 0.123424 0.536415 0.124475 0.513772 0.139706 0.506769 0.140756 0.502334 0.147409 0.491363 0.157738 0.488796 0.161415 0.487862 0.167892 0.485528 0.171744 0.484827 0.175070 0.485294 0.186099 0.485994 0.187500
1 0.342204 0.192927 0.348273 0.194503 0.354108 0.194678 0.366246 0.196604 0.383987 0.200630 0.394491 0.205182 0.401727 0.209734 0.406863 0.212010 0.416200 0.220413 0.421102 0.222864 0.426704 0.229342 0.432306 0.240896 0.435107 0.243347 0.446078 0.241246 0.446779 0.239146 0.453548 0.230567 0.459617 0.220413 0.463352 0.209034 0.463819 0.199580 0.462418 0.189076 0.457283 0.178746 0.450280 0.171744 0.442577 0.166667 0.428571 0.161239 0.418768 0.159489 0.404062 0.159314 0.394024 0.160889 0.375350 0.168067 0.369981 0.171218 0.359244 0.179797 0.355742 0.181197 0.345238 0.189251 0.344304 0.191352 0.342204 0.192927
1 0.658964 0.112045 0.661765 0.114321 0.664799 0.115021 0.668301 0.116947 0.679038 0.123775 0.691643 0.133403 0.700747 0.145308 0.707750 0.163515 0.706349 0.172094 0.703315 0.178746 0.704482 0.182248 0.709851 0.182773 0.720588 0.180672 0.740430 0.183824 0.755836 0.188550 0.779412 0.201331 0.782913 0.201506 0.791550 0.196078 0.804855 0.180672 0.809524 0.171394 0.809991 0.168242 0.805789 0.157038 0.800887 0.136905 0.799720 0.128501 0.800187 0.119223 0.802988 0.104342 0.808357 0.091036 0.815826 0.077906 0.817227 0.071078 0.812558 0.060574 0.805089 0.050420 0.796218 0.041842 0.791317 0.038165 0.775677 0.030462 0.768908 0.028186 0.755369 0.025035 0.746499 0.025385 0.733427 0.024335 0.716853 0.026085 0.696078 0.032913 0.691643 0.036415 0.691410 0.043943 0.693277 0.053221 0.693511 0.061099 0.692110 0.064076 0.693044 0.067927 0.689776 0.071078 0.692810 0.072654 0.693511 0.075805 0.690243 0.078431 0.687908 0.078782 0.687208 0.081583 0.681839 0.087885 0.669234 0.097164 0.654062 0.105917 0.653361 0.107318 0.653128 0.109419 0.658964 0.112045
1 0.504202 0.000000 0.503501 0.001926 0.499767 0.002276 0.496032 0.003676 0.491130 0.003326 0.485761 0.005602 0.472923 0.009104 0.461251 0.014006 0.455182 0.018732 0.448880 0.022409 0.446078 0.025560 0.437442 0.036415 0.435808 0.042717 0.435107 0.051471 0.437908 0.060749 0.441643 0.064076 0.444444 0.068452 0.451214 0.075455 0.467320 0.086134 0.487862 0.096464 0.504435 0.102766 0.516340 0.105392 0.537348 0.107668 0.543184 0.109944 0.547152 0.109769 0.549720 0.110469 0.557423 0.110644 0.560691 0.108894 0.564192 0.110819 0.568161 0.109594 0.577965 0.109069 0.588702 0.106793 0.604342 0.105217 0.637722 0.107843 0.644024 0.107143 0.647526 0.105042 0.651027 0.104692 0.666200 0.097514 0.682540 0.084909 0.683007 0.081408 0.682073 0.078957 0.683123 0.076768 0.686275 0.074580 0.685808 0.073004 0.691410 0.057598 0.691410 0.049720 0.690009 0.043943 0.683940 0.035889 0.654295 0.013655 0.645658 0.011204 0.638889 0.007878 0.625817 0.003501 0.622082 0.001576 0.622082 0.000000 0.504202 0.000000
1 0.904837 0.000000 0.896434 0.003501 0.894100 0.003151 0.891065 0.004027 0.867022 0.006478 0.859319 0.007878 0.854884 0.010154 0.837844 0.013655 0.836210 0.015406 0.828273 0.016982 0.822438 0.020833 0.812167 0.025035 0.803764 0.029412 0.793493 0.036239 0.794893 0.040091 0.809366 0.054447 0.812400 0.058473 0.817536 0.070203 0.821037 0.070903 0.830141 0.059874 0.844380 0.044818 0.864454 0.031513 0.870290 0.029762 0.876593 0.026786 0.885463 0.024685 0.904837 0.026085 0.910906 0.027486 0.920710 0.031863 0.936583 0.043592 0.939151 0.046919 0.942419 0.045343 0.945687 0.039566 0.950356 0.034489 0.951989 0.029412 0.954324 0.026261 0.956191 0.015581 0.945920 0.007353 0.937517 0.003852 0.928880 0.001751 0.928647 0.000000 0.904837 0.000000
1 0.649393 0.000000 0.649393 0.001926 0.656396 0.014006 0.673669 0.026436 0.681606 0.034139 0.685574 0.036064 0.690710 0.035189 0.695612 0.032738 0.701214 0.031513 0.714753 0.026786 0.720121 0.025560 0.733894 0.024160 0.740896 0.024335 0.747666 0.025385 0.757003 0.025035 0.767274 0.027136 0.786415 0.034839 0.790850 0.035889 0.793417 0.035364 0.817927 0.021709 0.824697 0.018732 0.828665 0.012080 0.831933 0.000000 0.649393 0.000000
1 0.425770 0.000000 0.424790 0.002486 0.414799 0.009454 0.411998 0.012255 0.401261 0.029412 0.399393 0.041667 0.400327 0.053046 0.402428 0.058824 0.404528 0.060049 0.421802 0.058123 0.424837 0.057248 0.432540 0.057073 0.434407 0.055497 0.434874 0.044468 0.437908 0.035539 0.447012 0.024335 0.454482 0.018207 0.469421 0.010154 0.494631 0.002276 0.505135 0.001576 0.505135 0.000000 0.425770 0.000000
1 0.249767 0.000000 0.249533 0.006653 0.250934 0.011905 0.258637 0.019608 0.270075 0.024335 0.272409 0.026261 0.294351 0.033964 0.303221 0.035889 0.316527 0.036940 0.324930 0.036765 0.348973 0.034139 0.376984 0.026611 0.386788 0.022759 0.411531 0.010329 0.422969 0.001576 0.422969 0.000000 0.249767 0.000000
1 0.172736 0.000000 0.168067 0.019258 0.167834 0.026436 0.169468 0.032913 0.171802 0.037990 0.175303 0.040966 0.187675 0.035364 0.195378 0.032913 0.213585 0.025210 0.226657 0.022234 0.236928 0.021709 0.251867 0.022059 0.254435 0.021008 0.256069 0.019083 0.250233 0.011905 0.249066 0.006828 0.249066 0.000000 0.172736 0.000000
1 0.145425 0.000000 0.145425 0.001576 0.156162 0.008578 0.165266 0.012080 0.168301 0.011380 0.171802 0.000000 0.145425 0.000000
1 0.105275 0.256478 0.107376 0.258754 0.109477 0.259279 0.126284 0.253501 0.133754 0.251926 0.140289 0.251401 0.147059 0.250000 0.148459 0.249125 0.148926 0.248074 0.139356 0.238095 0.131886 0.225140 0.126984 0.210084 0.128385 0.199055 0.126751 0.197129 0.118814 0.203081 0.111578 0.210084 0.103408 0.223739 0.101541 0.229867 0.102007 0.244923 0.105275 0.256478
1 0.278945 0.201155 0.281979 0.206758 0.284781 0.209034 0.288049 0.213585 0.292951 0.218137 0.294118 0.218312 0.296685 0.217612 0.301354 0.212185 0.304622 0.210084 0.329132 0.197479 0.340570 0.193277 0.346405 0.187500 0.364846 0.175245 0.373716 0.168242 0.373950 0.164916 0.350607 0.159139 0.324463 0.149510 0.320261 0.148810 0.316760 0.149685 0.310458 0.153186 0.286881 0.168592 0.281513 0.174895 0.278245 0.182073 0.277311 0.194153 0.278945 0.201155
0 0.802288 0.137605 0.807190 0.157388 0.813259 0.171919 0.818161 0.176821 0.820495 0.181022 0.824230 0.185049 0.836134 0.193978 0.839869 0.196078 0.859010 0.202731 0.873016 0.204307 0.876050 0.203606 0.883754 0.204307 0.892390 0.201681 0.898226 0.201155 0.908730 0.197829 0.915033 0.194678 0.930205 0.183824 0.941176 0.172094 0.946078 0.165616 0.951214 0.157563 0.956583 0.146709 0.961485 0.133578 0.963819 0.124125 0.964986 0.105042 0.962185 0.092262 0.956816 0.077381 0.950280 0.063375 0.935808 0.043417 0.919468 0.031688 0.910131 0.027311 0.905229 0.026085 0.883520 0.024685 0.869514 0.029062 0.857143 0.035364 0.840570 0.048845 0.837768 0.053396 0.826797 0.064426 0.816527 0.078081 0.806489 0.098214 0.803688 0.106443 0.801821 0.118873 0.801354 0.130252 0.802288 0.137605
1 0.784314 0.203081 0.784547 0.206232 0.793884 0.213936 0.810691 0.233894 0.813725 0.234419 0.827031 0.233718 0.845705 0.234244 0.883287 0.218662 0.897526 0.217612 0.915033 0.220763 0.921102 0.213235 0.923903 0.210959 0.937675 0.202556 0.955649 0.197304 0.972689 0.195028 0.988796 0.194853 0.991597 0.195378 0.999767 0.193627 0.999767 0.160014 0.991130 0.158613 0.984127 0.155287 0.963585 0.152486 0.956816 0.153536 0.954715 0.156513 0.953081 0.157388 0.942810 0.172444 0.939542 0.175070 0.933007 0.182773 0.917600 0.194328 0.908263 0.199055 0.897526 0.201856 0.893324 0.201856 0.890756 0.202731 0.880252 0.202381 0.877451 0.204307 0.862278 0.203431 0.856209 0.202206 0.839636 0.196954 0.823996 0.185749 0.818861 0.179622 0.813959 0.175420 0.810691 0.175770 0.808590 0.177521 0.796919 0.192227 0.784314 0.203081
1 0.946545 0.056898 0.949346 0.060224 0.954482 0.069328 0.960784 0.084734 0.964986 0.098039 0.965920 0.105042 0.965920 0.113796 0.964286 0.128326 0.956816 0.150910 0.959851 0.151961 0.966853 0.151436 0.973856 0.153536 0.978758 0.152311 0.982726 0.149510 0.989496 0.146359 0.997199 0.140756 0.999767 0.140231 0.999767 0.037115 0.987395 0.038515 0.973156 0.041317 0.959150 0.046043 0.949346 0.050770 0.945612 0.053922 0.946545 0.056898
1 0.919001 0.222164 0.925303 0.225665 0.928338 0.226541 0.940710 0.233543 0.944911 0.236695 0.963352 0.257353 0.972222 0.270658 0.978758 0.282738 0.980626 0.289391 0.986228 0.302521 0.991130 0.319678 0.999767 0.320203 0.999767 0.196604 0.992297 0.195728 0.973623 0.195203 0.963585 0.196078 0.950980 0.198880 0.939542 0.202731 0.933240 0.206758 0.928105 0.208859 0.921802 0.213761 0.918067 0.218662 0.917367 0.220588 0.919001 0.222164
1 0.469421 0.202906 0.471289 0.205882 0.470588 0.234594 0.472222 0.241071 0.474556 0.244573 0.481092 0.248775 0.485994 0.250175 0.491363 0.248775 0.503035 0.243172 0.519141 0.238445 0.520542 0.237745 0.521942 0.234419 0.517974 0.231268 0.510504 0.227766 0.506769 0.224090 0.504202 0.223039 0.498133 0.218137 0.494164 0.211134 0.494164 0.206057 0.492297 0.199580 0.492530 0.196078 0.490196 0.189776 0.485994 0.183824 0.483894 0.178922 0.486228 0.166141 0.491130 0.158789 0.493697 0.157563 0.497432 0.154062 0.497899 0.150910 0.503035 0.147409 0.505135 0.143908 0.508637 0.144083 0.510037 0.142507 0.515406 0.140581 0.521709 0.133578 0.529412 0.127801 0.533147 0.126751 0.535481 0.124650 0.545285 0.119748 0.548319 0.117297 0.551587 0.116246 0.550420 0.115196 0.546685 0.113620 0.536415 0.116071 0.522176 0.122374 0.517274 0.125525 0.508637 0.134279 0.505135 0.135854 0.501867 0.139356 0.497899 0.141982 0.489262 0.152486 0.484127 0.157213 0.480392 0.163866 0.476190 0.175245 0.475724 0.181373 0.469421 0.202906
1 0.151261 0.050595 0.153128 0.059174 0.154528 0.061275 0.158030 0.058999 0.163399 0.051821 0.172969 0.043417 0.172969 0.039741 0.169468 0.034664 0.168301 0.028536 0.166667 0.026786 0.163866 0.026611 0.158263 0.029587 0.153361 0.035539 0.151961 0.039741 0.151027 0.043242 0.151261 0.050595
1 0.960084 0.025560 0.976424 0.031338 0.984360 0.037465 0.987628 0.037815 0.999767 0.036590 0.999767 0.007528 0.998133 0.007528 0.989029 0.011555 0.971755 0.016982 0.963352 0.015581 0.957983 0.018732 0.956583 0.022409 0.956583 0.026436 0.960084 0.025560
1 0.942577 0.050595 0.946078 0.051996 0.947946 0.051821 0.960784 0.044993 0.973856 0.040616 0.980626 0.039741 0.982960 0.038340 0.984127 0.036415 0.970588 0.028536 0.959851 0.025210 0.956583 0.021884 0.951447 0.032213 0.941643 0.045168 0.940943 0.046744 0.942577 0.050595
1 0.440243 0.267682 0.440710 0.276085 0.443744 0.293417 0.443978 0.323529 0.442344 0.335259 0.445612 0.336310 0.449580 0.336134 0.451914 0.335259 0.453315 0.330707 0.461251 0.326331 0.468487 0.317927 0.469188 0.314076 0.465920 0.291317 0.467087 0.279237 0.473389 0.266106 0.482726 0.254902 0.481559 0.251926 0.477591 0.248249 0.470355 0.244923 0.457049 0.243697 0.442344 0.244398 0.437908 0.245623 0.435341 0.247374 0.434874 0.248249 0.440243 0.267682
1 0.250467 0.765581 0.261905 0.771359 0.284080 0.778186 0.299720 0.780637 0.307190 0.780812 0.314893 0.763130 0.325397 0.745798 0.326564 0.741246 0.324230 0.739671 0.318627 0.737745 0.313959 0.737220 0.300420 0.732668 0.296685 0.732318 0.294351 0.738095 0.284080 0.746499 0.277311 0.749300 0.253968 0.755252 0.248599 0.758053 0.248366 0.762080 0.250467 0.765581
1 0.074463 0.604342 0.077965 0.610469 0.087068 0.621324 0.093371 0.627101 0.098739 0.631127 0.107376 0.636029 0.111345 0.639531 0.112745 0.640406 0.116713 0.639881 0.132586 0.629027 0.137722 0.627276 0.140990 0.620273 0.142624 0.612920 0.141923 0.610644 0.140756 0.609244 0.132353 0.607318 0.130252 0.605392 0.126284 0.603466 0.116480 0.593838 0.112979 0.591737 0.110644 0.588761 0.109477 0.584909 0.098973 0.568978 0.095705 0.570028 0.087535 0.568978 0.080999 0.569328 0.074463 0.578256 0.072129 0.584909 0.071662 0.595588 0.074463 0.604342
1 0.791550 0.341562 0.794818 0.345938 0.798319 0.353116 0.805322 0.373950 0.807190 0.387780 0.808590 0.390581 0.811158 0.391982 0.824697 0.393908 0.835201 0.396534 0.859477 0.404412 0.860411 0.400560 0.859244 0.397584 0.854575 0.391457 0.850140 0.383403 0.843838 0.375700 0.839169 0.367472 0.833333 0.360819 0.814893 0.323529 0.810458 0.320378 0.791783 0.315126 0.790149 0.314076 0.786415 0.314601 0.781513 0.317052 0.780812 0.317577 0.791550 0.341562
1 0.815826 0.245798 0.819561 0.267157 0.820962 0.270308 0.833800 0.247724 0.844304 0.237220 0.842670 0.234944 0.839402 0.234069 0.817460 0.234594 0.813959 0.235644 0.812325 0.237220 0.813259 0.241246 0.815826 0.245798
1 0.812792 0.290966 0.810224 0.292017 0.798786 0.305672 0.795985 0.307423 0.793184 0.310574 0.795285 0.314251 0.810691 0.319853 0.813492 0.317927 0.812325 0.307248 0.814192 0.290091 0.815359 0.286415 0.814192 0.280462 0.812558 0.286239 0.812792 0.290966
1 0.352007 0.494748 0.353641 0.498074 0.362979 0.503151 0.369748 0.503676 0.372782 0.503326 0.376284 0.501576 0.383754 0.495973 0.394024 0.491246 0.399860 0.487395 0.400327 0.483894 0.397526 0.477591 0.394958 0.474090 0.388889 0.454832 0.387488 0.446254 0.384220 0.435749 0.383520 0.427521 0.380019 0.430497 0.379318 0.434699 0.376517 0.439076 0.375584 0.445028 0.365546 0.463936 0.357843 0.473915 0.354108 0.482493 0.350140 0.487745 0.348739 0.491597 0.352007 0.494748
1 0.838702 0.000000 0.839636 0.004902 0.838936 0.008578 0.841970 0.011204 0.845005 0.011029 0.873950 0.005252 0.891690 0.004202 0.900560 0.002801 0.907096 0.001576 0.907096 0.000000 0.838702 0.000000
1 0.926704 0.000000 0.926704 0.001576 0.937442 0.003852 0.944911 0.007003 0.950280 0.010329 0.956583 0.017157 0.959617 0.014531 0.963352 0.013480 0.966620 0.010154 0.974790 0.005077 0.978525 0.001926 0.978758 0.000000 0.926704 0.000000
1 0.977358 0.000000 0.977358 0.001751 0.963819 0.012080 0.961951 0.015406 0.962652 0.015931 0.970355 0.016632 0.977358 0.015581 0.991130 0.010504 0.997899 0.007178 0.999767 0.007178 0.999767 0.000000 0.977358 0.000000
1 0.243231 0.158263 0.252801 0.166141 0.255602 0.170343 0.260271 0.179797 0.264939 0.196078 0.264006 0.206933 0.261438 0.213235 0.258403 0.217087 0.257937 0.221289 0.255135 0.227066 0.254202 0.231618 0.257470 0.234419 0.272642 0.234069 0.286415 0.232493 0.289916 0.227591 0.292951 0.220238 0.291083 0.216912 0.288049 0.214636 0.279178 0.202556 0.276844 0.194153 0.277778 0.181898 0.282913 0.172094 0.283147 0.168417 0.272642 0.164916 0.270775 0.163690 0.262605 0.151611 0.258637 0.148634 0.248133 0.150910 0.240663 0.154062 0.240196 0.154587 0.243231 0.158263