0 0.351774 0.300070 0.355742 0.305672 0.362745 0.307948 0.374878 0.313173 0.372939 0.317747 0.362410 0.313589 0.364379 0.317927 0.363912 0.321954 0.364846 0.328957 0.370448 0.334384 0.380019 0.339811 0.402661 0.347864 0.407796 0.349090 0.415033 0.348915 0.419001 0.350140 0.426937 0.350665 0.446779 0.350490 0.457049 0.349440 0.473856 0.349615 0.498366 0.345588 0.514472 0.343838 0.536415 0.338410 0.547619 0.334734 0.556022 0.330532 0.566060 0.318978 0.568861 0.314426 0.570728 0.308123 0.570728 0.302871 0.569328 0.296569 0.564192 0.286239 0.557423 0.278536 0.547386 0.271183 0.539683 0.266106 0.532680 0.263305 0.519841 0.259804 0.513072 0.256828 0.501401 0.254202 0.489029 0.252801 0.469655 0.253326 0.449346 0.255427 0.431139 0.259104 0.390523 0.269433 0.383987 0.271709 0.370448 0.278361 0.360411 0.285889 0.358077 0.289391 0.353175 0.293943 0.351541 0.296569 0.351774 0.300070
0 0.547619 0.442752 0.541783 0.460084 0.540383 0.466912 0.541317 0.475665 0.543417 0.480042 0.550187 0.484769 0.560224 0.487395 0.575630 0.489671 0.578198 0.491597 0.581466 0.492297 0.587068 0.490196 0.615780 0.487045 0.630019 0.482493 0.633520 0.480392 0.637021 0.479867 0.640289 0.477591 0.650794 0.473564 0.671335 0.456758 0.685808 0.439601 0.695378 0.421919 0.703548 0.400910 0.710084 0.370098 0.709150 0.358718 0.707049 0.348564 0.700980 0.337710 0.692810 0.330707 0.686275 0.327031 0.675303 0.324230 0.664332 0.323004 0.650794 0.323179 0.633053 0.325280 0.619748 0.328081 0.605742 0.332983 0.585201 0.346464 0.581933 0.350315 0.578198 0.352766 0.571895 0.361870 0.562558 0.372724 0.554388 0.389706 0.552288 0.397409 0.549720 0.432423 0.547619 0.442752
0 0.597806 0.644258 0.605742 0.653361 0.623249 0.663340 0.644024 0.670518 0.661298 0.672969 0.679038 0.673845 0.682073 0.672969 0.689309 0.672619 0.691877 0.671744 0.696078 0.671919 0.750934 0.651961 0.752334 0.650385 0.774743 0.639006 0.780579 0.634104 0.783613 0.632528 0.787815 0.627976 0.794118 0.625350 0.810691 0.612745 0.815126 0.607143 0.820728 0.602591 0.825630 0.591912 0.824930 0.584734 0.826331 0.581583 0.825864 0.578081 0.822596 0.574930 0.815359 0.563200 0.814192 0.562150 0.809991 0.561275 0.806956 0.555322 0.803688 0.553221 0.801354 0.550245 0.792484 0.547444 0.786415 0.542017 0.783147 0.540616 0.772409 0.537815 0.758403 0.535889 0.751401 0.535714 0.745331 0.537115 0.740430 0.536239 0.702614 0.541141 0.695145 0.542717 0.677171 0.548669 0.662232 0.556898 0.650093 0.565126 0.636555 0.575980 0.631886 0.581408 0.622549 0.588761 0.613445 0.597864 0.600373 0.613971 0.597106 0.619223 0.595938 0.622899 0.595005 0.637430 0.597806 0.644258
0 0.383754 0.592437 0.384921 0.596464 0.388189 0.602066 0.395658 0.610294 0.406629 0.616597 0.432540 0.622549 0.461251 0.626401 0.469655 0.628676 0.514939 0.633228 0.546919 0.634104 0.559524 0.630952 0.574230 0.625525 0.589402 0.618347 0.600140 0.611345 0.614146 0.595238 0.617880 0.583158 0.618347 0.570728 0.612745 0.557073 0.603875 0.546919 0.596172 0.541667 0.578198 0.534139 0.574230 0.533964 0.560224 0.530112 0.539683 0.526261 0.526144 0.525385 0.523343 0.524335 0.511438 0.524685 0.500000 0.524160 0.466620 0.527311 0.446078 0.530812 0.442577 0.533088 0.434407 0.535539 0.427171 0.539566 0.420401 0.541667 0.410598 0.547619 0.396125 0.559699 0.387255 0.571078 0.384454 0.577031 0.383520 0.581232 0.382820 0.585084 0.383754 0.592437
0 0.332866 0.716737 0.339869 0.722164 0.345238 0.724790 0.352241 0.730217 0.366480 0.737220 0.369748 0.739671 0.394491 0.749650 0.404295 0.752801 0.416200 0.754902 0.421335 0.756478 0.445378 0.759804 0.454248 0.760154 0.466853 0.761730 0.496499 0.761204 0.505369 0.759979 0.508870 0.758228 0.513305 0.758754 0.518908 0.758053 0.540616 0.750000 0.544351 0.747024 0.558357 0.738796 0.560691 0.738095 0.575630 0.727241 0.577731 0.724265 0.582633 0.721113 0.584734 0.717087 0.588702 0.713235 0.592204 0.706583 0.595472 0.690476 0.594771 0.681898 0.593371 0.679272 0.593137 0.675245 0.590103 0.668242 0.581699 0.654412 0.575397 0.650735 0.572829 0.647234 0.563725 0.642157 0.560691 0.639706 0.539683 0.635154 0.519141 0.634804 0.480859 0.631653 0.469888 0.631303 0.461718 0.632878 0.431139 0.634104 0.418301 0.635329 0.410131 0.638305 0.401494 0.640406 0.397526 0.642682 0.387255 0.646008 0.383287 0.648985 0.373483 0.654237 0.372549 0.655637 0.369981 0.656863 0.355742 0.668242 0.347106 0.678571 0.342904 0.682248 0.337302 0.689426 0.330999 0.702731 0.330532 0.713585 0.332866 0.716737
0 0.633987 0.802346 0.634921 0.803746 0.644725 0.808473 0.649160 0.812675 0.652194 0.817752 0.655229 0.828256 0.657563 0.830882 0.660131 0.831583 0.670401 0.832983 0.676471 0.832983 0.699580 0.829832 0.703548 0.827206 0.722923 0.818978 0.742297 0.807773 0.750700 0.801296 0.762138 0.790266 0.766573 0.784839 0.777778 0.767857 0.781746 0.760329 0.784314 0.757703 0.793651 0.737920 0.801120 0.713235 0.802288 0.695903 0.801120 0.689426 0.797852 0.680147 0.793884 0.674895 0.789216 0.672444 0.783380 0.665966 0.775677 0.662290 0.763305 0.658088 0.748133 0.655987 0.744164 0.656162 0.708917 0.668242 0.677638 0.688901 0.664799 0.703957 0.650560 0.728466 0.642157 0.751751 0.639122 0.763305 0.633987 0.776261 0.633053 0.783613 0.632820 0.791317 0.633987 0.802346
0 0.159664 0.474090 0.166667 0.487745 0.172035 0.494573 0.187908 0.505952 0.217320 0.518732 0.241597 0.524335 0.265640 0.528011 0.284080 0.528887 0.303688 0.528186 0.309290 0.526961 0.338235 0.523985 0.341737 0.522759 0.345472 0.522584 0.388889 0.514181 0.401027 0.508578 0.407796 0.504202 0.415033 0.495098 0.417600 0.489496 0.418301 0.479692 0.417134 0.473739 0.412232 0.469538 0.410598 0.466387 0.402661 0.458158 0.385621 0.448354 0.359010 0.438550 0.332166 0.431197 0.317460 0.429097 0.264006 0.426296 0.231793 0.430497 0.214519 0.435049 0.210317 0.435574 0.195612 0.440126 0.192344 0.442227 0.186975 0.443803 0.175303 0.450105 0.167600 0.457808 0.160364 0.466912 0.159430 0.470413 0.159664 0.474090
0 0.133287 0.398634 0.138422 0.399860 0.145658 0.403361 0.161064 0.407738 0.175770 0.408263 0.196545 0.407038 0.209851 0.405287 0.241363 0.398284 0.268674 0.391282 0.303688 0.375700 0.317460 0.367647 0.322129 0.363971 0.330766 0.359419 0.347806 0.346639 0.355976 0.338410 0.361345 0.328957 0.361811 0.320378 0.359711 0.314251 0.355742 0.312150 0.353875 0.307248 0.348506 0.299195 0.338235 0.293417 0.334734 0.292717 0.322596 0.291317 0.311391 0.290966 0.272642 0.295168 0.258637 0.297444 0.251867 0.299545 0.247899 0.299720 0.244164 0.301471 0.224323 0.306548 0.212418 0.311450 0.205649 0.313200 0.197946 0.317577 0.189309 0.320378 0.183473 0.323179 0.166900 0.333333 0.160364 0.338936 0.152194 0.344363 0.143324 0.352066 0.132586 0.368522 0.128151 0.379552 0.128618 0.389881 0.133287 0.398634
1 0.292017 0.231268 0.299020 0.243347 0.305089 0.249125 0.331232 0.265931 0.349440 0.273634 0.365780 0.278011 0.369748 0.277661 0.382820 0.271534 0.400794 0.266106 0.419001 0.261204 0.444444 0.255952 0.473739 0.252451 0.487628 0.252276 0.498599 0.253501 0.501634 0.252801 0.502334 0.251751 0.498599 0.240896 0.495331 0.237045 0.484127 0.228817 0.463119 0.221289 0.442110 0.211660 0.418768 0.205357 0.394024 0.200280 0.366246 0.199055 0.341970 0.200280 0.324463 0.203256 0.314192 0.205707 0.306256 0.208683 0.292250 0.216737 0.290149 0.220413 0.289683 0.223915 0.292017 0.231268
1 0.223856 0.305147 0.233193 0.303746 0.248133 0.299195 0.275677 0.294118 0.299253 0.292017 0.304855 0.290966 0.318861 0.290791 0.334967 0.292717 0.345238 0.295868 0.348739 0.295868 0.362979 0.282738 0.363912 0.279412 0.356209 0.275910 0.346639 0.273810 0.331232 0.266982 0.324463 0.264706 0.285714 0.262605 0.266106 0.262955 0.252101 0.265756 0.239729 0.272409 0.233894 0.277836 0.225257 0.289566 0.222689 0.297619 0.222456 0.302871 0.223856 0.305147
1 0.518441 0.258578 0.527778 0.261029 0.542951 0.267857 0.558824 0.278711 0.566527 0.288340 0.570261 0.295518 0.571195 0.299370 0.574463 0.303221 0.580299 0.296043 0.588702 0.289566 0.589869 0.286765 0.590103 0.278536 0.588936 0.272584 0.583800 0.264531 0.573763 0.254727 0.567460 0.250700 0.560924 0.247899 0.555789 0.247724 0.540149 0.249300 0.513772 0.254902 0.513305 0.255252 0.518441 0.258578
1 0.591036 0.287465 0.592204 0.288165 0.595705 0.286940 0.605509 0.281338 0.616246 0.277311 0.635621 0.273985 0.658263 0.274510 0.676237 0.272059 0.679272 0.272409 0.681606 0.270833 0.681839 0.268382 0.681139 0.265406 0.677171 0.261905 0.665033 0.254202 0.655696 0.252626 0.648926 0.253326 0.636555 0.252801 0.616013 0.258403 0.600373 0.265406 0.589869 0.272409 0.590336 0.285014 0.591036 0.287465
1 0.568161 0.328606 0.570028 0.334384 0.580532 0.343487 0.584500 0.345063 0.588469 0.343662 0.605509 0.332633 0.619981 0.327731 0.637021 0.324230 0.641223 0.324230 0.650560 0.322654 0.666433 0.322829 0.681606 0.325105 0.685808 0.326331 0.692577 0.330007 0.701214 0.336660 0.707049 0.346464 0.710084 0.357143 0.713352 0.359069 0.735061 0.352941 0.742297 0.348564 0.752801 0.334909 0.755836 0.321254 0.753268 0.317577 0.750467 0.315651 0.748833 0.313025 0.741597 0.306197 0.727358 0.293943 0.723156 0.291492 0.707516 0.284489 0.692577 0.279937 0.681839 0.277136 0.664566 0.274160 0.633287 0.274160 0.616013 0.277311 0.609477 0.279587 0.598973 0.285189 0.591970 0.287815 0.581699 0.296744 0.573996 0.307248 0.568627 0.318803 0.567927 0.321078 0.568161 0.328606
1 0.713352 0.371148 0.719188 0.374825 0.729458 0.385504 0.734360 0.391807 0.742764 0.406338 0.743697 0.409839 0.743697 0.421569 0.742530 0.429447 0.743231 0.432248 0.744398 0.432773 0.749066 0.432773 0.759104 0.434349 0.769141 0.432773 0.803922 0.424720 0.821895 0.418067 0.824463 0.418242 0.846405 0.408438 0.849673 0.405987 0.856909 0.402836 0.858777 0.401085 0.858777 0.397409 0.846405 0.383228 0.841970 0.375525 0.836835 0.369223 0.831699 0.364321 0.817694 0.354867 0.811625 0.352591 0.803922 0.348214 0.795985 0.347689 0.781046 0.349265 0.767974 0.349440 0.749300 0.351541 0.744631 0.351366 0.716853 0.358718 0.713585 0.360294 0.711718 0.362220 0.711718 0.366246 0.713352 0.371148
1 0.692577 0.432773 0.711951 0.431197 0.737628 0.431548 0.739729 0.430147 0.742063 0.425420 0.743697 0.417892 0.743697 0.410889 0.741597 0.403887 0.737862 0.398810 0.734360 0.391106 0.730859 0.386905 0.720588 0.376576 0.713352 0.371148 0.710784 0.371674 0.709851 0.372724 0.704015 0.402836 0.697479 0.419468 0.692577 0.428571 0.691643 0.431723 0.692577 0.432773
1 0.540149 0.397409 0.542484 0.401611 0.545285 0.404412 0.550187 0.405637 0.551354 0.401611 0.551354 0.397059 0.553688 0.392507 0.554622 0.386380 0.561858 0.374125 0.578898 0.352416 0.578198 0.351891 0.574697 0.352241 0.553688 0.358018 0.543884 0.366246 0.539449 0.373424 0.538049 0.380077 0.537815 0.388480 0.540149 0.397409
1 0.410598 0.437325 0.414566 0.441352 0.418301 0.443452 0.421802 0.443978 0.423436 0.442577 0.422736 0.425245 0.425770 0.418592 0.434641 0.408613 0.440009 0.404587 0.445612 0.401611 0.454482 0.398810 0.459617 0.397759 0.465219 0.397584 0.471289 0.394433 0.483427 0.393207 0.504435 0.394083 0.520542 0.396534 0.532680 0.400035 0.534547 0.399685 0.535948 0.396884 0.537348 0.379377 0.538982 0.373599 0.544118 0.365196 0.551354 0.359594 0.553455 0.355742 0.553688 0.348564 0.548319 0.337185 0.546919 0.336485 0.542717 0.337010 0.517507 0.344188 0.497432 0.346464 0.473623 0.350665 0.470355 0.352766 0.463352 0.354867 0.460551 0.356968 0.452614 0.360119 0.444444 0.364496 0.442810 0.366246 0.438375 0.368172 0.430672 0.374650 0.419468 0.387430 0.416667 0.393732 0.411298 0.401961 0.407096 0.416667 0.407330 0.429447 0.410598 0.437325
1 0.282913 0.426120 0.298319 0.426471 0.316993 0.428046 0.331699 0.430147 0.380019 0.444678 0.381653 0.444153 0.394491 0.432948 0.404762 0.421394 0.409664 0.404412 0.415966 0.390756 0.417834 0.382353 0.417600 0.372549 0.414332 0.363095 0.408497 0.355042 0.400794 0.348739 0.394024 0.346113 0.376517 0.340511 0.362045 0.339636 0.356037 0.340828 0.354108 0.342962 0.331232 0.360119 0.304855 0.376576 0.303455 0.379552 0.291317 0.395833 0.290383 0.400035 0.284080 0.411064 0.281279 0.419118 0.281046 0.424720 0.282913 0.426120
1 0.426471 0.438200 0.427871 0.446254 0.436741 0.458683 0.441176 0.463410 0.457750 0.476891 0.466387 0.484944 0.486928 0.499125 0.494865 0.502801 0.515640 0.510329 0.525910 0.511380 0.532446 0.514356 0.542951 0.512255 0.560691 0.511204 0.567694 0.510154 0.570962 0.508578 0.572129 0.505602 0.571429 0.498074 0.574463 0.491246 0.570962 0.489146 0.561858 0.488445 0.556256 0.487220 0.547852 0.483718 0.542250 0.479692 0.540149 0.473915 0.540616 0.463410 0.546919 0.442752 0.549720 0.428922 0.551120 0.411765 0.550187 0.407913 0.519141 0.396534 0.494631 0.393732 0.467087 0.394958 0.462652 0.396709 0.458450 0.397409 0.454949 0.399335 0.442577 0.403711 0.437675 0.407038 0.433007 0.411415 0.430906 0.415091 0.427171 0.418242 0.425070 0.421744 0.423903 0.427696 0.423669 0.432248 0.426471 0.438200
1 0.575864 0.515231 0.581699 0.522059 0.592904 0.531338 0.611111 0.539916 0.626984 0.544818 0.634220 0.545868 0.640289 0.547619 0.668534 0.547969 0.673436 0.546919 0.675770 0.547094 0.692110 0.542717 0.715219 0.537990 0.734594 0.535539 0.740196 0.533789 0.775677 0.517857 0.779412 0.514356 0.782446 0.513480 0.789916 0.507703 0.798319 0.498424 0.802754 0.488095 0.803221 0.479692 0.802521 0.473389 0.797619 0.460259 0.791083 0.452381 0.778711 0.444678 0.765873 0.439951 0.762605 0.437500 0.753501 0.436099 0.748133 0.434524 0.744164 0.434349 0.740896 0.433123 0.734360 0.432423 0.713119 0.431548 0.699346 0.432773 0.692810 0.433824 0.689309 0.435924 0.672502 0.456933 0.654762 0.471989 0.644024 0.477766 0.637255 0.479692 0.632586 0.482143 0.623016 0.485469 0.616480 0.487045 0.578431 0.491422 0.576331 0.492997 0.573063 0.498074 0.573063 0.505077 0.575864 0.515231
1 0.780812 0.444678 0.791550 0.451856 0.798086 0.459559 0.801821 0.466211 0.804855 0.480392 0.802521 0.490896 0.798553 0.498950 0.792951 0.505602 0.776377 0.518908 0.779178 0.522409 0.785948 0.526961 0.792951 0.529937 0.803455 0.533438 0.817460 0.535539 0.831699 0.535714 0.838235 0.533964 0.845472 0.533088 0.862278 0.527486 0.871849 0.520483 0.878852 0.513480 0.883987 0.505252 0.887255 0.495448 0.887722 0.483193 0.886088 0.476891 0.880952 0.466912 0.874416 0.459384 0.869981 0.456408 0.866246 0.452206 0.859244 0.446954 0.856676 0.446078 0.849440 0.441527 0.824463 0.433648 0.810458 0.430147 0.800654 0.428396 0.795051 0.428396 0.778945 0.431022 0.765173 0.435574 0.766340 0.439076 0.780812 0.444678
1 0.866713 0.451155 0.878852 0.463410 0.885154 0.472514 0.888655 0.483543 0.887722 0.498074 0.885854 0.502976 0.880019 0.513305 0.870215 0.522584 0.869048 0.525910 0.876050 0.532213 0.888655 0.540791 0.904762 0.546218 0.913866 0.547269 0.922269 0.547094 0.935574 0.544293 0.950514 0.537115 0.950280 0.533088 0.933473 0.516457 0.912465 0.484944 0.906629 0.473389 0.890289 0.450980 0.883987 0.434174 0.882353 0.424895 0.879552 0.423319 0.876050 0.419293 0.872549 0.417717 0.865079 0.419293 0.857843 0.422619 0.855742 0.424720 0.855042 0.427871 0.854809 0.442577 0.866713 0.451155
1 0.749533 0.534489 0.758637 0.535014 0.772642 0.537115 0.783380 0.540091 0.788515 0.544118 0.792017 0.545343 0.797152 0.548669 0.801120 0.549895 0.808357 0.554797 0.811391 0.560224 0.819328 0.564076 0.820728 0.565826 0.822362 0.571254 0.824697 0.574580 0.827731 0.576506 0.828431 0.576155 0.831699 0.564601 0.831933 0.553746 0.830766 0.542892 0.829599 0.540616 0.825163 0.536415 0.815126 0.536064 0.803688 0.533964 0.780345 0.525035 0.778011 0.523459 0.775910 0.520483 0.772642 0.520833 0.758403 0.526085 0.750934 0.529237 0.748133 0.531688 0.744631 0.532738 0.745331 0.533613 0.749533 0.534489
1 0.824930 0.589461 0.823063 0.599265 0.816760 0.604517 0.808824 0.613971 0.803221 0.617297 0.793651 0.625875 0.790149 0.626751 0.785481 0.630252 0.782680 0.633578 0.770542 0.641632 0.751634 0.649860 0.746499 0.653887 0.744631 0.654412 0.762372 0.656513 0.770075 0.658613 0.779879 0.663165 0.782913 0.663515 0.790850 0.670343 0.796685 0.676821 0.800187 0.675245 0.808824 0.665616 0.817927 0.651961 0.824930 0.638130 0.830999 0.616422 0.833567 0.606092 0.832866 0.591387 0.828431 0.580357 0.825163 0.577031 0.823996 0.577031 0.823996 0.584909 0.824930 0.589461
1 0.834967 0.554097 0.833100 0.557598 0.829832 0.578256 0.833333 0.590861 0.834967 0.603291 0.838469 0.603291 0.845472 0.601190 0.856209 0.600490 0.866480 0.601015 0.876751 0.603116 0.890990 0.607843 0.908263 0.617822 0.914799 0.623249 0.915966 0.622899 0.919001 0.618347 0.922035 0.608193 0.922035 0.594713 0.916900 0.569328 0.907796 0.549195 0.899860 0.545168 0.886321 0.540266 0.879785 0.535539 0.873016 0.532213 0.868114 0.530987 0.866480 0.529237 0.864146 0.529412 0.862745 0.531863 0.866246 0.539566 0.866013 0.543242 0.864146 0.544818 0.841737 0.544643 0.835201 0.545693 0.833800 0.546569 0.835201 0.549545 0.834967 0.554097
1 0.803221 0.692402 0.803688 0.709734 0.804855 0.715161 0.808590 0.720413 0.809524 0.724265 0.812792 0.728992 0.822596 0.738445 0.831466 0.744573 0.838002 0.747024 0.843137 0.753326 0.848273 0.756478 0.859244 0.757528 0.869748 0.752626 0.876284 0.752101 0.890056 0.753151 0.901027 0.755427 0.908263 0.755252 0.920868 0.756303 0.932306 0.755427 0.935808 0.753852 0.944678 0.751751 0.943978 0.748424 0.945845 0.745973 0.951214 0.743697 0.954949 0.740371 0.962418 0.737570 0.964519 0.730567 0.961718 0.710084 0.959851 0.706232 0.958217 0.699405 0.952614 0.687150 0.946779 0.668242 0.940009 0.654237 0.929038 0.639006 0.916433 0.625350 0.907330 0.618172 0.898459 0.612570 0.891690 0.608718 0.883287 0.605392 0.869981 0.602416 0.859244 0.601190 0.846872 0.601541 0.837535 0.603291 0.834967 0.604692 0.823763 0.642857 0.812325 0.661765 0.801120 0.675420 0.799953 0.679972 0.803221 0.692402
1 0.699813 0.834909 0.702381 0.838936 0.721989 0.859769 0.726424 0.862045 0.733427 0.867822 0.741130 0.869573 0.748133 0.872549 0.754902 0.877976 0.758637 0.878151 0.764706 0.869223 0.770775 0.864671 0.777544 0.860994 0.783380 0.855742 0.785714 0.852416 0.785247 0.848915 0.787582 0.841912 0.791317 0.834734 0.803688 0.818803 0.806022 0.814076 0.801587 0.792542 0.790616 0.767857 0.786181 0.760679 0.782446 0.760854 0.769841 0.781863 0.756069 0.797969 0.740896 0.809349 0.717320 0.822304 0.703782 0.827906 0.700280 0.830532 0.699113 0.831583 0.699813 0.834909
1 0.561391 0.641982 0.563725 0.644608 0.571429 0.646534 0.582166 0.656513 0.588936 0.665091 0.591036 0.672794 0.594071 0.678571 0.594538 0.689251 0.595705 0.692052 0.594071 0.696604 0.591737 0.710084 0.589636 0.714461 0.586835 0.716912 0.583333 0.721989 0.576331 0.728291 0.568627 0.733368 0.560458 0.740196 0.551354 0.744223 0.540149 0.751225 0.527544 0.756303 0.524043 0.758754 0.523109 0.760329 0.518207 0.760329 0.515406 0.761029 0.512605 0.763831 0.511905 0.766282 0.512605 0.769258 0.518207 0.777311 0.522409 0.782038 0.525910 0.784314 0.528945 0.789041 0.536648 0.795343 0.550420 0.804272 0.553221 0.803571 0.560924 0.806197 0.566993 0.806548 0.575397 0.804797 0.588702 0.800595 0.608777 0.798319 0.612512 0.797094 0.621148 0.790966 0.630719 0.779937 0.641690 0.750350 0.645425 0.731268 0.647759 0.712710 0.646359 0.685224 0.644958 0.674895 0.644024 0.673669 0.637255 0.670168 0.626517 0.667017 0.619048 0.663515 0.616246 0.661064 0.609244 0.658088 0.598973 0.648985 0.592670 0.637605 0.592904 0.625175 0.591970 0.620798 0.588235 0.620448 0.573763 0.626576 0.568472 0.630369 0.551821 0.633578 0.549953 0.636905 0.555556 0.638305 0.561391 0.641982
1 0.487628 0.902661 0.490896 0.903711 0.499066 0.903711 0.536648 0.898284 0.563725 0.893207 0.570728 0.892682 0.584034 0.889531 0.598739 0.887780 0.605509 0.886029 0.616013 0.886204 0.629085 0.889181 0.637255 0.888130 0.643791 0.886029 0.647059 0.883578 0.649627 0.876050 0.654995 0.844188 0.654995 0.833683 0.652428 0.821779 0.647292 0.814076 0.638655 0.806898 0.633520 0.804972 0.614613 0.801296 0.600840 0.800770 0.584500 0.803396 0.571195 0.806723 0.543184 0.816702 0.526144 0.827906 0.511671 0.841562 0.506069 0.848564 0.501167 0.855567 0.494631 0.867997 0.487628 0.892157 0.486928 0.896884 0.487628 0.902661
1 0.411998 0.834909 0.428571 0.847164 0.439076 0.856443 0.449580 0.864146 0.478291 0.892682 0.484360 0.900560 0.492063 0.872899 0.495798 0.863620 0.500467 0.855392 0.510504 0.842087 0.515873 0.836485 0.525366 0.827964 0.540616 0.817052 0.542717 0.811450 0.542484 0.803221 0.541317 0.800245 0.523576 0.785189 0.515640 0.775210 0.511905 0.772409 0.508637 0.775210 0.503735 0.782738 0.483193 0.795868 0.462885 0.804097 0.454015 0.806548 0.441877 0.811800 0.427871 0.815826 0.417600 0.817577 0.411765 0.821078 0.410598 0.831758 0.411998 0.834909
1 0.245798 0.782913 0.251634 0.794818 0.252801 0.796744 0.269608 0.809174 0.282913 0.814251 0.302288 0.818803 0.323996 0.821429 0.349673 0.823004 0.381419 0.821604 0.392857 0.821779 0.397292 0.820378 0.404295 0.819853 0.419468 0.815476 0.428805 0.814426 0.441643 0.810749 0.443511 0.807948 0.445378 0.807073 0.450280 0.805497 0.453315 0.806022 0.457049 0.805147 0.470588 0.800595 0.473623 0.798845 0.477824 0.797619 0.491363 0.790266 0.500700 0.783789 0.506303 0.777836 0.509804 0.769783 0.508637 0.762255 0.505369 0.760504 0.498599 0.761905 0.485061 0.762955 0.447712 0.761380 0.434641 0.759979 0.429272 0.758403 0.425070 0.758228 0.405229 0.754202 0.382120 0.746674 0.354575 0.732843 0.334967 0.719888 0.331466 0.717962 0.328198 0.717262 0.310691 0.719888 0.306489 0.721814 0.275910 0.730567 0.271475 0.732668 0.262138 0.738796 0.254902 0.744748 0.249767 0.751401 0.244398 0.762780 0.243931 0.773459 0.245798 0.782913
1 0.263305 0.817577 0.264472 0.818452 0.279645 0.825805 0.289683 0.829657 0.306956 0.838936 0.319328 0.843312 0.327031 0.847339 0.331466 0.850840 0.352007 0.859769 0.366947 0.868522 0.396242 0.887693 0.406162 0.896534 0.411064 0.903011 0.418067 0.909489 0.428805 0.903186 0.434874 0.901786 0.452848 0.903186 0.463585 0.904762 0.478058 0.904412 0.480859 0.903361 0.481559 0.900735 0.474556 0.889181 0.458217 0.873074 0.454482 0.868347 0.440943 0.858543 0.436975 0.854692 0.430906 0.850665 0.428805 0.848039 0.414099 0.837185 0.404062 0.831232 0.399860 0.827731 0.392857 0.824230 0.387488 0.822479 0.384220 0.822304 0.357065 0.823529 0.324463 0.822129 0.302288 0.819678 0.296919 0.817577 0.292484 0.817052 0.272642 0.811275 0.265873 0.811625 0.263772 0.812850 0.262372 0.814601 0.263305 0.817577
1 0.170168 0.748074 0.175303 0.756478 0.186741 0.769258 0.192110 0.778711 0.194444 0.788866 0.194444 0.794118 0.191643 0.800070 0.192344 0.801296 0.195845 0.802871 0.213819 0.803221 0.227124 0.804972 0.234360 0.807423 0.237162 0.807598 0.244398 0.810749 0.251634 0.811625 0.252801 0.811099 0.259570 0.806548 0.259804 0.803746 0.257003 0.801821 0.246965 0.789566 0.243231 0.776436 0.242764 0.765581 0.245098 0.758403 0.251167 0.747374 0.258870 0.739846 0.262605 0.737745 0.265406 0.734419 0.264939 0.730742 0.264006 0.729692 0.251634 0.719538 0.246732 0.716912 0.227591 0.709909 0.218021 0.707983 0.206349 0.708333 0.195845 0.709734 0.172035 0.719188 0.166433 0.723739 0.165733 0.726015 0.165733 0.734944 0.170168 0.748074
1 0.170868 0.672094 0.175070 0.679097 0.178338 0.682773 0.185341 0.688550 0.191410 0.691877 0.193978 0.694503 0.206583 0.700980 0.210084 0.702031 0.212885 0.704132 0.241597 0.713585 0.248133 0.716387 0.272176 0.719888 0.279178 0.720238 0.287115 0.722164 0.297386 0.721989 0.325397 0.716387 0.329132 0.713585 0.328198 0.710259 0.331232 0.699405 0.336835 0.687850 0.341737 0.682423 0.347106 0.674545 0.357843 0.663866 0.366246 0.658438 0.369048 0.655812 0.383754 0.647584 0.385387 0.646183 0.386321 0.643732 0.380019 0.638130 0.374183 0.636029 0.367880 0.637080 0.363212 0.638831 0.358310 0.638655 0.335201 0.640581 0.320028 0.640581 0.303922 0.638831 0.291550 0.636029 0.279645 0.631478 0.268674 0.626050 0.262138 0.625700 0.227358 0.632353 0.191410 0.644083 0.185574 0.646534 0.175770 0.653711 0.171335 0.657738 0.168534 0.661940 0.168301 0.665441 0.170868 0.672094
1 0.249767 0.589986 0.251634 0.591912 0.250934 0.595763 0.253268 0.598564 0.252568 0.602241 0.256769 0.612920 0.259104 0.616422 0.265406 0.622724 0.278945 0.630427 0.299953 0.637430 0.313959 0.639181 0.327965 0.640056 0.362278 0.637605 0.379785 0.632878 0.393791 0.626751 0.402428 0.619223 0.403361 0.616772 0.402894 0.615371 0.390289 0.606092 0.386088 0.600665 0.383754 0.595238 0.382586 0.589286 0.383053 0.578431 0.390056 0.565476 0.394725 0.560924 0.397059 0.557423 0.412698 0.545168 0.425303 0.538690 0.442110 0.532563 0.446078 0.533789 0.451447 0.532913 0.451914 0.529412 0.442577 0.523459 0.428338 0.518557 0.415033 0.515931 0.403361 0.515406 0.397526 0.514006 0.393791 0.514181 0.390756 0.515231 0.356909 0.521183 0.344771 0.524335 0.341737 0.524510 0.338235 0.525910 0.327965 0.527136 0.322829 0.528536 0.307190 0.535364 0.303688 0.536239 0.300420 0.538690 0.292017 0.542192 0.258637 0.562500 0.250467 0.573354 0.248599 0.578256 0.248599 0.585609 0.249767 0.589986
1 0.417834 0.472689 0.419468 0.476541 0.419935 0.484769 0.418301 0.491597 0.412232 0.500875 0.407563 0.505952 0.397292 0.512080 0.398926 0.513480 0.403361 0.514881 0.416200 0.516106 0.429739 0.518908 0.440476 0.522234 0.453081 0.527836 0.496499 0.522934 0.504902 0.520833 0.507703 0.519083 0.509570 0.515231 0.512372 0.512255 0.511671 0.510504 0.501867 0.505602 0.493931 0.502976 0.476891 0.493172 0.440476 0.463585 0.432073 0.455532 0.428571 0.454132 0.411064 0.456057 0.406863 0.459734 0.413399 0.466036 0.417834 0.472689
1 0.121615 0.528711 0.128618 0.540441 0.133053 0.544118 0.134687 0.546569 0.154995 0.560399 0.175303 0.572129 0.195845 0.582283 0.220355 0.590861 0.234127 0.594538 0.237395 0.594188 0.241130 0.596113 0.246265 0.591912 0.247899 0.586310 0.247432 0.581758 0.248833 0.574230 0.250467 0.570728 0.257003 0.563025 0.267274 0.556022 0.282680 0.547269 0.286181 0.543943 0.301120 0.536415 0.305322 0.533088 0.303221 0.530637 0.300887 0.529937 0.290149 0.529062 0.271709 0.529237 0.243697 0.525735 0.237628 0.524510 0.233894 0.522759 0.230859 0.522759 0.224090 0.521183 0.194444 0.509804 0.181839 0.502976 0.170401 0.493873 0.165266 0.486520 0.161298 0.484069 0.153828 0.484244 0.146125 0.486169 0.133520 0.493172 0.128385 0.498249 0.125350 0.504902 0.121615 0.508754 0.119748 0.513655 0.119748 0.522234 0.121615 0.528711
1 0.059991 0.577206 0.064426 0.580007 0.072829 0.582108 0.077965 0.586660 0.081466 0.587360 0.089169 0.592787 0.090570 0.595413 0.090803 0.600490 0.089869 0.604517 0.087302 0.609594 0.089869 0.619223 0.096405 0.630427 0.102241 0.634454 0.109944 0.635679 0.112512 0.636730 0.154528 0.641632 0.189076 0.642857 0.192810 0.641457 0.207283 0.638305 0.220355 0.632878 0.227824 0.624300 0.229692 0.616947 0.229458 0.609419 0.225257 0.597514 0.220355 0.592437 0.206349 0.586485 0.195845 0.583333 0.168534 0.569678 0.140990 0.552346 0.128852 0.543242 0.116246 0.541317 0.104342 0.542017 0.088002 0.539741 0.078431 0.538866 0.076097 0.539216 0.073063 0.542542 0.070962 0.554097 0.069561 0.556723 0.061391 0.566352 0.059057 0.567752 0.057656 0.570378 0.058123 0.574580 0.059991 0.577206
1 0.100840 0.638831 0.102474 0.643032 0.105509 0.659489 0.108310 0.664566 0.111111 0.666842 0.114379 0.671919 0.120682 0.686450 0.126984 0.705182 0.131653 0.714986 0.137255 0.735644 0.140289 0.734944 0.148226 0.728992 0.155696 0.725140 0.162465 0.722164 0.164799 0.721989 0.169468 0.717612 0.173203 0.710784 0.174136 0.703081 0.173669 0.692227 0.170401 0.681022 0.167834 0.676996 0.167600 0.671569 0.164799 0.662815 0.155462 0.647059 0.150794 0.643207 0.139356 0.640581 0.109477 0.636204 0.101074 0.635854 0.098973 0.636380 0.098739 0.637255 0.100840 0.638831
1 0.116246 0.455007 0.120215 0.461134 0.119981 0.463761 0.121615 0.467787 0.125117 0.472689 0.135387 0.481443 0.140756 0.484944 0.144258 0.485469 0.161064 0.482143 0.161531 0.480567 0.158497 0.471464 0.159430 0.466737 0.165733 0.458158 0.172736 0.451155 0.177638 0.447479 0.195845 0.439601 0.210551 0.435224 0.234360 0.429447 0.264006 0.425245 0.260971 0.423319 0.259337 0.421218 0.251634 0.417367 0.214986 0.406513 0.209150 0.406162 0.205882 0.407038 0.188609 0.407738 0.185107 0.408438 0.167834 0.408789 0.157796 0.407913 0.140523 0.402136 0.136555 0.401611 0.133520 0.402486 0.122549 0.430147 0.115780 0.452906 0.116246 0.455007
1 0.390523 0.644083 0.403128 0.639356 0.423203 0.634979 0.429038 0.634104 0.460084 0.632703 0.471055 0.630077 0.466620 0.628326 0.456816 0.626225 0.426471 0.621849 0.411064 0.618697 0.406396 0.618522 0.404528 0.618873 0.390289 0.630077 0.388889 0.633403 0.386788 0.640756 0.390523 0.644083
1 0.524977 0.524160 0.529412 0.524860 0.536881 0.524860 0.563259 0.530637 0.572829 0.532038 0.591270 0.538515 0.599440 0.542542 0.604342 0.546218 0.614146 0.557948 0.616246 0.563901 0.618814 0.567752 0.619048 0.579132 0.618114 0.588410 0.619281 0.589111 0.630252 0.581408 0.634220 0.576856 0.658263 0.557948 0.671102 0.550245 0.666667 0.549020 0.650794 0.549020 0.647292 0.547794 0.637021 0.547444 0.633520 0.546043 0.626284 0.545518 0.623249 0.543768 0.613445 0.541667 0.589636 0.530462 0.585668 0.526085 0.579832 0.521534 0.574230 0.513305 0.571195 0.511204 0.542951 0.513305 0.529178 0.518207 0.522876 0.522059 0.522642 0.523109 0.524977 0.524160
1 0.233894 0.408438 0.235528 0.410539 0.241130 0.413866 0.244631 0.415441 0.252101 0.417192 0.264939 0.424370 0.271242 0.425420 0.278711 0.425070 0.280112 0.423494 0.282213 0.414566 0.288982 0.399685 0.301821 0.380252 0.301587 0.378501 0.299953 0.377976 0.296919 0.378852 0.286181 0.383929 0.261204 0.393207 0.241363 0.398810 0.237162 0.399335 0.232960 0.400910 0.232493 0.401961 0.232260 0.404937 0.233894 0.408438