1 0.165266 0.314776 0.166200 0.324930 0.168301 0.332283 0.175770 0.345238 0.178805 0.348739 0.185107 0.352941 0.189542 0.352766 0.199113 0.350665 0.206116 0.348214 0.218021 0.346289 0.238329 0.345238 0.264006 0.348039 0.279645 0.352766 0.289916 0.356968 0.296685 0.354517 0.298319 0.352066 0.298786 0.348739 0.288282 0.335434 0.282213 0.324580 0.281046 0.318627 0.282213 0.302521 0.285948 0.294293 0.292951 0.282913 0.300420 0.275385 0.310691 0.267332 0.324463 0.259629 0.331466 0.257878 0.335201 0.255777 0.341270 0.255077 0.348739 0.252626 0.352241 0.252626 0.355976 0.250000 0.357610 0.244748 0.356443 0.235644 0.353641 0.226716 0.349206 0.219888 0.346172 0.216211 0.338002 0.210084 0.331232 0.206758 0.324930 0.202206 0.316760 0.199230 0.296685 0.194853 0.278945 0.193978 0.265640 0.194678 0.255369 0.196254 0.237862 0.199405 0.221055 0.206057 0.216853 0.207108 0.200047 0.216912 0.192810 0.223389 0.186275 0.230567 0.177404 0.244223 0.171335 0.259104 0.167834 0.273109 0.166200 0.283964 0.163399 0.293242 0.163399 0.307773 0.165266 0.314776
0 0.127451 0.458508 0.130019 0.464286 0.131886 0.480392 0.138189 0.505427 0.140756 0.512080 0.154528 0.532738 0.160831 0.540791 0.164799 0.544118 0.166433 0.546919 0.175303 0.554447 0.189309 0.561800 0.211718 0.566352 0.222689 0.566527 0.238329 0.564776 0.248833 0.562500 0.253501 0.560049 0.265406 0.557248 0.272409 0.552346 0.282913 0.546919 0.296685 0.536590 0.309057 0.524335 0.318161 0.509804 0.325163 0.492472 0.327031 0.484594 0.328431 0.467612 0.327731 0.459734 0.328198 0.438725 0.325397 0.411415 0.322596 0.397409 0.316293 0.383929 0.309290 0.373950 0.294118 0.361870 0.279178 0.353817 0.268908 0.349790 0.245565 0.346639 0.227824 0.346464 0.215920 0.347514 0.199113 0.350665 0.183240 0.356092 0.175303 0.359594 0.171802 0.362220 0.158964 0.369223 0.140990 0.384104 0.135854 0.390231 0.131186 0.397934 0.127684 0.411590 0.126284 0.423669 0.125350 0.436450 0.127451 0.458508
1 0.286415 0.330357 0.293184 0.340861 0.301587 0.350315 0.327965 0.365371 0.342670 0.369573 0.365780 0.377976 0.373016 0.379552 0.385854 0.380777 0.428338 0.376050 0.436741 0.374125 0.443978 0.370973 0.445612 0.366597 0.445845 0.357493 0.447712 0.347689 0.452381 0.334559 0.455882 0.327381 0.468487 0.311450 0.469655 0.308123 0.467320 0.300245 0.460784 0.289041 0.448646 0.276261 0.436975 0.268207 0.421802 0.260504 0.413632 0.258053 0.404295 0.255777 0.387255 0.253326 0.373016 0.252276 0.358310 0.252801 0.341970 0.255427 0.329599 0.258578 0.325630 0.261029 0.315126 0.265406 0.299720 0.276786 0.291083 0.286239 0.283847 0.300245 0.282213 0.306373 0.281979 0.318452 0.286415 0.330357
0 0.565359 0.474090 0.570962 0.491246 0.579832 0.510854 0.591737 0.531688 0.597806 0.539741 0.626751 0.561099 0.644024 0.570203 0.649393 0.571078 0.661298 0.570728 0.671335 0.567227 0.673903 0.564251 0.685574 0.561450 0.695845 0.554797 0.697946 0.551996 0.704715 0.546919 0.713585 0.538340 0.720588 0.530637 0.731559 0.514181 0.734360 0.511204 0.751867 0.482318 0.768207 0.453081 0.782913 0.418417 0.784781 0.391632 0.784547 0.376576 0.782913 0.366071 0.778011 0.349440 0.775210 0.345238 0.774276 0.341387 0.767507 0.328431 0.762605 0.320728 0.759570 0.317752 0.755836 0.310749 0.748133 0.301296 0.741130 0.294468 0.727358 0.284664 0.712418 0.278361 0.706583 0.276786 0.693884 0.276261 0.685808 0.273810 0.682773 0.274510 0.674370 0.274685 0.671802 0.273634 0.670868 0.275035 0.668768 0.276085 0.665266 0.276611 0.661298 0.276261 0.656863 0.277136 0.652661 0.279062 0.640756 0.282563 0.629318 0.288866 0.624883 0.292192 0.615313 0.301996 0.605742 0.313725 0.598273 0.326331 0.596405 0.331408 0.583333 0.355217 0.570962 0.387080 0.562558 0.418242 0.562092 0.453256 0.565359 0.474090
1 0.448179 0.372899 0.452848 0.384629 0.456349 0.390406 0.465920 0.401786 0.472923 0.408088 0.487162 0.416492 0.494631 0.419643 0.502334 0.421744 0.508870 0.422444 0.518207 0.424720 0.533380 0.424720 0.546919 0.423669 0.559757 0.420693 0.561158 0.419468 0.562092 0.416842 0.570261 0.384804 0.581699 0.355567 0.601074 0.319328 0.610177 0.306197 0.612745 0.303746 0.614146 0.300245 0.607610 0.292892 0.597106 0.285714 0.580999 0.279412 0.574930 0.278186 0.565593 0.277311 0.546919 0.278011 0.513072 0.286415 0.501167 0.290966 0.489963 0.297969 0.484360 0.300420 0.468721 0.313550 0.456349 0.328957 0.449113 0.346639 0.447246 0.355742 0.447012 0.364146 0.448179 0.372899
1 0.345705 0.481443 0.348273 0.498950 0.355042 0.519958 0.362979 0.531688 0.369748 0.539566 0.383520 0.551821 0.394258 0.558473 0.397526 0.561450 0.410364 0.569153 0.429272 0.575805 0.442577 0.577381 0.447946 0.576856 0.449113 0.575105 0.449113 0.549370 0.451447 0.529412 0.453315 0.522234 0.458683 0.509454 0.465219 0.499650 0.469188 0.494748 0.478291 0.487045 0.492530 0.478992 0.498833 0.478466 0.508637 0.476190 0.522409 0.476190 0.525910 0.473915 0.526144 0.459209 0.524510 0.445903 0.518908 0.428746 0.512138 0.425245 0.490430 0.419293 0.474556 0.410364 0.464986 0.402486 0.452381 0.387430 0.448880 0.381828 0.437675 0.378852 0.424837 0.378151 0.403828 0.380777 0.387722 0.383578 0.383520 0.385329 0.364846 0.397409 0.358777 0.403711 0.349907 0.418592 0.347106 0.425595 0.344538 0.445903 0.344304 0.462360 0.345705 0.481443
1 0.453548 0.596639 0.457983 0.610644 0.463119 0.623249 0.472222 0.638655 0.480392 0.648810 0.490430 0.658438 0.501401 0.667192 0.508870 0.671218 0.515873 0.673669 0.523810 0.678746 0.529178 0.681197 0.546919 0.687675 0.567227 0.690476 0.578431 0.690651 0.595472 0.688200 0.602241 0.686275 0.605742 0.684524 0.616246 0.676296 0.624183 0.666141 0.632120 0.643732 0.633987 0.620273 0.633754 0.590861 0.634921 0.588585 0.634454 0.574055 0.635154 0.570728 0.634220 0.567927 0.631186 0.564426 0.604809 0.547094 0.596405 0.539216 0.591036 0.532038 0.587068 0.525210 0.584267 0.518207 0.579599 0.511905 0.575630 0.501926 0.567694 0.486345 0.560691 0.483018 0.543651 0.478466 0.533147 0.476891 0.525210 0.476541 0.507937 0.477241 0.501867 0.478641 0.497666 0.478466 0.491130 0.481443 0.487395 0.481968 0.484360 0.484769 0.481092 0.485819 0.470121 0.494748 0.464986 0.500875 0.460084 0.508929 0.452848 0.525910 0.450047 0.546394 0.450280 0.579132 0.453548 0.596639
1 0.294432 0.603548 0.294471 0.603548 0.294471 0.603021 0.294432 0.603021 0.294432 0.603548
1 0.252568 0.644433 0.257937 0.672094 0.268207 0.693452 0.277544 0.707108 0.284781 0.715336 0.293184 0.721464 0.296452 0.725315 0.301354 0.728466 0.307423 0.731443 0.312558 0.732668 0.317460 0.736345 0.327965 0.738796 0.338702 0.739671 0.352241 0.737570 0.359711 0.735119 0.372782 0.728641 0.374183 0.727416 0.373950 0.721113 0.368814 0.706933 0.365079 0.686275 0.365079 0.675945 0.367880 0.664741 0.371849 0.655112 0.384220 0.635679 0.396825 0.622374 0.410831 0.612045 0.413399 0.609244 0.413399 0.604867 0.412465 0.598214 0.408964 0.588060 0.398926 0.566001 0.368347 0.539916 0.359711 0.529237 0.357610 0.527661 0.355742 0.526611 0.341737 0.524685 0.331466 0.525035 0.307656 0.529062 0.303688 0.533088 0.299720 0.535364 0.295518 0.539741 0.284814 0.547419 0.272642 0.553571 0.267274 0.557248 0.264472 0.561275 0.256769 0.581408 0.253268 0.595938 0.251167 0.615021 0.251167 0.627626 0.252568 0.644433
1 0.053221 0.578431 0.056956 0.595588 0.059290 0.600490 0.060691 0.610819 0.065359 0.616772 0.070728 0.627801 0.078665 0.637955 0.084967 0.647934 0.097339 0.661239 0.105742 0.668067 0.119981 0.677696 0.133520 0.684349 0.140523 0.685049 0.161765 0.693277 0.173903 0.695203 0.186275 0.696254 0.188842 0.697129 0.203315 0.697829 0.212885 0.696779 0.230626 0.693452 0.238329 0.690301 0.244865 0.685574 0.253735 0.675070 0.255369 0.668592 0.254669 0.661239 0.253035 0.657563 0.250934 0.644433 0.250467 0.635154 0.250000 0.616597 0.251401 0.603291 0.251867 0.581408 0.247899 0.570728 0.241130 0.566352 0.219188 0.567927 0.202614 0.566176 0.185574 0.560924 0.179505 0.556898 0.175303 0.555147 0.165033 0.546744 0.149393 0.527486 0.143557 0.518557 0.139122 0.509629 0.134687 0.497724 0.133987 0.491246 0.129552 0.487570 0.111345 0.487395 0.097806 0.489671 0.092904 0.491071 0.087535 0.493697 0.082866 0.498775 0.077965 0.499650 0.074930 0.501050 0.071662 0.504902 0.066527 0.506653 0.060924 0.514356 0.057423 0.516282 0.055789 0.518908 0.052521 0.521008 0.050187 0.534664 0.050654 0.561275 0.053221 0.578431
1 0.090103 0.418242 0.091270 0.423319 0.095005 0.432073 0.109010 0.453431 0.119748 0.465861 0.126517 0.478817 0.130252 0.483718 0.131653 0.480742 0.131653 0.476891 0.130486 0.470238 0.125817 0.455007 0.124650 0.439426 0.125817 0.414916 0.130252 0.398985 0.133754 0.392157 0.138655 0.385504 0.144024 0.381828 0.147292 0.377801 0.153128 0.372899 0.164566 0.365021 0.182540 0.355742 0.181139 0.352241 0.175303 0.346464 0.172035 0.341737 0.168301 0.338761 0.150560 0.339986 0.129318 0.344363 0.116013 0.351015 0.107376 0.358543 0.097339 0.370623 0.090103 0.385329 0.088002 0.394083 0.087768 0.404587 0.090103 0.418242
0 0.067227 0.842262 0.070962 0.855042 0.076797 0.867822 0.080532 0.880252 0.089636 0.894783 0.110411 0.915791 0.119281 0.922619 0.154062 0.940301 0.171335 0.944678 0.185341 0.946254 0.199580 0.945553 0.214286 0.941527 0.220588 0.937500 0.223389 0.933473 0.227824 0.929447 0.234360 0.921218 0.242063 0.907563 0.248133 0.892332 0.251634 0.880077 0.254435 0.866772 0.256069 0.850315 0.258403 0.808999 0.256303 0.776436 0.248133 0.753676 0.240196 0.740371 0.232260 0.730917 0.223701 0.723273 0.206583 0.711660 0.192577 0.705182 0.185574 0.703431 0.182540 0.701681 0.172269 0.698179 0.157563 0.694503 0.147526 0.693277 0.133287 0.692577 0.121849 0.694503 0.109711 0.697654 0.098039 0.703256 0.095238 0.705532 0.089169 0.713761 0.081466 0.716737 0.071195 0.724090 0.065826 0.730567 0.062092 0.737745 0.058590 0.750700 0.058123 0.758929 0.056956 0.762080 0.056956 0.783964 0.067227 0.842262
1 0.303455 0.828256 0.304855 0.842087 0.307190 0.852241 0.310924 0.861695 0.319094 0.875875 0.324463 0.883403 0.337302 0.897584 0.344771 0.904412 0.360878 0.916842 0.380252 0.929972 0.388189 0.934174 0.402194 0.946078 0.435574 0.967612 0.439776 0.968662 0.445845 0.972164 0.456816 0.975490 0.461251 0.977941 0.470588 0.981443 0.482026 0.983018 0.488329 0.980917 0.498366 0.973739 0.512138 0.960609 0.515173 0.955182 0.519608 0.950105 0.523109 0.943277 0.529645 0.925070 0.531279 0.912640 0.530579 0.893557 0.526844 0.876576 0.520308 0.855217 0.516807 0.847514 0.511671 0.844188 0.495331 0.849790 0.487628 0.851015 0.484360 0.852241 0.475257 0.853466 0.466387 0.853466 0.463585 0.853116 0.446078 0.846814 0.438609 0.841912 0.428805 0.830707 0.416900 0.813901 0.414799 0.807423 0.410364 0.802871 0.403361 0.789741 0.402428 0.784489 0.400327 0.779587 0.397059 0.775560 0.388189 0.751050 0.385854 0.748599 0.383520 0.743172 0.377918 0.740896 0.376284 0.740896 0.366013 0.744573 0.354809 0.746324 0.342904 0.750525 0.330766 0.758754 0.320495 0.768908 0.313492 0.779062 0.306956 0.794468 0.304155 0.806723 0.303221 0.814251 0.303455 0.828256
1 0.586835 0.740721 0.586368 0.747724 0.584967 0.751576 0.582400 0.767332 0.577031 0.782213 0.570028 0.796394 0.559757 0.809874 0.545051 0.823529 0.526844 0.834734 0.522176 0.838585 0.520308 0.841737 0.520308 0.845763 0.522409 0.859069 0.531046 0.887255 0.534314 0.894958 0.540383 0.904762 0.549953 0.917717 0.564659 0.931723 0.584967 0.943803 0.597106 0.947304 0.615546 0.953957 0.626284 0.956583 0.636555 0.957283 0.654528 0.955882 0.657796 0.955182 0.665033 0.952031 0.671335 0.948179 0.675537 0.944503 0.685574 0.933123 0.695612 0.914566 0.705182 0.890406 0.708217 0.875350 0.712885 0.859594 0.719888 0.821604 0.720588 0.810049 0.719188 0.808648 0.715453 0.807248 0.702614 0.805497 0.681606 0.800070 0.677171 0.798494 0.658886 0.789332 0.651027 0.782213 0.637722 0.773109 0.628618 0.764181 0.610644 0.741947 0.608310 0.737745 0.599206 0.727416 0.592204 0.717437 0.588469 0.715161 0.584967 0.715686 0.584734 0.720763 0.586835 0.740721
1 0.584267 0.699405 0.591503 0.713060 0.594538 0.716562 0.604575 0.732668 0.609244 0.737570 0.616013 0.748249 0.626984 0.761905 0.639589 0.773985 0.650560 0.780637 0.660598 0.789916 0.666200 0.791842 0.675303 0.796744 0.682306 0.799370 0.692577 0.801646 0.695612 0.803221 0.711018 0.806197 0.727358 0.807773 0.734594 0.807948 0.737395 0.807248 0.748133 0.807598 0.766340 0.805847 0.783613 0.806197 0.793884 0.805672 0.810924 0.803221 0.818161 0.801120 0.821429 0.798494 0.826097 0.796744 0.831232 0.791141 0.832166 0.787990 0.831933 0.778186 0.825397 0.737745 0.823529 0.730917 0.823063 0.724265 0.805322 0.679272 0.802288 0.675945 0.779412 0.663340 0.762605 0.651436 0.755836 0.645833 0.739496 0.629727 0.727358 0.612570 0.722923 0.608368 0.710084 0.601891 0.696078 0.597164 0.682773 0.594013 0.675537 0.593487 0.665033 0.591562 0.650560 0.590511 0.647526 0.589461 0.636788 0.589986 0.635387 0.591737 0.634921 0.598915 0.636088 0.608543 0.635154 0.630602 0.631186 0.651436 0.625817 0.665266 0.616246 0.677871 0.607610 0.684874 0.602241 0.687325 0.593838 0.689076 0.585201 0.691877 0.583567 0.693452 0.583333 0.696604 0.584267 0.699405
1 0.761204 0.466737 0.752334 0.484769 0.744164 0.497024 0.739496 0.505952 0.725023 0.527486 0.704482 0.550245 0.705882 0.560749 0.708683 0.567402 0.712652 0.582283 0.722689 0.603466 0.736695 0.623775 0.740196 0.626751 0.750467 0.638831 0.763772 0.650210 0.779879 0.661940 0.787348 0.666141 0.797386 0.670343 0.810224 0.677871 0.818394 0.680322 0.828431 0.681898 0.841036 0.685924 0.847806 0.686975 0.863912 0.688025 0.873249 0.687500 0.889589 0.682073 0.894024 0.679097 0.899160 0.671569 0.909430 0.643908 0.913632 0.626751 0.913866 0.621674 0.915966 0.616071 0.919234 0.588761 0.924370 0.564776 0.925303 0.546043 0.924136 0.534839 0.921569 0.522934 0.918067 0.516982 0.915733 0.510329 0.909897 0.501225 0.907796 0.494748 0.903828 0.492122 0.897993 0.486520 0.884687 0.477241 0.876517 0.468838 0.873016 0.467962 0.869514 0.469013 0.868114 0.467437 0.868114 0.463761 0.866480 0.460784 0.863212 0.459209 0.852241 0.450630 0.848506 0.448880 0.843604 0.448179 0.838469 0.445203 0.821195 0.439951 0.803455 0.438025 0.800420 0.437150 0.784781 0.436625 0.779412 0.436625 0.775910 0.439251 0.767974 0.457108 0.761204 0.466737
1 0.814192 0.699580 0.823996 0.722164 0.827031 0.726891 0.835201 0.735294 0.840103 0.742122 0.842670 0.744223 0.857376 0.761730 0.882586 0.781863 0.896125 0.791141 0.904528 0.795868 0.922269 0.803922 0.928805 0.805147 0.935574 0.807598 0.953548 0.809349 0.971755 0.805497 0.976424 0.802696 0.990430 0.796744 0.996032 0.793067 0.998133 0.790791 0.999767 0.790791 0.999767 0.685574 0.997899 0.685399 0.985061 0.667892 0.980392 0.664216 0.978291 0.660889 0.974556 0.658613 0.970121 0.654412 0.958683 0.648284 0.950280 0.640756 0.943044 0.635504 0.925303 0.618522 0.918301 0.615896 0.915033 0.618522 0.912932 0.633754 0.905929 0.657738 0.898459 0.674720 0.895425 0.678922 0.890289 0.683298 0.886321 0.685224 0.878151 0.687500 0.858310 0.688200 0.838002 0.686275 0.817927 0.680847 0.814192 0.678746 0.810691 0.678746 0.809057 0.681022 0.808824 0.682423 0.814192 0.699580
1 0.831232 0.762080 0.832166 0.772759 0.835201 0.781688 0.834034 0.789916 0.831232 0.794643 0.826331 0.798845 0.817460 0.803396 0.800187 0.806022 0.796685 0.807248 0.768908 0.807423 0.752334 0.809174 0.740430 0.809174 0.732493 0.810749 0.735761 0.821078 0.739729 0.826506 0.742997 0.833508 0.754669 0.846814 0.760504 0.851541 0.768674 0.860119 0.785481 0.875525 0.795518 0.883578 0.821429 0.901611 0.848739 0.916317 0.865780 0.921043 0.873950 0.921919 0.879552 0.923845 0.883754 0.923319 0.893324 0.925770 0.903595 0.925595 0.911298 0.921394 0.918768 0.920868 0.922035 0.921569 0.935341 0.918417 0.942344 0.915966 0.949813 0.912115 0.958450 0.905987 0.961251 0.903186 0.964519 0.897584 0.965920 0.888130 0.965453 0.880777 0.962885 0.869573 0.936975 0.813200 0.930906 0.807248 0.916667 0.802871 0.890523 0.788690 0.856209 0.762430 0.853408 0.758403 0.844071 0.748950 0.835201 0.738270 0.831466 0.735994 0.828198 0.737220 0.827498 0.741422 0.831232 0.762080
1 0.801587 0.362395 0.804388 0.370973 0.806022 0.379902 0.814192 0.394608 0.821195 0.402486 0.824930 0.403186 0.827031 0.407913 0.827965 0.412815 0.829365 0.414741 0.831933 0.416317 0.843371 0.431723 0.845938 0.433473 0.867647 0.463410 0.869281 0.463936 0.873016 0.463410 0.876284 0.467962 0.882120 0.471113 0.887488 0.477066 0.906863 0.490896 0.927871 0.502976 0.943511 0.508228 0.946078 0.512430 0.950514 0.511204 0.971289 0.512605 0.980159 0.511029 0.991130 0.507703 0.995798 0.505777 0.998133 0.503501 0.999767 0.503501 0.999767 0.318452 0.997666 0.316702 0.997432 0.314251 0.988329 0.302696 0.971289 0.286765 0.950047 0.271709 0.932540 0.263480 0.921802 0.259454 0.904295 0.256303 0.889589 0.255602 0.888655 0.255252 0.887021 0.251401 0.884220 0.255252 0.876984 0.257528 0.869981 0.256303 0.866246 0.256478 0.858077 0.262430 0.852241 0.264531 0.829832 0.279587 0.817227 0.292192 0.811625 0.300245 0.810691 0.303571 0.805322 0.313200 0.800654 0.331583 0.800187 0.352416 0.801587 0.362395
1 0.367414 0.693452 0.369981 0.706583 0.373483 0.714986 0.375117 0.721639 0.410598 0.803746 0.430439 0.832283 0.433007 0.834209 0.438609 0.840861 0.446078 0.846639 0.452381 0.848564 0.454015 0.849790 0.462885 0.852241 0.474556 0.852591 0.480859 0.851716 0.500467 0.847339 0.513072 0.842787 0.518908 0.839111 0.523576 0.834734 0.539683 0.825805 0.554855 0.813200 0.558357 0.808824 0.560924 0.807073 0.565359 0.800245 0.567927 0.797969 0.575864 0.782913 0.582866 0.760504 0.585201 0.737045 0.582866 0.716912 0.580065 0.703606 0.577264 0.695378 0.574930 0.691877 0.549953 0.689076 0.536415 0.685224 0.523109 0.679097 0.518674 0.675945 0.507937 0.671744 0.496965 0.665266 0.481559 0.651261 0.470355 0.637080 0.464753 0.625700 0.462652 0.623249 0.456349 0.609244 0.455182 0.601541 0.453081 0.599090 0.450280 0.598564 0.442810 0.599440 0.427871 0.604692 0.418534 0.609069 0.401494 0.619748 0.392390 0.629027 0.386788 0.633578 0.382353 0.639356 0.369514 0.661239 0.366947 0.671919 0.366480 0.683999 0.367414 0.693452
1 0.926237 0.541842 0.926471 0.554622 0.924837 0.568277 0.919468 0.593838 0.920168 0.604342 0.925303 0.615546 0.939076 0.630952 0.954715 0.643732 0.965453 0.651261 0.969888 0.653361 0.973856 0.656338 0.977124 0.657388 0.981092 0.657038 0.991363 0.660539 0.999767 0.661239 0.999767 0.505952 0.994631 0.507003 0.990896 0.508929 0.982960 0.511380 0.970588 0.513655 0.967320 0.513655 0.952148 0.513130 0.945145 0.510329 0.942577 0.508578 0.937442 0.507003 0.925303 0.505077 0.922502 0.508578 0.919701 0.514881 0.923669 0.526961 0.926237 0.541842
1 0.817620 0.290266 0.819254 0.288340 0.821122 0.287815 0.826724 0.281863 0.844931 0.269958 0.851467 0.264181 0.869441 0.256653 0.876444 0.249300 0.878545 0.245973 0.882980 0.242997 0.887415 0.241947 0.890450 0.244923 0.888582 0.250000 0.886481 0.251576 0.884614 0.254902 0.886948 0.257703 0.888816 0.255952 0.891150 0.255252 0.904922 0.255777 0.921262 0.258929 0.935034 0.263655 0.956509 0.275385 0.970982 0.286415 0.973783 0.289741 0.984754 0.297619 0.989189 0.291842 0.997826 0.274685 0.999693 0.274510 0.999693 0.211835 0.986855 0.205707 0.976584 0.202381 0.958844 0.199930 0.944138 0.199230 0.934567 0.199405 0.921495 0.200980 0.904222 0.205007 0.889983 0.209559 0.877144 0.214986 0.871542 0.218662 0.861038 0.223739 0.847032 0.233718 0.838162 0.242472 0.830225 0.250875 0.826257 0.257003 0.821122 0.267332 0.817387 0.281513 0.816920 0.289741 0.817620 0.290266
1 0.492530 0.290966 0.494164 0.292367 0.510037 0.286415 0.518674 0.284664 0.540149 0.278361 0.550420 0.276786 0.565593 0.276611 0.574463 0.277486 0.585201 0.280462 0.595238 0.284664 0.598739 0.285189 0.600840 0.283964 0.601774 0.281863 0.605275 0.265056 0.611578 0.250875 0.621615 0.236870 0.629552 0.230567 0.640756 0.223915 0.641457 0.221113 0.640756 0.217262 0.633520 0.206758 0.621615 0.196429 0.609244 0.188550 0.594071 0.182073 0.581699 0.179097 0.570028 0.177696 0.559991 0.177696 0.537582 0.181197 0.528945 0.183473 0.522642 0.186099 0.510037 0.195028 0.502334 0.203081 0.498133 0.209909 0.494164 0.219013 0.491130 0.244048 0.492063 0.287990 0.492530 0.290966
1 0.699346 0.220413 0.704715 0.221814 0.713119 0.225490 0.724790 0.231443 0.733894 0.237045 0.753268 0.251401 0.763305 0.260679 0.772409 0.271534 0.781513 0.280812 0.803688 0.308298 0.807423 0.304797 0.815826 0.289741 0.819328 0.271183 0.825630 0.257353 0.835434 0.244223 0.842204 0.237920 0.845238 0.233543 0.845238 0.230217 0.843137 0.222689 0.833800 0.208508 0.826331 0.200280 0.811158 0.189076 0.803455 0.185399 0.793651 0.181898 0.774510 0.177346 0.767740 0.176646 0.758170 0.176821 0.751867 0.177696 0.741363 0.181197 0.727358 0.188025 0.706583 0.202906 0.704482 0.205357 0.697712 0.209909 0.694444 0.213235 0.692810 0.217087 0.699346 0.220413
1 0.845472 0.226891 0.848973 0.230742 0.861811 0.222514 0.870915 0.218662 0.882586 0.212185 0.887488 0.210784 0.894725 0.207458 0.914566 0.202206 0.936197 0.199055 0.949580 0.198880 0.957516 0.199405 0.970121 0.201506 0.974556 0.201506 0.984127 0.203606 0.985061 0.202731 0.982493 0.198880 0.975724 0.194328 0.970588 0.187675 0.959617 0.178922 0.938375 0.166492 0.928805 0.162815 0.924370 0.162815 0.921802 0.161765 0.918301 0.161940 0.914099 0.161064 0.911298 0.162115 0.900794 0.162640 0.893791 0.160539 0.890289 0.162640 0.888189 0.162290 0.887021 0.161239 0.873016 0.167542 0.870682 0.169818 0.860411 0.175595 0.859244 0.177696 0.855742 0.179447 0.845472 0.190476 0.838702 0.203081 0.838235 0.205357 0.838002 0.210084 0.845472 0.226891
1 0.883053 0.161239 0.883754 0.162290 0.887021 0.162640 0.891690 0.161590 0.894258 0.162465 0.897993 0.160714 0.900794 0.162290 0.904295 0.161415 0.911064 0.161064 0.919001 0.161590 0.928805 0.163165 0.932073 0.164916 0.938842 0.166842 0.940243 0.168242 0.945845 0.170693 0.957516 0.177696 0.970121 0.189076 0.975490 0.192577 0.976657 0.196078 0.979458 0.199930 0.983894 0.203256 0.987162 0.202906 0.985994 0.192927 0.984127 0.189251 0.977591 0.180847 0.970822 0.174020 0.965219 0.170168 0.959851 0.165091 0.954015 0.161064 0.946078 0.157038 0.933707 0.153361 0.919234 0.151436 0.905929 0.152661 0.898926 0.154237 0.897759 0.155287 0.894258 0.153361 0.890289 0.153711 0.889122 0.154412 0.888422 0.157038 0.883053 0.161239
1 0.458450 0.283613 0.465219 0.292892 0.468254 0.298494 0.470355 0.304972 0.473856 0.306898 0.492530 0.293417 0.490663 0.267332 0.490663 0.245448 0.492530 0.226891 0.496499 0.212885 0.499300 0.207458 0.511204 0.193803 0.522642 0.185574 0.518674 0.183999 0.497899 0.185749 0.491130 0.187850 0.485061 0.191352 0.471755 0.195903 0.466387 0.199055 0.455415 0.208333 0.448179 0.217087 0.445145 0.223739 0.442810 0.244223 0.442810 0.268908 0.458450 0.283613
1 0.314426 0.197654 0.324930 0.201155 0.336368 0.208158 0.347106 0.216387 0.351074 0.220938 0.354342 0.226716 0.357143 0.234594 0.358543 0.240546 0.358543 0.249300 0.360177 0.251751 0.362278 0.252276 0.374416 0.251751 0.394258 0.253326 0.411765 0.256828 0.421802 0.259804 0.435574 0.266457 0.439776 0.264706 0.441176 0.261029 0.442110 0.240021 0.443744 0.229342 0.443044 0.219888 0.439309 0.210084 0.435107 0.203431 0.429038 0.196254 0.421802 0.190651 0.411531 0.185399 0.395892 0.179972 0.376284 0.176996 0.361345 0.176471 0.356443 0.176821 0.349907 0.178396 0.338235 0.181548 0.327965 0.185224 0.316993 0.192052 0.312792 0.195553 0.312325 0.196078 0.314426 0.197654
1 0.105509 0.314076 0.115546 0.330357 0.126517 0.342087 0.130486 0.342962 0.166900 0.336310 0.168067 0.334909 0.164099 0.314426 0.162932 0.296394 0.166433 0.280987 0.167134 0.272934 0.170868 0.259629 0.175770 0.247374 0.184174 0.232668 0.195845 0.219538 0.209384 0.210609 0.213119 0.209559 0.219655 0.205707 0.236228 0.199755 0.236461 0.196078 0.235761 0.195378 0.227358 0.192227 0.207750 0.190126 0.195612 0.190476 0.166433 0.198179 0.151027 0.205882 0.140523 0.212885 0.125817 0.226716 0.117180 0.236870 0.112512 0.244573 0.105742 0.262780 0.101307 0.285364 0.101307 0.300420 0.105509 0.314076
1 0.604809 0.289741 0.616013 0.299020 0.619748 0.296919 0.628385 0.287290 0.641457 0.281162 0.658497 0.275910 0.664566 0.268732 0.668301 0.266457 0.671569 0.265756 0.674136 0.265756 0.677754 0.267244 0.682773 0.273634 0.684874 0.274860 0.700747 0.275210 0.709851 0.276786 0.722456 0.281338 0.728058 0.284314 0.742997 0.295343 0.753735 0.306723 0.767507 0.326681 0.776611 0.344713 0.781046 0.354517 0.784547 0.366246 0.786181 0.382528 0.785247 0.401085 0.786415 0.408088 0.789683 0.406863 0.792951 0.403887 0.797152 0.401786 0.804855 0.390756 0.805556 0.386555 0.805556 0.383578 0.803688 0.380077 0.803922 0.376576 0.800187 0.370273 0.798319 0.355042 0.798319 0.336660 0.801120 0.321779 0.800654 0.317052 0.803688 0.313200 0.804622 0.307248 0.803688 0.306022 0.799020 0.305322 0.791783 0.293242 0.785714 0.287640 0.778478 0.277661 0.762838 0.260504 0.752568 0.251050 0.731793 0.235994 0.720588 0.229342 0.707049 0.223389 0.692577 0.218487 0.679505 0.217262 0.664799 0.217437 0.647993 0.221639 0.630252 0.230917 0.619514 0.240721 0.612745 0.251401 0.612045 0.254552 0.609244 0.258228 0.605976 0.265056 0.602941 0.279412 0.602708 0.286590 0.604809 0.289741
1 0.945845 0.820028 0.949580 0.827206 0.951914 0.828081 0.956816 0.832283 0.969421 0.844888 0.979458 0.853116 0.998366 0.866772 0.999767 0.866772 0.999767 0.792542 0.998133 0.792542 0.991830 0.796919 0.982260 0.801471 0.964052 0.808298 0.955882 0.809699 0.941643 0.809524 0.938842 0.810399 0.939776 0.814251 0.945845 0.820028
1 0.779178 0.432073 0.779645 0.435749 0.800654 0.436800 0.812558 0.438200 0.824230 0.440476 0.843371 0.447304 0.848039 0.448354 0.859244 0.453957 0.860644 0.453256 0.859244 0.448354 0.855976 0.446954 0.852007 0.443452 0.849440 0.437150 0.810458 0.390231 0.807190 0.389356 0.806489 0.389881 0.803688 0.392682 0.797386 0.402486 0.788982 0.407563 0.785948 0.411590 0.784080 0.420168 0.779178 0.432073
1 0.637021 0.588410 0.671102 0.590861 0.679038 0.591036 0.683707 0.590161 0.700980 0.578431 0.707049 0.571604 0.707049 0.567577 0.704949 0.563901 0.703081 0.554097 0.699580 0.553396 0.689076 0.561099 0.678805 0.565826 0.666900 0.570203 0.661298 0.571429 0.650794 0.572304 0.637021 0.569153 0.635854 0.576506 0.635854 0.584734 0.637021 0.588410
1 0.536415 0.475490 0.563959 0.483543 0.566060 0.482843 0.566527 0.479692 0.562558 0.461310 0.561391 0.441877 0.562325 0.424720 0.560691 0.421744 0.549720 0.424195 0.547852 0.425245 0.546218 0.427696 0.538749 0.445553 0.535948 0.455882 0.535247 0.463410 0.535014 0.473915 0.536415 0.475490