0 0.161298 0.394083 0.166667 0.401611 0.175070 0.408088 0.181373 0.411765 0.189309 0.415616 0.202148 0.419818 0.209851 0.420868 0.216153 0.420518 0.226424 0.417892 0.241130 0.416317 0.261671 0.411415 0.267040 0.408964 0.274977 0.403361 0.281979 0.397059 0.294118 0.391632 0.313259 0.380077 0.338469 0.359594 0.352708 0.346989 0.362745 0.334559 0.366480 0.331933 0.377451 0.319678 0.385621 0.307073 0.387722 0.294118 0.386788 0.279237 0.382820 0.272409 0.381186 0.267507 0.374183 0.262955 0.366246 0.259279 0.352708 0.257003 0.337768 0.257353 0.309757 0.263831 0.302988 0.266282 0.296919 0.266807 0.280345 0.274160 0.272409 0.275735 0.246499 0.284839 0.232026 0.292367 0.219655 0.299895 0.213119 0.304972 0.196545 0.315651 0.193978 0.318277 0.188842 0.321429 0.182073 0.327906 0.167600 0.347864 0.163866 0.355742 0.158730 0.376401 0.158730 0.386730 0.161298 0.394083
0 0.624416 0.196604 0.633520 0.209384 0.637722 0.211660 0.644024 0.218838 0.664332 0.232143 0.667367 0.236520 0.670168 0.238620 0.675537 0.241246 0.683007 0.243347 0.696078 0.249825 0.699580 0.250875 0.713352 0.259629 0.716620 0.260854 0.723856 0.261905 0.739029 0.270833 0.741130 0.272759 0.757236 0.276261 0.762138 0.278361 0.768674 0.279762 0.774743 0.280462 0.780345 0.279937 0.792951 0.281863 0.799953 0.282388 0.807423 0.281863 0.810691 0.282738 0.816527 0.280987 0.852474 0.277311 0.873016 0.273109 0.889823 0.267682 0.902894 0.262080 0.909197 0.251926 0.913165 0.248249 0.921102 0.237570 0.922035 0.234244 0.921569 0.223739 0.915966 0.213585 0.915733 0.209909 0.908497 0.202731 0.902194 0.198179 0.887021 0.189601 0.869514 0.183298 0.865780 0.181197 0.825630 0.167367 0.804388 0.162640 0.753501 0.157563 0.748366 0.155987 0.734827 0.154762 0.699346 0.155987 0.693044 0.157213 0.678571 0.158088 0.658730 0.161415 0.647059 0.165791 0.628618 0.175070 0.623716 0.178922 0.621382 0.183999 0.621382 0.189251 0.624416 0.196604
0 0.553221 0.529937 0.555322 0.541141 0.558590 0.552171 0.560458 0.557248 0.566760 0.567402 0.571662 0.581232 0.585901 0.602766 0.592670 0.608894 0.598506 0.616246 0.607610 0.623775 0.613445 0.628151 0.626284 0.635329 0.644024 0.638831 0.650794 0.638831 0.655929 0.637955 0.661998 0.638831 0.664799 0.638130 0.667134 0.640931 0.668301 0.645308 0.678571 0.645658 0.680205 0.643732 0.678105 0.640231 0.677171 0.635854 0.699813 0.626401 0.708450 0.618522 0.715453 0.609419 0.722222 0.595413 0.724323 0.575105 0.724090 0.565651 0.719655 0.543067 0.713819 0.527836 0.705182 0.514006 0.697712 0.505077 0.688609 0.496324 0.679972 0.485644 0.663165 0.460259 0.660598 0.457808 0.657563 0.456408 0.656396 0.453081 0.651261 0.451155 0.640756 0.443627 0.626751 0.437150 0.623016 0.436975 0.618581 0.435049 0.609711 0.434349 0.605509 0.432773 0.593137 0.438025 0.577264 0.446954 0.565126 0.459384 0.560458 0.466737 0.557423 0.473915 0.552988 0.487745 0.551821 0.494223 0.550654 0.501926 0.553221 0.529937
0 0.323063 0.621148 0.330065 0.641457 0.333100 0.647409 0.340103 0.655287 0.351541 0.664566 0.354342 0.672444 0.359477 0.680847 0.362979 0.688901 0.374183 0.706057 0.383053 0.724440 0.388422 0.733193 0.393557 0.744573 0.403595 0.762430 0.411765 0.768908 0.417134 0.770833 0.428805 0.771534 0.436275 0.770658 0.444211 0.768557 0.457049 0.762780 0.468021 0.756653 0.474323 0.751225 0.478992 0.748599 0.487395 0.741246 0.493464 0.734419 0.502568 0.720413 0.505836 0.709734 0.507937 0.694853 0.512372 0.678221 0.511204 0.647409 0.507003 0.615896 0.498833 0.591912 0.490196 0.577556 0.484827 0.570553 0.480626 0.566527 0.474323 0.556898 0.462885 0.543592 0.456116 0.537815 0.442110 0.528536 0.434174 0.524685 0.421802 0.520658 0.414566 0.519083 0.398693 0.517507 0.394725 0.518032 0.382820 0.517682 0.369981 0.520133 0.362278 0.522409 0.354575 0.525735 0.341970 0.534314 0.334734 0.542892 0.328665 0.551471 0.325864 0.559699 0.320728 0.596113 0.320495 0.605567 0.323063 0.621148
0 0.633520 0.831583 0.640056 0.847164 0.648926 0.855567 0.651961 0.859594 0.660598 0.866772 0.682306 0.879727 0.707983 0.889531 0.733894 0.896709 0.745565 0.901261 0.755135 0.903711 0.766807 0.904937 0.772176 0.907388 0.806256 0.910714 0.826564 0.910889 0.834967 0.911765 0.845705 0.911940 0.873249 0.909314 0.883287 0.906338 0.890756 0.906338 0.904295 0.903361 0.926937 0.891632 0.932306 0.890406 0.949346 0.881478 0.952381 0.877626 0.963819 0.868522 0.977358 0.852241 0.983660 0.834909 0.984594 0.821779 0.983427 0.813901 0.980859 0.807248 0.976657 0.800420 0.969655 0.795518 0.962185 0.791492 0.953548 0.789916 0.942577 0.786765 0.938375 0.786940 0.927171 0.785539 0.869981 0.773810 0.866013 0.772059 0.846639 0.766632 0.831933 0.759629 0.805089 0.752801 0.786415 0.749300 0.766106 0.746849 0.755135 0.746324 0.736928 0.746849 0.713585 0.751751 0.688842 0.759104 0.685808 0.761730 0.682306 0.762780 0.666900 0.770658 0.655696 0.779062 0.648459 0.786064 0.642157 0.796394 0.638889 0.800070 0.633053 0.814776 0.632586 0.824405 0.633520 0.831583
0 0.014239 0.550770 0.017740 0.564776 0.022642 0.575280 0.034547 0.591562 0.044351 0.601716 0.052754 0.607843 0.058824 0.614146 0.069094 0.621674 0.077264 0.628852 0.086601 0.633053 0.096872 0.639356 0.108543 0.645308 0.129785 0.654237 0.140990 0.658088 0.157563 0.660889 0.160364 0.660189 0.182540 0.660714 0.185341 0.661765 0.199813 0.660889 0.226891 0.654062 0.233193 0.650910 0.241130 0.648284 0.251167 0.642332 0.254902 0.640931 0.263772 0.633578 0.265640 0.629027 0.265640 0.622549 0.262138 0.613270 0.256303 0.605392 0.237628 0.583859 0.233894 0.581057 0.224790 0.570028 0.210784 0.556898 0.195612 0.540266 0.172269 0.522409 0.154062 0.513655 0.143791 0.509629 0.133053 0.507003 0.119281 0.504202 0.103875 0.502276 0.081466 0.501926 0.056956 0.504902 0.039916 0.511905 0.025910 0.521534 0.017040 0.536239 0.014006 0.544643 0.014239 0.550770
0 0.631886 0.390581 0.635154 0.404412 0.645425 0.418417 0.650093 0.423494 0.665266 0.436275 0.674370 0.440476 0.678338 0.443102 0.686741 0.445728 0.689309 0.447829 0.694211 0.449755 0.716620 0.456933 0.747666 0.461835 0.786181 0.464636 0.828431 0.461485 0.839169 0.461485 0.843371 0.459909 0.852241 0.458683 0.865780 0.453081 0.878618 0.444153 0.885854 0.432248 0.888889 0.429097 0.892390 0.415091 0.891223 0.404237 0.889356 0.397234 0.887021 0.392332 0.879552 0.383578 0.871615 0.376751 0.859244 0.369748 0.852241 0.368697 0.838469 0.364671 0.828665 0.360119 0.810458 0.348564 0.804622 0.346814 0.788282 0.345238 0.776144 0.345063 0.740896 0.346989 0.730626 0.349090 0.723389 0.349615 0.710084 0.351891 0.692577 0.352766 0.665966 0.357843 0.647526 0.360294 0.642624 0.362395 0.637722 0.366597 0.633520 0.373074 0.632586 0.377276 0.631653 0.383053 0.631886 0.390581
0 0.801587 0.335084 0.807190 0.342962 0.811858 0.347164 0.819795 0.352591 0.838002 0.362745 0.848739 0.365546 0.866246 0.369223 0.869981 0.369223 0.880719 0.372024 0.897292 0.373775 0.909197 0.374125 0.924603 0.372724 0.938375 0.368697 0.949346 0.366422 0.966853 0.360294 0.982260 0.352241 0.986228 0.350840 0.999767 0.338060 0.999767 0.291317 0.998133 0.291317 0.992530 0.285714 0.983894 0.279762 0.955882 0.267857 0.943044 0.264531 0.933707 0.264356 0.925070 0.262605 0.906629 0.262780 0.900327 0.264531 0.877684 0.273459 0.852708 0.278536 0.845238 0.281162 0.836368 0.287815 0.827965 0.291492 0.813259 0.301646 0.803922 0.313375 0.800420 0.320553 0.800187 0.327206 0.801587 0.335084
0 0.363212 0.165266 0.369514 0.182073 0.376284 0.192927 0.389589 0.207633 0.404295 0.220413 0.410598 0.223389 0.421802 0.231268 0.424603 0.232318 0.432773 0.237920 0.442110 0.242997 0.463352 0.250525 0.473623 0.251401 0.483894 0.251050 0.485761 0.250350 0.492997 0.244223 0.497899 0.241772 0.500700 0.238270 0.509337 0.232493 0.515640 0.229342 0.526377 0.225665 0.530112 0.222514 0.535247 0.206758 0.536181 0.194503 0.533613 0.170343 0.527544 0.153887 0.520775 0.142857 0.508870 0.129202 0.498833 0.119573 0.485994 0.111169 0.480159 0.109069 0.470588 0.103291 0.455882 0.097514 0.442577 0.093662 0.438142 0.093312 0.432306 0.091387 0.418768 0.089111 0.404295 0.088761 0.392857 0.091912 0.380719 0.098915 0.374650 0.105217 0.370915 0.112045 0.366246 0.130252 0.364379 0.133578 0.362512 0.150735 0.362278 0.158263 0.363212 0.165266
0 0.035014 0.213936 0.046452 0.221464 0.053455 0.224090 0.061158 0.224615 0.065126 0.225665 0.085201 0.225840 0.106209 0.215861 0.131419 0.207983 0.144725 0.206408 0.150794 0.203606 0.152194 0.201331 0.158030 0.197129 0.165733 0.188550 0.171802 0.183123 0.182540 0.167892 0.190476 0.154412 0.200514 0.127801 0.200980 0.115896 0.198179 0.105567 0.193744 0.096814 0.186275 0.088060 0.182073 0.084909 0.175070 0.082983 0.171569 0.079482 0.165266 0.076856 0.159430 0.075455 0.150327 0.074755 0.126050 0.076331 0.098973 0.083508 0.086368 0.090161 0.081466 0.091737 0.070728 0.097864 0.063959 0.102941 0.057190 0.110994 0.049720 0.122024 0.043884 0.133754 0.041550 0.140931 0.039683 0.158263 0.037115 0.172094 0.031046 0.192402 0.030812 0.206583 0.035014 0.213936
0 0.351074 0.456408 0.355742 0.461485 0.372316 0.471639 0.394024 0.480042 0.397526 0.480217 0.400794 0.481268 0.413399 0.480917 0.421569 0.482318 0.446312 0.482143 0.463585 0.479867 0.466620 0.478817 0.474090 0.478116 0.487862 0.475315 0.512372 0.467787 0.522642 0.463235 0.536415 0.459034 0.570495 0.443102 0.590103 0.430497 0.597806 0.423494 0.603408 0.415616 0.606209 0.408263 0.606676 0.400385 0.601774 0.376751 0.595005 0.368347 0.588469 0.362920 0.580532 0.358018 0.567227 0.352591 0.560224 0.350490 0.543184 0.347164 0.539216 0.345763 0.533380 0.341912 0.530112 0.342087 0.525910 0.340161 0.523109 0.341912 0.519141 0.341912 0.517274 0.344013 0.512372 0.345938 0.508403 0.344713 0.480859 0.350665 0.467087 0.354692 0.439076 0.367997 0.415733 0.383578 0.380719 0.410014 0.358543 0.430497 0.350373 0.438901 0.347806 0.442752 0.347106 0.449580 0.351074 0.456408
0 0.465453 0.304447 0.466853 0.306898 0.468721 0.308123 0.470121 0.311275 0.480159 0.317927 0.514472 0.333508 0.519841 0.334734 0.525910 0.337535 0.531746 0.338761 0.543417 0.343662 0.549953 0.344538 0.556723 0.347689 0.572829 0.351366 0.584967 0.356268 0.595238 0.357493 0.599440 0.356968 0.603175 0.357668 0.610177 0.357143 0.615313 0.355917 0.637021 0.354517 0.655929 0.347514 0.660831 0.344363 0.679272 0.337710 0.688609 0.332808 0.707049 0.319678 0.711718 0.314251 0.720355 0.300770 0.721755 0.293768 0.720822 0.285889 0.718721 0.283789 0.718954 0.279412 0.712885 0.262605 0.707983 0.257178 0.699580 0.252276 0.665033 0.238796 0.658730 0.237920 0.644024 0.232143 0.634220 0.230042 0.623016 0.226366 0.616246 0.224615 0.602474 0.222514 0.581232 0.221464 0.546218 0.222514 0.532913 0.224965 0.522876 0.227941 0.508637 0.234594 0.503501 0.237920 0.479925 0.257178 0.472456 0.268557 0.468721 0.272059 0.466620 0.275385 0.463585 0.283613 0.463585 0.293768 0.465453 0.304447
0 0.722923 0.549895 0.725957 0.560224 0.726424 0.566352 0.725490 0.587185 0.726424 0.591912 0.730859 0.598915 0.733894 0.601891 0.744631 0.609944 0.749533 0.611169 0.751167 0.613445 0.753968 0.615021 0.765173 0.619398 0.775910 0.622374 0.780345 0.624475 0.786181 0.625875 0.802521 0.625525 0.810458 0.624650 0.817927 0.622899 0.838469 0.614671 0.851774 0.606968 0.864379 0.596814 0.875117 0.581583 0.878151 0.571604 0.879318 0.564251 0.879085 0.557773 0.881186 0.544293 0.881419 0.529237 0.880019 0.501401 0.878852 0.498599 0.877918 0.489846 0.874650 0.484594 0.874416 0.480917 0.866013 0.472864 0.856909 0.469538 0.851074 0.468662 0.845238 0.464636 0.827731 0.463060 0.818861 0.464636 0.806489 0.464986 0.789916 0.466737 0.767507 0.480217 0.749767 0.493697 0.747432 0.496849 0.745098 0.498424 0.742764 0.502276 0.737162 0.508403 0.728758 0.522584 0.728758 0.525735 0.725724 0.529412 0.725023 0.533263 0.723389 0.536239 0.721989 0.543417 0.722923 0.549895
1 0.246265 0.000000 0.245098 0.002451 0.242063 0.005252 0.229925 0.014881 0.220588 0.029587 0.219888 0.037465 0.223156 0.047444 0.234594 0.060574 0.237628 0.062850 0.240663 0.063550 0.256769 0.055497 0.269608 0.050945 0.286181 0.048494 0.297619 0.048144 0.314426 0.049545 0.338002 0.054447 0.342904 0.057423 0.346172 0.061275 0.348973 0.062150 0.354575 0.059524 0.360878 0.058298 0.366246 0.055147 0.374416 0.046919 0.376284 0.039391 0.376284 0.032563 0.373483 0.022409 0.370215 0.015406 0.366246 0.009279 0.360177 0.002276 0.359711 0.000000 0.246265 0.000000
1 0.193044 0.000000 0.192577 0.001926 0.184407 0.004377 0.177871 0.007528 0.157330 0.019608 0.146359 0.027486 0.142624 0.031688 0.133053 0.039916 0.117880 0.057073 0.113212 0.064251 0.113912 0.065826 0.115313 0.067577 0.122471 0.071545 0.125817 0.074580 0.133520 0.075105 0.143791 0.073704 0.147759 0.074055 0.150560 0.073529 0.158030 0.074230 0.169701 0.077556 0.175537 0.080882 0.182540 0.083508 0.190710 0.090861 0.197479 0.098915 0.202848 0.112045 0.206116 0.111169 0.211718 0.099440 0.218954 0.087185 0.223856 0.081057 0.234827 0.070028 0.237628 0.064426 0.233193 0.061099 0.223389 0.049195 0.219655 0.040266 0.219188 0.032388 0.223156 0.023810 0.229692 0.014356 0.237395 0.007528 0.242063 0.005077 0.242297 0.000000 0.193044 0.000000
1 0.369514 0.058473 0.373016 0.057598 0.390990 0.057248 0.394491 0.056373 0.403828 0.058473 0.415500 0.058824 0.425070 0.060049 0.441176 0.058824 0.456816 0.060399 0.471289 0.063725 0.480859 0.067577 0.482493 0.067227 0.487395 0.068803 0.526144 0.067752 0.530579 0.066352 0.533147 0.063901 0.534314 0.057773 0.534314 0.040966 0.527311 0.028011 0.520075 0.021008 0.512138 0.015581 0.507236 0.013305 0.491363 0.008929 0.484127 0.007878 0.470588 0.008053 0.439776 0.012955 0.423669 0.018207 0.404762 0.029062 0.393557 0.038690 0.369514 0.054972 0.368347 0.057073 0.369514 0.058473
1 0.347339 0.116071 0.352007 0.123424 0.355742 0.127101 0.359244 0.128501 0.362979 0.127276 0.366246 0.124475 0.370448 0.109769 0.373950 0.104692 0.380952 0.098039 0.390523 0.092262 0.399860 0.089111 0.405929 0.088060 0.416667 0.088410 0.428805 0.090686 0.432073 0.090161 0.434407 0.087885 0.460551 0.075630 0.474090 0.073004 0.479692 0.071254 0.482960 0.069328 0.483660 0.067577 0.477358 0.064951 0.453081 0.058999 0.440243 0.057948 0.431139 0.058648 0.369748 0.056373 0.368347 0.058123 0.364146 0.059699 0.355976 0.060749 0.349673 0.064076 0.347572 0.067752 0.347806 0.078957 0.345705 0.084384 0.345472 0.099265 0.347339 0.116071
1 0.436508 0.091912 0.453315 0.096289 0.466853 0.102416 0.474556 0.104692 0.486461 0.110994 0.501167 0.121499 0.509570 0.129377 0.523576 0.145833 0.530812 0.157913 0.534080 0.167017 0.535481 0.168242 0.539449 0.169293 0.541083 0.168943 0.543884 0.166667 0.545752 0.162465 0.550654 0.155462 0.556723 0.149685 0.577031 0.133754 0.581466 0.131653 0.586134 0.127801 0.604108 0.118347 0.613445 0.115021 0.624183 0.112745 0.626751 0.110644 0.631886 0.109244 0.630252 0.104867 0.626751 0.102241 0.624183 0.101541 0.619981 0.098915 0.610177 0.090336 0.581933 0.077731 0.577731 0.076155 0.566760 0.073880 0.533147 0.067752 0.526844 0.068452 0.490663 0.069503 0.481559 0.070903 0.475257 0.073004 0.456349 0.076681 0.449813 0.079482 0.447012 0.081758 0.439076 0.084209 0.434874 0.088060 0.434874 0.090161 0.436508 0.091912
1 0.537115 0.043943 0.534547 0.049895 0.534781 0.060574 0.532446 0.067577 0.536181 0.068978 0.540850 0.069328 0.567694 0.074580 0.577731 0.075455 0.578665 0.074405 0.574463 0.057948 0.571195 0.052171 0.543184 0.040441 0.535714 0.039741 0.537115 0.041492 0.537115 0.043943
1 0.580065 0.000000 0.574463 0.011555 0.572129 0.021709 0.571662 0.036064 0.573529 0.050420 0.577965 0.069678 0.580299 0.074755 0.584267 0.077731 0.601307 0.086134 0.632586 0.104517 0.637488 0.108368 0.651027 0.109594 0.664566 0.112570 0.668534 0.112045 0.669935 0.110994 0.677404 0.094188 0.683007 0.086660 0.687675 0.082283 0.691176 0.079832 0.704949 0.073179 0.710084 0.071254 0.717087 0.070203 0.720588 0.067752 0.713819 0.056898 0.704015 0.046919 0.692810 0.038690 0.661998 0.021884 0.635854 0.003501 0.632586 0.002101 0.631886 0.000000 0.580065 0.000000
1 0.714286 0.056022 0.719888 0.065301 0.722923 0.068102 0.735061 0.070203 0.742764 0.072304 0.759104 0.079482 0.772409 0.088585 0.779178 0.084734 0.783380 0.084559 0.797386 0.081232 0.806256 0.080532 0.817227 0.078606 0.827965 0.078431 0.848506 0.076506 0.867414 0.076155 0.874650 0.076681 0.877451 0.076155 0.879318 0.074580 0.877451 0.068277 0.874183 0.063200 0.868114 0.055322 0.859944 0.048669 0.853175 0.044993 0.831466 0.036239 0.815826 0.032213 0.803455 0.030287 0.789916 0.029237 0.775677 0.028887 0.769141 0.029412 0.747199 0.035889 0.734127 0.040616 0.709150 0.047094 0.707750 0.050245 0.714286 0.056022
1 0.674370 0.116422 0.677638 0.117647 0.681606 0.120798 0.684407 0.123775 0.687908 0.130427 0.692810 0.132703 0.696545 0.142332 0.698646 0.153361 0.701214 0.154762 0.728291 0.154237 0.735061 0.153186 0.737862 0.151961 0.746499 0.144258 0.754669 0.140056 0.774043 0.134104 0.785481 0.132178 0.790383 0.132003 0.792717 0.130602 0.794351 0.127101 0.790383 0.113095 0.788049 0.109069 0.782680 0.101716 0.769374 0.087885 0.762838 0.082808 0.754902 0.078081 0.734127 0.070728 0.722689 0.069853 0.713352 0.071604 0.703081 0.074580 0.689309 0.081583 0.679972 0.090861 0.675070 0.099440 0.670868 0.109244 0.670401 0.112745 0.674370 0.116422
1 0.783147 0.101015 0.790616 0.112220 0.795752 0.126576 0.794818 0.128326 0.791317 0.130077 0.792250 0.130427 0.796685 0.130777 0.799953 0.132178 0.813492 0.133403 0.827965 0.137080 0.833333 0.137605 0.847106 0.142332 0.852474 0.144958 0.855042 0.143732 0.856209 0.140581 0.859010 0.137605 0.870448 0.129727 0.883987 0.124825 0.892157 0.123950 0.904528 0.125875 0.911298 0.128852 0.915266 0.129552 0.928338 0.134629 0.931839 0.137255 0.935808 0.137780 0.937208 0.133578 0.937208 0.121324 0.936275 0.112395 0.934874 0.109419 0.928571 0.101015 0.916200 0.089986 0.907563 0.084559 0.899393 0.081408 0.892857 0.079657 0.883053 0.078782 0.880019 0.077556 0.855509 0.076331 0.827965 0.078957 0.818161 0.078957 0.805789 0.080882 0.799020 0.081232 0.778011 0.085959 0.773576 0.088235 0.773810 0.091912 0.783147 0.101015
1 0.538749 0.202206 0.538749 0.209909 0.539683 0.213410 0.543651 0.220413 0.549020 0.221113 0.574930 0.220588 0.601541 0.221464 0.617414 0.223389 0.626284 0.225490 0.630019 0.225140 0.637255 0.217612 0.637955 0.213410 0.630486 0.206933 0.620682 0.191001 0.619981 0.184174 0.622549 0.178396 0.627218 0.174895 0.634687 0.170868 0.654762 0.161765 0.668301 0.158088 0.682306 0.157563 0.685574 0.157038 0.688842 0.155462 0.695845 0.154587 0.696545 0.147059 0.693044 0.133578 0.692577 0.132878 0.689076 0.133578 0.686741 0.131653 0.684641 0.125525 0.679272 0.119573 0.666433 0.113971 0.659430 0.112045 0.651027 0.110644 0.635621 0.110469 0.628852 0.111345 0.612745 0.115896 0.602474 0.119748 0.590336 0.125700 0.560224 0.147059 0.552288 0.154237 0.545285 0.164041 0.542717 0.169293 0.542017 0.173494 0.539449 0.179097 0.538982 0.186450 0.539683 0.199580 0.538749 0.202206
1 0.738095 0.154762 0.749300 0.155287 0.754669 0.156513 0.766106 0.156863 0.774043 0.158964 0.803688 0.162115 0.814192 0.163866 0.834734 0.169818 0.880252 0.186099 0.885621 0.187150 0.887722 0.189251 0.894024 0.192927 0.897759 0.193277 0.898926 0.192577 0.896359 0.190126 0.896125 0.185574 0.892157 0.175420 0.886321 0.168417 0.874183 0.158964 0.864846 0.153711 0.854342 0.145658 0.834500 0.138305 0.816060 0.134979 0.810691 0.133403 0.793417 0.132528 0.786181 0.132878 0.775910 0.134629 0.758637 0.139181 0.748599 0.143557 0.739029 0.150910 0.736928 0.154412 0.738095 0.154762
1 0.857143 0.147409 0.862045 0.151261 0.878618 0.160364 0.922736 0.232012 0.922502 0.236695 0.919234 0.247724 0.921569 0.251576 0.925770 0.252626 0.933707 0.256303 0.936041 0.259104 0.943044 0.262780 0.956116 0.266282 0.970355 0.264706 0.975724 0.261730 0.981326 0.260154 0.984594 0.258053 0.990430 0.255952 0.995098 0.251225 0.997899 0.246674 0.999767 0.246499 0.999767 0.207458 0.997899 0.207283 0.995798 0.201681 0.977591 0.175070 0.957049 0.154237 0.948880 0.147409 0.934641 0.139181 0.922736 0.133228 0.901027 0.126225 0.887255 0.125525 0.871382 0.130077 0.864846 0.133929 0.858077 0.140406 0.856676 0.143908 0.857143 0.147409
1 0.716153 0.268557 0.719655 0.275210 0.722456 0.297794 0.721055 0.303396 0.715453 0.311975 0.707983 0.321078 0.708917 0.322479 0.723156 0.332283 0.728758 0.334909 0.736228 0.340861 0.739029 0.344363 0.743931 0.346113 0.781559 0.343487 0.799253 0.344363 0.803455 0.343662 0.804388 0.341912 0.800187 0.335084 0.799720 0.332108 0.799253 0.321954 0.800187 0.317752 0.802988 0.313025 0.812558 0.301120 0.822362 0.293592 0.834967 0.285714 0.837068 0.282913 0.836601 0.282038 0.835201 0.281162 0.827264 0.280812 0.817460 0.282213 0.810458 0.284314 0.805322 0.282913 0.788982 0.282563 0.772409 0.280462 0.765406 0.279237 0.757937 0.276436 0.742063 0.272234 0.736695 0.271534 0.734127 0.269783 0.731559 0.266457 0.724556 0.264181 0.721522 0.262255 0.717787 0.261555 0.715453 0.262080 0.715219 0.265406 0.716153 0.268557
1 0.635387 0.228992 0.646125 0.231618 0.657796 0.236169 0.661298 0.237045 0.663399 0.236345 0.664099 0.234244 0.663165 0.233018 0.655696 0.226891 0.644958 0.220063 0.640523 0.218487 0.637021 0.220763 0.633520 0.224440 0.632586 0.227416 0.635387 0.228992
1 0.594304 0.364671 0.598739 0.370798 0.601307 0.372899 0.604108 0.378151 0.605742 0.383403 0.605742 0.387605 0.607610 0.391106 0.609244 0.398810 0.612745 0.401786 0.619514 0.403186 0.630019 0.404062 0.632353 0.401436 0.630252 0.387430 0.630952 0.377101 0.635854 0.367297 0.638655 0.363796 0.641690 0.361695 0.644725 0.360294 0.654528 0.359244 0.657796 0.358018 0.685574 0.353291 0.702614 0.351190 0.710551 0.351015 0.730159 0.348389 0.736695 0.346814 0.739029 0.345413 0.736228 0.341562 0.726657 0.334384 0.709851 0.324230 0.706116 0.323529 0.699346 0.326506 0.686741 0.334909 0.631419 0.357143 0.616246 0.357143 0.603408 0.359244 0.592670 0.358193 0.590336 0.358894 0.591036 0.362745 0.594304 0.364671
1 0.317694 0.380077 0.327731 0.388480 0.338002 0.393032 0.341270 0.395658 0.360878 0.401961 0.369748 0.403711 0.379552 0.403536 0.383520 0.404237 0.387021 0.403536 0.436975 0.368697 0.459617 0.356968 0.470355 0.353116 0.498366 0.345238 0.506069 0.341737 0.513072 0.336660 0.514006 0.334909 0.508170 0.331758 0.499767 0.329482 0.498133 0.327906 0.470822 0.314951 0.465219 0.308824 0.461485 0.299895 0.459851 0.298319 0.439309 0.296218 0.422502 0.295868 0.411765 0.296919 0.400794 0.299195 0.390756 0.302696 0.387955 0.304622 0.379085 0.319153 0.362045 0.338585 0.358777 0.341036 0.354575 0.346113 0.340336 0.359769 0.330766 0.367122 0.320495 0.376576 0.319328 0.379027 0.317694 0.380077
1 0.879085 0.382003 0.888889 0.393732 0.892857 0.407213 0.893324 0.414916 0.892390 0.421043 0.889589 0.429622 0.887021 0.432423 0.883053 0.439251 0.882586 0.442577 0.883520 0.442927 0.886321 0.442052 0.891223 0.442577 0.904295 0.441352 0.921802 0.437675 0.938142 0.433123 0.945845 0.432073 0.959851 0.428746 0.966853 0.425770 0.970588 0.425070 0.985761 0.418417 0.994398 0.413866 0.997432 0.411064 0.999767 0.410539 0.999767 0.356618 0.988095 0.351366 0.983894 0.352066 0.975257 0.356968 0.964986 0.361345 0.948179 0.366947 0.939542 0.368522 0.928105 0.372549 0.914799 0.374475 0.900327 0.374300 0.877684 0.372199 0.872549 0.372199 0.870915 0.372899 0.871615 0.376576 0.879085 0.382003
1 0.847806 0.464461 0.859711 0.468838 0.866246 0.472164 0.875584 0.480567 0.878385 0.484419 0.880719 0.490021 0.880486 0.496324 0.882586 0.508228 0.882586 0.515756 0.883520 0.519433 0.884921 0.519958 0.911531 0.518908 0.918067 0.517157 0.926004 0.516807 0.942810 0.518557 0.953081 0.520308 0.966620 0.523985 0.970355 0.523810 0.973623 0.516106 0.978525 0.511204 0.985994 0.507003 0.989963 0.503852 0.999767 0.498775 0.999767 0.463936 0.997899 0.463761 0.992530 0.452731 0.986228 0.444153 0.978058 0.438200 0.970355 0.433648 0.963585 0.430672 0.956349 0.430672 0.942810 0.432948 0.914799 0.440301 0.901261 0.442752 0.883520 0.443978 0.880252 0.445028 0.864846 0.455182 0.849673 0.459909 0.846872 0.462185 0.846172 0.463410 0.847806 0.464461
1 0.492297 0.502976 0.494164 0.505077 0.501634 0.507353 0.511671 0.508403 0.523576 0.512080 0.538282 0.515581 0.543417 0.518032 0.550187 0.519083 0.551120 0.514181 0.550187 0.500175 0.550887 0.490896 0.553688 0.485119 0.556956 0.472689 0.560924 0.464286 0.568627 0.455007 0.573063 0.448004 0.577965 0.446254 0.586368 0.440476 0.602007 0.434524 0.610411 0.434699 0.628151 0.438025 0.637955 0.441527 0.641457 0.443277 0.644024 0.446078 0.647292 0.447479 0.658263 0.456232 0.660598 0.459559 0.668534 0.466387 0.669468 0.470413 0.688375 0.495273 0.694444 0.501751 0.698179 0.504377 0.702848 0.509979 0.706583 0.512255 0.724090 0.505252 0.734594 0.498950 0.741363 0.492122 0.745798 0.485469 0.747432 0.480392 0.747432 0.473915 0.745798 0.464461 0.744164 0.462710 0.734594 0.460259 0.716620 0.457283 0.690943 0.449580 0.685574 0.446954 0.683007 0.446604 0.676004 0.443803 0.654062 0.429097 0.647059 0.427171 0.623016 0.424720 0.617647 0.425770 0.605509 0.426120 0.595472 0.428396 0.591503 0.431723 0.588702 0.432773 0.586601 0.434699 0.584034 0.435574 0.572596 0.442577 0.571662 0.445553 0.567460 0.445203 0.561391 0.448704 0.551120 0.452206 0.549253 0.453782 0.537348 0.459209 0.533380 0.460084 0.529412 0.462185 0.523343 0.463585 0.520308 0.465336 0.497432 0.473739 0.497432 0.476278 0.490196 0.488620 0.491130 0.499300 0.492297 0.502976
1 0.883287 0.598564 0.890289 0.609244 0.896592 0.616071 0.903595 0.620273 0.915033 0.629377 0.922035 0.633578 0.928571 0.635854 0.932073 0.639181 0.943744 0.645133 0.946312 0.647759 0.950980 0.649860 0.963585 0.659664 0.967320 0.660714 0.991130 0.671744 0.999767 0.674195 0.999767 0.541492 0.996965 0.540616 0.989963 0.536064 0.977124 0.529587 0.963119 0.524685 0.951447 0.521709 0.939076 0.519608 0.926237 0.518732 0.916667 0.519258 0.912232 0.520833 0.905696 0.525385 0.900327 0.527661 0.894024 0.534489 0.888422 0.549545 0.889122 0.552871 0.888655 0.557073 0.882120 0.566176 0.879785 0.574580 0.880019 0.585259 0.883287 0.598564
1 0.977124 0.529587 0.991363 0.536590 0.998133 0.539391 0.999767 0.539391 0.999767 0.499300 0.998366 0.499300 0.994631 0.501576 0.980159 0.511380 0.975724 0.516457 0.972689 0.523810 0.972456 0.526085 0.977124 0.529587
1 0.655929 0.748950 0.660131 0.757003 0.663632 0.761029 0.666900 0.767157 0.668301 0.767332 0.678338 0.764356 0.688842 0.758403 0.703081 0.754552 0.706583 0.752976 0.734127 0.746499 0.754202 0.745448 0.775677 0.747374 0.809057 0.752276 0.821429 0.756478 0.827965 0.757528 0.837768 0.761380 0.841737 0.764006 0.848273 0.765406 0.851541 0.767157 0.858777 0.768908 0.863212 0.770833 0.873016 0.772934 0.876751 0.774510 0.883053 0.774860 0.887021 0.773634 0.897759 0.766982 0.903128 0.764706 0.931606 0.747374 0.947712 0.734944 0.959851 0.723564 0.970355 0.710084 0.974323 0.699405 0.974790 0.688550 0.973389 0.679797 0.971522 0.674720 0.967087 0.669293 0.962885 0.661415 0.955882 0.655287 0.941176 0.646183 0.932073 0.642507 0.928805 0.640406 0.921802 0.637955 0.900794 0.634279 0.882586 0.632703 0.865079 0.632703 0.844771 0.633754 0.827965 0.636204 0.808357 0.643732 0.799953 0.646008 0.779412 0.659139 0.776144 0.660539 0.772409 0.664041 0.734127 0.686625 0.727591 0.689251 0.720355 0.693627 0.697946 0.704482 0.684407 0.713761 0.660364 0.726891 0.656396 0.732843 0.654995 0.737745 0.654528 0.742472 0.655929 0.748950
1 0.772642 0.663165 0.798786 0.646709 0.817227 0.640581 0.820962 0.638305 0.829599 0.636029 0.851074 0.632878 0.892157 0.633053 0.912932 0.635504 0.916667 0.635504 0.920868 0.633578 0.913399 0.630427 0.904528 0.622724 0.896125 0.617647 0.889356 0.609944 0.887255 0.605742 0.881653 0.599790 0.880019 0.596814 0.876984 0.595938 0.869748 0.596289 0.865079 0.598039 0.848273 0.610644 0.837535 0.615896 0.828665 0.618873 0.823996 0.621499 0.811158 0.624825 0.789683 0.625875 0.786415 0.626751 0.779178 0.632178 0.775444 0.636555 0.769841 0.650910 0.770075 0.661590 0.772642 0.663165
1 0.592204 0.656863 0.596639 0.661239 0.602241 0.664916 0.604809 0.665441 0.622782 0.664566 0.630952 0.664916 0.637255 0.665791 0.652428 0.670518 0.654295 0.671919 0.661298 0.674370 0.668301 0.678746 0.672969 0.680147 0.682306 0.685749 0.687675 0.688025 0.703081 0.698704 0.706349 0.698704 0.719421 0.693102 0.723856 0.690126 0.740896 0.682248 0.768908 0.664916 0.770308 0.647059 0.774977 0.635504 0.779412 0.630077 0.778478 0.626926 0.773576 0.625175 0.770542 0.623249 0.747666 0.615371 0.743231 0.615021 0.741830 0.614321 0.741130 0.612570 0.737628 0.613796 0.735528 0.610819 0.725023 0.609419 0.720355 0.606443 0.713819 0.612745 0.711485 0.616772 0.706583 0.620448 0.702614 0.625000 0.697712 0.628326 0.688842 0.631653 0.681839 0.635854 0.679505 0.638305 0.676004 0.639531 0.674837 0.640581 0.673903 0.643732 0.670401 0.643732 0.664799 0.639006 0.644725 0.639181 0.627451 0.636029 0.623016 0.636204 0.619281 0.635154 0.616246 0.636204 0.612745 0.636029 0.609477 0.636905 0.604809 0.636555 0.598973 0.637780 0.592437 0.645308 0.590570 0.649335 0.590336 0.651611 0.592204 0.656863
1 0.580532 0.723389 0.584734 0.734244 0.594538 0.751401 0.602941 0.762605 0.612278 0.777836 0.616713 0.783088 0.619514 0.785189 0.636088 0.791667 0.640523 0.794818 0.650560 0.782388 0.666667 0.768908 0.666900 0.765581 0.663632 0.763305 0.659897 0.756653 0.657563 0.754377 0.654995 0.748249 0.654062 0.738445 0.654762 0.734944 0.657796 0.728466 0.668301 0.721113 0.685574 0.712010 0.696078 0.703957 0.699580 0.702206 0.701214 0.699405 0.691643 0.691702 0.680205 0.685049 0.674603 0.681898 0.661298 0.676471 0.658497 0.674195 0.654295 0.672794 0.651027 0.670693 0.640056 0.667192 0.630019 0.665616 0.618347 0.665441 0.612512 0.665791 0.602941 0.667717 0.596872 0.670168 0.591270 0.674020 0.584967 0.682073 0.581466 0.689426 0.577498 0.703431 0.577965 0.713060 0.580532 0.723389
1 0.942810 0.752626 0.946078 0.755427 0.947012 0.755427 0.953081 0.754377 0.963119 0.749825 0.980859 0.743873 0.991830 0.740546 0.999767 0.738971 0.999767 0.675945 0.994631 0.676120 0.980392 0.687325 0.977124 0.688901 0.972689 0.706933 0.968021 0.714811 0.958217 0.726015 0.937675 0.744748 0.935341 0.748249 0.942810 0.752626
1 0.922502 0.782738 0.924370 0.783789 0.932073 0.785189 0.942810 0.786064 0.952848 0.788690 0.956116 0.788866 0.962418 0.791141 0.965920 0.793768 0.971289 0.795868 0.978525 0.802171 0.983660 0.810574 0.985761 0.817052 0.985528 0.834734 0.979225 0.850315 0.972222 0.860469 0.959851 0.872724 0.958217 0.875350 0.952848 0.878852 0.951447 0.882178 0.949813 0.883578 0.953081 0.885329 0.972689 0.885854 0.999767 0.885329 0.999767 0.740371 0.994398 0.740721 0.983660 0.743347 0.963119 0.750525 0.948179 0.757528 0.939076 0.762780 0.932073 0.768032 0.924837 0.772234 0.921569 0.776261 0.921569 0.780987 0.922502 0.782738
1 0.378151 0.952906 0.380252 0.955007 0.382353 0.960434 0.386321 0.965161 0.390523 0.972514 0.393557 0.973915 0.395191 0.975840 0.401027 0.979517 0.425303 0.990371 0.432073 0.991071 0.436041 0.994048 0.446545 0.998074 0.446779 0.999825 0.535481 0.999825 0.535714 0.998074 0.541783 0.995973 0.551120 0.990896 0.558824 0.988620 0.561858 0.987045 0.581232 0.975840 0.584967 0.972864 0.588002 0.971814 0.594071 0.966737 0.603408 0.961660 0.625584 0.944328 0.631886 0.936099 0.639589 0.928221 0.665033 0.882003 0.666667 0.877101 0.666667 0.872549 0.656629 0.865896 0.645658 0.854342 0.640289 0.851015 0.633287 0.838936 0.631419 0.828431 0.631653 0.814951 0.633754 0.804972 0.638422 0.796919 0.637488 0.795343 0.633520 0.792192 0.627218 0.790266 0.616246 0.785364 0.602474 0.785714 0.599206 0.785014 0.590103 0.785014 0.567694 0.786415 0.558590 0.787815 0.533847 0.793592 0.516807 0.801821 0.504669 0.806548 0.494865 0.813025 0.489496 0.817752 0.471755 0.828081 0.464519 0.833683 0.435341 0.859769 0.413399 0.883578 0.390523 0.912465 0.379785 0.932073 0.377684 0.943627 0.377218 0.949580 0.378151 0.952906
1 0.656629 0.917717 0.654062 0.925070 0.654295 0.933473 0.657096 0.943102 0.659897 0.946254 0.660598 0.950455 0.663165 0.952556 0.665500 0.957458 0.664332 0.960434 0.668067 0.977416 0.678805 0.995273 0.681839 0.994398 0.685574 0.995973 0.687908 0.994048 0.693277 0.997024 0.694211 0.999825 0.989029 0.999825 0.988796 0.997899 0.974323 0.984244 0.966853 0.979867 0.949580 0.965686 0.946545 0.964811 0.941410 0.961310 0.935574 0.955357 0.907796 0.938375 0.903128 0.937325 0.893791 0.933123 0.882820 0.929622 0.866246 0.922969 0.854108 0.919818 0.848273 0.916842 0.839169 0.913866 0.820962 0.914041 0.806723 0.912990 0.803922 0.912115 0.799953 0.912465 0.786181 0.908964 0.775444 0.908088 0.758870 0.904062 0.747432 0.903186 0.743464 0.902136 0.740196 0.900210 0.732493 0.898634 0.727591 0.896534 0.699580 0.887955 0.696078 0.887605 0.691877 0.888831 0.688842 0.887780 0.685808 0.887780 0.681839 0.885329 0.679038 0.881478 0.675537 0.879902 0.669468 0.882178 0.667367 0.884104 0.661298 0.892682 0.659197 0.900910 0.658497 0.915091 0.656629 0.917717
1 0.875117 0.925420 0.888422 0.929972 0.893324 0.932598 0.908964 0.938375 0.924136 0.947829 0.946312 0.963936 0.949113 0.965161 0.960317 0.974265 0.978525 0.987395 0.986461 0.994048 0.990663 0.999825 0.999767 0.999825 0.999767 0.910014 0.997199 0.909314 0.989496 0.903011 0.970822 0.895483 0.965686 0.894258 0.963352 0.891632 0.946545 0.888130 0.943511 0.888305 0.935574 0.890581 0.902428 0.905287 0.884687 0.910189 0.876751 0.915091 0.875584 0.918592 0.873950 0.920343 0.873483 0.922094 0.875117 0.925420
1 0.513305 0.677229 0.508637 0.699055 0.507236 0.710259 0.504669 0.716912 0.505135 0.718137 0.512138 0.718838 0.515873 0.720588 0.536415 0.721289 0.554155 0.717787 0.564192 0.714111 0.575163 0.706408 0.579365 0.692227 0.583800 0.682073 0.590336 0.671744 0.591270 0.668768 0.588702 0.661239 0.583800 0.653887 0.574697 0.643032 0.560691 0.632528 0.552988 0.629377 0.515173 0.618172 0.512372 0.617647 0.509104 0.617997 0.508403 0.620973 0.511905 0.649510 0.513305 0.677229
1 0.307190 0.657913 0.311858 0.668417 0.320728 0.678922 0.331466 0.686975 0.359244 0.689076 0.360644 0.685749 0.359244 0.682073 0.354575 0.675595 0.352007 0.668242 0.348973 0.663866 0.347572 0.663515 0.345705 0.661064 0.343137 0.659839 0.342437 0.657913 0.339402 0.656338 0.332166 0.647234 0.329365 0.640406 0.323529 0.630602 0.320962 0.622549 0.316760 0.624475 0.310691 0.629202 0.306723 0.637255 0.306256 0.645133 0.307190 0.657913
1 0.441176 0.526436 0.444678 0.529587 0.457049 0.536940 0.479225 0.561625 0.489496 0.574580 0.500233 0.592437 0.504435 0.606092 0.508637 0.615546 0.518674 0.618697 0.522409 0.618873 0.541083 0.625350 0.557190 0.629377 0.564426 0.629552 0.573996 0.631828 0.590803 0.632878 0.598739 0.634629 0.606209 0.634454 0.609944 0.635154 0.616713 0.634104 0.617180 0.633403 0.614379 0.630252 0.605976 0.624125 0.602241 0.619398 0.583567 0.600665 0.572596 0.584034 0.570495 0.580182 0.567694 0.570903 0.559057 0.556723 0.555089 0.543417 0.552988 0.529412 0.550887 0.524510 0.547619 0.521008 0.530112 0.514531 0.511905 0.509979 0.491597 0.506303 0.481559 0.505252 0.473389 0.505427 0.454248 0.508053 0.446078 0.511555 0.436275 0.519083 0.433473 0.522584 0.441176 0.526436
1 0.216853 0.450105 0.223389 0.466912 0.228525 0.476716 0.230859 0.484244 0.235761 0.494223 0.240196 0.511905 0.242530 0.527136 0.246499 0.541492 0.251634 0.553922 0.265873 0.571604 0.276844 0.581583 0.282680 0.583859 0.289916 0.589636 0.301587 0.596464 0.313959 0.601015 0.317460 0.601541 0.318861 0.599965 0.319795 0.596289 0.322596 0.580007 0.322596 0.570378 0.325630 0.556898 0.330299 0.547094 0.340336 0.534839 0.348739 0.527661 0.355042 0.524160 0.363679 0.521008 0.379785 0.516282 0.397526 0.516282 0.400093 0.515406 0.399627 0.508578 0.388655 0.486345 0.385154 0.480742 0.382353 0.478116 0.363445 0.467962 0.355509 0.462185 0.350140 0.457108 0.346872 0.452381 0.345938 0.449580 0.345705 0.442752 0.343371 0.439426 0.321895 0.426996 0.303688 0.420168 0.266573 0.415441 0.255602 0.415091 0.244631 0.416141 0.222456 0.420168 0.215920 0.423494 0.214519 0.425245 0.213352 0.429797 0.213352 0.435574 0.216853 0.450105
1 0.272409 0.236345 0.279412 0.246849 0.283613 0.250875 0.286181 0.255077 0.296919 0.264531 0.300887 0.265406 0.317694 0.261029 0.336601 0.257178 0.355742 0.256653 0.366246 0.258578 0.372316 0.260679 0.380719 0.265406 0.382353 0.267332 0.386555 0.276786 0.390523 0.279937 0.394725 0.276611 0.397759 0.276961 0.404295 0.273109 0.408730 0.267857 0.415500 0.245273 0.415500 0.237745 0.413165 0.227941 0.408964 0.223915 0.403595 0.221289 0.390523 0.209909 0.374883 0.192052 0.366947 0.178571 0.359944 0.159664 0.346872 0.152311 0.338235 0.148634 0.315126 0.144608 0.306256 0.144783 0.300420 0.145308 0.292717 0.147059 0.286181 0.150035 0.282680 0.153186 0.278011 0.162115 0.275910 0.181723 0.276377 0.186800 0.272409 0.200280 0.270775 0.213936 0.269141 0.217612 0.269374 0.226716 0.272409 0.236345
1 0.080065 0.287990 0.095705 0.305147 0.101307 0.307423 0.105275 0.312500 0.112045 0.316877 0.133520 0.323880 0.138189 0.323880 0.149393 0.325805 0.159897 0.325805 0.174603 0.324930 0.185574 0.322654 0.226891 0.294293 0.246965 0.283088 0.253735 0.280637 0.258637 0.279762 0.274743 0.272759 0.282913 0.266282 0.284781 0.262955 0.286881 0.262080 0.276611 0.244398 0.272409 0.238796 0.267507 0.227241 0.267040 0.216036 0.269374 0.209909 0.268908 0.203081 0.258870 0.197654 0.250233 0.194853 0.224790 0.192227 0.214052 0.192577 0.199113 0.195203 0.178338 0.201681 0.164332 0.210084 0.157330 0.215511 0.144491 0.227591 0.125584 0.241597 0.118347 0.245273 0.106909 0.249125 0.095472 0.251926 0.088702 0.252276 0.080065 0.258053 0.076797 0.265056 0.076331 0.279237 0.080065 0.287990
1 0.207049 0.156162 0.207516 0.164566 0.213585 0.178746 0.216853 0.183824 0.221055 0.188725 0.223856 0.190476 0.234594 0.191001 0.247899 0.193277 0.264939 0.198354 0.268908 0.200805 0.270308 0.199230 0.274510 0.189076 0.278011 0.160714 0.281513 0.154412 0.285247 0.150385 0.293417 0.146359 0.307190 0.144258 0.321662 0.144433 0.331699 0.146709 0.334967 0.145483 0.339402 0.140231 0.341970 0.123249 0.341737 0.103116 0.343137 0.091912 0.343838 0.065826 0.343137 0.060924 0.340570 0.056898 0.338469 0.055322 0.334734 0.054097 0.317227 0.050420 0.297152 0.048669 0.287582 0.048845 0.275210 0.050245 0.265406 0.052696 0.254902 0.056898 0.244631 0.062150 0.240663 0.065301 0.230859 0.075455 0.218254 0.090336 0.210084 0.105917 0.206816 0.119398 0.204715 0.144433 0.207049 0.156162
1 0.000000 0.296218 0.012138 0.296744 0.015406 0.293242 0.024977 0.274510 0.036415 0.259279 0.046919 0.250525 0.049953 0.246849 0.056956 0.242647 0.060458 0.241422 0.067927 0.235994 0.070728 0.231968 0.073063 0.230742 0.070028 0.228466 0.060458 0.227416 0.045285 0.222164 0.035948 0.216737 0.029879 0.209909 0.029879 0.192577 0.036415 0.171218 0.040383 0.148109 0.039916 0.142682 0.037582 0.141982 0.025210 0.141282 0.010971 0.144608 0.004202 0.147059 0.000000 0.148810 0.000000 0.296218
1 0.153128 0.203081 0.153828 0.206408 0.157796 0.205357 0.161298 0.208508 0.164799 0.208158 0.177171 0.201856 0.188375 0.197479 0.205649 0.192927 0.216387 0.191877 0.218954 0.190476 0.219655 0.189076 0.216387 0.185049 0.208450 0.168943 0.206349 0.155812 0.203315 0.154587 0.199580 0.154762 0.192577 0.156688 0.189076 0.158964 0.176237 0.177871 0.153128 0.203081
1 0.010971 0.317927 0.012372 0.335084 0.014706 0.340861 0.018908 0.345238 0.022409 0.344713 0.027544 0.340686 0.032913 0.338410 0.042250 0.332808 0.056256 0.327556 0.070261 0.324580 0.073529 0.322654 0.078665 0.321078 0.092437 0.319853 0.105976 0.317227 0.107610 0.314251 0.093604 0.304797 0.086134 0.295343 0.079832 0.289041 0.075163 0.276261 0.077965 0.258578 0.080532 0.256127 0.084967 0.253676 0.091970 0.251926 0.096405 0.251751 0.115780 0.245798 0.123016 0.242647 0.144258 0.227241 0.152894 0.218312 0.160131 0.213410 0.160131 0.210084 0.158964 0.208508 0.156396 0.207283 0.153128 0.207108 0.128618 0.209734 0.108777 0.216211 0.105509 0.218312 0.094771 0.222164 0.085901 0.227066 0.075163 0.231443 0.067927 0.238095 0.052988 0.246499 0.045985 0.251751 0.038515 0.258578 0.036181 0.262430 0.032213 0.265581 0.027077 0.272234 0.022409 0.282738 0.016340 0.292717 0.014006 0.298319 0.012138 0.306898 0.012372 0.310924 0.010971 0.317927
1 0.010504 0.394083 0.015406 0.398109 0.022409 0.401786 0.036415 0.407388 0.052754 0.410889 0.067927 0.413165 0.084734 0.417542 0.133287 0.424720 0.144024 0.423669 0.157563 0.421043 0.164799 0.418768 0.178338 0.415966 0.180672 0.414741 0.179739 0.411415 0.175537 0.409664 0.171802 0.407038 0.165733 0.401786 0.162932 0.398109 0.157796 0.387255 0.157096 0.379902 0.162932 0.356443 0.165966 0.348739 0.167600 0.345413 0.173436 0.338585 0.174603 0.334909 0.177871 0.331758 0.180205 0.327906 0.178805 0.326506 0.176237 0.326155 0.146825 0.327031 0.130252 0.323880 0.122782 0.320903 0.112745 0.318102 0.105976 0.318102 0.098506 0.319678 0.076797 0.322479 0.049720 0.330007 0.040149 0.333859 0.026844 0.341387 0.020775 0.346464 0.009804 0.362570 0.009104 0.371849 0.008170 0.387080 0.010504 0.394083
1 0.000000 0.484244 0.001867 0.484069 0.012138 0.473915 0.026844 0.449230 0.031279 0.436099 0.035714 0.414916 0.035714 0.410889 0.034547 0.408964 0.025910 0.403711 0.014939 0.398634 0.009804 0.393732 0.007470 0.387255 0.007470 0.379202 0.009104 0.373424 0.010037 0.363095 0.015406 0.352416 0.012838 0.347689 0.001634 0.339811 0.000000 0.339811 0.000000 0.484244
1 0.045985 0.507178 0.047152 0.507353 0.059057 0.503676 0.081466 0.501050 0.096405 0.500875 0.098973 0.501576 0.109244 0.502101 0.123016 0.504202 0.144491 0.509454 0.154995 0.513480 0.168301 0.520308 0.175070 0.522409 0.178805 0.522409 0.193744 0.513655 0.210317 0.501576 0.212418 0.500875 0.228291 0.485294 0.228058 0.480392 0.226190 0.473915 0.218021 0.456758 0.212652 0.436625 0.212885 0.425245 0.209384 0.422969 0.198880 0.420693 0.193744 0.417892 0.184874 0.417017 0.168067 0.419293 0.157096 0.422269 0.151027 0.422969 0.142624 0.425070 0.136555 0.426821 0.117414 0.434874 0.095472 0.445903 0.077031 0.459559 0.063725 0.472339 0.056956 0.480567 0.050187 0.490896 0.045051 0.502451 0.044585 0.505602 0.045985 0.507178
1 0.000000 0.660539 0.007470 0.661064 0.015406 0.663690 0.031513 0.665966 0.047152 0.664916 0.067460 0.661415 0.073529 0.656863 0.084734 0.653186 0.088469 0.653011 0.097572 0.649335 0.100607 0.647409 0.101774 0.643732 0.098973 0.640231 0.095238 0.639006 0.088002 0.634104 0.080065 0.630777 0.073063 0.626401 0.042017 0.599965 0.028945 0.585084 0.018441 0.567927 0.014706 0.557423 0.013305 0.550420 0.014006 0.540441 0.019608 0.532913 0.020075 0.529412 0.024743 0.522059 0.022642 0.519083 0.010971 0.514181 0.008403 0.512080 0.001867 0.509804 0.000000 0.509804 0.000000 0.660539
1 0.143091 0.665091 0.159197 0.670693 0.175070 0.678922 0.182073 0.681373 0.222456 0.682248 0.254202 0.681723 0.256769 0.682773 0.257470 0.685224 0.258870 0.685924 0.262138 0.684349 0.265640 0.684174 0.281279 0.680322 0.286415 0.679972 0.304855 0.673669 0.308590 0.671394 0.310924 0.668768 0.306022 0.651961 0.306022 0.637080 0.309757 0.629377 0.320028 0.620623 0.320261 0.611870 0.318861 0.604867 0.317460 0.603291 0.313725 0.602416 0.300187 0.596464 0.296452 0.593838 0.286648 0.588936 0.281746 0.584734 0.275677 0.582458 0.271475 0.579132 0.263305 0.570028 0.258637 0.567577 0.240663 0.570903 0.231559 0.574580 0.232960 0.578081 0.239029 0.583859 0.243464 0.590336 0.249300 0.595938 0.255602 0.604167 0.261438 0.609244 0.262138 0.612745 0.264239 0.615546 0.267274 0.623424 0.267040 0.630252 0.264706 0.633403 0.256769 0.640756 0.253501 0.643032 0.224556 0.655462 0.202148 0.660889 0.188375 0.661940 0.157796 0.660539 0.141223 0.658789 0.139356 0.659839 0.139356 0.662290 0.143091 0.665091
1 0.000000 0.797094 0.001634 0.797094 0.004669 0.798494 0.011905 0.799195 0.020075 0.799020 0.028711 0.797969 0.032680 0.798144 0.036181 0.796569 0.039683 0.798845 0.061391 0.798494 0.081466 0.795868 0.109477 0.790616 0.126284 0.780637 0.126517 0.775910 0.124650 0.772409 0.121382 0.769608 0.121382 0.768557 0.123249 0.766982 0.126517 0.765756 0.130019 0.766282 0.131653 0.761905 0.140289 0.750525 0.146592 0.744223 0.151261 0.741772 0.161298 0.732668 0.172035 0.727766 0.181139 0.721814 0.192344 0.716036 0.196078 0.713585 0.196779 0.712010 0.198179 0.704482 0.197012 0.698354 0.195378 0.695728 0.187675 0.689076 0.178338 0.682248 0.164799 0.674720 0.156629 0.672269 0.140523 0.665616 0.135854 0.665441 0.122082 0.662465 0.112745 0.661765 0.105742 0.662290 0.096872 0.661239 0.081232 0.661590 0.039449 0.667017 0.012372 0.674195 0.009337 0.676120 0.004902 0.676646 0.001634 0.678396 0.000000 0.678396 0.000000 0.797094
1 0.131186 0.793242 0.133520 0.797444 0.139823 0.803922 0.147526 0.808123 0.161064 0.809349 0.168067 0.811800 0.175303 0.812675 0.188842 0.816352 0.213819 0.818803 0.216853 0.819678 0.226424 0.819503 0.255836 0.814076 0.262372 0.813901 0.266106 0.812850 0.276377 0.811800 0.282680 0.809699 0.296919 0.807598 0.304622 0.805322 0.314659 0.799895 0.324463 0.798319 0.345238 0.789041 0.362745 0.780112 0.377218 0.768732 0.387021 0.758228 0.391690 0.751751 0.391690 0.744398 0.388655 0.736695 0.374416 0.708683 0.366246 0.695553 0.362278 0.691527 0.352941 0.688550 0.334267 0.689076 0.331699 0.688550 0.317694 0.688550 0.311158 0.689601 0.299720 0.689601 0.293184 0.687500 0.288982 0.687500 0.286415 0.685924 0.262138 0.689776 0.259804 0.691001 0.244631 0.692577 0.238796 0.695028 0.234127 0.696078 0.232260 0.699580 0.223856 0.702206 0.220355 0.702031 0.217787 0.703957 0.214052 0.704832 0.205882 0.708683 0.190943 0.718137 0.181139 0.722864 0.166433 0.732318 0.156863 0.737395 0.140523 0.751751 0.132820 0.762955 0.129785 0.772234 0.129552 0.788690 0.131186 0.793242
1 0.209150 0.705707 0.222456 0.703081 0.234360 0.699755 0.236695 0.695903 0.234360 0.694153 0.232493 0.694503 0.220121 0.698004 0.215219 0.700630 0.207516 0.702731 0.207049 0.704482 0.209150 0.705707
1 0.243464 0.692577 0.251634 0.693452 0.258870 0.693102 0.264006 0.691702 0.278011 0.689951 0.285831 0.688200 0.307656 0.689776 0.328198 0.689251 0.329132 0.689076 0.329132 0.688025 0.328898 0.685574 0.320028 0.677696 0.318627 0.675420 0.313959 0.671919 0.311391 0.671919 0.298553 0.676471 0.265173 0.685749 0.262372 0.687150 0.253735 0.689076 0.249300 0.691702 0.243464 0.692577
1 0.330065 0.805672 0.334967 0.810574 0.383053 0.811625 0.404762 0.813375 0.415033 0.815301 0.425070 0.818102 0.436041 0.819678 0.443978 0.822129 0.450747 0.825630 0.456349 0.830182 0.463352 0.831933 0.466853 0.830357 0.478758 0.822129 0.487395 0.817227 0.504435 0.805322 0.522409 0.797794 0.529412 0.793943 0.537115 0.791492 0.571195 0.784664 0.585901 0.783613 0.609711 0.784839 0.611345 0.784139 0.612045 0.782388 0.611111 0.779237 0.596872 0.755952 0.589636 0.748424 0.588469 0.745973 0.580766 0.740196 0.567460 0.732843 0.539916 0.723739 0.532913 0.722339 0.520775 0.721289 0.504902 0.721113 0.501867 0.723739 0.489963 0.741246 0.480626 0.748074 0.475724 0.752801 0.448413 0.768908 0.437675 0.771008 0.426004 0.772234 0.413866 0.770833 0.406863 0.766807 0.401961 0.761555 0.397292 0.753676 0.394024 0.751401 0.379552 0.768207 0.363212 0.781338 0.355742 0.784839 0.345705 0.790966 0.338235 0.793417 0.330065 0.797269 0.327965 0.799370 0.327498 0.800245 0.330065 0.805672
1 0.112278 0.904412 0.113212 0.922094 0.116480 0.930147 0.125584 0.939076 0.133987 0.945728 0.154295 0.952906 0.168301 0.955182 0.183007 0.956057 0.193044 0.955007 0.195845 0.955882 0.201681 0.955707 0.209851 0.956933 0.211018 0.955707 0.241363 0.953431 0.252568 0.950105 0.258870 0.950105 0.261905 0.949055 0.265640 0.949230 0.270075 0.948004 0.276377 0.948004 0.282213 0.945903 0.293184 0.944678 0.303455 0.941877 0.306256 0.941702 0.312792 0.938901 0.317694 0.938725 0.326564 0.936975 0.330766 0.934874 0.338235 0.933298 0.359244 0.925070 0.377218 0.915966 0.383520 0.914566 0.394258 0.904587 0.431606 0.860819 0.455649 0.839286 0.457983 0.834909 0.449346 0.827206 0.442344 0.823529 0.418534 0.817227 0.409664 0.816176 0.401261 0.814251 0.390056 0.813725 0.387488 0.813025 0.331933 0.812150 0.320728 0.812850 0.318161 0.811975 0.314426 0.812325 0.306723 0.811450 0.302054 0.812150 0.292250 0.811275 0.283380 0.812850 0.257470 0.815301 0.223623 0.821078 0.213352 0.825280 0.205649 0.827381 0.191176 0.833508 0.163399 0.847689 0.158030 0.851891 0.154295 0.852941 0.150560 0.855042 0.141690 0.861870 0.137488 0.866597 0.132820 0.869223 0.130252 0.872549 0.126050 0.875350 0.117414 0.885854 0.113445 0.896709 0.113212 0.902486 0.112278 0.904412
1 0.075397 0.862745 0.079832 0.874650 0.089169 0.893207 0.091970 0.902136 0.097572 0.911940 0.101074 0.915441 0.109944 0.921919 0.111811 0.919818 0.110878 0.903887 0.113912 0.890931 0.118347 0.884104 0.125584 0.875350 0.136555 0.866246 0.139823 0.862570 0.154528 0.852066 0.168067 0.844538 0.179038 0.839811 0.182306 0.837360 0.186041 0.836134 0.195845 0.830882 0.212185 0.824580 0.214052 0.821078 0.170401 0.814076 0.150093 0.813725 0.132353 0.815651 0.115780 0.816352 0.097806 0.820378 0.079365 0.828081 0.075630 0.832808 0.073529 0.841737 0.073296 0.849790 0.075397 0.862745
1 0.185574 0.956933 0.192110 0.959909 0.202848 0.963410 0.219655 0.966036 0.241130 0.971814 0.263772 0.974790 0.280345 0.975840 0.289216 0.975490 0.307423 0.972164 0.311858 0.970763 0.319561 0.967612 0.326097 0.963410 0.335668 0.948179 0.336601 0.944153 0.336368 0.938550 0.334967 0.935749 0.332166 0.935924 0.289216 0.945378 0.283380 0.946078 0.276611 0.948179 0.271942 0.948004 0.266106 0.949055 0.261438 0.948354 0.241830 0.952556 0.233427 0.951856 0.228945 0.953782 0.224090 0.953782 0.220121 0.952556 0.206816 0.955882 0.188142 0.955182 0.182773 0.956232 0.182073 0.956583 0.185574 0.956933
1 0.000000 0.999825 0.124183 0.999825 0.123249 0.994398 0.111345 0.975840 0.109010 0.966912 0.102941 0.952731 0.097806 0.945378 0.094538 0.942577 0.091737 0.935924 0.089402 0.933473 0.087302 0.927521 0.074697 0.914216 0.068161 0.909839 0.056723 0.905112 0.043417 0.897059 0.035948 0.894083 0.016573 0.889356 0.003501 0.887430 0.000000 0.887605 0.000000 0.999825
1 0.227358 0.999825 0.406396 0.999825 0.406396 0.998249 0.402661 0.997199 0.400560 0.994923 0.393091 0.993347 0.382820 0.988620 0.377451 0.985294 0.362278 0.974790 0.353408 0.966211 0.348739 0.963060 0.346872 0.962710 0.345238 0.960959 0.343371 0.963235 0.338702 0.965511 0.335901 0.967787 0.331699 0.968662 0.324463 0.968487 0.309991 0.973214 0.286415 0.977066 0.274510 0.977066 0.268674 0.976366 0.261671 0.977766 0.246732 0.984419 0.231092 0.994748 0.227358 0.998074 0.227358 0.999825
1 0.340103 0.949405 0.346405 0.958158 0.358543 0.970938 0.376284 0.984594 0.390289 0.991597 0.409664 0.997899 0.410131 0.999825 0.437908 0.999825 0.435808 0.994223 0.414799 0.985469 0.410131 0.983018 0.407796 0.980742 0.403361 0.979342 0.395658 0.973915 0.392624 0.972689 0.388889 0.969188 0.381886 0.959209 0.377684 0.950630 0.377451 0.942227 0.378618 0.934874 0.384220 0.921919 0.383987 0.918943 0.382353 0.917367 0.379785 0.916842 0.376984 0.917542 0.366713 0.923144 0.343137 0.931898 0.340336 0.934349 0.338002 0.938200 0.338702 0.945728 0.340103 0.949405
1 0.566060 0.997549 0.566527 0.999825 0.679272 0.999825 0.679272 0.998249 0.670868 0.985644 0.667367 0.977941 0.661765 0.960434 0.657096 0.949580 0.653128 0.934174 0.650560 0.930847 0.644024 0.928396 0.637722 0.932423 0.626984 0.944328 0.598273 0.965686 0.595238 0.966912 0.580065 0.977941 0.567460 0.984244 0.563025 0.987745 0.562558 0.989146 0.562092 0.991597 0.566060 0.997549
1 0.266340 0.411415 0.269141 0.414216 0.271475 0.415091 0.290616 0.417542 0.304388 0.420168 0.320495 0.426296 0.345472 0.439251 0.351307 0.435749 0.369981 0.418242 0.371615 0.415791 0.377218 0.411239 0.379318 0.407913 0.376751 0.405637 0.373950 0.404412 0.369281 0.404237 0.360644 0.402136 0.339169 0.395308 0.331466 0.390231 0.320962 0.385154 0.317694 0.382528 0.314659 0.381828 0.309524 0.383578 0.301354 0.387780 0.292717 0.393207 0.284314 0.397059 0.279178 0.400910 0.271475 0.408613 0.266340 0.411415
1 0.394024 0.489671 0.398926 0.490196 0.403828 0.492297 0.411298 0.493347 0.428338 0.497549 0.432540 0.499300 0.435808 0.501751 0.443511 0.504027 0.446312 0.506478 0.450047 0.507528 0.459851 0.505777 0.473389 0.504552 0.489963 0.504902 0.490896 0.501401 0.489963 0.498074 0.489729 0.490021 0.496499 0.476190 0.498366 0.473915 0.491830 0.473739 0.488095 0.475490 0.470822 0.478817 0.443511 0.482318 0.436508 0.481793 0.427871 0.482318 0.414566 0.481968 0.411765 0.481268 0.403595 0.481268 0.390523 0.479167 0.388189 0.480392 0.389122 0.484069 0.394024 0.489671
1 0.180439 0.526961 0.199580 0.541842 0.206816 0.550245 0.216853 0.558999 0.223856 0.562150 0.244631 0.563725 0.248133 0.565476 0.253735 0.563025 0.254902 0.560924 0.254202 0.557773 0.247899 0.548494 0.245798 0.542542 0.236461 0.498249 0.233193 0.490896 0.230859 0.488095 0.224790 0.491071 0.211251 0.502626 0.179739 0.523284 0.179505 0.525910 0.180439 0.526961
1 0.399860 0.505777 0.402661 0.515231 0.405229 0.515931 0.415266 0.516457 0.418301 0.517682 0.424136 0.516282 0.426471 0.513655 0.427638 0.510154 0.429505 0.508578 0.427404 0.507528 0.426237 0.505777 0.426471 0.502976 0.428571 0.501576 0.427638 0.501401 0.425770 0.498249 0.414799 0.493873 0.401727 0.490546 0.394024 0.490021 0.393091 0.490896 0.394024 0.496324 0.399860 0.505777
1 0.459384 0.278536 0.460084 0.280462 0.463352 0.282563 0.482960 0.255252 0.482493 0.252101 0.473856 0.252101 0.471055 0.251225 0.464519 0.251751 0.461718 0.255602 0.459150 0.267332 0.458683 0.274335 0.459384 0.278536