0 0.299720 0.414741 0.305789 0.425770 0.314192 0.431548 0.321195 0.432948 0.333567 0.438550 0.340803 0.440126 0.349440 0.439776 0.363445 0.436625 0.378385 0.430322 0.391690 0.422444 0.402661 0.418417 0.415033 0.411765 0.423203 0.404587 0.428805 0.401261 0.430439 0.398810 0.436041 0.394783 0.444678 0.386204 0.452614 0.380077 0.463119 0.367647 0.472456 0.352766 0.478758 0.338585 0.482493 0.324930 0.482493 0.321078 0.478758 0.307598 0.474323 0.299720 0.468954 0.295693 0.460084 0.292192 0.436041 0.294118 0.415733 0.300595 0.396592 0.309349 0.381186 0.317402 0.373249 0.319153 0.366246 0.322129 0.352708 0.331933 0.345938 0.334909 0.334034 0.341912 0.320495 0.355917 0.316993 0.360644 0.310924 0.373074 0.302754 0.383754 0.299253 0.398284 0.298786 0.408088 0.299720 0.414741
0 0.324230 0.085084 0.332633 0.096113 0.337068 0.099440 0.341970 0.101891 0.359244 0.106793 0.390756 0.108894 0.400560 0.108718 0.436041 0.104692 0.442110 0.103466 0.463585 0.095763 0.469888 0.091912 0.477358 0.085959 0.484360 0.078081 0.486695 0.074405 0.489262 0.067577 0.489496 0.057598 0.488095 0.053746 0.484594 0.049545 0.479458 0.046919 0.468954 0.043592 0.447246 0.040791 0.421802 0.036064 0.409664 0.035539 0.397993 0.034139 0.383053 0.034314 0.368581 0.036239 0.361811 0.038515 0.358777 0.040266 0.347106 0.043943 0.338002 0.048319 0.335201 0.050245 0.327264 0.058824 0.323996 0.064251 0.321662 0.071429 0.321195 0.075105 0.324230 0.085084
0 0.506769 0.361169 0.528945 0.375175 0.535714 0.377101 0.540149 0.377626 0.543651 0.379027 0.552754 0.379377 0.560224 0.381478 0.586368 0.380602 0.599440 0.381127 0.604809 0.379552 0.620215 0.378326 0.633520 0.376050 0.657330 0.369923 0.667367 0.366071 0.689076 0.359594 0.713119 0.349090 0.723389 0.341387 0.727591 0.336134 0.729692 0.331583 0.731793 0.322129 0.731092 0.313901 0.725957 0.306022 0.718487 0.300070 0.706349 0.294118 0.684874 0.288165 0.672502 0.285889 0.658730 0.284839 0.635854 0.285189 0.612278 0.287990 0.598273 0.291141 0.585668 0.295343 0.563725 0.305147 0.551821 0.311625 0.531279 0.320028 0.522409 0.325280 0.514239 0.331933 0.507236 0.336134 0.503035 0.340686 0.498833 0.347514 0.499533 0.353466 0.506769 0.361169
0 0.513305 0.530462 0.521709 0.540791 0.531046 0.547094 0.536415 0.549545 0.542717 0.551471 0.551120 0.551471 0.567694 0.547969 0.577264 0.544468 0.599440 0.531863 0.620915 0.512255 0.631419 0.505777 0.639122 0.499825 0.646359 0.495973 0.664799 0.480392 0.672736 0.471639 0.679272 0.459734 0.686041 0.439426 0.684874 0.418242 0.678571 0.404237 0.665500 0.391282 0.650327 0.384804 0.644491 0.383578 0.639472 0.385504 0.632586 0.385504 0.619514 0.388305 0.613445 0.390581 0.608077 0.394083 0.602474 0.396008 0.573996 0.413866 0.566060 0.420518 0.560224 0.423845 0.555789 0.428571 0.550654 0.432073 0.529412 0.453431 0.513539 0.480392 0.507703 0.501401 0.507937 0.514881 0.513305 0.530462
0 0.588235 0.605567 0.592204 0.612745 0.596639 0.617472 0.609244 0.626926 0.615079 0.627801 0.619514 0.630427 0.625350 0.630427 0.630486 0.632703 0.646359 0.636555 0.657563 0.635679 0.671335 0.631828 0.679505 0.628326 0.683473 0.625875 0.695612 0.620973 0.728525 0.600490 0.745331 0.589111 0.761905 0.575805 0.773810 0.563550 0.775677 0.560224 0.780579 0.555847 0.791083 0.539216 0.791783 0.536415 0.794118 0.532913 0.798319 0.519083 0.799253 0.512080 0.798319 0.493873 0.792017 0.480742 0.787815 0.477241 0.783847 0.472339 0.776844 0.466562 0.754902 0.458158 0.749066 0.457458 0.734127 0.458158 0.715219 0.466036 0.682540 0.484594 0.669234 0.490721 0.652428 0.496324 0.642624 0.500700 0.619748 0.514706 0.605742 0.527836 0.597806 0.537815 0.587768 0.556548 0.582866 0.574405 0.583333 0.592087 0.588235 0.605567
0 0.407563 0.835084 0.409197 0.839286 0.412232 0.845413 0.414799 0.847864 0.418067 0.848915 0.423669 0.849265 0.432306 0.847164 0.439076 0.843838 0.446078 0.843137 0.456116 0.839811 0.460084 0.837710 0.468021 0.835084 0.478525 0.829132 0.494398 0.822129 0.499066 0.821429 0.504902 0.819503 0.546685 0.797269 0.566760 0.783964 0.579832 0.772409 0.582166 0.768382 0.588469 0.762430 0.596639 0.749825 0.602474 0.734069 0.603175 0.714986 0.602708 0.709384 0.600607 0.703431 0.594771 0.696078 0.577965 0.682773 0.574930 0.681898 0.573063 0.678922 0.570962 0.678571 0.560691 0.680847 0.554622 0.681373 0.532680 0.680147 0.525910 0.682948 0.522409 0.682948 0.518908 0.683999 0.515640 0.685574 0.513072 0.688025 0.498833 0.695378 0.494865 0.695903 0.490896 0.698529 0.487862 0.698704 0.486928 0.699405 0.485994 0.703957 0.478758 0.713410 0.472456 0.718487 0.460317 0.724090 0.454715 0.728116 0.437208 0.747374 0.428571 0.755252 0.420168 0.765231 0.411298 0.780112 0.406396 0.795693 0.405462 0.804447 0.405929 0.825105 0.407563 0.835084
0 0.066993 0.602416 0.067460 0.605917 0.077498 0.618172 0.092204 0.629552 0.119514 0.640931 0.143324 0.645133 0.154295 0.645833 0.169001 0.646183 0.189076 0.643557 0.212418 0.639006 0.234594 0.632353 0.240430 0.629552 0.247432 0.627626 0.262372 0.619923 0.276611 0.610644 0.286181 0.605567 0.294351 0.599615 0.305789 0.594188 0.310224 0.590511 0.313725 0.585259 0.324463 0.575630 0.325864 0.573354 0.329365 0.562850 0.329365 0.556898 0.327731 0.550245 0.326331 0.546744 0.318861 0.536239 0.310691 0.528536 0.302521 0.522759 0.289683 0.516807 0.282913 0.514531 0.269608 0.511555 0.237862 0.511555 0.234827 0.512255 0.224790 0.512430 0.213352 0.514181 0.199580 0.517682 0.189309 0.519258 0.185341 0.521008 0.178571 0.522234 0.161064 0.535014 0.153828 0.538515 0.147292 0.543592 0.140056 0.546919 0.134921 0.550595 0.126751 0.553221 0.123950 0.555497 0.119981 0.557073 0.115079 0.560224 0.108077 0.563025 0.096172 0.569503 0.091503 0.570903 0.089402 0.574580 0.084967 0.575280 0.072829 0.582983 0.064659 0.594013 0.064426 0.598915 0.066993 0.602416
0 0.329832 0.543417 0.331232 0.546744 0.331699 0.559349 0.330999 0.564426 0.327731 0.574755 0.327498 0.579657 0.330065 0.594888 0.331466 0.599090 0.334967 0.605042 0.341737 0.609769 0.352241 0.613095 0.354575 0.612395 0.369514 0.611695 0.377451 0.610294 0.387488 0.607318 0.395658 0.603641 0.407796 0.596464 0.424603 0.583158 0.432773 0.575455 0.444211 0.561800 0.456816 0.533789 0.460317 0.519433 0.462652 0.504902 0.462418 0.487745 0.457283 0.446604 0.454949 0.440651 0.449113 0.433123 0.440243 0.427871 0.429505 0.424195 0.411064 0.420518 0.404762 0.420343 0.397526 0.421744 0.388655 0.425245 0.374650 0.433999 0.355742 0.455357 0.339402 0.480567 0.336134 0.487570 0.331466 0.501576 0.328898 0.515581 0.328431 0.525560 0.330766 0.539216 0.329832 0.543417
0 0.403595 0.223564 0.416433 0.238445 0.428805 0.248249 0.431139 0.251050 0.436975 0.252451 0.446312 0.252626 0.456116 0.254727 0.463352 0.257353 0.465686 0.257353 0.470121 0.259279 0.477358 0.260154 0.479925 0.258403 0.488095 0.255777 0.500233 0.247549 0.507236 0.234944 0.509804 0.224615 0.509570 0.216387 0.507470 0.210084 0.503501 0.202731 0.491363 0.188901 0.482726 0.181898 0.470355 0.174895 0.456583 0.169993 0.446078 0.168242 0.435107 0.168067 0.423436 0.171218 0.414799 0.175070 0.407796 0.181723 0.403128 0.188901 0.398693 0.204132 0.399393 0.213761 0.403595 0.223564
0 0.000000 0.392507 0.001634 0.392507 0.003735 0.395483 0.009570 0.398634 0.022176 0.401611 0.028711 0.402311 0.043417 0.402136 0.067694 0.398634 0.088469 0.392157 0.126751 0.373249 0.151494 0.359944 0.164799 0.351190 0.171802 0.345413 0.182306 0.334734 0.186275 0.328782 0.189776 0.321254 0.190009 0.307248 0.186975 0.301296 0.179972 0.293943 0.172269 0.289916 0.164799 0.287465 0.140756 0.283438 0.125117 0.283613 0.108077 0.285014 0.099673 0.287815 0.094771 0.287640 0.084734 0.289216 0.074463 0.292192 0.046919 0.302346 0.026144 0.313901 0.006225 0.327789 0.001867 0.332283 0.000000 0.332458 0.000000 0.392507
0 0.072596 0.494223 0.073296 0.502101 0.076797 0.508228 0.080065 0.511029 0.083100 0.515406 0.088702 0.519958 0.094304 0.523109 0.115780 0.530987 0.122549 0.530287 0.133987 0.527661 0.141923 0.524335 0.152661 0.516632 0.159897 0.509279 0.164799 0.505952 0.171802 0.498599 0.174370 0.494048 0.183473 0.484244 0.189542 0.470238 0.193744 0.453081 0.194911 0.443277 0.194678 0.424370 0.193277 0.410889 0.186975 0.396359 0.182773 0.390231 0.179038 0.386204 0.172035 0.381127 0.161531 0.376225 0.156863 0.374825 0.149393 0.374300 0.140523 0.372199 0.130019 0.373599 0.121849 0.376401 0.098739 0.388305 0.091036 0.394258 0.077031 0.413515 0.070495 0.430847 0.069094 0.438200 0.068161 0.471464 0.072596 0.494223
0 0.830532 0.691001 0.832866 0.707983 0.828898 0.738095 0.825163 0.751751 0.825163 0.756303 0.823296 0.765056 0.822596 0.785364 0.818861 0.799370 0.820728 0.814426 0.824463 0.820903 0.827965 0.823179 0.852708 0.829132 0.868114 0.829307 0.887488 0.826681 0.908030 0.820203 0.922502 0.811450 0.940943 0.796744 0.947712 0.790441 0.953782 0.783263 0.962185 0.769433 0.969655 0.751926 0.975023 0.730742 0.975724 0.724265 0.971755 0.675420 0.967554 0.662290 0.956349 0.640581 0.949813 0.634454 0.935574 0.625000 0.927871 0.622199 0.915500 0.620098 0.893091 0.620623 0.881419 0.622199 0.873016 0.625175 0.859711 0.633754 0.853408 0.639356 0.850140 0.644083 0.841503 0.650210 0.836368 0.656513 0.830999 0.661239 0.826564 0.668417 0.826331 0.672269 0.825163 0.674895 0.827731 0.685924 0.830532 0.691001
0 0.246499 0.696254 0.259104 0.730917 0.261905 0.745798 0.270542 0.765406 0.279412 0.776436 0.293417 0.786239 0.300187 0.788866 0.304388 0.789566 0.307656 0.789566 0.313959 0.788165 0.324697 0.783789 0.335901 0.775385 0.353175 0.757878 0.359944 0.745273 0.368347 0.713936 0.369281 0.698354 0.366713 0.681197 0.358077 0.647234 0.348273 0.622374 0.347339 0.616246 0.345938 0.613796 0.334267 0.606443 0.327498 0.598039 0.317694 0.593838 0.309757 0.593487 0.307190 0.594888 0.304622 0.597689 0.301587 0.598915 0.300187 0.601015 0.296685 0.602766 0.286415 0.605917 0.258637 0.623424 0.256069 0.626576 0.255135 0.629202 0.248133 0.634979 0.245331 0.643908 0.242297 0.662640 0.243231 0.682248 0.246499 0.696254
1 0.113912 0.251751 0.118347 0.256653 0.123950 0.260854 0.129318 0.267682 0.133520 0.275735 0.133754 0.279587 0.158030 0.283613 0.173669 0.288165 0.176237 0.289916 0.182073 0.292192 0.185808 0.292717 0.221755 0.289566 0.229225 0.287290 0.230859 0.284839 0.230159 0.275385 0.231326 0.268908 0.232726 0.265406 0.235761 0.261380 0.250934 0.247024 0.258403 0.244398 0.262372 0.242647 0.265873 0.240021 0.273576 0.237220 0.276144 0.234244 0.265640 0.226891 0.250700 0.224790 0.240430 0.221814 0.237395 0.219888 0.231559 0.218487 0.220355 0.216737 0.202848 0.215161 0.174370 0.215161 0.162932 0.216737 0.136321 0.223214 0.126284 0.227066 0.120915 0.230217 0.116480 0.234244 0.112979 0.241071 0.112045 0.245623 0.111811 0.248074 0.113912 0.251751
1 0.000000 0.329482 0.001634 0.329482 0.006536 0.324930 0.008637 0.324405 0.010738 0.321954 0.024743 0.314426 0.037582 0.305847 0.060924 0.296218 0.086835 0.287815 0.099907 0.286765 0.102241 0.286239 0.104575 0.284664 0.119514 0.283438 0.123016 0.282038 0.127451 0.282563 0.130019 0.281863 0.131419 0.279587 0.130019 0.272759 0.127684 0.268207 0.117880 0.259629 0.109477 0.250700 0.105742 0.248249 0.102474 0.247374 0.081466 0.244223 0.073763 0.243873 0.059524 0.245623 0.032913 0.257703 0.011204 0.270658 0.002101 0.278711 0.000000 0.279062 0.000000 0.329482
1 0.488796 0.185749 0.495798 0.192402 0.508637 0.209034 0.511905 0.210434 0.519374 0.215861 0.525677 0.218838 0.531046 0.223915 0.541317 0.227941 0.553221 0.235469 0.557190 0.238971 0.560691 0.240196 0.564426 0.240021 0.567460 0.238971 0.589636 0.224615 0.615079 0.217087 0.619514 0.215861 0.625817 0.215336 0.644958 0.215511 0.651027 0.214636 0.651961 0.209734 0.656162 0.203081 0.655696 0.199230 0.650794 0.189076 0.640289 0.178922 0.633520 0.174545 0.620915 0.168242 0.588002 0.157738 0.574697 0.155287 0.549486 0.153887 0.527311 0.157213 0.515640 0.159664 0.511204 0.161239 0.498833 0.168242 0.491130 0.175245 0.487628 0.180847 0.487395 0.182598 0.488796 0.185749
1 0.489496 0.319328 0.494398 0.324930 0.508403 0.332983 0.512138 0.332283 0.524510 0.323179 0.531513 0.319153 0.537115 0.316352 0.550654 0.311450 0.572596 0.300070 0.574930 0.296919 0.574697 0.286064 0.572829 0.281513 0.564426 0.270483 0.561858 0.265581 0.561158 0.261029 0.561625 0.247024 0.553688 0.237220 0.542250 0.229692 0.536181 0.227241 0.529645 0.227066 0.524743 0.229342 0.516573 0.236169 0.510037 0.246499 0.499066 0.257353 0.493931 0.264706 0.489963 0.273109 0.486928 0.282738 0.485994 0.289041 0.485761 0.300420 0.489496 0.319328
1 0.562792 0.265406 0.564192 0.268557 0.570028 0.276261 0.574230 0.279587 0.577965 0.284314 0.591270 0.291141 0.609477 0.287290 0.629318 0.284664 0.650794 0.283964 0.678805 0.284839 0.686041 0.277311 0.697012 0.262255 0.700047 0.251576 0.699813 0.244923 0.696545 0.237745 0.692810 0.233718 0.682773 0.226891 0.674603 0.223214 0.647993 0.215861 0.619748 0.215861 0.591737 0.223739 0.572829 0.236345 0.565593 0.244048 0.563259 0.248599 0.562092 0.256127 0.561858 0.262255 0.562792 0.265406
1 0.723856 0.240371 0.736461 0.258929 0.741830 0.263480 0.744631 0.264531 0.753501 0.264006 0.764939 0.264531 0.778711 0.268032 0.785481 0.270833 0.791317 0.274335 0.796685 0.278711 0.799953 0.282563 0.803688 0.284664 0.810458 0.283263 0.824697 0.273459 0.828431 0.268732 0.831699 0.256653 0.831232 0.244923 0.828665 0.233018 0.825864 0.225140 0.822596 0.217262 0.810691 0.199230 0.804388 0.192227 0.789683 0.181898 0.776377 0.177696 0.767274 0.176646 0.762605 0.174895 0.757703 0.174020 0.747199 0.172969 0.737862 0.173669 0.733427 0.175245 0.722689 0.181898 0.716853 0.190301 0.714052 0.195903 0.712185 0.202556 0.712652 0.212185 0.723856 0.240371
1 0.722923 0.301996 0.729225 0.308473 0.732026 0.313725 0.732960 0.317577 0.730392 0.335259 0.735761 0.341912 0.743464 0.346989 0.744865 0.347339 0.748133 0.346464 0.752334 0.343662 0.755836 0.342437 0.764939 0.341036 0.772876 0.341211 0.789449 0.343838 0.793184 0.343838 0.796685 0.342612 0.801120 0.339461 0.809524 0.331758 0.813259 0.324580 0.814893 0.319153 0.815593 0.314601 0.814893 0.307248 0.806256 0.293242 0.803922 0.286239 0.793184 0.275910 0.786415 0.271534 0.779412 0.268557 0.767274 0.265231 0.751634 0.264531 0.741363 0.265581 0.731326 0.269083 0.722456 0.274160 0.716853 0.279237 0.710551 0.289216 0.711018 0.293943 0.722923 0.301996
1 0.726657 0.417892 0.729692 0.422094 0.729925 0.429272 0.731793 0.439951 0.734360 0.449755 0.737628 0.455707 0.740896 0.455357 0.744631 0.456758 0.748133 0.456408 0.751634 0.457458 0.757470 0.457458 0.762138 0.458333 0.765406 0.461134 0.792017 0.478116 0.792250 0.484594 0.795051 0.488270 0.800187 0.491422 0.805089 0.489671 0.808123 0.487395 0.814659 0.485294 0.819094 0.482668 0.823996 0.478291 0.829365 0.470238 0.832866 0.460084 0.835668 0.446254 0.836134 0.438901 0.833333 0.436275 0.833333 0.434174 0.834034 0.432248 0.837302 0.430847 0.838469 0.431898 0.838936 0.429972 0.838469 0.408438 0.836835 0.407913 0.835201 0.404237 0.834034 0.397409 0.832166 0.394258 0.831466 0.388655 0.829599 0.386029 0.828665 0.379902 0.821662 0.369573 0.818861 0.368697 0.815126 0.363445 0.808590 0.360294 0.801587 0.352241 0.793417 0.345413 0.769141 0.342087 0.761671 0.342262 0.755369 0.344013 0.748133 0.347339 0.740663 0.354167 0.736695 0.359244 0.732960 0.365896 0.728758 0.376751 0.725257 0.393732 0.724790 0.401611 0.726657 0.417892
1 0.190710 0.306723 0.191410 0.312500 0.191410 0.318277 0.190009 0.323179 0.186508 0.330182 0.180906 0.337710 0.172502 0.346464 0.165500 0.352241 0.167134 0.356268 0.183940 0.363270 0.199346 0.367822 0.224556 0.372024 0.244398 0.372724 0.258870 0.371849 0.264706 0.370273 0.275910 0.368697 0.287115 0.365546 0.297386 0.363620 0.309057 0.360119 0.313725 0.359594 0.321895 0.352241 0.328665 0.342962 0.330766 0.341912 0.325397 0.340686 0.321195 0.338585 0.315826 0.338235 0.291783 0.330357 0.289683 0.329132 0.285948 0.328782 0.276377 0.325805 0.260738 0.318978 0.248366 0.311625 0.243464 0.307598 0.240196 0.303922 0.235994 0.296919 0.234360 0.291492 0.230859 0.289741 0.226424 0.291492 0.221522 0.290616 0.216387 0.290616 0.193044 0.293067 0.188142 0.296744 0.187675 0.300420 0.190710 0.306723
1 0.237628 0.296919 0.243931 0.307248 0.249066 0.311450 0.265173 0.320378 0.279178 0.326331 0.297852 0.331408 0.313492 0.336660 0.327031 0.339286 0.338469 0.337710 0.348506 0.332283 0.352007 0.331408 0.355976 0.327731 0.359244 0.326856 0.365079 0.321954 0.387021 0.313375 0.418301 0.298319 0.435574 0.293067 0.454482 0.291317 0.463352 0.291317 0.466620 0.286415 0.465686 0.283964 0.465686 0.275735 0.464519 0.272409 0.456116 0.265756 0.444444 0.260154 0.442577 0.258578 0.431373 0.255602 0.417600 0.249125 0.406629 0.246148 0.387021 0.238796 0.370215 0.234069 0.363212 0.230917 0.345238 0.227241 0.330766 0.226015 0.324230 0.225840 0.304155 0.229692 0.282913 0.236345 0.265640 0.240721 0.258403 0.245623 0.251401 0.247899 0.246032 0.251576 0.242764 0.255602 0.238796 0.258754 0.233660 0.265581 0.230859 0.272409 0.231559 0.282213 0.237628 0.296919
1 0.803922 0.339986 0.798553 0.344013 0.794818 0.345413 0.797619 0.347864 0.800654 0.352241 0.818627 0.367122 0.826331 0.380077 0.829599 0.386730 0.834267 0.400910 0.837535 0.421744 0.838469 0.436800 0.839636 0.438550 0.842204 0.438901 0.854108 0.435399 0.859711 0.431898 0.875350 0.408088 0.880019 0.396183 0.882120 0.383578 0.881886 0.367297 0.879785 0.356618 0.876751 0.348389 0.869981 0.337710 0.864613 0.330707 0.860411 0.327731 0.845472 0.322654 0.833100 0.321429 0.824463 0.322654 0.814893 0.327031 0.812325 0.331408 0.803922 0.339986
1 0.609244 0.391282 0.609944 0.389706 0.612512 0.388831 0.623483 0.387080 0.630019 0.384804 0.650327 0.384279 0.655929 0.387255 0.660831 0.388480 0.667600 0.392507 0.676937 0.401961 0.680672 0.406863 0.682773 0.411415 0.686041 0.421744 0.686741 0.435049 0.686275 0.442227 0.683940 0.450105 0.679972 0.459734 0.673669 0.471639 0.665266 0.480917 0.664332 0.483193 0.660131 0.486870 0.657330 0.487920 0.656629 0.490196 0.654295 0.491071 0.654528 0.491597 0.661298 0.491772 0.680906 0.484244 0.694211 0.477766 0.713819 0.465686 0.719655 0.463410 0.722456 0.461485 0.728058 0.459909 0.730626 0.457808 0.731559 0.456232 0.728758 0.446954 0.723856 0.415791 0.721055 0.403887 0.714753 0.393908 0.704482 0.383578 0.694211 0.375525 0.683707 0.369048 0.680439 0.367822 0.678571 0.365896 0.664799 0.368347 0.633754 0.376576 0.612745 0.380952 0.609944 0.383578 0.609244 0.386905 0.608543 0.390581 0.609244 0.391282
1 0.799953 0.517682 0.798319 0.525385 0.795985 0.529587 0.794118 0.535889 0.795518 0.538866 0.796919 0.539216 0.817694 0.535014 0.831466 0.530812 0.844771 0.528186 0.859010 0.526786 0.867180 0.526786 0.880019 0.528186 0.893324 0.532213 0.897292 0.534664 0.900794 0.534839 0.906162 0.518908 0.909430 0.500350 0.907330 0.463235 0.904528 0.453256 0.901261 0.447829 0.891690 0.442577 0.873016 0.434349 0.859944 0.433999 0.843604 0.438725 0.838469 0.441877 0.830065 0.469538 0.825163 0.477241 0.815593 0.485119 0.808357 0.488796 0.801354 0.491071 0.799020 0.494748 0.800187 0.500875 0.799953 0.517682
1 0.710084 0.639531 0.714753 0.650910 0.718954 0.657913 0.723856 0.663690 0.736461 0.672269 0.751634 0.679622 0.765873 0.680847 0.772409 0.679447 0.785247 0.672444 0.796685 0.664216 0.804855 0.660014 0.809757 0.658438 0.817227 0.653186 0.836134 0.642157 0.846405 0.637955 0.848739 0.637605 0.859477 0.631828 0.873483 0.622374 0.883287 0.614146 0.890990 0.609419 0.904762 0.595588 0.914799 0.581583 0.919001 0.564601 0.919234 0.558298 0.918301 0.555147 0.911531 0.546043 0.900093 0.536415 0.887021 0.530637 0.878852 0.528536 0.867880 0.527486 0.851774 0.527836 0.834967 0.530987 0.793884 0.541317 0.790383 0.543417 0.782680 0.555497 0.764239 0.574580 0.749533 0.587185 0.727358 0.603116 0.721055 0.605917 0.712418 0.612570 0.711018 0.617472 0.709150 0.626401 0.710084 0.639531
1 0.698179 0.751225 0.706349 0.775385 0.716853 0.793943 0.730626 0.810574 0.741363 0.820378 0.758170 0.831933 0.766807 0.835609 0.772409 0.836835 0.783380 0.835784 0.793184 0.832458 0.800887 0.825805 0.811158 0.811800 0.815593 0.801120 0.820728 0.783263 0.823763 0.747374 0.826331 0.731618 0.830065 0.716912 0.830766 0.702731 0.828665 0.691877 0.824930 0.681548 0.822362 0.675245 0.817460 0.668592 0.811391 0.661064 0.806956 0.660014 0.803221 0.661415 0.775677 0.678922 0.767507 0.680847 0.748133 0.679097 0.734594 0.672269 0.721522 0.663165 0.713352 0.650560 0.709384 0.652486 0.704482 0.661590 0.701681 0.679622 0.698179 0.693978 0.695845 0.699055 0.694678 0.707283 0.694444 0.729342 0.698179 0.751225
1 0.587768 0.654412 0.589869 0.657388 0.590803 0.661064 0.590570 0.679097 0.592670 0.689251 0.594771 0.693277 0.602007 0.702381 0.604809 0.709734 0.605275 0.713410 0.605042 0.729692 0.601307 0.747024 0.602007 0.751926 0.608543 0.762080 0.615313 0.768908 0.623716 0.775035 0.626751 0.776261 0.629318 0.775910 0.637021 0.773634 0.647526 0.769083 0.657796 0.760854 0.669234 0.748424 0.674136 0.741947 0.686041 0.719888 0.693978 0.699405 0.700980 0.671394 0.701914 0.657038 0.698179 0.626401 0.696779 0.624300 0.692344 0.622024 0.682306 0.627801 0.668067 0.633754 0.654528 0.636905 0.648226 0.637080 0.633754 0.634629 0.626517 0.631828 0.621148 0.631303 0.614846 0.629552 0.598739 0.622024 0.594771 0.625000 0.591503 0.636555 0.591503 0.639601 0.587768 0.654412
1 0.443277 0.578256 0.449346 0.597339 0.454715 0.609594 0.473623 0.639706 0.491830 0.660889 0.500000 0.666141 0.514239 0.673494 0.529412 0.678571 0.535948 0.679797 0.549486 0.680847 0.560458 0.680672 0.564659 0.679622 0.574463 0.674195 0.577031 0.671919 0.581699 0.665091 0.585201 0.650560 0.585668 0.633053 0.583567 0.612920 0.578665 0.587885 0.574697 0.578256 0.570728 0.574405 0.564192 0.557773 0.560691 0.552521 0.554388 0.551996 0.544818 0.552521 0.535481 0.549895 0.531279 0.547969 0.520308 0.540091 0.514706 0.533789 0.509570 0.525735 0.507937 0.519258 0.505135 0.514356 0.498133 0.512255 0.485061 0.512605 0.476190 0.514356 0.472923 0.515756 0.467554 0.519608 0.464286 0.523459 0.460084 0.529412 0.450980 0.553046 0.444211 0.564076 0.442810 0.567927 0.442344 0.571254 0.443277 0.578256
1 0.402894 0.600140 0.384921 0.608894 0.373016 0.611870 0.361111 0.613445 0.352241 0.616246 0.355976 0.628852 0.355976 0.636730 0.360644 0.650560 0.364613 0.667017 0.368814 0.675420 0.379785 0.690301 0.397292 0.706583 0.408030 0.714286 0.418301 0.720413 0.428338 0.723915 0.435574 0.725490 0.449813 0.725840 0.456116 0.724265 0.467320 0.719713 0.475257 0.714286 0.478992 0.709909 0.482260 0.703431 0.484827 0.695378 0.484827 0.671569 0.477824 0.647759 0.472689 0.641457 0.462418 0.625350 0.451914 0.608193 0.450514 0.603992 0.447946 0.599965 0.432306 0.588235 0.428805 0.586310 0.425303 0.585434 0.421802 0.587010 0.402894 0.600140
1 0.436508 0.410539 0.438142 0.416317 0.442810 0.421043 0.444911 0.425595 0.453081 0.435574 0.465219 0.443277 0.472923 0.449930 0.485294 0.457108 0.497899 0.462185 0.512605 0.465336 0.516106 0.465686 0.519141 0.465161 0.522409 0.461835 0.528945 0.452381 0.549953 0.431373 0.553922 0.428746 0.560224 0.421744 0.557656 0.411239 0.546685 0.382703 0.539916 0.378501 0.530112 0.376050 0.522176 0.372374 0.501401 0.357318 0.498133 0.352066 0.497899 0.348564 0.500934 0.342262 0.505836 0.338235 0.506536 0.334734 0.504202 0.331758 0.501167 0.330182 0.498366 0.327556 0.487628 0.322304 0.484360 0.322304 0.483193 0.323880 0.478291 0.340861 0.473389 0.352241 0.461018 0.372199 0.449813 0.384104 0.434641 0.396884 0.432773 0.400210 0.433007 0.404237 0.436508 0.410539
1 0.278945 0.512255 0.285014 0.513655 0.302054 0.521359 0.320028 0.535014 0.324230 0.540616 0.327965 0.542192 0.328665 0.532213 0.327498 0.529412 0.327498 0.522234 0.329132 0.509104 0.331699 0.497899 0.337068 0.483894 0.341270 0.475665 0.352708 0.459559 0.360644 0.446078 0.358077 0.441352 0.352474 0.440301 0.349440 0.441001 0.341737 0.441176 0.331933 0.438725 0.329599 0.438725 0.324463 0.435924 0.312092 0.431548 0.307190 0.428046 0.301354 0.430322 0.285948 0.456583 0.280812 0.472339 0.275910 0.494573 0.274510 0.508578 0.278945 0.512255
1 0.270775 0.438200 0.278478 0.451681 0.282913 0.455707 0.286415 0.454482 0.303688 0.425770 0.298553 0.411590 0.297852 0.400910 0.300420 0.390581 0.303922 0.381127 0.308123 0.373950 0.311391 0.370098 0.311858 0.363620 0.310691 0.362045 0.303688 0.362570 0.293417 0.368347 0.290383 0.372899 0.285247 0.378326 0.277544 0.390231 0.272409 0.401261 0.269141 0.418242 0.268908 0.430147 0.270775 0.438200
1 0.154528 0.370623 0.171802 0.379027 0.179972 0.385329 0.185808 0.392507 0.193277 0.408438 0.195378 0.417717 0.196779 0.431197 0.196545 0.442752 0.193277 0.459734 0.193277 0.463761 0.194678 0.465686 0.200747 0.469888 0.205415 0.474265 0.209617 0.475665 0.216853 0.476366 0.221755 0.476015 0.234360 0.478466 0.241363 0.478817 0.248366 0.477941 0.259104 0.474090 0.262138 0.473739 0.264472 0.471113 0.266573 0.463936 0.268674 0.418592 0.268441 0.410014 0.267274 0.405112 0.268441 0.401261 0.267740 0.393557 0.264239 0.380602 0.262372 0.377626 0.258870 0.375000 0.254435 0.373775 0.229692 0.373424 0.205882 0.370273 0.186041 0.364846 0.178805 0.361870 0.167600 0.358718 0.165966 0.357668 0.164799 0.355042 0.161531 0.356092 0.158964 0.358543 0.157096 0.359244 0.156162 0.363445 0.154062 0.366246 0.153595 0.369748 0.154528 0.370623
1 0.140990 0.543417 0.144024 0.544118 0.154528 0.536590 0.157796 0.535364 0.163632 0.530637 0.168067 0.528887 0.171569 0.524685 0.175070 0.525385 0.182773 0.521183 0.193744 0.517682 0.213119 0.513480 0.223623 0.512255 0.241363 0.511029 0.249066 0.511380 0.267974 0.510504 0.270308 0.509629 0.270775 0.507528 0.263305 0.494398 0.256069 0.487045 0.248366 0.482318 0.245098 0.482493 0.241363 0.480392 0.224323 0.477066 0.215453 0.477066 0.196545 0.479517 0.189309 0.479167 0.182306 0.488270 0.165733 0.506478 0.148226 0.521884 0.145658 0.525210 0.143324 0.530812 0.140990 0.539916 0.140990 0.543417
1 0.000000 0.669643 0.010271 0.668242 0.039916 0.658789 0.051354 0.653536 0.067460 0.648109 0.070728 0.646008 0.082400 0.640931 0.094304 0.633578 0.093371 0.630252 0.084967 0.624475 0.080999 0.622724 0.067927 0.607843 0.064426 0.602591 0.063959 0.594538 0.076097 0.581057 0.086601 0.575805 0.093604 0.570378 0.098506 0.568102 0.105742 0.562850 0.112745 0.560574 0.126751 0.552521 0.130719 0.551471 0.132586 0.549720 0.133520 0.546569 0.131419 0.542017 0.123950 0.535714 0.101774 0.528361 0.091970 0.526436 0.088469 0.526786 0.070728 0.531688 0.043884 0.545693 0.033147 0.553221 0.014706 0.571604 0.013072 0.574755 0.004669 0.584209 0.001867 0.588936 0.000000 0.589111 0.000000 0.669643
1 0.000000 0.541842 0.016106 0.545518 0.029178 0.545168 0.042484 0.541141 0.050187 0.535714 0.054155 0.533789 0.061158 0.526786 0.068861 0.513130 0.071662 0.504202 0.068861 0.483718 0.065359 0.467437 0.066060 0.453081 0.064893 0.449230 0.058824 0.440651 0.037582 0.420693 0.032913 0.414216 0.025910 0.410889 0.022176 0.410189 0.017274 0.406513 0.011438 0.404587 0.001634 0.399335 0.000000 0.399335 0.000000 0.541842
1 0.000000 0.825455 0.005602 0.824930 0.024743 0.818627 0.029879 0.817577 0.038515 0.812500 0.059991 0.803746 0.063025 0.800945 0.070962 0.797269 0.081933 0.790266 0.086134 0.786940 0.092204 0.779412 0.098506 0.758754 0.097806 0.748249 0.095238 0.737745 0.089169 0.730742 0.072596 0.720238 0.067694 0.718312 0.050420 0.713936 0.042484 0.713235 0.021942 0.713410 0.004669 0.715686 0.000000 0.716737 0.000000 0.825455
1 0.102241 0.757003 0.104575 0.772059 0.108543 0.780987 0.119281 0.797269 0.126517 0.803746 0.129318 0.804797 0.131419 0.807248 0.137255 0.811450 0.153828 0.818978 0.177171 0.823354 0.186041 0.823354 0.192577 0.821779 0.200514 0.814776 0.218954 0.782913 0.231793 0.750525 0.239029 0.734594 0.245565 0.710609 0.245331 0.699755 0.242764 0.688901 0.239496 0.682773 0.239029 0.675245 0.229925 0.658088 0.225490 0.652661 0.213119 0.642507 0.208217 0.641457 0.173203 0.646534 0.150327 0.646359 0.133987 0.644433 0.129552 0.644783 0.126984 0.645833 0.115313 0.661415 0.106443 0.679622 0.101307 0.696078 0.097339 0.723039 0.097106 0.735119 0.102241 0.757003
1 0.000000 0.278011 0.001634 0.278011 0.005836 0.273985 0.015640 0.267157 0.025910 0.262255 0.028245 0.260329 0.039683 0.254377 0.055556 0.246674 0.059057 0.245623 0.068394 0.244748 0.073529 0.242822 0.074930 0.241422 0.072829 0.239846 0.071429 0.237395 0.064893 0.234244 0.046919 0.228641 0.036415 0.227766 0.028711 0.228291 0.017507 0.230392 0.000000 0.236695 0.000000 0.278011