0 0.482493 0.390931 0.489029 0.400385 0.493464 0.409489 0.502568 0.417892 0.508170 0.421919 0.512138 0.422094 0.517274 0.425245 0.522876 0.426646 0.538049 0.427171 0.546919 0.428746 0.557423 0.429097 0.568161 0.427871 0.587768 0.422969 0.592670 0.420868 0.607843 0.418417 0.621148 0.409664 0.630719 0.404587 0.651261 0.390581 0.658263 0.383403 0.662932 0.376225 0.679739 0.328431 0.684641 0.311275 0.685808 0.301996 0.685107 0.290966 0.686275 0.284839 0.686508 0.273810 0.685808 0.269083 0.683240 0.265931 0.678805 0.262430 0.673903 0.260329 0.671802 0.258578 0.652428 0.250175 0.644725 0.248424 0.622082 0.248074 0.612278 0.248599 0.602241 0.251225 0.553922 0.277836 0.548786 0.282038 0.542017 0.291667 0.527778 0.306022 0.522409 0.310224 0.516807 0.318277 0.515640 0.321429 0.503035 0.334034 0.486228 0.359244 0.480626 0.375700 0.480859 0.387255 0.482493 0.390931
0 0.721289 0.338585 0.723856 0.348739 0.728758 0.359419 0.733193 0.366422 0.743697 0.376751 0.760971 0.390581 0.773810 0.397584 0.779879 0.398634 0.790850 0.396534 0.820495 0.387255 0.834967 0.386029 0.839402 0.384279 0.845005 0.372724 0.846172 0.359419 0.845938 0.346639 0.843137 0.330007 0.836134 0.314076 0.831699 0.306548 0.824697 0.297269 0.816993 0.290091 0.811391 0.282738 0.783847 0.255952 0.762372 0.242822 0.747199 0.238445 0.735761 0.239146 0.733894 0.239671 0.731326 0.241947 0.729458 0.245448 0.725957 0.259279 0.720121 0.299370 0.719421 0.324230 0.721289 0.338585
0 0.521709 0.546394 0.535247 0.554972 0.564192 0.570028 0.574463 0.573354 0.588469 0.576506 0.611111 0.577031 0.626751 0.579132 0.664799 0.580707 0.692810 0.578431 0.700280 0.576681 0.710084 0.575805 0.720822 0.571779 0.724556 0.569678 0.728758 0.566001 0.734827 0.562675 0.745098 0.554272 0.749066 0.550070 0.755135 0.539916 0.756069 0.522234 0.754202 0.518382 0.753035 0.508578 0.751634 0.505777 0.748599 0.500875 0.742063 0.493522 0.739496 0.491947 0.734360 0.486520 0.724323 0.482318 0.721755 0.480042 0.716153 0.477591 0.699813 0.473039 0.697246 0.473039 0.688842 0.470063 0.671335 0.466737 0.658497 0.465686 0.647059 0.465861 0.637488 0.467087 0.633754 0.466912 0.630252 0.468312 0.626751 0.468312 0.618114 0.470938 0.612745 0.471814 0.592204 0.481443 0.585901 0.483543 0.575864 0.489146 0.557423 0.497549 0.547619 0.503852 0.539449 0.507178 0.537815 0.508754 0.534781 0.515231 0.517274 0.538340 0.517507 0.541317 0.521709 0.546394
0 0.331232 0.568452 0.342670 0.583158 0.348973 0.588410 0.352708 0.589461 0.356676 0.592962 0.362979 0.596289 0.370215 0.599090 0.379552 0.601190 0.383754 0.600840 0.389589 0.599090 0.404295 0.597164 0.412932 0.594713 0.418301 0.594538 0.425537 0.591211 0.432773 0.588936 0.443978 0.582983 0.464519 0.568803 0.474323 0.565476 0.487628 0.557248 0.507703 0.543768 0.512605 0.539566 0.526144 0.525560 0.530345 0.519083 0.531513 0.515756 0.538049 0.480742 0.538515 0.466387 0.535247 0.449580 0.520775 0.429797 0.518908 0.428396 0.504202 0.422269 0.498133 0.417542 0.494398 0.416141 0.483427 0.416667 0.474556 0.415266 0.467554 0.415441 0.460084 0.416842 0.443277 0.424195 0.440009 0.428046 0.393324 0.463060 0.386788 0.467262 0.383520 0.470588 0.378151 0.473915 0.369981 0.480742 0.368114 0.483718 0.355742 0.495448 0.346172 0.508403 0.345238 0.512080 0.333100 0.536064 0.330299 0.543067 0.330299 0.547444 0.328665 0.553746 0.328431 0.560749 0.331232 0.568452
0 0.543184 0.637430 0.555089 0.654412 0.561625 0.659664 0.572596 0.664741 0.580532 0.669643 0.599440 0.675770 0.609477 0.676471 0.612745 0.678746 0.617180 0.676646 0.619281 0.676821 0.622782 0.678746 0.626984 0.679447 0.665966 0.680147 0.675537 0.679097 0.699813 0.672969 0.703081 0.671043 0.710551 0.668768 0.725724 0.661239 0.751867 0.643732 0.755602 0.640406 0.761204 0.633228 0.764239 0.623074 0.764472 0.619573 0.762138 0.612570 0.760504 0.600840 0.759337 0.597864 0.748599 0.587535 0.734360 0.577381 0.724556 0.574055 0.720121 0.574230 0.711718 0.577206 0.686741 0.580357 0.663165 0.581933 0.641923 0.581232 0.638189 0.581933 0.626284 0.582108 0.618814 0.580707 0.614146 0.581583 0.611811 0.584384 0.606209 0.585609 0.602241 0.584734 0.598973 0.585959 0.589169 0.585259 0.574230 0.585784 0.563959 0.588060 0.555789 0.591211 0.546452 0.599090 0.542017 0.608894 0.540850 0.624125 0.543184 0.637430
0 0.768207 0.619748 0.774510 0.623249 0.777077 0.626751 0.784080 0.629202 0.789916 0.632528 0.795051 0.633403 0.803688 0.637080 0.814192 0.643382 0.817460 0.644783 0.820962 0.644783 0.827731 0.648284 0.846872 0.650385 0.862745 0.653887 0.892857 0.655462 0.898226 0.655462 0.914099 0.653711 0.919468 0.650735 0.924837 0.648985 0.935107 0.650035 0.943744 0.648985 0.976657 0.640406 0.984827 0.636380 0.987628 0.635679 0.999767 0.628501 0.999767 0.550070 0.998133 0.550070 0.994398 0.548319 0.984360 0.541842 0.975724 0.539041 0.967087 0.537290 0.963819 0.535364 0.956349 0.532738 0.949813 0.532038 0.935574 0.528011 0.916900 0.526786 0.911998 0.527486 0.900327 0.527136 0.873016 0.530287 0.855509 0.535014 0.837768 0.541492 0.830532 0.545343 0.827498 0.547794 0.822129 0.550070 0.814426 0.555847 0.810224 0.557073 0.801587 0.561975 0.797152 0.565301 0.792484 0.570728 0.782213 0.578081 0.767274 0.595588 0.763305 0.602941 0.763772 0.609594 0.768207 0.619748
0 0.161998 0.713761 0.163165 0.717437 0.165500 0.720413 0.166200 0.724265 0.175303 0.736695 0.182073 0.742472 0.199580 0.751050 0.202848 0.753326 0.218254 0.759279 0.230626 0.765581 0.255135 0.770308 0.296685 0.774335 0.345238 0.771884 0.348739 0.770833 0.352474 0.770658 0.373483 0.764531 0.383520 0.762430 0.385387 0.760679 0.395191 0.755602 0.405229 0.748424 0.409897 0.741597 0.411298 0.736695 0.413399 0.734419 0.416433 0.724090 0.414332 0.715686 0.414332 0.709909 0.408730 0.702906 0.401027 0.696779 0.379785 0.687500 0.359711 0.676996 0.354575 0.676296 0.352241 0.675245 0.349673 0.675595 0.345472 0.673669 0.338235 0.671744 0.331699 0.668417 0.323763 0.666492 0.314659 0.665266 0.270542 0.662990 0.255135 0.663165 0.234594 0.667017 0.227124 0.667367 0.214286 0.673845 0.192344 0.681898 0.184874 0.686975 0.178571 0.689426 0.168067 0.697829 0.164099 0.703081 0.161998 0.709909 0.161998 0.713761
0 0.462652 0.789041 0.467087 0.796394 0.470121 0.797619 0.478291 0.803571 0.481092 0.807773 0.494164 0.822304 0.522409 0.838936 0.547619 0.851541 0.563959 0.862745 0.567460 0.863971 0.577498 0.865546 0.588002 0.865196 0.592670 0.865896 0.602241 0.868873 0.618114 0.867647 0.623016 0.870273 0.637021 0.870623 0.654762 0.867997 0.665033 0.864671 0.672269 0.863270 0.684641 0.857843 0.692810 0.855917 0.698179 0.852416 0.701447 0.848739 0.704715 0.841912 0.706349 0.834734 0.706816 0.827381 0.705882 0.820903 0.700747 0.811275 0.696779 0.806723 0.687908 0.799020 0.679505 0.793417 0.661765 0.776786 0.657330 0.774335 0.637021 0.768382 0.619514 0.765056 0.609944 0.762430 0.595472 0.757178 0.583800 0.754377 0.571195 0.748599 0.563959 0.744398 0.558590 0.740196 0.549953 0.736345 0.530112 0.737045 0.512372 0.738620 0.494398 0.742297 0.480626 0.746148 0.476190 0.748074 0.472689 0.751050 0.462885 0.765406 0.459851 0.772584 0.460084 0.782388 0.462652 0.789041
0 0.064192 0.569853 0.071195 0.581232 0.074230 0.584034 0.088702 0.612570 0.091270 0.616772 0.097806 0.623599 0.100373 0.625000 0.105742 0.630602 0.112979 0.635854 0.116013 0.636555 0.120215 0.640581 0.132353 0.645833 0.140990 0.648634 0.151261 0.648284 0.165033 0.644783 0.175070 0.640931 0.180439 0.638305 0.199580 0.625875 0.210784 0.612395 0.222222 0.592612 0.224790 0.578606 0.224790 0.563025 0.223156 0.536064 0.219188 0.513130 0.209384 0.498599 0.204715 0.489846 0.198179 0.480742 0.192577 0.475490 0.185574 0.472339 0.178805 0.470938 0.167834 0.466912 0.154295 0.465511 0.142624 0.465161 0.134921 0.465686 0.130252 0.466562 0.114613 0.472164 0.101074 0.480392 0.091737 0.487395 0.072829 0.509104 0.063959 0.522934 0.062325 0.529412 0.061391 0.541667 0.061391 0.557598 0.064192 0.569853
0 0.279178 0.291492 0.281046 0.303746 0.286181 0.310224 0.321195 0.345238 0.334267 0.352591 0.345238 0.356092 0.369281 0.360119 0.376984 0.359419 0.387955 0.356968 0.396359 0.353641 0.399393 0.351366 0.405229 0.348915 0.408964 0.345588 0.416200 0.334734 0.419935 0.325105 0.422736 0.303746 0.422502 0.294818 0.421102 0.286940 0.417600 0.275560 0.416200 0.267682 0.410598 0.254902 0.394958 0.229517 0.386788 0.221464 0.385154 0.217087 0.377218 0.208859 0.363912 0.198529 0.355742 0.193803 0.350840 0.192052 0.335201 0.189426 0.331232 0.189426 0.327965 0.190651 0.310691 0.193803 0.306022 0.196078 0.300187 0.200630 0.292017 0.209034 0.287582 0.215686 0.283847 0.224790 0.280112 0.230917 0.276611 0.244923 0.276144 0.253501 0.279178 0.291492
1 0.313725 0.420693 0.324930 0.429797 0.327965 0.431548 0.331933 0.432598 0.352708 0.433473 0.357610 0.434349 0.362745 0.436275 0.373016 0.437850 0.376517 0.440301 0.380486 0.441527 0.387021 0.445378 0.397526 0.452906 0.400560 0.453431 0.411064 0.449405 0.423669 0.439426 0.433240 0.432948 0.444911 0.422794 0.450514 0.419993 0.464052 0.415441 0.469421 0.414566 0.475957 0.414391 0.483660 0.415441 0.490663 0.414741 0.489262 0.404762 0.485528 0.397409 0.480159 0.390406 0.477358 0.383053 0.472923 0.382878 0.460317 0.377451 0.457750 0.375700 0.442344 0.370098 0.425070 0.365721 0.411531 0.363445 0.378618 0.363445 0.362512 0.364671 0.355742 0.366947 0.345705 0.369048 0.329599 0.375875 0.319094 0.383578 0.316993 0.386380 0.313959 0.387430 0.310458 0.392157 0.308123 0.398810 0.309757 0.411239 0.313725 0.420693
1 0.217087 0.496674 0.224323 0.503326 0.227124 0.505077 0.232260 0.506653 0.235994 0.510154 0.244398 0.513831 0.256069 0.517682 0.258637 0.519258 0.274043 0.523634 0.282446 0.524860 0.287115 0.526261 0.297852 0.527486 0.307190 0.527311 0.314192 0.528186 0.320962 0.527661 0.325747 0.529412 0.327965 0.531863 0.326331 0.536064 0.327965 0.541667 0.328198 0.539741 0.338235 0.522584 0.347806 0.503151 0.354108 0.494223 0.359477 0.489496 0.367880 0.479867 0.379941 0.471522 0.386088 0.466211 0.394024 0.461485 0.397526 0.456232 0.394958 0.452731 0.390756 0.449055 0.383987 0.444503 0.372782 0.438901 0.364846 0.437675 0.354809 0.435049 0.345472 0.433824 0.332633 0.433824 0.328198 0.433123 0.313959 0.433648 0.300887 0.435399 0.272642 0.441176 0.244631 0.449055 0.230859 0.455532 0.224556 0.460084 0.215219 0.469538 0.211951 0.473739 0.210317 0.477416 0.210084 0.484419 0.217087 0.496674
1 0.000000 0.660714 0.001634 0.660714 0.003501 0.662465 0.008637 0.665091 0.022642 0.669818 0.032680 0.670868 0.043184 0.670518 0.061158 0.665616 0.074230 0.659314 0.081699 0.654762 0.099673 0.638480 0.103641 0.633578 0.103408 0.630077 0.100373 0.626050 0.095705 0.622899 0.091270 0.617822 0.084734 0.607143 0.073063 0.584559 0.063725 0.571254 0.060924 0.560924 0.059991 0.553746 0.060691 0.542192 0.059757 0.536239 0.058357 0.534839 0.056956 0.534489 0.053455 0.536415 0.052754 0.537815 0.036181 0.546043 0.032913 0.549020 0.030112 0.550245 0.026144 0.554272 0.022176 0.555672 0.006069 0.557598 0.004435 0.560924 0.000000 0.561975 0.000000 0.660714
1 0.224556 0.567577 0.225257 0.571078 0.225023 0.578782 0.222456 0.594363 0.213819 0.609594 0.203081 0.623424 0.190009 0.633929 0.163399 0.647409 0.170868 0.668417 0.171802 0.668943 0.173203 0.667717 0.176704 0.668242 0.178571 0.670168 0.180672 0.668417 0.184174 0.668417 0.187208 0.671394 0.186741 0.678746 0.189309 0.678746 0.190476 0.677521 0.192810 0.676996 0.195612 0.675245 0.203315 0.675245 0.203548 0.670868 0.204715 0.669643 0.206816 0.669993 0.209851 0.671919 0.211018 0.670168 0.215219 0.667192 0.219421 0.665966 0.223623 0.665266 0.234594 0.665616 0.239496 0.664041 0.244865 0.663690 0.253035 0.661590 0.258637 0.659139 0.261905 0.658964 0.264239 0.657738 0.265873 0.654062 0.272176 0.651961 0.276611 0.649160 0.279645 0.643557 0.284080 0.627101 0.285014 0.615721 0.285714 0.613270 0.288749 0.609244 0.293184 0.591211 0.293184 0.584384 0.294118 0.581408 0.292484 0.560399 0.291317 0.555497 0.287582 0.547794 0.275210 0.530812 0.272642 0.529587 0.270542 0.526261 0.264006 0.522409 0.228058 0.507878 0.224090 0.506478 0.221522 0.506478 0.219655 0.507003 0.218254 0.508578 0.224090 0.535189 0.224556 0.567577
1 0.035247 0.727941 0.040616 0.734769 0.046452 0.738971 0.053688 0.751401 0.061158 0.757703 0.074930 0.771884 0.077965 0.773985 0.081699 0.774160 0.084734 0.775210 0.088002 0.774510 0.089869 0.774860 0.091970 0.776786 0.094771 0.775560 0.099206 0.775560 0.105976 0.780987 0.109477 0.782213 0.111345 0.786415 0.119514 0.794818 0.123249 0.797269 0.131419 0.807948 0.137722 0.817402 0.155696 0.849615 0.164799 0.859594 0.167600 0.861345 0.174837 0.863971 0.182540 0.864496 0.195378 0.859244 0.204015 0.853992 0.212652 0.847514 0.219188 0.839986 0.221755 0.836134 0.229225 0.817402 0.233193 0.798669 0.232493 0.785539 0.229458 0.768908 0.227591 0.765756 0.224090 0.763655 0.213819 0.758578 0.202614 0.755252 0.199580 0.753151 0.189076 0.748775 0.178338 0.741246 0.174837 0.737920 0.168768 0.730042 0.160131 0.713761 0.161064 0.699405 0.157096 0.691527 0.143557 0.681373 0.133987 0.677346 0.130486 0.674370 0.118814 0.670868 0.112512 0.670168 0.105976 0.671043 0.093838 0.674720 0.084967 0.675420 0.068394 0.678221 0.063959 0.677696 0.053922 0.680847 0.037815 0.696078 0.033380 0.703256 0.032446 0.709209 0.032446 0.720938 0.035247 0.727941
1 0.222456 0.862395 0.222689 0.866246 0.225023 0.869923 0.225724 0.873249 0.234127 0.880777 0.240430 0.883929 0.251867 0.888305 0.261438 0.889881 0.269141 0.890231 0.275444 0.889706 0.293417 0.886204 0.299720 0.883403 0.306256 0.877976 0.322129 0.869923 0.324230 0.868172 0.330766 0.858018 0.339402 0.850315 0.348739 0.830707 0.350840 0.824230 0.354575 0.795168 0.353408 0.786590 0.350840 0.779412 0.346639 0.774510 0.345472 0.773634 0.337302 0.773284 0.311625 0.775210 0.273343 0.774335 0.265640 0.775560 0.249533 0.786590 0.240430 0.797444 0.236695 0.803221 0.235994 0.806197 0.234360 0.807073 0.232493 0.815476 0.230859 0.817402 0.229692 0.822479 0.220822 0.842087 0.220121 0.845763 0.220355 0.856793 0.222456 0.862395
1 0.355976 0.789741 0.356209 0.799020 0.354809 0.817752 0.355742 0.819328 0.358310 0.819678 0.359711 0.821604 0.361111 0.827556 0.362979 0.831057 0.369514 0.838060 0.375350 0.842437 0.393557 0.851190 0.408030 0.860294 0.421335 0.864496 0.449346 0.869923 0.477358 0.871674 0.494398 0.870973 0.512372 0.867472 0.523109 0.863270 0.530112 0.859769 0.533847 0.856968 0.536415 0.850140 0.536415 0.848739 0.534314 0.846113 0.529412 0.844013 0.525677 0.840861 0.514006 0.834209 0.507937 0.832458 0.501867 0.828957 0.488796 0.818277 0.480392 0.807248 0.472222 0.801996 0.468254 0.797794 0.461251 0.789216 0.459384 0.784489 0.458217 0.779937 0.458917 0.768732 0.457516 0.765581 0.450980 0.761905 0.432773 0.756303 0.415033 0.748950 0.411298 0.746148 0.407796 0.748424 0.404062 0.752626 0.397759 0.755252 0.386088 0.762780 0.380252 0.765231 0.362745 0.769608 0.355976 0.772234 0.353175 0.775385 0.352941 0.779412 0.355976 0.789741
1 0.292717 0.637255 0.299020 0.645483 0.310691 0.654587 0.317460 0.656863 0.324697 0.662115 0.341970 0.669293 0.359477 0.674370 0.373016 0.676996 0.394958 0.676996 0.400794 0.676120 0.403361 0.674545 0.415733 0.670518 0.431839 0.661940 0.436741 0.658088 0.438842 0.654587 0.443277 0.651085 0.452148 0.637080 0.454482 0.630427 0.456116 0.619748 0.455415 0.612570 0.451447 0.598564 0.448646 0.592262 0.442577 0.584559 0.438142 0.586485 0.435574 0.588585 0.432073 0.589111 0.421335 0.593487 0.415033 0.595063 0.411064 0.595063 0.404528 0.597339 0.387021 0.600490 0.379007 0.601015 0.355742 0.594013 0.352941 0.590511 0.341737 0.582983 0.331466 0.571254 0.328431 0.570553 0.310224 0.578081 0.299953 0.586134 0.296919 0.591912 0.295518 0.602941 0.292250 0.610819 0.288749 0.615721 0.287348 0.619398 0.287815 0.626401 0.292717 0.637255
1 0.455882 0.601015 0.456349 0.605742 0.457750 0.608193 0.457283 0.623950 0.454482 0.635504 0.450047 0.644783 0.443277 0.654412 0.441176 0.661415 0.443277 0.668242 0.445612 0.671744 0.452614 0.679972 0.460317 0.685924 0.466853 0.690126 0.472456 0.691702 0.476190 0.691877 0.487395 0.690826 0.507937 0.686800 0.521242 0.685749 0.528711 0.682423 0.533847 0.676821 0.539449 0.673494 0.555789 0.670168 0.559991 0.668242 0.563025 0.664916 0.561858 0.661415 0.551354 0.652486 0.542250 0.637080 0.539916 0.626926 0.542017 0.605742 0.544351 0.601190 0.550187 0.594538 0.556956 0.589286 0.563492 0.586310 0.580999 0.581758 0.585668 0.582283 0.589169 0.581408 0.585901 0.578256 0.581699 0.577206 0.578198 0.577381 0.572596 0.574580 0.567460 0.573179 0.553688 0.565826 0.545752 0.562500 0.524043 0.549545 0.515173 0.541842 0.511905 0.542717 0.504902 0.547619 0.498833 0.550070 0.492530 0.555672 0.478291 0.564951 0.456583 0.577206 0.455415 0.578081 0.456116 0.580532 0.454015 0.586134 0.451914 0.588060 0.453081 0.594713 0.455882 0.601015
1 0.419935 0.711835 0.420635 0.720063 0.419468 0.727591 0.417134 0.734244 0.414332 0.738445 0.414099 0.744748 0.420168 0.749125 0.432306 0.754202 0.459851 0.763130 0.463352 0.761555 0.468487 0.754027 0.473156 0.749300 0.477124 0.746674 0.488562 0.742472 0.498833 0.739496 0.511905 0.736870 0.538282 0.735119 0.545051 0.734069 0.546218 0.733018 0.546452 0.730742 0.544351 0.727241 0.538282 0.720238 0.529879 0.705882 0.528011 0.697654 0.528245 0.688375 0.526377 0.686450 0.509104 0.687675 0.487628 0.691702 0.474556 0.692927 0.463352 0.691001 0.456583 0.690826 0.445845 0.690651 0.442110 0.692227 0.439076 0.690301 0.435574 0.693102 0.432073 0.694503 0.426937 0.694853 0.425303 0.696954 0.423203 0.696954 0.422502 0.696078 0.421335 0.696078 0.422736 0.697304 0.422736 0.698442 0.421102 0.700630 0.417834 0.699405 0.414799 0.701155 0.414566 0.702031 0.416200 0.706408 0.419935 0.711835
1 0.528945 0.697129 0.532213 0.708683 0.536181 0.715686 0.542250 0.723739 0.552288 0.734769 0.569328 0.745798 0.580299 0.751926 0.585201 0.753852 0.595238 0.756127 0.609244 0.760854 0.623249 0.763130 0.630019 0.765581 0.637021 0.766282 0.650794 0.769433 0.689076 0.771534 0.697712 0.773634 0.699580 0.774860 0.713119 0.773810 0.727124 0.770833 0.732726 0.768908 0.740430 0.765406 0.745565 0.762080 0.749533 0.758929 0.755602 0.751926 0.758870 0.744923 0.760738 0.736520 0.763305 0.730917 0.759570 0.715686 0.738562 0.692052 0.726657 0.681723 0.724090 0.678221 0.719421 0.674895 0.713585 0.672619 0.710084 0.671744 0.703782 0.672094 0.679038 0.679447 0.668534 0.681373 0.640990 0.680147 0.635154 0.680672 0.625584 0.680147 0.623249 0.679447 0.616013 0.679447 0.598973 0.676120 0.583100 0.671043 0.572829 0.666842 0.568394 0.666492 0.564426 0.667542 0.558357 0.670518 0.541083 0.675245 0.531513 0.682073 0.528478 0.685749 0.528945 0.697129
1 0.734594 0.657913 0.736228 0.659314 0.741130 0.660889 0.756303 0.660189 0.774977 0.662815 0.792717 0.662990 0.800187 0.664916 0.813959 0.667017 0.830299 0.668417 0.841970 0.668592 0.851774 0.669818 0.869748 0.674195 0.880486 0.677871 0.883520 0.679972 0.890990 0.681548 0.903595 0.687850 0.911298 0.692927 0.918534 0.694153 0.944444 0.683123 0.951214 0.677346 0.955882 0.671218 0.960317 0.671744 0.974090 0.660014 0.975724 0.646884 0.975023 0.644258 0.973623 0.643207 0.966853 0.643732 0.963352 0.645483 0.949346 0.647759 0.941877 0.649685 0.934407 0.650035 0.929272 0.651085 0.925537 0.650210 0.922035 0.650560 0.916900 0.653536 0.904995 0.655287 0.894024 0.655637 0.880019 0.654237 0.877218 0.654762 0.862512 0.654237 0.829132 0.649685 0.816760 0.645133 0.804622 0.639006 0.800420 0.637955 0.796919 0.635679 0.792717 0.634629 0.790383 0.633053 0.779412 0.629202 0.762372 0.636730 0.739729 0.653536 0.738095 0.655812 0.734594 0.657913
1 0.732260 0.574405 0.749767 0.586310 0.758870 0.595063 0.761905 0.596989 0.765406 0.595938 0.769608 0.592087 0.777778 0.581232 0.789449 0.571078 0.791317 0.567752 0.795752 0.563375 0.802288 0.558824 0.813725 0.554272 0.822129 0.548845 0.825163 0.547794 0.835901 0.539566 0.836601 0.529062 0.831933 0.519083 0.828198 0.517332 0.824463 0.514181 0.808824 0.516982 0.798553 0.518207 0.786181 0.518557 0.760037 0.522234 0.757937 0.525910 0.757703 0.536590 0.753501 0.547094 0.743231 0.558298 0.729925 0.567752 0.728758 0.571078 0.732260 0.574405
1 0.897993 0.484244 0.896125 0.486345 0.883987 0.491422 0.867880 0.500175 0.859244 0.502451 0.848506 0.506478 0.835901 0.508754 0.828431 0.512080 0.837068 0.524685 0.841036 0.537815 0.842204 0.538165 0.845472 0.537465 0.859244 0.532738 0.866013 0.531513 0.873016 0.529062 0.890756 0.527836 0.900093 0.526261 0.910598 0.526961 0.914332 0.526436 0.929972 0.526611 0.941176 0.528011 0.948880 0.530287 0.956349 0.530462 0.957750 0.529587 0.954482 0.523109 0.933940 0.490721 0.926237 0.469363 0.925303 0.468312 0.921569 0.469363 0.908964 0.478466 0.897993 0.484244
1 0.935808 0.431548 0.936741 0.438375 0.935341 0.449580 0.928805 0.461835 0.927404 0.466912 0.928571 0.469363 0.928805 0.473915 0.935341 0.491597 0.938842 0.498424 0.944211 0.504727 0.950980 0.516457 0.960551 0.526611 0.967320 0.530987 0.973856 0.536590 0.992063 0.539041 0.992764 0.540091 0.990896 0.541492 0.990430 0.543242 0.991363 0.543768 0.993697 0.543417 0.996965 0.541492 0.997432 0.539741 0.999767 0.539216 0.999767 0.396709 0.997899 0.396709 0.993697 0.395133 0.985294 0.389881 0.980859 0.387955 0.966620 0.386204 0.963352 0.387430 0.953782 0.388480 0.944211 0.395483 0.937908 0.401611 0.931606 0.411239 0.930439 0.414391 0.931373 0.420868 0.935808 0.431548
1 0.694911 0.470763 0.705882 0.473915 0.709851 0.474265 0.720588 0.477941 0.728992 0.482143 0.737862 0.487920 0.747432 0.497199 0.755135 0.508403 0.758637 0.519258 0.762838 0.519783 0.774510 0.518557 0.779412 0.518732 0.792250 0.516807 0.807656 0.515756 0.814192 0.514531 0.837302 0.507178 0.847806 0.505077 0.850840 0.503501 0.866246 0.499825 0.869514 0.497374 0.873249 0.496148 0.888889 0.487570 0.893791 0.485819 0.907796 0.477416 0.911064 0.474440 0.914799 0.472689 0.923203 0.466562 0.928805 0.458683 0.934407 0.446078 0.934407 0.431898 0.928805 0.416317 0.919701 0.403536 0.911064 0.398109 0.908497 0.395658 0.901027 0.392157 0.872782 0.387080 0.862745 0.386905 0.859711 0.386204 0.842204 0.386380 0.817460 0.388655 0.796685 0.395833 0.772876 0.402311 0.767507 0.406162 0.761905 0.408263 0.746265 0.417892 0.735994 0.425245 0.720822 0.438725 0.694211 0.465861 0.693511 0.467262 0.694911 0.470763
1 0.560224 0.484244 0.564192 0.491422 0.567460 0.491246 0.577498 0.487570 0.584734 0.482843 0.596172 0.478992 0.606676 0.473915 0.609244 0.471989 0.623249 0.468487 0.626517 0.467087 0.638422 0.466387 0.653828 0.464461 0.679739 0.466912 0.676937 0.462360 0.660598 0.450280 0.657796 0.446954 0.642857 0.435049 0.637021 0.431548 0.623249 0.425945 0.615313 0.424195 0.605976 0.420518 0.598973 0.421394 0.594771 0.423319 0.575397 0.427871 0.564426 0.429622 0.560924 0.431022 0.559524 0.432248 0.559524 0.436800 0.557656 0.442402 0.557656 0.472514 0.560224 0.484244
1 0.676704 0.339811 0.670635 0.354342 0.663165 0.377801 0.659897 0.383754 0.656162 0.387080 0.656396 0.390581 0.664799 0.396008 0.669701 0.395658 0.685574 0.391632 0.692577 0.388130 0.711485 0.374125 0.725490 0.359594 0.725490 0.355742 0.722222 0.348739 0.719421 0.333333 0.718021 0.316702 0.718254 0.300245 0.716620 0.299545 0.702148 0.297969 0.690243 0.297269 0.688609 0.297444 0.686508 0.300070 0.685574 0.312675 0.676704 0.339811
1 0.387955 0.219188 0.403128 0.240196 0.404295 0.242997 0.406162 0.244398 0.408030 0.248074 0.411298 0.250700 0.418067 0.236870 0.424837 0.230917 0.429739 0.228641 0.435341 0.227241 0.442344 0.227591 0.446078 0.229167 0.452614 0.229692 0.471989 0.236169 0.517274 0.258053 0.526144 0.264356 0.536181 0.272584 0.537348 0.274510 0.542484 0.278361 0.546452 0.279937 0.549953 0.278711 0.555556 0.275035 0.567927 0.270483 0.584500 0.259454 0.600373 0.250700 0.616246 0.244748 0.602241 0.223564 0.596989 0.222689 0.592904 0.220763 0.588469 0.217262 0.584034 0.215336 0.574697 0.208333 0.566993 0.206057 0.557190 0.205007 0.553688 0.202031 0.549020 0.203256 0.547852 0.201681 0.539683 0.198179 0.529879 0.196078 0.525677 0.196078 0.524510 0.196954 0.521942 0.202381 0.519374 0.204657 0.516106 0.205532 0.511204 0.205707 0.493697 0.201331 0.487862 0.200630 0.485994 0.199580 0.484127 0.196078 0.473856 0.193452 0.464286 0.194678 0.428338 0.202731 0.423203 0.205532 0.407330 0.208683 0.389823 0.214636 0.387488 0.216211 0.386788 0.217087 0.387955 0.219188
1 0.413399 0.255252 0.416667 0.264181 0.419234 0.276085 0.422502 0.282913 0.425070 0.299720 0.424370 0.305672 0.425070 0.314426 0.426937 0.316702 0.427871 0.321078 0.435107 0.327206 0.439076 0.333333 0.443744 0.338235 0.449113 0.341036 0.458683 0.349265 0.464286 0.351190 0.467087 0.353116 0.475724 0.355217 0.480626 0.358368 0.484127 0.358193 0.492297 0.349615 0.501867 0.334209 0.507937 0.327031 0.511905 0.324055 0.521008 0.311275 0.539916 0.292017 0.543651 0.286415 0.544118 0.282738 0.538282 0.275910 0.530112 0.268207 0.515873 0.258403 0.508403 0.254202 0.489963 0.246324 0.481092 0.240721 0.460784 0.232843 0.454482 0.231968 0.450047 0.230042 0.439076 0.227591 0.432073 0.228466 0.425537 0.231268 0.419701 0.236695 0.415966 0.242472 0.414099 0.247549 0.412932 0.251576 0.413399 0.255252
1 0.174370 0.424895 0.175303 0.442227 0.178805 0.448354 0.196078 0.465161 0.199346 0.469363 0.202848 0.471464 0.207983 0.471113 0.213352 0.468662 0.221289 0.461485 0.231326 0.454482 0.250000 0.446254 0.280812 0.438025 0.309991 0.432248 0.310224 0.429447 0.314192 0.428746 0.313959 0.425245 0.309057 0.415091 0.306022 0.401261 0.306489 0.397409 0.312092 0.387080 0.313959 0.381478 0.317460 0.381478 0.322129 0.377626 0.324230 0.376926 0.331466 0.369398 0.329599 0.367822 0.329132 0.364671 0.327731 0.362395 0.328665 0.359244 0.325397 0.357493 0.323529 0.352591 0.315126 0.341737 0.309991 0.335609 0.299953 0.328431 0.296452 0.322479 0.292484 0.319153 0.289216 0.314426 0.282446 0.308648 0.278711 0.306548 0.271942 0.305322 0.251167 0.305322 0.241597 0.302521 0.234127 0.302871 0.223856 0.308648 0.216853 0.310574 0.211718 0.314251 0.204248 0.325980 0.193744 0.348739 0.191643 0.355392 0.191410 0.359419 0.187908 0.369748 0.183240 0.379027 0.179739 0.383578 0.179038 0.387080 0.177404 0.389706 0.176004 0.400735 0.176471 0.408613 0.174370 0.424895
1 0.133520 0.277486 0.141690 0.285539 0.149627 0.295343 0.151027 0.297663 0.151027 0.300420 0.157330 0.308648 0.166200 0.315826 0.168768 0.317577 0.189076 0.320903 0.203081 0.319853 0.205415 0.318452 0.209384 0.313901 0.216853 0.309174 0.227358 0.305672 0.231092 0.302521 0.233894 0.301471 0.239729 0.300595 0.252334 0.302696 0.258870 0.301296 0.269841 0.301646 0.276377 0.300945 0.276611 0.242122 0.278011 0.237745 0.278245 0.230567 0.276844 0.229167 0.272642 0.227241 0.262138 0.224090 0.245098 0.221113 0.238796 0.220763 0.227591 0.221989 0.213352 0.222514 0.206349 0.223915 0.202848 0.225315 0.196078 0.226015 0.189776 0.228466 0.178338 0.230042 0.159897 0.236520 0.151961 0.241597 0.140523 0.251751 0.133520 0.261555 0.132120 0.266106 0.131653 0.271183 0.133520 0.277486
1 0.024977 0.359069 0.028478 0.363445 0.039216 0.371849 0.044585 0.377276 0.053922 0.383578 0.063959 0.387430 0.070495 0.388655 0.084267 0.388831 0.093371 0.388130 0.098973 0.387080 0.127218 0.378676 0.132820 0.374825 0.143791 0.370973 0.152194 0.364496 0.156863 0.356268 0.164099 0.339811 0.165500 0.335609 0.165033 0.327381 0.161531 0.318102 0.154528 0.308473 0.150560 0.308648 0.146825 0.307773 0.144024 0.303922 0.138189 0.305322 0.122782 0.306373 0.109711 0.309874 0.105976 0.310224 0.099907 0.312675 0.086601 0.319678 0.081466 0.321078 0.073296 0.325455 0.057190 0.331408 0.042484 0.338410 0.031979 0.344713 0.021709 0.348915 0.021475 0.352591 0.024977 0.359069
1 0.000000 0.551646 0.007470 0.550070 0.011905 0.550245 0.014472 0.548669 0.021475 0.546744 0.029412 0.545518 0.031746 0.543417 0.041783 0.539391 0.055322 0.531688 0.060224 0.526961 0.061858 0.521884 0.069561 0.509979 0.079365 0.498775 0.082400 0.493873 0.087068 0.489146 0.099440 0.478992 0.115313 0.470413 0.120915 0.468487 0.126984 0.464636 0.130486 0.463410 0.133520 0.457983 0.144024 0.445378 0.146825 0.440301 0.151027 0.435224 0.158263 0.421744 0.161765 0.407913 0.161765 0.397409 0.157796 0.390756 0.155229 0.389181 0.137021 0.383754 0.133520 0.383929 0.130486 0.382878 0.123249 0.383053 0.120682 0.384629 0.106443 0.388130 0.089636 0.391106 0.077031 0.391632 0.067227 0.390406 0.053688 0.394083 0.027077 0.404587 0.015173 0.411064 0.004669 0.418592 0.001867 0.422269 0.000000 0.422444 0.000000 0.551646
1 0.346639 0.366597 0.348739 0.367297 0.359244 0.365371 0.365780 0.363270 0.370915 0.362745 0.362979 0.359069 0.355042 0.358894 0.345238 0.357143 0.344071 0.359244 0.344538 0.364671 0.346639 0.366597
1 0.416667 0.334384 0.409197 0.345763 0.404762 0.350140 0.390990 0.356793 0.380719 0.359244 0.381419 0.362745 0.387722 0.363620 0.409664 0.363095 0.421802 0.364496 0.431839 0.367297 0.438375 0.367997 0.441643 0.367647 0.443978 0.366246 0.448880 0.356092 0.450980 0.345238 0.448646 0.342262 0.438609 0.334909 0.429272 0.323529 0.425537 0.321779 0.421802 0.322304 0.421569 0.324405 0.416667 0.334384
1 0.536415 0.448880 0.539449 0.449930 0.541783 0.448179 0.546919 0.446078 0.555789 0.439426 0.556956 0.435749 0.556723 0.431898 0.554388 0.429972 0.533380 0.427346 0.525210 0.427346 0.521242 0.428396 0.532913 0.445378 0.536415 0.448880
1 0.162232 0.345238 0.161998 0.349265 0.153828 0.363620 0.151961 0.365896 0.143324 0.372374 0.137488 0.375525 0.133754 0.376576 0.130719 0.379902 0.143791 0.383754 0.156396 0.388831 0.159664 0.391632 0.163165 0.397409 0.163866 0.402661 0.163399 0.411415 0.157330 0.429797 0.151727 0.439251 0.154528 0.443452 0.158263 0.441702 0.160131 0.444328 0.164799 0.445728 0.171335 0.444503 0.172269 0.441702 0.172969 0.422444 0.173669 0.417367 0.175070 0.415091 0.174603 0.410889 0.175303 0.407388 0.174370 0.403887 0.175537 0.401085 0.175770 0.390581 0.177871 0.385329 0.180672 0.381303 0.182773 0.380077 0.183707 0.373950 0.187208 0.370273 0.189309 0.366422 0.191176 0.354867 0.194444 0.345763 0.200047 0.335609 0.203782 0.324580 0.203081 0.323354 0.199580 0.322129 0.186741 0.322129 0.172269 0.319853 0.169001 0.320028 0.165966 0.321078 0.166667 0.335259 0.162232 0.345238