0 0.163866 0.276085 0.164799 0.278186 0.167367 0.279762 0.167600 0.282913 0.169468 0.286064 0.170168 0.289566 0.172736 0.293242 0.184874 0.305147 0.189076 0.311450 0.193978 0.315126 0.195845 0.319153 0.199813 0.320028 0.203315 0.322654 0.211951 0.332108 0.224090 0.340336 0.235994 0.349615 0.249533 0.356443 0.265640 0.361520 0.279879 0.361870 0.296685 0.356968 0.310691 0.350490 0.320728 0.342437 0.325630 0.336310 0.332866 0.318277 0.333800 0.298319 0.332633 0.286415 0.330766 0.278536 0.325630 0.268382 0.322129 0.258754 0.317694 0.251401 0.313725 0.247374 0.303688 0.230917 0.282213 0.210434 0.270075 0.202556 0.251867 0.195728 0.245098 0.194853 0.235994 0.192402 0.216853 0.193277 0.210551 0.195203 0.196545 0.203081 0.188842 0.209559 0.183007 0.216737 0.173203 0.230917 0.166667 0.250350 0.163866 0.255252 0.162932 0.261380 0.163866 0.276085
1 0.326331 0.265581 0.333333 0.282738 0.334267 0.287465 0.335434 0.296394 0.334734 0.317752 0.338936 0.324580 0.342904 0.334734 0.347339 0.341912 0.362745 0.357143 0.383520 0.372724 0.389589 0.374825 0.393791 0.377801 0.403128 0.380777 0.412232 0.382353 0.418301 0.382353 0.424603 0.363270 0.432306 0.348214 0.441643 0.336134 0.451447 0.325980 0.457283 0.321954 0.460084 0.317752 0.458683 0.310399 0.451447 0.298319 0.442577 0.287465 0.439076 0.286064 0.426237 0.276085 0.421802 0.269783 0.417834 0.269258 0.401727 0.257703 0.387021 0.251401 0.376284 0.248775 0.363445 0.247199 0.345238 0.248424 0.341737 0.248950 0.335901 0.251401 0.330532 0.255077 0.326797 0.258929 0.325864 0.261730 0.326331 0.265581
1 0.113212 0.428046 0.119048 0.440301 0.129318 0.451155 0.142390 0.460084 0.146592 0.461835 0.151027 0.464811 0.167600 0.470413 0.175070 0.471113 0.186741 0.470938 0.198880 0.468312 0.202848 0.468137 0.207516 0.464111 0.211951 0.455882 0.219655 0.449580 0.224790 0.445903 0.230859 0.442927 0.244398 0.439076 0.247899 0.436275 0.251634 0.429447 0.256769 0.416317 0.258170 0.408088 0.257937 0.396884 0.255135 0.383053 0.248599 0.366947 0.242530 0.360469 0.231559 0.351716 0.225957 0.348564 0.217087 0.345238 0.212885 0.345063 0.200280 0.341211 0.192577 0.339986 0.182773 0.340161 0.174036 0.342437 0.164799 0.342262 0.155929 0.345413 0.139589 0.355392 0.126284 0.370098 0.120448 0.380077 0.112979 0.402836 0.111578 0.413340 0.111345 0.418592 0.113212 0.428046
1 0.208217 0.498249 0.215686 0.507178 0.228992 0.518732 0.245565 0.529412 0.250233 0.531162 0.260971 0.536940 0.286415 0.545518 0.296218 0.546569 0.303688 0.549020 0.333800 0.553221 0.383053 0.556373 0.389823 0.555322 0.394958 0.555847 0.415266 0.550070 0.421102 0.546919 0.428805 0.540966 0.431373 0.536415 0.430672 0.532038 0.411064 0.514356 0.398693 0.498424 0.394258 0.484944 0.395892 0.473039 0.391690 0.467087 0.385621 0.463235 0.374183 0.458158 0.360644 0.454132 0.359244 0.453081 0.356209 0.453606 0.352474 0.450805 0.331933 0.445203 0.314192 0.442227 0.276844 0.438901 0.254902 0.439076 0.245331 0.440476 0.230859 0.443803 0.226190 0.446078 0.216853 0.452906 0.212652 0.457808 0.210551 0.462010 0.206583 0.466912 0.204482 0.480742 0.205182 0.490896 0.208217 0.498249
0 0.058590 0.636380 0.061858 0.648109 0.067227 0.661239 0.077031 0.679447 0.087068 0.693102 0.097572 0.703957 0.105742 0.710959 0.124650 0.722864 0.134454 0.726366 0.140289 0.729517 0.151727 0.734069 0.161298 0.736345 0.178805 0.738445 0.197712 0.738270 0.213352 0.735819 0.227358 0.730567 0.239029 0.722689 0.242297 0.718487 0.247199 0.706232 0.251401 0.675770 0.250700 0.665091 0.246032 0.641106 0.239496 0.617297 0.239029 0.612395 0.236695 0.607143 0.234360 0.594713 0.227591 0.578256 0.218721 0.566176 0.208683 0.556548 0.202537 0.552813 0.199113 0.549720 0.193044 0.546043 0.182073 0.541141 0.171569 0.537290 0.154528 0.532388 0.136321 0.529587 0.130019 0.529412 0.109244 0.532563 0.098973 0.536415 0.085201 0.543242 0.077731 0.549020 0.071195 0.556548 0.066527 0.564251 0.060458 0.577731 0.056723 0.602066 0.055789 0.614321 0.058590 0.636380
0 0.251867 0.706408 0.256536 0.719013 0.267740 0.734069 0.278478 0.742122 0.293184 0.749475 0.307423 0.754377 0.314192 0.755777 0.323296 0.756653 0.337535 0.756653 0.351074 0.755077 0.370915 0.748775 0.380952 0.744048 0.387722 0.739846 0.402194 0.729167 0.407563 0.721989 0.418534 0.712185 0.423203 0.706057 0.428105 0.701506 0.434407 0.692402 0.441410 0.675245 0.442577 0.668592 0.442344 0.660539 0.439776 0.649160 0.436975 0.643382 0.430439 0.633578 0.415500 0.618522 0.404528 0.610119 0.394024 0.605217 0.366246 0.599790 0.360411 0.599440 0.345005 0.599790 0.337302 0.601891 0.327965 0.603291 0.308824 0.609419 0.305789 0.611695 0.302521 0.612745 0.298483 0.615408 0.295942 0.617314 0.293417 0.618697 0.291317 0.619748 0.286181 0.624125 0.281513 0.630252 0.277311 0.633754 0.268674 0.651961 0.264006 0.658263 0.261204 0.660189 0.258403 0.664566 0.257003 0.671919 0.251634 0.685224 0.250934 0.689951 0.250700 0.698179 0.251867 0.706408
0 0.445145 0.734944 0.447946 0.744223 0.453315 0.754552 0.459617 0.760679 0.467320 0.766106 0.498133 0.779762 0.508637 0.780637 0.515406 0.779587 0.520775 0.779762 0.534080 0.778536 0.572596 0.765056 0.584500 0.757703 0.588702 0.756478 0.598506 0.751401 0.602241 0.750350 0.606676 0.747199 0.616480 0.742997 0.643791 0.722514 0.665733 0.698529 0.673203 0.687850 0.675070 0.681898 0.679038 0.675595 0.679038 0.671218 0.680906 0.663340 0.680672 0.653011 0.678805 0.642332 0.673436 0.632878 0.660364 0.619048 0.648926 0.611520 0.636788 0.607143 0.619748 0.604517 0.602241 0.606092 0.588702 0.609419 0.571895 0.611345 0.522409 0.623599 0.512838 0.626926 0.498133 0.633053 0.491363 0.637955 0.479458 0.647759 0.470822 0.657738 0.466387 0.661415 0.461951 0.672619 0.457049 0.681898 0.456583 0.684524 0.452848 0.690476 0.447246 0.703081 0.444678 0.717262 0.443978 0.727766 0.445145 0.734944
0 0.630270 0.474679 0.630715 0.477576 0.631012 0.479692 0.630864 0.482032 0.631012 0.485930 0.632120 0.492647 0.634454 0.504027 0.636788 0.509979 0.647526 0.566702 0.654295 0.585609 0.661064 0.598915 0.672430 0.608757 0.678571 0.617647 0.685341 0.622199 0.687675 0.625175 0.691410 0.627976 0.708217 0.639181 0.726891 0.648634 0.744865 0.653536 0.750700 0.654237 0.771709 0.654587 0.788678 0.653637 0.802521 0.646709 0.806956 0.645483 0.810691 0.646359 0.813959 0.643207 0.817460 0.642507 0.820028 0.640231 0.824463 0.637955 0.830766 0.630077 0.834034 0.623424 0.837068 0.599440 0.837068 0.591912 0.834734 0.577556 0.824697 0.547094 0.816993 0.531863 0.804855 0.512080 0.803922 0.508578 0.801587 0.507003 0.797152 0.501050 0.787115 0.491071 0.775210 0.480217 0.762838 0.471989 0.755135 0.467787 0.744398 0.463936 0.733894 0.461310 0.690009 0.454482 0.675421 0.454294 0.664876 0.454740 0.655668 0.456077 0.649430 0.457525 0.645419 0.458750 0.639924 0.460087 0.636788 0.461660 0.633754 0.463585 0.631419 0.467787 0.630952 0.470763 0.630270 0.474679
1 0.696078 0.353291 0.699580 0.356793 0.705882 0.377451 0.719188 0.396008 0.728058 0.404937 0.733894 0.409314 0.737162 0.410539 0.751167 0.419818 0.762838 0.425595 0.779178 0.431197 0.788282 0.433123 0.800654 0.433473 0.814893 0.431197 0.816993 0.430322 0.821195 0.426646 0.826564 0.424720 0.830766 0.420868 0.835668 0.418067 0.841503 0.411765 0.845705 0.404412 0.846872 0.397934 0.846872 0.390581 0.844304 0.380077 0.839636 0.369573 0.838235 0.362745 0.832866 0.351541 0.824230 0.337710 0.816527 0.327906 0.798786 0.312325 0.767740 0.288866 0.757236 0.282738 0.747899 0.278887 0.744164 0.278186 0.741363 0.279062 0.733894 0.285889 0.732260 0.289041 0.724556 0.294818 0.715453 0.299545 0.710084 0.301296 0.703081 0.302171 0.698413 0.304972 0.697012 0.307248 0.696545 0.315126 0.693978 0.329132 0.694444 0.349440 0.696078 0.353291
0 0.579132 0.224965 0.580999 0.228116 0.590803 0.255077 0.594304 0.262080 0.598739 0.268032 0.606676 0.274860 0.610644 0.279412 0.622082 0.287115 0.626984 0.288340 0.637021 0.293943 0.650560 0.298494 0.671802 0.302346 0.697012 0.303046 0.706816 0.301120 0.719188 0.296744 0.726190 0.292542 0.735061 0.285014 0.741597 0.276436 0.745098 0.265931 0.744631 0.252101 0.742297 0.245273 0.734360 0.230917 0.725490 0.219188 0.710551 0.204832 0.696078 0.194678 0.679739 0.187500 0.665266 0.182948 0.636788 0.182423 0.633520 0.183123 0.623249 0.183123 0.610644 0.185224 0.596639 0.189251 0.580299 0.202206 0.577731 0.206408 0.577498 0.208683 0.577965 0.220938 0.579132 0.224965
0 0.413399 0.248424 0.420868 0.264881 0.428105 0.272759 0.430906 0.277311 0.439309 0.283613 0.443044 0.285189 0.450047 0.287640 0.466387 0.290091 0.491363 0.288340 0.496265 0.286590 0.502568 0.285889 0.508870 0.284139 0.527311 0.281513 0.546685 0.273985 0.559757 0.264181 0.566760 0.255952 0.569561 0.250700 0.572596 0.247374 0.575630 0.237745 0.575397 0.229692 0.572129 0.217087 0.567460 0.209909 0.560691 0.203256 0.553221 0.198179 0.539683 0.191176 0.518441 0.185574 0.505602 0.183824 0.492997 0.184699 0.476424 0.187850 0.463819 0.191352 0.450047 0.197304 0.446312 0.198004 0.434407 0.206933 0.420868 0.220413 0.413632 0.230742 0.412465 0.234244 0.411531 0.239321 0.413399 0.248424
1 0.507470 0.299545 0.520542 0.300770 0.526377 0.302346 0.528011 0.303746 0.533847 0.306022 0.546218 0.314426 0.556022 0.319678 0.564893 0.327906 0.571195 0.335959 0.576797 0.346639 0.578198 0.353466 0.581232 0.357143 0.584267 0.355917 0.587535 0.352766 0.591970 0.352241 0.592670 0.350840 0.596405 0.348915 0.600840 0.344363 0.611578 0.325455 0.616246 0.308999 0.616947 0.292542 0.615780 0.286415 0.613679 0.285014 0.609477 0.279587 0.603175 0.274160 0.594304 0.264531 0.588469 0.252451 0.585901 0.249825 0.574463 0.246674 0.570962 0.249825 0.566060 0.257528 0.558357 0.266807 0.550420 0.272584 0.527544 0.281688 0.515173 0.283789 0.508637 0.285714 0.507236 0.286590 0.505836 0.291667 0.505369 0.297269 0.507470 0.299545
1 0.242063 0.356268 0.242997 0.359419 0.248133 0.364671 0.254202 0.375875 0.257703 0.386555 0.259104 0.396709 0.258637 0.417542 0.261671 0.419118 0.265640 0.418417 0.268908 0.419818 0.271942 0.421919 0.275677 0.426646 0.276611 0.425070 0.279645 0.424545 0.284080 0.426821 0.292484 0.428396 0.296218 0.431022 0.305556 0.433648 0.314659 0.433824 0.320962 0.432773 0.333567 0.432248 0.355509 0.433648 0.370215 0.433648 0.389589 0.431197 0.402428 0.419643 0.404062 0.414916 0.403828 0.411239 0.405929 0.403711 0.405229 0.394258 0.402194 0.387605 0.401494 0.383228 0.375817 0.368697 0.363212 0.359069 0.354809 0.351891 0.352241 0.348564 0.345472 0.343662 0.338936 0.340861 0.331466 0.338936 0.327965 0.339286 0.324697 0.340511 0.312325 0.350490 0.305556 0.353641 0.302754 0.355742 0.279178 0.361870 0.268674 0.362920 0.255135 0.359069 0.248133 0.356268 0.241363 0.355567 0.240896 0.355917 0.242063 0.356268
1 0.541550 0.616597 0.542951 0.618172 0.546452 0.616947 0.550187 0.617122 0.553455 0.616071 0.560458 0.615371 0.563025 0.613445 0.567460 0.612570 0.570962 0.610819 0.588936 0.609069 0.595472 0.607493 0.599907 0.605567 0.605976 0.605217 0.612979 0.603116 0.617880 0.602591 0.619981 0.601366 0.622782 0.602066 0.625817 0.604692 0.630019 0.606268 0.637021 0.606443 0.643791 0.608368 0.650327 0.611345 0.660598 0.618522 0.665966 0.623249 0.672502 0.630427 0.676471 0.637080 0.680906 0.650560 0.682073 0.664566 0.677171 0.678746 0.678571 0.684874 0.680205 0.683123 0.699813 0.682073 0.702614 0.681197 0.710317 0.680847 0.713352 0.682073 0.730859 0.678922 0.738796 0.676120 0.741130 0.676996 0.744164 0.675245 0.748133 0.675595 0.757236 0.670693 0.762372 0.669293 0.765406 0.667017 0.769374 0.665966 0.774510 0.661415 0.777077 0.657913 0.772642 0.655987 0.758403 0.655287 0.751867 0.656338 0.748366 0.654412 0.744398 0.654412 0.717087 0.644783 0.705882 0.639006 0.699113 0.633228 0.694211 0.630777 0.683473 0.622024 0.677638 0.618347 0.673669 0.612395 0.663632 0.603641 0.657796 0.596113 0.652428 0.583508 0.649160 0.578606 0.647059 0.577381 0.619748 0.576856 0.612979 0.578957 0.606443 0.579482 0.575397 0.584559 0.564192 0.588235 0.550187 0.595413 0.546452 0.602766 0.542484 0.605742 0.540616 0.613095 0.541550 0.616597
1 0.457516 0.575878 0.459094 0.575878 0.459094 0.574231 0.457516 0.574231 0.457516 0.575878
1 0.408964 0.612745 0.420635 0.620798 0.421802 0.623599 0.431139 0.633754 0.436975 0.641632 0.441643 0.651436 0.443744 0.663866 0.442110 0.677871 0.435341 0.692752 0.427171 0.706408 0.428805 0.709034 0.439542 0.718137 0.442577 0.717087 0.446779 0.702731 0.449346 0.698704 0.458217 0.677871 0.463352 0.669993 0.468487 0.658438 0.480159 0.646534 0.493931 0.635329 0.500700 0.631303 0.505135 0.630077 0.508403 0.627801 0.522176 0.622549 0.535014 0.619748 0.536648 0.616246 0.529412 0.599790 0.517274 0.578782 0.514472 0.576506 0.512138 0.572829 0.506303 0.569328 0.490663 0.563725 0.480392 0.560924 0.471755 0.556373 0.462652 0.552871 0.456349 0.548845 0.453315 0.547969 0.448646 0.548669 0.442577 0.552171 0.437675 0.555672 0.428105 0.564776 0.419001 0.578081 0.410598 0.600140 0.408030 0.609069 0.408964 0.612745
1 0.199580 0.771709 0.202848 0.780987 0.209150 0.791667 0.220822 0.807073 0.240196 0.821779 0.262372 0.834034 0.275910 0.838761 0.286181 0.841036 0.292951 0.844188 0.302754 0.845588 0.316760 0.849965 0.358543 0.852941 0.373249 0.853116 0.414566 0.851716 0.435808 0.849440 0.444211 0.847689 0.460784 0.842437 0.475490 0.834384 0.482493 0.825805 0.489029 0.810574 0.489963 0.797094 0.488229 0.787987 0.481181 0.771711 0.470794 0.767816 0.466899 0.766564 0.463560 0.763921 0.458923 0.761278 0.453315 0.757178 0.449346 0.750700 0.442577 0.744748 0.432306 0.740896 0.429617 0.739160 0.425908 0.737490 0.420529 0.736238 0.417190 0.734847 0.414408 0.733873 0.411765 0.734244 0.404528 0.731618 0.401027 0.732493 0.391223 0.739146 0.373016 0.749300 0.352007 0.755952 0.341970 0.757353 0.326331 0.757703 0.306956 0.755077 0.286415 0.747899 0.277077 0.742647 0.266573 0.734944 0.264006 0.732493 0.258403 0.724265 0.256069 0.722339 0.247666 0.721639 0.241363 0.723214 0.225957 0.733368 0.220121 0.735644 0.211485 0.737570 0.203315 0.741071 0.199346 0.751751 0.198646 0.756127 0.198413 0.763480 0.199580 0.771709
1 0.223856 0.570903 0.229925 0.580707 0.235994 0.594888 0.242997 0.619923 0.248133 0.644083 0.249533 0.646709 0.251401 0.657913 0.253268 0.658613 0.258637 0.658263 0.259570 0.656162 0.262838 0.654237 0.267040 0.647409 0.271709 0.642157 0.277077 0.632528 0.280112 0.630077 0.285014 0.624125 0.297152 0.613796 0.306956 0.608368 0.314192 0.606968 0.332866 0.600840 0.351074 0.598214 0.359711 0.598214 0.366713 0.598739 0.379318 0.601015 0.383287 0.602591 0.394491 0.604867 0.404762 0.609419 0.408263 0.604867 0.415500 0.585259 0.416900 0.578081 0.412232 0.573529 0.403128 0.567227 0.386788 0.559349 0.379085 0.557423 0.369748 0.556022 0.311391 0.551996 0.297152 0.548494 0.287815 0.547444 0.279645 0.547969 0.268674 0.550420 0.261905 0.550245 0.252334 0.552346 0.241130 0.553571 0.230859 0.559524 0.223389 0.566352 0.222923 0.567752 0.223856 0.570903
1 0.116480 0.529237 0.117880 0.529937 0.119981 0.530287 0.123716 0.528887 0.133754 0.528536 0.151261 0.530287 0.158263 0.531513 0.179972 0.539391 0.193044 0.544993 0.209617 0.555847 0.217087 0.563200 0.220355 0.564251 0.222923 0.562675 0.227124 0.561450 0.234594 0.556723 0.237628 0.552871 0.253501 0.541141 0.257236 0.536415 0.252101 0.532738 0.236228 0.524335 0.228758 0.518908 0.220588 0.512080 0.209384 0.500350 0.204715 0.491071 0.203782 0.481618 0.205182 0.472514 0.204715 0.470763 0.203081 0.469363 0.189309 0.471639 0.173903 0.471639 0.164566 0.470763 0.154995 0.468137 0.151027 0.468137 0.139356 0.480742 0.135854 0.487745 0.130019 0.494048 0.124883 0.501926 0.119514 0.512430 0.116246 0.522584 0.115780 0.527661 0.116480 0.529237
1 0.258403 0.389356 0.262138 0.388831 0.266573 0.383929 0.265640 0.376751 0.262138 0.374825 0.258870 0.374300 0.254902 0.373950 0.253735 0.375350 0.253501 0.376751 0.258403 0.389356
1 0.575864 0.768908 0.580999 0.773109 0.583100 0.776436 0.591970 0.783263 0.598739 0.786590 0.603875 0.788165 0.605976 0.789916 0.630019 0.798494 0.633287 0.798845 0.640523 0.801471 0.651494 0.803221 0.658030 0.805147 0.668301 0.806373 0.685574 0.810224 0.710784 0.810399 0.716153 0.811800 0.720355 0.810399 0.734594 0.811800 0.753968 0.807598 0.772409 0.805497 0.775677 0.804097 0.779412 0.802346 0.791083 0.793067 0.800654 0.781688 0.813725 0.769258 0.816060 0.765756 0.815826 0.758228 0.814426 0.754727 0.810458 0.748599 0.806022 0.744223 0.796685 0.737220 0.793417 0.736345 0.788982 0.732843 0.765873 0.719188 0.741363 0.709384 0.730392 0.706758 0.720121 0.702731 0.705415 0.699755 0.689076 0.695203 0.685341 0.695028 0.681839 0.693277 0.679038 0.693102 0.675303 0.688901 0.661531 0.703782 0.656863 0.711310 0.650093 0.716912 0.646592 0.720938 0.631186 0.733368 0.616246 0.743697 0.595238 0.754202 0.584734 0.758403 0.580999 0.761204 0.577965 0.762430 0.574930 0.765406 0.575864 0.768908
1 0.789449 0.685924 0.788515 0.688200 0.788982 0.703606 0.792017 0.713410 0.801354 0.732493 0.807423 0.741597 0.816293 0.752276 0.820962 0.755777 0.834500 0.761555 0.843371 0.761730 0.855742 0.760329 0.867880 0.755777 0.873016 0.754727 0.887021 0.752801 0.901027 0.752626 0.904295 0.750350 0.909897 0.744748 0.914099 0.734594 0.913866 0.730567 0.910364 0.720413 0.910598 0.699405 0.918301 0.672619 0.918301 0.667192 0.915966 0.657213 0.921335 0.630077 0.925537 0.620098 0.929739 0.617122 0.935574 0.615896 0.937442 0.614321 0.939542 0.610119 0.939309 0.605917 0.937675 0.602416 0.934641 0.598915 0.931839 0.592437 0.932773 0.581583 0.934174 0.574755 0.936041 0.571254 0.936275 0.567402 0.934407 0.564251 0.924136 0.555672 0.913399 0.550070 0.901261 0.545693 0.894958 0.544818 0.890056 0.545518 0.880486 0.548494 0.863912 0.555847 0.851074 0.564076 0.839869 0.573354 0.836601 0.578081 0.838235 0.602591 0.835901 0.622374 0.834034 0.627626 0.826097 0.638130 0.820728 0.642507 0.811391 0.647409 0.812558 0.649685 0.811391 0.653011 0.807190 0.653711 0.804155 0.652311 0.800654 0.652311 0.796919 0.653011 0.795051 0.654237 0.792717 0.657213 0.788749 0.675070 0.788049 0.678922 0.789449 0.685924
1 0.823296 0.542192 0.829832 0.558473 0.834967 0.575105 0.838469 0.574055 0.843371 0.569678 0.859244 0.558473 0.870915 0.552696 0.877218 0.550420 0.883287 0.546919 0.886788 0.543417 0.875817 0.535364 0.862512 0.528186 0.855742 0.525385 0.828198 0.515581 0.823063 0.513130 0.810924 0.510154 0.806723 0.510154 0.805556 0.511204 0.805322 0.512080 0.823296 0.542192
1 0.694211 0.454307 0.741363 0.462185 0.760037 0.469713 0.770075 0.475840 0.779412 0.482843 0.790616 0.492997 0.802988 0.506303 0.809290 0.508578 0.816527 0.507178 0.824930 0.502801 0.845938 0.487745 0.854575 0.473389 0.855042 0.462360 0.854342 0.457458 0.852708 0.453256 0.849907 0.449930 0.844538 0.444853 0.833567 0.438025 0.819795 0.433999 0.817694 0.432773 0.811625 0.432773 0.803922 0.434174 0.789916 0.433999 0.773810 0.430322 0.755135 0.423845 0.731326 0.421744 0.723623 0.421744 0.716620 0.422619 0.705649 0.424720 0.700280 0.426821 0.696078 0.435574 0.694211 0.443978 0.691877 0.449580 0.691410 0.453081 0.694211 0.454307
0 0.416433 0.393732 0.419935 0.408263 0.424370 0.415966 0.428338 0.425245 0.437908 0.436800 0.452614 0.447479 0.467320 0.452031 0.481559 0.454307 0.505135 0.453256 0.512138 0.451331 0.526377 0.444503 0.541317 0.431022 0.547619 0.423845 0.553688 0.413515 0.555089 0.408088 0.557890 0.404587 0.562558 0.394083 0.574930 0.373074 0.576797 0.366422 0.577031 0.351716 0.576331 0.348564 0.573763 0.342087 0.568861 0.333683 0.555322 0.320028 0.550887 0.317927 0.532446 0.305847 0.524977 0.302696 0.512605 0.300770 0.493931 0.302171 0.484127 0.305147 0.469888 0.313025 0.452614 0.325805 0.438842 0.340861 0.431839 0.351190 0.425070 0.364671 0.420868 0.376926 0.418301 0.389181 0.416433 0.393732
1 0.536415 0.465686 0.538282 0.468662 0.550187 0.476891 0.555089 0.478817 0.566760 0.485294 0.585201 0.499825 0.588469 0.501225 0.602708 0.501401 0.628151 0.492472 0.629785 0.491246 0.630252 0.488095 0.629552 0.484419 0.630019 0.473915 0.628852 0.470238 0.633987 0.462010 0.637488 0.460084 0.640990 0.459209 0.644024 0.459734 0.647526 0.457458 0.650794 0.456933 0.656863 0.454307 0.661998 0.454832 0.674603 0.453256 0.685574 0.453606 0.687908 0.452556 0.690476 0.450105 0.693511 0.442577 0.694444 0.435924 0.696779 0.432248 0.697246 0.429622 0.698179 0.412465 0.702614 0.387080 0.702848 0.377976 0.701447 0.369573 0.698880 0.362570 0.695378 0.355742 0.691877 0.351541 0.686275 0.347339 0.674837 0.341211 0.667834 0.339111 0.653361 0.337360 0.638189 0.338235 0.626984 0.341387 0.623016 0.341211 0.619748 0.342962 0.616480 0.343312 0.610644 0.346113 0.606209 0.347164 0.600140 0.350140 0.593604 0.354517 0.577965 0.368172 0.575163 0.375175 0.563959 0.392857 0.553922 0.415616 0.545518 0.428046 0.536181 0.439076 0.535714 0.441176 0.535247 0.460084 0.536415 0.465686
0 0.397526 0.493522 0.402428 0.502101 0.411064 0.513130 0.425070 0.526786 0.453315 0.547444 0.457750 0.549370 0.459384 0.550770 0.464133 0.552910 0.500968 0.566335 0.505702 0.567445 0.508069 0.568221 0.513394 0.569553 0.522381 0.571106 0.529186 0.572326 0.533624 0.573103 0.536434 0.573436 0.540022 0.573630 0.543535 0.574323 0.546452 0.574405 0.549253 0.574930 0.553927 0.575405 0.556590 0.575544 0.558957 0.575627 0.562507 0.576293 0.567833 0.576293 0.574490 0.576847 0.589283 0.576515 0.594460 0.575516 0.604224 0.573630 0.609244 0.571429 0.615079 0.560924 0.616013 0.557773 0.616246 0.547969 0.613912 0.537640 0.609244 0.528361 0.597339 0.512955 0.586601 0.502276 0.576331 0.494048 0.567460 0.487395 0.554388 0.479517 0.536415 0.470238 0.518441 0.463060 0.500934 0.457458 0.490896 0.455707 0.480159 0.455532 0.466853 0.453606 0.452848 0.449405 0.447479 0.448880 0.438842 0.449230 0.425537 0.450630 0.411998 0.457108 0.399160 0.470413 0.397292 0.473389 0.395658 0.479517 0.395425 0.487745 0.397526 0.493522
1 0.306022 0.441001 0.331699 0.444678 0.336835 0.446604 0.345005 0.448004 0.348739 0.449755 0.355042 0.451155 0.362745 0.454832 0.372782 0.457283 0.384454 0.462360 0.391457 0.466562 0.397292 0.471289 0.405696 0.461835 0.411298 0.456933 0.414099 0.454832 0.424603 0.449580 0.422269 0.445728 0.408030 0.432948 0.401727 0.431898 0.386788 0.432598 0.383754 0.433473 0.373016 0.434174 0.360878 0.434174 0.346172 0.433123 0.330999 0.433298 0.318161 0.434174 0.305789 0.437325 0.302988 0.439251 0.306022 0.441001
1 0.406863 0.424720 0.409430 0.432423 0.411998 0.435574 0.425070 0.446604 0.429505 0.448179 0.451214 0.446078 0.439076 0.437675 0.428805 0.426646 0.426004 0.419643 0.422035 0.414566 0.422969 0.411239 0.419468 0.406688 0.417134 0.396709 0.414799 0.393032 0.410131 0.397409 0.406162 0.411064 0.405929 0.418242 0.406863 0.424720
1 0.491830 0.801120 0.489963 0.811450 0.485061 0.823529 0.478758 0.832983 0.476424 0.834909 0.477591 0.836660 0.479692 0.837185 0.494631 0.838585 0.497666 0.837885 0.508170 0.837535 0.518441 0.838060 0.535481 0.834209 0.556723 0.831758 0.560691 0.830182 0.564426 0.829832 0.584267 0.824930 0.588469 0.825455 0.589402 0.821604 0.591970 0.818627 0.595938 0.817752 0.602241 0.818978 0.605742 0.817402 0.613679 0.809874 0.623950 0.802521 0.625350 0.800245 0.620915 0.798144 0.619748 0.796744 0.598273 0.787990 0.595238 0.785714 0.591970 0.784489 0.583567 0.778361 0.576331 0.771008 0.571195 0.766982 0.564426 0.767857 0.532913 0.779062 0.522409 0.780812 0.507937 0.781338 0.501167 0.780637 0.487862 0.776436 0.486228 0.777486 0.485528 0.779237 0.492063 0.796394 0.491830 0.801120