0 0.121849 0.475840 0.127918 0.492297 0.134687 0.505252 0.147526 0.523459 0.165966 0.542017 0.181839 0.554622 0.189076 0.558999 0.223856 0.573354 0.226657 0.572304 0.234594 0.572654 0.241130 0.570728 0.248599 0.564251 0.249767 0.560924 0.260971 0.543067 0.265173 0.532738 0.267974 0.508929 0.267507 0.487745 0.262372 0.466387 0.253501 0.446078 0.250467 0.442752 0.249066 0.439076 0.232960 0.421394 0.225490 0.414741 0.209617 0.402661 0.205882 0.401261 0.199113 0.397059 0.183473 0.393732 0.166433 0.393382 0.161298 0.393908 0.149393 0.397234 0.135854 0.407738 0.128852 0.419293 0.126050 0.425070 0.121849 0.439251 0.120215 0.456232 0.119981 0.463585 0.121849 0.475840
0 0.397993 0.269433 0.403361 0.285364 0.407330 0.293242 0.415033 0.304097 0.423669 0.312150 0.435808 0.318627 0.446545 0.323004 0.460317 0.324230 0.469888 0.321954 0.477124 0.321604 0.480626 0.320028 0.485294 0.319153 0.502101 0.307948 0.506536 0.303746 0.511204 0.297094 0.514706 0.289741 0.516340 0.283789 0.516340 0.279237 0.517740 0.272934 0.517040 0.258578 0.513072 0.245448 0.503735 0.232668 0.501167 0.230567 0.491130 0.224790 0.487628 0.223214 0.480392 0.221464 0.476891 0.219188 0.473856 0.218312 0.467554 0.218312 0.457283 0.216912 0.445845 0.217612 0.431139 0.220763 0.421569 0.224790 0.412698 0.230042 0.409664 0.234594 0.404528 0.240021 0.401027 0.245273 0.396825 0.257878 0.396592 0.262605 0.397993 0.269433
0 0.540616 0.383053 0.546218 0.405462 0.552521 0.415791 0.561858 0.425595 0.567694 0.429972 0.577498 0.433473 0.588702 0.433999 0.595938 0.432948 0.601074 0.430847 0.612745 0.423845 0.620448 0.415616 0.627451 0.404237 0.630486 0.397409 0.633053 0.387255 0.635154 0.370098 0.634921 0.361870 0.632120 0.345238 0.623016 0.327906 0.614846 0.320203 0.610644 0.317227 0.602241 0.313025 0.592204 0.311450 0.584267 0.311450 0.579365 0.312325 0.571195 0.315301 0.567927 0.315826 0.563492 0.318102 0.552754 0.326681 0.549253 0.331583 0.543884 0.345063 0.539449 0.367472 0.539449 0.375875 0.540616 0.383053
0 0.594771 0.286590 0.602007 0.307948 0.605275 0.312325 0.610644 0.315651 0.623016 0.327206 0.627451 0.333508 0.631653 0.341912 0.634220 0.344713 0.638189 0.347339 0.650560 0.353116 0.657330 0.354517 0.671102 0.355917 0.685107 0.355042 0.693277 0.352941 0.701914 0.348915 0.704949 0.342087 0.707983 0.325105 0.708683 0.310399 0.706349 0.293768 0.696779 0.271884 0.692110 0.266632 0.681606 0.257353 0.668534 0.250175 0.657796 0.245973 0.650794 0.244048 0.633520 0.242822 0.623016 0.244223 0.616947 0.246499 0.604342 0.254552 0.596639 0.264706 0.594771 0.272059 0.594071 0.279237 0.594771 0.286590
0 0.355042 0.796569 0.359244 0.804447 0.364146 0.817577 0.376517 0.835959 0.382120 0.841737 0.387722 0.845588 0.396825 0.848389 0.411765 0.848564 0.416667 0.847864 0.425303 0.846289 0.435341 0.842787 0.442577 0.839111 0.446078 0.836485 0.449813 0.835259 0.464986 0.825455 0.472222 0.818803 0.477591 0.813200 0.488562 0.799195 0.499767 0.779062 0.507236 0.749475 0.507236 0.726541 0.506536 0.717087 0.503968 0.702906 0.499767 0.689601 0.496032 0.682248 0.491130 0.676471 0.466853 0.662290 0.460084 0.657213 0.457049 0.656338 0.447479 0.655287 0.436041 0.651436 0.432073 0.651261 0.428338 0.652661 0.425070 0.651085 0.417134 0.654412 0.408030 0.657213 0.404295 0.657563 0.393557 0.662640 0.374183 0.675245 0.366947 0.681898 0.364379 0.686450 0.361111 0.689251 0.351307 0.703081 0.345705 0.716912 0.343137 0.730567 0.343371 0.734419 0.342204 0.737220 0.341970 0.741246 0.355042 0.796569
0 0.180672 0.819153 0.187675 0.838585 0.194211 0.848214 0.206816 0.862920 0.222222 0.875350 0.237862 0.882178 0.251167 0.884104 0.262138 0.883403 0.278011 0.874300 0.296685 0.855742 0.313025 0.831408 0.326797 0.803922 0.333567 0.786765 0.339636 0.755602 0.339402 0.744223 0.337768 0.737745 0.338702 0.723389 0.328198 0.699755 0.315593 0.685749 0.302988 0.678221 0.298553 0.676471 0.286648 0.674545 0.274977 0.674370 0.261438 0.675070 0.250233 0.676996 0.247432 0.678046 0.244631 0.678046 0.234360 0.681548 0.219655 0.688725 0.216853 0.690826 0.207516 0.702556 0.199346 0.715161 0.186275 0.744748 0.185808 0.748074 0.181373 0.758403 0.178338 0.775735 0.178105 0.786415 0.180672 0.819153
0 0.801821 0.841737 0.807190 0.863620 0.813259 0.881653 0.824463 0.904412 0.832866 0.916842 0.848273 0.936099 0.863912 0.949405 0.880252 0.961660 0.891223 0.968137 0.898926 0.971289 0.911531 0.974965 0.931139 0.976891 0.942344 0.977066 0.949346 0.975840 0.953081 0.974090 0.958917 0.966562 0.964753 0.955882 0.968721 0.939251 0.968021 0.924370 0.963819 0.900735 0.960551 0.888305 0.958450 0.873599 0.954715 0.858018 0.944211 0.838410 0.932540 0.824405 0.912465 0.807948 0.903595 0.802696 0.887255 0.794643 0.876751 0.790966 0.862979 0.788165 0.855275 0.787990 0.852474 0.786940 0.848273 0.787115 0.827965 0.792192 0.818394 0.796919 0.813959 0.800420 0.803922 0.813901 0.800887 0.824230 0.800654 0.831583 0.801821 0.841737
0 0.595238 0.887255 0.599206 0.900735 0.604575 0.911590 0.609244 0.918592 0.626517 0.940126 0.632820 0.945903 0.640523 0.950980 0.654062 0.957283 0.657796 0.958333 0.664799 0.959909 0.681839 0.962185 0.696779 0.962010 0.706583 0.959734 0.721522 0.949580 0.737162 0.928571 0.757236 0.887955 0.760271 0.880077 0.762838 0.869048 0.763072 0.854517 0.761204 0.842612 0.758870 0.834909 0.753268 0.824230 0.747899 0.817577 0.744631 0.811975 0.736461 0.804097 0.733894 0.800420 0.722923 0.791667 0.709851 0.782913 0.695612 0.776611 0.682306 0.772934 0.667134 0.770833 0.657330 0.772059 0.651027 0.772059 0.626751 0.778536 0.623483 0.779937 0.614613 0.786239 0.609244 0.792017 0.604575 0.799720 0.597806 0.818102 0.593838 0.844188 0.593604 0.875875 0.595238 0.887255
0 0.386788 0.524685 0.387488 0.529412 0.397292 0.546569 0.400093 0.549370 0.407096 0.560224 0.416200 0.571429 0.429739 0.583859 0.445845 0.590511 0.460784 0.591211 0.465686 0.592612 0.473856 0.597164 0.479925 0.591562 0.487628 0.589636 0.495331 0.585959 0.505602 0.578957 0.509570 0.574405 0.514472 0.566176 0.517974 0.554097 0.517974 0.539391 0.514472 0.526085 0.503735 0.508578 0.491597 0.496324 0.485761 0.492297 0.483660 0.489671 0.475957 0.484244 0.475490 0.483018 0.470588 0.479167 0.450280 0.465511 0.442577 0.461134 0.430672 0.457458 0.420868 0.457108 0.406863 0.461134 0.398926 0.466562 0.387722 0.480742 0.382353 0.496324 0.382586 0.512080 0.386788 0.524685
1 0.472689 0.664916 0.475957 0.666667 0.481092 0.671043 0.491597 0.676296 0.495565 0.680322 0.500467 0.689601 0.504669 0.703081 0.507470 0.722164 0.507703 0.748249 0.506069 0.758929 0.500934 0.777486 0.498599 0.782913 0.498599 0.786415 0.503035 0.790266 0.511671 0.793943 0.515640 0.796919 0.520542 0.799020 0.532680 0.808824 0.539683 0.809349 0.551354 0.806898 0.569328 0.798669 0.581466 0.789741 0.591737 0.775910 0.597339 0.762080 0.598506 0.755252 0.600140 0.740896 0.595472 0.716912 0.586368 0.692927 0.580766 0.684524 0.572362 0.667017 0.561158 0.653887 0.554855 0.647584 0.549720 0.643908 0.541317 0.639881 0.526144 0.635854 0.515406 0.635854 0.508637 0.636905 0.497899 0.640056 0.487162 0.645483 0.479925 0.650735 0.473389 0.657038 0.471289 0.660539 0.470822 0.661415 0.472689 0.664916
1 0.440710 0.860119 0.452148 0.894083 0.465219 0.923494 0.472456 0.934349 0.479925 0.943277 0.493697 0.956408 0.503735 0.964636 0.513072 0.971113 0.518674 0.973915 0.528711 0.977941 0.539916 0.980217 0.552521 0.980742 0.560691 0.978116 0.565126 0.973915 0.568161 0.968838 0.571895 0.959909 0.575397 0.945553 0.576331 0.919993 0.573063 0.894083 0.567227 0.870623 0.558590 0.848739 0.537582 0.818803 0.533147 0.811099 0.528245 0.806723 0.521242 0.801996 0.519141 0.799545 0.511671 0.795168 0.500934 0.791317 0.494631 0.791317 0.486461 0.803922 0.482960 0.807248 0.475490 0.817052 0.465219 0.826155 0.456349 0.832458 0.453315 0.833508 0.446078 0.837885 0.440476 0.841912 0.439776 0.843662 0.439309 0.845938 0.440710 0.860119
1 0.282213 0.887080 0.285714 0.901611 0.291783 0.916141 0.299953 0.930847 0.310458 0.946254 0.320728 0.956408 0.325163 0.959909 0.329832 0.962360 0.336368 0.967962 0.342204 0.971289 0.366246 0.980917 0.383053 0.983543 0.390523 0.985644 0.408030 0.984944 0.421802 0.981968 0.435574 0.976716 0.443277 0.971289 0.450047 0.964286 0.454015 0.956583 0.458217 0.938375 0.458917 0.925070 0.457516 0.912465 0.454949 0.903536 0.437442 0.861695 0.429272 0.848389 0.426004 0.846814 0.411298 0.849790 0.403828 0.849965 0.394258 0.849090 0.389589 0.847689 0.384454 0.844713 0.378852 0.839986 0.372082 0.831933 0.363445 0.818277 0.359010 0.807423 0.355742 0.802521 0.353641 0.801120 0.345238 0.799545 0.335668 0.800245 0.330766 0.802521 0.327965 0.805672 0.318161 0.824580 0.309057 0.839811 0.298786 0.855217 0.290383 0.864671 0.286415 0.867647 0.281279 0.875000 0.280812 0.877101 0.282213 0.887080
1 0.140289 0.886555 0.146359 0.908438 0.153595 0.951331 0.154995 0.956408 0.161298 0.970238 0.165500 0.973389 0.174603 0.977766 0.183707 0.978466 0.194678 0.977416 0.206583 0.974790 0.220355 0.969713 0.234594 0.961134 0.242297 0.955007 0.252568 0.944153 0.264239 0.928746 0.271242 0.916842 0.278478 0.897234 0.279645 0.891457 0.279412 0.882703 0.276844 0.876751 0.275444 0.876401 0.268674 0.881127 0.262605 0.883228 0.258870 0.884279 0.251634 0.884804 0.237628 0.882703 0.224090 0.876926 0.215920 0.871499 0.207750 0.864496 0.191643 0.846289 0.184641 0.833683 0.182073 0.826155 0.178805 0.821604 0.172035 0.836485 0.162932 0.851541 0.154995 0.860469 0.138422 0.873074 0.138189 0.876576 0.140289 0.886555
1 0.008403 0.784314 0.010971 0.801996 0.010971 0.811099 0.016573 0.819678 0.019374 0.822129 0.024977 0.831232 0.029178 0.834209 0.038282 0.843838 0.048553 0.851541 0.056256 0.859944 0.059757 0.861520 0.064426 0.865546 0.071195 0.868347 0.078198 0.872549 0.091970 0.879202 0.102007 0.882003 0.112278 0.882353 0.117880 0.881127 0.133520 0.875000 0.138655 0.870448 0.146125 0.866246 0.157796 0.856268 0.164799 0.846989 0.166667 0.842087 0.171802 0.835259 0.178105 0.817752 0.176471 0.787115 0.176471 0.765406 0.174603 0.760854 0.172269 0.747549 0.169935 0.742122 0.165033 0.723915 0.156629 0.709909 0.144958 0.701506 0.136788 0.696954 0.126517 0.694503 0.108310 0.692752 0.101774 0.692752 0.095472 0.694153 0.087068 0.704832 0.074930 0.717612 0.061158 0.727241 0.048553 0.733193 0.040149 0.735819 0.033380 0.736520 0.029412 0.735994 0.025910 0.736695 0.024510 0.737745 0.019841 0.744573 0.018908 0.747899 0.013072 0.758578 0.009337 0.771884 0.008403 0.775910 0.008403 0.784314
1 0.115079 0.679272 0.126284 0.689776 0.130252 0.692577 0.133520 0.694153 0.141457 0.696254 0.151261 0.702381 0.154295 0.705182 0.161298 0.708158 0.178571 0.712010 0.190476 0.711310 0.196312 0.711660 0.203548 0.707108 0.215920 0.690826 0.220588 0.687500 0.224090 0.686800 0.235294 0.680322 0.244398 0.676471 0.264939 0.673845 0.269374 0.674195 0.280345 0.673494 0.286881 0.673669 0.289449 0.674370 0.300887 0.673845 0.315593 0.660714 0.322596 0.651786 0.326331 0.644083 0.330299 0.626401 0.325163 0.619223 0.321895 0.617122 0.317694 0.612220 0.303688 0.599090 0.300187 0.596989 0.280345 0.590511 0.262372 0.586310 0.248133 0.585959 0.237862 0.586660 0.226424 0.589286 0.223856 0.591912 0.222222 0.597864 0.215920 0.603817 0.208217 0.609069 0.199580 0.612570 0.186041 0.614846 0.171102 0.615196 0.161531 0.613620 0.157330 0.613971 0.154295 0.614496 0.137955 0.620973 0.133987 0.623249 0.125117 0.629552 0.123249 0.632353 0.119514 0.640756 0.117880 0.649991 0.114846 0.653887 0.110411 0.665091 0.109711 0.668768 0.115079 0.679272
1 0.102007 0.539041 0.113912 0.549895 0.121382 0.563200 0.126050 0.578256 0.128385 0.595938 0.131653 0.599615 0.135854 0.602591 0.150327 0.609069 0.154295 0.611695 0.173669 0.614496 0.187675 0.613796 0.199813 0.612045 0.207516 0.608193 0.214986 0.603291 0.220588 0.597339 0.222923 0.591562 0.227358 0.585084 0.226891 0.574580 0.224090 0.572654 0.207983 0.567052 0.187442 0.557948 0.167367 0.543943 0.147059 0.524335 0.137955 0.511905 0.130019 0.497724 0.126284 0.498950 0.118814 0.508228 0.103875 0.522584 0.100840 0.528011 0.100607 0.536590 0.102007 0.539041
1 0.000000 0.723739 0.001634 0.723739 0.006536 0.728466 0.015406 0.733018 0.018908 0.733543 0.025677 0.735994 0.033147 0.735644 0.042717 0.734244 0.050420 0.731793 0.068861 0.721464 0.078431 0.713235 0.090336 0.699405 0.108777 0.665266 0.113912 0.654062 0.122782 0.630077 0.124183 0.619748 0.126284 0.613095 0.127451 0.602416 0.126284 0.584734 0.124883 0.576506 0.120915 0.564076 0.113212 0.550420 0.108543 0.545518 0.101774 0.540441 0.088469 0.534314 0.063492 0.532213 0.053221 0.533789 0.039683 0.536940 0.022642 0.546744 0.011905 0.555497 0.000000 0.568452 0.000000 0.723739
1 0.253735 0.444853 0.256069 0.449055 0.258637 0.456408 0.260504 0.459209 0.266573 0.477066 0.268908 0.496674 0.269141 0.505952 0.267507 0.522059 0.268908 0.526436 0.272176 0.526961 0.275210 0.526085 0.286881 0.526436 0.296919 0.525210 0.335434 0.515231 0.340570 0.513305 0.348973 0.508754 0.352241 0.508053 0.363912 0.499825 0.372782 0.485819 0.380252 0.466912 0.381419 0.460609 0.381186 0.449580 0.378151 0.439251 0.373483 0.431548 0.367180 0.424020 0.357610 0.417892 0.343604 0.413165 0.326097 0.410189 0.320495 0.410364 0.317460 0.409489 0.313959 0.411239 0.300187 0.413690 0.289683 0.416667 0.272409 0.423319 0.259104 0.431373 0.250700 0.438375 0.251167 0.442752 0.253735 0.444853
1 0.274743 0.539566 0.276844 0.554622 0.282446 0.564776 0.284547 0.570903 0.292484 0.583158 0.297152 0.587885 0.301587 0.594188 0.316060 0.609069 0.333800 0.624300 0.345472 0.631127 0.349206 0.632353 0.361111 0.638655 0.366480 0.640056 0.369981 0.642157 0.376284 0.643557 0.398459 0.640056 0.416433 0.640756 0.421335 0.639006 0.422736 0.633228 0.422969 0.623074 0.420635 0.605567 0.408964 0.567577 0.399160 0.550595 0.389122 0.535889 0.370682 0.521183 0.359477 0.514006 0.352007 0.511555 0.348273 0.511555 0.324697 0.518908 0.304855 0.523284 0.297152 0.525735 0.278011 0.527136 0.274743 0.529237 0.273810 0.532738 0.273576 0.536590 0.274743 0.539566
1 0.442577 0.397234 0.444211 0.404237 0.448646 0.415441 0.453782 0.421394 0.463352 0.429097 0.466153 0.429972 0.471989 0.429447 0.479458 0.426471 0.485294 0.422794 0.491597 0.418417 0.498833 0.411940 0.501401 0.408263 0.508870 0.400910 0.514472 0.393382 0.526377 0.381653 0.537115 0.369048 0.541550 0.352416 0.542717 0.344363 0.547386 0.334559 0.548319 0.328081 0.547386 0.320378 0.543651 0.310749 0.540850 0.305672 0.534080 0.299370 0.522642 0.293242 0.515406 0.291141 0.513539 0.293067 0.511204 0.298494 0.506769 0.304797 0.503968 0.307773 0.492063 0.316352 0.482960 0.320903 0.479925 0.323704 0.477824 0.322654 0.470355 0.322829 0.460084 0.325280 0.457283 0.326856 0.449813 0.341912 0.447246 0.357668 0.441877 0.369573 0.441410 0.377451 0.441176 0.387955 0.442577 0.397234
1 0.505602 0.233543 0.514706 0.247724 0.517040 0.256127 0.518207 0.271043 0.517974 0.280287 0.520075 0.285539 0.522642 0.287990 0.524977 0.292192 0.534314 0.298319 0.541783 0.305672 0.546685 0.309174 0.557190 0.308999 0.566293 0.305672 0.575630 0.300945 0.580299 0.297444 0.589636 0.287640 0.591970 0.282738 0.594304 0.268207 0.602474 0.252101 0.602241 0.237745 0.600140 0.230917 0.595005 0.216912 0.585901 0.203256 0.579832 0.198004 0.571195 0.192752 0.558824 0.191352 0.550187 0.191527 0.531279 0.194853 0.522642 0.199230 0.514239 0.206057 0.508403 0.215686 0.504669 0.226541 0.504435 0.230742 0.505602 0.233543
1 0.591503 0.210259 0.596639 0.218487 0.601541 0.230742 0.605042 0.235819 0.615313 0.243172 0.618814 0.244048 0.623249 0.244048 0.631653 0.242647 0.648693 0.243347 0.659897 0.246324 0.670401 0.250350 0.682306 0.257178 0.693978 0.267332 0.696078 0.270483 0.699580 0.270308 0.707516 0.265231 0.714753 0.255252 0.716853 0.247549 0.716853 0.237920 0.714286 0.227241 0.711018 0.219713 0.698179 0.203081 0.679505 0.188725 0.658030 0.177346 0.651494 0.175070 0.637255 0.171919 0.626284 0.171394 0.615546 0.172969 0.610878 0.174370 0.605275 0.177346 0.598739 0.182248 0.591737 0.192402 0.590570 0.198880 0.590103 0.203256 0.591503 0.210259
1 0.310458 0.237395 0.313025 0.242472 0.321662 0.254727 0.332400 0.263480 0.341970 0.268207 0.348039 0.270308 0.358543 0.271884 0.366947 0.271884 0.373716 0.271183 0.382820 0.269083 0.388655 0.266282 0.393091 0.263130 0.394958 0.259804 0.396825 0.251576 0.399860 0.245623 0.403828 0.239496 0.408497 0.234594 0.410131 0.231268 0.408730 0.216387 0.405229 0.203081 0.401727 0.197479 0.391457 0.185924 0.380719 0.177521 0.369748 0.173319 0.356209 0.170343 0.343137 0.169818 0.334500 0.171218 0.325397 0.174545 0.320495 0.177346 0.313025 0.183298 0.305789 0.193277 0.304388 0.196604 0.303688 0.202206 0.304155 0.219888 0.310458 0.237395
1 0.351774 0.319678 0.360878 0.332808 0.363912 0.342087 0.365546 0.351015 0.365780 0.366422 0.367880 0.368172 0.373483 0.370798 0.383287 0.373950 0.398226 0.376576 0.408497 0.376751 0.417600 0.375700 0.428805 0.372374 0.436041 0.369398 0.440710 0.366246 0.445378 0.359069 0.447012 0.351366 0.447012 0.344013 0.446078 0.339636 0.446545 0.333859 0.445378 0.324580 0.442344 0.321779 0.435341 0.319153 0.425537 0.314076 0.421335 0.311275 0.413632 0.303746 0.402894 0.285889 0.398459 0.275210 0.395425 0.271709 0.387722 0.270483 0.383053 0.270483 0.355742 0.273810 0.341503 0.286064 0.333800 0.299370 0.334267 0.304097 0.351774 0.319678
1 0.210317 0.267507 0.215453 0.276261 0.216853 0.281338 0.222222 0.291317 0.226891 0.307423 0.230159 0.323529 0.231793 0.338498 0.230626 0.351015 0.231326 0.360294 0.234127 0.362570 0.241130 0.365021 0.255369 0.365021 0.258637 0.363971 0.268908 0.362570 0.284080 0.356618 0.298319 0.348739 0.312792 0.335259 0.321895 0.319153 0.325163 0.307248 0.325163 0.285889 0.322829 0.275035 0.316993 0.258929 0.312092 0.251225 0.306956 0.246849 0.304855 0.243697 0.293184 0.235119 0.281046 0.232493 0.267740 0.231268 0.258403 0.231968 0.251401 0.233543 0.243231 0.236520 0.231326 0.243522 0.220822 0.250875 0.211718 0.261730 0.209851 0.265406 0.210317 0.267507
1 0.000000 0.282388 0.008170 0.282038 0.011905 0.281162 0.017507 0.269958 0.023109 0.262605 0.024510 0.258578 0.028245 0.254377 0.038049 0.246849 0.050187 0.242647 0.065593 0.241597 0.069561 0.240196 0.073296 0.231092 0.076564 0.214286 0.076564 0.202906 0.074463 0.189251 0.072362 0.185749 0.070261 0.178746 0.059757 0.163866 0.051354 0.157388 0.043417 0.153011 0.035714 0.150210 0.024043 0.148284 0.012138 0.148459 0.006069 0.149335 0.000000 0.150735 0.000000 0.282388
1 0.008870 0.317927 0.011438 0.327906 0.014006 0.333508 0.021008 0.344363 0.028245 0.353291 0.035247 0.360119 0.039916 0.363796 0.042717 0.364846 0.046685 0.368347 0.059290 0.373424 0.075630 0.375350 0.081466 0.376751 0.087768 0.376926 0.100840 0.371324 0.102474 0.369923 0.102708 0.366246 0.100607 0.359769 0.100373 0.355392 0.094538 0.342087 0.090803 0.327206 0.090103 0.319153 0.091270 0.303922 0.094071 0.291667 0.096172 0.286415 0.104809 0.271709 0.111345 0.263831 0.114146 0.262080 0.116013 0.258578 0.111578 0.254902 0.103641 0.250175 0.086368 0.244573 0.073763 0.242647 0.065359 0.242122 0.049953 0.243347 0.036648 0.249125 0.029178 0.255077 0.026611 0.258578 0.025677 0.262605 0.018207 0.271534 0.010271 0.289916 0.007470 0.304272 0.008870 0.317927
1 0.077031 0.203714 0.076331 0.219538 0.072129 0.237570 0.073529 0.240896 0.084734 0.243172 0.095472 0.246324 0.112045 0.254377 0.116246 0.257703 0.119281 0.257703 0.127684 0.253326 0.137255 0.249825 0.140523 0.249125 0.155462 0.249300 0.164332 0.248599 0.166667 0.248074 0.168067 0.246674 0.171802 0.245273 0.171569 0.237745 0.163165 0.222164 0.151261 0.209909 0.123016 0.189251 0.102241 0.181723 0.088702 0.178922 0.077264 0.178571 0.073996 0.179272 0.072362 0.181373 0.075630 0.191527 0.077031 0.203714
1 0.082866 0.177521 0.084967 0.178221 0.088702 0.178046 0.109244 0.183824 0.112745 0.185749 0.123950 0.189776 0.140756 0.202031 0.145658 0.204832 0.146825 0.206583 0.158322 0.215380 0.161298 0.220588 0.164799 0.219713 0.165733 0.206408 0.168768 0.197829 0.174603 0.188901 0.181606 0.182073 0.183473 0.178922 0.183007 0.172794 0.180205 0.164916 0.175770 0.159489 0.167600 0.152486 0.157330 0.147934 0.146592 0.145483 0.134454 0.145308 0.120915 0.147059 0.110411 0.150560 0.098273 0.156863 0.084967 0.167367 0.083333 0.169468 0.080065 0.175070 0.082866 0.177521
1 0.093137 0.335959 0.102007 0.358718 0.102474 0.362920 0.104809 0.368347 0.109711 0.385679 0.113212 0.402136 0.118581 0.418592 0.119981 0.421744 0.122782 0.424370 0.126517 0.421569 0.134921 0.406863 0.144491 0.399160 0.148926 0.396884 0.158497 0.393557 0.165500 0.392157 0.185574 0.392682 0.201447 0.397234 0.206349 0.400035 0.209617 0.398985 0.214052 0.394433 0.220822 0.384104 0.228758 0.362745 0.230626 0.345588 0.230392 0.333683 0.229692 0.324930 0.225724 0.307598 0.218721 0.286239 0.214753 0.277486 0.207283 0.265581 0.199813 0.259279 0.191877 0.254727 0.186041 0.252626 0.178805 0.250525 0.168768 0.249125 0.155462 0.250000 0.140523 0.249825 0.126984 0.254727 0.122082 0.257353 0.112278 0.264531 0.105275 0.272059 0.096639 0.286415 0.092204 0.300245 0.091036 0.308648 0.090570 0.322129 0.093137 0.335959
1 0.168301 0.227241 0.171335 0.231092 0.174837 0.242997 0.180672 0.249650 0.189309 0.252626 0.202848 0.259979 0.206816 0.263480 0.210317 0.263655 0.218721 0.252101 0.231326 0.242647 0.242997 0.235994 0.252568 0.232318 0.265873 0.230567 0.272876 0.230742 0.289916 0.234069 0.292250 0.231793 0.289916 0.223915 0.281979 0.211485 0.274043 0.203081 0.263772 0.194503 0.246965 0.184699 0.230626 0.179272 0.223856 0.178046 0.209617 0.176646 0.197012 0.177171 0.192810 0.177871 0.183940 0.181022 0.175303 0.189251 0.170868 0.196078 0.167600 0.202906 0.166433 0.209734 0.166667 0.223214 0.168301 0.227241
1 0.320495 0.689251 0.323063 0.691176 0.331466 0.701155 0.334967 0.709209 0.336601 0.710609 0.338469 0.714811 0.341036 0.717087 0.341970 0.721989 0.343137 0.717262 0.345472 0.715336 0.346639 0.709909 0.353641 0.697654 0.364613 0.683824 0.374183 0.674895 0.391923 0.662815 0.402661 0.657913 0.425770 0.652486 0.435574 0.650910 0.433473 0.650035 0.430672 0.647234 0.426471 0.645833 0.422035 0.643032 0.407796 0.640056 0.394958 0.640581 0.376517 0.644608 0.361811 0.650035 0.348739 0.657388 0.338469 0.664216 0.330766 0.671394 0.321195 0.682773 0.319328 0.685574 0.320495 0.689251
1 0.314659 0.333333 0.309991 0.339111 0.306022 0.341912 0.298319 0.349440 0.293651 0.352591 0.291317 0.355917 0.296685 0.357843 0.308590 0.366071 0.312792 0.370448 0.317460 0.378501 0.320728 0.381478 0.332866 0.382178 0.345238 0.381303 0.348973 0.380427 0.355742 0.376751 0.359477 0.373074 0.364146 0.366422 0.365079 0.354167 0.363679 0.342087 0.359944 0.331933 0.352474 0.320903 0.346639 0.314251 0.336835 0.306898 0.331232 0.303746 0.328198 0.302696 0.325630 0.303746 0.323296 0.317227 0.314659 0.333333
1 0.212418 0.404237 0.230159 0.417542 0.248133 0.436625 0.251634 0.436800 0.260271 0.429797 0.271942 0.423144 0.288282 0.416492 0.308824 0.410889 0.313959 0.410189 0.315826 0.409139 0.318394 0.404762 0.320728 0.397584 0.319561 0.384454 0.315359 0.375525 0.313025 0.373074 0.311158 0.369223 0.303455 0.362570 0.289916 0.355742 0.286648 0.356268 0.283847 0.357843 0.267040 0.363270 0.254202 0.365196 0.244631 0.365546 0.239963 0.365021 0.230859 0.361870 0.228291 0.365896 0.226657 0.373249 0.223623 0.380252 0.215219 0.394958 0.210317 0.400210 0.210084 0.401085 0.212418 0.404237
1 0.320962 0.409664 0.328198 0.409489 0.344304 0.412990 0.359244 0.418592 0.366947 0.424020 0.369981 0.427346 0.375350 0.434349 0.379085 0.441702 0.381419 0.450980 0.380952 0.464461 0.377684 0.474615 0.371382 0.488620 0.365313 0.496324 0.362979 0.500700 0.355742 0.504902 0.355042 0.508578 0.359244 0.508578 0.361111 0.506828 0.369748 0.502801 0.373249 0.499300 0.380019 0.495098 0.390056 0.475840 0.405462 0.459909 0.406863 0.454307 0.412465 0.443102 0.415033 0.435749 0.418768 0.419293 0.418768 0.410714 0.417134 0.404587 0.411998 0.397234 0.401027 0.389356 0.395892 0.386730 0.387021 0.383578 0.376751 0.381828 0.372549 0.381828 0.363212 0.383754 0.359010 0.383929 0.346639 0.386555 0.341036 0.388655 0.324697 0.397934 0.319561 0.404237 0.318394 0.407913 0.320962 0.409664
1 0.000000 0.492647 0.002334 0.495623 0.003268 0.498950 0.013539 0.513305 0.030579 0.526261 0.037582 0.530462 0.043651 0.532738 0.049720 0.532913 0.059290 0.531162 0.075864 0.529762 0.084500 0.530287 0.088002 0.529587 0.102007 0.521884 0.109010 0.515406 0.112745 0.513305 0.123950 0.499650 0.125817 0.495273 0.126050 0.491246 0.121382 0.477591 0.119048 0.463454 0.119748 0.445378 0.122316 0.432248 0.116947 0.418592 0.114146 0.414916 0.111345 0.402311 0.108077 0.397234 0.101074 0.389881 0.088936 0.380602 0.081699 0.377801 0.050420 0.373424 0.038749 0.373775 0.030345 0.375000 0.009570 0.382528 0.002568 0.388130 0.000000 0.388831 0.000000 0.492647
1 0.000000 0.970413 0.005836 0.970763 0.029879 0.969713 0.040383 0.968487 0.046452 0.966036 0.051120 0.962885 0.060691 0.959559 0.074230 0.952031 0.099907 0.931197 0.113679 0.915266 0.120448 0.904937 0.130252 0.884454 0.130952 0.880952 0.130019 0.878501 0.114379 0.882528 0.104575 0.882878 0.100607 0.882353 0.090570 0.879202 0.074463 0.870448 0.070495 0.869573 0.069561 0.868172 0.064426 0.866071 0.054855 0.858718 0.049020 0.851891 0.038982 0.845238 0.033847 0.838936 0.024977 0.831583 0.014006 0.816702 0.011905 0.811975 0.008403 0.811450 0.007470 0.812500 0.001867 0.821429 0.000000 0.821779 0.000000 0.970413
1 0.332633 0.798669 0.352007 0.798319 0.353875 0.796919 0.349673 0.775560 0.346872 0.767332 0.345472 0.755952 0.341970 0.752976 0.335901 0.781162 0.330999 0.793943 0.330766 0.797269 0.332633 0.798669
1 0.000000 0.566527 0.001634 0.566527 0.010504 0.556548 0.019316 0.549414 0.036881 0.538515 0.043417 0.536415 0.041083 0.532913 0.026611 0.524160 0.015640 0.515406 0.012372 0.514181 0.008637 0.515056 0.001634 0.519083 0.000000 0.519083 0.000000 0.566527
1 0.411298 0.227766 0.413866 0.228641 0.414799 0.228641 0.421569 0.223739 0.438842 0.218312 0.447246 0.217087 0.457750 0.216737 0.465920 0.217437 0.473623 0.219013 0.475724 0.219013 0.477124 0.217962 0.475957 0.216036 0.469655 0.212710 0.465686 0.211485 0.463585 0.209909 0.453548 0.206232 0.443044 0.205007 0.425070 0.206057 0.422035 0.207108 0.418301 0.206758 0.414332 0.209209 0.410831 0.213936 0.410131 0.220938 0.411298 0.227766
1 0.000000 0.816352 0.001634 0.816352 0.002334 0.813375 0.005602 0.808824 0.008870 0.800595 0.007470 0.779014 0.009570 0.765056 0.017507 0.746499 0.022876 0.737745 0.019841 0.734244 0.011438 0.732318 0.001634 0.725490 0.000000 0.725490 0.000000 0.816352