1 0.175537 0.000000 0.175303 0.001751 0.155462 0.007353 0.137021 0.015756 0.126517 0.023985 0.122316 0.026085 0.117180 0.034139 0.114846 0.040441 0.113912 0.043067 0.114146 0.046218 0.116947 0.057073 0.124183 0.069153 0.133520 0.081933 0.142624 0.091387 0.147059 0.097514 0.158730 0.107143 0.161064 0.110819 0.163632 0.113095 0.176471 0.123249 0.182073 0.126401 0.191332 0.133170 0.206583 0.145833 0.209851 0.146884 0.213119 0.149335 0.221289 0.156688 0.248133 0.163866 0.250934 0.165616 0.255369 0.167017 0.269608 0.174895 0.279412 0.182073 0.286415 0.185574 0.290383 0.186800 0.300654 0.187850 0.307190 0.189776 0.320028 0.191352 0.345938 0.192052 0.369514 0.189776 0.373016 0.189951 0.383053 0.187325 0.389823 0.186800 0.396359 0.184524 0.401027 0.183999 0.403828 0.181548 0.408030 0.180847 0.415500 0.175945 0.428805 0.162465 0.435341 0.148109 0.437908 0.145833 0.439542 0.137430 0.444211 0.130077 0.442110 0.127276 0.441410 0.123950 0.441410 0.112395 0.439776 0.105917 0.436741 0.098739 0.427871 0.085084 0.421802 0.077206 0.418067 0.074405 0.415266 0.070553 0.403828 0.059524 0.374650 0.038515 0.369748 0.036415 0.367647 0.034489 0.350373 0.024160 0.321662 0.011029 0.304155 0.005602 0.292717 0.000000 0.175537 0.000000
1 0.018441 0.095413 0.014239 0.098564 0.011671 0.102066 0.008637 0.101541 0.007703 0.102416 0.012605 0.103116 0.014472 0.104867 0.020775 0.107843 0.029412 0.116071 0.033847 0.118172 0.038049 0.121499 0.073996 0.152486 0.092904 0.173494 0.100840 0.184699 0.112745 0.204657 0.116246 0.208158 0.126751 0.198880 0.138655 0.189776 0.141223 0.181373 0.144024 0.178221 0.147526 0.176120 0.154295 0.174370 0.157796 0.174545 0.165033 0.172794 0.170168 0.169118 0.183707 0.162640 0.196312 0.159314 0.199580 0.159314 0.204015 0.158263 0.206349 0.153711 0.206583 0.147409 0.203081 0.143732 0.172502 0.121499 0.157096 0.108018 0.147526 0.098739 0.131186 0.080182 0.122316 0.067927 0.115079 0.053746 0.112745 0.047094 0.112045 0.039916 0.115780 0.032913 0.115079 0.029587 0.108077 0.028711 0.095472 0.030287 0.081466 0.035714 0.060458 0.048669 0.045985 0.062150 0.032913 0.078957 0.018441 0.095413
1 0.000000 0.302346 0.027778 0.311975 0.040149 0.315126 0.046919 0.316702 0.060458 0.318452 0.064192 0.318277 0.074930 0.315651 0.077731 0.313901 0.078431 0.310749 0.076564 0.304097 0.077264 0.285714 0.084034 0.258053 0.091270 0.242822 0.099673 0.230042 0.105742 0.223214 0.110411 0.216387 0.112278 0.213410 0.113212 0.209209 0.106209 0.195203 0.092670 0.174195 0.081232 0.160714 0.071195 0.150560 0.041550 0.125700 0.022176 0.110994 0.018908 0.107318 0.014006 0.106268 0.010738 0.102241 0.003268 0.099965 0.001634 0.098564 0.000000 0.098564 0.000000 0.302346
0 0.080999 0.316877 0.081232 0.321254 0.088002 0.334909 0.093604 0.348915 0.105042 0.363796 0.116480 0.372374 0.126050 0.380777 0.135854 0.387255 0.145191 0.392157 0.147526 0.394083 0.167367 0.401611 0.175070 0.403011 0.202381 0.404062 0.206583 0.404062 0.209384 0.403186 0.214519 0.403361 0.224090 0.401611 0.242530 0.395308 0.251167 0.390231 0.257003 0.388480 0.269608 0.381828 0.286881 0.366422 0.299953 0.346989 0.305789 0.332983 0.309524 0.317227 0.313492 0.307248 0.315593 0.290616 0.317460 0.285539 0.315826 0.280287 0.315359 0.265056 0.312558 0.240896 0.309757 0.230567 0.304388 0.217787 0.296218 0.203081 0.289449 0.194678 0.286181 0.192052 0.284314 0.188725 0.278711 0.184524 0.276144 0.181548 0.263072 0.172444 0.249767 0.165966 0.234360 0.161765 0.230626 0.161590 0.220588 0.158964 0.206116 0.159839 0.202848 0.161064 0.192577 0.161940 0.185107 0.164041 0.175070 0.168242 0.163165 0.174895 0.158263 0.179272 0.154762 0.180672 0.122782 0.203081 0.111111 0.216912 0.091503 0.244223 0.087768 0.251751 0.082866 0.265231 0.077264 0.291141 0.077498 0.304097 0.080999 0.316877
1 0.000000 0.462360 0.005135 0.462710 0.014006 0.464986 0.022409 0.466036 0.025910 0.461835 0.031279 0.444153 0.034080 0.438375 0.045285 0.420518 0.050654 0.414041 0.064659 0.400560 0.080766 0.388831 0.088702 0.384279 0.089402 0.380252 0.086601 0.369573 0.082633 0.360819 0.068161 0.341737 0.060691 0.333859 0.053066 0.329715 0.040850 0.317927 0.035948 0.316352 0.032913 0.314076 0.023810 0.312150 0.014939 0.308999 0.011905 0.307073 0.001867 0.304972 0.000000 0.304972 0.000000 0.462360
1 0.000000 0.587710 0.002101 0.587535 0.034080 0.571954 0.041317 0.567402 0.043417 0.564251 0.042250 0.560574 0.035714 0.550945 0.031046 0.541492 0.023576 0.522584 0.021475 0.504552 0.021709 0.487745 0.023109 0.475665 0.022409 0.469538 0.019374 0.467087 0.015406 0.467262 0.010037 0.466387 0.001634 0.463936 0.000000 0.463936 0.000000 0.587710
1 0.023343 0.518732 0.031279 0.539741 0.035247 0.548144 0.044585 0.562325 0.061858 0.578606 0.077965 0.588410 0.088469 0.591562 0.102241 0.594013 0.140523 0.594713 0.152428 0.592787 0.163632 0.589461 0.186041 0.576331 0.200747 0.561975 0.208217 0.550770 0.214519 0.537815 0.218487 0.522409 0.220121 0.508754 0.220121 0.490196 0.219188 0.480742 0.217087 0.470763 0.211718 0.425245 0.208683 0.416842 0.203782 0.407213 0.199580 0.404587 0.176937 0.404062 0.169935 0.403186 0.164099 0.401611 0.143791 0.393207 0.133287 0.387080 0.119748 0.377101 0.116246 0.375700 0.112512 0.376050 0.095238 0.380952 0.088002 0.386204 0.079832 0.390581 0.063725 0.402311 0.059057 0.407738 0.053688 0.411415 0.047852 0.418067 0.036181 0.435749 0.032213 0.445553 0.027077 0.459909 0.022642 0.485994 0.022176 0.505252 0.023343 0.518732
1 0.000000 0.663866 0.019841 0.660364 0.030112 0.658088 0.032913 0.656688 0.043417 0.655637 0.060691 0.652486 0.100607 0.650735 0.109477 0.650910 0.122782 0.652311 0.141690 0.656863 0.150794 0.660014 0.157796 0.659839 0.181139 0.651261 0.207516 0.639356 0.220121 0.630077 0.220822 0.627626 0.219421 0.612220 0.219655 0.600840 0.220588 0.598214 0.220121 0.575630 0.221989 0.567577 0.227358 0.553746 0.226190 0.550770 0.221522 0.546218 0.220355 0.543242 0.218954 0.544993 0.215686 0.545868 0.211718 0.548845 0.198179 0.565826 0.186975 0.576155 0.179038 0.582283 0.161765 0.590511 0.147059 0.594538 0.137488 0.595413 0.109711 0.594888 0.098739 0.594363 0.095005 0.593137 0.091970 0.593137 0.080299 0.589636 0.066527 0.582983 0.055322 0.574930 0.051821 0.571078 0.047386 0.568803 0.043417 0.568978 0.038982 0.570378 0.031746 0.574755 0.023810 0.577906 0.020075 0.580357 0.000000 0.588936 0.000000 0.663866
1 0.000000 0.784489 0.011438 0.786765 0.018674 0.787465 0.054388 0.786064 0.073296 0.784664 0.096405 0.780287 0.121382 0.772584 0.138655 0.764881 0.157563 0.753852 0.172969 0.741246 0.177404 0.735994 0.183940 0.724790 0.186275 0.713761 0.184874 0.703256 0.182773 0.695553 0.179972 0.688901 0.169701 0.675245 0.157796 0.665966 0.149393 0.661239 0.128852 0.654587 0.109244 0.651961 0.098273 0.651611 0.076564 0.652311 0.060458 0.653711 0.036181 0.657563 0.015640 0.662990 0.008403 0.663690 0.001634 0.666492 0.000000 0.666492 0.000000 0.784489
1 0.056723 0.845588 0.062092 0.859069 0.068161 0.883053 0.070962 0.888655 0.074930 0.892857 0.077965 0.899160 0.081466 0.903711 0.084967 0.905637 0.088702 0.904937 0.091036 0.906162 0.094538 0.906513 0.102474 0.911765 0.126751 0.917717 0.155929 0.921394 0.165266 0.920343 0.167834 0.920868 0.175537 0.920518 0.181606 0.919118 0.200047 0.917367 0.220121 0.911765 0.227358 0.910714 0.235528 0.907563 0.241130 0.906513 0.249533 0.903536 0.254669 0.900210 0.263772 0.896183 0.270308 0.892332 0.284080 0.882878 0.289916 0.877976 0.293884 0.876050 0.334734 0.844538 0.343604 0.839111 0.348039 0.831933 0.355742 0.808824 0.369514 0.781513 0.380019 0.767682 0.383754 0.761380 0.394958 0.748424 0.397526 0.741246 0.390056 0.734944 0.380252 0.728466 0.373716 0.726541 0.369281 0.723915 0.363912 0.723389 0.352241 0.719538 0.343137 0.718838 0.338469 0.716562 0.334967 0.716737 0.331699 0.715336 0.322362 0.714111 0.317227 0.711485 0.297619 0.707633 0.288282 0.707458 0.268674 0.709734 0.231092 0.719888 0.204015 0.729517 0.195378 0.733718 0.177171 0.739671 0.170401 0.744573 0.161765 0.752626 0.132586 0.769433 0.117414 0.775560 0.104809 0.779412 0.098973 0.782213 0.082866 0.793417 0.068861 0.807073 0.062558 0.816877 0.058123 0.828431 0.056022 0.838585 0.056723 0.845588
0 0.341970 0.887605 0.345705 0.890056 0.346172 0.911239 0.349206 0.921043 0.352941 0.928746 0.355742 0.933473 0.358777 0.936625 0.362512 0.943627 0.369281 0.950630 0.383754 0.963410 0.397526 0.968838 0.407796 0.971814 0.421802 0.968838 0.425537 0.966912 0.435341 0.964636 0.439542 0.961660 0.449813 0.957458 0.460551 0.950805 0.474556 0.939776 0.480392 0.936099 0.495565 0.922619 0.499066 0.918242 0.510037 0.908263 0.516573 0.899335 0.520308 0.896008 0.551120 0.861345 0.569795 0.835259 0.578665 0.814251 0.581466 0.803746 0.580766 0.801120 0.583333 0.786590 0.583333 0.778711 0.582166 0.764881 0.578198 0.745973 0.575630 0.737745 0.569795 0.727241 0.568861 0.723739 0.566293 0.720938 0.560458 0.710784 0.551587 0.702556 0.542951 0.698529 0.539683 0.695728 0.536415 0.694853 0.525910 0.688550 0.512372 0.684524 0.501167 0.685224 0.489029 0.687325 0.480859 0.687325 0.457750 0.690651 0.453081 0.692577 0.441877 0.699755 0.429739 0.709909 0.415500 0.726366 0.409897 0.730742 0.408030 0.734069 0.388422 0.758403 0.387488 0.762080 0.383520 0.764706 0.380952 0.770308 0.376751 0.774685 0.369514 0.785189 0.361811 0.800245 0.347339 0.838410 0.341737 0.862745 0.340336 0.869923 0.341970 0.887605
1 0.245098 0.979867 0.245098 0.987745 0.242063 0.994748 0.243697 0.997024 0.243931 0.999825 0.469655 0.999825 0.469655 0.998249 0.472923 0.996148 0.479225 0.989671 0.493464 0.977416 0.496032 0.973915 0.500700 0.970588 0.507470 0.963761 0.508870 0.960609 0.513305 0.956933 0.516807 0.950980 0.526377 0.938901 0.532913 0.927346 0.534080 0.922969 0.534080 0.914741 0.527544 0.903011 0.524043 0.901085 0.522409 0.898109 0.521942 0.899160 0.515173 0.903887 0.512838 0.907913 0.501167 0.918242 0.497666 0.923845 0.494865 0.925245 0.492997 0.929972 0.492764 0.932248 0.493697 0.933298 0.486461 0.936450 0.484127 0.936099 0.480859 0.937150 0.477591 0.939076 0.475724 0.942577 0.469888 0.946429 0.440476 0.962885 0.428805 0.967087 0.426704 0.968662 0.421335 0.970763 0.414799 0.971639 0.404295 0.971639 0.390523 0.966737 0.382120 0.962185 0.365546 0.948004 0.357143 0.938200 0.353408 0.932073 0.345238 0.914216 0.341270 0.896884 0.339869 0.880077 0.337535 0.877276 0.334967 0.876576 0.331232 0.876751 0.316993 0.882703 0.304155 0.890406 0.292484 0.898810 0.285948 0.902311 0.271475 0.913866 0.258403 0.927521 0.250233 0.938901 0.246732 0.948179 0.243931 0.953081 0.242997 0.961835 0.242997 0.971464 0.245098 0.979867
1 0.170635 0.674370 0.181139 0.688901 0.183940 0.695203 0.187208 0.709559 0.187208 0.715686 0.185107 0.724965 0.183707 0.728291 0.179038 0.734069 0.178805 0.737745 0.182306 0.737745 0.192577 0.734244 0.219421 0.722864 0.262138 0.710434 0.283613 0.706933 0.288282 0.705532 0.290383 0.703957 0.293884 0.698529 0.301120 0.682423 0.302521 0.675070 0.299720 0.672794 0.294118 0.671394 0.283847 0.670518 0.279412 0.669293 0.272409 0.669118 0.258170 0.663165 0.255135 0.660889 0.249066 0.659139 0.244631 0.656513 0.229225 0.643207 0.227358 0.640581 0.224323 0.639881 0.213352 0.641457 0.199113 0.644958 0.158263 0.661415 0.158030 0.664916 0.170635 0.674370
1 0.293651 0.705707 0.309757 0.708683 0.313959 0.710434 0.318627 0.710784 0.328431 0.713936 0.341970 0.716036 0.345705 0.717437 0.352241 0.718312 0.371849 0.723389 0.380486 0.726366 0.397526 0.738796 0.401027 0.738445 0.404528 0.735644 0.408964 0.730042 0.415500 0.723915 0.432540 0.705182 0.442577 0.697829 0.446545 0.696254 0.451681 0.692577 0.450280 0.689076 0.431606 0.686099 0.421569 0.685574 0.411064 0.683999 0.400560 0.681548 0.380019 0.674895 0.352941 0.670868 0.346405 0.668242 0.338235 0.666141 0.331232 0.666492 0.319795 0.670518 0.315126 0.672969 0.308824 0.679622 0.303455 0.682073 0.292017 0.702906 0.293651 0.705707
1 0.221989 0.625875 0.226424 0.637955 0.230626 0.643557 0.237628 0.650735 0.249300 0.659139 0.274043 0.668592 0.282913 0.668943 0.299953 0.671394 0.307190 0.670868 0.324463 0.667717 0.330065 0.664741 0.328431 0.661415 0.321895 0.659664 0.309524 0.654937 0.293884 0.648634 0.289916 0.646359 0.278245 0.642157 0.257003 0.630952 0.235528 0.615021 0.225724 0.603817 0.223856 0.600315 0.221289 0.601716 0.220355 0.605567 0.220121 0.612745 0.221989 0.625875
0 0.221289 0.588410 0.222923 0.597864 0.227824 0.605567 0.240663 0.619398 0.247666 0.623074 0.249767 0.625525 0.257003 0.630952 0.269141 0.636905 0.274043 0.640406 0.287115 0.645658 0.298319 0.649160 0.306956 0.653887 0.323996 0.660539 0.329832 0.661239 0.355275 0.670518 0.362979 0.671043 0.382120 0.675070 0.397759 0.680672 0.405229 0.682073 0.409664 0.683648 0.432540 0.684874 0.442577 0.687325 0.457283 0.688025 0.477358 0.686800 0.505369 0.682773 0.512138 0.681197 0.521709 0.676120 0.527311 0.675245 0.532913 0.672969 0.537348 0.669818 0.545051 0.667367 0.561625 0.653011 0.570962 0.640231 0.572596 0.633929 0.572829 0.627101 0.571429 0.619923 0.567694 0.612395 0.562558 0.609069 0.560458 0.605917 0.545752 0.595413 0.539683 0.590161 0.515406 0.575980 0.463119 0.542892 0.455649 0.540091 0.443277 0.531863 0.431606 0.526786 0.407796 0.519433 0.394024 0.516457 0.366246 0.513305 0.324697 0.513305 0.310224 0.514881 0.293184 0.518207 0.282913 0.521709 0.273343 0.523985 0.262138 0.528887 0.248133 0.536415 0.240430 0.542542 0.229692 0.553746 0.222222 0.572129 0.221055 0.577731 0.221289 0.588410
1 0.354575 0.466737 0.357143 0.469188 0.359944 0.473915 0.395191 0.501401 0.402194 0.505952 0.414799 0.511380 0.417600 0.513655 0.435574 0.521183 0.466153 0.526261 0.470822 0.526085 0.473856 0.527311 0.540149 0.519958 0.560691 0.514181 0.574697 0.505777 0.582633 0.499650 0.600607 0.480917 0.597339 0.478291 0.596405 0.476366 0.596639 0.472164 0.599907 0.470588 0.599673 0.463235 0.594771 0.458158 0.594304 0.453081 0.589402 0.443277 0.581466 0.434349 0.567927 0.424195 0.559524 0.421569 0.554855 0.415966 0.540383 0.410014 0.521942 0.410539 0.506069 0.407738 0.497899 0.404762 0.479925 0.399860 0.477124 0.398284 0.466620 0.394958 0.457049 0.389706 0.449813 0.388130 0.445145 0.388655 0.435107 0.388130 0.409897 0.390581 0.386788 0.396884 0.382353 0.399860 0.377918 0.404412 0.374883 0.414916 0.372782 0.418242 0.361111 0.446604 0.355742 0.454832 0.353641 0.460084 0.353408 0.463761 0.354575 0.466737
1 0.211951 0.421218 0.213119 0.426646 0.221755 0.492122 0.223623 0.496324 0.235994 0.505427 0.240663 0.507703 0.247666 0.510154 0.254669 0.510854 0.265640 0.511029 0.277077 0.509279 0.289916 0.506478 0.303688 0.500350 0.321195 0.487045 0.323996 0.485994 0.328898 0.481618 0.331466 0.480392 0.334967 0.476541 0.340803 0.471989 0.349907 0.461310 0.360644 0.443102 0.366246 0.430672 0.373249 0.412815 0.380252 0.390581 0.383053 0.367822 0.381186 0.334909 0.366480 0.308473 0.356443 0.297269 0.351774 0.294293 0.341503 0.290091 0.321195 0.285014 0.318394 0.285889 0.317227 0.287815 0.316060 0.297094 0.316993 0.301296 0.319795 0.303922 0.316293 0.305147 0.314192 0.307598 0.311625 0.314076 0.306489 0.334734 0.301120 0.346289 0.293651 0.359244 0.287115 0.367122 0.278011 0.375525 0.261671 0.387430 0.234360 0.399335 0.221755 0.402836 0.209851 0.404062 0.207049 0.405987 0.205882 0.407913 0.211951 0.421218
0 0.351074 0.264006 0.354575 0.282738 0.359010 0.296394 0.371849 0.311975 0.377918 0.324580 0.380486 0.327206 0.386555 0.337185 0.391690 0.341036 0.400794 0.351541 0.414099 0.362395 0.423669 0.368172 0.436975 0.377801 0.448880 0.384454 0.472456 0.395658 0.489963 0.401786 0.508870 0.407388 0.525677 0.409489 0.533380 0.409139 0.542951 0.407388 0.548086 0.405287 0.556956 0.398284 0.560458 0.397234 0.570028 0.396884 0.573996 0.396008 0.578431 0.394258 0.587068 0.388480 0.596405 0.377451 0.604342 0.359244 0.606676 0.341036 0.606676 0.326155 0.601074 0.300595 0.592670 0.283964 0.581699 0.268908 0.564192 0.250525 0.557656 0.247024 0.554622 0.243873 0.542717 0.235819 0.535948 0.233193 0.532680 0.230917 0.511905 0.223389 0.458450 0.207458 0.447012 0.205532 0.431373 0.203957 0.424136 0.203957 0.419468 0.202906 0.410364 0.203081 0.389589 0.204482 0.383754 0.205532 0.375117 0.208683 0.371148 0.212010 0.363679 0.216036 0.359010 0.220413 0.355509 0.226366 0.350373 0.237570 0.349673 0.242472 0.349440 0.251576 0.351074 0.264006
1 0.467320 0.545343 0.484127 0.554097 0.494398 0.562325 0.507003 0.569503 0.508637 0.571078 0.513305 0.573179 0.515640 0.575280 0.540149 0.590161 0.560458 0.605217 0.563959 0.609244 0.566293 0.610644 0.570028 0.615371 0.573296 0.622374 0.573763 0.627276 0.574930 0.629727 0.572362 0.640406 0.569561 0.644608 0.557890 0.657738 0.553922 0.659314 0.550187 0.659839 0.548086 0.661415 0.547619 0.665266 0.544818 0.668417 0.549953 0.670518 0.555089 0.670693 0.561858 0.672444 0.566527 0.672969 0.574230 0.672444 0.583567 0.667367 0.588936 0.666141 0.591503 0.664041 0.595238 0.663515 0.598506 0.661765 0.614613 0.656513 0.629785 0.653361 0.644024 0.652836 0.651261 0.651611 0.654762 0.650735 0.657563 0.648810 0.660364 0.644083 0.660598 0.641807 0.665266 0.634104 0.666667 0.627276 0.666900 0.617997 0.666433 0.612920 0.664332 0.606618 0.661531 0.602766 0.658030 0.592437 0.654295 0.587360 0.653128 0.583683 0.637021 0.565126 0.633754 0.563725 0.625117 0.556197 0.620915 0.554097 0.616947 0.550595 0.591737 0.535714 0.581232 0.530462 0.563492 0.524335 0.560691 0.522409 0.553455 0.520133 0.549720 0.519783 0.533613 0.522234 0.502101 0.525385 0.495098 0.526786 0.490896 0.526611 0.481092 0.527836 0.476891 0.530112 0.470121 0.535539 0.466853 0.539741 0.465686 0.543417 0.467320 0.545343
1 0.546919 0.698529 0.551587 0.701506 0.558357 0.707458 0.561858 0.711660 0.568627 0.722164 0.576564 0.737220 0.580999 0.751751 0.584500 0.775035 0.584734 0.782563 0.582633 0.800245 0.584267 0.804097 0.587535 0.804797 0.609244 0.798494 0.612979 0.796218 0.623249 0.793242 0.647993 0.783613 0.662698 0.776961 0.688142 0.763831 0.695378 0.757353 0.716387 0.742122 0.722222 0.736870 0.730626 0.723915 0.735061 0.720588 0.741597 0.709734 0.744164 0.696078 0.742063 0.684174 0.735528 0.672794 0.725257 0.661064 0.718487 0.657213 0.707516 0.653186 0.693044 0.650910 0.676471 0.650385 0.657563 0.651261 0.648693 0.653186 0.630719 0.654412 0.622082 0.655987 0.616246 0.658613 0.612745 0.658613 0.605976 0.660189 0.591737 0.665616 0.588936 0.667367 0.584967 0.668417 0.576564 0.672619 0.567927 0.675245 0.560924 0.680672 0.550420 0.685924 0.541550 0.692752 0.541317 0.696254 0.546919 0.698529
1 0.593137 0.824580 0.608543 0.840511 0.615546 0.843137 0.619981 0.846989 0.626751 0.849440 0.637021 0.854692 0.640289 0.855042 0.643791 0.856443 0.657330 0.858193 0.682073 0.859594 0.699346 0.855742 0.714286 0.848739 0.726657 0.838585 0.734594 0.829132 0.742063 0.817052 0.744865 0.805147 0.745098 0.796569 0.743931 0.786239 0.739729 0.772409 0.732960 0.758754 0.721755 0.742822 0.720355 0.741772 0.717087 0.742647 0.708683 0.748249 0.700980 0.755602 0.691410 0.762255 0.663866 0.776786 0.650794 0.782738 0.640289 0.786239 0.610177 0.798845 0.594771 0.803746 0.591503 0.807073 0.589636 0.813025 0.590803 0.820203 0.593137 0.824580
1 0.497899 0.980742 0.501634 0.983368 0.508870 0.985644 0.525677 0.987745 0.559290 0.990896 0.575864 0.990021 0.598273 0.985119 0.609711 0.980917 0.616246 0.977591 0.619748 0.977066 0.627218 0.973564 0.640056 0.969713 0.654762 0.963936 0.672269 0.958683 0.677171 0.956057 0.684641 0.953782 0.692110 0.950280 0.697012 0.946604 0.702848 0.943803 0.707750 0.940126 0.710317 0.936625 0.712885 0.928922 0.711951 0.917892 0.707049 0.904412 0.701914 0.896534 0.687908 0.883754 0.664332 0.869748 0.643557 0.862570 0.630486 0.860294 0.623249 0.859769 0.619748 0.858718 0.588235 0.855392 0.584734 0.857318 0.581933 0.861345 0.580299 0.866246 0.571662 0.881828 0.561158 0.895483 0.556723 0.900385 0.551120 0.904412 0.547619 0.908263 0.541783 0.911239 0.537582 0.915091 0.533613 0.929272 0.526611 0.939251 0.519608 0.951331 0.503035 0.970238 0.498133 0.973915 0.496032 0.977591 0.497899 0.980742
1 0.524043 0.897409 0.531979 0.907913 0.536415 0.915441 0.547386 0.907563 0.560924 0.894783 0.571429 0.881303 0.578198 0.868873 0.584734 0.852591 0.587535 0.833859 0.587535 0.822304 0.584967 0.808648 0.581466 0.809174 0.579365 0.816352 0.573763 0.828081 0.573063 0.831408 0.562792 0.847164 0.552754 0.860294 0.525910 0.891106 0.524043 0.894083 0.524043 0.897409
1 0.553688 0.414741 0.563492 0.422794 0.571662 0.426120 0.576797 0.429972 0.582400 0.434874 0.588702 0.442227 0.593137 0.449755 0.595238 0.456583 0.593137 0.466912 0.595705 0.470238 0.596172 0.475140 0.598973 0.477766 0.602941 0.484244 0.603175 0.487920 0.602241 0.489146 0.598506 0.489846 0.597106 0.489496 0.595472 0.487570 0.591970 0.488796 0.588469 0.491947 0.585668 0.497199 0.577031 0.505077 0.576331 0.507003 0.568161 0.512080 0.574230 0.513831 0.578431 0.513655 0.582866 0.515406 0.589169 0.515756 0.616246 0.511029 0.627218 0.505602 0.637955 0.498950 0.639823 0.494923 0.644725 0.490546 0.650327 0.477416 0.651494 0.458333 0.649393 0.442402 0.644024 0.425595 0.638655 0.418242 0.637722 0.414916 0.632820 0.411064 0.623950 0.408613 0.611578 0.403186 0.597806 0.396008 0.595005 0.393732 0.588469 0.390756 0.584267 0.392157 0.576097 0.397409 0.574463 0.399685 0.570962 0.400910 0.575864 0.404762 0.576331 0.407913 0.574697 0.409139 0.570962 0.408263 0.567694 0.408438 0.564426 0.406863 0.556723 0.406338 0.553922 0.405462 0.550187 0.406863 0.548786 0.408438 0.553688 0.414741
1 0.649860 0.546919 0.654295 0.555672 0.657796 0.560399 0.661298 0.573004 0.665266 0.574930 0.666200 0.576331 0.668768 0.576856 0.678571 0.574405 0.683240 0.574580 0.685341 0.573704 0.688842 0.574580 0.692577 0.573529 0.706816 0.573880 0.718954 0.576856 0.730859 0.581758 0.758637 0.596639 0.761905 0.595588 0.772176 0.594363 0.783380 0.590686 0.800187 0.582808 0.811391 0.574930 0.818861 0.567927 0.826564 0.557248 0.829832 0.550245 0.832166 0.540441 0.828898 0.525910 0.822129 0.518732 0.817460 0.515231 0.812325 0.513130 0.807190 0.509804 0.796685 0.506828 0.780112 0.504202 0.756069 0.502626 0.726190 0.503151 0.703315 0.505952 0.700047 0.507178 0.692810 0.508403 0.667134 0.517857 0.664099 0.519608 0.656162 0.527136 0.650794 0.536239 0.649627 0.542017 0.649860 0.546919
1 0.629785 0.559699 0.641690 0.570553 0.650794 0.580882 0.654295 0.582458 0.656162 0.578431 0.657096 0.569853 0.654995 0.559524 0.651261 0.553046 0.642624 0.546569 0.636555 0.543067 0.632820 0.543417 0.622316 0.550420 0.621615 0.553746 0.629785 0.559699
1 0.782213 0.624300 0.785481 0.636730 0.784781 0.650210 0.782913 0.658438 0.778245 0.669118 0.765406 0.685399 0.763305 0.689251 0.763772 0.696078 0.766106 0.706057 0.769841 0.717087 0.771709 0.721989 0.780345 0.736169 0.791783 0.749825 0.799486 0.755252 0.813725 0.768732 0.835201 0.781863 0.848973 0.787290 0.859244 0.789566 0.866246 0.792192 0.873716 0.793592 0.876050 0.794993 0.876751 0.796919 0.881653 0.795868 0.887488 0.796744 0.890990 0.796744 0.893791 0.795518 0.901261 0.795868 0.907796 0.794993 0.914566 0.792542 0.921802 0.787465 0.928571 0.780637 0.935574 0.776961 0.938842 0.772234 0.940243 0.768557 0.941176 0.763480 0.940710 0.758578 0.936741 0.748249 0.936275 0.744748 0.918067 0.722164 0.908730 0.706232 0.907796 0.703081 0.899160 0.687150 0.877451 0.654237 0.872082 0.648459 0.861111 0.639006 0.855509 0.635329 0.852941 0.632353 0.834967 0.621849 0.827264 0.619398 0.825397 0.618172 0.810691 0.614671 0.797386 0.613445 0.782913 0.614496 0.778478 0.616246 0.778711 0.619923 0.782213 0.624300
1 0.667600 0.614496 0.668067 0.618522 0.667600 0.630427 0.664566 0.638831 0.659430 0.647234 0.660131 0.649160 0.661298 0.649860 0.679038 0.649685 0.698880 0.650910 0.713585 0.654587 0.719888 0.657388 0.728992 0.663515 0.739963 0.677871 0.743697 0.684174 0.745331 0.693978 0.747899 0.695028 0.750233 0.694328 0.762138 0.685749 0.768674 0.679097 0.778945 0.664916 0.782913 0.654587 0.784547 0.645308 0.784314 0.636204 0.781513 0.626576 0.776377 0.616071 0.768674 0.608193 0.747666 0.591211 0.728291 0.581057 0.718721 0.577381 0.702614 0.574405 0.690710 0.574405 0.681373 0.575280 0.671102 0.577556 0.665266 0.580707 0.661298 0.581583 0.655929 0.584734 0.656629 0.588235 0.667600 0.614496
1 0.739963 0.770658 0.744631 0.786415 0.745798 0.796919 0.745565 0.805672 0.742297 0.817927 0.738562 0.824580 0.735761 0.827906 0.733894 0.831933 0.726891 0.839636 0.723623 0.841912 0.718954 0.848739 0.722689 0.862745 0.723856 0.865196 0.726657 0.866947 0.753035 0.866422 0.768674 0.864671 0.783613 0.864146 0.807190 0.859769 0.824230 0.855742 0.830299 0.852066 0.838235 0.850140 0.842204 0.846639 0.847572 0.843838 0.855976 0.837535 0.868814 0.824755 0.878151 0.812150 0.880719 0.804272 0.880719 0.799020 0.878618 0.795868 0.867647 0.792192 0.858777 0.790616 0.847806 0.787465 0.841737 0.785189 0.834034 0.781863 0.803922 0.765406 0.760037 0.761204 0.752101 0.759804 0.741830 0.759804 0.737628 0.761555 0.736695 0.762780 0.736461 0.765581 0.739963 0.770658
1 0.587535 0.852241 0.588469 0.853291 0.630252 0.859419 0.662232 0.868697 0.688609 0.883754 0.695845 0.890581 0.703081 0.896008 0.706583 0.894783 0.713119 0.890756 0.717787 0.887255 0.721055 0.883053 0.722923 0.877101 0.723623 0.868522 0.719888 0.855742 0.716620 0.849440 0.713352 0.849265 0.695845 0.856793 0.689076 0.858193 0.679272 0.859594 0.675303 0.858894 0.664099 0.859069 0.661531 0.858193 0.651027 0.857143 0.634220 0.853466 0.623483 0.848389 0.619514 0.847339 0.607843 0.840686 0.605742 0.838235 0.602708 0.837010 0.591970 0.825980 0.589869 0.827906 0.588702 0.834384 0.587535 0.848564 0.587535 0.852241
1 0.739262 0.713936 0.729458 0.728641 0.721289 0.737745 0.726190 0.747724 0.730392 0.753676 0.734127 0.757178 0.742530 0.752801 0.752568 0.745098 0.762605 0.734419 0.769141 0.723915 0.769141 0.720413 0.764239 0.706758 0.761905 0.695378 0.758637 0.692752 0.754902 0.692402 0.744631 0.699055 0.742530 0.707983 0.739262 0.713936
1 0.872316 0.633228 0.873950 0.637080 0.874183 0.640406 0.879552 0.653887 0.902894 0.692402 0.911064 0.708859 0.918067 0.720763 0.931839 0.736345 0.953315 0.751751 0.973856 0.763831 0.998133 0.774510 0.999767 0.774510 0.999767 0.615021 0.998133 0.615021 0.995565 0.612920 0.977358 0.606443 0.966620 0.603641 0.947946 0.600315 0.927638 0.599440 0.904762 0.600840 0.887255 0.604692 0.882120 0.607318 0.876284 0.611870 0.872782 0.616772 0.871615 0.620273 0.871148 0.627801 0.872316 0.633228
1 0.869514 0.588235 0.874650 0.596639 0.883520 0.604342 0.887255 0.604167 0.899860 0.600490 0.907096 0.599615 0.929505 0.598564 0.947946 0.599440 0.976891 0.605567 0.985994 0.608193 0.994631 0.611695 0.999767 0.612045 0.999767 0.529587 0.996965 0.528536 0.983193 0.518557 0.973389 0.513655 0.963119 0.509629 0.959150 0.508403 0.942344 0.505952 0.921335 0.506828 0.914799 0.508403 0.898926 0.515056 0.888655 0.522409 0.883287 0.527661 0.876984 0.536590 0.869981 0.553746 0.868114 0.566001 0.868114 0.580007 0.869514 0.588235
1 0.784314 0.602591 0.786881 0.610294 0.792717 0.611870 0.809524 0.613270 0.817227 0.614671 0.820728 0.616597 0.825163 0.617472 0.834734 0.620973 0.852941 0.631478 0.867880 0.642507 0.869748 0.645133 0.873249 0.645658 0.873483 0.643732 0.871382 0.638831 0.869048 0.626926 0.869981 0.619223 0.871849 0.614846 0.881419 0.605917 0.881419 0.603817 0.880952 0.602416 0.875817 0.598915 0.873716 0.596289 0.867880 0.585084 0.867180 0.571078 0.868114 0.557073 0.867414 0.554447 0.866013 0.553046 0.854108 0.548144 0.845705 0.545693 0.834967 0.546043 0.831466 0.549895 0.829832 0.553922 0.822129 0.565476 0.812558 0.575280 0.802054 0.582808 0.794585 0.587010 0.783147 0.591912 0.780112 0.594888 0.779645 0.595588 0.784314 0.602591
1 0.778478 0.502276 0.786181 0.504727 0.792717 0.505252 0.803922 0.507528 0.807190 0.508578 0.813025 0.512255 0.817694 0.514181 0.825630 0.519783 0.830065 0.525210 0.831933 0.529062 0.831933 0.532913 0.833100 0.536590 0.834734 0.538866 0.843137 0.539566 0.857610 0.538515 0.876284 0.533438 0.881653 0.527486 0.895892 0.516282 0.918768 0.504902 0.922035 0.499475 0.923669 0.490896 0.921802 0.487920 0.908030 0.489321 0.902661 0.488796 0.889823 0.489146 0.876751 0.487570 0.862278 0.483718 0.855976 0.481092 0.846405 0.475140 0.842437 0.470413 0.841270 0.463410 0.838469 0.462360 0.832633 0.462535 0.827264 0.462885 0.815593 0.465336 0.797386 0.474090 0.789216 0.480217 0.785247 0.484244 0.778011 0.498074 0.777311 0.501576 0.778478 0.502276
1 0.847106 0.475315 0.852474 0.479167 0.859944 0.482493 0.869048 0.485819 0.876517 0.487395 0.889356 0.488796 0.904528 0.488971 0.918534 0.488095 0.934874 0.485469 0.958217 0.478817 0.973856 0.471814 0.977358 0.468838 0.982493 0.466737 0.992063 0.460959 0.995798 0.458158 0.997899 0.454832 0.999767 0.454657 0.999767 0.396534 0.995098 0.395833 0.984127 0.391807 0.971055 0.390056 0.954949 0.389531 0.946545 0.390581 0.942344 0.390406 0.929972 0.392332 0.918301 0.396183 0.914799 0.396709 0.911765 0.398459 0.900327 0.401961 0.890990 0.406162 0.880252 0.413340 0.869281 0.421744 0.854575 0.435049 0.850840 0.439251 0.848273 0.443978 0.844538 0.453081 0.843137 0.459909 0.843838 0.470588 0.847106 0.475315
1 0.652661 0.455882 0.652894 0.474615 0.657563 0.477941 0.664099 0.484419 0.668301 0.491246 0.673203 0.490721 0.685107 0.494223 0.702848 0.496324 0.712418 0.495973 0.721055 0.496499 0.742997 0.493873 0.748133 0.493873 0.762605 0.488971 0.765640 0.487220 0.769141 0.486520 0.776844 0.482493 0.779412 0.480217 0.782913 0.478817 0.792250 0.472339 0.801120 0.464636 0.805556 0.460609 0.807656 0.456583 0.805089 0.452731 0.802288 0.450630 0.792951 0.439951 0.786181 0.429447 0.782680 0.417017 0.775910 0.411940 0.773459 0.412290 0.768908 0.410189 0.765640 0.410189 0.762372 0.408789 0.758870 0.409139 0.751167 0.412115 0.734360 0.416667 0.725724 0.422619 0.710784 0.429097 0.707049 0.429972 0.692577 0.429797 0.679505 0.427171 0.672035 0.424720 0.664332 0.424020 0.659897 0.425245 0.658497 0.429097 0.654062 0.430672 0.649860 0.436450 0.649627 0.439426 0.652661 0.455882
1 0.651961 0.500350 0.653828 0.508053 0.653828 0.511380 0.651727 0.515581 0.651494 0.519783 0.650093 0.521534 0.647059 0.522584 0.646825 0.526786 0.647526 0.527836 0.649393 0.524335 0.651261 0.523459 0.654295 0.524685 0.658730 0.519433 0.661765 0.514181 0.666200 0.501751 0.666900 0.492297 0.665500 0.487570 0.662698 0.483894 0.654295 0.477416 0.650794 0.477591 0.646359 0.488095 0.646359 0.493522 0.651961 0.500350
1 0.759804 0.362395 0.759804 0.366246 0.761905 0.369573 0.761671 0.376751 0.773343 0.390581 0.778945 0.395658 0.792250 0.403536 0.799720 0.405812 0.807656 0.407213 0.824230 0.403711 0.843371 0.394608 0.859944 0.381478 0.869748 0.370098 0.882353 0.358368 0.887021 0.352941 0.892624 0.344013 0.896592 0.340336 0.909430 0.319503 0.913866 0.307073 0.914799 0.294993 0.913165 0.289741 0.909664 0.283789 0.901727 0.258403 0.890523 0.245098 0.880019 0.236520 0.876284 0.235294 0.873483 0.237045 0.867880 0.247374 0.861345 0.256303 0.858777 0.258578 0.857610 0.261029 0.845238 0.272234 0.843838 0.274335 0.826097 0.287640 0.804622 0.296919 0.787815 0.302521 0.780812 0.302871 0.760738 0.301996 0.758637 0.302171 0.757236 0.303396 0.758170 0.359419 0.759804 0.362395
1 0.847879 0.419870 0.848433 0.419870 0.848433 0.419559 0.847879 0.419559 0.847879 0.419870
1 0.786415 0.424545 0.791083 0.435749 0.799953 0.447129 0.813025 0.457458 0.821195 0.460784 0.828198 0.461835 0.834967 0.460784 0.840570 0.458859 0.841970 0.457808 0.846639 0.445203 0.853875 0.434874 0.877684 0.414041 0.891457 0.404412 0.900794 0.376576 0.902661 0.363796 0.901961 0.348214 0.898226 0.340686 0.897526 0.339986 0.893557 0.343838 0.890756 0.349265 0.882820 0.359594 0.872316 0.367647 0.862045 0.380077 0.844771 0.394258 0.830299 0.401436 0.817927 0.405637 0.804855 0.406863 0.793651 0.404762 0.786415 0.401786 0.784547 0.403361 0.784314 0.417017 0.786415 0.424545
1 0.568394 0.524685 0.569795 0.525910 0.572829 0.526611 0.577965 0.529587 0.589869 0.534489 0.612745 0.548319 0.619748 0.550770 0.623483 0.549195 0.628618 0.544468 0.635854 0.540791 0.651027 0.522409 0.653595 0.511905 0.653828 0.504727 0.652194 0.499475 0.649160 0.495273 0.647292 0.493172 0.644024 0.492647 0.640990 0.494923 0.639823 0.498074 0.637722 0.499825 0.622316 0.508578 0.620682 0.510329 0.614613 0.512080 0.612979 0.513831 0.601307 0.514006 0.592204 0.516457 0.588235 0.515931 0.585201 0.516982 0.581466 0.516282 0.578198 0.516982 0.574463 0.515931 0.572596 0.516632 0.569561 0.515581 0.569328 0.512780 0.567694 0.512430 0.566060 0.513655 0.559524 0.515581 0.554155 0.519083 0.568394 0.524685
1 0.549020 0.237045 0.550187 0.239671 0.551821 0.238971 0.554155 0.240459 0.557190 0.245623 0.566060 0.250175 0.569094 0.252626 0.576331 0.262080 0.582166 0.266282 0.585201 0.272409 0.590570 0.278011 0.594071 0.283613 0.597339 0.290616 0.599673 0.293417 0.602708 0.301646 0.607610 0.326155 0.607610 0.344538 0.603175 0.366422 0.596405 0.378676 0.591970 0.384104 0.591036 0.386555 0.591970 0.389356 0.598039 0.394608 0.612278 0.402661 0.626517 0.408613 0.630719 0.408964 0.636788 0.411590 0.643791 0.412815 0.647292 0.414391 0.653361 0.415616 0.664332 0.417017 0.672269 0.417367 0.685574 0.415441 0.698880 0.408964 0.707983 0.402486 0.713585 0.396709 0.722222 0.384279 0.727824 0.369573 0.729925 0.353466 0.729692 0.341036 0.728058 0.328606 0.718721 0.307598 0.707750 0.291667 0.688375 0.268557 0.681373 0.261905 0.679038 0.258578 0.665733 0.247724 0.664332 0.244923 0.657796 0.238270 0.647526 0.232668 0.637021 0.224790 0.633520 0.223915 0.630719 0.222164 0.616013 0.216912 0.609944 0.216211 0.602007 0.216387 0.585901 0.220063 0.566993 0.222864 0.556256 0.226716 0.549486 0.230742 0.546452 0.234419 0.549020 0.237045
1 0.626751 0.219363 0.650093 0.233543 0.658263 0.239146 0.665966 0.245973 0.668067 0.249125 0.677638 0.257178 0.681839 0.262255 0.690243 0.270133 0.704015 0.286064 0.711251 0.295518 0.716853 0.304797 0.720355 0.306898 0.730392 0.290091 0.733193 0.283088 0.735294 0.275910 0.738095 0.259629 0.738562 0.247724 0.737628 0.238095 0.735061 0.227066 0.731559 0.221464 0.730626 0.220938 0.710317 0.225315 0.694678 0.225490 0.685341 0.224615 0.660831 0.219538 0.650794 0.215161 0.642624 0.212535 0.637021 0.209384 0.633520 0.209384 0.630019 0.211485 0.625584 0.216562 0.625350 0.217612 0.626751 0.219363
1 0.745798 0.177521 0.745798 0.185924 0.747199 0.192577 0.746032 0.203957 0.744865 0.206408 0.744631 0.210084 0.742297 0.214111 0.736461 0.217787 0.735061 0.220063 0.735061 0.224265 0.739029 0.236695 0.741363 0.254027 0.738562 0.270308 0.738562 0.276436 0.744631 0.289741 0.755135 0.297969 0.769141 0.301996 0.779412 0.302696 0.786181 0.302171 0.802054 0.297444 0.807190 0.294643 0.818161 0.290616 0.830999 0.283613 0.835901 0.279237 0.840570 0.276611 0.845472 0.272059 0.848739 0.267507 0.855742 0.261905 0.870448 0.241071 0.880719 0.221639 0.884454 0.210259 0.886555 0.195378 0.887722 0.178221 0.885621 0.147584 0.883987 0.140756 0.880719 0.131653 0.876517 0.123775 0.869748 0.115896 0.862512 0.110294 0.848973 0.104167 0.834967 0.101891 0.820962 0.101891 0.814192 0.102941 0.807190 0.105042 0.792250 0.110819 0.775677 0.122549 0.763305 0.133754 0.749300 0.149160 0.744164 0.157913 0.743464 0.160714 0.743931 0.168592 0.745798 0.177521
1 0.651074 0.136735 0.651363 0.136735 0.651363 0.136483 0.651074 0.136483 0.651074 0.136735
0 0.534080 0.081933 0.537815 0.093838 0.538515 0.098915 0.549720 0.125700 0.556256 0.137605 0.569561 0.153711 0.596172 0.178396 0.602474 0.185574 0.612979 0.192927 0.617180 0.196954 0.622782 0.200805 0.633987 0.206933 0.640990 0.209734 0.647059 0.213585 0.668301 0.220588 0.678571 0.222689 0.688842 0.224090 0.702381 0.224440 0.720355 0.222689 0.729692 0.219888 0.739496 0.213936 0.742063 0.210959 0.744164 0.206583 0.746032 0.192227 0.741830 0.161239 0.739262 0.155637 0.737862 0.147759 0.733193 0.133403 0.729692 0.126751 0.726891 0.123424 0.725724 0.118697 0.720588 0.109419 0.720121 0.105742 0.704248 0.078782 0.695145 0.070553 0.690476 0.064251 0.682073 0.056898 0.676471 0.053396 0.672736 0.048494 0.665966 0.043067 0.653595 0.034489 0.625117 0.021183 0.616246 0.019608 0.606676 0.016632 0.596172 0.015931 0.583100 0.016457 0.575630 0.018382 0.568161 0.021534 0.547386 0.035539 0.541783 0.041141 0.536181 0.048494 0.533147 0.057248 0.532446 0.071078 0.534080 0.081933
1 0.297852 0.203957 0.309524 0.227591 0.314893 0.251225 0.317694 0.282038 0.324463 0.284839 0.337768 0.287290 0.349206 0.292017 0.352474 0.292717 0.354342 0.289391 0.348973 0.263305 0.348039 0.242822 0.350607 0.231793 0.357610 0.219363 0.360177 0.217262 0.362278 0.213585 0.360644 0.208508 0.352241 0.196429 0.348973 0.194503 0.339402 0.192752 0.315126 0.192052 0.299720 0.190126 0.289916 0.188025 0.286181 0.188200 0.286415 0.190126 0.297852 0.203957
1 0.423203 0.077206 0.437442 0.098039 0.440943 0.105917 0.442110 0.112220 0.441176 0.127101 0.443044 0.133053 0.445378 0.135854 0.451681 0.138130 0.448179 0.143382 0.445845 0.142857 0.442810 0.144433 0.439076 0.144433 0.433940 0.155462 0.427871 0.165441 0.425070 0.167542 0.420868 0.172794 0.416433 0.175595 0.415033 0.177696 0.411298 0.179097 0.409664 0.180847 0.406396 0.182073 0.401961 0.185574 0.407330 0.188025 0.415033 0.189251 0.422035 0.188375 0.426471 0.186800 0.443978 0.168943 0.449346 0.166141 0.460084 0.157738 0.467087 0.154762 0.469421 0.152836 0.488562 0.147059 0.503268 0.144258 0.507937 0.142332 0.520542 0.122199 0.526377 0.109944 0.528945 0.101716 0.529879 0.094538 0.530579 0.093137 0.532680 0.091912 0.531279 0.082108 0.530579 0.063550 0.533613 0.050420 0.537815 0.043417 0.538282 0.039741 0.536881 0.033088 0.535481 0.029412 0.529879 0.022059 0.525210 0.017682 0.514706 0.010154 0.507236 0.008053 0.501867 0.005602 0.491363 0.003501 0.470355 0.003852 0.456583 0.006653 0.453081 0.008754 0.442577 0.011204 0.421335 0.022409 0.414799 0.028711 0.409897 0.046218 0.405696 0.056548 0.406863 0.060749 0.423203 0.077206
1 0.425537 0.202031 0.450280 0.205007 0.464986 0.208158 0.481092 0.213936 0.512372 0.222514 0.524743 0.226891 0.543184 0.234944 0.549953 0.228992 0.555322 0.226015 0.572829 0.220413 0.579132 0.216912 0.581466 0.217787 0.587768 0.216737 0.593371 0.217087 0.598973 0.214986 0.608310 0.213410 0.609477 0.210784 0.608077 0.199405 0.605742 0.193803 0.592904 0.177871 0.582166 0.167017 0.568627 0.155637 0.564192 0.152836 0.559524 0.151611 0.554388 0.148810 0.547386 0.146359 0.537115 0.144608 0.518908 0.143908 0.508870 0.144433 0.491597 0.147409 0.470355 0.153361 0.458683 0.159839 0.443511 0.171043 0.427638 0.188550 0.424136 0.195903 0.423669 0.199755 0.425537 0.202031
1 0.721055 0.310749 0.723856 0.318277 0.726424 0.321078 0.728758 0.328081 0.730392 0.342787 0.728525 0.366772 0.724556 0.380427 0.721522 0.386029 0.714753 0.395308 0.708450 0.401961 0.699580 0.408789 0.692344 0.412990 0.685341 0.415966 0.678805 0.417367 0.670868 0.417192 0.663165 0.418417 0.666433 0.420343 0.667600 0.421919 0.681606 0.427171 0.689309 0.428922 0.696078 0.429797 0.704715 0.429797 0.710084 0.428922 0.725724 0.422269 0.735994 0.414916 0.742997 0.405637 0.752334 0.380602 0.755135 0.369748 0.756536 0.352066 0.754669 0.327906 0.753501 0.325455 0.751634 0.314251 0.748133 0.306723 0.742063 0.298845 0.734127 0.290616 0.730859 0.291317 0.725257 0.300595 0.721755 0.307423 0.721055 0.310749
1 0.738562 0.415091 0.745798 0.413515 0.755836 0.409839 0.766573 0.403361 0.773810 0.397584 0.774743 0.395658 0.775210 0.393908 0.774043 0.391982 0.764472 0.381653 0.761438 0.377801 0.758637 0.372024 0.755135 0.368172 0.750233 0.386555 0.746265 0.396534 0.740430 0.408613 0.737395 0.411415 0.736461 0.414741 0.738562 0.415091
1 0.355275 0.199405 0.361111 0.208508 0.362745 0.213410 0.366246 0.212535 0.374883 0.207983 0.386788 0.203957 0.398226 0.203431 0.418534 0.200805 0.421802 0.198179 0.422969 0.192577 0.421569 0.190826 0.411064 0.190301 0.404062 0.189251 0.397993 0.187325 0.393791 0.187325 0.376751 0.191176 0.359244 0.192577 0.355275 0.194503 0.354342 0.195903 0.355275 0.199405
1 0.293884 0.000000 0.293884 0.001576 0.302754 0.005077 0.321195 0.010504 0.351774 0.024510 0.374650 0.038340 0.397526 0.054272 0.401961 0.055847 0.404295 0.055497 0.407096 0.049895 0.411298 0.038866 0.414799 0.026261 0.416900 0.016106 0.415500 0.000000 0.293884 0.000000
1 0.683473 0.057773 0.690710 0.064076 0.692810 0.067577 0.704482 0.079832 0.718954 0.104867 0.728992 0.125700 0.731326 0.128852 0.734127 0.125350 0.737162 0.116422 0.739963 0.100665 0.739262 0.092087 0.733894 0.078256 0.726891 0.070553 0.719655 0.064951 0.704482 0.055672 0.693744 0.050070 0.684407 0.048494 0.677871 0.048845 0.675303 0.049895 0.677404 0.053746 0.683473 0.057773