0 0.270075 0.335784 0.274743 0.349440 0.280112 0.359244 0.291550 0.374825 0.309057 0.388480 0.322596 0.396008 0.332866 0.400735 0.354809 0.408263 0.366013 0.410539 0.387021 0.411239 0.393791 0.410364 0.408030 0.406513 0.416667 0.402661 0.422035 0.398810 0.426471 0.394083 0.429739 0.389006 0.433240 0.371849 0.433707 0.362045 0.436508 0.350665 0.439076 0.344188 0.444678 0.334734 0.452381 0.318627 0.456349 0.307073 0.458450 0.295868 0.458217 0.279412 0.455649 0.268908 0.450980 0.257528 0.443044 0.244748 0.435574 0.236870 0.431606 0.234244 0.428338 0.230742 0.418534 0.226190 0.412232 0.222164 0.404295 0.220063 0.400794 0.217612 0.396825 0.217262 0.390289 0.215336 0.373016 0.213060 0.362745 0.212885 0.341970 0.214461 0.327965 0.217787 0.320962 0.220238 0.303922 0.229867 0.288282 0.244223 0.280579 0.257178 0.271942 0.275735 0.266807 0.299545 0.267040 0.321429 0.270075 0.335784
0 0.081933 0.424720 0.083800 0.429622 0.090570 0.442402 0.100607 0.456408 0.114613 0.470413 0.125584 0.478817 0.140056 0.485819 0.144024 0.486520 0.147526 0.488971 0.151027 0.489321 0.161298 0.492647 0.171102 0.493697 0.183007 0.493697 0.206116 0.490196 0.209851 0.487220 0.213819 0.485994 0.222222 0.481618 0.228525 0.477066 0.232493 0.471464 0.235994 0.463585 0.236228 0.438901 0.239262 0.425595 0.243464 0.416141 0.248833 0.407563 0.252801 0.393732 0.253501 0.390406 0.252568 0.376576 0.246965 0.352591 0.242997 0.341737 0.239496 0.335084 0.230392 0.324755 0.213352 0.313025 0.202848 0.308999 0.194211 0.306898 0.188142 0.307248 0.174603 0.305147 0.160831 0.304972 0.153361 0.306022 0.144024 0.308999 0.134220 0.313025 0.121382 0.320028 0.109244 0.328256 0.100607 0.337535 0.094538 0.345588 0.088002 0.356092 0.082633 0.369223 0.079599 0.386555 0.078898 0.407913 0.081933 0.424720
1 0.000000 0.600315 0.001867 0.600490 0.003501 0.603466 0.011204 0.611345 0.020075 0.617822 0.033147 0.622549 0.035247 0.624300 0.038515 0.625350 0.057190 0.626401 0.066060 0.625000 0.074463 0.621849 0.083100 0.615371 0.108310 0.599615 0.123950 0.583333 0.128151 0.577381 0.138889 0.565301 0.146359 0.535889 0.152894 0.521534 0.158964 0.512255 0.161064 0.504902 0.159664 0.501751 0.160131 0.494573 0.142857 0.488620 0.124183 0.478992 0.116947 0.473739 0.106909 0.464811 0.098039 0.454832 0.092204 0.446604 0.088235 0.443102 0.082400 0.440476 0.077264 0.440476 0.062792 0.442052 0.053221 0.444853 0.046452 0.449580 0.039916 0.452381 0.019141 0.464286 0.000000 0.471814 0.000000 0.600315
1 0.144491 0.595413 0.147059 0.602591 0.152661 0.612570 0.163866 0.623775 0.168768 0.626401 0.174136 0.631127 0.177638 0.632178 0.180906 0.634279 0.194444 0.639006 0.199113 0.641807 0.203548 0.640581 0.205182 0.644433 0.202614 0.653711 0.203081 0.656162 0.209617 0.657913 0.213352 0.657913 0.212418 0.657038 0.212185 0.650035 0.220355 0.651436 0.221522 0.647759 0.221055 0.642857 0.221989 0.640756 0.231559 0.639356 0.247899 0.633228 0.253735 0.629202 0.263305 0.624125 0.283147 0.607143 0.297619 0.592787 0.301354 0.587185 0.306256 0.583508 0.315359 0.572129 0.318861 0.569153 0.326331 0.557248 0.330766 0.546394 0.327031 0.543417 0.313492 0.538690 0.295752 0.530287 0.278245 0.519608 0.271942 0.514881 0.257236 0.500175 0.251634 0.492647 0.244164 0.480917 0.241830 0.473389 0.237628 0.466912 0.228291 0.478992 0.219655 0.484419 0.217087 0.485119 0.206349 0.490896 0.200514 0.492472 0.188375 0.495273 0.178805 0.494748 0.174837 0.495973 0.163632 0.506127 0.153361 0.522409 0.147292 0.536415 0.145191 0.543417 0.141690 0.564076 0.141690 0.579832 0.144491 0.595413
1 0.000000 0.744223 0.001867 0.744048 0.009337 0.736520 0.027311 0.721289 0.037582 0.709909 0.039449 0.706758 0.040850 0.699930 0.041550 0.683824 0.045518 0.664916 0.050187 0.651961 0.062092 0.630077 0.061625 0.626576 0.056489 0.626926 0.045985 0.626225 0.039449 0.625000 0.027778 0.620798 0.018908 0.616597 0.009104 0.609594 0.001401 0.602241 0.000000 0.602241 0.000000 0.744223
1 0.042717 0.715686 0.050187 0.731968 0.056489 0.742472 0.062558 0.750000 0.077731 0.763305 0.098273 0.774160 0.103175 0.775385 0.105976 0.777136 0.119981 0.780112 0.147526 0.782913 0.149860 0.782213 0.154762 0.782213 0.161298 0.779937 0.171802 0.778887 0.179038 0.776261 0.183007 0.772409 0.189076 0.768908 0.190476 0.766106 0.194911 0.762255 0.197479 0.754202 0.199813 0.751225 0.206349 0.730392 0.213352 0.699580 0.220121 0.681898 0.223856 0.668943 0.226424 0.654587 0.226424 0.643732 0.225023 0.642157 0.222923 0.641982 0.220822 0.644783 0.217787 0.646183 0.215920 0.651261 0.202381 0.652311 0.202381 0.643732 0.200980 0.641632 0.192810 0.639531 0.171569 0.630952 0.159430 0.620973 0.148926 0.609069 0.143091 0.595588 0.142157 0.591036 0.137255 0.585434 0.126984 0.586485 0.119748 0.589461 0.116246 0.592087 0.109944 0.598915 0.097106 0.608018 0.095705 0.609944 0.092204 0.610994 0.084734 0.616422 0.080999 0.617997 0.075630 0.622024 0.069795 0.624475 0.066993 0.626576 0.053455 0.647584 0.050187 0.654937 0.047619 0.661940 0.044351 0.675945 0.042017 0.693627 0.041550 0.710434 0.042717 0.715686
1 0.000000 0.808473 0.010037 0.822479 0.014706 0.831583 0.027778 0.845238 0.050187 0.859419 0.063959 0.864321 0.067460 0.864496 0.071195 0.866422 0.084967 0.868347 0.102941 0.866772 0.109244 0.865546 0.112745 0.863620 0.116246 0.863095 0.123249 0.860294 0.127218 0.854692 0.130252 0.852416 0.139589 0.838585 0.141457 0.832633 0.152428 0.810749 0.156162 0.796744 0.158263 0.793242 0.158964 0.785539 0.157563 0.784664 0.152894 0.783964 0.142857 0.784139 0.136321 0.783613 0.133754 0.782738 0.130019 0.783263 0.114846 0.779937 0.098739 0.774685 0.095238 0.772409 0.087535 0.769433 0.078665 0.764181 0.066993 0.755077 0.055556 0.741947 0.047386 0.727241 0.045051 0.719363 0.042717 0.715686 0.043184 0.713235 0.039916 0.709734 0.010971 0.736695 0.004902 0.744573 0.002334 0.752451 0.000000 0.754552 0.000000 0.808473
1 0.000000 0.996849 0.001634 0.996849 0.004902 0.995273 0.020075 0.984594 0.032913 0.972514 0.044585 0.959034 0.063725 0.928746 0.071662 0.909489 0.075397 0.896008 0.075397 0.874825 0.074463 0.869573 0.071662 0.867822 0.052988 0.861169 0.028945 0.846113 0.014239 0.831408 0.009570 0.823354 0.001634 0.812850 0.000000 0.812850 0.000000 0.996849
1 0.083567 0.942927 0.086134 0.957108 0.090570 0.974265 0.095705 0.987395 0.100840 0.995098 0.104575 0.998249 0.104575 0.999825 0.170168 0.999825 0.170168 0.998249 0.178571 0.993697 0.189309 0.984769 0.196312 0.976716 0.199813 0.973915 0.215686 0.952906 0.217554 0.947129 0.220355 0.945553 0.222456 0.942752 0.224323 0.941702 0.235528 0.923319 0.239262 0.914041 0.242297 0.908964 0.243931 0.897409 0.215219 0.875350 0.197246 0.853641 0.184174 0.831408 0.179505 0.819503 0.172269 0.806898 0.166667 0.792017 0.164799 0.790091 0.161531 0.791141 0.160131 0.792717 0.156396 0.803746 0.151261 0.814251 0.150794 0.817402 0.140990 0.837710 0.136321 0.845588 0.127451 0.857318 0.123249 0.861169 0.115079 0.865196 0.109244 0.866772 0.081933 0.869748 0.078198 0.876576 0.077731 0.880077 0.077965 0.896884 0.083567 0.942927
1 0.173436 0.805497 0.180906 0.818102 0.187208 0.835259 0.196078 0.850140 0.202614 0.859244 0.216153 0.874825 0.230392 0.887080 0.242997 0.894083 0.248133 0.899160 0.252334 0.899160 0.271942 0.903011 0.298086 0.900910 0.303922 0.900035 0.317927 0.896359 0.331933 0.887605 0.338469 0.880077 0.345472 0.863620 0.348973 0.842087 0.349206 0.834909 0.347339 0.812850 0.344304 0.793242 0.342670 0.787640 0.340103 0.785189 0.325397 0.777836 0.314192 0.770658 0.294585 0.755777 0.287348 0.748599 0.270075 0.727941 0.264239 0.718662 0.257470 0.703606 0.253035 0.688901 0.251167 0.685399 0.249300 0.683824 0.236928 0.683298 0.226424 0.684699 0.223856 0.685224 0.219421 0.688375 0.208917 0.722339 0.206816 0.734069 0.200747 0.754727 0.197712 0.758929 0.194678 0.765756 0.193044 0.768382 0.185341 0.773810 0.182540 0.774685 0.179972 0.777136 0.175070 0.778361 0.168301 0.781338 0.166200 0.784314 0.166433 0.788340 0.173436 0.805497
1 0.000000 0.469888 0.005135 0.469363 0.018674 0.463936 0.046685 0.448179 0.061158 0.437675 0.067227 0.428396 0.072362 0.422619 0.076797 0.416141 0.077731 0.411940 0.077264 0.392157 0.079365 0.372199 0.081466 0.369573 0.084967 0.359594 0.090803 0.347514 0.097339 0.338410 0.097806 0.335259 0.091737 0.329307 0.082866 0.314076 0.075864 0.306022 0.055789 0.293768 0.045051 0.290091 0.042951 0.288690 0.036181 0.288340 0.029178 0.290091 0.027778 0.289566 0.026144 0.286064 0.024043 0.287815 0.018674 0.289216 0.012138 0.288340 0.007470 0.288866 0.000000 0.291492 0.000000 0.469888
1 0.059524 0.293417 0.077264 0.305672 0.082866 0.312325 0.091503 0.326155 0.098973 0.334559 0.102241 0.333859 0.107843 0.328431 0.120915 0.319503 0.142157 0.308648 0.150560 0.305847 0.168534 0.303746 0.199580 0.306723 0.201214 0.304447 0.203081 0.286239 0.202148 0.269608 0.193744 0.241246 0.186041 0.229867 0.178105 0.222864 0.169468 0.218838 0.165033 0.215511 0.150093 0.211485 0.136555 0.210084 0.119281 0.212185 0.107843 0.215861 0.098739 0.221464 0.087302 0.230042 0.073529 0.244048 0.065826 0.258578 0.059991 0.275560 0.059057 0.286765 0.059524 0.293417
1 0.159897 0.213410 0.173903 0.219363 0.184641 0.227766 0.190009 0.234069 0.197246 0.248249 0.203315 0.266807 0.206583 0.266982 0.216387 0.262780 0.231793 0.257878 0.244398 0.255952 0.254902 0.255602 0.258637 0.254202 0.262838 0.255252 0.264006 0.251751 0.265406 0.251050 0.269841 0.250525 0.273810 0.251751 0.276144 0.251751 0.277311 0.248424 0.276611 0.240371 0.278478 0.223739 0.285481 0.213060 0.290616 0.202906 0.288982 0.198880 0.280345 0.189076 0.267974 0.181373 0.262372 0.179447 0.248133 0.176646 0.242530 0.176471 0.234827 0.175070 0.219655 0.175945 0.199813 0.179797 0.194444 0.181548 0.179038 0.188550 0.169935 0.195553 0.163399 0.202206 0.160131 0.206758 0.158730 0.209734 0.159897 0.213410
1 0.000000 0.214636 0.001867 0.214811 0.004202 0.218487 0.011204 0.222689 0.025677 0.226891 0.028478 0.228466 0.043184 0.231092 0.054622 0.230217 0.070495 0.227941 0.084500 0.221814 0.089636 0.217787 0.094538 0.209909 0.093604 0.196078 0.088936 0.188901 0.085668 0.185574 0.065126 0.171394 0.041783 0.160014 0.029412 0.156338 0.008170 0.153011 0.000000 0.153361 0.000000 0.214636
0 0.239262 0.464636 0.246965 0.484069 0.251401 0.491597 0.257470 0.499650 0.271008 0.513130 0.279645 0.520133 0.300187 0.531863 0.321662 0.540966 0.346872 0.549020 0.358543 0.551996 0.362512 0.553746 0.371382 0.554097 0.387021 0.556723 0.394024 0.558648 0.402194 0.557598 0.408030 0.557773 0.411064 0.556548 0.422035 0.554272 0.429505 0.551120 0.436275 0.546919 0.440710 0.542717 0.443978 0.537465 0.448646 0.526436 0.449580 0.513305 0.447246 0.501576 0.444911 0.497899 0.436975 0.477066 0.431839 0.470238 0.429272 0.465161 0.412932 0.446779 0.407096 0.442402 0.399393 0.434699 0.387255 0.424370 0.371849 0.413866 0.366480 0.411765 0.351774 0.408438 0.335901 0.403011 0.317227 0.393557 0.310924 0.391457 0.298086 0.391632 0.286181 0.393032 0.277778 0.395133 0.268908 0.398810 0.250934 0.411590 0.241597 0.425245 0.238796 0.432773 0.237628 0.440301 0.237162 0.452906 0.239262 0.464636
1 0.435341 0.359944 0.434874 0.370973 0.433007 0.380252 0.430672 0.388831 0.427871 0.393908 0.418768 0.402136 0.408030 0.407913 0.390289 0.412115 0.380486 0.413165 0.378385 0.415091 0.383520 0.420693 0.388655 0.423845 0.402428 0.436275 0.429739 0.465336 0.432073 0.469888 0.437442 0.476891 0.441643 0.487920 0.445378 0.494748 0.446078 0.498074 0.449580 0.503151 0.453081 0.505077 0.454248 0.504552 0.464753 0.504727 0.473856 0.503326 0.477358 0.503501 0.486928 0.500700 0.493697 0.494923 0.500000 0.491071 0.507703 0.476716 0.515873 0.452556 0.520075 0.443277 0.519374 0.438725 0.510738 0.422969 0.507937 0.411239 0.508170 0.396359 0.511905 0.386730 0.516807 0.369748 0.514472 0.368172 0.510504 0.362395 0.504769 0.357393 0.490896 0.347864 0.483894 0.345238 0.483427 0.344188 0.478992 0.341387 0.471055 0.339986 0.453782 0.338761 0.449346 0.337360 0.446078 0.337360 0.442577 0.339986 0.438142 0.348915 0.435341 0.359944
1 0.394024 0.215336 0.411298 0.221113 0.415033 0.223739 0.421569 0.226190 0.427171 0.229867 0.434174 0.235294 0.443744 0.245273 0.451214 0.257178 0.454482 0.264006 0.457516 0.275035 0.458917 0.294293 0.457283 0.304097 0.450514 0.324580 0.445845 0.331057 0.446545 0.334034 0.453548 0.337360 0.465453 0.338936 0.478992 0.339111 0.491130 0.337185 0.505602 0.332108 0.520308 0.322129 0.533847 0.307248 0.538982 0.296744 0.541317 0.288340 0.542484 0.279762 0.541550 0.265056 0.536881 0.251926 0.530345 0.239321 0.524510 0.230567 0.512138 0.217087 0.501401 0.209034 0.495798 0.206758 0.487395 0.201506 0.478058 0.197829 0.462652 0.193452 0.449813 0.191702 0.443511 0.191877 0.439776 0.189776 0.429272 0.192752 0.416900 0.193978 0.404295 0.198004 0.396359 0.201681 0.389122 0.206583 0.385854 0.209909 0.383754 0.213585 0.394024 0.215336
1 0.280812 0.244923 0.282913 0.247549 0.286181 0.247199 0.292017 0.240196 0.296452 0.236345 0.300887 0.233894 0.304855 0.229342 0.322362 0.219713 0.334734 0.215861 0.351307 0.213060 0.364613 0.212185 0.376751 0.212885 0.380719 0.212010 0.389356 0.204832 0.392857 0.203081 0.396592 0.199405 0.398226 0.192752 0.397059 0.192402 0.394024 0.193803 0.370682 0.183473 0.359244 0.181373 0.351307 0.181022 0.344538 0.181723 0.339402 0.182948 0.331466 0.183473 0.321195 0.186275 0.307423 0.192402 0.294351 0.203256 0.287115 0.215511 0.282913 0.220413 0.281513 0.223739 0.281046 0.230567 0.282213 0.233368 0.279412 0.235294 0.279412 0.241422 0.280812 0.244923
1 0.000000 0.602066 0.003385 0.603379 0.011438 0.611169 0.020775 0.617472 0.034080 0.622199 0.036181 0.623775 0.046218 0.625525 0.060691 0.625350 0.068394 0.623249 0.075163 0.620098 0.084500 0.611169 0.088702 0.609244 0.090803 0.604692 0.096172 0.602766 0.098739 0.603291 0.106443 0.596289 0.109010 0.595413 0.109944 0.594013 0.112745 0.592437 0.120682 0.584909 0.121148 0.582983 0.123249 0.581758 0.125117 0.577731 0.119748 0.573004 0.117647 0.569853 0.119981 0.569503 0.123016 0.570203 0.126751 0.568803 0.130252 0.570728 0.133987 0.569678 0.137021 0.567402 0.138422 0.564426 0.138889 0.556723 0.140289 0.553746 0.141223 0.547444 0.139356 0.543067 0.140056 0.542017 0.144024 0.540966 0.145658 0.535014 0.147526 0.532913 0.148926 0.525735 0.151027 0.524160 0.151494 0.522759 0.152428 0.512955 0.157796 0.512080 0.158263 0.509804 0.162232 0.505077 0.162232 0.500700 0.163632 0.498249 0.161064 0.497374 0.157330 0.499650 0.155696 0.502276 0.152894 0.502276 0.152194 0.497899 0.153128 0.494398 0.152428 0.493347 0.147292 0.490546 0.141923 0.490371 0.139122 0.489496 0.137488 0.486870 0.133987 0.486520 0.132120 0.484244 0.127451 0.483018 0.125584 0.480742 0.117180 0.474965 0.116246 0.473389 0.112045 0.472864 0.111578 0.470413 0.109477 0.467087 0.106909 0.465336 0.102474 0.459909 0.097806 0.457108 0.095938 0.452381 0.088469 0.444503 0.087068 0.444853 0.085668 0.446429 0.084034 0.446429 0.081466 0.441176 0.076564 0.440826 0.070962 0.441176 0.053688 0.445203 0.029645 0.459559 0.014472 0.466562 0.012605 0.469188 0.003735 0.472689 0.001634 0.474440 0.000000 0.474440 0.000000 0.602066
1 0.241130 0.174720 0.255602 0.176996 0.267740 0.180847 0.279879 0.187850 0.293184 0.201681 0.308123 0.190826 0.314192 0.188200 0.328198 0.183824 0.331466 0.182248 0.332866 0.179272 0.332400 0.165616 0.331466 0.161590 0.327731 0.154062 0.324463 0.150560 0.314893 0.143908 0.303221 0.140756 0.291783 0.140231 0.283847 0.140756 0.272409 0.143207 0.265173 0.146008 0.257703 0.150210 0.252334 0.154237 0.243697 0.163165 0.240430 0.168242 0.239029 0.171744 0.241130 0.174720
1 0.140056 0.208508 0.147526 0.210259 0.153828 0.210784 0.157563 0.210259 0.163165 0.201155 0.173669 0.192227 0.182073 0.186800 0.200980 0.179097 0.223623 0.174370 0.233427 0.173319 0.234827 0.171569 0.234360 0.168067 0.232260 0.163340 0.227824 0.157913 0.218954 0.150735 0.206816 0.147409 0.200514 0.146709 0.190943 0.147059 0.185341 0.147934 0.175070 0.150910 0.161531 0.157388 0.157096 0.160539 0.149860 0.167542 0.145892 0.172794 0.142157 0.179797 0.138655 0.195203 0.138655 0.203782 0.140056 0.208508
1 0.230159 0.321254 0.232026 0.324580 0.239496 0.333158 0.243231 0.339636 0.246732 0.348214 0.251401 0.367122 0.254435 0.375875 0.255836 0.390231 0.257470 0.394083 0.261905 0.395308 0.272642 0.394608 0.276844 0.393032 0.299486 0.389706 0.303922 0.388305 0.304855 0.386905 0.303688 0.384804 0.292250 0.376225 0.278245 0.356618 0.271242 0.340336 0.266807 0.321604 0.266340 0.303571 0.268207 0.288690 0.274276 0.268908 0.281513 0.255077 0.279178 0.254552 0.275910 0.255602 0.262138 0.264706 0.257470 0.268382 0.248133 0.279412 0.243931 0.286590 0.240430 0.296569 0.232493 0.313725 0.232026 0.317402 0.230159 0.321254
1 0.201447 0.303571 0.201681 0.307248 0.213819 0.312325 0.227358 0.321254 0.230859 0.321254 0.231326 0.317752 0.247666 0.280112 0.258870 0.267157 0.264706 0.262955 0.268441 0.258578 0.264706 0.256828 0.259104 0.256303 0.250934 0.256303 0.234127 0.258228 0.220121 0.261905 0.212185 0.264881 0.204015 0.269083 0.203548 0.271709 0.203548 0.290266 0.201447 0.303571
1 0.437442 0.191877 0.453081 0.191527 0.466387 0.193978 0.478758 0.197654 0.493464 0.203957 0.501401 0.208683 0.510971 0.215861 0.520542 0.224965 0.529412 0.235994 0.532913 0.231793 0.539683 0.218312 0.548086 0.210259 0.547619 0.207983 0.543884 0.203081 0.535948 0.195378 0.525910 0.188550 0.516106 0.185224 0.511905 0.182773 0.501401 0.181898 0.480159 0.178221 0.459851 0.178046 0.453081 0.178571 0.446312 0.181022 0.439309 0.185049 0.436275 0.188550 0.436275 0.191001 0.437442 0.191877
1 0.541550 0.260679 0.543651 0.270483 0.544118 0.275560 0.541550 0.297269 0.549020 0.308824 0.553922 0.312500 0.560224 0.315476 0.567460 0.320903 0.574930 0.319503 0.595005 0.313200 0.608310 0.310049 0.616713 0.309874 0.626050 0.308123 0.637021 0.300245 0.656863 0.270308 0.660131 0.260679 0.662232 0.248599 0.661765 0.223214 0.659430 0.211310 0.651494 0.195903 0.643791 0.190476 0.633520 0.185399 0.623016 0.182773 0.616713 0.182423 0.598506 0.183999 0.588936 0.186450 0.585901 0.187850 0.580532 0.188725 0.566760 0.195028 0.556022 0.203081 0.540850 0.220238 0.538049 0.226015 0.536415 0.226891 0.532680 0.235994 0.532446 0.238796 0.541550 0.260679
1 0.525677 0.188550 0.535481 0.194853 0.546685 0.205707 0.550187 0.207633 0.555089 0.202556 0.560613 0.198413 0.568161 0.193452 0.577498 0.189076 0.574697 0.184349 0.560691 0.174895 0.553221 0.171744 0.547152 0.170168 0.536881 0.169993 0.529412 0.170693 0.517740 0.174720 0.511905 0.178922 0.509570 0.182248 0.525677 0.188550
1 0.496032 0.350140 0.507003 0.358193 0.515640 0.367472 0.518908 0.367822 0.539216 0.342262 0.551587 0.332458 0.559757 0.328081 0.564426 0.324405 0.565126 0.321078 0.562325 0.317577 0.557423 0.315301 0.547386 0.307423 0.543184 0.302871 0.539683 0.301296 0.520892 0.322742 0.503735 0.333683 0.487395 0.338936 0.483427 0.341387 0.482960 0.342087 0.496032 0.350140
0 0.511905 0.422094 0.514706 0.428922 0.525910 0.446429 0.534547 0.453256 0.539916 0.457283 0.547852 0.461310 0.550420 0.463410 0.557656 0.466737 0.574463 0.472514 0.581699 0.473564 0.586835 0.475840 0.595472 0.476190 0.598273 0.477066 0.606209 0.474965 0.609244 0.475665 0.637021 0.461835 0.644958 0.456758 0.658030 0.446254 0.671802 0.430147 0.677871 0.419293 0.686041 0.407913 0.689309 0.401085 0.693277 0.390581 0.694678 0.380077 0.692810 0.375350 0.682540 0.358543 0.677404 0.344013 0.675537 0.334384 0.672269 0.327031 0.664099 0.321254 0.651027 0.314776 0.630252 0.310224 0.618814 0.310399 0.595005 0.313725 0.569328 0.322654 0.550187 0.334209 0.539449 0.342087 0.536648 0.345413 0.519841 0.369398 0.513539 0.383578 0.509104 0.399160 0.509570 0.412640 0.511905 0.422094
0 0.676471 0.331583 0.678571 0.341737 0.682073 0.352416 0.688609 0.366246 0.695612 0.377801 0.706116 0.391457 0.717320 0.401611 0.720355 0.405287 0.725724 0.409139 0.750934 0.421744 0.761671 0.425070 0.775444 0.425070 0.782913 0.423319 0.789683 0.418242 0.796919 0.408964 0.804388 0.397934 0.806723 0.391632 0.809057 0.388655 0.814893 0.371674 0.826564 0.346289 0.830299 0.334734 0.833800 0.317577 0.835668 0.300070 0.835201 0.293067 0.832400 0.279937 0.828198 0.268908 0.823063 0.259454 0.817227 0.253852 0.810458 0.245098 0.803455 0.238796 0.790850 0.230742 0.775677 0.224265 0.765406 0.221639 0.758870 0.220588 0.747432 0.220763 0.744631 0.219888 0.737628 0.220763 0.727358 0.224090 0.716853 0.228641 0.707516 0.235994 0.702381 0.241246 0.695145 0.251576 0.689309 0.262255 0.680672 0.279937 0.678571 0.291141 0.677404 0.293417 0.675537 0.306197 0.675537 0.324755 0.676471 0.331583
1 0.679272 0.265581 0.680672 0.270658 0.682073 0.272584 0.686508 0.267507 0.691643 0.256127 0.698179 0.245098 0.709617 0.233018 0.723623 0.224965 0.733427 0.221289 0.739262 0.220413 0.747899 0.217787 0.758403 0.220413 0.763305 0.220763 0.777311 0.224790 0.793884 0.232493 0.809057 0.243347 0.817227 0.253326 0.822596 0.257703 0.824463 0.262080 0.827965 0.264181 0.831466 0.252976 0.831466 0.234069 0.826797 0.223739 0.821662 0.217437 0.815826 0.212710 0.810691 0.209734 0.790149 0.201856 0.779645 0.199755 0.759570 0.198354 0.745331 0.199055 0.727591 0.201856 0.715453 0.205532 0.708217 0.209034 0.696779 0.216737 0.689309 0.224090 0.687675 0.227241 0.684174 0.231092 0.680439 0.238270 0.679038 0.244748 0.679272 0.265581
1 0.454248 0.515581 0.454949 0.513130 0.456816 0.513130 0.458683 0.515056 0.464052 0.516632 0.466853 0.518382 0.475957 0.519958 0.484594 0.522934 0.492063 0.527136 0.497666 0.531513 0.506536 0.543242 0.508870 0.549895 0.512138 0.554447 0.516807 0.554797 0.530345 0.552521 0.541317 0.548494 0.548086 0.544468 0.555089 0.537815 0.562092 0.528711 0.566527 0.519433 0.568861 0.512080 0.571662 0.481968 0.571662 0.473915 0.569094 0.471639 0.550187 0.464986 0.537815 0.457108 0.533380 0.452731 0.527077 0.448704 0.522176 0.443627 0.518908 0.447304 0.511905 0.464986 0.510037 0.471989 0.503035 0.487745 0.500233 0.491422 0.487628 0.500350 0.481092 0.503501 0.477358 0.504552 0.453081 0.506127 0.452614 0.507003 0.453081 0.516282 0.454248 0.515581
1 0.353175 0.592087 0.357143 0.603992 0.361111 0.624650 0.366947 0.638130 0.369748 0.644083 0.375117 0.651786 0.380719 0.657913 0.390523 0.665091 0.395892 0.666842 0.406863 0.669818 0.414566 0.670343 0.435107 0.668768 0.448880 0.666317 0.457049 0.663515 0.468487 0.658088 0.476657 0.653186 0.480626 0.648985 0.491597 0.640931 0.502568 0.630077 0.510971 0.617822 0.514472 0.609244 0.517740 0.592262 0.516807 0.581232 0.510971 0.556898 0.507470 0.550245 0.506536 0.546394 0.500000 0.535014 0.491130 0.527486 0.484594 0.523985 0.475957 0.521183 0.452848 0.515231 0.451447 0.517157 0.449580 0.526436 0.446779 0.533438 0.444211 0.536940 0.443511 0.539916 0.432073 0.550245 0.420401 0.554622 0.414566 0.556022 0.411531 0.557598 0.397993 0.558999 0.373249 0.555147 0.368347 0.553571 0.362745 0.553746 0.360644 0.554622 0.359010 0.556373 0.355042 0.564076 0.352708 0.572479 0.352007 0.584909 0.353175 0.592087
1 0.250467 0.674020 0.255135 0.692577 0.259804 0.706408 0.266106 0.720413 0.272176 0.729167 0.285247 0.745273 0.295518 0.755427 0.310224 0.766807 0.324463 0.776261 0.341970 0.784489 0.348739 0.785889 0.356209 0.789041 0.366246 0.791492 0.373016 0.792367 0.394725 0.792542 0.408263 0.791667 0.415500 0.789916 0.418301 0.788165 0.421802 0.787290 0.427638 0.782738 0.431139 0.776436 0.434874 0.749125 0.435808 0.737570 0.435341 0.715511 0.436975 0.697829 0.435341 0.682248 0.433473 0.678922 0.433007 0.675245 0.432073 0.674020 0.429038 0.673144 0.425070 0.673144 0.418534 0.671569 0.408964 0.670868 0.396825 0.667717 0.390523 0.665616 0.379318 0.657738 0.369281 0.643908 0.366013 0.637255 0.360411 0.623249 0.355275 0.602591 0.352708 0.599440 0.345238 0.596989 0.319094 0.593487 0.310224 0.593662 0.303922 0.595413 0.300187 0.594888 0.293651 0.598564 0.281279 0.610819 0.272176 0.617997 0.269374 0.621148 0.250000 0.633754 0.248833 0.640231 0.248599 0.647759 0.250467 0.674020
0 0.544585 0.616246 0.552054 0.623424 0.560924 0.626926 0.564192 0.629377 0.570728 0.632178 0.584967 0.637080 0.588235 0.637430 0.596639 0.640056 0.602474 0.642507 0.618814 0.643557 0.630486 0.643032 0.633287 0.643732 0.637488 0.643382 0.640523 0.643908 0.659897 0.643382 0.692577 0.639881 0.709617 0.636555 0.751634 0.622899 0.758170 0.619048 0.777778 0.611169 0.800187 0.598739 0.809057 0.592962 0.820261 0.583683 0.823763 0.581933 0.827498 0.576681 0.832400 0.571954 0.834734 0.567402 0.837535 0.564776 0.841270 0.556548 0.841970 0.543417 0.839636 0.533088 0.836134 0.527136 0.832166 0.522934 0.820261 0.513305 0.810691 0.507703 0.789916 0.500350 0.762138 0.495623 0.755135 0.495798 0.748366 0.494048 0.731559 0.494048 0.718254 0.495798 0.711018 0.495798 0.700280 0.497724 0.675537 0.504727 0.661298 0.510679 0.651027 0.517332 0.632353 0.526961 0.626284 0.531338 0.619981 0.534489 0.580999 0.563200 0.572362 0.571954 0.563492 0.578431 0.550654 0.593137 0.546919 0.598739 0.543884 0.605917 0.543651 0.612745 0.544585 0.616246
1 0.450980 0.717437 0.455182 0.726541 0.461485 0.736520 0.465920 0.741947 0.481326 0.754202 0.495565 0.762780 0.508637 0.766457 0.514472 0.766982 0.522642 0.766632 0.530112 0.767857 0.538515 0.766457 0.545985 0.766106 0.563959 0.759279 0.571429 0.755602 0.581699 0.748249 0.584034 0.745623 0.599673 0.733193 0.610878 0.719713 0.616246 0.706583 0.617414 0.696254 0.617180 0.685224 0.615546 0.675770 0.612045 0.661765 0.608543 0.654412 0.603175 0.646709 0.595472 0.640581 0.581466 0.637430 0.565359 0.631303 0.551354 0.624825 0.543184 0.618697 0.525444 0.619223 0.514472 0.621324 0.511204 0.622549 0.496965 0.637255 0.492297 0.643382 0.474323 0.656513 0.467320 0.659489 0.451214 0.668417 0.447712 0.686450 0.447479 0.700105 0.450980 0.717437
1 0.368347 0.810924 0.387955 0.831933 0.404062 0.845413 0.426704 0.862395 0.456816 0.888831 0.470121 0.898284 0.476891 0.900035 0.481559 0.899685 0.487162 0.900735 0.498599 0.899160 0.504902 0.897409 0.512372 0.894083 0.515873 0.891282 0.518908 0.890406 0.526377 0.884454 0.533613 0.876225 0.540383 0.865546 0.544351 0.855917 0.545051 0.849965 0.547852 0.841912 0.548553 0.822304 0.545051 0.807248 0.542951 0.802871 0.540616 0.793943 0.534314 0.782038 0.525677 0.769958 0.522642 0.768732 0.509104 0.767682 0.494631 0.763130 0.482960 0.756127 0.468021 0.744923 0.457983 0.733543 0.450747 0.720588 0.447246 0.709909 0.442344 0.705182 0.439076 0.703606 0.437208 0.712535 0.436275 0.748074 0.435107 0.751401 0.432306 0.775210 0.428805 0.782738 0.422269 0.787815 0.414799 0.790791 0.407796 0.792192 0.379552 0.793242 0.362745 0.790616 0.360177 0.790966 0.359244 0.792017 0.360878 0.800245 0.368347 0.810924
1 0.549020 0.773459 0.555789 0.787640 0.562325 0.797794 0.573296 0.811450 0.645425 0.874825 0.656396 0.885854 0.665733 0.892332 0.676237 0.897234 0.684407 0.902136 0.693744 0.904062 0.700980 0.904237 0.709851 0.902836 0.722923 0.894258 0.729458 0.888480 0.735528 0.879027 0.738095 0.869223 0.739496 0.853116 0.738562 0.841912 0.732960 0.819678 0.725957 0.800245 0.720121 0.791141 0.705882 0.786590 0.695612 0.784314 0.682306 0.779762 0.672035 0.774335 0.660131 0.769258 0.650327 0.763305 0.638422 0.753151 0.624183 0.738095 0.621148 0.734594 0.614613 0.722689 0.612979 0.721639 0.609010 0.722689 0.607143 0.726366 0.602941 0.730217 0.599673 0.734769 0.587302 0.745098 0.572829 0.755777 0.560691 0.761905 0.551587 0.765406 0.548553 0.767857 0.548086 0.769783 0.549020 0.773459
1 0.616947 0.666492 0.619981 0.684174 0.617647 0.706057 0.614613 0.717437 0.614613 0.720763 0.621849 0.734244 0.632820 0.748249 0.651261 0.763130 0.661298 0.769608 0.689076 0.781688 0.699113 0.784664 0.729925 0.791492 0.749066 0.791317 0.759570 0.789741 0.772409 0.783964 0.779412 0.778536 0.782680 0.777486 0.790383 0.772234 0.798786 0.762955 0.803688 0.752801 0.807423 0.740896 0.811158 0.723564 0.811391 0.710084 0.813025 0.703782 0.814192 0.688550 0.811858 0.674370 0.807656 0.662465 0.804388 0.655987 0.797386 0.647234 0.778945 0.632528 0.765173 0.625175 0.758870 0.623249 0.754435 0.623249 0.747199 0.624475 0.734360 0.629552 0.720355 0.633228 0.712418 0.636380 0.703315 0.637780 0.696078 0.639881 0.658263 0.644433 0.638889 0.644608 0.633987 0.643908 0.615546 0.644433 0.611811 0.643908 0.608310 0.646359 0.607843 0.647409 0.616947 0.666492
1 0.793184 0.642507 0.799020 0.646884 0.805789 0.655812 0.812325 0.670343 0.814893 0.681898 0.815826 0.692927 0.818394 0.696954 0.823996 0.701681 0.841970 0.711835 0.853641 0.716387 0.862512 0.721289 0.872316 0.723389 0.907330 0.739321 0.915033 0.742122 0.918534 0.742297 0.923903 0.743873 0.932773 0.747899 0.939076 0.748599 0.944444 0.750175 0.955182 0.751401 0.977358 0.750875 0.987862 0.744223 0.992530 0.742122 0.997899 0.734419 0.999767 0.733193 0.999767 0.672094 0.997666 0.670693 0.996032 0.664916 0.989262 0.654062 0.977591 0.640406 0.969188 0.632003 0.960551 0.624825 0.942810 0.612220 0.938609 0.610644 0.917367 0.597689 0.897526 0.588936 0.876751 0.581232 0.869748 0.580182 0.850607 0.586310 0.842437 0.588235 0.830065 0.589636 0.817694 0.589286 0.814192 0.590861 0.805556 0.597339 0.792250 0.605217 0.787582 0.609244 0.785247 0.612570 0.783147 0.620973 0.783847 0.633403 0.793184 0.642507
1 0.897526 0.525910 0.903828 0.541667 0.908964 0.550245 0.911298 0.553922 0.916667 0.558824 0.919935 0.564426 0.925070 0.570028 0.933707 0.575280 0.940710 0.576856 0.945845 0.580007 0.952848 0.582458 0.962185 0.584209 0.971522 0.584909 0.980859 0.584034 0.983660 0.583158 0.987862 0.583158 0.999767 0.578081 0.999767 0.399860 0.990896 0.397234 0.983894 0.396183 0.964286 0.396183 0.953315 0.398284 0.946545 0.400385 0.939076 0.403186 0.926004 0.409489 0.915266 0.417192 0.901027 0.430672 0.892157 0.446429 0.887722 0.463761 0.888189 0.483543 0.897526 0.525910
1 0.752101 0.491422 0.754202 0.493873 0.771475 0.495798 0.789216 0.499650 0.811158 0.507528 0.827264 0.518207 0.830766 0.521359 0.839636 0.532213 0.841503 0.536239 0.843137 0.545343 0.841970 0.557423 0.840103 0.561975 0.831699 0.573880 0.828198 0.576681 0.820962 0.585084 0.821662 0.587710 0.827031 0.588585 0.835901 0.588060 0.855742 0.583683 0.871148 0.576856 0.879552 0.571429 0.894024 0.556197 0.899393 0.546218 0.901261 0.539566 0.893557 0.515931 0.887955 0.490021 0.886321 0.472864 0.887488 0.458859 0.889589 0.450630 0.889356 0.445903 0.887488 0.442752 0.877918 0.432248 0.874416 0.429972 0.869981 0.428922 0.841970 0.432248 0.827031 0.431723 0.809757 0.428922 0.801120 0.426296 0.795985 0.423669 0.789449 0.423319 0.785014 0.425245 0.779412 0.429622 0.763539 0.445553 0.762605 0.448354 0.757703 0.455007 0.752801 0.467087 0.751167 0.473389 0.750700 0.485119 0.752101 0.491422
1 0.675070 0.430497 0.684641 0.438025 0.686975 0.440301 0.689076 0.444153 0.692577 0.446429 0.697012 0.446429 0.703081 0.449755 0.709384 0.451506 0.726657 0.453782 0.735061 0.453782 0.742297 0.451856 0.753735 0.440651 0.760738 0.428746 0.760271 0.425245 0.744865 0.419468 0.727824 0.410539 0.714286 0.400035 0.696078 0.381828 0.693277 0.394258 0.691176 0.399510 0.686741 0.408263 0.675303 0.425945 0.674136 0.428571 0.675070 0.430497
1 0.633520 0.310049 0.644958 0.312850 0.654762 0.316176 0.671802 0.324580 0.673903 0.323529 0.675070 0.318627 0.674837 0.306197 0.676237 0.297094 0.674837 0.293067 0.665033 0.292367 0.654062 0.293768 0.642157 0.299370 0.634454 0.303922 0.631419 0.307248 0.633520 0.310049
1 0.829599 0.339986 0.813959 0.375175 0.808357 0.391632 0.790616 0.418417 0.799720 0.423845 0.813025 0.428922 0.824463 0.430847 0.842204 0.431548 0.852007 0.430847 0.869981 0.426996 0.876284 0.423845 0.880019 0.422794 0.894024 0.415616 0.902194 0.409839 0.909197 0.403536 0.916433 0.392157 0.923669 0.375350 0.923903 0.365721 0.919701 0.348915 0.915033 0.338585 0.907796 0.328081 0.898226 0.320203 0.883754 0.311450 0.865780 0.305322 0.841970 0.301821 0.838469 0.301821 0.836368 0.303922 0.834967 0.317052 0.829599 0.339986
1 0.886088 0.306022 0.891690 0.314076 0.909897 0.329132 0.916900 0.340161 0.920868 0.348214 0.926471 0.366597 0.942577 0.379727 0.945145 0.380777 0.953081 0.386730 0.963119 0.392857 0.969888 0.394958 0.986228 0.395308 0.999767 0.397059 0.999767 0.268908 0.998133 0.268908 0.982493 0.258053 0.966620 0.250350 0.953315 0.246674 0.942810 0.244748 0.932306 0.244748 0.924837 0.246148 0.918301 0.248249 0.909664 0.252976 0.897059 0.258053 0.890523 0.262430 0.887255 0.265406 0.883520 0.270658 0.881186 0.279412 0.881653 0.292717 0.886088 0.306022
1 0.570962 0.514006 0.572829 0.533263 0.574697 0.542192 0.577965 0.551646 0.581466 0.557073 0.584500 0.558473 0.588469 0.557073 0.594771 0.551821 0.630719 0.527486 0.640990 0.522584 0.663399 0.509629 0.675537 0.504377 0.685574 0.501751 0.689776 0.499825 0.707516 0.496148 0.711485 0.494748 0.710784 0.487220 0.707750 0.476015 0.695612 0.456933 0.692110 0.449755 0.685341 0.441352 0.682306 0.439426 0.677638 0.434174 0.675303 0.432598 0.671802 0.431898 0.664566 0.438901 0.656396 0.449055 0.650560 0.452731 0.642157 0.459559 0.626984 0.467962 0.602708 0.476541 0.591503 0.475665 0.588002 0.474440 0.577498 0.473039 0.573763 0.473915 0.573063 0.476716 0.570962 0.501751 0.570962 0.514006
1 0.517740 0.580357 0.517974 0.594013 0.517040 0.601891 0.512372 0.616246 0.512838 0.617997 0.515640 0.619398 0.541083 0.617472 0.543417 0.616422 0.542017 0.612045 0.542484 0.607143 0.544351 0.602066 0.548553 0.595063 0.559290 0.582108 0.578898 0.564601 0.581232 0.560749 0.572129 0.539741 0.570962 0.533789 0.564192 0.532738 0.563259 0.533789 0.560691 0.534139 0.549486 0.544118 0.544351 0.547269 0.529645 0.552696 0.515406 0.554622 0.512372 0.556373 0.512372 0.560924 0.517740 0.580357
1 0.892390 0.559349 0.873483 0.578081 0.875817 0.579832 0.894725 0.586660 0.904528 0.591912 0.919234 0.597689 0.952848 0.618347 0.977358 0.637605 0.980626 0.638130 0.987862 0.632703 0.991130 0.631828 0.997043 0.627568 0.999767 0.626926 0.994398 0.616246 0.989496 0.602591 0.988329 0.596289 0.987862 0.584559 0.984127 0.583859 0.974090 0.585609 0.963352 0.584909 0.949580 0.581933 0.937675 0.577031 0.931606 0.575280 0.927404 0.572654 0.918534 0.564601 0.914566 0.558123 0.906629 0.548319 0.904528 0.544118 0.901027 0.544468 0.896359 0.553922 0.892390 0.559349
1 0.245565 0.932773 0.248133 0.946254 0.251167 0.956408 0.258637 0.974090 0.264706 0.985644 0.272409 0.994398 0.277311 0.997724 0.277778 0.999825 0.335201 0.999825 0.337068 0.997899 0.364846 0.995098 0.373249 0.992822 0.380252 0.989671 0.388422 0.985294 0.394958 0.979867 0.406629 0.972339 0.409897 0.968838 0.422035 0.959034 0.423669 0.956057 0.430205 0.949580 0.443978 0.926471 0.450280 0.911765 0.452381 0.903887 0.454248 0.890231 0.453315 0.887605 0.450047 0.883754 0.445612 0.880602 0.442577 0.876751 0.434874 0.869923 0.386088 0.831232 0.372082 0.817402 0.366246 0.810749 0.363912 0.806723 0.359477 0.804272 0.352474 0.803922 0.348273 0.807073 0.348039 0.809524 0.349440 0.817402 0.350373 0.840686 0.348973 0.855917 0.341970 0.875875 0.335668 0.885504 0.327498 0.891982 0.320028 0.896183 0.314192 0.898459 0.302988 0.901436 0.271709 0.903711 0.251634 0.900210 0.250233 0.900560 0.248133 0.901611 0.246965 0.904062 0.245331 0.914216 0.244631 0.921919 0.245565 0.932773
1 0.540850 0.790966 0.547386 0.810749 0.549720 0.827381 0.549020 0.831232 0.549486 0.838761 0.547386 0.852241 0.540850 0.866422 0.533147 0.877976 0.526377 0.885504 0.516807 0.892682 0.512138 0.895133 0.505135 0.898284 0.498366 0.900210 0.488796 0.901611 0.481326 0.901436 0.472923 0.900035 0.466853 0.896709 0.465686 0.897409 0.466153 0.901085 0.470121 0.910014 0.500934 0.953431 0.518908 0.973915 0.532680 0.987395 0.537582 0.991246 0.546685 0.997374 0.549020 0.997899 0.549486 0.999825 0.598973 0.999825 0.599673 0.997724 0.605742 0.995273 0.616480 0.987745 0.626751 0.977591 0.631186 0.971464 0.637255 0.960259 0.644024 0.942577 0.646125 0.930847 0.646825 0.911239 0.645658 0.898109 0.642157 0.883754 0.637021 0.869573 0.633987 0.865896 0.615079 0.848214 0.593838 0.831408 0.586134 0.823354 0.571895 0.810924 0.569094 0.806723 0.565593 0.803746 0.560224 0.796919 0.551120 0.781863 0.544118 0.779937 0.542484 0.780112 0.540616 0.781688 0.538515 0.786590 0.540850 0.790966
1 0.643324 0.949055 0.642624 0.956583 0.646825 0.971989 0.650794 0.978817 0.658263 0.985294 0.666667 0.989321 0.672969 0.993347 0.684874 0.996849 0.694678 0.997899 0.695378 0.999825 0.732493 0.999825 0.732493 0.998249 0.733427 0.997899 0.751634 0.996148 0.772176 0.987920 0.776611 0.983894 0.793884 0.972514 0.804855 0.963585 0.825397 0.937850 0.834967 0.921569 0.839402 0.911765 0.844071 0.897584 0.846405 0.886380 0.846639 0.869573 0.842670 0.866071 0.821195 0.857143 0.818627 0.855042 0.782213 0.835084 0.771008 0.827556 0.764939 0.824930 0.759337 0.821429 0.746732 0.815651 0.740896 0.814776 0.736228 0.817052 0.734127 0.820903 0.739963 0.845238 0.740430 0.856443 0.739496 0.866422 0.735528 0.879902 0.728058 0.890231 0.712652 0.901961 0.708450 0.903711 0.701914 0.905112 0.685574 0.902661 0.679038 0.900210 0.673903 0.896884 0.667600 0.894433 0.661064 0.889181 0.657796 0.887780 0.656162 0.887955 0.654528 0.888305 0.652661 0.890406 0.650327 0.901436 0.648926 0.904062 0.646592 0.936625 0.643324 0.949055
1 0.810924 0.730917 0.806489 0.748074 0.799486 0.762430 0.794118 0.769083 0.776611 0.782038 0.762138 0.789566 0.748366 0.792017 0.727358 0.791492 0.724790 0.793417 0.728525 0.800245 0.742764 0.811800 0.814426 0.852591 0.827731 0.859419 0.845472 0.865896 0.851307 0.868697 0.856676 0.869923 0.862745 0.872374 0.877451 0.873599 0.887021 0.872024 0.899160 0.866947 0.908263 0.860644 0.916200 0.852416 0.922502 0.842787 0.926004 0.830182 0.926937 0.811625 0.923203 0.794293 0.920401 0.788690 0.920168 0.786239 0.918067 0.783263 0.914099 0.773634 0.905929 0.763480 0.887722 0.744748 0.871849 0.731793 0.864613 0.724790 0.852241 0.717612 0.833100 0.708333 0.821195 0.700980 0.817694 0.699405 0.814659 0.700630 0.812325 0.710084 0.810924 0.730917
1 0.851774 0.916492 0.858777 0.931898 0.865780 0.942752 0.881653 0.960084 0.897292 0.970938 0.917600 0.981793 0.934641 0.986695 0.939309 0.988971 0.942577 0.989496 0.946078 0.988270 0.952848 0.990721 0.957049 0.990371 0.959617 0.991422 0.963819 0.990371 0.977358 0.991246 0.983193 0.988796 0.991363 0.987570 0.994865 0.985294 0.997899 0.979692 0.999767 0.979517 0.999767 0.862920 0.998133 0.862920 0.995098 0.861345 0.987395 0.854867 0.972222 0.834209 0.969188 0.831583 0.956349 0.807248 0.952848 0.803221 0.946545 0.792192 0.940476 0.779412 0.933240 0.768557 0.928571 0.765056 0.922035 0.763831 0.914566 0.764356 0.912932 0.765581 0.911298 0.768908 0.914099 0.771183 0.918067 0.780462 0.923203 0.788866 0.924603 0.797269 0.927171 0.805147 0.928338 0.817052 0.927871 0.824755 0.926471 0.833333 0.922269 0.845588 0.917367 0.852766 0.909197 0.860819 0.901261 0.866947 0.892390 0.871148 0.887021 0.873074 0.878852 0.874300 0.872316 0.874300 0.856443 0.871499 0.854108 0.872024 0.850140 0.876751 0.846639 0.894783 0.846405 0.901436 0.851774 0.916492
1 0.931606 0.759454 0.935808 0.770483 0.940943 0.779937 0.943744 0.783438 0.949346 0.796043 0.969888 0.830882 0.982726 0.846639 0.987628 0.853992 0.994631 0.860119 0.999767 0.861169 0.999767 0.737045 0.997899 0.737395 0.992997 0.742822 0.988095 0.745973 0.980626 0.749825 0.973156 0.751926 0.969421 0.752451 0.956583 0.752276 0.942810 0.750350 0.933007 0.747899 0.930906 0.748249 0.929505 0.750175 0.929272 0.751926 0.931606 0.759454
1 0.988562 0.596113 0.990663 0.605742 0.998133 0.622024 0.999767 0.622024 0.999767 0.578782 0.998133 0.578782 0.994398 0.580357 0.989262 0.583859 0.988562 0.584909 0.988562 0.596113
1 0.000000 0.280812 0.012372 0.282038 0.033147 0.286590 0.046919 0.288340 0.054388 0.279412 0.060924 0.265756 0.060691 0.262080 0.053922 0.251225 0.038749 0.244573 0.025910 0.242122 0.016573 0.242647 0.003968 0.244398 0.000000 0.245098 0.000000 0.280812