0 0.220588 0.290091 0.223156 0.296744 0.230392 0.307948 0.234360 0.311275 0.236368 0.313789 0.237468 0.316060 0.239313 0.316521 0.241475 0.318030 0.243620 0.318828 0.248405 0.323775 0.257236 0.328256 0.265640 0.333333 0.270308 0.334559 0.290149 0.336835 0.310691 0.341562 0.337535 0.351716 0.343137 0.355042 0.348973 0.359769 0.352708 0.360994 0.390523 0.362745 0.394024 0.363796 0.396825 0.363095 0.422736 0.361345 0.430205 0.359594 0.443044 0.358018 0.446078 0.356968 0.469888 0.354167 0.482960 0.351541 0.488329 0.351366 0.504902 0.347864 0.546685 0.337010 0.554155 0.334034 0.562325 0.329482 0.573763 0.325280 0.584267 0.319153 0.597806 0.308123 0.605275 0.291141 0.610878 0.271534 0.610177 0.265581 0.599673 0.255602 0.591270 0.241947 0.584267 0.227416 0.581933 0.217262 0.579365 0.212360 0.566760 0.202731 0.550887 0.193452 0.547619 0.190826 0.523576 0.179622 0.518908 0.176821 0.507937 0.173845 0.487628 0.166141 0.464052 0.160539 0.419234 0.155987 0.408497 0.156338 0.390756 0.158088 0.387021 0.159314 0.383520 0.159139 0.380019 0.160714 0.369981 0.163165 0.362979 0.165791 0.352007 0.171919 0.341970 0.176120 0.334034 0.181197 0.325163 0.185574 0.315126 0.188901 0.279178 0.205882 0.262138 0.215686 0.242997 0.229517 0.230626 0.244573 0.221289 0.258754 0.218954 0.265406 0.218721 0.278711 0.220588 0.290091
0 0.580766 0.210084 0.583567 0.216737 0.586368 0.227066 0.592204 0.240896 0.602941 0.255952 0.612045 0.265406 0.627918 0.276085 0.632353 0.279937 0.647292 0.286064 0.658030 0.292192 0.678338 0.298494 0.690243 0.299720 0.699113 0.301996 0.716153 0.303922 0.738562 0.305497 0.773343 0.306548 0.794118 0.305322 0.800654 0.304622 0.802988 0.303746 0.824697 0.301996 0.868581 0.293417 0.909430 0.281162 0.933473 0.270658 0.945612 0.264356 0.966620 0.249825 0.980159 0.234244 0.987162 0.223739 0.992063 0.209909 0.994164 0.200455 0.995798 0.181723 0.994164 0.168417 0.989029 0.154237 0.980626 0.143557 0.975724 0.135154 0.966620 0.128852 0.961951 0.122724 0.956583 0.119398 0.953782 0.118697 0.943511 0.110994 0.936041 0.106968 0.924837 0.104517 0.890523 0.090161 0.884921 0.092087 0.883053 0.091912 0.880486 0.090511 0.873016 0.089986 0.866947 0.088585 0.859244 0.089111 0.855976 0.088410 0.843137 0.088235 0.838702 0.087535 0.834734 0.087885 0.827965 0.086835 0.813492 0.090686 0.796919 0.093662 0.789449 0.096464 0.782913 0.096989 0.777544 0.098915 0.770075 0.100315 0.717320 0.118522 0.709851 0.121324 0.706816 0.123424 0.700280 0.125175 0.647526 0.143732 0.633053 0.151085 0.627918 0.152661 0.613912 0.159139 0.591270 0.177521 0.586368 0.183123 0.582633 0.189076 0.580766 0.196078 0.580766 0.210084
0 0.292717 0.604342 0.294585 0.608894 0.299486 0.616597 0.305556 0.623249 0.311391 0.626926 0.314659 0.630077 0.325163 0.634454 0.328898 0.636905 0.338235 0.639006 0.348739 0.643207 0.352708 0.643382 0.363212 0.645658 0.369514 0.646008 0.375817 0.647584 0.388422 0.648109 0.400794 0.649685 0.423669 0.650210 0.439076 0.651786 0.519141 0.648634 0.521709 0.647934 0.533613 0.648284 0.537115 0.647759 0.540149 0.648284 0.560458 0.646709 0.575397 0.642857 0.585901 0.639006 0.588469 0.639356 0.616013 0.626401 0.619748 0.622549 0.623249 0.621849 0.630019 0.618522 0.633053 0.615196 0.637722 0.612570 0.640990 0.608718 0.649860 0.604342 0.660364 0.593312 0.665266 0.591912 0.678571 0.577906 0.681839 0.572654 0.686508 0.568102 0.693044 0.554972 0.697479 0.543417 0.699113 0.529587 0.697012 0.515231 0.692810 0.506127 0.687442 0.499475 0.678805 0.483543 0.665500 0.466737 0.657796 0.463761 0.651027 0.459559 0.648459 0.459384 0.636788 0.454132 0.634454 0.454132 0.630252 0.452556 0.622549 0.451506 0.619514 0.450280 0.616013 0.450455 0.612979 0.449405 0.587068 0.447654 0.517507 0.452381 0.477358 0.457983 0.432540 0.467962 0.397526 0.478291 0.396125 0.479517 0.390523 0.481268 0.367880 0.493873 0.357610 0.497724 0.348039 0.504027 0.333567 0.511204 0.329365 0.514181 0.324930 0.518732 0.316993 0.523985 0.310924 0.534139 0.308357 0.536415 0.299720 0.548494 0.296218 0.560399 0.291550 0.571078 0.289449 0.581933 0.289449 0.592612 0.292717 0.604342
0 0.200514 0.775210 0.203081 0.782738 0.206116 0.786239 0.209384 0.793768 0.223623 0.808999 0.236384 0.819620 0.241597 0.822479 0.242997 0.825105 0.246965 0.827206 0.251634 0.831408 0.265640 0.839811 0.275210 0.842962 0.279879 0.845413 0.287815 0.847514 0.300887 0.852416 0.307890 0.854167 0.339402 0.858894 0.348506 0.860994 0.369748 0.862395 0.428571 0.857493 0.457049 0.853641 0.462652 0.852241 0.483193 0.850490 0.487628 0.848739 0.495565 0.849090 0.504902 0.848039 0.520775 0.842087 0.525910 0.841562 0.537582 0.837010 0.553922 0.832458 0.561391 0.828081 0.567460 0.826155 0.572129 0.823004 0.581699 0.818452 0.585668 0.814601 0.589169 0.812850 0.592904 0.808999 0.596639 0.806548 0.603875 0.797619 0.607843 0.790266 0.612045 0.776085 0.612745 0.761204 0.614613 0.757528 0.615780 0.751751 0.614613 0.748424 0.615079 0.744048 0.613445 0.730217 0.612278 0.723739 0.609477 0.716211 0.600607 0.703081 0.588235 0.691001 0.582633 0.688025 0.574697 0.681898 0.567460 0.678396 0.564192 0.677696 0.561625 0.674895 0.557190 0.673144 0.546452 0.667017 0.529879 0.662815 0.521475 0.659139 0.516573 0.658088 0.509804 0.655462 0.490430 0.655987 0.484827 0.654237 0.471055 0.652836 0.453081 0.653361 0.432306 0.656513 0.407796 0.663340 0.401027 0.664391 0.371148 0.672094 0.352241 0.675770 0.344538 0.679272 0.342204 0.678746 0.338469 0.679097 0.286648 0.694153 0.245098 0.707808 0.230859 0.714811 0.216153 0.723915 0.206116 0.734419 0.204949 0.738270 0.200980 0.744748 0.199346 0.751401 0.198413 0.763130 0.200514 0.775210
0 0.000000 0.494923 0.001634 0.494923 0.004902 0.497724 0.011905 0.500000 0.036648 0.505602 0.085201 0.512255 0.105976 0.515756 0.145658 0.520133 0.154762 0.519608 0.165266 0.521709 0.188609 0.524335 0.220588 0.525035 0.241130 0.523810 0.258170 0.521709 0.265873 0.520133 0.275210 0.516982 0.279412 0.516807 0.284547 0.512780 0.289916 0.511380 0.299486 0.507178 0.307423 0.505952 0.314426 0.501576 0.319795 0.499475 0.327498 0.493697 0.334967 0.491597 0.345472 0.484244 0.353408 0.477416 0.355976 0.473915 0.362745 0.468838 0.372549 0.454482 0.376984 0.450455 0.378151 0.448179 0.383754 0.425245 0.383287 0.418242 0.381186 0.411064 0.376751 0.401085 0.369048 0.390931 0.365313 0.382878 0.362045 0.379902 0.359244 0.375000 0.356443 0.372549 0.349673 0.362745 0.341036 0.357143 0.339169 0.355042 0.318627 0.346289 0.297386 0.340161 0.281746 0.337185 0.269841 0.336310 0.261905 0.334384 0.231559 0.332283 0.186508 0.331933 0.164566 0.332458 0.146359 0.333859 0.130019 0.335609 0.121148 0.337710 0.105509 0.339286 0.088702 0.342087 0.073996 0.345763 0.063959 0.346464 0.053688 0.348564 0.036181 0.353817 0.026144 0.358193 0.014006 0.365546 0.004669 0.369748 0.001634 0.373074 0.000000 0.373074 0.000000 0.494923
1 0.000000 0.000000 0.000000 0.063725 0.008170 0.063725 0.025210 0.061450 0.052288 0.059349 0.081232 0.059874 0.108310 0.061275 0.140056 0.065301 0.157796 0.068452 0.162465 0.068627 0.206116 0.062500 0.223856 0.055497 0.235061 0.046919 0.241597 0.037640 0.244164 0.031513 0.251634 0.018732 0.254202 0.008929 0.254902 0.000000 0.000000 0.000000
1 0.272642 0.000000 0.272642 0.001576 0.267507 0.007878 0.261204 0.022584 0.259104 0.030112 0.257236 0.042892 0.256303 0.051471 0.257003 0.064776 0.260504 0.074580 0.264939 0.083333 0.270075 0.089111 0.279412 0.094538 0.300187 0.100840 0.320962 0.104692 0.339402 0.106092 0.369748 0.103291 0.373483 0.102066 0.376984 0.102241 0.387021 0.100140 0.390523 0.100315 0.399860 0.099090 0.408263 0.098564 0.430439 0.099090 0.459150 0.103291 0.481326 0.109419 0.488329 0.110294 0.512138 0.105217 0.519374 0.103116 0.533147 0.097689 0.551120 0.089111 0.571195 0.074755 0.589402 0.053922 0.595005 0.042717 0.597106 0.032038 0.596405 0.007178 0.595238 0.004202 0.591503 0.001576 0.591503 0.000000 0.272642 0.000000
1 0.595472 0.000000 0.595472 0.001576 0.598973 0.002276 0.604809 0.006127 0.637255 0.019083 0.662232 0.027136 0.671102 0.028711 0.691877 0.035014 0.727358 0.048845 0.738562 0.051821 0.758403 0.055497 0.786881 0.057598 0.821429 0.054797 0.838702 0.050420 0.857610 0.044293 0.866713 0.039566 0.873483 0.037290 0.886321 0.031338 0.901027 0.023284 0.915033 0.011204 0.917600 0.006828 0.919701 0.004902 0.921102 0.000000 0.595472 0.000000
1 0.569795 0.116772 0.572362 0.123424 0.576097 0.128676 0.577965 0.133929 0.580065 0.135854 0.582400 0.140056 0.584967 0.140931 0.609010 0.125000 0.643091 0.105392 0.661531 0.097864 0.669935 0.093662 0.678805 0.091211 0.691176 0.086310 0.704015 0.082283 0.714286 0.077906 0.747666 0.068277 0.769841 0.062675 0.775677 0.060399 0.773576 0.058824 0.769374 0.057598 0.731559 0.050945 0.699346 0.038340 0.675303 0.030812 0.665500 0.029062 0.657796 0.028887 0.637255 0.032913 0.633520 0.033088 0.623016 0.035714 0.610644 0.041667 0.594304 0.053046 0.583333 0.064076 0.573063 0.078431 0.569328 0.087885 0.568627 0.096814 0.569795 0.116772
1 0.553688 0.192752 0.574463 0.206758 0.577965 0.207808 0.579365 0.206408 0.579365 0.196429 0.582166 0.187675 0.583333 0.185399 0.590803 0.177171 0.599440 0.169818 0.603175 0.167542 0.611811 0.159489 0.650327 0.141982 0.678805 0.132878 0.709851 0.121324 0.719888 0.118347 0.725724 0.115721 0.749066 0.108543 0.767507 0.101366 0.783147 0.096814 0.791550 0.095588 0.796685 0.093662 0.804155 0.092787 0.807423 0.091562 0.815593 0.090861 0.829365 0.087710 0.857143 0.088410 0.866480 0.089111 0.881653 0.091912 0.887021 0.091912 0.889122 0.090161 0.889122 0.087360 0.887255 0.084734 0.882120 0.080532 0.880019 0.077381 0.859244 0.063375 0.845238 0.057948 0.838469 0.057073 0.830299 0.056197 0.813725 0.056373 0.788982 0.058648 0.778945 0.060049 0.775444 0.061625 0.768674 0.062850 0.757470 0.066352 0.744631 0.068978 0.726657 0.075105 0.713585 0.078256 0.668301 0.095063 0.647526 0.103992 0.637955 0.109944 0.631186 0.112745 0.612979 0.123249 0.584734 0.142682 0.567227 0.161239 0.562325 0.168943 0.558123 0.177871 0.553922 0.182073 0.553922 0.186275 0.551587 0.188200 0.551354 0.189251 0.553688 0.192752
1 0.891457 0.088585 0.900794 0.093838 0.911998 0.098739 0.916433 0.099790 0.932773 0.106443 0.939076 0.108193 0.950514 0.114846 0.964753 0.125350 0.975957 0.135679 0.989029 0.152836 0.992530 0.160014 0.996732 0.173669 0.997199 0.192752 0.995098 0.199580 0.993931 0.211485 0.990896 0.219538 0.982726 0.230917 0.982493 0.234244 0.998133 0.241947 0.999767 0.241947 0.999767 0.116071 0.997899 0.115896 0.995565 0.112220 0.985994 0.103466 0.971522 0.093838 0.958450 0.087010 0.945845 0.082283 0.929038 0.078606 0.915033 0.078957 0.904528 0.079657 0.897292 0.081057 0.891923 0.082808 0.889823 0.084209 0.889589 0.085259 0.891457 0.088585
1 0.220121 0.186800 0.222923 0.199230 0.230626 0.213936 0.240896 0.225490 0.244631 0.226891 0.266807 0.211835 0.293417 0.198179 0.300187 0.195728 0.309991 0.190301 0.317460 0.187850 0.331466 0.181723 0.338469 0.177346 0.362278 0.165616 0.369748 0.163515 0.376284 0.160714 0.387488 0.157913 0.406629 0.155637 0.420168 0.155287 0.432306 0.156338 0.439076 0.157738 0.467087 0.160189 0.489496 0.166317 0.494631 0.168768 0.521942 0.177696 0.546452 0.190126 0.548786 0.189601 0.550654 0.187500 0.560458 0.167892 0.554622 0.157038 0.540383 0.142157 0.525910 0.131478 0.508870 0.121674 0.484594 0.111870 0.456349 0.103992 0.427871 0.099615 0.413165 0.099265 0.387488 0.101366 0.347572 0.107143 0.326797 0.110994 0.290149 0.121148 0.276377 0.126225 0.261438 0.132528 0.254902 0.136029 0.248833 0.139531 0.237628 0.148109 0.228525 0.157388 0.223156 0.166141 0.221522 0.170693 0.219888 0.178046 0.220121 0.186800
1 0.000000 0.369573 0.001634 0.369573 0.008403 0.366947 0.029178 0.355742 0.045985 0.349965 0.059524 0.346464 0.076097 0.344013 0.091970 0.340511 0.102241 0.339636 0.108310 0.337885 0.143557 0.333333 0.167834 0.331408 0.242764 0.331933 0.254902 0.331933 0.256069 0.331408 0.253735 0.328081 0.247199 0.323529 0.243697 0.319853 0.239496 0.317927 0.231559 0.310924 0.225957 0.304622 0.221055 0.296043 0.217787 0.286415 0.216853 0.279762 0.217320 0.268207 0.215686 0.265581 0.212418 0.264356 0.196312 0.261380 0.176704 0.260154 0.170168 0.260504 0.161298 0.259804 0.156863 0.260329 0.150327 0.259629 0.116013 0.260854 0.100140 0.260679 0.073996 0.261555 0.060691 0.262780 0.040383 0.265056 0.004902 0.270308 0.001867 0.271534 0.000000 0.271534 0.000000 0.369573
1 0.000000 0.248775 0.004669 0.249650 0.024276 0.250350 0.039449 0.251926 0.079365 0.252976 0.114146 0.250000 0.123950 0.247199 0.131186 0.243873 0.140289 0.241597 0.144725 0.239671 0.152661 0.235819 0.178571 0.219013 0.195378 0.204132 0.204248 0.193978 0.210084 0.185749 0.212418 0.179097 0.214753 0.175595 0.220355 0.162815 0.221989 0.157563 0.222456 0.148284 0.220355 0.133754 0.214986 0.119573 0.211018 0.112045 0.202848 0.102941 0.200047 0.097864 0.186275 0.085609 0.172736 0.076681 0.157563 0.070553 0.137255 0.066176 0.131886 0.066001 0.101774 0.061975 0.085668 0.061275 0.072596 0.061625 0.057890 0.060574 0.025910 0.062500 0.004902 0.065651 0.000000 0.067052 0.000000 0.248775
1 0.379552 0.462185 0.380486 0.474090 0.382353 0.481092 0.383520 0.482493 0.398226 0.477591 0.400794 0.475840 0.421802 0.469713 0.429505 0.468312 0.433473 0.466737 0.446078 0.464811 0.474790 0.457283 0.481326 0.456758 0.490196 0.454657 0.518908 0.451506 0.543884 0.449755 0.546685 0.448880 0.564659 0.448529 0.580999 0.446779 0.595238 0.447304 0.598506 0.448004 0.606209 0.446954 0.613212 0.449055 0.629785 0.451331 0.634687 0.453081 0.640056 0.453957 0.644258 0.455532 0.647292 0.457633 0.657796 0.461485 0.661531 0.464111 0.664799 0.464986 0.668301 0.467787 0.683940 0.488620 0.688609 0.498074 0.691643 0.502101 0.692577 0.503151 0.696078 0.502976 0.703315 0.498249 0.696545 0.488620 0.693044 0.471113 0.694678 0.456057 0.699580 0.442752 0.707750 0.429097 0.719188 0.415966 0.741363 0.397759 0.742297 0.394083 0.738329 0.389356 0.705882 0.364671 0.685808 0.355392 0.664566 0.349090 0.643557 0.345063 0.632820 0.344363 0.623483 0.342787 0.609944 0.342262 0.588469 0.343312 0.565593 0.346639 0.557190 0.349265 0.550187 0.350490 0.527544 0.358543 0.484827 0.380427 0.480859 0.381303 0.460084 0.391106 0.452848 0.393032 0.442810 0.397059 0.429272 0.403011 0.418534 0.409314 0.414566 0.410714 0.399860 0.421569 0.397292 0.422444 0.388422 0.430322 0.384454 0.437500 0.377918 0.455182 0.377684 0.456933 0.379552 0.462185
1 0.694911 0.355742 0.697479 0.359069 0.711018 0.367122 0.738796 0.388480 0.744865 0.394083 0.747899 0.393032 0.765873 0.383053 0.793184 0.370973 0.803688 0.368697 0.825630 0.361695 0.838002 0.358543 0.845705 0.357843 0.863212 0.353992 0.866480 0.353992 0.873249 0.351891 0.884921 0.349615 0.895191 0.348915 0.916433 0.345763 0.952848 0.342262 0.956349 0.342437 0.959851 0.341387 0.982726 0.340336 0.993464 0.338410 0.998133 0.336310 0.999767 0.336310 0.999767 0.244398 0.997899 0.244398 0.994631 0.242997 0.991597 0.240721 0.987395 0.239146 0.984827 0.236520 0.981559 0.236695 0.979458 0.237920 0.976424 0.242822 0.973389 0.244573 0.962885 0.254552 0.956583 0.258228 0.950514 0.262955 0.939076 0.268732 0.936741 0.270658 0.930439 0.272584 0.892390 0.287815 0.859244 0.296218 0.830766 0.301646 0.792951 0.306022 0.770308 0.307073 0.721989 0.305147 0.713819 0.305672 0.709617 0.308123 0.702614 0.317227 0.695145 0.335434 0.693744 0.341912 0.693511 0.349090 0.694911 0.355742
1 0.614846 0.324055 0.624650 0.339111 0.626751 0.340861 0.629318 0.342087 0.634687 0.343137 0.658497 0.346639 0.673436 0.350490 0.692344 0.356618 0.693978 0.355917 0.693277 0.345763 0.695612 0.332108 0.703782 0.315476 0.710784 0.307248 0.709150 0.305497 0.703081 0.303396 0.696779 0.302871 0.686041 0.300070 0.672502 0.298144 0.659897 0.293768 0.632353 0.280812 0.626050 0.275910 0.616246 0.271884 0.612745 0.274860 0.609244 0.282738 0.607610 0.289566 0.606676 0.300245 0.602708 0.303396 0.600373 0.307598 0.600140 0.310574 0.614846 0.324055
1 0.354342 0.364496 0.354809 0.366597 0.360177 0.372199 0.366947 0.381127 0.369748 0.382703 0.372316 0.386555 0.375117 0.394608 0.384921 0.414391 0.386321 0.423845 0.387021 0.425945 0.387722 0.425945 0.390523 0.425595 0.397526 0.421744 0.409664 0.413165 0.429972 0.401961 0.451447 0.393207 0.460084 0.390406 0.464052 0.388130 0.484127 0.380252 0.488329 0.377801 0.491830 0.376751 0.501634 0.370798 0.515873 0.363620 0.536648 0.354167 0.540149 0.353641 0.546919 0.351541 0.550420 0.349615 0.557190 0.348039 0.571662 0.344888 0.577264 0.344538 0.584967 0.342962 0.598273 0.341912 0.617180 0.342437 0.623249 0.341737 0.621148 0.335084 0.616480 0.327381 0.614379 0.325805 0.610177 0.319503 0.602007 0.313200 0.598739 0.311625 0.595238 0.311625 0.584734 0.320028 0.581466 0.321078 0.580532 0.322654 0.575163 0.326331 0.569561 0.327906 0.559290 0.333158 0.549720 0.336660 0.491363 0.351541 0.463119 0.355567 0.459384 0.356793 0.449813 0.358193 0.439076 0.358894 0.418768 0.362220 0.407796 0.362745 0.404762 0.363796 0.386555 0.363971 0.358077 0.362220 0.353408 0.362570 0.352708 0.362745 0.354342 0.364496
1 0.696078 0.553746 0.697946 0.556898 0.701914 0.560924 0.709617 0.565826 0.725724 0.584209 0.732960 0.602416 0.735061 0.610119 0.736695 0.611870 0.741130 0.612920 0.781279 0.617472 0.788982 0.617997 0.794118 0.617472 0.817227 0.619748 0.820261 0.619223 0.846172 0.620273 0.866246 0.619398 0.869281 0.618172 0.873249 0.618522 0.878618 0.617822 0.901027 0.612395 0.915500 0.607318 0.918301 0.605392 0.928338 0.602416 0.949580 0.591036 0.954365 0.587272 0.961018 0.583683 0.989262 0.554097 0.992297 0.543768 0.992764 0.529412 0.986928 0.515231 0.984127 0.512955 0.980859 0.512605 0.956583 0.516457 0.897526 0.522759 0.868814 0.523284 0.854108 0.522409 0.841036 0.522934 0.823296 0.522234 0.814426 0.522934 0.801120 0.522409 0.769141 0.518732 0.751634 0.513655 0.731793 0.509804 0.709851 0.502101 0.706349 0.501751 0.705182 0.503676 0.701681 0.505077 0.701214 0.506828 0.700747 0.538340 0.696078 0.553746
1 0.697012 0.483718 0.699113 0.486169 0.701214 0.492122 0.707750 0.497549 0.718254 0.503151 0.727358 0.506828 0.730859 0.507178 0.737395 0.509454 0.771942 0.518207 0.804155 0.521534 0.815826 0.521884 0.828898 0.521183 0.838235 0.522059 0.858310 0.521709 0.873483 0.522234 0.904295 0.521183 0.960784 0.515056 0.980392 0.511905 0.999767 0.505602 0.999767 0.340511 0.993464 0.339461 0.952148 0.342787 0.938609 0.345063 0.907796 0.347339 0.883520 0.350665 0.869748 0.352941 0.859244 0.355392 0.855976 0.356968 0.838235 0.359594 0.824463 0.362920 0.811858 0.367122 0.793417 0.372024 0.783847 0.375700 0.777778 0.379202 0.772642 0.380602 0.745331 0.396183 0.725490 0.411590 0.723389 0.414391 0.718721 0.418067 0.706816 0.432248 0.701914 0.439951 0.696779 0.453081 0.695145 0.464636 0.694911 0.472164 0.697012 0.483718
1 0.000000 0.721989 0.004902 0.723389 0.015640 0.724615 0.022176 0.726541 0.030812 0.726891 0.039683 0.728992 0.055789 0.730217 0.074697 0.730567 0.079132 0.731268 0.108543 0.731443 0.112278 0.730567 0.116200 0.730567 0.123249 0.731443 0.126050 0.730567 0.130952 0.731268 0.142390 0.730217 0.148226 0.730392 0.157796 0.729167 0.165966 0.729342 0.190476 0.727766 0.200747 0.726015 0.210084 0.725490 0.232726 0.712010 0.245331 0.705882 0.322829 0.681548 0.333567 0.675245 0.338702 0.669643 0.346172 0.663515 0.353875 0.654587 0.356676 0.647584 0.354809 0.646008 0.345238 0.644258 0.324230 0.636730 0.309757 0.628151 0.303688 0.623074 0.297619 0.616246 0.291550 0.605392 0.288749 0.595938 0.287815 0.586835 0.289216 0.572654 0.291550 0.564951 0.294118 0.560924 0.296685 0.553922 0.297152 0.549895 0.293651 0.546919 0.283147 0.544293 0.258403 0.542017 0.250233 0.542017 0.212885 0.544468 0.164799 0.550245 0.126984 0.557948 0.105275 0.560749 0.078198 0.566877 0.071662 0.567752 0.064426 0.570028 0.060458 0.570378 0.039683 0.577031 0.011438 0.590161 0.005836 0.593487 0.001634 0.597164 0.000000 0.597164 0.000000 0.721989
1 0.000000 0.594188 0.001634 0.594188 0.007470 0.590686 0.035014 0.578256 0.053688 0.571604 0.073529 0.566702 0.078198 0.566352 0.085201 0.563901 0.102708 0.560399 0.121615 0.557423 0.126517 0.557248 0.129785 0.556022 0.133520 0.555847 0.137021 0.554622 0.157096 0.550770 0.201447 0.544818 0.251401 0.540966 0.265173 0.541667 0.271008 0.541317 0.273810 0.539741 0.277778 0.534139 0.281513 0.519608 0.281513 0.518908 0.279178 0.517857 0.260738 0.521359 0.255369 0.523109 0.236695 0.525035 0.219001 0.525735 0.188609 0.525035 0.168301 0.522934 0.158263 0.521008 0.140523 0.520133 0.126517 0.518032 0.112045 0.516982 0.073996 0.511380 0.060924 0.510329 0.048086 0.507703 0.032680 0.505602 0.022409 0.502451 0.011204 0.500700 0.001867 0.498249 0.000000 0.498249 0.000000 0.594188
1 0.490663 0.653536 0.501634 0.653186 0.504902 0.652486 0.521786 0.657271 0.530579 0.661415 0.549720 0.666842 0.568627 0.676120 0.585201 0.687675 0.591970 0.690301 0.594771 0.690126 0.598273 0.688550 0.603408 0.688025 0.619048 0.683123 0.626984 0.682423 0.655229 0.675945 0.668534 0.673669 0.679505 0.670693 0.687442 0.668242 0.709150 0.657213 0.717087 0.650385 0.722689 0.644083 0.725490 0.636380 0.731793 0.626225 0.733894 0.616947 0.732960 0.606092 0.728058 0.592087 0.720822 0.578256 0.713352 0.570378 0.707283 0.565476 0.695845 0.558123 0.692344 0.559699 0.684174 0.573004 0.675303 0.581583 0.670401 0.587885 0.660364 0.595588 0.656162 0.600315 0.626751 0.620973 0.622316 0.622899 0.615079 0.627801 0.590570 0.639356 0.581466 0.641632 0.572829 0.644783 0.551354 0.648810 0.532213 0.648459 0.508403 0.650385 0.497666 0.647934 0.483193 0.647409 0.479925 0.648284 0.475957 0.650910 0.490663 0.653536
1 0.368114 0.657213 0.369981 0.661064 0.369048 0.664916 0.373249 0.667192 0.375584 0.666141 0.383754 0.666842 0.387722 0.665266 0.397526 0.663690 0.402194 0.662115 0.436975 0.654412 0.443044 0.651436 0.446545 0.650910 0.442810 0.650560 0.439309 0.649335 0.435808 0.650735 0.432073 0.650735 0.430205 0.651436 0.398926 0.650210 0.397759 0.649685 0.394024 0.650560 0.385154 0.650560 0.372549 0.648634 0.367880 0.649510 0.365313 0.653186 0.365079 0.654412 0.368114 0.657213
1 0.605275 0.706408 0.614846 0.721989 0.616246 0.727591 0.619981 0.734244 0.630019 0.739321 0.633053 0.742122 0.638655 0.744223 0.646825 0.749125 0.654995 0.751576 0.657330 0.752976 0.659897 0.755777 0.665966 0.759454 0.667600 0.761905 0.672502 0.764531 0.679038 0.770133 0.682073 0.774160 0.687442 0.778887 0.689542 0.782738 0.696312 0.789391 0.710084 0.793067 0.720355 0.797094 0.738095 0.799720 0.744631 0.798494 0.765640 0.791842 0.782680 0.788866 0.786881 0.789041 0.823763 0.785014 0.855976 0.783438 0.862512 0.782563 0.912465 0.782388 0.918534 0.781513 0.922269 0.779412 0.924603 0.776261 0.917367 0.749825 0.917834 0.734244 0.924370 0.719013 0.926237 0.715861 0.939776 0.701856 0.955649 0.691352 0.974556 0.683473 0.976424 0.681723 0.976657 0.678571 0.971522 0.670168 0.966153 0.665091 0.963819 0.661064 0.959617 0.657563 0.956816 0.653711 0.951681 0.650735 0.949346 0.647759 0.946312 0.646359 0.941176 0.642157 0.927638 0.634454 0.917834 0.631303 0.901961 0.628151 0.888189 0.627451 0.872316 0.627801 0.813492 0.634804 0.748133 0.640406 0.732026 0.643382 0.724090 0.645658 0.720588 0.647759 0.718254 0.654412 0.716387 0.656688 0.704248 0.660364 0.700980 0.663866 0.686275 0.671919 0.664332 0.675245 0.660831 0.677346 0.648226 0.678922 0.623249 0.685049 0.619514 0.685224 0.610644 0.689251 0.606909 0.694853 0.604575 0.703081 0.605275 0.706408
1 0.958450 0.617122 0.961251 0.623249 0.968954 0.635854 0.984360 0.654762 0.991130 0.660364 0.998133 0.664041 0.999767 0.664041 0.999767 0.549195 0.998133 0.549195 0.987862 0.558824 0.966387 0.580532 0.960784 0.588761 0.957283 0.601541 0.957049 0.609769 0.958450 0.617122
1 0.921335 0.761905 0.927638 0.775560 0.939076 0.792017 0.948880 0.801646 0.961485 0.810749 0.974090 0.817927 0.982726 0.821779 0.998133 0.827381 0.999767 0.827381 0.999767 0.679272 0.991830 0.679622 0.974090 0.684874 0.963119 0.689076 0.946779 0.698354 0.934874 0.707983 0.927404 0.716562 0.921802 0.726716 0.918768 0.736870 0.918301 0.748775 0.921335 0.761905
1 0.710551 0.866422 0.715920 0.878501 0.722923 0.889181 0.728291 0.895483 0.741830 0.907913 0.754669 0.916842 0.757703 0.919818 0.763539 0.922619 0.768207 0.926120 0.785948 0.936099 0.799953 0.942227 0.823296 0.949930 0.855742 0.958508 0.878385 0.962010 0.901727 0.964111 0.907796 0.965336 0.911765 0.963936 0.914099 0.964636 0.926704 0.964811 0.931606 0.963761 0.940243 0.963235 0.953081 0.963410 0.970121 0.959909 0.994631 0.956933 0.996965 0.953782 0.999767 0.953081 0.999767 0.830182 0.998133 0.830182 0.996032 0.828081 0.988796 0.825630 0.973856 0.818978 0.961251 0.811800 0.942110 0.797269 0.933707 0.788515 0.925537 0.786940 0.921102 0.785364 0.908497 0.784139 0.898459 0.783438 0.864613 0.783613 0.808590 0.786940 0.803688 0.788165 0.793417 0.788866 0.765640 0.793242 0.744865 0.799720 0.733660 0.805847 0.723856 0.812675 0.719655 0.817927 0.718254 0.822654 0.712652 0.829657 0.710317 0.834734 0.708217 0.842962 0.708217 0.856268 0.710551 0.866422
1 0.636088 0.998249 0.636088 0.999825 0.966620 0.999825 0.966620 0.998249 0.963352 0.994398 0.935808 0.981092 0.911298 0.970588 0.905929 0.967437 0.884220 0.963410 0.862745 0.960609 0.859477 0.959384 0.855742 0.959384 0.835434 0.954657 0.831466 0.952906 0.828431 0.952556 0.800187 0.944153 0.796685 0.941877 0.783147 0.936275 0.776144 0.932073 0.769141 0.930497 0.765640 0.931197 0.727124 0.931197 0.707283 0.933999 0.689542 0.938375 0.678105 0.942752 0.656162 0.955882 0.652428 0.960259 0.647526 0.970413 0.643557 0.984419 0.636088 0.998249
1 0.616947 0.755252 0.614846 0.756828 0.614146 0.758929 0.617880 0.762255 0.612745 0.768557 0.611811 0.780112 0.609244 0.789916 0.606443 0.795343 0.596405 0.807773 0.577498 0.821954 0.556723 0.832108 0.544351 0.836835 0.515640 0.845413 0.512138 0.847689 0.509337 0.847689 0.505369 0.848915 0.508637 0.853291 0.510971 0.853291 0.520075 0.856793 0.574697 0.871674 0.577731 0.874125 0.602007 0.886905 0.613212 0.894608 0.616246 0.896183 0.619981 0.896709 0.623016 0.894783 0.628852 0.892857 0.637255 0.891282 0.652428 0.885679 0.661064 0.880952 0.668768 0.874475 0.695145 0.838585 0.699346 0.827906 0.700280 0.813725 0.699813 0.806723 0.696545 0.796043 0.690710 0.786415 0.678805 0.772409 0.660598 0.758053 0.650794 0.751751 0.641457 0.749300 0.637021 0.744748 0.632820 0.743697 0.622782 0.737745 0.619748 0.736520 0.616246 0.737570 0.616013 0.751401 0.616947 0.755252
1 0.700747 0.828081 0.697479 0.835434 0.694911 0.840161 0.692810 0.842087 0.683007 0.856618 0.678338 0.861520 0.669001 0.875175 0.661765 0.880952 0.652894 0.886029 0.639122 0.891457 0.619514 0.897409 0.628151 0.907563 0.636555 0.921043 0.639823 0.929622 0.642157 0.932598 0.644024 0.938725 0.649393 0.947829 0.650794 0.954307 0.651727 0.955007 0.654528 0.955182 0.658730 0.951681 0.681839 0.939951 0.706583 0.932948 0.725724 0.930322 0.759337 0.929797 0.766106 0.928571 0.766807 0.925245 0.761204 0.922794 0.748366 0.913866 0.730159 0.898459 0.722923 0.890231 0.714286 0.877101 0.709150 0.866071 0.707283 0.859244 0.706583 0.844013 0.708683 0.833158 0.711018 0.827206 0.713819 0.824580 0.718721 0.816527 0.724790 0.810049 0.724323 0.808824 0.721755 0.807423 0.713352 0.805847 0.703081 0.805672 0.702148 0.806373 0.701214 0.809174 0.700747 0.828081
1 0.184641 0.973214 0.186041 0.977066 0.187675 0.987745 0.193978 0.999825 0.633754 0.999825 0.633754 0.998249 0.637255 0.994223 0.640289 0.988095 0.642624 0.978291 0.648926 0.960609 0.648926 0.953081 0.647292 0.948529 0.638889 0.931898 0.635154 0.922269 0.630019 0.913165 0.623249 0.904762 0.619514 0.902311 0.616246 0.898284 0.602941 0.889006 0.574930 0.874125 0.564426 0.871148 0.560691 0.869223 0.546685 0.866422 0.532913 0.860994 0.519141 0.857493 0.508170 0.856793 0.504435 0.855742 0.494631 0.854867 0.482960 0.854517 0.456116 0.855742 0.453081 0.857143 0.443044 0.857668 0.429972 0.859419 0.386555 0.863095 0.376517 0.863270 0.369748 0.864496 0.336835 0.873424 0.317460 0.877276 0.276844 0.889531 0.260037 0.896359 0.242063 0.904762 0.230859 0.910714 0.220588 0.918067 0.216387 0.921394 0.192810 0.944853 0.190009 0.949580 0.186741 0.953081 0.186041 0.956758 0.184407 0.966562 0.184641 0.973214
1 0.000000 0.942752 0.005135 0.944678 0.016106 0.945728 0.021942 0.947129 0.043417 0.949055 0.052521 0.948529 0.077965 0.948880 0.095238 0.947129 0.098973 0.947479 0.133520 0.941527 0.140756 0.939426 0.152661 0.937850 0.181139 0.931723 0.189542 0.928396 0.196078 0.928046 0.210084 0.923669 0.228992 0.909839 0.253501 0.897234 0.281513 0.886380 0.307890 0.877976 0.314659 0.876576 0.318861 0.873775 0.321895 0.870273 0.325163 0.863095 0.323296 0.860119 0.310691 0.855742 0.296452 0.852766 0.280579 0.847164 0.261905 0.839461 0.239496 0.824755 0.223156 0.810749 0.210084 0.797619 0.201681 0.782738 0.198880 0.775735 0.197012 0.762780 0.197246 0.754727 0.198880 0.744573 0.200980 0.741246 0.201681 0.737395 0.199346 0.735119 0.197479 0.734419 0.189542 0.733193 0.181139 0.733018 0.178805 0.733718 0.157330 0.732668 0.153361 0.733718 0.132820 0.735294 0.088702 0.742822 0.060458 0.749650 0.045752 0.754552 0.031979 0.758228 0.021475 0.760329 0.002334 0.768207 0.000000 0.768382 0.000000 0.942752
1 0.000000 0.999825 0.191643 0.999825 0.191643 0.998249 0.185574 0.985994 0.182306 0.980742 0.179272 0.978291 0.171102 0.974615 0.151027 0.962535 0.129552 0.954132 0.116480 0.950105 0.105976 0.947829 0.088936 0.949230 0.039216 0.949230 0.014939 0.947129 0.001867 0.945028 0.000000 0.945028 0.000000 0.999825
1 0.000000 0.766632 0.005369 0.765581 0.020075 0.760329 0.032680 0.757878 0.060458 0.748950 0.074930 0.745448 0.092437 0.741597 0.102474 0.740371 0.108543 0.738620 0.116947 0.737745 0.123016 0.735994 0.139122 0.734244 0.148459 0.731268 0.152194 0.730917 0.144024 0.730392 0.133287 0.730742 0.123483 0.732143 0.119514 0.731793 0.116480 0.730567 0.113912 0.731092 0.062325 0.731092 0.022176 0.726716 0.001634 0.723214 0.000000 0.723214 0.000000 0.766632
1 0.133053 0.954307 0.136555 0.956408 0.142157 0.958333 0.162932 0.968312 0.171335 0.973915 0.182306 0.978466 0.183240 0.977416 0.182773 0.967437 0.184641 0.955357 0.189776 0.946604 0.193744 0.941702 0.207283 0.928746 0.206349 0.927521 0.202614 0.927346 0.188842 0.929622 0.175303 0.933648 0.144725 0.940301 0.130952 0.942577 0.117647 0.945903 0.117880 0.949580 0.133053 0.954307
1 0.914332 0.970588 0.925303 0.976541 0.949113 0.986695 0.962185 0.993172 0.967320 0.997199 0.968487 0.999825 0.999767 0.999825 0.999767 0.957108 0.977358 0.959559 0.974323 0.960609 0.969888 0.960784 0.953315 0.963585 0.938375 0.963761 0.911298 0.965861 0.909897 0.966912 0.914332 0.970588