0 0.514939 0.598739 0.518207 0.609944 0.521709 0.616772 0.528478 0.623775 0.536415 0.628326 0.549953 0.630077 0.560458 0.629552 0.609244 0.614846 0.640756 0.608368 0.663632 0.601015 0.678338 0.592437 0.689076 0.585084 0.699813 0.574055 0.711951 0.557073 0.717087 0.540616 0.717787 0.530287 0.717554 0.522409 0.715920 0.515581 0.712418 0.508578 0.706816 0.501926 0.697012 0.494573 0.686975 0.491246 0.671802 0.488095 0.650560 0.487920 0.623249 0.492297 0.616246 0.494573 0.609244 0.495623 0.588702 0.502451 0.564893 0.514006 0.544118 0.529762 0.538749 0.534664 0.528945 0.545168 0.521008 0.557948 0.516340 0.567752 0.514472 0.579482 0.514006 0.585259 0.514939 0.598739
0 0.204015 0.609769 0.207750 0.619398 0.215686 0.632353 0.220588 0.638480 0.228758 0.644958 0.234127 0.646884 0.238562 0.647409 0.256069 0.646709 0.293651 0.638831 0.313492 0.633403 0.330999 0.630602 0.334967 0.630777 0.348739 0.627976 0.362278 0.623775 0.387021 0.613445 0.407796 0.600140 0.420635 0.588761 0.433007 0.573179 0.436508 0.567402 0.440710 0.556898 0.442110 0.550595 0.442344 0.542367 0.441643 0.536064 0.439309 0.529062 0.434407 0.522584 0.414566 0.508403 0.402194 0.502276 0.394024 0.499475 0.380019 0.499650 0.366246 0.500700 0.363912 0.501926 0.355742 0.504027 0.341737 0.505952 0.314192 0.512430 0.291317 0.520308 0.286415 0.523109 0.282680 0.523634 0.272876 0.527661 0.262838 0.533263 0.257236 0.535539 0.234127 0.550420 0.215920 0.570378 0.207983 0.585084 0.206816 0.588235 0.206816 0.592087 0.204482 0.595413 0.203782 0.598389 0.204015 0.609769
0 0.280345 0.460784 0.282913 0.466387 0.286415 0.470763 0.291317 0.471814 0.295752 0.474615 0.308123 0.479167 0.328431 0.488445 0.343137 0.492472 0.345472 0.493873 0.350607 0.494398 0.355742 0.496499 0.359477 0.495973 0.362512 0.497199 0.366713 0.497549 0.383520 0.497374 0.390056 0.495798 0.407796 0.493347 0.436041 0.481268 0.452848 0.472339 0.474090 0.457983 0.491363 0.443627 0.497432 0.435749 0.501867 0.425595 0.502101 0.418067 0.498599 0.404412 0.491363 0.389181 0.486461 0.382528 0.473623 0.372899 0.457750 0.366947 0.449113 0.364671 0.435808 0.362395 0.410364 0.361345 0.381186 0.363796 0.362979 0.367472 0.349206 0.371324 0.342437 0.374475 0.337302 0.378326 0.331699 0.380952 0.319795 0.390581 0.306723 0.404237 0.289683 0.425070 0.285948 0.431548 0.282680 0.439951 0.279645 0.452556 0.279412 0.457808 0.280345 0.460784
0 0.518908 0.431723 0.521008 0.433999 0.525910 0.438025 0.544118 0.447479 0.556956 0.453081 0.571195 0.457283 0.574930 0.457458 0.581466 0.460784 0.609010 0.468137 0.647526 0.474790 0.656162 0.474615 0.661298 0.475840 0.672269 0.475315 0.692110 0.470763 0.701447 0.466912 0.707049 0.465511 0.724790 0.456758 0.730859 0.452206 0.734127 0.450805 0.741130 0.445203 0.749767 0.432073 0.751634 0.425420 0.750934 0.416141 0.748133 0.408088 0.743931 0.404062 0.739262 0.397234 0.733894 0.392682 0.727124 0.389006 0.713585 0.384629 0.702848 0.383053 0.684874 0.378676 0.671102 0.376576 0.665500 0.374825 0.651727 0.373950 0.644491 0.372549 0.639122 0.372724 0.623483 0.371324 0.605742 0.371674 0.577965 0.374475 0.549486 0.383228 0.536415 0.390056 0.526144 0.397409 0.519841 0.404412 0.516807 0.411239 0.516106 0.415791 0.516573 0.426646 0.518908 0.431723
0 0.494631 0.345238 0.500934 0.356968 0.505369 0.361345 0.509104 0.362395 0.533613 0.362920 0.547152 0.361520 0.589869 0.353466 0.609477 0.351190 0.630252 0.345763 0.637488 0.344538 0.652428 0.340161 0.665500 0.333508 0.685574 0.318978 0.693744 0.310749 0.700514 0.300770 0.705415 0.286765 0.706349 0.279762 0.706116 0.272584 0.703548 0.264881 0.700047 0.257878 0.693744 0.250000 0.690009 0.247374 0.687442 0.244223 0.680906 0.240721 0.666900 0.235294 0.651261 0.231793 0.643791 0.231443 0.627451 0.232318 0.605275 0.236169 0.581933 0.243172 0.565359 0.250350 0.550654 0.257528 0.528011 0.271884 0.513305 0.285364 0.503968 0.296394 0.500934 0.301296 0.498599 0.309349 0.493697 0.317752 0.492530 0.335084 0.494631 0.345238
0 0.719188 0.231092 0.721989 0.238095 0.727124 0.242647 0.735528 0.244748 0.790616 0.265406 0.803688 0.268732 0.810691 0.271884 0.831466 0.275385 0.841270 0.276261 0.858310 0.276611 0.880019 0.274510 0.899860 0.270308 0.904995 0.267682 0.918534 0.262780 0.928805 0.257878 0.948179 0.245098 0.955882 0.234419 0.960084 0.223739 0.959851 0.217262 0.955882 0.202906 0.950514 0.195028 0.943044 0.188550 0.920868 0.180322 0.905462 0.176996 0.900794 0.175245 0.890990 0.174895 0.873716 0.171744 0.839169 0.168943 0.817227 0.169118 0.796685 0.171394 0.793651 0.172619 0.776377 0.175770 0.766106 0.179272 0.747199 0.188200 0.738329 0.194503 0.730159 0.201506 0.722689 0.210259 0.718954 0.223915 0.719188 0.231092
0 0.294585 0.213060 0.300187 0.220763 0.307890 0.228116 0.320261 0.235819 0.324697 0.237570 0.327731 0.239671 0.332400 0.240721 0.338002 0.243697 0.362979 0.251751 0.376284 0.254552 0.397526 0.251926 0.414799 0.248424 0.437208 0.246324 0.454248 0.246499 0.470355 0.249475 0.477358 0.246148 0.492063 0.235819 0.499767 0.226541 0.503268 0.217612 0.503268 0.209909 0.497432 0.185574 0.490430 0.175245 0.483894 0.170518 0.473623 0.165266 0.440476 0.154237 0.432073 0.152486 0.405229 0.149335 0.382353 0.150560 0.356443 0.153361 0.351074 0.156162 0.348739 0.156162 0.326797 0.163165 0.313725 0.169818 0.305789 0.175245 0.299020 0.182073 0.293884 0.189076 0.291783 0.196779 0.291783 0.206758 0.294585 0.213060
0 0.266340 0.338761 0.272409 0.349440 0.287815 0.360119 0.300654 0.364496 0.323996 0.369048 0.343137 0.371499 0.355275 0.368347 0.381186 0.363095 0.404762 0.361169 0.431839 0.360469 0.449346 0.354167 0.457516 0.349090 0.469188 0.340161 0.476891 0.332283 0.482726 0.327906 0.489029 0.320028 0.496265 0.307948 0.499533 0.296919 0.499533 0.282913 0.496965 0.272409 0.491130 0.264706 0.483660 0.258754 0.470355 0.251225 0.459851 0.248074 0.444911 0.247024 0.425303 0.248074 0.389589 0.253501 0.373016 0.256828 0.345472 0.264881 0.310924 0.279587 0.292717 0.291842 0.281979 0.300245 0.280579 0.302346 0.274510 0.307248 0.265640 0.320728 0.265173 0.323704 0.265173 0.332808 0.266340 0.338761
0 0.204482 0.713585 0.207983 0.723214 0.215453 0.731793 0.229692 0.742122 0.247899 0.751926 0.265406 0.760504 0.269374 0.761730 0.279645 0.768032 0.308357 0.780812 0.313725 0.782388 0.338235 0.785189 0.345238 0.784839 0.348273 0.783789 0.362979 0.782038 0.380019 0.778361 0.400794 0.770833 0.417367 0.761204 0.422035 0.757703 0.430672 0.748599 0.436741 0.738095 0.438609 0.729167 0.440476 0.727241 0.440009 0.723915 0.441643 0.722164 0.442344 0.710259 0.436741 0.698880 0.432540 0.694153 0.425537 0.688375 0.415033 0.681373 0.410131 0.679272 0.406162 0.676120 0.400560 0.673319 0.368814 0.662990 0.366246 0.661415 0.345472 0.656513 0.313725 0.652311 0.296218 0.652486 0.274977 0.654412 0.259104 0.657738 0.248366 0.661064 0.234827 0.668067 0.223389 0.675595 0.210784 0.688901 0.207516 0.694328 0.204015 0.702906 0.203315 0.706583 0.204482 0.713585
0 0.330065 0.877276 0.331699 0.887605 0.333333 0.892332 0.335668 0.896008 0.341737 0.901961 0.352241 0.908438 0.376284 0.912290 0.385387 0.912115 0.392857 0.912815 0.398518 0.911239 0.404762 0.911590 0.415500 0.910889 0.432306 0.908964 0.439076 0.907563 0.442344 0.906162 0.452381 0.905112 0.466853 0.898634 0.478058 0.895133 0.500000 0.885329 0.506069 0.881828 0.515173 0.875000 0.526844 0.865021 0.531046 0.860644 0.540383 0.847514 0.541550 0.844713 0.545752 0.828606 0.546218 0.821078 0.543884 0.814076 0.539216 0.806723 0.527077 0.797094 0.524743 0.794293 0.516340 0.787990 0.510971 0.786064 0.501634 0.783964 0.487628 0.782213 0.456583 0.786239 0.445612 0.788690 0.435341 0.791317 0.412698 0.799720 0.389589 0.809349 0.380486 0.814251 0.361811 0.827731 0.348739 0.839636 0.337302 0.854692 0.333333 0.862570 0.331933 0.867822 0.331466 0.873599 0.330065 0.877276
0 0.082166 0.939251 0.090103 0.944328 0.097106 0.946779 0.102708 0.949930 0.114846 0.951856 0.120215 0.951681 0.140289 0.954832 0.157096 0.955007 0.165033 0.954307 0.174837 0.952381 0.178805 0.953431 0.183007 0.951506 0.188609 0.950280 0.196078 0.950980 0.223856 0.944678 0.240896 0.937325 0.248133 0.933298 0.254902 0.930847 0.276611 0.914741 0.280345 0.910364 0.283613 0.908088 0.285714 0.905112 0.290383 0.901261 0.295518 0.894083 0.300654 0.883754 0.305322 0.876926 0.308357 0.868522 0.310224 0.859769 0.308590 0.844888 0.303688 0.837535 0.294351 0.828431 0.287115 0.822654 0.282446 0.819853 0.275910 0.817577 0.269141 0.816352 0.251167 0.816877 0.230859 0.819328 0.193044 0.827906 0.175537 0.833158 0.157563 0.840511 0.148226 0.845588 0.140056 0.848915 0.121615 0.860644 0.113445 0.869223 0.109010 0.871849 0.098973 0.881828 0.087535 0.898459 0.082400 0.904412 0.081933 0.908438 0.079832 0.911765 0.077965 0.918592 0.078198 0.932423 0.082166 0.939251
0 0.603875 0.820203 0.605976 0.824230 0.608543 0.825980 0.612278 0.830357 0.616246 0.833158 0.623950 0.836310 0.626751 0.838410 0.637021 0.841387 0.644491 0.845413 0.651027 0.846989 0.658263 0.849965 0.672502 0.852416 0.678571 0.854167 0.689542 0.854167 0.725257 0.856443 0.735061 0.856268 0.747666 0.854517 0.756303 0.852416 0.782913 0.841562 0.796218 0.833158 0.805322 0.826331 0.818394 0.811975 0.823296 0.803396 0.825397 0.794293 0.824463 0.782913 0.820728 0.772759 0.817694 0.767682 0.810691 0.760504 0.790149 0.750175 0.779645 0.747374 0.761438 0.746849 0.727824 0.751225 0.705182 0.751926 0.674603 0.749300 0.668534 0.750350 0.661064 0.752801 0.644491 0.759629 0.625350 0.772584 0.618114 0.778536 0.611578 0.786239 0.605509 0.798319 0.603175 0.806723 0.602708 0.814601 0.603875 0.820203
1 0.000000 0.153887 0.009570 0.151261 0.018441 0.147409 0.037348 0.141982 0.052754 0.139356 0.072829 0.139531 0.085201 0.140406 0.097106 0.142157 0.109010 0.145658 0.112512 0.145308 0.113445 0.144258 0.112278 0.140406 0.104575 0.129552 0.095238 0.122724 0.088702 0.119398 0.078198 0.115546 0.063959 0.112045 0.049020 0.110119 0.030112 0.109769 0.011905 0.112395 0.008170 0.113971 0.000000 0.115721 0.000000 0.153887
1 0.133520 0.154762 0.137021 0.155637 0.140523 0.158088 0.143791 0.158964 0.151027 0.162815 0.160131 0.170168 0.165266 0.175420 0.171102 0.182948 0.173669 0.188200 0.175770 0.196078 0.176004 0.203606 0.173436 0.216912 0.175070 0.218662 0.185574 0.218312 0.203315 0.213761 0.209617 0.213060 0.215453 0.211134 0.224790 0.203081 0.224323 0.199405 0.214986 0.193452 0.209617 0.187850 0.206349 0.179447 0.206349 0.171569 0.207983 0.165091 0.215219 0.155637 0.224323 0.148109 0.238095 0.141106 0.251401 0.137255 0.270075 0.136204 0.271475 0.134279 0.271008 0.130077 0.268908 0.126225 0.264706 0.123249 0.262138 0.119573 0.257937 0.117647 0.249300 0.110819 0.247199 0.109944 0.243464 0.109419 0.237628 0.107318 0.220588 0.105217 0.212418 0.105042 0.199113 0.106443 0.174837 0.113971 0.156863 0.122199 0.142857 0.133228 0.130019 0.147409 0.128618 0.150385 0.128385 0.150910 0.133520 0.154762
1 0.210317 0.189251 0.216153 0.194153 0.220822 0.196254 0.226657 0.201331 0.230859 0.200455 0.235294 0.197479 0.243464 0.193627 0.253735 0.191352 0.256303 0.191352 0.261905 0.192052 0.269141 0.194503 0.280579 0.201856 0.286415 0.206933 0.289683 0.207458 0.290850 0.196954 0.292484 0.191352 0.295051 0.186625 0.306489 0.174545 0.313025 0.169993 0.326797 0.162640 0.338469 0.159839 0.345238 0.157213 0.348973 0.158263 0.355742 0.154937 0.359477 0.154412 0.355976 0.153536 0.353408 0.150910 0.343604 0.148109 0.334967 0.144083 0.306956 0.137430 0.293651 0.135854 0.283613 0.135504 0.273109 0.135504 0.254902 0.137255 0.244631 0.139181 0.225957 0.147234 0.216620 0.154412 0.211251 0.160539 0.207983 0.166842 0.206816 0.171744 0.207049 0.180322 0.210317 0.189251
1 0.343838 0.147584 0.355976 0.151786 0.361811 0.152486 0.375584 0.150910 0.402194 0.149335 0.415266 0.150210 0.436041 0.152836 0.439542 0.151611 0.441176 0.147584 0.438609 0.144083 0.429739 0.136029 0.418301 0.131478 0.407330 0.129902 0.390289 0.130602 0.366713 0.134629 0.351074 0.139181 0.340570 0.143557 0.340103 0.144433 0.343838 0.147584
1 0.439076 0.154412 0.442810 0.154937 0.470588 0.163165 0.484360 0.169993 0.492063 0.176296 0.497432 0.183648 0.498833 0.184349 0.501867 0.184349 0.524043 0.174720 0.546919 0.168592 0.549253 0.164566 0.549953 0.161064 0.551587 0.160014 0.554388 0.161415 0.554388 0.165616 0.556022 0.167017 0.560458 0.167192 0.567227 0.165266 0.579132 0.155812 0.581933 0.154937 0.585434 0.151786 0.588235 0.150560 0.589169 0.147234 0.582400 0.138130 0.575630 0.132878 0.567460 0.127976 0.559991 0.125700 0.555089 0.125000 0.531279 0.123599 0.499767 0.127801 0.482726 0.131828 0.460084 0.139181 0.448413 0.146183 0.442110 0.150910 0.441176 0.153186 0.439076 0.154412
1 0.563492 0.126576 0.568861 0.128852 0.577731 0.134279 0.585668 0.141457 0.591503 0.149510 0.618581 0.141807 0.630252 0.140231 0.634220 0.137255 0.628385 0.129902 0.623249 0.126576 0.616480 0.123950 0.588936 0.120973 0.570261 0.122374 0.563492 0.123249 0.563492 0.126576
1 0.654295 0.142682 0.658263 0.142682 0.661765 0.141457 0.675070 0.144083 0.678571 0.143382 0.682073 0.144608 0.687675 0.144783 0.700280 0.146709 0.712418 0.150385 0.732026 0.157913 0.739729 0.160189 0.761438 0.173319 0.762838 0.175420 0.765873 0.177171 0.768908 0.177171 0.788982 0.172269 0.790850 0.171744 0.792717 0.169643 0.792951 0.168067 0.789916 0.161590 0.782680 0.154587 0.768674 0.147934 0.755369 0.143557 0.726891 0.138130 0.717554 0.137955 0.706816 0.135854 0.685574 0.134104 0.681373 0.134979 0.677171 0.133578 0.671802 0.134279 0.668768 0.136204 0.661064 0.136555 0.657796 0.137955 0.650560 0.139356 0.647526 0.140581 0.654295 0.142682
1 0.666900 0.137080 0.675303 0.137955 0.682073 0.134104 0.691877 0.135329 0.695845 0.134804 0.702381 0.135154 0.706349 0.135504 0.709851 0.137780 0.729458 0.138831 0.748833 0.142332 0.764706 0.146534 0.772876 0.149685 0.784547 0.155637 0.786415 0.157388 0.792951 0.151436 0.807423 0.144083 0.808824 0.140756 0.804622 0.136905 0.793184 0.130777 0.789449 0.130777 0.776377 0.127276 0.768908 0.126401 0.743697 0.126225 0.741130 0.125700 0.727124 0.126926 0.719421 0.128676 0.710084 0.128501 0.706583 0.127451 0.700047 0.126926 0.695612 0.127101 0.682306 0.130077 0.680906 0.132003 0.678571 0.132703 0.671335 0.133578 0.670401 0.135154 0.666900 0.137080
1 0.577031 0.168417 0.581933 0.169293 0.595005 0.174370 0.600140 0.178571 0.602941 0.179797 0.611578 0.188200 0.616713 0.196429 0.619281 0.202731 0.621382 0.211835 0.620915 0.227591 0.622549 0.228992 0.625817 0.229867 0.647993 0.229517 0.660131 0.231443 0.678105 0.237745 0.692577 0.237745 0.702848 0.240196 0.713819 0.240721 0.716620 0.241772 0.721055 0.241246 0.721055 0.237395 0.718254 0.231092 0.717787 0.226716 0.720121 0.216912 0.726657 0.205007 0.732726 0.198704 0.740896 0.191877 0.748133 0.187675 0.760037 0.182423 0.764472 0.178746 0.763772 0.175420 0.760271 0.172094 0.751401 0.166141 0.744164 0.163515 0.741130 0.160189 0.737628 0.158263 0.706116 0.148109 0.677638 0.142682 0.672269 0.141982 0.665966 0.142157 0.660598 0.140931 0.658030 0.139356 0.654995 0.140056 0.651727 0.139356 0.633754 0.139881 0.623249 0.141106 0.609010 0.144433 0.591970 0.149860 0.584967 0.153186 0.575163 0.161415 0.573063 0.164916 0.577031 0.168417
1 0.478291 0.252976 0.480626 0.255427 0.483660 0.256127 0.485528 0.258578 0.489729 0.261555 0.496499 0.269783 0.499533 0.275910 0.501634 0.283964 0.508637 0.286940 0.530812 0.269433 0.545051 0.260154 0.556723 0.254027 0.572829 0.246324 0.581232 0.243172 0.594304 0.238620 0.607376 0.234769 0.611345 0.234244 0.617414 0.231793 0.620448 0.220238 0.620448 0.209734 0.616713 0.198179 0.610177 0.187850 0.595238 0.175945 0.584267 0.171394 0.574697 0.168768 0.567694 0.168067 0.558357 0.168592 0.553688 0.168067 0.547152 0.169118 0.543651 0.170518 0.536648 0.171394 0.526611 0.174020 0.509337 0.181022 0.501167 0.184874 0.498599 0.188901 0.503735 0.209734 0.503968 0.217612 0.502568 0.223039 0.499767 0.227941 0.492764 0.236169 0.484127 0.242822 0.481092 0.243522 0.475490 0.248424 0.474790 0.251576 0.478291 0.252976
1 0.793417 0.166317 0.795752 0.169293 0.797619 0.170168 0.815593 0.167892 0.821429 0.165791 0.823996 0.164041 0.827731 0.163515 0.833333 0.161239 0.838469 0.160714 0.847339 0.158088 0.855976 0.156863 0.859010 0.155812 0.879785 0.154237 0.912698 0.153536 0.943511 0.156162 0.960551 0.159839 0.971055 0.165966 0.976891 0.170868 0.979925 0.175245 0.980859 0.180322 0.984127 0.188375 0.987862 0.186975 0.991130 0.184174 0.992997 0.179097 0.993464 0.175245 0.992297 0.167542 0.988095 0.163340 0.985061 0.157563 0.977824 0.150210 0.957283 0.140056 0.935574 0.133403 0.930672 0.133754 0.897759 0.130777 0.873950 0.129552 0.852708 0.131478 0.826797 0.136204 0.809524 0.142857 0.794351 0.150910 0.792250 0.152836 0.788749 0.157913 0.793417 0.166317
1 0.774977 0.327906 0.778711 0.332633 0.800420 0.338761 0.816760 0.340686 0.842670 0.341912 0.852241 0.343312 0.881419 0.344363 0.894491 0.343662 0.908030 0.341387 0.930439 0.333859 0.943978 0.328081 0.950047 0.324405 0.953315 0.321078 0.967787 0.310924 0.973156 0.303571 0.979692 0.289741 0.980859 0.278887 0.979225 0.269608 0.977358 0.264706 0.971989 0.256653 0.963585 0.250000 0.956816 0.247899 0.951914 0.247549 0.945145 0.249125 0.934641 0.255602 0.928338 0.258228 0.920868 0.262780 0.912465 0.266282 0.895425 0.272059 0.880719 0.275035 0.864613 0.276786 0.837068 0.276611 0.831466 0.276261 0.820962 0.273985 0.806489 0.272059 0.799953 0.275910 0.797852 0.279412 0.798319 0.290091 0.795752 0.297094 0.791550 0.304797 0.775910 0.320728 0.774276 0.321078 0.774043 0.324930 0.774977 0.327906
1 0.698646 0.254902 0.701681 0.259979 0.707516 0.275560 0.707049 0.282038 0.704248 0.293943 0.696779 0.308123 0.686275 0.319153 0.675537 0.327906 0.673903 0.331408 0.675070 0.332983 0.689076 0.334734 0.716153 0.334559 0.723856 0.335959 0.726190 0.335784 0.735761 0.333158 0.744398 0.331758 0.750934 0.328957 0.765873 0.325105 0.784080 0.311800 0.790850 0.303746 0.794585 0.296744 0.796685 0.290441 0.795985 0.278711 0.793651 0.271359 0.790616 0.266982 0.781046 0.262255 0.763539 0.256653 0.750700 0.250700 0.734127 0.245623 0.730159 0.245448 0.723156 0.242997 0.693511 0.239146 0.689076 0.239496 0.686275 0.241246 0.691877 0.248249 0.698646 0.254902
1 0.806489 0.372899 0.809057 0.376751 0.817460 0.383754 0.830065 0.390931 0.847106 0.397584 0.867414 0.402136 0.879552 0.403711 0.901027 0.404237 0.905462 0.403536 0.907796 0.404412 0.915500 0.404587 0.942810 0.402661 0.957750 0.400035 0.964519 0.397584 0.978291 0.388655 0.986461 0.380427 0.988796 0.376576 0.991130 0.369748 0.990196 0.364671 0.990663 0.362745 0.989029 0.356268 0.984827 0.348915 0.979925 0.344713 0.977824 0.341387 0.973623 0.338060 0.971289 0.335084 0.961018 0.330007 0.956349 0.326856 0.949346 0.326506 0.945612 0.327731 0.936741 0.332458 0.919468 0.338585 0.904995 0.342612 0.896825 0.343838 0.869048 0.344363 0.844771 0.343487 0.829132 0.342087 0.820728 0.342962 0.818861 0.344013 0.818394 0.345238 0.814192 0.347164 0.803922 0.355742 0.803688 0.362745 0.806489 0.372899
1 0.584267 0.371849 0.598973 0.371674 0.620448 0.369923 0.640523 0.371849 0.646592 0.371849 0.654295 0.373775 0.665033 0.374125 0.671569 0.376401 0.675070 0.375875 0.720355 0.386029 0.734594 0.392857 0.738562 0.395833 0.745098 0.403887 0.750000 0.407738 0.751867 0.410714 0.752568 0.421744 0.755135 0.424895 0.769841 0.418592 0.782446 0.407913 0.790616 0.396534 0.794585 0.384104 0.794118 0.369748 0.790149 0.366246 0.783147 0.354867 0.779645 0.351716 0.775677 0.348915 0.768674 0.346289 0.758637 0.344188 0.755135 0.342787 0.731092 0.338936 0.693044 0.336310 0.677171 0.336134 0.668067 0.334909 0.647759 0.343838 0.622782 0.348739 0.609244 0.352766 0.605742 0.352941 0.594538 0.355392 0.586835 0.362395 0.581699 0.368697 0.581466 0.370798 0.584267 0.371849
1 0.861345 0.423494 0.865546 0.430847 0.871148 0.436800 0.874183 0.439251 0.883520 0.443803 0.900794 0.448704 0.907330 0.454832 0.911531 0.456583 0.940009 0.462535 0.961251 0.463060 0.970588 0.462710 0.984360 0.460959 0.994631 0.457983 0.998133 0.455357 0.999767 0.455357 0.999767 0.396359 0.997199 0.395483 0.994865 0.393032 0.986461 0.389181 0.980859 0.388130 0.974790 0.392682 0.963585 0.398810 0.946078 0.402661 0.925303 0.404062 0.920401 0.405462 0.911064 0.405462 0.908030 0.403887 0.892390 0.404412 0.862278 0.401786 0.859477 0.403186 0.858543 0.405112 0.858310 0.411415 0.861345 0.423494
1 0.785014 0.416141 0.794585 0.421218 0.801120 0.427171 0.810691 0.440826 0.813725 0.440651 0.824230 0.434174 0.838002 0.422794 0.845938 0.407913 0.847806 0.400910 0.846172 0.398459 0.842437 0.396183 0.831466 0.391982 0.818161 0.384629 0.807656 0.376576 0.803688 0.371324 0.800187 0.370623 0.796218 0.373424 0.794818 0.387605 0.792484 0.393557 0.788282 0.401436 0.782446 0.408789 0.779178 0.411415 0.778245 0.414916 0.785014 0.416141
1 0.580766 0.501751 0.582400 0.502801 0.585201 0.503151 0.591737 0.501576 0.597339 0.499125 0.608777 0.495623 0.650794 0.487220 0.678105 0.488620 0.685808 0.489846 0.694911 0.492822 0.701447 0.496674 0.708450 0.503151 0.711718 0.506653 0.715453 0.512780 0.718487 0.521534 0.719188 0.528711 0.718487 0.541667 0.720355 0.544818 0.723623 0.543417 0.734360 0.541842 0.740896 0.540091 0.756536 0.533263 0.766106 0.526961 0.774977 0.517857 0.781046 0.513480 0.783847 0.509629 0.790383 0.496499 0.792017 0.486695 0.791083 0.480217 0.788749 0.473739 0.782913 0.467787 0.772642 0.459209 0.762138 0.453081 0.741130 0.449055 0.733660 0.451506 0.726657 0.456583 0.720822 0.459034 0.714052 0.463761 0.693511 0.471289 0.672035 0.476541 0.668067 0.476891 0.652661 0.476015 0.640523 0.474790 0.637255 0.473564 0.612745 0.469888 0.605742 0.470238 0.602241 0.472514 0.590570 0.484244 0.583567 0.495973 0.582633 0.499475 0.580766 0.501751
1 0.742297 0.449405 0.751634 0.450455 0.763539 0.453957 0.772253 0.458742 0.777544 0.462885 0.784547 0.468838 0.789916 0.474965 0.796685 0.470763 0.804622 0.462535 0.809757 0.449580 0.809991 0.445028 0.808123 0.438901 0.804388 0.431548 0.799253 0.425245 0.789449 0.417892 0.783147 0.415616 0.779412 0.415091 0.775910 0.414916 0.768908 0.419643 0.754669 0.426120 0.743931 0.442577 0.741830 0.446078 0.742297 0.449405
1 0.791317 0.493873 0.789216 0.500350 0.782446 0.512255 0.785948 0.515581 0.799720 0.524335 0.803922 0.528887 0.807190 0.529762 0.825163 0.516807 0.829599 0.510854 0.831933 0.505252 0.833100 0.498424 0.834034 0.489321 0.833333 0.481092 0.830065 0.476541 0.821429 0.468838 0.816993 0.466211 0.807190 0.463235 0.802754 0.465161 0.797386 0.470763 0.791783 0.474090 0.790616 0.476366 0.792250 0.484244 0.791317 0.493873
1 0.720355 0.552171 0.724556 0.552171 0.730159 0.553746 0.741130 0.554972 0.772642 0.563025 0.787815 0.569853 0.796685 0.575455 0.799486 0.574755 0.803688 0.570728 0.808357 0.556373 0.809057 0.545518 0.808357 0.539566 0.804622 0.530112 0.796919 0.521709 0.782913 0.513831 0.779645 0.514706 0.767274 0.526611 0.756303 0.533789 0.746965 0.538165 0.725724 0.545168 0.723389 0.545518 0.720355 0.544818 0.719655 0.546394 0.718254 0.550245 0.720355 0.552171
1 0.672269 0.602416 0.674370 0.604342 0.692577 0.609769 0.706816 0.617822 0.711718 0.622024 0.714519 0.624825 0.721989 0.636204 0.725023 0.643732 0.727358 0.645658 0.739496 0.646359 0.745098 0.645483 0.748599 0.645833 0.754202 0.644783 0.765873 0.640581 0.768908 0.640406 0.776844 0.637780 0.789916 0.632353 0.798086 0.627626 0.801587 0.622724 0.807890 0.616246 0.810924 0.609944 0.810691 0.598389 0.805089 0.584909 0.798553 0.577381 0.789449 0.571429 0.770775 0.563025 0.761671 0.560224 0.748599 0.556898 0.717087 0.552346 0.707750 0.563901 0.706583 0.567577 0.695612 0.580182 0.685107 0.589286 0.673669 0.595588 0.671102 0.598915 0.672269 0.602416
0 0.500233 0.700280 0.505602 0.706933 0.512372 0.712185 0.513072 0.713585 0.528711 0.721814 0.543184 0.726015 0.564192 0.728466 0.591970 0.727416 0.633520 0.717612 0.637255 0.717262 0.640523 0.715511 0.644258 0.714986 0.661298 0.707633 0.680439 0.697829 0.706816 0.680497 0.714986 0.671919 0.720588 0.661239 0.723156 0.648459 0.721289 0.637080 0.714052 0.625700 0.706349 0.618347 0.692577 0.611169 0.666900 0.603817 0.661064 0.602766 0.638422 0.610119 0.622782 0.612220 0.594538 0.619398 0.588469 0.622199 0.584734 0.622549 0.570728 0.626926 0.560691 0.629377 0.549486 0.631127 0.529879 0.644608 0.520308 0.652836 0.514472 0.660014 0.510971 0.666492 0.508170 0.669818 0.501167 0.682073 0.499066 0.688200 0.498833 0.696254 0.500233 0.700280
1 0.719888 0.665091 0.711485 0.675770 0.702848 0.683298 0.690243 0.690826 0.682073 0.696954 0.671102 0.702381 0.664566 0.706583 0.640990 0.716036 0.627451 0.720063 0.607376 0.723564 0.598273 0.727416 0.602007 0.728291 0.605042 0.730917 0.612745 0.732843 0.619981 0.735994 0.647526 0.742647 0.685107 0.749825 0.701914 0.751576 0.727591 0.750700 0.748133 0.747549 0.767740 0.742822 0.782680 0.735819 0.785014 0.733543 0.789916 0.731092 0.800420 0.723214 0.807423 0.716211 0.813259 0.708158 0.816993 0.696078 0.815359 0.691176 0.806956 0.675070 0.796685 0.663515 0.791317 0.659314 0.777077 0.653361 0.769141 0.651786 0.755602 0.650910 0.747899 0.651085 0.735061 0.650035 0.730159 0.650035 0.726424 0.650910 0.723856 0.653361 0.719888 0.665091
1 0.769141 0.651261 0.777544 0.653186 0.790149 0.658263 0.798086 0.664391 0.803688 0.670868 0.808590 0.674895 0.810691 0.683648 0.814192 0.690126 0.817694 0.692752 0.820028 0.689251 0.823529 0.686975 0.830299 0.679447 0.832400 0.675420 0.834734 0.664741 0.832166 0.652836 0.828665 0.647059 0.821195 0.639881 0.817460 0.637955 0.811391 0.633228 0.800187 0.629202 0.793417 0.631127 0.760504 0.644783 0.757937 0.646884 0.754669 0.647759 0.753735 0.650910 0.769141 0.651261
1 0.799953 0.724615 0.787815 0.733368 0.779412 0.737745 0.774743 0.741772 0.775677 0.744748 0.792717 0.749825 0.802288 0.754377 0.813025 0.760854 0.818161 0.766807 0.823996 0.776611 0.826097 0.782213 0.826331 0.787290 0.827965 0.792367 0.845472 0.784314 0.848739 0.780812 0.852007 0.779237 0.859944 0.772409 0.867180 0.761029 0.870448 0.751926 0.870215 0.747899 0.866947 0.736520 0.857143 0.723739 0.850607 0.718662 0.845472 0.715161 0.831933 0.709909 0.821195 0.707983 0.814192 0.708508 0.809524 0.715161 0.799953 0.724615
1 0.816527 0.706408 0.817694 0.706933 0.831232 0.708683 0.833567 0.708333 0.835434 0.707458 0.837068 0.705182 0.842670 0.700805 0.849440 0.690301 0.849440 0.682073 0.845705 0.671394 0.842904 0.667367 0.838235 0.663340 0.834967 0.662990 0.828665 0.679972 0.824930 0.684524 0.818861 0.688901 0.817694 0.692402 0.816293 0.703081 0.816527 0.706408
1 0.830299 0.803571 0.836835 0.807248 0.841737 0.808473 0.845238 0.808298 0.857843 0.800945 0.878151 0.786415 0.882353 0.778536 0.885154 0.770308 0.887488 0.751225 0.885854 0.744573 0.883754 0.741246 0.880252 0.735994 0.873483 0.730042 0.869281 0.729867 0.864146 0.730742 0.867647 0.734769 0.869514 0.742997 0.871849 0.748599 0.869048 0.758929 0.861811 0.770658 0.854342 0.778361 0.845472 0.784664 0.833333 0.789916 0.828665 0.793417 0.828198 0.794993 0.827965 0.796919 0.830299 0.803571
1 0.662698 0.874300 0.668301 0.884629 0.671802 0.887955 0.673669 0.891106 0.676237 0.893032 0.685341 0.895833 0.691877 0.896534 0.717087 0.895133 0.725257 0.896534 0.734827 0.896884 0.739262 0.897934 0.764706 0.899860 0.776144 0.900210 0.782913 0.899510 0.789916 0.898459 0.793184 0.896884 0.796685 0.897059 0.817927 0.890056 0.828198 0.884104 0.831232 0.883228 0.840570 0.876926 0.852941 0.863620 0.855275 0.859419 0.859477 0.848915 0.857610 0.844888 0.859477 0.841912 0.860411 0.834909 0.856676 0.828081 0.845238 0.814076 0.841036 0.811099 0.834967 0.809874 0.830532 0.807248 0.824463 0.804972 0.815826 0.816527 0.808824 0.823880 0.797152 0.832983 0.779645 0.842962 0.772409 0.845238 0.764706 0.849440 0.755135 0.852941 0.748366 0.854692 0.730392 0.856793 0.713585 0.855567 0.688609 0.855042 0.679972 0.853992 0.675303 0.852591 0.671102 0.852941 0.667834 0.852416 0.662465 0.855567 0.660831 0.858368 0.661298 0.873074 0.662698 0.874300
1 0.793417 0.901611 0.799720 0.902136 0.821195 0.901085 0.831699 0.897759 0.833567 0.896183 0.838702 0.894258 0.848739 0.888831 0.851541 0.886029 0.860644 0.880252 0.867180 0.871324 0.871148 0.863270 0.873016 0.855917 0.872316 0.848739 0.869981 0.842962 0.866246 0.837360 0.861811 0.834559 0.859477 0.833508 0.858543 0.834559 0.859711 0.845938 0.855042 0.859419 0.850140 0.866772 0.846172 0.869748 0.844771 0.872724 0.840336 0.876225 0.838469 0.876751 0.837768 0.878501 0.834500 0.880077 0.832866 0.881828 0.826564 0.883403 0.824697 0.886555 0.821195 0.887430 0.814426 0.891632 0.809057 0.893732 0.794818 0.897584 0.792484 0.899685 0.792250 0.900910 0.793417 0.901611
1 0.456116 0.471113 0.443277 0.478466 0.439542 0.479867 0.435574 0.482668 0.413866 0.491772 0.401727 0.494748 0.396825 0.497024 0.390289 0.498074 0.410131 0.504552 0.419468 0.509979 0.435341 0.521359 0.440476 0.528711 0.443744 0.537640 0.446078 0.540091 0.452381 0.541141 0.481793 0.541141 0.509104 0.540091 0.515640 0.539216 0.523810 0.535714 0.530112 0.533964 0.533147 0.531863 0.539683 0.530462 0.546685 0.526436 0.565593 0.511905 0.568627 0.508929 0.573063 0.501576 0.577731 0.487570 0.578198 0.480392 0.575864 0.471989 0.567927 0.459559 0.545518 0.450105 0.539216 0.446078 0.525910 0.441176 0.520308 0.440476 0.504435 0.440301 0.497899 0.440651 0.494631 0.441877 0.474323 0.459209 0.456116 0.471113
1 0.213352 0.257178 0.215453 0.262255 0.216853 0.263480 0.230859 0.259279 0.235294 0.258929 0.252101 0.259104 0.265640 0.261380 0.281979 0.268207 0.287582 0.271884 0.294585 0.280112 0.296685 0.286415 0.304155 0.283438 0.306956 0.280987 0.313492 0.277486 0.324697 0.273284 0.327965 0.271008 0.333800 0.268732 0.336368 0.265756 0.330532 0.253326 0.327031 0.248424 0.324230 0.245973 0.321429 0.241246 0.317694 0.236870 0.305789 0.228817 0.301120 0.224265 0.289916 0.209209 0.271242 0.196078 0.262138 0.192752 0.251401 0.192402 0.243697 0.194153 0.239729 0.195728 0.227591 0.203256 0.216853 0.213585 0.212652 0.223739 0.210551 0.235469 0.210784 0.248424 0.213352 0.257178
1 0.149627 0.374650 0.158497 0.381127 0.162932 0.382528 0.167834 0.385329 0.175070 0.386380 0.183240 0.386730 0.189076 0.385679 0.196779 0.380777 0.209851 0.374125 0.223389 0.368873 0.239262 0.364146 0.265406 0.360819 0.270775 0.355917 0.271709 0.350840 0.271475 0.348915 0.267974 0.344013 0.264239 0.335084 0.264239 0.320903 0.278011 0.301996 0.290383 0.292892 0.293884 0.289391 0.295285 0.286239 0.291083 0.276611 0.285481 0.271183 0.281279 0.268557 0.276844 0.267157 0.272876 0.264356 0.265873 0.262955 0.261905 0.261029 0.255369 0.259629 0.248599 0.259104 0.233894 0.259454 0.214286 0.264531 0.203315 0.268382 0.197479 0.273284 0.184641 0.278186 0.172269 0.286064 0.157330 0.300070 0.147526 0.314076 0.143791 0.321254 0.140756 0.331758 0.144024 0.338410 0.143091 0.340161 0.139823 0.342787 0.138422 0.345938 0.139823 0.360644 0.149627 0.374650
1 0.447946 0.363445 0.453315 0.365546 0.465219 0.368522 0.472222 0.371324 0.477824 0.374650 0.486928 0.382178 0.489729 0.385154 0.493464 0.391282 0.500000 0.405987 0.503035 0.416842 0.503501 0.421919 0.502801 0.425945 0.498366 0.435924 0.501634 0.438375 0.511905 0.438375 0.515873 0.437325 0.517974 0.435399 0.514472 0.424545 0.514239 0.414566 0.515873 0.409664 0.519841 0.403011 0.526611 0.396183 0.537582 0.388305 0.549720 0.382528 0.557656 0.379727 0.562325 0.376576 0.558123 0.369223 0.553688 0.363971 0.547386 0.362045 0.531513 0.363445 0.515173 0.363445 0.512605 0.362745 0.508170 0.362745 0.504202 0.361345 0.499300 0.357318 0.491830 0.345063 0.491130 0.341387 0.487628 0.341562 0.484594 0.340686 0.481559 0.341562 0.475957 0.340336 0.470121 0.341211 0.451914 0.353641 0.438609 0.359069 0.439542 0.362745 0.447946 0.363445
1 0.377684 0.626225 0.381653 0.630777 0.390056 0.636029 0.412698 0.644258 0.421802 0.646359 0.423669 0.646183 0.427871 0.647759 0.436975 0.648810 0.446312 0.652311 0.453081 0.653536 0.483427 0.653887 0.508637 0.653011 0.511905 0.651961 0.515640 0.652661 0.518674 0.651611 0.539683 0.636380 0.542717 0.633578 0.543651 0.630427 0.543184 0.629727 0.539683 0.629377 0.532680 0.627276 0.529412 0.625525 0.524510 0.620973 0.518908 0.612745 0.514706 0.600840 0.513539 0.582983 0.514939 0.570028 0.518441 0.561975 0.528245 0.546919 0.527077 0.544818 0.519141 0.542367 0.506769 0.541317 0.461718 0.542367 0.449346 0.543592 0.445612 0.544818 0.443511 0.547269 0.440710 0.559174 0.435107 0.571954 0.433707 0.574580 0.425303 0.583683 0.422502 0.588235 0.405462 0.602941 0.400327 0.605392 0.394024 0.610469 0.378151 0.619223 0.376050 0.622199 0.375817 0.623249 0.377684 0.626225
1 0.401494 0.674020 0.406863 0.675945 0.410831 0.678746 0.414332 0.679972 0.418768 0.684349 0.422035 0.685749 0.430672 0.691527 0.436975 0.698704 0.439776 0.703256 0.443277 0.712710 0.441643 0.724090 0.443277 0.727766 0.429972 0.750350 0.425303 0.754377 0.422969 0.758754 0.429038 0.761204 0.452848 0.766982 0.481559 0.767157 0.505135 0.765406 0.512605 0.763831 0.516573 0.761730 0.525677 0.759104 0.529178 0.757003 0.532913 0.756303 0.542250 0.751401 0.546685 0.750350 0.560458 0.741422 0.563959 0.737745 0.565826 0.732843 0.562792 0.729167 0.560458 0.728291 0.543184 0.726716 0.533147 0.724090 0.525677 0.720938 0.518674 0.716562 0.512138 0.713936 0.507236 0.710084 0.498599 0.699055 0.497432 0.692227 0.500233 0.682248 0.505369 0.675070 0.508170 0.668592 0.513305 0.661590 0.514706 0.657913 0.512138 0.654587 0.510037 0.655112 0.497666 0.654587 0.479925 0.655637 0.470355 0.654587 0.460084 0.655287 0.451447 0.658088 0.441877 0.657213 0.423436 0.661239 0.412932 0.664741 0.407096 0.667717 0.400327 0.671744 0.401494 0.674020
1 0.457750 0.771183 0.463819 0.772059 0.470355 0.773985 0.485294 0.775560 0.491597 0.777661 0.494398 0.779587 0.504435 0.779412 0.543184 0.784664 0.557190 0.784139 0.573996 0.782213 0.585901 0.780637 0.599673 0.777311 0.611578 0.771709 0.616013 0.770483 0.619748 0.768207 0.624650 0.766632 0.628385 0.764356 0.629552 0.761555 0.635154 0.757703 0.636555 0.754552 0.638889 0.752801 0.643791 0.744748 0.640056 0.741071 0.606676 0.732668 0.602474 0.730392 0.595472 0.728116 0.557423 0.730392 0.555789 0.730917 0.559290 0.733368 0.562792 0.737920 0.560691 0.738971 0.559757 0.741071 0.551587 0.746148 0.533147 0.755602 0.519374 0.761029 0.511671 0.763480 0.494865 0.766807 0.486928 0.767332 0.464519 0.766457 0.456583 0.767157 0.454715 0.768382 0.454482 0.769083 0.457750 0.771183
1 0.532913 0.800420 0.534781 0.803571 0.538049 0.805147 0.541083 0.808123 0.544585 0.814951 0.546218 0.820903 0.546452 0.829132 0.541317 0.846814 0.532913 0.858894 0.526144 0.866246 0.522176 0.868522 0.518908 0.873074 0.522409 0.880077 0.528245 0.877801 0.530812 0.877626 0.536181 0.879202 0.540616 0.879027 0.549720 0.880427 0.571662 0.880952 0.581466 0.882528 0.584267 0.881653 0.595705 0.882003 0.609477 0.880777 0.615780 0.878501 0.619748 0.878501 0.629785 0.875700 0.633520 0.873775 0.644958 0.866071 0.656629 0.856092 0.657796 0.852416 0.652894 0.848564 0.642857 0.846113 0.619514 0.835959 0.609244 0.829132 0.603875 0.823354 0.601541 0.818102 0.601541 0.809874 0.605509 0.793592 0.613445 0.782913 0.612278 0.779412 0.609477 0.778361 0.602007 0.778536 0.580999 0.783263 0.546452 0.786940 0.534314 0.789741 0.532213 0.793067 0.533613 0.796218 0.532913 0.800420
1 0.521709 0.881828 0.536181 0.887605 0.575864 0.895483 0.591970 0.899510 0.598506 0.900385 0.612745 0.901436 0.615780 0.900735 0.619748 0.901961 0.640990 0.902136 0.660131 0.897934 0.668067 0.894608 0.670168 0.890756 0.660598 0.873775 0.659197 0.866947 0.659430 0.862045 0.658263 0.859419 0.658964 0.855392 0.657796 0.854342 0.652661 0.860644 0.639122 0.871148 0.627218 0.877451 0.616480 0.880252 0.596872 0.882528 0.579832 0.882528 0.540149 0.879377 0.523810 0.876926 0.521942 0.876926 0.520542 0.878501 0.520308 0.880252 0.521709 0.881828
1 0.130952 0.584909 0.131886 0.585609 0.133520 0.586660 0.147059 0.589111 0.164566 0.591387 0.168067 0.590686 0.174370 0.591211 0.202848 0.590861 0.205182 0.588936 0.212418 0.575280 0.221522 0.562850 0.235061 0.549720 0.241363 0.545168 0.256769 0.535714 0.270075 0.529412 0.282913 0.522059 0.289916 0.520483 0.305789 0.514531 0.324463 0.509104 0.330299 0.505077 0.324463 0.501225 0.320962 0.497199 0.319328 0.493522 0.314893 0.489846 0.305556 0.485994 0.300420 0.484594 0.292717 0.483718 0.289683 0.482318 0.283380 0.483368 0.267040 0.484069 0.252101 0.483543 0.227824 0.485994 0.210317 0.489146 0.192577 0.493522 0.189542 0.495273 0.182540 0.497199 0.167834 0.503326 0.158030 0.508578 0.148226 0.515231 0.141923 0.521183 0.138422 0.522759 0.137955 0.526436 0.143324 0.539916 0.143557 0.543242 0.145892 0.549720 0.145892 0.554622 0.144725 0.560224 0.141923 0.566877 0.131186 0.578081 0.131653 0.581758 0.130952 0.584909
1 0.172736 0.420868 0.172969 0.432929 0.170868 0.442577 0.165500 0.456057 0.165266 0.460259 0.167134 0.464111 0.175537 0.471814 0.191176 0.478817 0.212885 0.483368 0.216853 0.484769 0.265640 0.483543 0.281979 0.481793 0.285014 0.480217 0.289916 0.479342 0.291317 0.478291 0.292250 0.477241 0.291783 0.473915 0.285714 0.471814 0.279879 0.464461 0.278011 0.460609 0.278711 0.450455 0.280579 0.442402 0.285948 0.429447 0.292017 0.419643 0.306956 0.402136 0.315126 0.394258 0.316993 0.390581 0.310924 0.383403 0.296919 0.374125 0.293184 0.372899 0.286648 0.372024 0.284781 0.370448 0.283613 0.367822 0.280812 0.366597 0.275444 0.366071 0.261905 0.363095 0.247666 0.363796 0.230626 0.367297 0.210084 0.374825 0.193744 0.383929 0.177638 0.396534 0.169001 0.407738 0.169001 0.411415 0.172736 0.420868
1 0.444444 0.920518 0.431839 0.929972 0.416667 0.939076 0.418301 0.941001 0.426237 0.943277 0.445378 0.946254 0.454715 0.946429 0.469421 0.944503 0.473856 0.944853 0.480859 0.942752 0.494631 0.936975 0.503035 0.931898 0.510504 0.925245 0.516807 0.914741 0.519374 0.907913 0.519841 0.903711 0.518908 0.898459 0.515406 0.898284 0.512838 0.894258 0.515640 0.890931 0.519141 0.890581 0.518908 0.886555 0.515873 0.880077 0.511905 0.878501 0.506536 0.882703 0.491130 0.889531 0.487862 0.891632 0.460084 0.902136 0.455649 0.904762 0.447946 0.916667 0.444444 0.920518
1 0.308590 0.872199 0.299953 0.886730 0.295985 0.895483 0.289216 0.903711 0.273109 0.918943 0.267974 0.922794 0.263305 0.925070 0.259570 0.928746 0.261671 0.932248 0.271942 0.935749 0.276144 0.935924 0.282446 0.937500 0.310924 0.941527 0.338469 0.948179 0.359477 0.950105 0.366713 0.950105 0.376050 0.949405 0.394491 0.945553 0.414799 0.939601 0.426471 0.932073 0.431139 0.930672 0.444444 0.920168 0.450514 0.912290 0.452381 0.908088 0.450047 0.906162 0.442110 0.906513 0.428805 0.909489 0.393324 0.912640 0.380252 0.911940 0.376284 0.912640 0.373016 0.911590 0.369748 0.911765 0.366480 0.910539 0.362512 0.910539 0.352708 0.908438 0.347572 0.906338 0.341737 0.902311 0.334500 0.895483 0.331466 0.890231 0.330299 0.885854 0.329832 0.876050 0.331466 0.866246 0.332866 0.861695 0.337068 0.854167 0.339636 0.851366 0.340336 0.848739 0.338235 0.847339 0.332400 0.846464 0.324230 0.846289 0.321662 0.847339 0.316527 0.845413 0.314192 0.845763 0.311625 0.848915 0.312092 0.859769 0.308590 0.872199
1 0.290383 0.823179 0.297619 0.829482 0.299720 0.832458 0.307190 0.838410 0.317227 0.840686 0.322829 0.842787 0.341970 0.845063 0.345238 0.843137 0.354342 0.833333 0.378385 0.815301 0.405462 0.801646 0.415266 0.798845 0.418301 0.797094 0.428805 0.793592 0.432306 0.791317 0.442810 0.788866 0.448880 0.786415 0.448413 0.779587 0.445378 0.772759 0.444911 0.768908 0.442577 0.765581 0.438842 0.764181 0.420635 0.761029 0.414799 0.763655 0.407330 0.768557 0.392157 0.775035 0.366480 0.782388 0.343371 0.785889 0.340570 0.787290 0.338002 0.789916 0.335201 0.790441 0.331466 0.792367 0.324930 0.797619 0.317460 0.802171 0.299020 0.809174 0.286881 0.812675 0.281979 0.814951 0.281746 0.817577 0.290383 0.823179
1 0.124883 0.777311 0.132586 0.784139 0.140523 0.788515 0.160131 0.796744 0.167134 0.798845 0.177638 0.801120 0.189309 0.804797 0.202614 0.806548 0.217087 0.810224 0.231559 0.812675 0.234127 0.813725 0.263772 0.815126 0.269841 0.814426 0.273810 0.813200 0.282913 0.812850 0.289216 0.811099 0.295985 0.808123 0.309524 0.804972 0.314426 0.802171 0.317460 0.801296 0.321195 0.798669 0.325864 0.796919 0.330065 0.793242 0.332633 0.789041 0.337768 0.786415 0.335668 0.785889 0.327731 0.786239 0.325163 0.784314 0.310691 0.781338 0.298319 0.776961 0.292717 0.774510 0.289916 0.772409 0.281746 0.769433 0.272409 0.764006 0.265640 0.761380 0.262138 0.758578 0.254202 0.755602 0.240663 0.748775 0.234127 0.744223 0.228058 0.741422 0.219421 0.735994 0.215686 0.732843 0.209150 0.725665 0.205182 0.719363 0.203081 0.712885 0.199813 0.709559 0.192344 0.710784 0.171569 0.716737 0.157096 0.723214 0.151027 0.726716 0.147759 0.727591 0.139356 0.733718 0.127918 0.744748 0.123716 0.751576 0.123483 0.754114 0.119514 0.761029 0.119748 0.766106 0.124883 0.777311
1 0.029178 0.832633 0.035014 0.839461 0.040149 0.842787 0.046452 0.845063 0.053221 0.848739 0.063725 0.851190 0.071429 0.853817 0.077965 0.854692 0.084267 0.856443 0.116480 0.860644 0.119748 0.860119 0.130719 0.853817 0.134454 0.850840 0.140990 0.847164 0.145892 0.845413 0.148693 0.843312 0.171335 0.833508 0.189542 0.828081 0.217087 0.821078 0.220588 0.819503 0.229458 0.817752 0.230392 0.814251 0.216853 0.809874 0.200280 0.806373 0.190009 0.804972 0.172502 0.799895 0.163399 0.798144 0.154062 0.794993 0.151027 0.793067 0.147059 0.792192 0.133053 0.784839 0.126284 0.779587 0.120682 0.771008 0.117880 0.761380 0.116246 0.759454 0.102241 0.761555 0.088469 0.764531 0.077031 0.769783 0.067694 0.772759 0.061391 0.776611 0.054855 0.779412 0.047152 0.785014 0.042017 0.792017 0.041317 0.804797 0.039916 0.810399 0.029879 0.828081 0.028711 0.831583 0.029178 0.832633
1 0.026377 0.935399 0.020075 0.942927 0.009804 0.952731 0.007236 0.956583 0.008403 0.959559 0.008637 0.970413 0.010971 0.975665 0.015640 0.981618 0.022409 0.985644 0.025677 0.986695 0.057190 0.991597 0.064192 0.991246 0.112745 0.984944 0.137255 0.980917 0.147526 0.978641 0.168534 0.971639 0.185574 0.962710 0.195612 0.953081 0.194444 0.952031 0.188842 0.951856 0.156396 0.955882 0.139823 0.955707 0.133520 0.955007 0.130252 0.953957 0.126517 0.953957 0.123483 0.952556 0.112745 0.952031 0.109711 0.950630 0.102007 0.949055 0.091970 0.945378 0.088235 0.942402 0.082400 0.939426 0.079132 0.935749 0.077031 0.929797 0.077264 0.920868 0.079132 0.912290 0.084967 0.898459 0.089402 0.894083 0.093604 0.887080 0.097572 0.883929 0.098506 0.880077 0.095005 0.879727 0.082866 0.883754 0.063025 0.893557 0.052521 0.899510 0.036881 0.911415 0.034314 0.921569 0.026377 0.935399
1 0.173669 0.970938 0.176471 0.973564 0.182306 0.975315 0.203782 0.975840 0.220121 0.973564 0.238095 0.972164 0.289683 0.964636 0.314192 0.960084 0.330299 0.952031 0.333100 0.949580 0.330065 0.947129 0.315593 0.942752 0.297152 0.939076 0.282213 0.937500 0.265173 0.933999 0.258637 0.930847 0.253035 0.932423 0.223156 0.945553 0.203315 0.950105 0.185808 0.963060 0.177171 0.967087 0.173436 0.970413 0.173669 0.970938
1 0.000000 0.782913 0.008170 0.781688 0.016690 0.779237 0.025910 0.778536 0.037348 0.772934 0.046452 0.771008 0.050887 0.768732 0.060924 0.765231 0.070728 0.760679 0.101307 0.739671 0.115313 0.727241 0.130486 0.711310 0.134921 0.703081 0.140289 0.696078 0.144725 0.685749 0.146125 0.678396 0.145191 0.671744 0.144024 0.669293 0.139589 0.661415 0.135154 0.657738 0.120448 0.649160 0.116246 0.647584 0.106909 0.646534 0.098039 0.646534 0.085901 0.648810 0.080999 0.648985 0.071895 0.652486 0.052754 0.657563 0.043184 0.661590 0.039683 0.661064 0.033380 0.665091 0.011204 0.674195 0.007937 0.676646 0.002568 0.678746 0.002568 0.685749 0.000000 0.688725 0.000000 0.782913
1 0.080065 0.760154 0.083567 0.760679 0.099673 0.759804 0.119514 0.755777 0.128618 0.741947 0.137955 0.733718 0.144958 0.728817 0.157096 0.722339 0.172269 0.716036 0.196078 0.708859 0.199580 0.708683 0.201447 0.706408 0.205415 0.696078 0.204715 0.692577 0.199813 0.690826 0.186508 0.688200 0.177871 0.685574 0.161298 0.679972 0.158030 0.677871 0.148693 0.675070 0.147526 0.674020 0.145892 0.683999 0.143791 0.690651 0.134220 0.705882 0.113445 0.729517 0.105509 0.736695 0.088702 0.748775 0.082400 0.751751 0.078431 0.755602 0.076564 0.758578 0.080065 0.760154
1 0.121148 0.646534 0.126517 0.651611 0.133287 0.654062 0.137722 0.656863 0.143557 0.663866 0.147993 0.672794 0.163632 0.680497 0.175770 0.684874 0.192344 0.689251 0.199113 0.689951 0.203081 0.691877 0.206583 0.691877 0.222689 0.675245 0.232026 0.669118 0.244164 0.662290 0.260504 0.657038 0.276377 0.653536 0.303221 0.651436 0.322596 0.652486 0.348506 0.655987 0.352007 0.654412 0.351074 0.649860 0.352241 0.640231 0.350607 0.633929 0.349673 0.632353 0.345472 0.629902 0.313959 0.633053 0.310458 0.635329 0.300187 0.636905 0.296685 0.638655 0.289449 0.639181 0.281513 0.641632 0.265406 0.644083 0.251867 0.647234 0.238796 0.648109 0.227358 0.644608 0.216620 0.634279 0.207750 0.619923 0.203315 0.609419 0.203081 0.595413 0.199580 0.594188 0.171802 0.597689 0.150560 0.605217 0.139823 0.611169 0.128852 0.620098 0.124650 0.625175 0.121382 0.631828 0.119514 0.637080 0.121148 0.646534
1 0.000000 0.852416 0.001634 0.852416 0.022642 0.835259 0.033847 0.820728 0.039916 0.806548 0.040383 0.793768 0.036415 0.782388 0.029879 0.778361 0.025677 0.778186 0.017507 0.779412 0.000000 0.783088 0.000000 0.852416
1 0.000000 0.958508 0.001634 0.958508 0.007703 0.953957 0.018908 0.943277 0.024977 0.935924 0.033380 0.921569 0.035714 0.910889 0.034080 0.897059 0.029178 0.887080 0.013772 0.876050 0.001867 0.871849 0.000000 0.871849 0.000000 0.958508
1 0.000000 0.179097 0.004902 0.180322 0.022642 0.181022 0.025677 0.182248 0.029178 0.182598 0.048553 0.190826 0.061158 0.198004 0.069328 0.204482 0.079365 0.216211 0.085668 0.229167 0.089636 0.242997 0.092437 0.245623 0.095238 0.246148 0.098739 0.245623 0.105275 0.243522 0.109244 0.243522 0.130252 0.238971 0.143091 0.237570 0.149393 0.236169 0.157796 0.231793 0.168301 0.223739 0.173436 0.212010 0.175070 0.203782 0.174837 0.195728 0.171802 0.185749 0.164799 0.175245 0.158263 0.169643 0.150794 0.164391 0.137021 0.156688 0.133053 0.155637 0.130019 0.153186 0.117647 0.148985 0.112745 0.146008 0.108777 0.145833 0.095472 0.142157 0.080065 0.140056 0.049020 0.140056 0.029645 0.144433 0.020308 0.147409 0.011905 0.151085 0.000000 0.154937 0.000000 0.179097
1 0.000000 0.290616 0.033147 0.292192 0.049253 0.287640 0.058824 0.283613 0.068627 0.276786 0.072596 0.272584 0.081699 0.261380 0.086835 0.251225 0.087535 0.237745 0.086601 0.234069 0.079599 0.217262 0.076097 0.212185 0.066993 0.203081 0.060691 0.198004 0.040850 0.188025 0.025910 0.182773 0.019841 0.181723 0.004669 0.180847 0.000000 0.181197 0.000000 0.290616
1 0.070028 0.276611 0.060924 0.283789 0.044818 0.289916 0.039916 0.293417 0.043417 0.296218 0.064192 0.299720 0.077264 0.303746 0.081699 0.304447 0.108777 0.314426 0.116013 0.318452 0.122549 0.323880 0.127918 0.331758 0.130252 0.333859 0.137255 0.333683 0.139122 0.331583 0.142157 0.323004 0.146592 0.314426 0.156396 0.300245 0.168067 0.288866 0.181839 0.279412 0.190943 0.274510 0.199580 0.271709 0.202381 0.269083 0.200514 0.265581 0.194211 0.257353 0.188842 0.254202 0.186275 0.250525 0.182073 0.248424 0.178338 0.244748 0.168534 0.241246 0.160598 0.239846 0.157796 0.238270 0.150327 0.237570 0.147059 0.238445 0.133287 0.239671 0.120448 0.242122 0.094304 0.249475 0.087768 0.252451 0.081933 0.262780 0.070028 0.276611
1 0.000000 0.490021 0.004435 0.491597 0.017974 0.494748 0.066293 0.496499 0.088936 0.494573 0.102708 0.492297 0.116480 0.488270 0.124183 0.485119 0.134220 0.479167 0.143791 0.474615 0.155929 0.463410 0.164799 0.452031 0.168534 0.443102 0.171335 0.432423 0.170868 0.418067 0.166667 0.408438 0.157796 0.399160 0.154528 0.396359 0.148226 0.393032 0.147059 0.391282 0.139823 0.387955 0.137021 0.385329 0.119748 0.377801 0.112045 0.376050 0.089869 0.374650 0.075163 0.375350 0.066993 0.376576 0.044351 0.381303 0.029178 0.385329 0.016340 0.390056 0.004202 0.396183 0.000000 0.398810 0.000000 0.490021
1 0.000000 0.396709 0.001634 0.396709 0.017740 0.389006 0.036881 0.382528 0.067460 0.375875 0.084267 0.373775 0.102474 0.374125 0.115313 0.375875 0.119748 0.375000 0.124650 0.370273 0.130486 0.362745 0.132586 0.356092 0.132820 0.350315 0.125117 0.328081 0.115780 0.318978 0.106676 0.313725 0.095005 0.308999 0.060224 0.300070 0.025910 0.293242 0.004435 0.291842 0.000000 0.292367 0.000000 0.396709
1 0.000000 0.594013 0.012138 0.597689 0.034547 0.601015 0.064426 0.600140 0.068627 0.599615 0.070962 0.598564 0.074930 0.598739 0.078198 0.600490 0.087535 0.597689 0.091737 0.595763 0.094304 0.593662 0.098739 0.592437 0.113212 0.585784 0.116246 0.585084 0.120448 0.579832 0.123016 0.578606 0.130719 0.572304 0.138189 0.564426 0.140056 0.559699 0.140056 0.553571 0.141923 0.550420 0.139589 0.536940 0.137021 0.528711 0.127684 0.518908 0.117180 0.512080 0.109477 0.508578 0.088469 0.502626 0.077498 0.501751 0.072362 0.498249 0.028011 0.496674 0.004902 0.498775 0.001867 0.500175 0.000000 0.500175 0.000000 0.594013
1 0.000000 0.676120 0.001634 0.676120 0.014939 0.671744 0.029412 0.665616 0.043651 0.657913 0.047152 0.654412 0.055089 0.640756 0.056256 0.633929 0.054155 0.619223 0.050654 0.612395 0.044351 0.605217 0.039916 0.602416 0.036648 0.601541 0.001634 0.595763 0.000000 0.595763 0.000000 0.676120
1 0.169935 0.241947 0.175303 0.243697 0.179739 0.246148 0.191176 0.254902 0.195845 0.260854 0.203081 0.267332 0.210084 0.265231 0.214286 0.262080 0.210551 0.249650 0.210084 0.243522 0.211485 0.227241 0.215219 0.217437 0.214286 0.214286 0.199346 0.215511 0.189076 0.218838 0.178571 0.219888 0.170635 0.223214 0.160831 0.230567 0.152661 0.237745 0.169935 0.241947
1 0.056022 0.622724 0.057656 0.633929 0.056256 0.640756 0.052288 0.646884 0.051120 0.651436 0.053455 0.654412 0.057423 0.654762 0.071195 0.651261 0.080532 0.647934 0.105275 0.645308 0.114846 0.646884 0.119048 0.646534 0.120215 0.644433 0.119514 0.641282 0.119981 0.636555 0.122316 0.629202 0.126751 0.621849 0.134220 0.615196 0.140990 0.610119 0.149860 0.605217 0.171335 0.596814 0.179505 0.595238 0.178571 0.594188 0.173903 0.593312 0.171802 0.592087 0.154295 0.590686 0.151261 0.589636 0.131419 0.586660 0.122782 0.584209 0.108310 0.590511 0.105976 0.592437 0.095472 0.597514 0.092670 0.599965 0.086134 0.603466 0.081466 0.602241 0.077965 0.602241 0.071662 0.600140 0.044351 0.602241 0.053221 0.616071 0.056022 0.622724
1 0.095705 0.502976 0.117880 0.511029 0.126984 0.516632 0.137021 0.524685 0.153284 0.511088 0.174603 0.498424 0.175770 0.492472 0.173669 0.487045 0.169468 0.482318 0.158497 0.476190 0.154295 0.475315 0.150794 0.472689 0.146825 0.473389 0.131419 0.482143 0.115546 0.489146 0.099206 0.493697 0.084267 0.495623 0.080299 0.497549 0.077264 0.498074 0.087068 0.501576 0.095705 0.502976
1 0.818161 0.168768 0.820962 0.169643 0.829365 0.168943 0.836601 0.169643 0.852941 0.169118 0.860411 0.169818 0.869514 0.171744 0.873716 0.171744 0.890289 0.174370 0.896592 0.174545 0.914799 0.178046 0.919001 0.179447 0.940476 0.187150 0.948179 0.192227 0.955415 0.200805 0.959384 0.209734 0.961018 0.217262 0.963119 0.219713 0.970822 0.213585 0.974090 0.209209 0.977358 0.206758 0.979458 0.202906 0.982726 0.190301 0.982260 0.181723 0.978525 0.173845 0.972923 0.167367 0.963585 0.160889 0.959150 0.159139 0.942810 0.155987 0.931373 0.155287 0.922035 0.153887 0.906162 0.153361 0.901494 0.154062 0.873016 0.154062 0.848973 0.157388 0.837768 0.159839 0.833800 0.161239 0.831699 0.164216 0.823296 0.164916 0.816527 0.167717 0.813959 0.168067 0.813959 0.168592 0.818161 0.168768
1 0.952148 0.246674 0.961718 0.249125 0.971989 0.256127 0.975724 0.261380 0.980159 0.271534 0.980859 0.286940 0.979458 0.293067 0.972689 0.304622 0.969655 0.307248 0.967320 0.310749 0.969888 0.312150 0.973856 0.312150 0.977124 0.310749 0.981559 0.307598 0.983193 0.305497 0.987628 0.302871 0.993464 0.297094 0.997899 0.288165 0.999767 0.287990 0.999767 0.267157 0.997899 0.266982 0.992530 0.256828 0.986228 0.250525 0.974790 0.242647 0.960317 0.238445 0.956583 0.238445 0.953081 0.241772 0.951681 0.244573 0.952148 0.246674
1 0.953548 0.324580 0.957983 0.326506 0.970355 0.334034 0.978525 0.341211 0.985994 0.349965 0.989496 0.355567 0.992530 0.367997 0.994865 0.369223 0.998133 0.366772 0.999767 0.366772 0.999767 0.308824 0.990896 0.304972 0.987862 0.304272 0.984594 0.304797 0.981559 0.308298 0.975023 0.312325 0.967087 0.313725 0.959851 0.317402 0.955882 0.321078 0.954949 0.323529 0.953548 0.324580
1 0.726190 0.338410 0.755135 0.342787 0.768207 0.346464 0.776844 0.350140 0.782213 0.353992 0.793184 0.371499 0.796919 0.368873 0.799953 0.362570 0.801354 0.353116 0.800887 0.345413 0.799253 0.341387 0.797386 0.339636 0.778478 0.333683 0.773810 0.331057 0.768908 0.326506 0.766106 0.325805 0.760738 0.326331 0.741130 0.332458 0.730159 0.333158 0.726657 0.334209 0.725257 0.334909 0.726190 0.338410