0 0.295343 0.245066 0.296744 0.253560 0.296744 0.258556 0.297969 0.262053 0.300070 0.276543 0.306723 0.301274 0.309699 0.309768 0.312325 0.320510 0.312150 0.324507 0.316176 0.330252 0.320203 0.339995 0.328081 0.351736 0.333333 0.355234 0.335259 0.358981 0.341211 0.366475 0.355742 0.376218 0.362745 0.378716 0.365546 0.378716 0.372199 0.376717 0.387430 0.374719 0.389006 0.373720 0.394958 0.362978 0.395483 0.355733 0.397234 0.352236 0.402136 0.322008 0.403887 0.289783 0.404062 0.274294 0.403186 0.254809 0.403536 0.237322 0.401085 0.209843 0.397234 0.193105 0.393908 0.182113 0.386029 0.161379 0.379902 0.150137 0.379202 0.147389 0.367122 0.131901 0.359244 0.125656 0.350140 0.121409 0.338585 0.119910 0.327556 0.120410 0.323354 0.121659 0.316352 0.126155 0.311975 0.131152 0.303221 0.147389 0.303396 0.148888 0.298494 0.164127 0.296394 0.181114 0.296218 0.199850 0.295168 0.209093 0.294818 0.237572 0.295343 0.245066
0 0.068627 0.294029 0.069678 0.298776 0.073354 0.307020 0.076681 0.317512 0.080182 0.324257 0.084734 0.331751 0.091387 0.339495 0.098739 0.346490 0.101891 0.347739 0.109244 0.347240 0.113971 0.345241 0.119573 0.340994 0.125875 0.338746 0.136029 0.327005 0.145658 0.317762 0.161239 0.298276 0.163340 0.293280 0.166141 0.290532 0.173144 0.280290 0.182773 0.257057 0.188200 0.240570 0.191352 0.224082 0.192752 0.209343 0.186275 0.159380 0.183298 0.147639 0.176296 0.129903 0.170693 0.120160 0.164916 0.112666 0.151436 0.100425 0.142332 0.096178 0.130077 0.095678 0.121324 0.097677 0.112570 0.101174 0.106793 0.105421 0.095238 0.119660 0.088936 0.133150 0.087885 0.136897 0.082108 0.147140 0.081583 0.150887 0.078256 0.157632 0.075105 0.168873 0.068102 0.202848 0.067927 0.211841 0.065476 0.220335 0.064951 0.226580 0.064601 0.255059 0.068627 0.294029
0 0.640581 0.276043 0.641807 0.279540 0.648810 0.288783 0.661765 0.297277 0.671218 0.300774 0.676296 0.301274 0.682773 0.303522 0.692577 0.304522 0.698354 0.302023 0.711835 0.298776 0.725315 0.292531 0.728116 0.289783 0.737920 0.283787 0.755777 0.265051 0.767157 0.249063 0.777486 0.228579 0.783438 0.210092 0.787115 0.190607 0.787115 0.175119 0.783613 0.155134 0.775385 0.133900 0.768908 0.125656 0.760854 0.119660 0.751225 0.116163 0.741071 0.114164 0.726716 0.116912 0.710084 0.123407 0.692927 0.134399 0.683824 0.144891 0.680497 0.147389 0.664566 0.174369 0.661064 0.185861 0.655462 0.199850 0.650385 0.216588 0.643557 0.244567 0.640756 0.261554 0.640056 0.268798 0.640581 0.276043
0 0.740721 0.349238 0.744223 0.366225 0.748599 0.380215 0.749825 0.386460 0.755952 0.398451 0.757878 0.404696 0.762605 0.412940 0.763655 0.416188 0.786239 0.451162 0.790616 0.456658 0.791842 0.459905 0.798144 0.463153 0.810399 0.472396 0.834909 0.480889 0.845763 0.480390 0.853291 0.478641 0.859244 0.474144 0.862920 0.473145 0.870448 0.463652 0.872374 0.458156 0.873599 0.446415 0.873249 0.419435 0.868522 0.372970 0.860994 0.321009 0.857318 0.307270 0.851190 0.292031 0.842087 0.275793 0.837185 0.270297 0.835959 0.265051 0.831583 0.258056 0.817927 0.244067 0.804272 0.234824 0.793943 0.231576 0.779237 0.231576 0.776085 0.234324 0.772409 0.239820 0.768908 0.248064 0.759629 0.260804 0.753852 0.268299 0.748950 0.272546 0.743172 0.279291 0.738270 0.286285 0.738270 0.291781 0.737395 0.297027 0.737745 0.324756 0.740721 0.349238
0 0.861520 0.315264 0.866422 0.345491 0.873775 0.411691 0.876050 0.421684 0.879902 0.427679 0.882528 0.435174 0.889006 0.446665 0.897409 0.457157 0.907738 0.466400 0.922269 0.475393 0.928396 0.478141 0.935924 0.477892 0.944853 0.471147 0.950630 0.463153 0.958683 0.449413 0.963410 0.438671 0.966211 0.428928 0.966387 0.425181 0.971289 0.411691 0.974090 0.400699 0.979692 0.366725 0.981443 0.340994 0.981443 0.327504 0.980567 0.314264 0.977591 0.293280 0.972164 0.272296 0.969363 0.265051 0.961660 0.249313 0.949930 0.230827 0.938375 0.219835 0.935749 0.216338 0.929272 0.211841 0.921744 0.208843 0.911590 0.206845 0.907913 0.207095 0.904762 0.208344 0.901611 0.211341 0.893032 0.216837 0.879902 0.230827 0.874825 0.238321 0.869748 0.248314 0.866071 0.265301 0.864146 0.279291 0.863270 0.298526 0.861520 0.315264
0 0.577731 0.494379 0.579482 0.504871 0.581758 0.511616 0.582108 0.515613 0.584559 0.520110 0.588060 0.529853 0.591912 0.536847 0.611870 0.563078 0.615896 0.566575 0.620273 0.566575 0.624650 0.564327 0.638655 0.548589 0.655462 0.520859 0.660364 0.508119 0.661765 0.501624 0.669468 0.483387 0.674020 0.475393 0.681022 0.456658 0.682423 0.447414 0.686275 0.432426 0.688901 0.414689 0.688725 0.407694 0.689601 0.397452 0.687500 0.365976 0.686275 0.357732 0.685574 0.341994 0.680497 0.324507 0.673669 0.311516 0.665266 0.301274 0.651436 0.292780 0.647584 0.291282 0.637255 0.290282 0.632878 0.290782 0.623599 0.294279 0.619748 0.297277 0.611520 0.306270 0.605392 0.315264 0.598739 0.328004 0.595588 0.337247 0.587185 0.355983 0.582808 0.369973 0.578782 0.387210 0.574755 0.431426 0.574755 0.467399 0.577731 0.494379
0 0.443978 0.439670 0.447129 0.455908 0.447654 0.462153 0.449755 0.469398 0.449930 0.474394 0.456758 0.497877 0.456933 0.501624 0.458859 0.505121 0.466562 0.525606 0.473039 0.538846 0.485819 0.555583 0.499650 0.568074 0.511905 0.576318 0.528711 0.580814 0.537465 0.581314 0.546218 0.579066 0.550245 0.575568 0.552696 0.571072 0.555497 0.558831 0.560574 0.529353 0.560049 0.525106 0.561450 0.519111 0.562675 0.501624 0.561099 0.476643 0.558123 0.453160 0.552346 0.424931 0.543592 0.397952 0.533789 0.376717 0.526261 0.365726 0.519083 0.356982 0.504727 0.344242 0.487920 0.336498 0.480742 0.336997 0.469013 0.340744 0.459384 0.349988 0.451331 0.359730 0.447304 0.369723 0.442577 0.396952 0.442577 0.418436 0.443978 0.439670
0 0.320028 0.511366 0.319853 0.518861 0.323704 0.532601 0.324580 0.539096 0.326155 0.543342 0.327556 0.549588 0.327731 0.553835 0.330182 0.557082 0.331232 0.561579 0.334209 0.568074 0.342962 0.581564 0.350665 0.589558 0.360644 0.596802 0.373249 0.602298 0.379027 0.603547 0.390931 0.603298 0.394608 0.601549 0.401611 0.597052 0.407913 0.591806 0.410889 0.588059 0.414916 0.581564 0.416667 0.577067 0.433999 0.509868 0.438550 0.485136 0.439601 0.469398 0.439426 0.449413 0.436800 0.439920 0.434174 0.425431 0.428746 0.411441 0.420518 0.397452 0.414391 0.390707 0.404412 0.382213 0.387080 0.376717 0.376926 0.377967 0.369573 0.379965 0.362395 0.382963 0.356618 0.386710 0.342087 0.400450 0.331583 0.418186 0.328431 0.425681 0.323179 0.445916 0.320378 0.465401 0.318627 0.493630 0.320028 0.511366
0 0.171744 0.580814 0.171394 0.585811 0.172094 0.588559 0.172094 0.606545 0.174195 0.619286 0.175070 0.630277 0.176821 0.637272 0.179272 0.640520 0.179972 0.644017 0.182773 0.650512 0.185924 0.654759 0.187150 0.658256 0.194678 0.668499 0.199230 0.672745 0.209734 0.679241 0.215336 0.679241 0.219713 0.677992 0.235119 0.667999 0.247374 0.653260 0.273284 0.613540 0.281863 0.594554 0.294993 0.570822 0.296394 0.561579 0.298144 0.556583 0.299545 0.543592 0.300945 0.540095 0.301646 0.533350 0.300945 0.514864 0.301996 0.508369 0.296744 0.480889 0.292192 0.466650 0.283964 0.452661 0.277836 0.444916 0.269608 0.438921 0.262955 0.435673 0.255252 0.428928 0.251576 0.428928 0.249475 0.430177 0.234069 0.433925 0.224090 0.439420 0.212360 0.453910 0.204132 0.466400 0.191176 0.492131 0.180672 0.522858 0.175245 0.546340 0.171394 0.571322 0.170868 0.578066 0.171744 0.580814
0 0.066527 0.463153 0.068627 0.469898 0.070028 0.477892 0.075805 0.494879 0.077381 0.504871 0.080357 0.515363 0.090161 0.543093 0.093487 0.550837 0.099790 0.560829 0.116772 0.581814 0.122024 0.586560 0.129727 0.590057 0.140581 0.590057 0.153711 0.586060 0.158263 0.583812 0.165616 0.576068 0.168417 0.574569 0.169643 0.571322 0.174720 0.543842 0.179797 0.522858 0.190476 0.490132 0.194503 0.480390 0.195728 0.466400 0.193803 0.445916 0.191527 0.432176 0.183824 0.397202 0.176471 0.376967 0.168242 0.360729 0.161590 0.351986 0.157213 0.348239 0.147759 0.344242 0.137255 0.341244 0.123074 0.341494 0.115371 0.346240 0.103291 0.350987 0.094888 0.358481 0.081758 0.376468 0.078081 0.382963 0.074055 0.391706 0.069503 0.404696 0.066702 0.418186 0.065301 0.430177 0.065651 0.455408 0.066527 0.463153
0 0.807073 0.616538 0.809524 0.634774 0.814076 0.656757 0.821254 0.678991 0.844188 0.725206 0.846639 0.728703 0.860994 0.742193 0.870098 0.748189 0.876926 0.750437 0.883228 0.751187 0.893032 0.750687 0.899860 0.748439 0.907738 0.743442 0.915966 0.733450 0.922269 0.718461 0.930322 0.687984 0.932773 0.662503 0.931723 0.630527 0.926996 0.598551 0.922444 0.579066 0.916842 0.560829 0.911940 0.547839 0.907563 0.539845 0.906688 0.536348 0.902136 0.528104 0.891457 0.512865 0.883053 0.505121 0.875525 0.499625 0.865721 0.494879 0.855917 0.491881 0.848739 0.491631 0.842262 0.493130 0.827731 0.502373 0.820728 0.508369 0.813200 0.522608 0.810924 0.536348 0.808999 0.557582 0.807248 0.563827 0.805497 0.577317 0.805322 0.593055 0.807073 0.616538
0 0.674720 0.525856 0.675770 0.529353 0.675945 0.541844 0.674720 0.560580 0.675945 0.564077 0.675595 0.567574 0.677521 0.584312 0.676996 0.588808 0.679622 0.594304 0.679797 0.598801 0.682248 0.602798 0.688025 0.617787 0.691176 0.623033 0.692227 0.626280 0.694678 0.628778 0.703606 0.642018 0.717087 0.658006 0.722339 0.662753 0.733894 0.667999 0.741947 0.667999 0.747199 0.666000 0.755077 0.660255 0.762780 0.651262 0.770483 0.639770 0.781162 0.614039 0.787815 0.591556 0.791667 0.564826 0.793242 0.560330 0.796919 0.543342 0.799020 0.523357 0.799020 0.515363 0.796394 0.487384 0.794818 0.480140 0.790966 0.469898 0.788866 0.461404 0.785364 0.453160 0.776261 0.437172 0.762080 0.420435 0.740371 0.415438 0.737395 0.415438 0.730917 0.418436 0.727066 0.417937 0.717262 0.421934 0.712360 0.425431 0.703081 0.434424 0.700105 0.438921 0.693102 0.451911 0.692402 0.455408 0.688375 0.463153 0.686975 0.466900 0.685574 0.477142 0.679447 0.494129 0.676296 0.520110 0.674720 0.525856
0 0.440826 0.000000 0.440126 0.002498 0.438200 0.005246 0.428571 0.012491 0.425070 0.017237 0.416667 0.025481 0.409139 0.036473 0.404237 0.047714 0.402136 0.057957 0.401961 0.073695 0.403011 0.081939 0.405287 0.091681 0.415091 0.112666 0.424370 0.125406 0.439076 0.138646 0.445903 0.142893 0.457458 0.145641 0.468312 0.146390 0.475140 0.146140 0.484244 0.144142 0.501576 0.138396 0.503501 0.136648 0.516106 0.130402 0.530462 0.117412 0.539391 0.110917 0.548669 0.099925 0.552696 0.091681 0.555847 0.081439 0.557773 0.064202 0.552871 0.043467 0.547619 0.029228 0.539916 0.016488 0.533088 0.007994 0.526786 0.001999 0.526436 0.000000 0.440826 0.000000
0 0.199405 0.261054 0.201506 0.272296 0.205182 0.284537 0.205182 0.286785 0.208333 0.291781 0.209909 0.297027 0.216737 0.311766 0.219888 0.316513 0.228291 0.325006 0.237395 0.330752 0.244748 0.330752 0.248424 0.328753 0.259454 0.317762 0.264356 0.310767 0.266807 0.305271 0.269608 0.301274 0.272234 0.293280 0.275910 0.286285 0.281162 0.273295 0.284664 0.263303 0.285889 0.256558 0.291492 0.241069 0.293943 0.220585 0.294993 0.180615 0.296919 0.167125 0.297969 0.146890 0.294818 0.126405 0.290791 0.112416 0.283964 0.098676 0.278711 0.091931 0.269258 0.086435 0.264531 0.085436 0.261204 0.082938 0.259979 0.079690 0.259104 0.070947 0.255252 0.063203 0.253501 0.063952 0.253501 0.071446 0.254552 0.075943 0.253326 0.080190 0.240371 0.081689 0.230917 0.087434 0.226366 0.091681 0.220938 0.099176 0.213585 0.112915 0.210259 0.119910 0.199405 0.159880 0.198704 0.166875 0.194853 0.186110 0.194853 0.216588 0.199405 0.261054
0 0.504902 0.315763 0.504902 0.328004 0.509104 0.343742 0.512255 0.348988 0.518382 0.354234 0.530812 0.370222 0.537640 0.380714 0.544818 0.395204 0.546919 0.396702 0.552346 0.397702 0.557073 0.396952 0.560749 0.395204 0.568627 0.386960 0.578957 0.373970 0.582983 0.366225 0.586485 0.354484 0.593838 0.338496 0.599440 0.323757 0.610119 0.303772 0.616071 0.279041 0.619048 0.262303 0.620798 0.241569 0.620798 0.227579 0.618522 0.207344 0.617297 0.202598 0.615546 0.189108 0.613445 0.181114 0.609769 0.171871 0.600140 0.154384 0.592612 0.146390 0.583333 0.140894 0.574405 0.137397 0.564251 0.136398 0.558473 0.138146 0.549370 0.142893 0.543417 0.147389 0.540091 0.152386 0.536239 0.156133 0.532738 0.161379 0.529237 0.169623 0.527311 0.176867 0.521534 0.191356 0.515756 0.213340 0.509104 0.247564 0.507703 0.261304 0.506303 0.266300 0.504377 0.279291 0.503501 0.289783 0.503151 0.297277 0.504902 0.315763
0 0.034839 0.898326 0.042542 0.928554 0.046569 0.934799 0.049895 0.942543 0.056197 0.950787 0.060574 0.953285 0.064076 0.953785 0.073179 0.953285 0.081583 0.950787 0.094713 0.943542 0.113620 0.929053 0.129027 0.911317 0.139006 0.894079 0.145308 0.876343 0.148985 0.838121 0.157038 0.782663 0.161590 0.765176 0.168943 0.743442 0.167542 0.720210 0.165441 0.711217 0.159314 0.695978 0.154937 0.689733 0.143032 0.675993 0.133754 0.670997 0.123074 0.669998 0.112745 0.671496 0.102941 0.674744 0.094888 0.681239 0.082633 0.697727 0.074055 0.707719 0.057773 0.723457 0.053221 0.729203 0.046394 0.744442 0.040791 0.765176 0.036415 0.789908 0.035014 0.802648 0.034489 0.824632 0.033438 0.835623 0.033263 0.878091 0.034839 0.898326
0 0.146884 0.908319 0.150735 0.927305 0.154762 0.941794 0.156863 0.946790 0.160364 0.951287 0.167367 0.958031 0.175245 0.963028 0.188901 0.962278 0.203081 0.955034 0.224090 0.936548 0.234244 0.925306 0.241597 0.915064 0.248950 0.902573 0.252626 0.894079 0.263480 0.859605 0.264881 0.848114 0.266632 0.812141 0.268207 0.796403 0.271709 0.779665 0.278186 0.758181 0.279237 0.752685 0.279237 0.748189 0.278011 0.744192 0.271709 0.732451 0.269608 0.724207 0.267507 0.720460 0.267332 0.716712 0.264881 0.705971 0.263831 0.695978 0.261029 0.691232 0.252626 0.684736 0.248775 0.683487 0.241246 0.683238 0.231443 0.684487 0.215861 0.690982 0.195378 0.707969 0.188725 0.715463 0.178221 0.730702 0.167892 0.750687 0.164741 0.758681 0.158789 0.779166 0.150210 0.835623 0.147059 0.865851 0.145658 0.883088 0.146884 0.908319
0 0.617997 0.845616 0.619573 0.854859 0.623599 0.869098 0.629377 0.883337 0.636029 0.894079 0.641106 0.900824 0.646709 0.905321 0.650210 0.906570 0.658088 0.905821 0.662990 0.902823 0.672444 0.894079 0.679622 0.885086 0.694153 0.859355 0.696779 0.852111 0.697304 0.846865 0.704482 0.831626 0.710784 0.815139 0.717437 0.796902 0.721464 0.783163 0.723039 0.764926 0.724790 0.756183 0.727066 0.716962 0.727066 0.706720 0.724615 0.681989 0.721289 0.668249 0.719013 0.662003 0.702731 0.642768 0.692752 0.628778 0.689076 0.627779 0.679972 0.630527 0.675245 0.630777 0.664391 0.635523 0.649160 0.656757 0.642157 0.675993 0.639356 0.680739 0.637080 0.689233 0.636029 0.699975 0.632878 0.714214 0.631127 0.720460 0.626576 0.730452 0.622024 0.744442 0.623599 0.748439 0.621674 0.751936 0.620623 0.761679 0.618697 0.788908 0.618873 0.798818 0.617822 0.817637 0.617122 0.820635 0.616947 0.836373 0.617997 0.845616
0 0.843662 0.000000 0.843662 0.001749 0.837535 0.007744 0.831408 0.017737 0.827556 0.028479 0.823880 0.045716 0.824055 0.050462 0.826856 0.061454 0.828431 0.075943 0.829132 0.089433 0.828431 0.102173 0.834209 0.116663 0.842262 0.127904 0.864146 0.139895 0.880602 0.141394 0.890231 0.139395 0.897584 0.135648 0.905287 0.130152 0.916141 0.114664 0.920343 0.105671 0.924895 0.079690 0.927346 0.070947 0.928396 0.057707 0.928046 0.042968 0.924020 0.025731 0.920343 0.016238 0.914741 0.008244 0.911765 0.006495 0.907388 0.001999 0.907038 0.000000 0.843662 0.000000
1 0.113445 0.081439 0.119573 0.091431 0.122374 0.094679 0.139706 0.094679 0.154412 0.100175 0.169643 0.116163 0.175245 0.125156 0.178746 0.127155 0.205707 0.116663 0.207983 0.108668 0.211835 0.087684 0.210784 0.070197 0.209384 0.063452 0.207458 0.058206 0.204832 0.054709 0.201331 0.047714 0.199580 0.042718 0.192752 0.038721 0.187850 0.034224 0.179622 0.028728 0.172794 0.025981 0.171744 0.024731 0.165091 0.022733 0.150385 0.022233 0.140581 0.025981 0.137080 0.028479 0.130077 0.029478 0.125525 0.032476 0.122899 0.035723 0.119748 0.043717 0.119048 0.049713 0.116246 0.055958 0.113796 0.063952 0.112570 0.072446 0.112395 0.078191 0.113445 0.081439
1 0.276961 0.000000 0.276261 0.002498 0.270658 0.008993 0.263480 0.022233 0.259804 0.035473 0.259279 0.039720 0.258754 0.057457 0.257878 0.060704 0.259629 0.064202 0.262080 0.077192 0.264531 0.079940 0.264881 0.081439 0.268557 0.084686 0.278887 0.089933 0.280725 0.092306 0.290966 0.109918 0.296744 0.125406 0.300245 0.127654 0.308298 0.128654 0.313375 0.127155 0.328957 0.116912 0.336134 0.110917 0.342262 0.104172 0.346639 0.097677 0.352416 0.080939 0.353817 0.063952 0.354867 0.060704 0.354342 0.057957 0.354692 0.046215 0.353291 0.036473 0.346989 0.016488 0.337885 0.000000 0.276961 0.000000
1 0.348214 0.116413 0.351015 0.119660 0.360294 0.124657 0.370798 0.134149 0.377626 0.142643 0.383578 0.152386 0.397409 0.134899 0.407738 0.126655 0.409139 0.123407 0.405637 0.109168 0.404587 0.095678 0.401786 0.077692 0.401261 0.065951 0.402311 0.050962 0.401786 0.048214 0.397584 0.045966 0.383053 0.046215 0.373249 0.048713 0.362745 0.054959 0.355567 0.063952 0.353992 0.079191 0.347339 0.102673 0.347164 0.112666 0.348214 0.116413
1 0.018032 0.105671 0.018032 0.107419 0.021183 0.130152 0.022409 0.131152 0.024335 0.137147 0.025910 0.138396 0.028711 0.145391 0.032563 0.151636 0.036415 0.155883 0.037815 0.155883 0.039916 0.153135 0.041141 0.140145 0.045168 0.124407 0.048845 0.112915 0.056723 0.096677 0.064076 0.086935 0.069328 0.082438 0.074580 0.079191 0.087885 0.074444 0.087360 0.070947 0.083158 0.063952 0.071254 0.059206 0.067577 0.056458 0.060574 0.055958 0.043417 0.059206 0.032563 0.066950 0.025560 0.076193 0.022934 0.081689 0.021183 0.090432 0.019083 0.095428 0.019608 0.102673 0.018032 0.105671
1 0.039916 0.199101 0.039566 0.203347 0.040266 0.205346 0.038866 0.209343 0.039391 0.213090 0.039041 0.219086 0.040441 0.226580 0.040266 0.231327 0.042367 0.241069 0.044118 0.248064 0.047269 0.254309 0.046394 0.258806 0.047619 0.265551 0.051120 0.273295 0.054797 0.286035 0.060574 0.292780 0.064251 0.295279 0.066527 0.294779 0.067577 0.293780 0.068102 0.287035 0.067227 0.283038 0.067402 0.276043 0.066527 0.272046 0.065826 0.258806 0.066176 0.240570 0.065651 0.227080 0.067052 0.210092 0.073004 0.176867 0.079482 0.153385 0.094188 0.121659 0.102416 0.109668 0.106092 0.105671 0.112745 0.100175 0.117297 0.098426 0.118697 0.096428 0.119048 0.095179 0.116947 0.089433 0.111870 0.080440 0.109069 0.077942 0.098915 0.074194 0.091912 0.073195 0.088761 0.075943 0.081583 0.076193 0.074230 0.079440 0.063901 0.088184 0.055847 0.098926 0.052171 0.105421 0.048845 0.115663 0.046744 0.119660 0.042717 0.134899 0.040791 0.147389 0.039041 0.174869 0.038515 0.193105 0.039916 0.199101
1 0.589636 0.000000 0.585434 0.014739 0.583158 0.029228 0.582983 0.033475 0.589111 0.067699 0.590511 0.081689 0.592262 0.084686 0.595413 0.094929 0.595588 0.098676 0.597164 0.104172 0.606443 0.130152 0.612395 0.132151 0.621148 0.132651 0.626751 0.134399 0.631303 0.137397 0.637080 0.143392 0.640756 0.143392 0.644783 0.140894 0.652311 0.135149 0.655812 0.130902 0.660714 0.119910 0.662990 0.117162 0.667017 0.108668 0.668768 0.101674 0.670693 0.088184 0.672094 0.084936 0.673319 0.078441 0.673845 0.063702 0.675070 0.053960 0.675245 0.021984 0.674195 0.014489 0.671218 0.002998 0.671218 0.000000 0.589636 0.000000
1 0.527836 0.000000 0.527836 0.001499 0.530637 0.004996 0.538866 0.013490 0.539216 0.015239 0.545868 0.024482 0.548845 0.030477 0.558648 0.062203 0.558473 0.073195 0.556197 0.078191 0.556373 0.081439 0.554447 0.088434 0.547444 0.103173 0.536940 0.113665 0.527836 0.119660 0.524685 0.123907 0.513831 0.133650 0.515581 0.135149 0.523810 0.135898 0.533438 0.138646 0.543592 0.144891 0.555497 0.137897 0.558824 0.125656 0.561099 0.119910 0.566352 0.121659 0.564776 0.130152 0.566001 0.133650 0.568102 0.134649 0.574580 0.134399 0.575455 0.133400 0.577031 0.127404 0.579482 0.123657 0.582283 0.115164 0.583683 0.105671 0.585259 0.101424 0.586660 0.087684 0.587885 0.082438 0.588060 0.070947 0.587360 0.064452 0.582283 0.033975 0.575105 0.016488 0.567577 0.006495 0.562150 0.001999 0.561800 0.000000 0.527836 0.000000
1 0.467437 0.303522 0.476366 0.319760 0.480392 0.324756 0.485469 0.329003 0.489846 0.332001 0.494573 0.333750 0.500175 0.333750 0.503676 0.332251 0.504552 0.328004 0.503326 0.297527 0.504027 0.281539 0.513831 0.220085 0.518732 0.201849 0.532738 0.162128 0.536064 0.156133 0.540616 0.150387 0.542017 0.147389 0.541492 0.146390 0.538690 0.142893 0.532563 0.138646 0.523459 0.136897 0.512955 0.137897 0.504377 0.141394 0.498249 0.146390 0.484069 0.160879 0.476541 0.174869 0.471639 0.189108 0.468838 0.202348 0.467787 0.217587 0.466211 0.226830 0.463936 0.250562 0.464111 0.279790 0.467437 0.303522
1 0.386380 0.161379 0.398109 0.193605 0.403186 0.220335 0.404237 0.284786 0.402486 0.326505 0.404237 0.329753 0.414566 0.333750 0.418417 0.334499 0.424720 0.333750 0.429797 0.331002 0.437150 0.325256 0.443277 0.317512 0.446954 0.307519 0.450980 0.300025 0.452906 0.292780 0.454307 0.290032 0.456232 0.280540 0.457983 0.275543 0.461310 0.258056 0.463410 0.244816 0.464636 0.228579 0.466387 0.217337 0.467437 0.199350 0.466387 0.185861 0.465161 0.179615 0.461660 0.166625 0.457983 0.158881 0.450280 0.147140 0.436800 0.137897 0.423319 0.126655 0.418417 0.124157 0.414916 0.124407 0.404412 0.130402 0.397409 0.135648 0.388305 0.147639 0.386555 0.151636 0.385679 0.154134 0.386380 0.161379
1 0.690476 0.000000 0.689426 0.006745 0.687150 0.009993 0.685224 0.018236 0.677521 0.036223 0.676646 0.053960 0.675245 0.059955 0.674720 0.066950 0.673494 0.088683 0.675945 0.101924 0.678571 0.105171 0.692752 0.096677 0.698004 0.095678 0.706583 0.096677 0.720238 0.104671 0.722514 0.103672 0.723389 0.102423 0.724090 0.095678 0.723739 0.090432 0.724790 0.078441 0.726891 0.068199 0.728466 0.064452 0.732318 0.049213 0.741597 0.037972 0.748249 0.033225 0.754377 0.025981 0.755952 0.022733 0.756127 0.009493 0.755427 0.000000 0.690476 0.000000
1 0.593487 0.146390 0.600665 0.154134 0.611520 0.174869 0.614146 0.182113 0.618873 0.208344 0.621148 0.226080 0.621148 0.243068 0.616947 0.274544 0.611169 0.299775 0.611520 0.302023 0.612745 0.303273 0.622724 0.292281 0.637255 0.288783 0.639356 0.286535 0.640756 0.282288 0.639006 0.273795 0.638831 0.268049 0.641982 0.245066 0.644258 0.238821 0.648284 0.221834 0.657738 0.189108 0.654762 0.187110 0.653711 0.185111 0.651786 0.175618 0.642507 0.157382 0.638655 0.146390 0.633929 0.140395 0.628676 0.136148 0.623249 0.133400 0.607318 0.132651 0.595063 0.136148 0.588235 0.140395 0.589286 0.143892 0.593487 0.146390
1 0.730567 0.113415 0.743522 0.113415 0.749825 0.114414 0.755252 0.115913 0.762255 0.119410 0.769608 0.124906 0.774860 0.131401 0.780637 0.142643 0.782563 0.149138 0.786064 0.151886 0.793417 0.151636 0.804797 0.144142 0.811625 0.137397 0.818102 0.128154 0.825105 0.112915 0.827031 0.102673 0.827556 0.081189 0.826681 0.070447 0.825630 0.061954 0.821779 0.048963 0.818803 0.043467 0.814951 0.038721 0.804272 0.028479 0.796919 0.023982 0.785714 0.020485 0.779412 0.019485 0.772409 0.020235 0.758754 0.024731 0.754202 0.027729 0.748074 0.034474 0.739321 0.041969 0.733193 0.050212 0.727066 0.070947 0.725140 0.080939 0.724790 0.098926 0.730567 0.113415
1 0.936450 0.000000 0.935574 0.004996 0.932073 0.010992 0.928046 0.021484 0.926471 0.026480 0.929097 0.047464 0.929447 0.074694 0.931197 0.079690 0.935049 0.086935 0.939426 0.091681 0.942402 0.090432 0.944153 0.086185 0.954482 0.070947 0.966387 0.060704 0.974615 0.050962 0.990896 0.040719 0.999825 0.038721 0.999825 0.000000 0.936450 0.000000
1 0.924370 0.184612 0.932423 0.206595 0.935049 0.211841 0.939076 0.217087 0.948529 0.227579 0.953431 0.231327 0.966737 0.237572 0.977241 0.240320 0.984594 0.240320 0.991246 0.239321 0.999825 0.235823 0.999825 0.039720 0.992997 0.040470 0.986811 0.043467 0.984244 0.043717 0.975490 0.050212 0.952556 0.073695 0.949580 0.077942 0.948704 0.081189 0.946254 0.084187 0.943803 0.089433 0.939251 0.095678 0.929797 0.119660 0.925770 0.133900 0.924195 0.147389 0.922619 0.168624 0.924370 0.184612
1 0.883228 0.179365 0.885329 0.188109 0.886029 0.194604 0.888480 0.199850 0.888480 0.211841 0.890056 0.216088 0.894083 0.215338 0.902311 0.208594 0.907738 0.206095 0.921919 0.207594 0.932073 0.211092 0.933473 0.210092 0.927696 0.196353 0.923494 0.182613 0.922619 0.170206 0.922794 0.159380 0.924720 0.138646 0.927871 0.124407 0.932948 0.109418 0.931898 0.105921 0.929097 0.104921 0.921744 0.105921 0.917192 0.114414 0.905812 0.131152 0.896183 0.137897 0.883578 0.143892 0.879377 0.153135 0.878326 0.159131 0.878676 0.164627 0.883228 0.179365
1 0.788165 0.174369 0.788340 0.192606 0.783789 0.212591 0.779412 0.226080 0.779412 0.228579 0.782213 0.229578 0.793242 0.230327 0.803571 0.233325 0.817402 0.242818 0.825455 0.250812 0.831232 0.257057 0.837185 0.265301 0.842087 0.276293 0.844363 0.277292 0.845588 0.279041 0.847514 0.284287 0.850665 0.288783 0.853641 0.295029 0.859244 0.309768 0.861169 0.304022 0.864321 0.269048 0.868522 0.251062 0.872374 0.240070 0.879902 0.229078 0.884979 0.223832 0.887780 0.217337 0.887080 0.209593 0.884979 0.200849 0.885504 0.195104 0.883578 0.182363 0.881127 0.174119 0.874650 0.158881 0.866246 0.146640 0.860644 0.140645 0.850490 0.133650 0.836134 0.128154 0.825105 0.128903 0.817752 0.131651 0.811275 0.139146 0.800770 0.148389 0.792192 0.154384 0.788515 0.158881 0.787465 0.168124 0.788165 0.174369
1 0.235819 0.000000 0.235819 0.001499 0.234594 0.002498 0.230742 0.004497 0.228926 0.008546 0.227591 0.007994 0.226716 0.011741 0.221989 0.017487 0.213936 0.032476 0.208859 0.039720 0.205882 0.048713 0.205532 0.050212 0.207808 0.057207 0.209034 0.058956 0.212535 0.072196 0.212710 0.088434 0.209734 0.103922 0.209384 0.109918 0.210084 0.111916 0.213410 0.111666 0.215336 0.106420 0.225490 0.091182 0.233193 0.084187 0.240721 0.079940 0.251576 0.079690 0.253151 0.077942 0.253676 0.074444 0.251050 0.063702 0.252101 0.061954 0.254727 0.060455 0.258403 0.061704 0.258929 0.060954 0.258228 0.058206 0.258403 0.043218 0.261380 0.026980 0.267157 0.013490 0.269958 0.008244 0.275385 0.001749 0.275385 0.000000 0.235819 0.000000
1 0.189426 0.393705 0.189951 0.397702 0.188375 0.403697 0.188375 0.408444 0.194853 0.444667 0.198179 0.470397 0.199405 0.472146 0.202031 0.466150 0.214286 0.449163 0.223389 0.438671 0.233018 0.432925 0.237220 0.431926 0.241071 0.429678 0.245273 0.429178 0.255077 0.424432 0.262255 0.417187 0.263831 0.418186 0.264706 0.420934 0.264181 0.423932 0.261204 0.429428 0.262255 0.432176 0.264706 0.435174 0.275910 0.441169 0.279412 0.444667 0.286765 0.455408 0.289916 0.458656 0.293943 0.452910 0.301296 0.420185 0.302871 0.407694 0.304972 0.397952 0.306548 0.372221 0.305847 0.359480 0.306022 0.339246 0.305147 0.333000 0.304447 0.330002 0.302871 0.328004 0.289391 0.325506 0.275910 0.318011 0.269083 0.304522 0.254727 0.324507 0.245098 0.331751 0.239846 0.331751 0.234769 0.330502 0.226541 0.324756 0.222164 0.319760 0.216737 0.315763 0.213060 0.319261 0.210434 0.324507 0.207808 0.327005 0.206758 0.330502 0.204132 0.333500 0.200105 0.341494 0.196429 0.354984 0.193102 0.362478 0.193102 0.366475 0.192052 0.369223 0.192577 0.372720 0.189951 0.379965 0.190651 0.384462 0.189426 0.393705
1 0.412815 0.359980 0.411239 0.363228 0.407563 0.379715 0.407913 0.383462 0.412815 0.387709 0.421218 0.397202 0.427346 0.406945 0.434874 0.423432 0.438550 0.442418 0.440476 0.447664 0.441877 0.462653 0.441001 0.478391 0.437150 0.501374 0.437150 0.505121 0.439601 0.506620 0.445553 0.504871 0.452731 0.501624 0.454832 0.498126 0.453957 0.491381 0.452381 0.487634 0.449930 0.477392 0.449580 0.470397 0.447479 0.464901 0.446429 0.456658 0.444328 0.449913 0.443102 0.439670 0.442577 0.423183 0.441702 0.415938 0.441702 0.402448 0.442927 0.389958 0.446604 0.370472 0.448704 0.364477 0.463936 0.342743 0.465686 0.341244 0.480392 0.335249 0.488095 0.334999 0.486169 0.334249 0.485469 0.331501 0.476891 0.321759 0.466562 0.305521 0.463410 0.303023 0.456232 0.302023 0.449755 0.304022 0.441352 0.320759 0.436975 0.326255 0.425595 0.334000 0.418592 0.335998 0.416667 0.338496 0.417367 0.343243 0.412815 0.359980
1 0.673494 0.308269 0.675070 0.312765 0.678571 0.317512 0.680672 0.322758 0.685924 0.342743 0.689776 0.390207 0.689601 0.411441 0.687325 0.428928 0.680672 0.461154 0.673669 0.478641 0.671569 0.481389 0.665791 0.494629 0.659664 0.515114 0.657913 0.516613 0.657388 0.518611 0.657913 0.522358 0.661239 0.523607 0.671744 0.522608 0.675245 0.519111 0.675070 0.515363 0.677521 0.498626 0.691001 0.454409 0.697654 0.441169 0.705007 0.430677 0.712710 0.423682 0.719538 0.419186 0.721289 0.415438 0.720063 0.396702 0.717787 0.376468 0.713936 0.355733 0.707808 0.335249 0.705357 0.331751 0.701155 0.319510 0.699230 0.315513 0.695903 0.313265 0.692577 0.308768 0.689951 0.307270 0.679097 0.304022 0.673845 0.303772 0.672619 0.304022 0.672269 0.305271 0.672269 0.307020 0.673494 0.308269
1 0.924195 0.582313 0.928396 0.602298 0.932423 0.629528 0.933123 0.664335 0.931373 0.686235 0.927696 0.709968 0.929272 0.716962 0.931373 0.723208 0.933824 0.727454 0.935574 0.733950 0.940826 0.741694 0.946078 0.753685 0.949580 0.759430 0.956758 0.768424 0.961134 0.775918 0.967087 0.782413 0.974440 0.787160 0.980917 0.787659 0.986169 0.785411 0.990021 0.782913 0.996148 0.775169 0.999825 0.772920 0.999825 0.532601 0.998249 0.532601 0.990371 0.521359 0.975315 0.510367 0.970763 0.508868 0.959909 0.509118 0.951331 0.512116 0.935399 0.513865 0.929272 0.516363 0.925245 0.519111 0.922269 0.522608 0.915266 0.536348 0.915441 0.539845 0.914216 0.543342 0.914216 0.550837 0.924195 0.582313
1 0.511204 0.636772 0.511204 0.644766 0.512780 0.659256 0.516457 0.671746 0.522059 0.685736 0.536239 0.712965 0.555322 0.738446 0.564601 0.748189 0.576681 0.755933 0.584909 0.758681 0.594888 0.759430 0.603817 0.756682 0.610294 0.752436 0.617997 0.743442 0.623424 0.735199 0.630602 0.717212 0.633578 0.705721 0.635679 0.690982 0.636730 0.677492 0.636380 0.671996 0.636905 0.668249 0.635679 0.654259 0.634454 0.647265 0.633053 0.643767 0.631828 0.630277 0.630602 0.626780 0.629027 0.616787 0.616422 0.577567 0.611169 0.565326 0.595413 0.543842 0.592962 0.541844 0.588235 0.535598 0.579657 0.531102 0.571429 0.524607 0.563725 0.523357 0.561800 0.525856 0.558999 0.546590 0.554447 0.563827 0.554097 0.568074 0.551471 0.574819 0.546394 0.579815 0.540616 0.582063 0.532388 0.582063 0.522934 0.580315 0.518207 0.578316 0.512605 0.578566 0.510854 0.581564 0.510854 0.587809 0.508578 0.596053 0.508053 0.600799 0.508403 0.625531 0.511204 0.636772
1 0.393207 0.703223 0.394083 0.705721 0.396183 0.727205 0.397584 0.731451 0.405987 0.742193 0.410889 0.745691 0.417892 0.748688 0.428922 0.748688 0.442402 0.744941 0.452556 0.739695 0.459559 0.734699 0.467262 0.727454 0.472864 0.720709 0.481968 0.706970 0.491422 0.688983 0.500175 0.657007 0.505252 0.627030 0.504902 0.623033 0.506127 0.615039 0.506478 0.577567 0.505602 0.574569 0.503151 0.571821 0.484419 0.555333 0.477591 0.546340 0.472164 0.538346 0.466036 0.526855 0.461660 0.514864 0.457283 0.506120 0.452731 0.504622 0.442927 0.507619 0.435224 0.514364 0.432423 0.519860 0.429797 0.529353 0.428571 0.537347 0.425245 0.546840 0.415266 0.582313 0.409139 0.591057 0.399510 0.600799 0.396884 0.602298 0.395308 0.605296 0.393732 0.626280 0.394258 0.655259 0.393207 0.703223
1 0.269083 0.720210 0.275735 0.737947 0.285539 0.754434 0.291842 0.762178 0.299720 0.769173 0.309699 0.774919 0.314951 0.776667 0.323529 0.777417 0.333859 0.774669 0.341387 0.768923 0.343137 0.765426 0.345413 0.763677 0.360994 0.740694 0.367297 0.727205 0.375525 0.704971 0.378151 0.699975 0.380077 0.692730 0.382528 0.686985 0.388305 0.665751 0.391457 0.647514 0.392857 0.627529 0.392682 0.608544 0.393207 0.605546 0.391106 0.603797 0.379727 0.604547 0.372374 0.603298 0.355392 0.594554 0.340511 0.579565 0.331933 0.565326 0.329307 0.556083 0.325105 0.549338 0.319678 0.550337 0.314076 0.553835 0.303571 0.563577 0.292192 0.578816 0.281338 0.598551 0.275035 0.614789 0.272059 0.619785 0.271008 0.623033 0.265931 0.648014 0.263305 0.668249 0.263305 0.688983 0.269083 0.720210
1 0.641632 0.545591 0.629377 0.561329 0.621849 0.567075 0.616422 0.568074 0.612745 0.567574 0.627451 0.609043 0.631127 0.623033 0.636204 0.654259 0.637080 0.678741 0.637780 0.677492 0.640581 0.676493 0.643908 0.669748 0.645308 0.663752 0.649510 0.654759 0.666667 0.630027 0.667892 0.611292 0.670868 0.595553 0.670693 0.582063 0.671744 0.571571 0.672094 0.550337 0.669468 0.540345 0.667717 0.529103 0.665266 0.526105 0.654412 0.524607 0.650910 0.529353 0.641632 0.545591
1 0.834909 0.792656 0.830357 0.814389 0.832633 0.829628 0.832808 0.835373 0.835609 0.849613 0.839286 0.876593 0.848389 0.910317 0.858718 0.932551 0.862220 0.936548 0.865896 0.939046 0.876751 0.943542 0.883754 0.943293 0.895308 0.941044 0.907913 0.935299 0.916141 0.929553 0.923319 0.923058 0.926646 0.918811 0.937500 0.902073 0.944153 0.885836 0.949755 0.863103 0.951331 0.849613 0.953081 0.808644 0.951506 0.765426 0.941176 0.747689 0.932248 0.729203 0.925070 0.723208 0.925245 0.719960 0.921744 0.721459 0.919118 0.723957 0.917017 0.733450 0.907913 0.744442 0.901261 0.748439 0.894083 0.751187 0.886555 0.752186 0.871849 0.749688 0.859069 0.741444 0.851891 0.734449 0.848915 0.729703 0.845413 0.730702 0.843312 0.736947 0.837535 0.783912 0.834909 0.792656
0 0.726366 0.850112 0.727941 0.863352 0.729692 0.873345 0.732143 0.879340 0.735644 0.893080 0.739146 0.900575 0.744398 0.909318 0.751401 0.918561 0.758578 0.922308 0.765056 0.921809 0.774160 0.918311 0.779237 0.914814 0.786765 0.907819 0.798144 0.892830 0.803922 0.882338 0.809524 0.869598 0.821254 0.837872 0.829657 0.810892 0.833333 0.795903 0.835609 0.781664 0.837885 0.772421 0.841036 0.747439 0.841562 0.725456 0.840861 0.721959 0.832458 0.702473 0.822829 0.685486 0.819853 0.678491 0.813375 0.658006 0.810749 0.646265 0.808824 0.643767 0.800595 0.639271 0.793242 0.637272 0.784664 0.636023 0.778536 0.637022 0.774160 0.639520 0.764006 0.653010 0.754902 0.662753 0.747549 0.668499 0.744923 0.671996 0.744223 0.675993 0.737220 0.692481 0.734944 0.702723 0.735119 0.708469 0.732843 0.723957 0.729167 0.737447 0.727941 0.744691 0.724615 0.788908 0.724790 0.825631 0.726366 0.850112
1 0.501225 0.908569 0.502101 0.922808 0.506127 0.952536 0.508228 0.959031 0.510504 0.962528 0.514181 0.965776 0.518732 0.968024 0.528536 0.969023 0.536590 0.968524 0.554622 0.960530 0.566702 0.950787 0.581933 0.932051 0.585959 0.926055 0.591912 0.913315 0.598915 0.895578 0.612220 0.852361 0.614846 0.832126 0.615546 0.811641 0.616772 0.801649 0.616422 0.775418 0.616947 0.765176 0.616246 0.751187 0.612745 0.750937 0.610119 0.753935 0.602591 0.758181 0.592262 0.760180 0.584384 0.759430 0.574055 0.755683 0.563725 0.748938 0.558123 0.743442 0.539916 0.720210 0.536239 0.713965 0.532913 0.711716 0.531688 0.713965 0.528711 0.716463 0.522234 0.726705 0.514006 0.744691 0.507878 0.769173 0.506127 0.778916 0.505427 0.790407 0.502976 0.808394 0.502451 0.830627 0.501576 0.838371 0.501401 0.864352 0.501926 0.898326 0.501225 0.908569
1 0.387955 0.816388 0.387430 0.828379 0.388655 0.894079 0.390931 0.921559 0.392857 0.931302 0.395658 0.938796 0.398810 0.942793 0.399860 0.946040 0.401436 0.947040 0.411064 0.949038 0.422444 0.948539 0.432598 0.946290 0.439076 0.943293 0.449580 0.937547 0.456583 0.932051 0.470238 0.917312 0.473915 0.911816 0.478116 0.903323 0.485119 0.887584 0.491772 0.869598 0.498249 0.841869 0.498424 0.838371 0.499475 0.835124 0.501225 0.815139 0.501401 0.805896 0.502276 0.801149 0.503852 0.776917 0.503501 0.767674 0.505077 0.751936 0.503676 0.730452 0.502101 0.720460 0.498950 0.709468 0.492122 0.699226 0.491246 0.694979 0.490021 0.695478 0.487745 0.697727 0.486345 0.701224 0.484069 0.703223 0.478817 0.713715 0.473739 0.720959 0.470588 0.723457 0.460084 0.735448 0.449405 0.742943 0.435399 0.748439 0.428922 0.749938 0.415266 0.748688 0.405462 0.742193 0.400910 0.736947 0.397409 0.735448 0.391282 0.755683 0.388655 0.771921 0.388305 0.778416 0.387255 0.800650 0.387955 0.816388
1 0.266982 0.894329 0.269783 0.911067 0.278361 0.936048 0.281688 0.943293 0.286239 0.948539 0.300770 0.957032 0.317052 0.960030 0.324755 0.958781 0.328081 0.957282 0.339111 0.950537 0.345938 0.944791 0.353466 0.936797 0.360119 0.928054 0.373424 0.905071 0.377801 0.891082 0.382178 0.872346 0.382878 0.863852 0.385679 0.848863 0.385154 0.815139 0.386905 0.775418 0.389181 0.757432 0.391982 0.744691 0.391807 0.737197 0.392332 0.735199 0.392332 0.730702 0.391106 0.727454 0.390931 0.723707 0.386730 0.711466 0.383403 0.706220 0.381127 0.704472 0.380077 0.703722 0.377101 0.704472 0.374650 0.708968 0.373424 0.713465 0.371148 0.716962 0.370623 0.720210 0.366422 0.731202 0.361695 0.741194 0.358018 0.744941 0.352766 0.754684 0.347339 0.762428 0.344538 0.764427 0.339461 0.770922 0.333158 0.775418 0.324580 0.778166 0.317577 0.777917 0.312325 0.776418 0.300245 0.770172 0.295518 0.766675 0.290441 0.761929 0.286239 0.756183 0.284314 0.755184 0.282913 0.752186 0.281863 0.755933 0.279587 0.758931 0.275910 0.769173 0.272234 0.782913 0.268557 0.806645 0.266807 0.828629 0.265406 0.866100 0.266982 0.894329
1 0.000000 0.487384 0.001926 0.487884 0.007353 0.498126 0.012080 0.503123 0.021008 0.510117 0.028711 0.512616 0.035889 0.510867 0.043417 0.505121 0.047794 0.500375 0.051646 0.498126 0.061800 0.486135 0.067927 0.477392 0.067752 0.473145 0.066001 0.467150 0.065301 0.460405 0.064601 0.438921 0.064776 0.427679 0.067752 0.409443 0.073704 0.391207 0.079832 0.377967 0.088410 0.367225 0.094713 0.357232 0.099265 0.352236 0.099440 0.348988 0.089286 0.338746 0.082983 0.330502 0.075630 0.317012 0.071078 0.305271 0.067752 0.302273 0.064076 0.301524 0.047269 0.305021 0.035014 0.314014 0.028011 0.323757 0.025910 0.325006 0.022059 0.329753 0.019958 0.334499 0.010679 0.348988 0.007178 0.356483 0.001751 0.371971 0.000000 0.372221 0.000000 0.487384
1 0.166667 0.307519 0.174895 0.314764 0.181197 0.318261 0.189076 0.320260 0.199755 0.320260 0.209909 0.317762 0.215686 0.314014 0.216387 0.311267 0.215686 0.307769 0.208158 0.292780 0.206583 0.283537 0.203782 0.276543 0.203606 0.272046 0.203081 0.270547 0.200105 0.269048 0.199405 0.267050 0.196604 0.241319 0.196078 0.230327 0.192927 0.225831 0.183999 0.256058 0.174370 0.279291 0.171043 0.285036 0.164391 0.293530 0.162815 0.298026 0.162465 0.300525 0.166667 0.307519
1 0.132528 0.339745 0.140931 0.339995 0.150210 0.343492 0.154937 0.345991 0.163165 0.352486 0.172969 0.367974 0.180672 0.384961 0.183999 0.395204 0.185749 0.403198 0.189076 0.406195 0.190651 0.384961 0.193803 0.362728 0.198179 0.346740 0.205532 0.328004 0.206057 0.324007 0.205007 0.321509 0.203606 0.320759 0.188025 0.320510 0.178746 0.317762 0.169293 0.310767 0.165616 0.306020 0.162815 0.304022 0.161415 0.301524 0.157563 0.303273 0.142682 0.322758 0.140231 0.324507 0.131127 0.334999 0.128852 0.338496 0.132528 0.339745
1 0.000000 0.761679 0.005077 0.760929 0.011905 0.757932 0.020308 0.752685 0.029412 0.744941 0.034489 0.742193 0.046569 0.730702 0.052871 0.726205 0.065651 0.714464 0.074580 0.705221 0.085609 0.691731 0.090336 0.685486 0.102766 0.664502 0.112045 0.644017 0.117997 0.626530 0.120798 0.608044 0.120273 0.596303 0.117997 0.585061 0.106268 0.571821 0.095413 0.556832 0.091562 0.553585 0.082283 0.550337 0.067227 0.549588 0.053746 0.551336 0.044118 0.554334 0.026436 0.563827 0.021709 0.568324 0.006127 0.579815 0.001576 0.585811 0.000000 0.585811 0.000000 0.761679
1 0.129552 0.634274 0.132528 0.651761 0.136029 0.663752 0.139531 0.671746 0.152311 0.684736 0.161415 0.695728 0.164916 0.698976 0.170868 0.700974 0.179447 0.701724 0.185749 0.700225 0.194853 0.694479 0.199405 0.689733 0.203957 0.682238 0.204482 0.678491 0.201331 0.674744 0.194503 0.669498 0.187850 0.661254 0.184349 0.655009 0.182423 0.649013 0.179797 0.645516 0.177171 0.639520 0.174720 0.626780 0.171394 0.602298 0.171919 0.591057 0.171043 0.587310 0.170693 0.578066 0.168417 0.572820 0.167542 0.575069 0.164916 0.576817 0.160189 0.582813 0.154587 0.586810 0.143732 0.590057 0.130427 0.592056 0.129727 0.604796 0.129202 0.619036 0.129552 0.634274
1 0.952906 0.845616 0.964286 0.873845 0.966211 0.881839 0.990896 0.925056 0.996324 0.932551 0.998249 0.937047 0.999825 0.937047 0.999825 0.776917 0.998074 0.776917 0.987920 0.785161 0.980742 0.788409 0.977416 0.788159 0.973915 0.787659 0.968137 0.783662 0.956232 0.771671 0.955007 0.772421 0.954832 0.773670 0.954132 0.788159 0.954482 0.799151 0.952906 0.845616
1 0.951856 0.477392 0.958158 0.485386 0.961835 0.488883 0.973739 0.497127 0.980742 0.499625 0.989671 0.499625 0.994573 0.497377 0.997549 0.494879 0.999825 0.494379 0.999825 0.415438 0.997549 0.414439 0.989496 0.400949 0.987745 0.393955 0.984244 0.387959 0.980917 0.386710 0.977241 0.387709 0.974790 0.399700 0.971113 0.411192 0.964286 0.438171 0.960784 0.446415 0.952731 0.459905 0.951155 0.464402 0.949055 0.466900 0.948354 0.470397 0.951856 0.477392
1 0.972339 0.268798 0.978817 0.295528 0.982318 0.323258 0.982668 0.349488 0.981092 0.358731 0.980042 0.380215 0.984419 0.384961 0.989146 0.395703 0.990546 0.400949 0.994048 0.407694 0.998249 0.413440 0.999825 0.413440 0.999825 0.236822 0.998074 0.236822 0.994048 0.239570 0.979167 0.241569 0.975665 0.248064 0.973389 0.258806 0.972164 0.265301 0.972339 0.268798
1 0.303922 0.466900 0.304972 0.480640 0.308123 0.491631 0.311275 0.512366 0.314251 0.517612 0.317577 0.520110 0.318102 0.519111 0.317577 0.516862 0.319328 0.512116 0.318978 0.504871 0.318102 0.501624 0.318102 0.490382 0.319328 0.480889 0.319853 0.463402 0.322304 0.445916 0.327906 0.428678 0.328256 0.425431 0.329832 0.420684 0.333683 0.413440 0.342962 0.398951 0.354342 0.387709 0.359769 0.383712 0.362570 0.379965 0.352941 0.374969 0.342612 0.367474 0.338761 0.363727 0.332983 0.355483 0.327731 0.350987 0.322654 0.343742 0.320903 0.342493 0.317577 0.346240 0.313725 0.354984 0.310399 0.367225 0.308473 0.377967 0.304972 0.410192 0.303571 0.446165 0.303922 0.466900
1 0.396359 0.355733 0.397059 0.358981 0.396359 0.362478 0.390581 0.373470 0.392332 0.376468 0.398810 0.378466 0.400910 0.380215 0.404587 0.380714 0.407038 0.376967 0.408088 0.370722 0.408263 0.362228 0.407563 0.360729 0.406162 0.348738 0.401261 0.342493 0.399510 0.345241 0.401085 0.349988 0.396359 0.355733
1 0.000000 0.256058 0.001751 0.256058 0.006478 0.259555 0.010504 0.265551 0.013130 0.272795 0.017507 0.281039 0.020483 0.293030 0.020483 0.302023 0.020833 0.303522 0.022584 0.305271 0.027136 0.300275 0.031162 0.289533 0.033613 0.286285 0.034664 0.280290 0.035189 0.272296 0.033613 0.269298 0.034314 0.265551 0.030462 0.248564 0.029237 0.234824 0.029237 0.220085 0.031863 0.202848 0.026085 0.182113 0.010679 0.160879 0.001751 0.152636 0.000000 0.152636 0.000000 0.256058
1 0.000000 0.367474 0.001751 0.367225 0.012080 0.341994 0.013655 0.328504 0.019083 0.318011 0.020483 0.305271 0.020308 0.292780 0.019083 0.285286 0.015581 0.276543 0.011905 0.270297 0.010679 0.265801 0.005252 0.258556 0.002451 0.258556 0.000000 0.258806 0.000000 0.367474
1 0.022759 0.564826 0.041842 0.554584 0.054972 0.550587 0.072829 0.549088 0.092087 0.551087 0.091562 0.547339 0.084734 0.529603 0.078081 0.509368 0.074580 0.494879 0.073179 0.492381 0.070728 0.482888 0.067577 0.480889 0.041141 0.509868 0.031513 0.528354 0.028711 0.535348 0.022059 0.560580 0.021884 0.564077 0.022759 0.564826
1 0.125525 0.029228 0.126225 0.030977 0.136730 0.027979 0.140581 0.025481 0.147409 0.022983 0.164916 0.022733 0.171043 0.024482 0.185049 0.031976 0.196078 0.040220 0.202307 0.045897 0.199055 0.036223 0.197479 0.028229 0.186275 0.014239 0.181898 0.011741 0.178922 0.007994 0.168592 0.004497 0.157388 0.003747 0.150735 0.005496 0.144083 0.010242 0.138655 0.012491 0.130077 0.021734 0.128852 0.025731 0.125525 0.029228
1 0.275035 0.315513 0.277836 0.318761 0.282213 0.321509 0.290441 0.325256 0.303571 0.327504 0.311099 0.326255 0.312850 0.324756 0.311450 0.320260 0.310749 0.314014 0.299370 0.271796 0.296744 0.255558 0.296218 0.244567 0.295343 0.243068 0.293242 0.242568 0.290966 0.246065 0.283613 0.268299 0.276085 0.286785 0.271709 0.300774 0.271359 0.303772 0.275035 0.315513
1 0.761204 0.000000 0.759804 0.004247 0.758578 0.004996 0.757528 0.009743 0.757353 0.019485 0.758578 0.023732 0.775035 0.018986 0.785189 0.019735 0.792892 0.022733 0.797094 0.023233 0.801471 0.025981 0.814426 0.037222 0.821254 0.045466 0.823704 0.041719 0.826331 0.030477 0.833158 0.012491 0.836485 0.007494 0.842612 0.001749 0.842787 0.000000 0.761204 0.000000
1 0.000000 0.900075 0.001926 0.899825 0.006828 0.890582 0.030462 0.853610 0.032213 0.849113 0.033088 0.843118 0.035889 0.787659 0.041842 0.753435 0.041492 0.744691 0.040791 0.742943 0.039916 0.741694 0.036415 0.741944 0.035364 0.743442 0.029412 0.746440 0.017857 0.754684 0.005077 0.761929 0.000000 0.762928 0.000000 0.900075
1 0.845413 0.489383 0.849090 0.488384 0.871148 0.496378 0.882703 0.503622 0.890581 0.510867 0.893908 0.511866 0.907913 0.499875 0.910889 0.495878 0.915266 0.488883 0.919643 0.476892 0.917892 0.473395 0.905112 0.464901 0.896534 0.456658 0.885679 0.442418 0.877626 0.425431 0.876225 0.423932 0.874475 0.425931 0.874125 0.445916 0.873074 0.452910 0.873249 0.456658 0.871499 0.463652 0.866597 0.470647 0.862570 0.474394 0.855392 0.478891 0.846989 0.480889 0.846289 0.482138 0.844538 0.487384 0.845413 0.489383
1 0.709734 0.341744 0.713936 0.355733 0.718487 0.379216 0.722164 0.415938 0.723915 0.417687 0.733368 0.415189 0.739321 0.414939 0.750175 0.416687 0.758578 0.419685 0.762255 0.419685 0.763130 0.417687 0.762080 0.412690 0.757353 0.404696 0.751050 0.390957 0.743172 0.361979 0.740196 0.348489 0.739846 0.341994 0.737745 0.331501 0.736520 0.320010 0.734419 0.317762 0.713235 0.319760 0.711835 0.321259 0.711310 0.324257 0.709384 0.335498 0.709734 0.341744
1 0.695903 0.311267 0.702906 0.316013 0.709909 0.318511 0.724440 0.318261 0.734419 0.315513 0.735469 0.314264 0.736345 0.310767 0.736520 0.286535 0.734244 0.286035 0.726366 0.292531 0.713585 0.298276 0.706057 0.300275 0.703782 0.302023 0.696429 0.303772 0.693102 0.306520 0.692752 0.307270 0.695903 0.311267
1 0.665791 0.166875 0.669118 0.165376 0.680672 0.146390 0.687850 0.138896 0.694678 0.132651 0.704482 0.125656 0.724790 0.117162 0.726190 0.116163 0.725490 0.112416 0.720588 0.106170 0.713235 0.100674 0.706583 0.097177 0.696429 0.096178 0.689951 0.098176 0.684699 0.101424 0.680497 0.105171 0.676821 0.110917 0.671744 0.120160 0.669293 0.126655 0.666492 0.136897 0.666141 0.145641 0.664216 0.160879 0.664741 0.170372 0.665791 0.166875
1 0.643557 0.161129 0.648985 0.169873 0.652311 0.177117 0.654587 0.186610 0.657913 0.189358 0.659839 0.184112 0.661415 0.182363 0.666317 0.167874 0.666141 0.155217 0.667192 0.144392 0.666492 0.137147 0.664741 0.135898 0.658263 0.134649 0.654237 0.135398 0.650910 0.136648 0.645833 0.140395 0.639531 0.146390 0.639881 0.151137 0.643557 0.161129
1 0.549195 0.411941 0.552696 0.424681 0.553746 0.432426 0.556548 0.440919 0.558648 0.452910 0.561800 0.476393 0.562850 0.499625 0.562325 0.515363 0.563025 0.517862 0.564251 0.519111 0.576155 0.510367 0.578081 0.508119 0.578957 0.505121 0.574755 0.471396 0.574580 0.426930 0.574930 0.415189 0.576506 0.408693 0.577206 0.393955 0.579132 0.383712 0.579657 0.376468 0.578081 0.375468 0.575805 0.379465 0.561800 0.395453 0.556373 0.398451 0.546569 0.397952 0.545168 0.399950 0.544993 0.400949 0.549195 0.411941
1 0.897059 0.519610 0.903536 0.528604 0.911415 0.544342 0.912990 0.542843 0.916667 0.531601 0.920693 0.524607 0.922794 0.521609 0.928571 0.516363 0.936099 0.513115 0.942402 0.512116 0.950105 0.512366 0.956408 0.509368 0.964111 0.508619 0.965686 0.507869 0.966737 0.505121 0.956933 0.488384 0.945903 0.474394 0.942752 0.475643 0.937500 0.479640 0.934174 0.480390 0.928746 0.479890 0.924370 0.477642 0.920868 0.477892 0.909489 0.498626 0.899510 0.507619 0.895483 0.512366 0.895133 0.515613 0.897059 0.519610
1 0.248249 0.658006 0.254377 0.676742 0.258754 0.684736 0.262080 0.686985 0.264356 0.655259 0.266807 0.640270 0.271183 0.623283 0.271008 0.621534 0.268908 0.620535 0.266807 0.625031 0.258228 0.637022 0.249300 0.651511 0.248249 0.654509 0.248249 0.658006
1 0.495273 0.699475 0.498249 0.705721 0.501926 0.709968 0.505252 0.710467 0.516282 0.707469 0.523810 0.703472 0.527486 0.699475 0.526436 0.695478 0.523634 0.690232 0.516632 0.672496 0.512955 0.661504 0.511380 0.651262 0.510329 0.635523 0.508578 0.629028 0.506478 0.629778 0.505077 0.631776 0.497899 0.667999 0.492822 0.689483 0.492472 0.692481 0.495273 0.699475
1 0.031338 0.251561 0.032388 0.256308 0.037465 0.269048 0.037990 0.272795 0.040966 0.276043 0.041842 0.279041 0.043242 0.279540 0.050245 0.286535 0.054097 0.287784 0.054797 0.285786 0.053746 0.279790 0.051996 0.277292 0.047794 0.265801 0.047094 0.259555 0.041667 0.237072 0.039391 0.219835 0.039041 0.202848 0.036590 0.200100 0.032738 0.205346 0.030812 0.213090 0.029587 0.222083 0.029762 0.237572 0.031338 0.251561
1 0.068452 0.057207 0.082633 0.063452 0.089636 0.068449 0.095063 0.070197 0.101716 0.074694 0.108894 0.077942 0.110819 0.076942 0.111695 0.074944 0.112220 0.066700 0.115546 0.053960 0.114496 0.051961 0.110644 0.049713 0.100140 0.047464 0.084909 0.047964 0.064426 0.053210 0.063025 0.053710 0.068452 0.057207
1 0.183648 0.145391 0.186975 0.157382 0.188025 0.168374 0.192577 0.191356 0.196078 0.177117 0.198529 0.163128 0.207283 0.130902 0.208683 0.123158 0.207283 0.120660 0.203782 0.119660 0.192927 0.122158 0.183824 0.126155 0.179447 0.129903 0.178746 0.131901 0.178746 0.134649 0.183648 0.145391
1 0.358718 0.000000 0.358368 0.016238 0.359944 0.025731 0.359419 0.036223 0.362395 0.045216 0.366246 0.051212 0.372549 0.048214 0.382528 0.045216 0.396183 0.044716 0.401261 0.046215 0.404412 0.044966 0.406338 0.039470 0.412290 0.029978 0.424895 0.015738 0.432598 0.004996 0.433123 0.001999 0.433123 0.000000 0.358718 0.000000
1 0.011730 0.141394 0.013305 0.145891 0.016632 0.151137 0.022584 0.155633 0.029412 0.157882 0.033263 0.155633 0.033789 0.154384 0.027836 0.143143 0.025210 0.134149 0.023810 0.131901 0.019258 0.113415 0.018908 0.105671 0.019783 0.094679 0.019083 0.092181 0.015581 0.097427 0.014006 0.103173 0.012605 0.105671 0.011029 0.112915 0.010504 0.127155 0.011730 0.141394