0 0.224323 0.512080 0.228058 0.517857 0.230159 0.529587 0.241597 0.551120 0.242530 0.554447 0.257937 0.580532 0.268674 0.595763 0.279412 0.609244 0.284314 0.612745 0.292484 0.623424 0.299720 0.630427 0.313492 0.641982 0.331466 0.654587 0.338235 0.657038 0.345472 0.662290 0.351074 0.664741 0.355976 0.671569 0.357610 0.671043 0.376984 0.679272 0.393791 0.683473 0.401027 0.683123 0.404295 0.682073 0.411064 0.681723 0.428571 0.673669 0.442577 0.663340 0.453782 0.651085 0.463352 0.637955 0.470355 0.626225 0.477824 0.608018 0.485761 0.585259 0.497899 0.536940 0.498599 0.515581 0.496265 0.487045 0.491597 0.459734 0.489963 0.456758 0.486228 0.438375 0.478525 0.416492 0.471755 0.402486 0.460317 0.386905 0.449813 0.376225 0.441877 0.369398 0.428805 0.361520 0.415033 0.357318 0.396359 0.354867 0.379785 0.354517 0.376751 0.353641 0.371615 0.353466 0.355275 0.353466 0.344538 0.354342 0.338235 0.355567 0.331466 0.358193 0.328198 0.358193 0.321195 0.359769 0.312325 0.362745 0.296452 0.371499 0.287582 0.375350 0.281279 0.380602 0.275677 0.383578 0.268207 0.390406 0.266807 0.392682 0.258637 0.398634 0.253501 0.406688 0.248599 0.411239 0.244865 0.416141 0.239262 0.425070 0.229225 0.446604 0.223856 0.469713 0.222456 0.482843 0.221989 0.492122 0.224323 0.512080
0 0.718954 0.338410 0.723389 0.347689 0.728992 0.353641 0.734127 0.362920 0.739496 0.368522 0.744631 0.376401 0.765406 0.390931 0.778945 0.397759 0.791083 0.402136 0.811158 0.406162 0.831466 0.407388 0.852474 0.405112 0.861811 0.402136 0.870915 0.396884 0.876751 0.394433 0.880486 0.391807 0.884921 0.386204 0.893791 0.377626 0.902894 0.363445 0.909430 0.349265 0.911298 0.339811 0.920401 0.307773 0.920868 0.300420 0.923669 0.289916 0.926004 0.275210 0.925303 0.261555 0.920868 0.245098 0.918534 0.242472 0.915966 0.236695 0.907563 0.226541 0.903361 0.219888 0.888422 0.207983 0.871849 0.198880 0.855509 0.192577 0.846172 0.189951 0.820261 0.185924 0.806723 0.185224 0.793884 0.186625 0.783613 0.188550 0.768207 0.192752 0.762838 0.195203 0.754435 0.200980 0.748833 0.203256 0.734127 0.218137 0.726891 0.230917 0.723856 0.239496 0.720822 0.244748 0.717320 0.262080 0.713819 0.292892 0.713819 0.314951 0.718954 0.338410
0 0.557190 0.573354 0.561858 0.599090 0.569561 0.623424 0.584267 0.651085 0.602241 0.679272 0.605275 0.682423 0.608077 0.687325 0.626284 0.706758 0.647526 0.723039 0.666900 0.734944 0.675303 0.738971 0.695612 0.746849 0.709617 0.750700 0.729458 0.753326 0.746032 0.753151 0.762605 0.750350 0.775444 0.744748 0.781279 0.741246 0.790149 0.733543 0.795518 0.727591 0.804622 0.712710 0.809057 0.702031 0.816760 0.667017 0.820028 0.631303 0.819795 0.612920 0.818161 0.602416 0.815126 0.591036 0.807890 0.572129 0.801120 0.558123 0.789916 0.539916 0.777311 0.525210 0.770075 0.518382 0.748133 0.501050 0.734360 0.493522 0.724090 0.488971 0.721289 0.486695 0.716387 0.484769 0.712652 0.482318 0.699813 0.478116 0.675070 0.472514 0.664332 0.471639 0.654528 0.469888 0.640056 0.469538 0.637722 0.470588 0.630252 0.470938 0.620215 0.473039 0.611578 0.475140 0.609477 0.476716 0.605976 0.477241 0.598739 0.480042 0.595238 0.480392 0.593838 0.483894 0.589869 0.485294 0.588002 0.487920 0.581466 0.487745 0.578898 0.488796 0.577965 0.490896 0.578665 0.494223 0.567694 0.495098 0.567694 0.497199 0.566060 0.499475 0.564192 0.500000 0.562792 0.501576 0.561391 0.519433 0.554155 0.542192 0.554622 0.564776 0.557190 0.573354
1 0.181139 0.285014 0.182540 0.287465 0.185808 0.287465 0.187675 0.286064 0.192577 0.284314 0.198179 0.280112 0.209150 0.274510 0.217087 0.271884 0.226424 0.270133 0.234594 0.269083 0.248833 0.268557 0.258170 0.269608 0.265406 0.271709 0.272642 0.272584 0.276144 0.269608 0.281513 0.254552 0.292484 0.237395 0.306956 0.224090 0.314893 0.218838 0.333100 0.210959 0.344304 0.208508 0.358777 0.207108 0.362278 0.205182 0.363212 0.202906 0.360177 0.188200 0.352241 0.175245 0.338702 0.164566 0.331466 0.161064 0.317460 0.155987 0.303688 0.153536 0.290383 0.152311 0.275677 0.153011 0.261905 0.155287 0.242997 0.161064 0.231793 0.166842 0.218954 0.175070 0.206349 0.187325 0.195845 0.200455 0.185107 0.224265 0.181839 0.235294 0.179739 0.250700 0.179505 0.273634 0.181139 0.285014
1 0.386788 0.202731 0.387488 0.209909 0.390523 0.213585 0.394725 0.214986 0.402661 0.219538 0.415966 0.230917 0.422269 0.237745 0.427404 0.244748 0.436041 0.262080 0.438142 0.272409 0.439542 0.273109 0.442810 0.273284 0.449580 0.271709 0.469888 0.269608 0.492997 0.271534 0.498366 0.272234 0.509804 0.275735 0.525677 0.282913 0.529412 0.283438 0.543417 0.266982 0.556489 0.254902 0.558590 0.250350 0.558357 0.244223 0.550654 0.227416 0.539916 0.212885 0.526377 0.199405 0.515873 0.190301 0.495331 0.178046 0.479458 0.170518 0.470121 0.168067 0.454949 0.166317 0.431373 0.167542 0.418768 0.170518 0.410831 0.173845 0.398926 0.182423 0.392390 0.189076 0.388189 0.196078 0.388189 0.200455 0.386788 0.202731
1 0.279645 0.275560 0.289683 0.278536 0.296919 0.281513 0.308123 0.287640 0.313025 0.291317 0.319795 0.298494 0.325864 0.306373 0.337768 0.327556 0.340803 0.336835 0.342204 0.349615 0.342670 0.350840 0.345005 0.352066 0.355742 0.351366 0.359010 0.349265 0.362278 0.335959 0.366947 0.326506 0.378618 0.311625 0.399066 0.293838 0.419701 0.281513 0.435341 0.275210 0.437675 0.272759 0.433940 0.259104 0.426937 0.244923 0.421802 0.237745 0.415266 0.230917 0.400560 0.219188 0.394491 0.216036 0.384921 0.212710 0.362979 0.207458 0.342670 0.209384 0.327965 0.213060 0.319561 0.216912 0.309991 0.222514 0.300187 0.230042 0.287582 0.244748 0.280579 0.258578 0.277311 0.271008 0.277311 0.273109 0.279645 0.275560
1 0.581466 0.236695 0.584967 0.236520 0.623249 0.221464 0.643324 0.217787 0.650093 0.217262 0.658263 0.217612 0.678805 0.222339 0.690710 0.227941 0.700514 0.233718 0.711485 0.245273 0.713585 0.250000 0.716853 0.252101 0.718487 0.245798 0.725724 0.230042 0.732726 0.218312 0.744164 0.206232 0.749767 0.201506 0.753268 0.199930 0.758637 0.196078 0.759104 0.192577 0.755369 0.188375 0.745798 0.182073 0.739963 0.176821 0.720355 0.165266 0.712185 0.161415 0.689776 0.154412 0.682073 0.153011 0.663399 0.151961 0.650327 0.153011 0.633287 0.157213 0.619514 0.163340 0.607610 0.171218 0.597106 0.181197 0.588235 0.195028 0.584734 0.203431 0.580999 0.216737 0.579365 0.229867 0.579599 0.235119 0.581466 0.236695
1 0.537815 0.290616 0.546919 0.299895 0.559757 0.318102 0.572829 0.341036 0.576331 0.349965 0.581466 0.369573 0.583567 0.373775 0.585434 0.391457 0.586368 0.393908 0.586134 0.401085 0.587302 0.407563 0.588469 0.409314 0.609010 0.403011 0.630019 0.398109 0.633754 0.395133 0.643791 0.390931 0.666900 0.373424 0.675070 0.366246 0.677404 0.362920 0.683240 0.357318 0.697246 0.337710 0.701447 0.327906 0.708683 0.316527 0.711018 0.305147 0.713119 0.278186 0.715453 0.264531 0.714753 0.254727 0.710784 0.246148 0.704015 0.237745 0.698179 0.232493 0.685808 0.225665 0.673203 0.221464 0.658497 0.218487 0.651027 0.217787 0.633287 0.220063 0.612512 0.226015 0.577965 0.241246 0.562092 0.251926 0.546685 0.265581 0.534781 0.279062 0.533147 0.282913 0.532446 0.286415 0.537815 0.290616
1 0.906863 0.224265 0.915266 0.234244 0.918067 0.241071 0.920401 0.243522 0.926704 0.261029 0.927171 0.273810 0.925537 0.287290 0.912932 0.339286 0.908964 0.352241 0.904995 0.361695 0.893557 0.378852 0.880952 0.391982 0.864846 0.401786 0.856209 0.404412 0.850607 0.407913 0.854342 0.411765 0.862745 0.414566 0.876517 0.415616 0.880719 0.415091 0.883520 0.415966 0.887722 0.415966 0.901261 0.413690 0.914799 0.410014 0.929272 0.402311 0.943277 0.390756 0.952848 0.379902 0.957750 0.371674 0.965219 0.351716 0.968954 0.327556 0.968721 0.313901 0.967320 0.302696 0.963585 0.286590 0.956583 0.265931 0.952381 0.259454 0.946779 0.248074 0.939076 0.237220 0.933473 0.231268 0.926471 0.226015 0.918534 0.221639 0.911765 0.219713 0.904995 0.220413 0.906162 0.221464 0.906863 0.224265
1 0.659430 0.400910 0.673436 0.405637 0.686975 0.412990 0.699113 0.421919 0.707516 0.431548 0.719888 0.450455 0.722456 0.463235 0.721989 0.477241 0.723623 0.479692 0.732726 0.465861 0.741597 0.457983 0.753735 0.449580 0.757003 0.445203 0.761438 0.441877 0.776144 0.439951 0.781979 0.437850 0.791550 0.435924 0.812092 0.433473 0.818161 0.433123 0.820962 0.433648 0.824930 0.432248 0.826331 0.420518 0.825397 0.410539 0.820728 0.408964 0.804155 0.406688 0.800654 0.405287 0.785014 0.401786 0.768207 0.394608 0.754435 0.384454 0.749533 0.381653 0.740430 0.372899 0.728058 0.355217 0.723156 0.350140 0.717787 0.340861 0.716853 0.336660 0.713819 0.331057 0.713352 0.327556 0.711485 0.328431 0.708917 0.331758 0.704482 0.333508 0.701914 0.336485 0.699580 0.337885 0.698179 0.341036 0.684407 0.358543 0.666433 0.376751 0.662232 0.384629 0.659430 0.387080 0.654995 0.396359 0.655462 0.398284 0.659430 0.400910
1 0.583567 0.442752 0.572362 0.474440 0.563959 0.489321 0.563259 0.491246 0.563959 0.494398 0.565126 0.491947 0.568394 0.490546 0.574697 0.490546 0.577965 0.492122 0.581466 0.492297 0.598506 0.480217 0.613679 0.474265 0.630486 0.470938 0.642857 0.469538 0.657796 0.469713 0.674837 0.471989 0.689776 0.476015 0.700280 0.477941 0.716853 0.483193 0.719188 0.481793 0.721522 0.474090 0.721755 0.462185 0.719888 0.453081 0.718021 0.448880 0.706583 0.432073 0.700047 0.424545 0.691643 0.416842 0.680672 0.410364 0.672035 0.406338 0.657563 0.401611 0.647993 0.399860 0.636321 0.399335 0.629552 0.400735 0.619981 0.401436 0.606209 0.405287 0.590570 0.410889 0.587068 0.415091 0.585901 0.430497 0.583567 0.442752
1 0.507470 0.571604 0.508403 0.574930 0.512138 0.578957 0.514006 0.583508 0.516807 0.586134 0.517274 0.588410 0.525910 0.591036 0.529178 0.593312 0.532913 0.594188 0.546218 0.601015 0.554855 0.608193 0.564192 0.618522 0.566060 0.619398 0.567694 0.622374 0.568394 0.619923 0.567694 0.615896 0.563959 0.605917 0.561858 0.594888 0.555089 0.571429 0.553455 0.560924 0.552754 0.547094 0.557656 0.527661 0.566993 0.512430 0.567227 0.508228 0.565593 0.505427 0.563959 0.497199 0.557423 0.500525 0.555789 0.503326 0.550187 0.507878 0.542250 0.516632 0.535403 0.522117 0.528245 0.526786 0.514472 0.533088 0.509104 0.536415 0.508637 0.540091 0.506769 0.543417 0.506303 0.557948 0.507470 0.571604
1 0.726190 0.486695 0.730159 0.490371 0.734360 0.491772 0.738562 0.494748 0.746965 0.498950 0.762605 0.510504 0.777077 0.523634 0.785014 0.533438 0.790616 0.538866 0.795752 0.546744 0.808824 0.571254 0.817460 0.595763 0.820495 0.609419 0.821195 0.617297 0.818394 0.665091 0.813492 0.685224 0.811391 0.698179 0.811391 0.703081 0.813025 0.705882 0.821662 0.710784 0.830299 0.712885 0.854342 0.720763 0.863212 0.721989 0.870215 0.721814 0.889356 0.717962 0.894958 0.713410 0.900327 0.703606 0.905462 0.696779 0.917134 0.674370 0.921802 0.667892 0.932540 0.637605 0.939542 0.608718 0.942577 0.601891 0.948646 0.579482 0.950280 0.562325 0.949113 0.543242 0.942110 0.522409 0.935341 0.509279 0.918301 0.486870 0.903361 0.472689 0.887021 0.459034 0.880019 0.454307 0.860411 0.444153 0.845005 0.439251 0.827965 0.435749 0.813259 0.435574 0.792951 0.436975 0.772409 0.441702 0.767274 0.443803 0.753501 0.451331 0.742764 0.458333 0.734127 0.466562 0.725023 0.482843 0.724790 0.484419 0.726190 0.486695
1 0.860644 0.443452 0.881653 0.454482 0.905229 0.473564 0.922502 0.490896 0.937908 0.512780 0.944444 0.526436 0.950280 0.546218 0.951214 0.558824 0.950514 0.574930 0.948179 0.586660 0.943511 0.602241 0.944211 0.603116 0.946312 0.603466 0.960551 0.591912 0.966620 0.585084 0.985294 0.552871 0.988562 0.543242 0.991830 0.529587 0.994398 0.512080 0.994631 0.498599 0.993464 0.473039 0.989262 0.456583 0.984127 0.448354 0.977824 0.440476 0.972923 0.436800 0.970355 0.433648 0.960551 0.426296 0.950280 0.421394 0.941877 0.418242 0.935341 0.416667 0.923203 0.415966 0.904062 0.416667 0.883987 0.420168 0.870448 0.424545 0.856209 0.431723 0.851541 0.435749 0.849440 0.439251 0.860644 0.443452
1 0.156162 0.324055 0.166667 0.334209 0.171802 0.340511 0.176704 0.348389 0.181606 0.358894 0.185574 0.376576 0.186275 0.388655 0.186275 0.408789 0.184407 0.422094 0.182773 0.453606 0.178805 0.476716 0.174603 0.494573 0.172035 0.501751 0.172035 0.505427 0.169468 0.517157 0.165500 0.529412 0.165500 0.532913 0.167367 0.535364 0.171569 0.537465 0.189076 0.540616 0.195845 0.538515 0.199580 0.539041 0.213585 0.535189 0.223856 0.530462 0.225957 0.528186 0.226891 0.525910 0.222923 0.513305 0.220355 0.495273 0.220588 0.478291 0.222222 0.467262 0.227124 0.448880 0.232493 0.434699 0.242297 0.417892 0.249300 0.408613 0.257470 0.399160 0.271942 0.386029 0.281046 0.378676 0.293417 0.370798 0.313259 0.360994 0.321429 0.357843 0.332166 0.356092 0.338235 0.353817 0.340336 0.351716 0.340336 0.341211 0.338469 0.333508 0.333100 0.320378 0.329365 0.313550 0.320261 0.300070 0.313959 0.293242 0.303688 0.285539 0.289683 0.279937 0.257937 0.270133 0.245565 0.269433 0.230626 0.269958 0.218021 0.272409 0.203315 0.277836 0.191643 0.285189 0.174837 0.297794 0.164332 0.307248 0.155929 0.318102 0.154995 0.321078 0.156162 0.324055
1 0.000000 0.291842 0.005135 0.292367 0.009337 0.291842 0.029879 0.294993 0.033380 0.295868 0.036415 0.298319 0.039683 0.299020 0.064426 0.299720 0.084267 0.302346 0.092670 0.302521 0.101074 0.304447 0.106909 0.304097 0.112512 0.297444 0.115780 0.297094 0.118581 0.299020 0.123016 0.300945 0.126984 0.301646 0.130486 0.303746 0.130486 0.307423 0.132820 0.310574 0.150560 0.319678 0.154295 0.317927 0.160131 0.310224 0.172502 0.296744 0.175770 0.290091 0.175070 0.287640 0.175537 0.282913 0.172502 0.276261 0.171802 0.271884 0.164799 0.259279 0.162232 0.256828 0.161531 0.254552 0.158964 0.251576 0.144024 0.240371 0.137021 0.235994 0.127918 0.232318 0.118814 0.227591 0.109244 0.224615 0.095238 0.221639 0.074463 0.220938 0.056956 0.222864 0.041317 0.226716 0.022409 0.233718 0.000000 0.244923 0.000000 0.291842
1 0.000000 0.670343 0.005135 0.671394 0.008870 0.669118 0.019141 0.666667 0.035481 0.660189 0.039683 0.657738 0.048786 0.655287 0.056723 0.651611 0.060691 0.647759 0.065126 0.646359 0.077731 0.639881 0.090803 0.629902 0.112745 0.610469 0.134687 0.584034 0.143324 0.571954 0.147526 0.561975 0.151027 0.556723 0.159197 0.539916 0.170168 0.509104 0.181139 0.453256 0.183940 0.418943 0.184641 0.398284 0.183940 0.376401 0.180439 0.360469 0.175303 0.348739 0.171335 0.342087 0.158030 0.327906 0.150794 0.321779 0.143791 0.318102 0.136788 0.312675 0.129785 0.310924 0.123716 0.307423 0.120915 0.307248 0.114146 0.304447 0.108777 0.305147 0.105976 0.304447 0.094771 0.304097 0.088702 0.302696 0.083100 0.302521 0.073996 0.300945 0.051354 0.300420 0.044351 0.301120 0.036415 0.300945 0.021709 0.303571 0.008637 0.308648 0.002568 0.312150 0.000000 0.312675 0.000000 0.670343
1 0.041317 0.786940 0.046452 0.802696 0.056489 0.824580 0.074463 0.846814 0.082866 0.855217 0.090570 0.861345 0.095005 0.863620 0.100840 0.868172 0.112278 0.874125 0.133520 0.881653 0.151494 0.885854 0.161298 0.887080 0.167367 0.886555 0.172502 0.886029 0.183940 0.882703 0.191410 0.878852 0.199580 0.875875 0.206816 0.871849 0.208217 0.869573 0.215313 0.863901 0.220355 0.860644 0.226891 0.857668 0.236695 0.850490 0.245565 0.841737 0.255369 0.834034 0.269141 0.821078 0.290850 0.793943 0.310691 0.760854 0.326797 0.727591 0.335901 0.703782 0.337535 0.682948 0.337302 0.667892 0.336601 0.661415 0.331466 0.655637 0.318394 0.646359 0.314426 0.644433 0.299253 0.632178 0.289683 0.621324 0.286181 0.619048 0.271709 0.602591 0.258170 0.583859 0.255369 0.578256 0.247432 0.567577 0.244398 0.561975 0.240663 0.557598 0.234594 0.555147 0.223856 0.552696 0.219188 0.552521 0.209617 0.550595 0.193511 0.549545 0.178805 0.551120 0.175070 0.552171 0.154528 0.559174 0.151261 0.561800 0.144024 0.574930 0.140523 0.578431 0.138189 0.582633 0.133520 0.587185 0.122549 0.602066 0.119748 0.603992 0.115546 0.609594 0.089169 0.634454 0.079832 0.640931 0.076331 0.647409 0.073296 0.657213 0.069795 0.661765 0.063025 0.675070 0.056956 0.691527 0.054388 0.695028 0.053455 0.699230 0.050187 0.706232 0.041783 0.738445 0.040383 0.754727 0.040149 0.772759 0.041317 0.786940
1 0.349907 0.720763 0.356676 0.748249 0.359477 0.752626 0.361811 0.762080 0.366013 0.768557 0.368347 0.775910 0.369748 0.778186 0.371849 0.779412 0.375584 0.790966 0.408964 0.859244 0.411998 0.862920 0.415033 0.868697 0.417134 0.874300 0.432306 0.897584 0.444678 0.912465 0.452148 0.916842 0.459851 0.918768 0.463819 0.920518 0.480159 0.921218 0.493231 0.920868 0.497199 0.919818 0.505602 0.919993 0.508870 0.918943 0.517974 0.918242 0.523810 0.917017 0.539916 0.911064 0.545051 0.908438 0.550420 0.904412 0.555089 0.902486 0.573296 0.888305 0.582633 0.878151 0.594304 0.861695 0.607610 0.831758 0.610177 0.824230 0.615079 0.787640 0.615546 0.764531 0.614379 0.744748 0.608077 0.709909 0.602474 0.689076 0.600607 0.685924 0.596872 0.674720 0.572362 0.633403 0.562092 0.619048 0.554855 0.610994 0.548553 0.605567 0.539449 0.599265 0.531046 0.595413 0.509570 0.589636 0.491597 0.586134 0.487628 0.586134 0.483894 0.590511 0.483894 0.595588 0.481793 0.598915 0.473856 0.623074 0.461251 0.643732 0.456816 0.647584 0.455415 0.650910 0.452848 0.652661 0.449346 0.658088 0.445845 0.661064 0.443044 0.664916 0.434874 0.670693 0.418534 0.680147 0.411765 0.681723 0.407796 0.684174 0.402894 0.683999 0.397993 0.684874 0.391457 0.684349 0.373016 0.678922 0.366246 0.675245 0.359944 0.673144 0.355742 0.670868 0.353175 0.675245 0.351541 0.681898 0.349440 0.698880 0.348973 0.706583 0.349907 0.720763
1 0.610177 0.714461 0.614846 0.740721 0.616713 0.755077 0.616713 0.776085 0.615546 0.799545 0.612278 0.821254 0.607610 0.835959 0.598506 0.855742 0.598973 0.859069 0.613679 0.865021 0.638889 0.872549 0.663399 0.880952 0.704949 0.893732 0.741130 0.902836 0.762605 0.904587 0.776844 0.902311 0.789683 0.897584 0.799020 0.891282 0.803922 0.886555 0.812792 0.874300 0.818627 0.859069 0.819561 0.851015 0.819328 0.840511 0.817227 0.827731 0.811391 0.812850 0.793417 0.785714 0.785714 0.776961 0.776611 0.764706 0.762138 0.752451 0.741830 0.755427 0.714052 0.752451 0.695845 0.747374 0.673436 0.738971 0.660831 0.732493 0.640289 0.718662 0.625584 0.707108 0.619748 0.700455 0.609244 0.690826 0.605742 0.689601 0.605509 0.691352 0.605742 0.697304 0.610177 0.714461
1 0.794585 0.782038 0.800187 0.793242 0.813492 0.813901 0.817227 0.824055 0.820028 0.834909 0.820728 0.841912 0.819795 0.862920 0.820962 0.866422 0.826797 0.874475 0.842904 0.890581 0.852241 0.898109 0.869514 0.908438 0.876517 0.911940 0.887955 0.916317 0.903595 0.920343 0.917367 0.922269 0.928805 0.922269 0.942810 0.919118 0.948413 0.916492 0.954715 0.911239 0.961018 0.902836 0.964052 0.897059 0.973389 0.873074 0.984827 0.838410 0.993464 0.797094 0.995331 0.782738 0.995098 0.766282 0.987862 0.741422 0.982493 0.730567 0.969655 0.709909 0.953315 0.691877 0.946312 0.685924 0.932073 0.675945 0.926937 0.674370 0.925070 0.672619 0.921802 0.672619 0.917134 0.676821 0.909664 0.692052 0.904295 0.700455 0.901727 0.703081 0.901494 0.706408 0.898459 0.708508 0.892157 0.717087 0.884220 0.720413 0.873483 0.722339 0.857610 0.721989 0.852007 0.721113 0.836601 0.716036 0.818394 0.711660 0.810691 0.709034 0.809290 0.710084 0.808357 0.713235 0.805322 0.716912 0.804155 0.721113 0.800887 0.726716 0.796685 0.730917 0.792017 0.737570 0.792017 0.751926 0.794585 0.782038
1 0.493931 0.960434 0.490430 0.970063 0.490663 0.972164 0.493464 0.977766 0.498133 0.982318 0.508637 0.989321 0.521475 0.996324 0.527077 0.997899 0.527544 0.999825 0.767274 0.999825 0.769141 0.996324 0.770775 0.985119 0.770775 0.966737 0.768908 0.953957 0.766340 0.946254 0.759804 0.934524 0.752101 0.925420 0.744398 0.918242 0.739496 0.910889 0.733660 0.904762 0.725490 0.900560 0.703548 0.894433 0.671802 0.884104 0.668067 0.883754 0.658030 0.880602 0.650560 0.877101 0.609244 0.863971 0.605742 0.863620 0.598973 0.861520 0.595472 0.863620 0.588469 0.873249 0.575864 0.887780 0.569561 0.893732 0.564426 0.897059 0.560458 0.901611 0.553688 0.904062 0.547386 0.908964 0.531513 0.915791 0.525910 0.917192 0.522409 0.919118 0.518908 0.918943 0.516106 0.920343 0.507937 0.921394 0.504202 0.925420 0.497199 0.955591 0.493931 0.960434
1 0.252801 0.849440 0.258403 0.863270 0.264239 0.872199 0.271709 0.887605 0.308357 0.948704 0.324697 0.969713 0.352474 0.996499 0.359244 0.998074 0.359477 0.999825 0.463352 0.999825 0.464286 0.997549 0.471755 0.992472 0.478291 0.985644 0.480859 0.980742 0.485528 0.975315 0.489029 0.965861 0.492297 0.960259 0.495798 0.949755 0.496032 0.946254 0.498133 0.943978 0.499066 0.940651 0.500000 0.935049 0.499767 0.924195 0.497899 0.922094 0.489963 0.921394 0.487162 0.921394 0.484827 0.922444 0.480626 0.921744 0.477824 0.923144 0.473623 0.922444 0.469188 0.924895 0.463352 0.924020 0.456583 0.919118 0.451214 0.917367 0.444211 0.912990 0.436975 0.903711 0.430439 0.896884 0.416667 0.875700 0.412232 0.865721 0.408030 0.859244 0.390523 0.820903 0.368347 0.779237 0.366246 0.772759 0.363912 0.769258 0.357843 0.755077 0.351307 0.733894 0.347572 0.717437 0.347339 0.695903 0.345705 0.694153 0.339169 0.696604 0.336835 0.706758 0.334734 0.709909 0.334734 0.711835 0.330532 0.723214 0.322596 0.740371 0.319795 0.744573 0.318861 0.748249 0.314192 0.756127 0.311158 0.763305 0.304622 0.772584 0.294118 0.792367 0.282913 0.806898 0.281513 0.810574 0.276611 0.814426 0.268441 0.824055 0.258170 0.832983 0.251634 0.840161 0.250934 0.842612 0.252801 0.849440
1 0.166200 0.950105 0.173203 0.965686 0.176237 0.970413 0.182540 0.976366 0.190943 0.986870 0.192577 0.991246 0.189076 0.995448 0.187908 0.999825 0.355042 0.999825 0.355042 0.998249 0.352241 0.994748 0.348506 0.992647 0.340570 0.985819 0.336134 0.980917 0.324463 0.970588 0.306723 0.947829 0.287115 0.914916 0.284781 0.909139 0.279178 0.901436 0.272409 0.889881 0.269374 0.883053 0.255602 0.859419 0.254669 0.855742 0.252334 0.852241 0.250934 0.846289 0.248133 0.842787 0.225724 0.860119 0.220355 0.862395 0.211951 0.869748 0.210084 0.875175 0.194911 0.901085 0.174837 0.930322 0.171569 0.937150 0.167834 0.942052 0.166200 0.945728 0.166200 0.950105
1 0.000000 0.999825 0.114379 0.999825 0.114379 0.998249 0.129785 0.987045 0.134220 0.981618 0.142390 0.974265 0.152661 0.962010 0.190943 0.903011 0.199813 0.890931 0.206583 0.879377 0.207516 0.876401 0.206349 0.874475 0.203081 0.873950 0.197712 0.876401 0.194678 0.878676 0.171102 0.888130 0.164332 0.888655 0.154995 0.886905 0.151261 0.886905 0.134921 0.882878 0.109244 0.874125 0.093604 0.864671 0.083800 0.857143 0.071429 0.845238 0.069094 0.841387 0.056723 0.826506 0.054388 0.821254 0.050654 0.817402 0.049020 0.810399 0.042717 0.797094 0.040616 0.790091 0.038515 0.776611 0.038749 0.751401 0.041083 0.738796 0.041550 0.730917 0.039916 0.723564 0.034781 0.725665 0.027544 0.731092 0.014239 0.755077 0.010738 0.758403 0.010037 0.761555 0.007003 0.766982 0.000000 0.775560 0.000000 0.999825
1 0.362979 0.351716 0.383287 0.351190 0.390056 0.352766 0.394024 0.352766 0.404295 0.354167 0.407563 0.355217 0.414332 0.355742 0.424136 0.358368 0.441176 0.367822 0.449813 0.374825 0.458217 0.383403 0.464986 0.391807 0.473156 0.404062 0.479925 0.418067 0.487395 0.438550 0.497432 0.487570 0.499533 0.511204 0.499300 0.519258 0.500233 0.522059 0.499066 0.529237 0.500000 0.533438 0.502334 0.534839 0.512372 0.532563 0.527311 0.525910 0.544118 0.513480 0.558824 0.498775 0.561158 0.494223 0.564426 0.491422 0.564192 0.488620 0.566293 0.487220 0.566760 0.483718 0.568161 0.481968 0.574697 0.465861 0.581699 0.446078 0.584734 0.429972 0.586134 0.411590 0.585668 0.404237 0.582866 0.376225 0.579365 0.362920 0.572129 0.341912 0.568394 0.334384 0.558357 0.317577 0.545752 0.300245 0.540149 0.294643 0.526377 0.284489 0.513305 0.277836 0.498366 0.272759 0.478058 0.270833 0.465920 0.270658 0.449580 0.272759 0.439076 0.275035 0.427404 0.279062 0.412932 0.286239 0.401727 0.292892 0.384921 0.306898 0.377684 0.314076 0.366947 0.328081 0.360878 0.344188 0.360644 0.349440 0.362979 0.351716
1 0.145892 0.970763 0.124416 0.992647 0.117180 0.998249 0.117180 0.999825 0.186508 0.999825 0.189542 0.990896 0.190009 0.987745 0.189076 0.985469 0.174837 0.967962 0.164799 0.948880 0.161298 0.951155 0.153128 0.962535 0.145892 0.970763
1 0.000000 0.771884 0.001634 0.771884 0.018908 0.744398 0.031279 0.721464 0.036881 0.706758 0.038982 0.695728 0.039916 0.668067 0.033847 0.663866 0.025910 0.664916 0.016573 0.667717 0.000000 0.670343 0.000000 0.771884
1 0.039683 0.666141 0.040149 0.669293 0.039683 0.694328 0.038282 0.706758 0.039449 0.710784 0.043417 0.713235 0.046685 0.712010 0.051821 0.697129 0.065126 0.667892 0.072362 0.654237 0.075163 0.647584 0.075864 0.643382 0.074463 0.642857 0.056956 0.652311 0.043417 0.657913 0.037582 0.661239 0.037582 0.663165 0.039683 0.666141
1 0.339869 0.684699 0.341503 0.686099 0.348739 0.685574 0.352941 0.672094 0.352708 0.668417 0.338469 0.659664 0.337535 0.660714 0.338469 0.679797 0.339869 0.684699