1 0.396359 0.601190 0.404295 0.619573 0.414099 0.635154 0.427871 0.654937 0.441643 0.665441 0.449580 0.670168 0.452614 0.670868 0.456349 0.672969 0.461485 0.674020 0.467087 0.676646 0.478058 0.678746 0.498133 0.675945 0.508637 0.672794 0.514939 0.669643 0.537115 0.651436 0.543651 0.644433 0.554388 0.630252 0.561391 0.613796 0.564893 0.601716 0.566527 0.588235 0.566293 0.576856 0.557890 0.546744 0.546685 0.520483 0.542951 0.520483 0.538515 0.529412 0.534781 0.532738 0.527077 0.543943 0.520075 0.550770 0.504435 0.561800 0.496965 0.563550 0.473156 0.563901 0.461951 0.561275 0.456116 0.558648 0.445845 0.551471 0.437208 0.544818 0.432073 0.539566 0.425303 0.534839 0.421802 0.532563 0.420168 0.532913 0.417134 0.534839 0.404995 0.556898 0.392624 0.574755 0.392624 0.585434 0.396359 0.601190
1 0.006769 0.154412 0.009337 0.164741 0.013539 0.174195 0.021008 0.185924 0.034314 0.199405 0.041783 0.209909 0.057190 0.220238 0.061625 0.222164 0.064426 0.222164 0.072129 0.220413 0.094304 0.214286 0.116246 0.213410 0.121382 0.205532 0.128852 0.196604 0.137021 0.182248 0.137722 0.154587 0.138655 0.147584 0.142390 0.137080 0.152661 0.119398 0.155462 0.102416 0.154528 0.091912 0.152428 0.085259 0.139356 0.064076 0.130252 0.055147 0.123249 0.049895 0.120215 0.048669 0.113445 0.042892 0.106443 0.039391 0.097572 0.036239 0.078198 0.032563 0.063959 0.032913 0.053455 0.034664 0.042250 0.038340 0.033147 0.042717 0.028478 0.046744 0.022409 0.053746 0.015640 0.066702 0.012605 0.077381 0.009570 0.103291 0.006536 0.119223 0.005369 0.140581 0.006769 0.154412
1 0.000000 0.349965 0.008870 0.354342 0.021709 0.363971 0.042951 0.373599 0.049253 0.375525 0.059991 0.376576 0.074930 0.376225 0.088235 0.373950 0.091270 0.372374 0.092670 0.369748 0.095238 0.348915 0.101774 0.324055 0.107843 0.313725 0.113445 0.308473 0.119514 0.304097 0.137488 0.298319 0.145658 0.294468 0.168301 0.289041 0.186741 0.289741 0.188142 0.283789 0.188142 0.275385 0.184407 0.258578 0.180672 0.250875 0.171802 0.241422 0.168534 0.236345 0.165500 0.234594 0.162232 0.230742 0.150560 0.223039 0.137255 0.217262 0.127451 0.216036 0.122782 0.216211 0.117414 0.214986 0.106443 0.214636 0.091270 0.215861 0.067460 0.222864 0.057423 0.224440 0.048786 0.229342 0.030345 0.237045 0.015406 0.245973 0.008170 0.252451 0.000000 0.256127 0.000000 0.349965
0 0.092437 0.388655 0.093604 0.401261 0.095705 0.411590 0.100373 0.428396 0.105509 0.442227 0.114846 0.456408 0.120682 0.463235 0.131186 0.471639 0.133754 0.474615 0.144258 0.480567 0.150093 0.482668 0.161298 0.488270 0.176471 0.491772 0.192577 0.492997 0.199580 0.491947 0.218721 0.479342 0.232260 0.464636 0.251867 0.435749 0.256536 0.425420 0.259104 0.416317 0.261438 0.403711 0.262138 0.393032 0.261671 0.376576 0.260504 0.369923 0.256069 0.352766 0.241130 0.327381 0.227824 0.313200 0.212185 0.302346 0.202614 0.297794 0.199346 0.295518 0.189076 0.291667 0.182306 0.290441 0.169001 0.289916 0.157796 0.292017 0.146359 0.294818 0.119281 0.304972 0.108543 0.313375 0.103175 0.321779 0.097339 0.341912 0.093604 0.362570 0.092437 0.373249 0.092437 0.388655
1 0.000000 0.542192 0.008637 0.547619 0.017040 0.550245 0.028011 0.555147 0.032680 0.556022 0.036415 0.559524 0.043651 0.557073 0.046685 0.557773 0.051120 0.557598 0.073996 0.551996 0.086134 0.547969 0.095472 0.541667 0.106209 0.527311 0.130252 0.506478 0.133754 0.498424 0.137021 0.494398 0.140056 0.487920 0.139589 0.481968 0.137488 0.478817 0.119748 0.463936 0.116013 0.459909 0.113445 0.455357 0.108310 0.449055 0.104108 0.441176 0.097572 0.423144 0.092204 0.400910 0.091036 0.376050 0.088002 0.375000 0.077965 0.377101 0.065126 0.377801 0.054622 0.377101 0.043184 0.374650 0.032446 0.370623 0.029178 0.370098 0.026144 0.370448 0.014006 0.379202 0.008870 0.381478 0.002334 0.387605 0.000000 0.388130 0.000000 0.542192
1 0.092437 0.657738 0.106209 0.668067 0.123483 0.674195 0.128618 0.674895 0.145425 0.674895 0.158730 0.672794 0.164799 0.673494 0.175070 0.672444 0.185341 0.669468 0.203081 0.662990 0.211018 0.658438 0.220822 0.650735 0.235294 0.635504 0.242297 0.625875 0.244164 0.620448 0.257236 0.596289 0.258170 0.591737 0.264239 0.578256 0.265406 0.572129 0.264006 0.566176 0.251167 0.546744 0.244865 0.533789 0.241363 0.512780 0.240430 0.494223 0.239029 0.490021 0.235528 0.485819 0.230159 0.483718 0.224323 0.483193 0.216853 0.483718 0.200514 0.492472 0.193511 0.493522 0.173203 0.492297 0.168534 0.490896 0.160831 0.490196 0.152194 0.495098 0.141457 0.503676 0.133987 0.506478 0.126751 0.510854 0.112745 0.522934 0.107143 0.528536 0.096172 0.543417 0.089402 0.563550 0.085668 0.620623 0.086134 0.637605 0.092437 0.657738
1 0.245565 0.532563 0.249767 0.541667 0.258403 0.556723 0.267507 0.569153 0.272642 0.574755 0.280345 0.579832 0.286881 0.585609 0.302054 0.593137 0.306956 0.596639 0.313959 0.599615 0.331699 0.600840 0.338002 0.603116 0.342204 0.603116 0.352474 0.601366 0.366013 0.594363 0.375117 0.586835 0.380019 0.584034 0.395191 0.568627 0.409430 0.546744 0.414332 0.535014 0.415966 0.526786 0.414799 0.523810 0.411298 0.519783 0.403828 0.507703 0.398926 0.498249 0.392157 0.478641 0.388655 0.464986 0.383754 0.428396 0.380952 0.423144 0.374883 0.415441 0.365780 0.408789 0.352941 0.402836 0.345938 0.401085 0.343604 0.399860 0.330999 0.397234 0.327965 0.396709 0.317694 0.397059 0.310691 0.399510 0.303688 0.400035 0.300187 0.401786 0.289916 0.408088 0.285714 0.409839 0.275210 0.417367 0.269374 0.425245 0.266340 0.431022 0.260037 0.439076 0.249066 0.464636 0.243464 0.482493 0.242530 0.488620 0.242997 0.515756 0.245565 0.532563
1 0.259570 0.741597 0.266340 0.761730 0.267974 0.765581 0.271242 0.769258 0.286415 0.783613 0.290149 0.782563 0.293651 0.783789 0.302521 0.785014 0.317694 0.785014 0.331466 0.782388 0.338469 0.779937 0.343604 0.776611 0.347806 0.771884 0.349206 0.763655 0.349206 0.742997 0.350140 0.734069 0.353408 0.720238 0.359944 0.702731 0.368114 0.689076 0.373249 0.682948 0.380019 0.677171 0.388189 0.671919 0.389122 0.668768 0.387722 0.654237 0.381186 0.630077 0.370915 0.613620 0.363212 0.604867 0.354575 0.602941 0.348039 0.603466 0.336134 0.606618 0.331699 0.609769 0.313492 0.619748 0.303688 0.623249 0.299720 0.623775 0.289916 0.627451 0.286181 0.628151 0.282913 0.630427 0.279879 0.633578 0.272176 0.649160 0.258403 0.688725 0.256069 0.700280 0.256769 0.724090 0.259570 0.741597
0 0.353875 0.793417 0.358077 0.807073 0.365079 0.821078 0.368581 0.825280 0.375584 0.832983 0.389823 0.845063 0.397993 0.851015 0.414799 0.861169 0.431606 0.866422 0.441176 0.868522 0.456349 0.868522 0.462885 0.866947 0.472222 0.861345 0.477358 0.857493 0.481326 0.853291 0.498833 0.826856 0.506069 0.810574 0.508170 0.794818 0.517040 0.765756 0.517507 0.758228 0.516573 0.745623 0.513772 0.726716 0.508170 0.713410 0.497899 0.699055 0.489496 0.690651 0.480859 0.685574 0.477124 0.681723 0.459851 0.675945 0.450747 0.671919 0.435341 0.662640 0.428805 0.660714 0.414566 0.662640 0.401027 0.667192 0.386088 0.675070 0.376050 0.681723 0.368814 0.689076 0.360644 0.702906 0.355742 0.715161 0.353175 0.723739 0.350607 0.738796 0.350140 0.767157 0.353875 0.793417
1 0.526144 0.662640 0.508170 0.675245 0.510271 0.678571 0.511438 0.691877 0.514006 0.699230 0.528711 0.722339 0.541083 0.732493 0.542484 0.734944 0.550187 0.740721 0.563259 0.747549 0.564426 0.748775 0.573296 0.752451 0.577498 0.755077 0.585901 0.757528 0.588235 0.758929 0.594538 0.760329 0.598739 0.763480 0.608077 0.766282 0.613445 0.765931 0.620215 0.767682 0.629785 0.768557 0.668768 0.767682 0.671569 0.766982 0.678105 0.766982 0.688375 0.765231 0.699580 0.765056 0.702848 0.763831 0.711485 0.762780 0.737162 0.760504 0.741130 0.758578 0.755135 0.755427 0.768674 0.750175 0.775910 0.742997 0.778711 0.737920 0.781046 0.728291 0.778478 0.713410 0.776144 0.708859 0.771942 0.704132 0.766807 0.696078 0.746499 0.678571 0.736461 0.667717 0.730626 0.663515 0.710784 0.653011 0.697946 0.647934 0.678571 0.642857 0.643791 0.635854 0.630486 0.634629 0.603408 0.634104 0.592204 0.632703 0.560458 0.633403 0.556489 0.634979 0.550187 0.639531 0.546919 0.643908 0.526144 0.662640
0 0.679272 0.555497 0.682773 0.567402 0.689076 0.580882 0.711485 0.616422 0.719655 0.625875 0.723856 0.635854 0.733427 0.640756 0.736228 0.646008 0.740896 0.649860 0.748133 0.652486 0.761671 0.653361 0.775677 0.651261 0.782913 0.651436 0.786181 0.650210 0.791317 0.649685 0.796919 0.646709 0.803455 0.644433 0.807656 0.641632 0.810691 0.640756 0.814192 0.637605 0.817460 0.636905 0.828431 0.630602 0.837535 0.623775 0.840570 0.620273 0.845938 0.616246 0.851074 0.610469 0.856909 0.601366 0.860878 0.591387 0.862278 0.585084 0.861578 0.564776 0.856909 0.544293 0.850607 0.528361 0.839869 0.508754 0.831466 0.496674 0.817927 0.480042 0.803221 0.467962 0.798319 0.465686 0.789449 0.461835 0.784080 0.461134 0.767351 0.462885 0.731092 0.463060 0.723856 0.463936 0.719188 0.465686 0.708450 0.473039 0.703548 0.477416 0.701214 0.480917 0.698880 0.487745 0.697946 0.498599 0.695845 0.503852 0.686741 0.519608 0.678105 0.529237 0.677404 0.531863 0.677171 0.543592 0.679272 0.555497
1 0.723623 0.642332 0.729458 0.653711 0.733193 0.658263 0.733894 0.661239 0.738095 0.664566 0.743464 0.672269 0.749300 0.678571 0.756536 0.683999 0.757937 0.686275 0.761438 0.688375 0.766106 0.693102 0.785948 0.704657 0.792250 0.707633 0.801821 0.710784 0.816760 0.714811 0.823763 0.715511 0.834500 0.718662 0.847806 0.720413 0.853175 0.720238 0.855275 0.720938 0.906162 0.724790 0.911064 0.725665 0.934874 0.726015 0.954015 0.725490 0.977124 0.723739 0.991130 0.717262 0.996032 0.714111 0.998133 0.711485 0.999767 0.711485 0.999767 0.638655 0.998133 0.638655 0.993697 0.634979 0.985528 0.626401 0.972456 0.617647 0.967087 0.615721 0.954715 0.608543 0.937908 0.603291 0.929272 0.598739 0.921802 0.596464 0.886788 0.589111 0.873249 0.585084 0.866713 0.584209 0.865079 0.584559 0.864146 0.585259 0.860878 0.595763 0.852708 0.610469 0.836134 0.626050 0.817694 0.637955 0.814426 0.638831 0.812325 0.640931 0.800420 0.645658 0.793651 0.649335 0.790383 0.650035 0.785481 0.650210 0.782913 0.651085 0.779412 0.650910 0.776144 0.652311 0.767974 0.653361 0.765873 0.654237 0.757937 0.654587 0.750934 0.653887 0.747666 0.652836 0.744164 0.650560 0.738329 0.642332 0.735528 0.640056 0.730392 0.638130 0.723856 0.630427 0.721755 0.632703 0.721755 0.640581 0.723623 0.642332
1 0.806723 0.468487 0.814426 0.477066 0.822129 0.483718 0.827965 0.491947 0.835901 0.501050 0.842904 0.511204 0.844071 0.515756 0.851307 0.528711 0.858543 0.546744 0.861578 0.559174 0.863679 0.578081 0.866246 0.582108 0.881186 0.585259 0.899860 0.590686 0.909897 0.592262 0.925303 0.596289 0.936741 0.598214 0.952381 0.597864 0.957750 0.598564 0.970822 0.597864 0.984827 0.592612 0.991130 0.586660 0.997899 0.572304 0.999767 0.572129 0.999767 0.544118 0.997666 0.542892 0.996265 0.539916 0.992997 0.529412 0.987628 0.518207 0.983894 0.515931 0.981793 0.512080 0.969655 0.500525 0.963585 0.496148 0.954482 0.490021 0.946779 0.486520 0.933940 0.491947 0.928105 0.492822 0.910831 0.492822 0.899860 0.491422 0.890523 0.489146 0.856443 0.477591 0.841737 0.470238 0.828665 0.464811 0.824463 0.463761 0.821895 0.462010 0.812792 0.462010 0.807890 0.463410 0.805322 0.465336 0.803922 0.466912 0.806723 0.468487
1 0.591737 0.567577 0.597572 0.589986 0.608777 0.609419 0.619281 0.620623 0.626751 0.625525 0.640289 0.632353 0.661298 0.637430 0.678571 0.640406 0.693511 0.634804 0.697946 0.632003 0.703315 0.626751 0.708217 0.619573 0.709384 0.616246 0.708917 0.612745 0.702148 0.602416 0.701214 0.598915 0.697946 0.595938 0.690243 0.583859 0.680672 0.564601 0.677171 0.548144 0.675303 0.532388 0.671335 0.533088 0.654995 0.541492 0.643557 0.544993 0.628852 0.546919 0.609010 0.546744 0.602708 0.545343 0.598739 0.543242 0.592204 0.541141 0.588936 0.542192 0.588469 0.544293 0.591737 0.567577
1 0.540616 0.425245 0.543184 0.433473 0.549253 0.446254 0.554855 0.470063 0.554622 0.484419 0.550887 0.498249 0.550187 0.505252 0.555789 0.513831 0.569561 0.527136 0.584034 0.536940 0.591270 0.540966 0.600373 0.543417 0.605742 0.546043 0.613212 0.546919 0.633520 0.545868 0.652428 0.541842 0.657796 0.539741 0.674603 0.530637 0.685574 0.518382 0.694211 0.503501 0.696312 0.494923 0.696078 0.480917 0.689776 0.458859 0.680439 0.438725 0.664566 0.420168 0.659197 0.415441 0.656863 0.411940 0.647759 0.402486 0.640990 0.398284 0.637021 0.398459 0.618114 0.412465 0.609477 0.415616 0.602007 0.416842 0.592204 0.417017 0.580299 0.415441 0.564659 0.411415 0.553455 0.410889 0.546452 0.417892 0.544118 0.422094 0.540616 0.425245
1 0.387722 0.451155 0.392157 0.473915 0.395892 0.485819 0.403361 0.504377 0.408030 0.512780 0.415733 0.522409 0.429972 0.537640 0.450514 0.555147 0.463819 0.561975 0.477124 0.565126 0.482726 0.564951 0.487628 0.565826 0.499767 0.563725 0.503268 0.562500 0.513539 0.556548 0.524510 0.548319 0.541317 0.526961 0.550420 0.497374 0.553688 0.480567 0.552054 0.460434 0.547152 0.444853 0.537348 0.424720 0.527077 0.409314 0.518908 0.399510 0.511905 0.392157 0.508403 0.391982 0.505602 0.395483 0.498599 0.401261 0.483894 0.407563 0.474556 0.408964 0.449346 0.409839 0.436041 0.408438 0.423903 0.405462 0.407330 0.399685 0.403595 0.397059 0.397292 0.394608 0.394024 0.399510 0.389589 0.411064 0.387255 0.423845 0.386788 0.434524 0.387722 0.451155
1 0.238329 0.289916 0.244631 0.301120 0.257236 0.319328 0.270308 0.334559 0.272409 0.338410 0.290616 0.359244 0.301821 0.368697 0.306489 0.373950 0.324697 0.384454 0.335434 0.387255 0.348973 0.392332 0.352708 0.392857 0.366713 0.392507 0.373016 0.390931 0.380019 0.390231 0.383287 0.388655 0.384921 0.387080 0.381886 0.384979 0.371148 0.374300 0.358543 0.358718 0.352007 0.349090 0.341270 0.328081 0.339869 0.310224 0.338235 0.301821 0.339869 0.272059 0.342904 0.253151 0.352241 0.226541 0.352241 0.221639 0.349206 0.220063 0.343604 0.219713 0.331699 0.217262 0.314893 0.214811 0.307190 0.214461 0.289916 0.216211 0.278945 0.219888 0.271008 0.223389 0.263539 0.228817 0.257470 0.236520 0.242297 0.249825 0.235294 0.258578 0.234827 0.262430 0.232960 0.266807 0.233193 0.276085 0.238329 0.289916
0 0.489262 0.168768 0.491130 0.178922 0.496265 0.196078 0.500934 0.206232 0.505602 0.213936 0.510504 0.219538 0.517040 0.229342 0.526611 0.238796 0.540149 0.250525 0.548786 0.256478 0.555789 0.260329 0.560924 0.261380 0.566760 0.263655 0.578431 0.265756 0.589169 0.265931 0.596872 0.264531 0.606209 0.259804 0.618347 0.250525 0.624883 0.240721 0.630252 0.220763 0.631886 0.195378 0.628385 0.168067 0.622782 0.147409 0.614846 0.130077 0.613912 0.126401 0.609477 0.119223 0.599440 0.107143 0.584500 0.094363 0.580532 0.091737 0.566760 0.085434 0.557190 0.084559 0.546685 0.085084 0.536181 0.086485 0.522409 0.090336 0.506769 0.099265 0.501634 0.104517 0.496965 0.111520 0.493931 0.118697 0.491830 0.126751 0.488329 0.149160 0.488329 0.161940 0.489262 0.168768
1 0.316993 0.069853 0.316993 0.085259 0.322129 0.109594 0.328431 0.126751 0.340103 0.151261 0.348273 0.165091 0.361345 0.181022 0.375117 0.194328 0.376751 0.195553 0.380019 0.195553 0.390523 0.190126 0.418301 0.184174 0.429272 0.184174 0.443511 0.186450 0.448179 0.188025 0.461951 0.195028 0.476190 0.205357 0.491363 0.217962 0.495331 0.216562 0.498133 0.217087 0.500934 0.213410 0.500934 0.210259 0.500000 0.206408 0.494164 0.193978 0.489963 0.178746 0.487162 0.157213 0.489029 0.135154 0.494865 0.112395 0.492297 0.104342 0.484127 0.091211 0.476424 0.082808 0.471755 0.076155 0.461485 0.066352 0.442577 0.050770 0.411998 0.031513 0.409430 0.028711 0.404528 0.025560 0.391223 0.020658 0.378151 0.017857 0.371615 0.017507 0.366246 0.018382 0.352708 0.022409 0.347572 0.024335 0.345238 0.026261 0.341503 0.026961 0.326797 0.037465 0.321195 0.045518 0.319561 0.046744 0.318627 0.050245 0.318861 0.054797 0.316993 0.069853
1 0.258403 0.213410 0.265173 0.222164 0.268908 0.223039 0.288982 0.215686 0.301821 0.213936 0.318627 0.214461 0.331466 0.217087 0.352241 0.220063 0.355742 0.218487 0.366947 0.204832 0.374416 0.199580 0.375350 0.196779 0.374883 0.195203 0.371615 0.191702 0.355275 0.175595 0.348739 0.166842 0.341036 0.154237 0.333567 0.139356 0.331466 0.137430 0.328198 0.136380 0.314426 0.136905 0.304855 0.139181 0.294818 0.143207 0.283613 0.150735 0.272409 0.162815 0.264939 0.172444 0.258170 0.186275 0.256069 0.192927 0.256536 0.206232 0.258403 0.213410
0 0.140756 0.185574 0.146825 0.196078 0.150560 0.200455 0.162932 0.210084 0.173903 0.214811 0.182306 0.217262 0.191410 0.218312 0.199580 0.218312 0.220355 0.214461 0.224556 0.211835 0.236228 0.206758 0.242997 0.201155 0.255135 0.188725 0.265406 0.169993 0.270542 0.162465 0.278478 0.153361 0.285247 0.137605 0.286181 0.132528 0.288749 0.126225 0.290383 0.107843 0.289216 0.092262 0.283147 0.078256 0.276144 0.070728 0.261438 0.062500 0.251634 0.059174 0.241830 0.057248 0.233660 0.057773 0.226891 0.059174 0.210084 0.066352 0.202848 0.071078 0.178338 0.092087 0.172969 0.098915 0.164799 0.105742 0.161765 0.111345 0.154528 0.118873 0.145658 0.133403 0.142624 0.139706 0.138422 0.154412 0.138189 0.172794 0.140756 0.185574
1 0.173436 0.240721 0.179972 0.248599 0.184874 0.256478 0.189309 0.273459 0.192577 0.278536 0.193744 0.275735 0.196312 0.273810 0.199580 0.269433 0.203548 0.258754 0.206349 0.254902 0.224090 0.236345 0.238095 0.230217 0.244398 0.228992 0.248133 0.229342 0.251401 0.228466 0.253735 0.231793 0.251634 0.233718 0.251167 0.236870 0.247432 0.237745 0.248133 0.240371 0.248599 0.238971 0.251634 0.237745 0.252568 0.235294 0.255135 0.234769 0.256536 0.232143 0.262605 0.227416 0.264472 0.223739 0.256769 0.211485 0.254202 0.201155 0.251634 0.198880 0.229458 0.211310 0.220822 0.214986 0.203548 0.218312 0.195845 0.219013 0.184874 0.218312 0.181606 0.219013 0.179505 0.221289 0.173203 0.234769 0.172736 0.238095 0.173436 0.240721
0 0.715219 0.254377 0.720355 0.282213 0.721289 0.294293 0.725023 0.310749 0.729925 0.326331 0.737862 0.345413 0.754435 0.371324 0.758170 0.375525 0.765873 0.381478 0.778945 0.384629 0.789916 0.384629 0.803922 0.383228 0.808123 0.382003 0.819795 0.376401 0.825864 0.374650 0.840570 0.365721 0.848973 0.359769 0.866947 0.343487 0.882820 0.324405 0.890756 0.310749 0.898693 0.289916 0.902194 0.274860 0.904528 0.257178 0.904995 0.243873 0.903128 0.227416 0.898693 0.210084 0.888655 0.182948 0.885854 0.178396 0.882120 0.169293 0.878151 0.164391 0.874650 0.157213 0.866480 0.147584 0.859010 0.141807 0.852241 0.137780 0.838469 0.133578 0.822596 0.130602 0.807190 0.130952 0.792484 0.133403 0.784080 0.137080 0.779412 0.138305 0.773109 0.142682 0.767040 0.145658 0.755369 0.153186 0.745798 0.161415 0.732960 0.175070 0.725257 0.186975 0.722923 0.189076 0.722222 0.192227 0.716153 0.203431 0.712418 0.216562 0.712418 0.246849 0.715219 0.254377
1 0.879085 0.331232 0.867414 0.344013 0.840103 0.367297 0.817694 0.378852 0.805089 0.383578 0.805322 0.390581 0.811391 0.407913 0.812092 0.412465 0.811858 0.442927 0.813025 0.446779 0.816060 0.451506 0.827498 0.462360 0.835668 0.467087 0.849907 0.473389 0.855742 0.476716 0.878385 0.484769 0.897526 0.490371 0.912232 0.492122 0.931839 0.491772 0.935574 0.490721 0.946779 0.484419 0.951214 0.479167 0.954248 0.473915 0.957750 0.470938 0.965920 0.456408 0.969421 0.446429 0.972689 0.428922 0.977124 0.415266 0.980859 0.399685 0.982493 0.383754 0.981326 0.371499 0.979925 0.366246 0.968254 0.350140 0.963119 0.345413 0.956349 0.337010 0.945378 0.327731 0.935808 0.320903 0.915033 0.310049 0.901261 0.305322 0.896825 0.304622 0.893791 0.305497 0.891690 0.310399 0.879085 0.331232
1 0.906396 0.251926 0.901494 0.285889 0.901961 0.292892 0.904295 0.297444 0.912932 0.307248 0.935574 0.319328 0.950747 0.330182 0.959150 0.338060 0.971755 0.352241 0.973856 0.356268 0.980859 0.365021 0.984127 0.367297 0.993231 0.369748 0.999767 0.370623 0.999767 0.202906 0.994398 0.202381 0.988095 0.200280 0.974323 0.199405 0.958917 0.199055 0.939776 0.200455 0.925070 0.205357 0.915966 0.209909 0.909197 0.216912 0.908497 0.220413 0.905696 0.223915 0.904528 0.229167 0.906629 0.242297 0.906396 0.251926
1 0.834967 0.132528 0.842670 0.133228 0.850140 0.135679 0.866246 0.146359 0.871849 0.152136 0.881886 0.167017 0.891690 0.188025 0.901027 0.213410 0.904528 0.215861 0.918768 0.206933 0.938375 0.199580 0.977358 0.162990 0.999767 0.137430 0.999767 0.099965 0.991130 0.098915 0.967554 0.093312 0.950280 0.086134 0.938609 0.079832 0.936041 0.076506 0.932073 0.073529 0.924603 0.070203 0.922502 0.067577 0.918067 0.065126 0.907563 0.056723 0.904295 0.056373 0.895191 0.058824 0.884687 0.063200 0.861811 0.077556 0.853641 0.083683 0.841036 0.097339 0.830299 0.113095 0.825630 0.123249 0.825163 0.130077 0.834967 0.132528
1 0.823063 0.000000 0.822596 0.001926 0.807423 0.008228 0.804855 0.014181 0.804155 0.026961 0.800187 0.054097 0.799486 0.068102 0.795985 0.084734 0.791550 0.087010 0.782913 0.088235 0.765640 0.088936 0.762838 0.089636 0.760504 0.091211 0.761905 0.099090 0.764239 0.102591 0.776611 0.109069 0.784547 0.111520 0.793184 0.113095 0.824463 0.113796 0.827965 0.112395 0.831699 0.109069 0.839869 0.097514 0.851774 0.084559 0.858077 0.079307 0.870682 0.071078 0.872782 0.067752 0.873716 0.060399 0.874416 0.048669 0.873716 0.042542 0.865313 0.022759 0.853641 0.007178 0.847106 0.001576 0.847106 0.000000 0.823063 0.000000
1 0.608777 0.116422 0.615079 0.125700 0.619281 0.137430 0.624183 0.147234 0.624650 0.150910 0.631186 0.170868 0.632820 0.200105 0.635387 0.204482 0.641923 0.210084 0.651027 0.214986 0.661298 0.218487 0.674603 0.221464 0.688842 0.220938 0.703081 0.217612 0.709617 0.215161 0.711951 0.211835 0.721989 0.189251 0.732026 0.175420 0.741597 0.164566 0.752568 0.154587 0.762605 0.147409 0.764706 0.144258 0.764006 0.139356 0.764939 0.136380 0.765406 0.119573 0.762605 0.106092 0.751634 0.080182 0.749767 0.076681 0.745098 0.071254 0.734360 0.060749 0.727358 0.056373 0.706583 0.047969 0.691176 0.045518 0.684874 0.045343 0.664332 0.048319 0.658497 0.050245 0.644024 0.056898 0.633520 0.062850 0.626284 0.068978 0.619048 0.077556 0.616013 0.082808 0.612278 0.090861 0.607843 0.106268 0.607610 0.110994 0.608777 0.116422
1 0.516106 0.303746 0.517274 0.306373 0.517974 0.341211 0.516106 0.378151 0.513539 0.386905 0.514706 0.390231 0.522409 0.395133 0.529879 0.397409 0.538982 0.402311 0.549953 0.406513 0.557190 0.407388 0.560458 0.408789 0.584500 0.415091 0.594071 0.416317 0.602474 0.416141 0.609711 0.414741 0.616480 0.412290 0.634687 0.398284 0.644958 0.391632 0.650794 0.384279 0.658964 0.371148 0.661531 0.364146 0.662232 0.348739 0.659197 0.335084 0.651261 0.320028 0.645191 0.311450 0.637021 0.300945 0.615780 0.282038 0.602241 0.273810 0.591503 0.269258 0.568161 0.265581 0.544818 0.264531 0.539683 0.263130 0.536181 0.262955 0.519374 0.266457 0.514239 0.268908 0.513539 0.271008 0.514706 0.290791 0.516106 0.303746
0 0.341970 0.326155 0.348506 0.341211 0.355742 0.353116 0.358543 0.355742 0.360644 0.360119 0.365546 0.366422 0.379318 0.380777 0.398226 0.394608 0.418301 0.402486 0.438375 0.407913 0.450747 0.409139 0.460317 0.409139 0.479692 0.407563 0.492997 0.403186 0.500000 0.399335 0.505135 0.395308 0.508170 0.390931 0.510971 0.388831 0.514706 0.379552 0.516807 0.344013 0.516106 0.307248 0.515173 0.304797 0.511905 0.268732 0.506303 0.253501 0.503735 0.241246 0.498133 0.231092 0.485528 0.214986 0.471755 0.203081 0.462885 0.196954 0.447012 0.188725 0.442344 0.187150 0.431606 0.185749 0.424603 0.185224 0.411765 0.186275 0.390756 0.191702 0.383520 0.194678 0.368581 0.205182 0.362745 0.211310 0.355275 0.221464 0.344071 0.251751 0.340103 0.274685 0.338936 0.300245 0.341970 0.326155
1 0.659664 0.331583 0.662232 0.341737 0.663632 0.352766 0.663399 0.361870 0.660131 0.371849 0.647526 0.390581 0.647759 0.394083 0.649860 0.400560 0.660364 0.415091 0.667834 0.421919 0.677638 0.432948 0.682773 0.437325 0.687208 0.439426 0.704482 0.450805 0.723623 0.459559 0.730859 0.461485 0.762372 0.461835 0.783380 0.459909 0.789683 0.458859 0.801354 0.452031 0.805322 0.448529 0.807890 0.444678 0.811158 0.431548 0.811158 0.419993 0.809991 0.411415 0.804155 0.392507 0.800187 0.386204 0.799020 0.385679 0.792250 0.384979 0.778245 0.385154 0.773576 0.384279 0.764939 0.381653 0.757003 0.375000 0.745331 0.359244 0.729925 0.331758 0.727358 0.321254 0.723856 0.314251 0.720355 0.312850 0.712185 0.311800 0.701681 0.309174 0.690243 0.308648 0.679272 0.309524 0.661531 0.312675 0.656396 0.316352 0.653128 0.321078 0.654528 0.324580 0.659664 0.331583
1 0.982026 0.400735 0.978525 0.414916 0.973623 0.428746 0.969655 0.449405 0.963352 0.463410 0.958683 0.471113 0.947946 0.484244 0.952381 0.488095 0.955649 0.489321 0.963352 0.494748 0.967787 0.496674 0.980626 0.499650 0.999767 0.499825 0.999767 0.372024 0.994631 0.371148 0.988095 0.368697 0.984127 0.368873 0.982493 0.370798 0.983660 0.387080 0.982026 0.400735
1 0.251401 0.627976 0.267974 0.628852 0.282913 0.627801 0.303688 0.622374 0.311158 0.619748 0.318161 0.616246 0.331699 0.606968 0.334267 0.605917 0.334734 0.602416 0.324463 0.600490 0.317227 0.600140 0.310458 0.598039 0.288049 0.586310 0.269841 0.573179 0.268908 0.571779 0.265640 0.575805 0.256536 0.599440 0.244398 0.622374 0.245331 0.626576 0.251401 0.627976
1 0.549953 0.522409 0.550187 0.525735 0.556956 0.539566 0.565126 0.567227 0.567460 0.581408 0.565826 0.602591 0.562792 0.613620 0.557190 0.626576 0.556256 0.630602 0.557656 0.631828 0.595705 0.630077 0.597806 0.623775 0.603641 0.615196 0.605509 0.608894 0.599440 0.594188 0.597106 0.591562 0.595005 0.584734 0.586835 0.540441 0.565826 0.525035 0.562092 0.520833 0.555556 0.515931 0.550187 0.509804 0.548786 0.511380 0.548319 0.518908 0.549953 0.522409
1 0.361811 0.598915 0.361811 0.602416 0.371148 0.612570 0.385854 0.634629 0.387021 0.635504 0.390289 0.636029 0.396825 0.642857 0.400794 0.645483 0.406629 0.647409 0.409430 0.649335 0.411531 0.652136 0.416667 0.652836 0.418301 0.654237 0.421569 0.649510 0.422035 0.647409 0.413866 0.635679 0.399393 0.609944 0.395658 0.600490 0.390523 0.579307 0.387021 0.578256 0.378852 0.585609 0.374183 0.588585 0.366246 0.595938 0.361811 0.598915
1 0.483427 0.684524 0.487162 0.685924 0.490663 0.684699 0.492530 0.685399 0.493697 0.692577 0.504202 0.704832 0.510504 0.715336 0.513539 0.722164 0.518441 0.754027 0.517507 0.766982 0.512605 0.782738 0.512838 0.784839 0.514239 0.786590 0.523576 0.787640 0.536648 0.787290 0.550187 0.788866 0.560691 0.787640 0.581699 0.783438 0.587068 0.781338 0.595472 0.779587 0.611811 0.772759 0.617180 0.769083 0.612979 0.767507 0.609477 0.767507 0.598506 0.764706 0.593137 0.761555 0.570495 0.752976 0.560691 0.746499 0.552288 0.742997 0.532213 0.727416 0.525677 0.720938 0.515406 0.703606 0.509104 0.696254 0.508870 0.685574 0.506769 0.682073 0.509337 0.676821 0.513305 0.675245 0.512605 0.674545 0.504902 0.675245 0.485994 0.681197 0.484594 0.680672 0.483193 0.681197 0.482026 0.682773 0.483427 0.684524
1 0.886555 0.000000 0.886555 0.010154 0.893324 0.028887 0.900560 0.043417 0.913866 0.060574 0.923203 0.067052 0.925303 0.069678 0.931606 0.072304 0.935808 0.075455 0.939076 0.076681 0.946078 0.083158 0.952848 0.086485 0.961251 0.089986 0.973623 0.093838 0.991130 0.097689 0.999767 0.098039 0.999767 0.000000 0.886555 0.000000
1 0.855042 0.000000 0.855042 0.001576 0.856676 0.008754 0.858777 0.013130 0.864846 0.021884 0.872782 0.038165 0.877918 0.045693 0.885154 0.051646 0.892624 0.056022 0.896359 0.057248 0.898693 0.057248 0.904995 0.055497 0.906629 0.053221 0.904295 0.047794 0.898693 0.041667 0.888189 0.017507 0.885621 0.008228 0.885387 0.000000 0.855042 0.000000
1 0.269841 0.000000 0.269841 0.002101 0.272409 0.013305 0.285014 0.031338 0.294585 0.037465 0.310224 0.043067 0.315126 0.045518 0.317927 0.045868 0.321195 0.044293 0.322829 0.041317 0.328665 0.035014 0.343838 0.024685 0.365079 0.017857 0.373016 0.016807 0.379552 0.016982 0.383520 0.018557 0.387021 0.018908 0.400794 0.022584 0.406629 0.020483 0.419701 0.001576 0.419701 0.000000 0.269841 0.000000
1 0.264939 0.064251 0.273810 0.068452 0.280112 0.073880 0.284781 0.080357 0.288282 0.087710 0.290850 0.096113 0.291317 0.103116 0.291317 0.114146 0.288749 0.134104 0.291317 0.138130 0.291783 0.140406 0.293417 0.141282 0.310224 0.137255 0.322362 0.135504 0.329132 0.135854 0.330532 0.133403 0.319328 0.102591 0.317227 0.087010 0.316293 0.072654 0.318627 0.052171 0.317927 0.047794 0.308357 0.042542 0.302288 0.040791 0.285481 0.032388 0.281046 0.034139 0.272642 0.041842 0.264006 0.057073 0.263072 0.060749 0.264939 0.064251
1 0.421102 0.000000 0.421102 0.001576 0.415500 0.008578 0.411298 0.018908 0.410598 0.026261 0.411531 0.029587 0.413632 0.031688 0.421335 0.037115 0.429038 0.041317 0.445378 0.052696 0.454949 0.060399 0.469888 0.073704 0.479458 0.084559 0.480859 0.087360 0.484360 0.089811 0.485528 0.088060 0.484127 0.062500 0.477824 0.000000 0.421102 0.000000
1 0.046685 0.000000 0.044585 0.016632 0.038749 0.031162 0.037115 0.034139 0.034781 0.036239 0.036415 0.037990 0.053922 0.033263 0.064192 0.031338 0.075163 0.030812 0.083333 0.028361 0.088469 0.028186 0.091737 0.026261 0.093371 0.023109 0.094771 0.016632 0.094538 0.000000 0.046685 0.000000
1 0.000000 0.000000 0.000000 0.061275 0.001634 0.061275 0.012138 0.052696 0.029178 0.042367 0.036181 0.036590 0.039916 0.029762 0.044351 0.013130 0.044585 0.000000 0.000000 0.000000
1 0.000000 0.208333 0.002101 0.208158 0.004669 0.206232 0.017040 0.200805 0.023109 0.195903 0.024977 0.192927 0.014472 0.178046 0.007703 0.163165 0.003968 0.137605 0.004435 0.130077 0.001634 0.126926 0.000000 0.126926 0.000000 0.208333
1 0.022176 0.622374 0.022409 0.631127 0.024276 0.640581 0.028245 0.648109 0.031513 0.651085 0.042717 0.658789 0.050187 0.660014 0.057656 0.662290 0.067694 0.662815 0.080999 0.661590 0.090570 0.657913 0.090103 0.650560 0.085901 0.637255 0.084967 0.622724 0.087302 0.580707 0.088936 0.564076 0.091970 0.553746 0.091970 0.546569 0.078198 0.552171 0.057656 0.557948 0.052754 0.560749 0.045985 0.568277 0.039216 0.578081 0.032446 0.590336 0.031279 0.594363 0.028245 0.598739 0.025444 0.605917 0.024043 0.618172 0.022176 0.622374
1 0.125817 0.706758 0.133520 0.721989 0.138422 0.727941 0.147759 0.733718 0.153595 0.735294 0.169234 0.735994 0.182306 0.734769 0.188842 0.733193 0.213352 0.725840 0.235294 0.714111 0.241597 0.709559 0.251867 0.699755 0.255369 0.694328 0.259337 0.680497 0.262838 0.671919 0.264706 0.662115 0.266807 0.657388 0.268908 0.648109 0.267974 0.643732 0.269608 0.640406 0.265873 0.637780 0.263772 0.633578 0.244164 0.629202 0.241363 0.630427 0.237862 0.633578 0.228058 0.645658 0.222222 0.650910 0.212418 0.658789 0.209851 0.660364 0.206116 0.661415 0.202148 0.664216 0.178338 0.672444 0.174603 0.673144 0.166200 0.674020 0.157796 0.673494 0.141690 0.676296 0.133287 0.676471 0.130252 0.675245 0.123016 0.675070 0.120915 0.677521 0.121382 0.689601 0.125817 0.706758
1 0.598506 0.271183 0.609711 0.277136 0.619748 0.284314 0.624883 0.289916 0.635387 0.298669 0.651027 0.317052 0.654295 0.316352 0.663399 0.311275 0.678805 0.308473 0.696312 0.307423 0.709851 0.309524 0.713585 0.308648 0.714286 0.299545 0.712885 0.296919 0.713119 0.292892 0.710784 0.282913 0.709150 0.279412 0.706349 0.265581 0.702381 0.260329 0.693044 0.244223 0.687442 0.238796 0.676704 0.225665 0.671335 0.222689 0.656396 0.218662 0.647059 0.214811 0.633520 0.206758 0.631653 0.209384 0.631186 0.220588 0.627918 0.233368 0.625350 0.240721 0.621382 0.247549 0.616013 0.253326 0.606909 0.260329 0.593838 0.265931 0.592670 0.269083 0.598506 0.271183
1 0.200980 0.269958 0.197479 0.274685 0.195145 0.275910 0.198413 0.286765 0.197712 0.290616 0.198646 0.293242 0.203081 0.296394 0.206816 0.297094 0.209150 0.300070 0.229925 0.314426 0.240430 0.324755 0.244631 0.332808 0.253035 0.345413 0.257937 0.357143 0.261671 0.375000 0.262605 0.384804 0.262138 0.397584 0.263539 0.400210 0.265873 0.401261 0.281279 0.394958 0.285014 0.390756 0.297152 0.380777 0.302054 0.373074 0.299020 0.367647 0.293417 0.361695 0.289683 0.359069 0.288749 0.356793 0.272642 0.338235 0.266573 0.330007 0.257703 0.320903 0.248366 0.306898 0.245798 0.304797 0.237162 0.289916 0.232026 0.275735 0.231559 0.265581 0.236228 0.256127 0.238095 0.252976 0.248833 0.240896 0.255135 0.237570 0.259570 0.227416 0.258403 0.227241 0.258170 0.228817 0.256769 0.229692 0.252334 0.229692 0.249066 0.228466 0.244631 0.228291 0.236695 0.230392 0.233427 0.232668 0.225957 0.235119 0.219421 0.241597 0.216853 0.242647 0.213585 0.247724 0.209150 0.251926 0.207516 0.255602 0.203782 0.258403 0.204015 0.261905 0.200980 0.269958
1 0.938842 0.199580 0.949580 0.198529 0.974790 0.198704 0.986461 0.200105 0.989496 0.199580 0.985528 0.194678 0.970355 0.185924 0.960317 0.182073 0.956583 0.182423 0.951447 0.185399 0.942344 0.192927 0.941410 0.194503 0.940710 0.198179 0.938842 0.199580