1 0.245798 0.074930 0.250000 0.083859 0.253735 0.089286 0.258403 0.095063 0.261905 0.096989 0.269374 0.092262 0.272176 0.088235 0.275910 0.087885 0.289216 0.082983 0.302288 0.081408 0.324697 0.081933 0.336835 0.084384 0.359244 0.091036 0.362745 0.091387 0.366246 0.090686 0.369981 0.087010 0.385854 0.078081 0.387722 0.074755 0.387955 0.066352 0.386788 0.056898 0.382353 0.046744 0.373716 0.035189 0.363679 0.025735 0.352241 0.017857 0.345705 0.014881 0.341737 0.014181 0.333333 0.011204 0.329132 0.008929 0.327731 0.007353 0.325864 0.007003 0.307190 0.005602 0.300187 0.006478 0.286181 0.009979 0.272876 0.015231 0.263539 0.021183 0.257703 0.027311 0.247666 0.043067 0.246732 0.046569 0.244398 0.050245 0.243464 0.054447 0.243464 0.067402 0.245798 0.074930
1 0.036881 0.050945 0.032680 0.063725 0.033147 0.064251 0.034080 0.063025 0.036415 0.063025 0.037815 0.064076 0.037348 0.067927 0.035247 0.071078 0.035247 0.082108 0.036648 0.088410 0.039683 0.088761 0.040850 0.087010 0.046685 0.082983 0.049020 0.080007 0.059991 0.073354 0.073063 0.068978 0.084734 0.067052 0.102371 0.067052 0.115780 0.068452 0.129085 0.073179 0.141223 0.079307 0.164799 0.097339 0.174136 0.106618 0.182073 0.116246 0.185574 0.117997 0.186041 0.117647 0.188609 0.109419 0.190710 0.086835 0.190476 0.077731 0.186275 0.065476 0.179972 0.053396 0.169001 0.039216 0.161765 0.032388 0.143557 0.018732 0.127918 0.011029 0.114613 0.006478 0.090803 0.003676 0.084500 0.003676 0.078665 0.004552 0.067694 0.007703 0.052288 0.017157 0.046685 0.022234 0.042017 0.029412 0.038749 0.036590 0.036648 0.046218 0.036881 0.050945
1 0.026844 0.151085 0.034080 0.171744 0.040850 0.182598 0.051821 0.196604 0.069328 0.210084 0.090570 0.230392 0.112979 0.255952 0.119048 0.257528 0.122782 0.256478 0.125584 0.252101 0.135387 0.243522 0.152894 0.233018 0.162232 0.228992 0.171802 0.227066 0.189076 0.227066 0.192344 0.226366 0.210084 0.228992 0.213352 0.226891 0.215920 0.220763 0.217320 0.213410 0.218021 0.200980 0.215219 0.175420 0.213352 0.168067 0.210317 0.161590 0.186041 0.120448 0.165266 0.098739 0.159430 0.094713 0.152428 0.088235 0.137488 0.077381 0.123016 0.071078 0.116246 0.068978 0.102708 0.067402 0.087535 0.067402 0.075163 0.068803 0.064192 0.072304 0.057423 0.075455 0.053688 0.077556 0.042017 0.086835 0.038515 0.091211 0.031746 0.104867 0.028945 0.112570 0.025444 0.130077 0.025444 0.141106 0.026844 0.151085
0 0.260504 0.209909 0.262138 0.215686 0.261671 0.224265 0.264006 0.234419 0.267274 0.240546 0.269608 0.247899 0.272409 0.262080 0.278245 0.276436 0.293417 0.303221 0.299020 0.306723 0.300420 0.310574 0.303221 0.313025 0.306723 0.318803 0.317460 0.328782 0.320962 0.333333 0.325397 0.335784 0.327965 0.338410 0.341503 0.347689 0.351307 0.351541 0.355509 0.354167 0.376517 0.362220 0.397059 0.366246 0.407330 0.366597 0.414566 0.368172 0.421569 0.368522 0.435574 0.367822 0.449346 0.364846 0.458917 0.360994 0.468021 0.355917 0.473856 0.350840 0.477824 0.345413 0.480626 0.336835 0.486928 0.324755 0.490196 0.314601 0.493231 0.303221 0.494164 0.290791 0.493697 0.275560 0.488329 0.230567 0.484827 0.209559 0.482960 0.203606 0.477591 0.190301 0.471055 0.181022 0.463119 0.171744 0.450047 0.159489 0.435341 0.148109 0.421569 0.139181 0.414799 0.137255 0.408030 0.132878 0.395658 0.127626 0.380252 0.122549 0.362745 0.118873 0.349673 0.118172 0.320495 0.120273 0.305089 0.125000 0.299253 0.127976 0.296919 0.130777 0.293184 0.131828 0.286181 0.131127 0.283613 0.137780 0.280579 0.139531 0.276844 0.144258 0.273343 0.146709 0.264472 0.161415 0.259570 0.185924 0.259337 0.198704 0.260504 0.209909
0 0.106909 0.348915 0.112745 0.373424 0.121849 0.393382 0.138655 0.416667 0.161998 0.435749 0.175303 0.442927 0.183707 0.445903 0.189542 0.449230 0.199113 0.451331 0.213819 0.452731 0.227124 0.451506 0.241363 0.446604 0.252334 0.438725 0.254902 0.437675 0.264006 0.429797 0.271709 0.421919 0.277311 0.415091 0.278945 0.411064 0.281279 0.408789 0.292250 0.387780 0.298786 0.371849 0.306723 0.342437 0.308357 0.328081 0.306489 0.320903 0.297152 0.309874 0.284314 0.290091 0.278011 0.279237 0.270308 0.261204 0.269141 0.256478 0.267507 0.254552 0.252568 0.243347 0.246965 0.241422 0.241597 0.238095 0.227124 0.232843 0.213585 0.230042 0.193744 0.227591 0.174370 0.227766 0.161064 0.230042 0.147759 0.236520 0.136321 0.243522 0.127684 0.251225 0.123950 0.256653 0.120915 0.259104 0.112512 0.279412 0.108310 0.300245 0.105976 0.317402 0.105742 0.333333 0.106909 0.348915
1 0.000000 0.348915 0.020308 0.389356 0.028011 0.406513 0.038982 0.423144 0.039916 0.423669 0.045051 0.421919 0.063492 0.412465 0.068394 0.412640 0.077731 0.410889 0.099440 0.409314 0.116480 0.410889 0.123016 0.412465 0.130486 0.412815 0.131886 0.411415 0.130719 0.407913 0.121615 0.394083 0.112045 0.373424 0.106443 0.352066 0.104809 0.324405 0.107610 0.300245 0.111111 0.282913 0.110878 0.276786 0.109244 0.273985 0.095938 0.267682 0.084500 0.263655 0.067927 0.259979 0.051354 0.258578 0.036648 0.260679 0.028011 0.263655 0.020775 0.267682 0.008403 0.277136 0.002568 0.284489 0.000000 0.285189 0.000000 0.348915
1 0.026611 0.490896 0.035948 0.519608 0.047852 0.538165 0.050187 0.543768 0.060924 0.557423 0.062325 0.560749 0.065593 0.564076 0.075163 0.578957 0.080766 0.585784 0.093137 0.598564 0.104925 0.606355 0.109711 0.610644 0.119281 0.617297 0.130252 0.621849 0.133754 0.624300 0.143091 0.628326 0.147292 0.629377 0.151727 0.629202 0.155229 0.625875 0.158030 0.620098 0.163632 0.614321 0.171802 0.607843 0.183707 0.602591 0.185341 0.593137 0.188842 0.588936 0.192344 0.586485 0.199580 0.583859 0.203081 0.581408 0.213119 0.579307 0.221055 0.579307 0.228058 0.578256 0.237395 0.580882 0.240430 0.580357 0.250000 0.580882 0.258170 0.583508 0.264939 0.584734 0.272409 0.587885 0.279412 0.588761 0.282680 0.589986 0.283380 0.589636 0.283847 0.588060 0.282446 0.585259 0.281046 0.574580 0.277778 0.566877 0.275210 0.557073 0.267274 0.540966 0.261671 0.533438 0.257470 0.529587 0.250233 0.515581 0.248366 0.508228 0.244631 0.500175 0.230626 0.477766 0.224556 0.471113 0.215453 0.463936 0.213352 0.461310 0.205415 0.455532 0.199580 0.452906 0.191176 0.451506 0.182540 0.448004 0.179972 0.446078 0.161298 0.436625 0.149160 0.427871 0.137021 0.417192 0.133520 0.415791 0.116013 0.411940 0.104108 0.410714 0.081933 0.411239 0.064192 0.414391 0.058824 0.415966 0.040850 0.424370 0.036415 0.428396 0.028945 0.439076 0.025677 0.446078 0.023343 0.458508 0.023576 0.474090 0.026611 0.490896
0 0.148459 0.724615 0.151027 0.734244 0.150560 0.737745 0.152661 0.759104 0.155229 0.768382 0.153828 0.772934 0.158497 0.776786 0.160131 0.783789 0.161765 0.786415 0.161765 0.790091 0.166200 0.798494 0.168768 0.801471 0.169234 0.803746 0.179038 0.820903 0.182306 0.824230 0.188375 0.832983 0.202381 0.846639 0.221755 0.861345 0.243464 0.871674 0.253268 0.875175 0.282446 0.880777 0.302754 0.882878 0.321895 0.882003 0.331933 0.877451 0.340336 0.875700 0.343371 0.872899 0.353408 0.866772 0.355976 0.863445 0.361111 0.860294 0.367414 0.852941 0.373716 0.842437 0.378385 0.831583 0.381886 0.818277 0.384687 0.785189 0.384687 0.761905 0.382820 0.741597 0.382586 0.725490 0.385621 0.702031 0.385854 0.688901 0.382820 0.671744 0.378385 0.661590 0.373483 0.654062 0.344771 0.628326 0.331466 0.620973 0.327031 0.616947 0.324697 0.616246 0.315593 0.610469 0.303571 0.604954 0.300187 0.601891 0.291317 0.598214 0.280579 0.591737 0.262372 0.584909 0.258403 0.584034 0.242530 0.582458 0.233427 0.582458 0.230392 0.583333 0.223623 0.580707 0.216853 0.579657 0.210084 0.580357 0.206349 0.582633 0.196312 0.585084 0.187675 0.592087 0.185574 0.598564 0.185808 0.601541 0.184874 0.602766 0.176937 0.605742 0.165500 0.614146 0.161064 0.618347 0.151261 0.633929 0.150327 0.640931 0.147526 0.647409 0.144958 0.660889 0.144958 0.689951 0.148459 0.724615
0 0.298786 0.560399 0.298086 0.564251 0.300187 0.569853 0.306489 0.580707 0.310924 0.585084 0.320261 0.597339 0.330532 0.607668 0.334034 0.612220 0.345005 0.621849 0.347339 0.625875 0.376284 0.653361 0.393324 0.665441 0.401494 0.672269 0.440476 0.696429 0.460084 0.705707 0.480859 0.710959 0.490196 0.712360 0.492764 0.713585 0.501401 0.715161 0.511671 0.716036 0.526611 0.716036 0.547152 0.714461 0.555556 0.712360 0.564192 0.711660 0.567694 0.710259 0.574697 0.709209 0.581699 0.705882 0.591970 0.699580 0.601774 0.690126 0.604342 0.685749 0.604575 0.681898 0.605976 0.678746 0.605976 0.668067 0.603175 0.655637 0.596872 0.639356 0.591737 0.633228 0.578198 0.611345 0.571195 0.595588 0.564659 0.585959 0.563959 0.581758 0.552521 0.559524 0.540383 0.543067 0.526611 0.529062 0.511905 0.517507 0.502568 0.512430 0.489262 0.503676 0.463585 0.493522 0.442577 0.487570 0.425770 0.484769 0.418301 0.482843 0.390056 0.481618 0.352708 0.483894 0.344771 0.486695 0.339402 0.487745 0.332633 0.490896 0.327965 0.491772 0.325397 0.493873 0.318861 0.496499 0.316410 0.498599 0.314192 0.498249 0.313959 0.501576 0.312325 0.505427 0.308590 0.508403 0.306956 0.512080 0.298319 0.521359 0.297152 0.525210 0.294818 0.528361 0.293184 0.534314 0.293184 0.554097 0.298786 0.560399
1 0.426471 0.443102 0.431373 0.458859 0.437208 0.472514 0.441410 0.485294 0.446078 0.487920 0.471289 0.495098 0.491830 0.504027 0.501634 0.511029 0.513539 0.517507 0.526377 0.527486 0.529412 0.531162 0.539683 0.540266 0.550187 0.554097 0.553455 0.555322 0.556956 0.554097 0.566993 0.548494 0.569795 0.545693 0.570728 0.540441 0.570495 0.523284 0.571429 0.511730 0.573296 0.504027 0.576097 0.497199 0.580766 0.489496 0.586601 0.483193 0.597339 0.475665 0.598739 0.473564 0.601774 0.472864 0.607376 0.469013 0.618581 0.463410 0.616713 0.461310 0.615313 0.457108 0.616947 0.452556 0.617414 0.447304 0.616013 0.424720 0.612979 0.414566 0.609711 0.397409 0.596172 0.369923 0.585901 0.355567 0.580766 0.350490 0.561391 0.341737 0.557190 0.340336 0.549253 0.339461 0.544818 0.336660 0.530812 0.334034 0.520075 0.332983 0.501634 0.334034 0.488562 0.339286 0.484360 0.339636 0.480859 0.343838 0.479458 0.346989 0.472923 0.354167 0.463352 0.360644 0.451447 0.366071 0.446078 0.369748 0.444211 0.373074 0.440710 0.375700 0.435107 0.382878 0.431139 0.390231 0.424370 0.412115 0.424136 0.426471 0.426471 0.443102
1 0.255602 0.489846 0.256303 0.498424 0.259570 0.511555 0.265873 0.529237 0.266106 0.532913 0.282213 0.559349 0.299720 0.576681 0.301354 0.577031 0.300887 0.571078 0.298553 0.568102 0.297386 0.562675 0.291550 0.557598 0.290616 0.539216 0.291783 0.533438 0.298786 0.519258 0.299253 0.510679 0.302521 0.509454 0.303688 0.510329 0.304855 0.508754 0.304622 0.504027 0.308824 0.501751 0.310691 0.502276 0.311391 0.500350 0.314192 0.500175 0.317227 0.498950 0.323296 0.494048 0.329832 0.490546 0.342204 0.485994 0.350373 0.483894 0.362512 0.481968 0.373483 0.481793 0.376284 0.481092 0.387021 0.481268 0.390289 0.480567 0.420635 0.482318 0.435574 0.485644 0.437908 0.484419 0.437208 0.477241 0.434174 0.466912 0.430906 0.460959 0.424603 0.441527 0.422969 0.426646 0.423203 0.406688 0.415500 0.396884 0.396359 0.382353 0.390990 0.380252 0.387255 0.377801 0.365780 0.370623 0.341036 0.366071 0.317694 0.367822 0.302521 0.371148 0.300187 0.372374 0.297619 0.376751 0.290850 0.393557 0.286415 0.400210 0.282680 0.409139 0.269141 0.426646 0.256536 0.439251 0.253735 0.465161 0.253968 0.484769 0.255602 0.489846
0 0.577731 0.334734 0.583333 0.348389 0.605509 0.383578 0.608543 0.390756 0.614379 0.399510 0.618114 0.408088 0.620448 0.410889 0.624183 0.418417 0.632820 0.432248 0.637021 0.437500 0.646359 0.446429 0.652194 0.449055 0.655929 0.452731 0.658497 0.453782 0.693044 0.458859 0.700980 0.457808 0.714519 0.451681 0.723389 0.446604 0.739029 0.431898 0.749300 0.415441 0.753968 0.401786 0.759337 0.376751 0.762838 0.365021 0.765406 0.349090 0.765406 0.334034 0.764006 0.321254 0.756536 0.299370 0.752101 0.289566 0.742530 0.273284 0.735528 0.262780 0.723856 0.248249 0.707283 0.233543 0.690943 0.225665 0.672502 0.221989 0.658964 0.220588 0.644491 0.221814 0.633987 0.224790 0.620915 0.230392 0.612278 0.235469 0.605509 0.242122 0.602708 0.245973 0.597806 0.249650 0.594304 0.253676 0.589636 0.259804 0.581699 0.272934 0.577031 0.286590 0.574463 0.299895 0.574230 0.314426 0.577731 0.334734
0 0.574697 0.564251 0.577031 0.578256 0.580299 0.590861 0.590803 0.617997 0.602474 0.636730 0.605509 0.644258 0.609477 0.648634 0.610644 0.652311 0.620682 0.664741 0.636088 0.678571 0.656863 0.692752 0.681139 0.703256 0.689542 0.705707 0.706349 0.709559 0.728525 0.709034 0.734360 0.708508 0.740896 0.706933 0.759570 0.699580 0.768908 0.692577 0.780112 0.679797 0.785014 0.671919 0.789683 0.661239 0.793184 0.644083 0.792484 0.616246 0.786881 0.558298 0.782913 0.536765 0.775210 0.522409 0.770075 0.515056 0.752334 0.494923 0.736228 0.482668 0.731793 0.478466 0.721989 0.474615 0.712652 0.468662 0.707750 0.467087 0.699580 0.462535 0.695845 0.462185 0.682073 0.458508 0.674370 0.457458 0.657796 0.456232 0.646825 0.456933 0.639122 0.458158 0.619748 0.464811 0.612278 0.468487 0.591503 0.481618 0.584734 0.487220 0.578665 0.494573 0.575163 0.501751 0.571895 0.518207 0.571895 0.538165 0.574697 0.564251
1 0.736461 0.480742 0.748833 0.490021 0.764706 0.506303 0.777077 0.523109 0.783613 0.535189 0.786881 0.550245 0.790850 0.592787 0.793417 0.598389 0.798086 0.603291 0.814192 0.615371 0.816293 0.616246 0.828431 0.618522 0.845238 0.619573 0.862745 0.617822 0.876751 0.614496 0.888655 0.609594 0.900560 0.603116 0.908497 0.597164 0.921335 0.584209 0.932306 0.567927 0.938375 0.553396 0.940243 0.541141 0.940476 0.529237 0.938142 0.505252 0.936508 0.498074 0.933940 0.492472 0.933240 0.487745 0.929272 0.477241 0.924370 0.467087 0.913399 0.439251 0.909664 0.432248 0.900560 0.419293 0.891923 0.409664 0.878852 0.399510 0.868347 0.394783 0.859010 0.391807 0.842437 0.389006 0.838469 0.388655 0.824697 0.390056 0.806956 0.393557 0.790383 0.397759 0.780579 0.403186 0.771942 0.409314 0.763305 0.417367 0.756303 0.425420 0.755369 0.428746 0.752801 0.431022 0.744164 0.442752 0.739029 0.452906 0.735994 0.461660 0.735294 0.470588 0.736461 0.480742
1 0.716853 0.734419 0.728758 0.755427 0.742997 0.776261 0.751401 0.784839 0.755369 0.786590 0.757703 0.789916 0.768207 0.797794 0.775910 0.802171 0.778945 0.804972 0.792250 0.812150 0.806489 0.815651 0.814426 0.815651 0.831933 0.813200 0.838469 0.811625 0.842670 0.808999 0.852007 0.805672 0.859477 0.800770 0.870215 0.791842 0.880019 0.780112 0.888189 0.764706 0.891690 0.755252 0.894024 0.744398 0.894024 0.726541 0.891690 0.710784 0.888189 0.698704 0.874416 0.668067 0.861111 0.646183 0.854108 0.637780 0.852474 0.633754 0.846172 0.625000 0.842204 0.622199 0.838936 0.620973 0.827965 0.619923 0.816760 0.617297 0.806256 0.611345 0.796685 0.603817 0.793417 0.602241 0.792250 0.605042 0.794118 0.635854 0.793417 0.651085 0.789216 0.665091 0.780345 0.681022 0.769608 0.693277 0.765173 0.696954 0.761905 0.699230 0.748133 0.705532 0.730859 0.709209 0.723389 0.709384 0.710551 0.711134 0.709150 0.712360 0.708917 0.713761 0.716853 0.734419
1 0.522876 0.734419 0.527311 0.756127 0.529412 0.762780 0.533847 0.770833 0.552988 0.794643 0.558123 0.799895 0.565359 0.810574 0.575163 0.821954 0.577264 0.825630 0.598039 0.846289 0.612979 0.859244 0.626751 0.868697 0.634220 0.871674 0.640523 0.872549 0.651261 0.871849 0.658497 0.869223 0.664099 0.868172 0.673203 0.864321 0.689076 0.853291 0.694678 0.848564 0.703315 0.838761 0.704715 0.835959 0.707283 0.833859 0.715453 0.817577 0.720588 0.799720 0.721989 0.789041 0.721989 0.775560 0.718954 0.751576 0.713819 0.731443 0.705649 0.711660 0.699580 0.708508 0.689076 0.706408 0.671569 0.700455 0.665033 0.696604 0.654762 0.692052 0.635387 0.678746 0.631186 0.674195 0.620915 0.666317 0.609477 0.653186 0.607376 0.651961 0.605742 0.649335 0.604342 0.650735 0.604342 0.651961 0.605042 0.658088 0.607143 0.664041 0.607843 0.679097 0.603875 0.689426 0.597572 0.696604 0.587768 0.703606 0.578665 0.709034 0.574230 0.710784 0.567694 0.712535 0.553922 0.714636 0.550187 0.714636 0.547386 0.715511 0.529178 0.716387 0.523810 0.717962 0.521475 0.719888 0.521242 0.723915 0.522876 0.734419
1 0.387021 0.705124 0.384220 0.726190 0.384220 0.742297 0.386088 0.760329 0.385854 0.790266 0.383287 0.814251 0.380252 0.827906 0.380719 0.831583 0.375350 0.841737 0.374650 0.844713 0.365546 0.858018 0.358777 0.864671 0.355742 0.866597 0.353175 0.869748 0.354342 0.879377 0.359010 0.890231 0.361578 0.900735 0.367414 0.913690 0.373950 0.922794 0.376751 0.928221 0.381186 0.933298 0.383053 0.937500 0.388655 0.943803 0.396592 0.949930 0.410831 0.957108 0.418301 0.959384 0.429972 0.960959 0.435341 0.963410 0.456349 0.961134 0.464052 0.957983 0.468021 0.955007 0.479225 0.950805 0.483193 0.945553 0.491130 0.942752 0.494398 0.940126 0.498133 0.938725 0.508637 0.929097 0.512372 0.923845 0.525910 0.899510 0.532913 0.877276 0.535014 0.860294 0.535014 0.847689 0.533147 0.821078 0.531746 0.817752 0.530579 0.805497 0.529645 0.780287 0.527544 0.764006 0.519141 0.723389 0.517507 0.720063 0.513539 0.716912 0.501634 0.716387 0.487862 0.714111 0.462185 0.707108 0.446545 0.700630 0.425770 0.689776 0.400560 0.673144 0.397526 0.672794 0.393791 0.674370 0.389122 0.677696 0.387021 0.681723 0.387722 0.691702 0.387021 0.705124
1 0.135854 0.837535 0.133053 0.844538 0.133053 0.852766 0.134454 0.855742 0.134687 0.862745 0.136788 0.869573 0.138189 0.884279 0.141223 0.892157 0.143091 0.901085 0.145191 0.905287 0.147292 0.914916 0.149860 0.918242 0.152894 0.928922 0.159897 0.942402 0.163165 0.946078 0.169935 0.957458 0.185341 0.974615 0.199813 0.985994 0.210551 0.993347 0.214753 0.995798 0.221522 0.997899 0.221989 0.999825 0.319561 0.999825 0.320028 0.997549 0.325163 0.993522 0.328198 0.987745 0.332633 0.984419 0.335201 0.976366 0.338936 0.970763 0.339869 0.962185 0.341970 0.959034 0.345472 0.949055 0.348973 0.918417 0.348739 0.911239 0.345005 0.885679 0.344771 0.878501 0.345472 0.876576 0.341970 0.875875 0.331699 0.879902 0.318627 0.882003 0.307656 0.882878 0.292717 0.882178 0.279178 0.880602 0.264939 0.878151 0.247432 0.873249 0.219888 0.860469 0.214519 0.855742 0.202381 0.847164 0.197946 0.842962 0.186275 0.831232 0.176237 0.817402 0.171335 0.807423 0.168534 0.803746 0.165033 0.794643 0.162232 0.790266 0.158730 0.778186 0.156396 0.775910 0.156629 0.772584 0.153828 0.765581 0.152661 0.757528 0.151027 0.752801 0.149393 0.754377 0.147292 0.754902 0.144491 0.758754 0.142624 0.764706 0.140990 0.811099 0.135854 0.837535
1 0.000000 0.968137 0.018908 0.973739 0.029412 0.974440 0.035948 0.971814 0.038749 0.969538 0.049020 0.963936 0.060924 0.955007 0.063259 0.952206 0.067927 0.949230 0.081699 0.935924 0.099673 0.912290 0.113912 0.886730 0.130486 0.844538 0.138889 0.813901 0.140289 0.801646 0.140756 0.771709 0.140056 0.757703 0.139122 0.744748 0.137488 0.737745 0.130252 0.717087 0.125584 0.709559 0.120215 0.703081 0.112979 0.696429 0.109244 0.694153 0.096639 0.688901 0.085434 0.686099 0.071895 0.684699 0.067227 0.685749 0.057190 0.684524 0.043651 0.685574 0.025910 0.689076 0.012138 0.695203 0.003501 0.701681 0.001634 0.704132 0.000000 0.704132 0.000000 0.968137
1 0.037582 0.999825 0.217320 0.999825 0.217320 0.998249 0.214986 0.996849 0.213819 0.994748 0.210084 0.993697 0.203315 0.988971 0.188609 0.977416 0.181606 0.970938 0.171335 0.959559 0.160364 0.943803 0.149860 0.922969 0.146359 0.913515 0.139589 0.891282 0.131419 0.853641 0.130252 0.851541 0.126751 0.856618 0.117414 0.881478 0.113679 0.888831 0.107843 0.897584 0.100607 0.912290 0.085434 0.933298 0.069561 0.949580 0.052521 0.962885 0.040149 0.970588 0.037582 0.973915 0.036881 0.983718 0.037582 0.999825
1 0.534547 0.821954 0.536648 0.855392 0.533847 0.880602 0.526844 0.900560 0.510504 0.928221 0.502801 0.936099 0.490896 0.944153 0.486228 0.946254 0.482960 0.949580 0.483193 0.953081 0.492997 0.963761 0.508870 0.976891 0.519374 0.988445 0.525910 0.993347 0.533380 0.997374 0.534547 0.999825 0.633987 0.999825 0.633987 0.998074 0.637255 0.995973 0.640523 0.992122 0.651027 0.976366 0.656162 0.963761 0.659197 0.949755 0.660598 0.936975 0.659664 0.920518 0.656396 0.903536 0.652194 0.890581 0.641923 0.875350 0.640056 0.874125 0.626984 0.870098 0.611111 0.858368 0.581232 0.831583 0.573296 0.821078 0.569561 0.817752 0.563959 0.808999 0.558824 0.803746 0.551354 0.793067 0.545752 0.787990 0.543417 0.784664 0.536648 0.781162 0.533147 0.782388 0.532446 0.783613 0.532446 0.807248 0.534547 0.821954
1 0.382820 0.959924 0.383385 0.959924 0.383385 0.959383 0.382820 0.959383 0.382820 0.959924
1 0.347106 0.890756 0.350140 0.908964 0.350607 0.922094 0.347572 0.943452 0.346405 0.949580 0.341503 0.963235 0.337302 0.978817 0.329832 0.990371 0.322362 0.998249 0.322362 0.999825 0.446078 0.999825 0.450047 0.987920 0.451681 0.963585 0.449813 0.962710 0.439076 0.962885 0.428338 0.961835 0.415033 0.958683 0.411298 0.957283 0.407796 0.954832 0.404295 0.953782 0.391923 0.946078 0.387488 0.942402 0.385387 0.939076 0.381186 0.935399 0.380019 0.932248 0.371615 0.922094 0.367180 0.914741 0.360411 0.899335 0.352241 0.874475 0.350140 0.873249 0.347572 0.873249 0.346172 0.874125 0.345005 0.876401 0.346405 0.880077 0.347106 0.890756
1 0.683240 0.877451 0.688609 0.890581 0.690943 0.892332 0.713819 0.918592 0.753035 0.960259 0.767974 0.973739 0.777778 0.981092 0.789216 0.988270 0.798553 0.991597 0.802988 0.992297 0.817694 0.989146 0.824697 0.986169 0.831699 0.981618 0.847806 0.966912 0.855742 0.954832 0.859944 0.946254 0.862745 0.937850 0.865780 0.918242 0.864846 0.893382 0.861345 0.866246 0.850607 0.834909 0.843604 0.821429 0.838702 0.814426 0.833800 0.813550 0.819094 0.816352 0.806723 0.816702 0.788515 0.811450 0.772642 0.801821 0.753735 0.787115 0.751401 0.786239 0.746265 0.779762 0.742764 0.777136 0.736228 0.769083 0.734360 0.765231 0.727591 0.757878 0.723856 0.757703 0.722222 0.763130 0.723389 0.782038 0.722222 0.796919 0.721055 0.804272 0.714052 0.823880 0.708683 0.833859 0.700047 0.844538 0.694678 0.850490 0.679272 0.862745 0.678105 0.865371 0.679972 0.873775 0.683240 0.877451
1 0.887021 0.693452 0.891223 0.707108 0.894258 0.720238 0.895191 0.729867 0.894258 0.748249 0.889823 0.763480 0.878852 0.783088 0.873950 0.789041 0.864846 0.797619 0.853175 0.805672 0.842904 0.810749 0.841970 0.814426 0.851774 0.829832 0.856209 0.838410 0.869048 0.857843 0.883287 0.874650 0.901027 0.891106 0.911531 0.896008 0.921102 0.897759 0.936041 0.898284 0.949346 0.896534 0.963119 0.892682 0.975490 0.887955 0.983427 0.883578 0.991130 0.878151 0.997899 0.870623 0.999767 0.870448 0.999767 0.755952 0.984127 0.726366 0.957750 0.703431 0.942110 0.688725 0.901261 0.653887 0.896825 0.653361 0.880719 0.656338 0.876751 0.657913 0.872782 0.661415 0.883053 0.686450 0.887021 0.693452
1 0.940710 0.519433 0.942110 0.525735 0.941410 0.528887 0.941643 0.541141 0.938842 0.555672 0.933473 0.568102 0.920401 0.587185 0.909430 0.597689 0.901727 0.603466 0.887488 0.611345 0.883053 0.612745 0.879085 0.616597 0.887255 0.633578 0.902661 0.653361 0.923903 0.673144 0.958217 0.702381 0.972222 0.714986 0.973856 0.717262 0.994865 0.732493 0.999767 0.733368 0.999767 0.538690 0.980859 0.529587 0.968954 0.522934 0.949113 0.509279 0.946312 0.507878 0.942344 0.509279 0.940710 0.514181 0.940710 0.519433
1 0.893557 0.406338 0.896592 0.411765 0.908263 0.427171 0.914566 0.438901 0.925070 0.465161 0.930672 0.476891 0.937208 0.494923 0.940943 0.498074 0.947946 0.506478 0.966853 0.520483 0.990430 0.533789 0.997899 0.536415 0.999767 0.536415 0.999767 0.347339 0.994631 0.346289 0.985294 0.346464 0.981092 0.345413 0.966153 0.345238 0.945378 0.349265 0.942577 0.350840 0.936508 0.360994 0.927171 0.371324 0.914566 0.380952 0.906863 0.384804 0.897526 0.387780 0.894024 0.390581 0.892390 0.395483 0.892157 0.401786 0.893557 0.406338
0 0.756769 0.295693 0.761438 0.307948 0.767040 0.327556 0.778711 0.345413 0.792484 0.362045 0.797619 0.366597 0.813492 0.377801 0.821195 0.380602 0.824930 0.382878 0.841737 0.387955 0.868814 0.391457 0.880252 0.390931 0.891457 0.388655 0.894491 0.386905 0.908030 0.382703 0.922269 0.374125 0.930439 0.366246 0.936508 0.358018 0.943511 0.346464 0.948413 0.334909 0.952148 0.321254 0.953782 0.304272 0.953081 0.293768 0.948413 0.272409 0.943044 0.258578 0.936275 0.243522 0.922035 0.216737 0.916200 0.208158 0.908030 0.198529 0.893791 0.187675 0.866246 0.175770 0.856209 0.173144 0.849206 0.172444 0.838469 0.172444 0.831232 0.173319 0.810458 0.180147 0.799953 0.184524 0.791550 0.188725 0.773810 0.202206 0.757937 0.219538 0.748833 0.238095 0.745798 0.257878 0.745565 0.275385 0.756769 0.295693
1 0.523343 0.168242 0.531046 0.193627 0.541317 0.215336 0.549953 0.227591 0.553922 0.231092 0.556489 0.234944 0.571662 0.248074 0.578431 0.253151 0.584967 0.256828 0.588469 0.258053 0.591503 0.255952 0.594538 0.251751 0.602241 0.244923 0.604809 0.241071 0.609477 0.236695 0.618814 0.230042 0.623249 0.228992 0.628151 0.225840 0.636788 0.222689 0.646359 0.220763 0.658964 0.219713 0.674837 0.221464 0.688609 0.224615 0.692577 0.224615 0.693511 0.223915 0.694678 0.221113 0.694911 0.215861 0.691877 0.200105 0.684174 0.176996 0.672269 0.154412 0.661765 0.140581 0.648226 0.126751 0.636788 0.117997 0.620215 0.108368 0.603408 0.101366 0.586368 0.096814 0.579132 0.095938 0.557190 0.096289 0.551821 0.098389 0.540149 0.105042 0.531279 0.112745 0.526611 0.119573 0.522409 0.129902 0.520542 0.141457 0.520308 0.147759 0.523343 0.168242
1 0.486228 0.209209 0.494164 0.267332 0.495331 0.282738 0.494398 0.302171 0.492297 0.313550 0.492997 0.316352 0.497199 0.321078 0.508637 0.330007 0.511905 0.331583 0.522642 0.331933 0.536415 0.334209 0.539683 0.334034 0.546919 0.336310 0.550187 0.338936 0.556723 0.339636 0.577965 0.347514 0.579832 0.345238 0.576331 0.335259 0.573063 0.317752 0.572829 0.302066 0.577731 0.279412 0.578898 0.275735 0.584967 0.265756 0.586134 0.262255 0.585434 0.259279 0.562325 0.241947 0.549020 0.227766 0.535948 0.207983 0.529412 0.192052 0.526377 0.188375 0.512605 0.184524 0.503501 0.183824 0.498133 0.184174 0.487628 0.186975 0.482026 0.189076 0.480626 0.190826 0.480159 0.193102 0.486228 0.209209
1 0.785247 0.000000 0.784314 0.002801 0.778011 0.011204 0.776144 0.021534 0.775444 0.030987 0.776844 0.039391 0.776611 0.043417 0.785247 0.062150 0.788282 0.074580 0.794818 0.088410 0.804155 0.098915 0.837535 0.125700 0.882353 0.155287 0.900794 0.160189 0.907330 0.160889 0.911765 0.160714 0.915733 0.161415 0.928571 0.159489 0.944678 0.153011 0.963352 0.138480 0.971755 0.126225 0.977358 0.111169 0.979458 0.098915 0.979458 0.078782 0.978291 0.071779 0.974323 0.054972 0.964986 0.035364 0.956349 0.022584 0.943277 0.007878 0.936975 0.002451 0.936275 0.000000 0.785247 0.000000
1 0.584734 0.000000 0.575630 0.008578 0.572596 0.014006 0.569328 0.022759 0.567927 0.030462 0.567927 0.047269 0.575397 0.078431 0.577731 0.083683 0.584267 0.092962 0.591036 0.096814 0.595238 0.097339 0.622316 0.107843 0.639589 0.118873 0.644725 0.122374 0.658263 0.135154 0.662698 0.141106 0.670635 0.149160 0.681139 0.155287 0.691877 0.159489 0.706583 0.161940 0.727124 0.159839 0.733894 0.156513 0.741597 0.154412 0.751867 0.148284 0.755602 0.146884 0.764472 0.139706 0.778011 0.125000 0.784314 0.115196 0.786648 0.109244 0.788749 0.101541 0.790149 0.088585 0.785948 0.070028 0.781513 0.057423 0.773810 0.044293 0.762372 0.029412 0.735994 0.007353 0.727124 0.001576 0.727124 0.000000 0.584734 0.000000
1 0.397059 0.000000 0.395191 0.008228 0.394725 0.018032 0.395892 0.029937 0.397993 0.039741 0.403828 0.053746 0.413866 0.071254 0.443277 0.107143 0.453081 0.121148 0.461485 0.130427 0.471522 0.139356 0.477358 0.142857 0.484360 0.145658 0.491363 0.146884 0.499300 0.147234 0.505369 0.146534 0.515640 0.142507 0.517974 0.140406 0.521709 0.126751 0.529412 0.112045 0.537582 0.104517 0.557423 0.094188 0.561391 0.084734 0.562325 0.070553 0.560691 0.050770 0.554622 0.029587 0.549486 0.020658 0.544585 0.008403 0.540383 0.001576 0.540383 0.000000 0.397059 0.000000
1 0.369514 0.095413 0.379552 0.100140 0.384687 0.104342 0.475257 0.185399 0.477358 0.188200 0.483894 0.187325 0.499533 0.182073 0.500934 0.175945 0.500934 0.169293 0.499300 0.157738 0.496265 0.150210 0.491363 0.147584 0.486228 0.147059 0.473856 0.141632 0.465686 0.135329 0.454715 0.123950 0.433007 0.095063 0.414566 0.073880 0.411298 0.072304 0.401961 0.075455 0.390756 0.077556 0.383053 0.080882 0.369514 0.089461 0.366713 0.091912 0.369514 0.095413
1 0.249767 0.146884 0.253501 0.165441 0.257003 0.178571 0.258637 0.180672 0.262138 0.171569 0.263539 0.162640 0.267274 0.154762 0.274043 0.145833 0.280345 0.139181 0.290149 0.133754 0.288749 0.131653 0.288515 0.129202 0.290149 0.128501 0.296685 0.129727 0.308590 0.123950 0.321195 0.120098 0.340570 0.118172 0.356209 0.118522 0.368581 0.119748 0.389356 0.124825 0.400560 0.128852 0.404295 0.131127 0.416433 0.135854 0.417834 0.137080 0.422035 0.137080 0.420401 0.133578 0.411765 0.124475 0.402428 0.116246 0.394725 0.110294 0.390056 0.108018 0.386788 0.105217 0.373483 0.097164 0.359244 0.091036 0.338002 0.084909 0.324463 0.082108 0.315826 0.081232 0.299020 0.081583 0.287815 0.083508 0.277311 0.086835 0.272642 0.090336 0.268908 0.091387 0.261438 0.097514 0.255602 0.104167 0.252801 0.105917 0.251867 0.109069 0.252568 0.112920 0.250934 0.116071 0.248833 0.126050 0.248366 0.135329 0.249767 0.146884
1 0.192344 0.130077 0.200747 0.142682 0.214286 0.167192 0.218954 0.194328 0.219421 0.214636 0.220355 0.215861 0.226891 0.219363 0.230392 0.225140 0.229458 0.227416 0.237862 0.226891 0.245565 0.229167 0.248133 0.230742 0.250700 0.230217 0.253035 0.229167 0.254202 0.224615 0.255135 0.223389 0.258403 0.221989 0.258870 0.220413 0.257703 0.199580 0.258170 0.180672 0.257003 0.175245 0.254202 0.172094 0.252801 0.166141 0.249300 0.146884 0.248133 0.134585 0.248833 0.122374 0.253968 0.105742 0.250000 0.104167 0.244631 0.103641 0.231092 0.104517 0.216620 0.106618 0.208683 0.108543 0.203081 0.110819 0.195845 0.115021 0.190476 0.119573 0.189309 0.123249 0.192344 0.130077
1 0.196078 0.114496 0.201447 0.110994 0.213119 0.107143 0.233894 0.104167 0.251167 0.103291 0.254902 0.102241 0.257703 0.099265 0.257937 0.095413 0.250000 0.084384 0.245798 0.075630 0.243464 0.068978 0.242764 0.063200 0.242764 0.057248 0.244398 0.051120 0.248833 0.040266 0.255836 0.029412 0.254902 0.027486 0.252101 0.025560 0.249300 0.026085 0.244631 0.025735 0.241130 0.026786 0.233894 0.029237 0.223856 0.034139 0.216387 0.039741 0.207049 0.050070 0.202614 0.058123 0.193978 0.078431 0.192344 0.084734 0.190243 0.106618 0.189309 0.108894 0.189076 0.117297 0.196078 0.114496
1 0.330766 0.000000 0.329832 0.004027 0.330766 0.008754 0.337768 0.012080 0.343838 0.013655 0.353175 0.017682 0.366947 0.027836 0.377918 0.039566 0.382820 0.046919 0.387021 0.057248 0.389122 0.075105 0.390523 0.075805 0.400093 0.074580 0.407796 0.072129 0.409197 0.071078 0.409430 0.067577 0.398693 0.045343 0.394958 0.030112 0.394024 0.017857 0.394958 0.000000 0.330766 0.000000
1 0.709617 0.175245 0.718721 0.183123 0.722222 0.188200 0.727358 0.193452 0.749300 0.208683 0.755369 0.210959 0.761905 0.210784 0.765406 0.209559 0.777311 0.198529 0.792951 0.187500 0.799953 0.183824 0.826331 0.174370 0.830999 0.171744 0.832633 0.168242 0.834734 0.154412 0.834267 0.139356 0.831933 0.126576 0.825630 0.118522 0.811158 0.105567 0.798319 0.096289 0.792951 0.091036 0.791083 0.092437 0.787815 0.109244 0.783847 0.117297 0.775210 0.128852 0.760738 0.143557 0.752334 0.149335 0.727358 0.160364 0.718254 0.162465 0.703081 0.163340 0.701914 0.164216 0.701681 0.164916 0.709617 0.175245
1 0.027544 0.650385 0.031279 0.655287 0.035247 0.664566 0.038749 0.668417 0.041317 0.673845 0.046218 0.679972 0.050187 0.683123 0.068394 0.681898 0.077498 0.683999 0.086601 0.684524 0.099206 0.688025 0.109010 0.691702 0.112745 0.694328 0.121849 0.702381 0.131419 0.715861 0.135854 0.724790 0.142624 0.750875 0.144024 0.752801 0.147292 0.751751 0.149393 0.748249 0.149860 0.744573 0.146125 0.718137 0.142624 0.678046 0.143557 0.662990 0.145892 0.648109 0.150327 0.633929 0.148693 0.630952 0.141457 0.628326 0.130252 0.622199 0.125584 0.620623 0.118114 0.616772 0.091270 0.597164 0.075864 0.580882 0.066060 0.568277 0.060691 0.559349 0.057190 0.559699 0.044351 0.571078 0.034314 0.584909 0.028011 0.598739 0.023109 0.623074 0.022876 0.630427 0.027544 0.650385
1 0.000000 0.679622 0.001867 0.679797 0.012138 0.690126 0.020308 0.682598 0.023343 0.677346 0.025910 0.675595 0.030345 0.668417 0.029412 0.657388 0.022176 0.633578 0.022876 0.618347 0.027544 0.598564 0.038049 0.577556 0.046452 0.567752 0.055556 0.559699 0.056723 0.556373 0.054155 0.550420 0.038515 0.526611 0.028245 0.503852 0.012372 0.493697 0.007937 0.492297 0.001634 0.488796 0.000000 0.488796 0.000000 0.679622
1 0.000000 0.281513 0.001634 0.281513 0.004202 0.279762 0.005836 0.276961 0.009337 0.273985 0.015173 0.271183 0.025210 0.264181 0.036415 0.260329 0.049486 0.258578 0.060691 0.258754 0.076331 0.261029 0.096872 0.266982 0.109244 0.272584 0.112745 0.272234 0.116480 0.265581 0.116246 0.258578 0.112512 0.257353 0.111345 0.256127 0.099206 0.241071 0.079365 0.219713 0.068394 0.209909 0.055089 0.200105 0.051120 0.196254 0.041550 0.185224 0.036415 0.176821 0.033380 0.174370 0.029412 0.175770 0.019141 0.182773 0.012838 0.189076 0.004902 0.200280 0.001867 0.206583 0.000000 0.207983 0.000000 0.281513
1 0.000000 0.204132 0.001634 0.204132 0.002801 0.201331 0.004902 0.199405 0.010271 0.191001 0.017040 0.183999 0.025910 0.176996 0.031279 0.174020 0.032913 0.171744 0.026144 0.151085 0.024743 0.137780 0.024743 0.125875 0.020542 0.122549 0.013305 0.119223 0.001867 0.116246 0.000000 0.116246 0.000000 0.204132
1 0.000000 0.487395 0.019608 0.496324 0.022409 0.498950 0.025910 0.500000 0.026844 0.498599 0.026611 0.494398 0.024043 0.487745 0.022176 0.468662 0.023343 0.448529 0.027778 0.438200 0.038749 0.424895 0.037815 0.421744 0.035247 0.419118 0.024043 0.399510 0.011905 0.371324 0.001401 0.351190 0.000000 0.351190 0.000000 0.487395
1 0.908964 0.198004 0.919468 0.210959 0.932073 0.234769 0.937442 0.243172 0.944678 0.259629 0.951681 0.280287 0.954482 0.293067 0.955882 0.310574 0.964753 0.319503 0.970588 0.323704 0.971522 0.325455 0.980859 0.333333 0.987862 0.334909 0.991130 0.340161 0.993697 0.339461 0.999767 0.339986 0.999767 0.329832 0.997899 0.329657 0.982026 0.312150 0.977358 0.304447 0.973389 0.300070 0.972222 0.296919 0.968721 0.292017 0.964052 0.278887 0.962185 0.264881 0.962185 0.254552 0.963585 0.244748 0.970355 0.226716 0.975724 0.218838 0.983193 0.210084 0.988329 0.205182 0.996965 0.199055 0.999767 0.198004 0.999767 0.130952 0.984594 0.127276 0.973389 0.127101 0.970355 0.129202 0.964986 0.137605 0.961485 0.141282 0.946545 0.152836 0.936041 0.158088 0.924370 0.161940 0.916667 0.162990 0.910131 0.162815 0.904062 0.163515 0.902194 0.165266 0.898693 0.171744 0.894958 0.182773 0.894958 0.186099 0.908964 0.198004
1 0.966853 0.284839 0.970355 0.293067 0.981559 0.310749 0.996499 0.325980 0.998133 0.328606 0.999767 0.328606 0.999767 0.199405 0.998133 0.199405 0.994865 0.201331 0.989496 0.205532 0.984360 0.210084 0.976190 0.219538 0.969888 0.229342 0.966853 0.235994 0.964286 0.244398 0.963119 0.255602 0.963352 0.272584 0.966853 0.284839
1 0.756536 0.390931 0.753268 0.408263 0.750467 0.415441 0.742997 0.428746 0.744164 0.430147 0.747899 0.430847 0.751634 0.429447 0.764939 0.414041 0.773109 0.406863 0.787815 0.398109 0.792484 0.394083 0.792484 0.366071 0.790149 0.361520 0.778478 0.347164 0.769141 0.333859 0.768207 0.333859 0.766807 0.335434 0.764239 0.359769 0.756536 0.390931
1 0.687675 0.182423 0.689076 0.189601 0.694211 0.205882 0.695378 0.218662 0.694678 0.223915 0.695612 0.225665 0.697246 0.227416 0.706816 0.232143 0.715686 0.239321 0.729692 0.253151 0.736695 0.262430 0.741597 0.266807 0.743231 0.265931 0.744631 0.263655 0.745565 0.250525 0.748599 0.235819 0.755836 0.221464 0.759104 0.216912 0.759337 0.213410 0.751401 0.210959 0.731559 0.198004 0.722456 0.189951 0.704482 0.171744 0.699580 0.168592 0.686041 0.169993 0.683940 0.171218 0.684407 0.175595 0.687675 0.182423
1 0.939076 0.000000 0.939076 0.001751 0.941176 0.005077 0.955649 0.021008 0.964052 0.032038 0.975957 0.056022 0.977358 0.063725 0.979925 0.068803 0.984360 0.071429 0.996965 0.074405 0.999767 0.074405 0.999767 0.000000 0.939076 0.000000
1 0.835668 0.143557 0.834267 0.163866 0.834967 0.170343 0.837768 0.171569 0.851541 0.171744 0.860411 0.173144 0.874416 0.177346 0.875817 0.178746 0.880952 0.179972 0.884220 0.182598 0.890289 0.184349 0.892857 0.183824 0.894024 0.182773 0.897993 0.171394 0.902894 0.164741 0.902194 0.161415 0.884220 0.155812 0.879552 0.153186 0.876984 0.150735 0.873249 0.149335 0.866246 0.144783 0.855976 0.136905 0.834967 0.124825 0.833100 0.125525 0.832866 0.130077 0.835668 0.143557
1 0.979692 0.103116 0.978058 0.111695 0.973389 0.122899 0.973623 0.124475 0.974556 0.125700 0.976657 0.126401 0.990430 0.127801 0.997899 0.130252 0.999767 0.130252 0.999767 0.075630 0.994631 0.074930 0.980859 0.070728 0.979458 0.073880 0.980392 0.083900 0.979692 0.103116
1 0.747899 0.000000 0.745798 0.009279 0.745331 0.012080 0.748133 0.015581 0.765640 0.031863 0.772409 0.041317 0.774510 0.041141 0.775444 0.022234 0.776844 0.014006 0.778945 0.009104 0.785481 0.001576 0.785481 0.000000 0.747899 0.000000
1 0.546452 0.000000 0.546685 0.008929 0.555556 0.028711 0.560691 0.042542 0.564192 0.047094 0.565593 0.045518 0.566527 0.032038 0.569561 0.018732 0.572829 0.011555 0.578898 0.003852 0.582166 0.001576 0.582166 0.000000 0.546452 0.000000
1 0.304155 0.370273 0.320495 0.367122 0.331699 0.366246 0.337535 0.364496 0.339169 0.362920 0.337768 0.349790 0.335668 0.345413 0.322362 0.335434 0.310691 0.325455 0.309057 0.326155 0.308357 0.327556 0.306489 0.345238 0.300187 0.365896 0.299953 0.370098 0.304155 0.370273
1 0.339402 0.356092 0.340336 0.362745 0.341970 0.364671 0.366246 0.369923 0.388422 0.377976 0.400794 0.384804 0.410598 0.392157 0.421102 0.401961 0.425303 0.404062 0.431839 0.388130 0.436275 0.380602 0.445145 0.369748 0.444444 0.368522 0.441410 0.368172 0.426004 0.369573 0.417134 0.369398 0.393791 0.366597 0.378385 0.363445 0.362512 0.358368 0.351307 0.353817 0.348973 0.352241 0.345938 0.351716 0.341970 0.348389 0.340336 0.348564 0.339402 0.348915 0.339402 0.356092
1 0.482493 0.340511 0.483660 0.341912 0.495798 0.335959 0.505369 0.333683 0.509337 0.331408 0.501634 0.324580 0.491130 0.317402 0.484360 0.331583 0.482260 0.338235 0.482493 0.340511
1 0.654995 0.890756 0.659897 0.891106 0.671802 0.890406 0.679272 0.889181 0.683240 0.886905 0.683707 0.883403 0.682306 0.880252 0.675303 0.867647 0.673436 0.866422 0.669001 0.866597 0.654295 0.871499 0.647292 0.872199 0.644024 0.873249 0.643791 0.876751 0.654995 0.890756
1 0.227358 0.232493 0.234360 0.236520 0.251167 0.243873 0.255836 0.246324 0.265640 0.253676 0.268908 0.255077 0.268908 0.251401 0.265406 0.240371 0.262605 0.235644 0.259104 0.233193 0.251867 0.232493 0.247666 0.230917 0.237862 0.228992 0.231326 0.228817 0.225257 0.229867 0.221755 0.230742 0.227358 0.232493