0 0.251401 0.389181 0.258170 0.394958 0.267740 0.401085 0.275677 0.404412 0.282913 0.405462 0.297152 0.410714 0.307190 0.413165 0.352241 0.419118 0.362979 0.419118 0.383520 0.417367 0.393324 0.414741 0.401261 0.413866 0.431839 0.408088 0.442110 0.405287 0.445845 0.403536 0.449580 0.403361 0.458683 0.398810 0.463819 0.397409 0.477124 0.390231 0.485061 0.384804 0.488796 0.381303 0.493697 0.373424 0.495098 0.369048 0.495565 0.362570 0.493697 0.351190 0.490430 0.343487 0.485061 0.338410 0.477358 0.333859 0.466620 0.329657 0.463119 0.327556 0.442577 0.321954 0.410364 0.318102 0.397292 0.318277 0.380252 0.320203 0.362745 0.324405 0.356209 0.325105 0.347572 0.328081 0.346405 0.329307 0.329832 0.332983 0.314893 0.337535 0.305556 0.342087 0.299720 0.343312 0.285481 0.348039 0.268207 0.355392 0.262138 0.359769 0.258403 0.361345 0.250467 0.369223 0.247899 0.375700 0.248366 0.383403 0.251401 0.389181
0 0.199113 0.136555 0.202848 0.144083 0.209617 0.151786 0.227591 0.165266 0.230859 0.167017 0.237628 0.168242 0.244631 0.171218 0.261438 0.174370 0.266573 0.174195 0.284080 0.176120 0.300420 0.181898 0.330299 0.181373 0.338469 0.179797 0.350140 0.176296 0.361345 0.171744 0.366246 0.168592 0.368347 0.164741 0.370215 0.158263 0.369281 0.151611 0.365313 0.140756 0.359711 0.133228 0.338702 0.119398 0.324463 0.111345 0.317460 0.110294 0.303688 0.104692 0.293417 0.102241 0.272409 0.099265 0.245098 0.097689 0.231326 0.098739 0.222923 0.100315 0.209617 0.105217 0.206583 0.109069 0.201681 0.112395 0.197712 0.122899 0.197479 0.130777 0.199113 0.136555
0 0.397292 0.196254 0.402661 0.206758 0.406629 0.212010 0.415733 0.221989 0.423903 0.228116 0.431606 0.231618 0.439076 0.233543 0.453548 0.234944 0.460084 0.233894 0.477358 0.229167 0.490896 0.222339 0.497899 0.216912 0.500467 0.213936 0.505135 0.203957 0.509104 0.192927 0.510504 0.185574 0.511905 0.174370 0.511905 0.160364 0.510271 0.147409 0.507470 0.140406 0.499300 0.126401 0.496032 0.123775 0.492297 0.118697 0.476657 0.107843 0.465453 0.103291 0.451447 0.100665 0.439776 0.100665 0.424136 0.103992 0.420635 0.105917 0.416667 0.109594 0.413165 0.110644 0.410364 0.113796 0.401961 0.119923 0.392857 0.133403 0.389122 0.146709 0.389356 0.161765 0.397292 0.196254
0 0.623016 0.280987 0.647759 0.297269 0.667834 0.305847 0.682540 0.309874 0.691176 0.314076 0.695378 0.317052 0.703548 0.319678 0.720121 0.322479 0.742211 0.328185 0.771523 0.332249 0.781868 0.332434 0.789916 0.332458 0.810224 0.329307 0.813725 0.328081 0.817927 0.327906 0.837768 0.322304 0.848039 0.318277 0.859477 0.307948 0.861811 0.304622 0.866480 0.290441 0.865313 0.279412 0.861811 0.271709 0.855275 0.264881 0.845472 0.258228 0.813959 0.248074 0.810458 0.247724 0.803221 0.245098 0.781979 0.240546 0.769374 0.238270 0.755836 0.236870 0.745929 0.237263 0.742063 0.237220 0.740123 0.237419 0.737862 0.236169 0.708450 0.238270 0.692577 0.241071 0.690352 0.241618 0.685341 0.242297 0.677703 0.243640 0.671335 0.245098 0.661765 0.247199 0.653828 0.250350 0.638889 0.258403 0.624650 0.270658 0.621849 0.275910 0.621615 0.279412 0.623016 0.280987
0 0.533147 0.386905 0.533380 0.390581 0.538282 0.403536 0.538982 0.404762 0.543417 0.407563 0.554155 0.418242 0.561158 0.421218 0.566527 0.425770 0.579599 0.432423 0.612512 0.443978 0.640289 0.449055 0.651961 0.449580 0.654062 0.450280 0.661298 0.450455 0.664332 0.448880 0.674837 0.447304 0.679739 0.447304 0.691877 0.448880 0.696078 0.448704 0.699346 0.447654 0.713585 0.446254 0.722923 0.442577 0.734827 0.435574 0.739963 0.428746 0.742063 0.419468 0.740663 0.411064 0.736461 0.403536 0.727358 0.393908 0.712652 0.383403 0.702614 0.377976 0.692344 0.370798 0.671802 0.361345 0.653828 0.354692 0.633520 0.350140 0.619048 0.348389 0.604575 0.347514 0.588469 0.347864 0.585201 0.349265 0.581232 0.348915 0.577731 0.350140 0.564426 0.352591 0.553922 0.356618 0.539216 0.369748 0.536881 0.373249 0.534547 0.379727 0.534781 0.383403 0.533147 0.386905
0 0.736695 0.570728 0.739262 0.575105 0.750000 0.583333 0.766106 0.588060 0.779178 0.589286 0.802988 0.588060 0.807890 0.588410 0.831466 0.584034 0.837535 0.582108 0.848273 0.580007 0.872316 0.572304 0.876751 0.572129 0.880019 0.572829 0.884765 0.568219 0.890523 0.564776 0.893557 0.563901 0.896592 0.561975 0.910131 0.557423 0.930439 0.545868 0.935574 0.541317 0.938842 0.536239 0.943511 0.532913 0.945845 0.529412 0.948646 0.527486 0.957283 0.508929 0.958217 0.502626 0.957049 0.495098 0.953081 0.484419 0.947012 0.476190 0.935574 0.466737 0.932306 0.465861 0.928571 0.463060 0.921802 0.459909 0.907096 0.456758 0.887021 0.456758 0.862512 0.461485 0.852474 0.463936 0.848273 0.465686 0.845005 0.466036 0.823763 0.473564 0.814192 0.477591 0.803688 0.483543 0.795752 0.486520 0.779645 0.495623 0.760971 0.508578 0.754202 0.514356 0.744398 0.525735 0.734127 0.543242 0.734360 0.547094 0.732960 0.550245 0.732726 0.557423 0.736695 0.570728
0 0.563492 0.567577 0.568861 0.575105 0.577264 0.583333 0.586835 0.588410 0.591970 0.589811 0.605275 0.599965 0.613445 0.603466 0.619281 0.607318 0.640756 0.616246 0.650327 0.618347 0.677638 0.619923 0.681373 0.619048 0.700047 0.617472 0.710084 0.615021 0.719655 0.610819 0.727591 0.604517 0.735294 0.596639 0.739029 0.588410 0.738329 0.577906 0.729692 0.557598 0.724556 0.551120 0.706816 0.536064 0.694211 0.527836 0.680439 0.522059 0.664799 0.516982 0.651961 0.513655 0.641690 0.512430 0.618114 0.512430 0.599440 0.514181 0.585201 0.518557 0.571195 0.525910 0.562325 0.536590 0.559991 0.542892 0.559991 0.555672 0.563492 0.567577
0 0.355509 0.666141 0.361111 0.672444 0.373016 0.682773 0.395658 0.696429 0.407796 0.701331 0.421335 0.705182 0.425303 0.707108 0.446078 0.710259 0.479692 0.708859 0.486928 0.707808 0.494631 0.705532 0.501867 0.705357 0.519141 0.701506 0.543417 0.694153 0.553688 0.690301 0.569094 0.682598 0.583100 0.671744 0.587068 0.666492 0.588936 0.662290 0.590336 0.655287 0.587768 0.626576 0.585668 0.619398 0.580999 0.613095 0.570962 0.606443 0.560924 0.602241 0.553455 0.597164 0.546685 0.594188 0.538282 0.592962 0.532446 0.590686 0.511905 0.586485 0.498833 0.585434 0.482026 0.586134 0.473156 0.588060 0.456349 0.593312 0.446078 0.594363 0.421335 0.598564 0.397759 0.604517 0.382586 0.610294 0.375584 0.613796 0.373249 0.616246 0.370915 0.617122 0.362745 0.623074 0.354342 0.633754 0.351074 0.640931 0.350140 0.647584 0.350373 0.654587 0.355509 0.666141
0 0.144725 0.442402 0.146825 0.449055 0.159197 0.477066 0.162698 0.480917 0.168067 0.490196 0.177404 0.503326 0.186275 0.512430 0.189309 0.516982 0.193277 0.518557 0.198179 0.523459 0.223856 0.539391 0.234127 0.543943 0.238095 0.544468 0.250467 0.551821 0.262138 0.556723 0.286648 0.560399 0.304388 0.561450 0.319561 0.558824 0.328898 0.553746 0.336368 0.547094 0.339636 0.540091 0.340803 0.532913 0.341036 0.520133 0.339169 0.514181 0.328898 0.497199 0.321895 0.488095 0.307190 0.471814 0.303922 0.466387 0.289683 0.453256 0.262138 0.430497 0.254902 0.425420 0.247199 0.422094 0.227358 0.411064 0.215453 0.407738 0.206816 0.403536 0.196312 0.399685 0.191176 0.399335 0.182306 0.396884 0.165500 0.397059 0.153828 0.402136 0.150794 0.404412 0.144958 0.411239 0.143091 0.415441 0.141923 0.421569 0.141690 0.429447 0.144725 0.442402
0 0.061625 0.709559 0.065593 0.720413 0.070962 0.727066 0.074463 0.729342 0.084500 0.731443 0.096172 0.730217 0.109477 0.726190 0.147526 0.719363 0.160364 0.715511 0.199346 0.709384 0.231559 0.706583 0.250467 0.703782 0.275910 0.695203 0.280112 0.694503 0.290850 0.691001 0.293651 0.688550 0.299720 0.685224 0.304155 0.682948 0.310691 0.681022 0.317460 0.677346 0.329365 0.667892 0.333567 0.665441 0.340336 0.658438 0.341970 0.654587 0.345938 0.649335 0.350607 0.633754 0.350840 0.629727 0.353408 0.622899 0.353641 0.615721 0.352708 0.612395 0.347106 0.604692 0.334734 0.595063 0.329132 0.591912 0.310691 0.584384 0.303455 0.583158 0.292484 0.582458 0.274977 0.582983 0.258170 0.581232 0.253735 0.582983 0.250934 0.585084 0.248133 0.584559 0.244164 0.585434 0.239963 0.584734 0.234360 0.585959 0.227358 0.585959 0.224556 0.587185 0.220355 0.587360 0.200047 0.593312 0.188609 0.594363 0.175303 0.597339 0.170401 0.599965 0.165033 0.601366 0.161998 0.603291 0.157096 0.604342 0.155229 0.605567 0.147059 0.606268 0.140289 0.610819 0.122316 0.619573 0.113212 0.625175 0.099206 0.636380 0.090336 0.642332 0.081232 0.651261 0.073529 0.661239 0.068861 0.671394 0.066293 0.675070 0.064893 0.685399 0.062792 0.689251 0.061158 0.696078 0.061625 0.709559
0 0.044585 0.220413 0.049953 0.229517 0.057423 0.235644 0.060458 0.236520 0.064192 0.239321 0.074930 0.242997 0.084967 0.242822 0.114846 0.231968 0.136788 0.227241 0.147292 0.226015 0.151027 0.224440 0.155462 0.221289 0.165266 0.211835 0.177404 0.192927 0.180672 0.183298 0.180672 0.173144 0.179739 0.168242 0.169935 0.152661 0.162932 0.146709 0.151027 0.140056 0.140523 0.136905 0.130952 0.135854 0.120915 0.135679 0.105742 0.137780 0.096172 0.140581 0.090025 0.144666 0.082866 0.147759 0.072829 0.155462 0.066060 0.159314 0.060224 0.165091 0.056022 0.167542 0.050887 0.173319 0.049020 0.178746 0.045051 0.185049 0.042484 0.198354 0.042717 0.213235 0.044585 0.220413
1 0.307190 0.469888 0.308824 0.470763 0.333567 0.501926 0.341970 0.515931 0.346872 0.514356 0.365546 0.512780 0.409897 0.514181 0.425537 0.513480 0.439309 0.512080 0.450280 0.509454 0.453548 0.508053 0.461951 0.506653 0.464286 0.505077 0.474556 0.501751 0.490196 0.492297 0.498599 0.484944 0.505602 0.481443 0.518908 0.467612 0.523576 0.453606 0.524510 0.445378 0.521942 0.438550 0.517040 0.430147 0.505135 0.418242 0.495798 0.411415 0.487862 0.409314 0.484127 0.407388 0.449113 0.407388 0.425770 0.409664 0.392157 0.416141 0.376284 0.420868 0.372082 0.422969 0.358077 0.427521 0.348739 0.431548 0.324930 0.445378 0.309757 0.459034 0.306022 0.463410 0.305322 0.465511 0.305089 0.467087 0.307190 0.469888
1 0.071429 0.103641 0.077965 0.110119 0.088702 0.117997 0.102007 0.125175 0.109244 0.130077 0.116246 0.133228 0.136788 0.135329 0.151027 0.139181 0.158497 0.142507 0.168067 0.148985 0.172035 0.150560 0.189309 0.153711 0.199113 0.154237 0.203081 0.154237 0.207516 0.151085 0.200280 0.140756 0.196779 0.130252 0.197012 0.122199 0.198646 0.116246 0.201214 0.112045 0.209384 0.104167 0.217320 0.100665 0.223856 0.099090 0.241130 0.096989 0.243697 0.095413 0.239729 0.091737 0.228992 0.086660 0.202848 0.077206 0.168768 0.068803 0.154762 0.066527 0.144024 0.065651 0.124416 0.065476 0.112278 0.066176 0.087768 0.071078 0.076564 0.075280 0.070028 0.079657 0.067927 0.083158 0.067227 0.086660 0.067460 0.095413 0.071429 0.103641
1 0.378385 0.102416 0.380252 0.103641 0.391923 0.102241 0.424090 0.102941 0.438609 0.100140 0.450514 0.099790 0.462185 0.101716 0.471989 0.104867 0.485294 0.112220 0.489963 0.116246 0.494631 0.116947 0.505135 0.111695 0.512605 0.105742 0.519841 0.096113 0.527544 0.078782 0.528478 0.067402 0.526844 0.061800 0.523343 0.056898 0.514939 0.049545 0.512372 0.046218 0.504669 0.040791 0.494865 0.038690 0.482960 0.038866 0.472456 0.040441 0.466620 0.040616 0.436041 0.050420 0.408263 0.063375 0.405696 0.065651 0.403128 0.066352 0.396825 0.070378 0.389823 0.077906 0.388422 0.081408 0.385621 0.084209 0.381186 0.092087 0.378385 0.098389 0.378385 0.102416
1 0.548786 0.105917 0.562792 0.105392 0.595938 0.105917 0.603875 0.106968 0.616013 0.109769 0.619281 0.110819 0.632586 0.118873 0.635854 0.122374 0.640523 0.130777 0.644024 0.127276 0.648926 0.118697 0.655229 0.112220 0.664566 0.103817 0.679505 0.095413 0.679972 0.091912 0.670168 0.088235 0.640756 0.082108 0.616947 0.081232 0.598739 0.082633 0.570962 0.089286 0.560691 0.093137 0.551120 0.098739 0.548786 0.102591 0.548086 0.105742 0.548786 0.105917
1 0.646825 0.152661 0.650794 0.155637 0.654295 0.155287 0.658263 0.152486 0.673203 0.147234 0.687908 0.144083 0.691643 0.142682 0.699346 0.141807 0.721289 0.140406 0.734360 0.142507 0.744631 0.146183 0.746265 0.145833 0.750233 0.144083 0.755135 0.140406 0.764939 0.122549 0.771008 0.114846 0.777778 0.108894 0.793884 0.098915 0.792017 0.088060 0.788982 0.084209 0.783613 0.080707 0.775677 0.077031 0.765873 0.075105 0.752801 0.074230 0.740896 0.075455 0.734360 0.076506 0.731092 0.077731 0.727358 0.077906 0.711951 0.082633 0.703315 0.084209 0.680906 0.093838 0.673669 0.099440 0.663165 0.105042 0.649393 0.118873 0.643557 0.129902 0.644725 0.147584 0.646825 0.152661
1 0.510504 0.145483 0.512138 0.155112 0.513539 0.157738 0.515406 0.158964 0.524743 0.153887 0.543417 0.146008 0.553455 0.144083 0.574697 0.143382 0.591970 0.147059 0.598739 0.150210 0.611345 0.159664 0.616246 0.168067 0.619748 0.171218 0.621382 0.171218 0.624650 0.170168 0.633987 0.162115 0.638655 0.156162 0.641923 0.147584 0.642624 0.140231 0.641690 0.133754 0.632353 0.119048 0.622549 0.113095 0.616013 0.110294 0.595238 0.105392 0.567460 0.105742 0.564893 0.106443 0.559757 0.105917 0.546452 0.106968 0.540850 0.108193 0.528945 0.111520 0.516807 0.117822 0.512138 0.119048 0.503735 0.126576 0.502801 0.129027 0.502568 0.130077 0.510504 0.145483
1 0.756769 0.146359 0.758170 0.147234 0.764239 0.146534 0.778634 0.146359 0.809757 0.147934 0.837535 0.152311 0.848739 0.155987 0.858310 0.158088 0.859944 0.157738 0.861345 0.155287 0.863679 0.147759 0.863912 0.140581 0.861578 0.129202 0.857376 0.120973 0.852941 0.115546 0.838936 0.104342 0.824463 0.098214 0.814192 0.096289 0.810458 0.096289 0.800887 0.098039 0.793417 0.100140 0.782913 0.105567 0.775910 0.110819 0.767274 0.119923 0.761671 0.129377 0.756536 0.140581 0.756069 0.144608 0.756769 0.146359
1 0.865546 0.160539 0.872316 0.162115 0.887488 0.167892 0.898459 0.174720 0.904995 0.181548 0.907563 0.188550 0.906863 0.196078 0.903828 0.203081 0.902661 0.208508 0.897292 0.217437 0.898926 0.219188 0.903595 0.220238 0.915033 0.217787 0.922269 0.215161 0.933707 0.207983 0.953315 0.189076 0.961485 0.179447 0.980159 0.153887 0.984127 0.141106 0.984127 0.138480 0.983427 0.133578 0.977591 0.119573 0.959851 0.108718 0.942577 0.105392 0.931839 0.105042 0.908730 0.109244 0.894258 0.116246 0.880252 0.126576 0.873716 0.133578 0.871615 0.137080 0.866947 0.150735 0.864613 0.154937 0.863679 0.158088 0.865546 0.160539
1 0.508403 0.212010 0.510037 0.210959 0.522409 0.208158 0.533613 0.203957 0.563725 0.198529 0.579832 0.197129 0.603408 0.197304 0.610878 0.196254 0.615079 0.189076 0.618347 0.179272 0.617647 0.171569 0.612045 0.161064 0.604575 0.154062 0.598739 0.150210 0.589402 0.146359 0.577965 0.143732 0.556723 0.144083 0.543651 0.146008 0.521942 0.155812 0.515406 0.159139 0.513539 0.160889 0.510971 0.186975 0.506303 0.205707 0.506069 0.210434 0.508403 0.212010
1 0.320728 0.233368 0.327965 0.244398 0.334500 0.244398 0.348273 0.241597 0.356676 0.238620 0.369281 0.235819 0.373249 0.233894 0.379785 0.232668 0.404762 0.233718 0.422035 0.235469 0.430205 0.238095 0.446078 0.241246 0.448646 0.238095 0.445145 0.235469 0.441877 0.234944 0.435574 0.232493 0.431839 0.232143 0.426471 0.230042 0.413632 0.221113 0.407330 0.214111 0.398926 0.200980 0.396592 0.196078 0.394725 0.187850 0.391457 0.179622 0.389122 0.177696 0.380019 0.174895 0.370448 0.172794 0.363445 0.172969 0.357376 0.174545 0.348973 0.178046 0.333333 0.182423 0.326097 0.187325 0.320261 0.196254 0.317927 0.202731 0.317460 0.223915 0.320728 0.233368
1 0.178805 0.279237 0.181606 0.279937 0.189776 0.279412 0.199813 0.280812 0.237862 0.290791 0.244631 0.294643 0.248366 0.295168 0.251167 0.294118 0.253735 0.292017 0.255135 0.289566 0.255836 0.279412 0.258870 0.272234 0.267507 0.264881 0.273576 0.261380 0.279879 0.258578 0.301120 0.251576 0.304155 0.246674 0.309057 0.234244 0.311858 0.230917 0.313492 0.226891 0.315126 0.221464 0.316060 0.211485 0.316060 0.206057 0.314893 0.201331 0.311158 0.195028 0.305322 0.188550 0.296452 0.182073 0.286881 0.178571 0.281979 0.177521 0.270542 0.176646 0.255602 0.177171 0.230859 0.185224 0.215686 0.194153 0.210084 0.199230 0.202614 0.204307 0.197946 0.209559 0.188142 0.226015 0.183473 0.235994 0.180906 0.243873 0.178338 0.257878 0.176937 0.273985 0.178805 0.279237
1 0.166433 0.224790 0.175070 0.227941 0.185574 0.228641 0.198413 0.208683 0.201681 0.205007 0.210084 0.199405 0.214753 0.195028 0.232960 0.184174 0.248599 0.179097 0.252101 0.178746 0.255602 0.175245 0.251634 0.173669 0.245565 0.172969 0.233427 0.169293 0.223156 0.163515 0.216620 0.158263 0.213119 0.157738 0.209851 0.159139 0.195378 0.171394 0.181139 0.187150 0.167600 0.210259 0.165266 0.216912 0.165266 0.223915 0.166433 0.224790
1 0.466387 0.251751 0.473856 0.258053 0.477124 0.262605 0.481559 0.272234 0.483427 0.280637 0.487628 0.284314 0.494164 0.284664 0.505369 0.287465 0.515173 0.288690 0.531279 0.289741 0.545051 0.289741 0.552988 0.288690 0.563959 0.288690 0.571195 0.285539 0.581466 0.282563 0.597806 0.279762 0.609244 0.279762 0.619048 0.276085 0.623016 0.269958 0.635387 0.259804 0.651494 0.250000 0.665033 0.244223 0.671335 0.235819 0.672502 0.227241 0.669935 0.220413 0.663165 0.212360 0.654062 0.205707 0.646359 0.202906 0.639122 0.201155 0.610411 0.198179 0.571195 0.198704 0.545985 0.202731 0.536415 0.205007 0.524276 0.208859 0.508870 0.215686 0.494631 0.220763 0.478291 0.232143 0.473156 0.236870 0.467087 0.244923 0.465920 0.247724 0.466387 0.251751
1 0.631419 0.196078 0.632586 0.197654 0.633754 0.198529 0.648226 0.202206 0.653128 0.204132 0.663866 0.211310 0.671569 0.220063 0.675070 0.222164 0.678338 0.221113 0.682540 0.221289 0.694678 0.217787 0.707750 0.215511 0.711951 0.213936 0.712885 0.212360 0.712885 0.209909 0.711018 0.208333 0.707983 0.203256 0.705182 0.195378 0.705415 0.184874 0.708683 0.175945 0.718021 0.162990 0.722923 0.159139 0.732960 0.153361 0.737862 0.151261 0.742530 0.150385 0.743697 0.147409 0.741830 0.145833 0.736228 0.143557 0.727124 0.141457 0.720588 0.140756 0.696312 0.142857 0.689309 0.143908 0.676237 0.147234 0.667600 0.150560 0.660831 0.152311 0.653128 0.156863 0.645892 0.162990 0.638655 0.170693 0.633987 0.179447 0.631186 0.188725 0.631419 0.196078
1 0.709851 0.207458 0.717320 0.211835 0.738796 0.218137 0.744631 0.218662 0.749767 0.216737 0.755135 0.215686 0.762138 0.212710 0.768674 0.212010 0.772409 0.210609 0.779645 0.209559 0.789683 0.208508 0.811625 0.208508 0.837068 0.211485 0.852474 0.215336 0.880019 0.226366 0.883754 0.225665 0.893557 0.220588 0.896592 0.217087 0.899627 0.214986 0.902428 0.209559 0.907096 0.190476 0.906863 0.186099 0.905229 0.182248 0.898693 0.175245 0.892624 0.170868 0.883987 0.166667 0.852241 0.157913 0.838469 0.153186 0.817460 0.148985 0.804622 0.147584 0.790616 0.147059 0.755135 0.147059 0.751634 0.148459 0.744631 0.149510 0.737628 0.151611 0.730859 0.154587 0.720355 0.161064 0.714753 0.166667 0.709384 0.175070 0.705649 0.185924 0.705649 0.193978 0.709851 0.207458
0 0.257236 0.293242 0.264472 0.303746 0.269841 0.307248 0.273109 0.310574 0.284080 0.315651 0.286648 0.317927 0.300420 0.325105 0.327264 0.331232 0.334967 0.330882 0.342437 0.327731 0.350607 0.326331 0.359010 0.323354 0.386555 0.318102 0.390990 0.318627 0.393791 0.317752 0.408030 0.316702 0.442577 0.321078 0.449580 0.320553 0.456583 0.316176 0.460551 0.312500 0.472689 0.304972 0.474323 0.301120 0.479692 0.294993 0.482493 0.283088 0.481092 0.273284 0.478525 0.266282 0.472222 0.257178 0.463352 0.250350 0.446078 0.242997 0.439076 0.241772 0.417134 0.235469 0.384921 0.233193 0.376517 0.234069 0.369514 0.235644 0.362512 0.238270 0.359244 0.238620 0.340803 0.243873 0.328665 0.245973 0.303688 0.252801 0.296452 0.255427 0.289216 0.256828 0.278945 0.260329 0.276377 0.261905 0.270075 0.264006 0.260738 0.271359 0.257703 0.276611 0.256769 0.280812 0.256536 0.290441 0.257236 0.293242
1 0.124650 0.317752 0.126517 0.320028 0.129318 0.321254 0.130486 0.323004 0.133520 0.331583 0.141690 0.337710 0.150560 0.347689 0.190009 0.373074 0.205415 0.380952 0.212185 0.383053 0.217087 0.386029 0.220355 0.386555 0.229692 0.390231 0.240196 0.392157 0.248833 0.391457 0.250000 0.390581 0.250000 0.387430 0.247199 0.382003 0.246732 0.376401 0.250233 0.369223 0.257003 0.362570 0.265873 0.356268 0.279178 0.349790 0.291317 0.345588 0.293651 0.344188 0.306256 0.341036 0.310691 0.338585 0.310691 0.334909 0.309524 0.332633 0.303455 0.327906 0.247199 0.296043 0.236695 0.291317 0.202848 0.282213 0.187208 0.280462 0.169234 0.280637 0.163632 0.279937 0.148693 0.280812 0.140056 0.282388 0.127684 0.285889 0.123016 0.288866 0.120682 0.292892 0.120215 0.303746 0.124650 0.317752
1 0.805322 0.404412 0.817694 0.409314 0.824463 0.413340 0.833100 0.419993 0.841503 0.431548 0.852241 0.435749 0.876517 0.440126 0.890756 0.441176 0.908030 0.440651 0.935808 0.436975 0.957516 0.429622 0.971055 0.424020 0.987395 0.415966 0.995798 0.410539 0.998133 0.407738 0.999767 0.407738 0.999767 0.363620 0.989496 0.360994 0.970355 0.358368 0.963352 0.356092 0.926471 0.351541 0.893557 0.351366 0.870215 0.354342 0.848739 0.359069 0.827965 0.367647 0.820962 0.371324 0.809057 0.382178 0.805789 0.388480 0.804388 0.394083 0.803922 0.398109 0.805322 0.404412
1 0.645191 0.352066 0.665500 0.358193 0.672736 0.361345 0.688609 0.369048 0.703081 0.377976 0.711951 0.382528 0.728992 0.394608 0.739496 0.405812 0.741363 0.411415 0.744164 0.413866 0.758870 0.407213 0.765873 0.405287 0.775910 0.404412 0.779178 0.403361 0.793417 0.403711 0.796685 0.402136 0.806022 0.380077 0.805789 0.373249 0.802054 0.363445 0.795985 0.355917 0.790383 0.350840 0.779412 0.342787 0.769841 0.338761 0.762838 0.334909 0.733894 0.327206 0.706116 0.320903 0.699580 0.319853 0.683707 0.318978 0.671102 0.319503 0.657796 0.322829 0.650327 0.326856 0.646125 0.331057 0.644024 0.338235 0.644024 0.349615 0.645191 0.352066
1 0.507003 0.388480 0.508170 0.394083 0.512138 0.403361 0.517507 0.406162 0.522176 0.410889 0.529412 0.411765 0.536415 0.417192 0.543417 0.418943 0.551354 0.418768 0.553688 0.419293 0.554388 0.418242 0.552054 0.417542 0.550887 0.414741 0.541783 0.407038 0.539916 0.403887 0.535948 0.400910 0.535714 0.397409 0.532446 0.386730 0.534781 0.384979 0.539683 0.384454 0.541317 0.383578 0.542484 0.380252 0.537348 0.378501 0.536415 0.375175 0.536415 0.373249 0.538982 0.369398 0.552754 0.357318 0.567227 0.350665 0.590570 0.346989 0.613679 0.347514 0.629318 0.349440 0.631653 0.349090 0.633754 0.346814 0.636788 0.336134 0.644725 0.321604 0.647993 0.312325 0.649160 0.303396 0.646125 0.298845 0.637488 0.292017 0.634220 0.290616 0.626517 0.284839 0.616246 0.281338 0.598273 0.280812 0.591737 0.281513 0.585201 0.283263 0.566060 0.291667 0.545985 0.306723 0.538515 0.314076 0.535247 0.320028 0.528711 0.326681 0.516106 0.348915 0.508403 0.373074 0.506769 0.383228 0.507003 0.388480
1 0.479925 0.297269 0.477124 0.300245 0.475490 0.303571 0.460551 0.315651 0.455415 0.317577 0.450514 0.321254 0.453315 0.324055 0.462418 0.326681 0.477591 0.333508 0.489029 0.341036 0.492530 0.345763 0.494164 0.350490 0.496265 0.362045 0.496032 0.368873 0.489963 0.380952 0.487628 0.382703 0.483894 0.383578 0.483427 0.386380 0.480859 0.387430 0.474790 0.392682 0.470355 0.395133 0.467087 0.395833 0.463352 0.398459 0.458683 0.399685 0.454949 0.404412 0.456583 0.404937 0.482726 0.405287 0.500467 0.392332 0.506536 0.383578 0.510271 0.363095 0.516807 0.346464 0.528478 0.324755 0.528711 0.321078 0.525210 0.317402 0.521008 0.305672 0.519141 0.303571 0.517274 0.299195 0.512138 0.293592 0.504202 0.288866 0.498599 0.286940 0.491363 0.286940 0.484127 0.288515 0.482726 0.290091 0.479925 0.297269
1 0.088469 0.000000 0.088469 0.001751 0.090103 0.002626 0.091737 0.005952 0.096405 0.011730 0.100840 0.013480 0.129085 0.017157 0.133053 0.018207 0.153595 0.019433 0.169234 0.022059 0.175303 0.021709 0.177871 0.019608 0.181139 0.012255 0.181139 0.000000 0.088469 0.000000
1 0.210784 0.000000 0.209851 0.004552 0.210084 0.012080 0.211485 0.015581 0.216620 0.023284 0.223623 0.026611 0.254902 0.029587 0.267740 0.030112 0.303688 0.034839 0.318861 0.035014 0.321895 0.034489 0.324230 0.033088 0.323296 0.029237 0.316760 0.015931 0.314426 0.000000 0.210784 0.000000
1 0.315359 0.000000 0.315359 0.005427 0.317227 0.015581 0.318861 0.019783 0.323763 0.029062 0.329365 0.036239 0.338469 0.043417 0.341737 0.044993 0.348739 0.046744 0.355742 0.046919 0.364379 0.044468 0.384921 0.030812 0.403828 0.025210 0.422035 0.016457 0.428805 0.012605 0.435808 0.007178 0.440243 0.001751 0.440243 0.000000 0.315359 0.000000
1 0.373716 0.039916 0.380719 0.040616 0.388422 0.043242 0.417600 0.046919 0.452848 0.042892 0.458683 0.040091 0.459384 0.036590 0.455415 0.032388 0.449113 0.022584 0.446078 0.019608 0.442110 0.012255 0.444678 0.006653 0.446312 0.005252 0.446078 0.003501 0.443744 0.002801 0.442577 0.002801 0.433940 0.009804 0.405929 0.024685 0.397526 0.026786 0.383754 0.031863 0.380252 0.034839 0.376517 0.036415 0.375817 0.038690 0.373716 0.039916
1 0.454015 0.000000 0.454015 0.001576 0.451447 0.003676 0.448413 0.008754 0.447479 0.011730 0.447946 0.015581 0.452848 0.025735 0.459384 0.033438 0.464519 0.037465 0.466853 0.038690 0.470355 0.039041 0.480859 0.037640 0.492297 0.037465 0.503968 0.039566 0.509337 0.042367 0.514239 0.046043 0.520775 0.053746 0.524743 0.056022 0.525677 0.057773 0.529645 0.058999 0.550187 0.060399 0.554622 0.059874 0.556956 0.060574 0.564893 0.060574 0.568161 0.059349 0.570028 0.057423 0.577731 0.057073 0.585201 0.050595 0.592204 0.047094 0.598973 0.040441 0.604809 0.032913 0.608077 0.023284 0.608777 0.015406 0.607143 0.009279 0.602708 0.001576 0.602708 0.000000 0.454015 0.000000
1 0.607376 0.000000 0.607376 0.001926 0.605742 0.004027 0.605742 0.005952 0.609944 0.012080 0.607143 0.029587 0.599907 0.040266 0.596172 0.043242 0.594071 0.046569 0.585668 0.053746 0.586134 0.055147 0.589869 0.060924 0.595238 0.063725 0.619514 0.068102 0.633520 0.068452 0.637955 0.066702 0.644958 0.061099 0.652194 0.052346 0.657096 0.040616 0.658030 0.036415 0.657330 0.029412 0.651027 0.021183 0.639823 0.000000 0.607376 0.000000
1 0.640990 0.000000 0.640990 0.001751 0.646359 0.013480 0.649860 0.019083 0.658030 0.027136 0.662932 0.030637 0.668534 0.033263 0.681139 0.035014 0.696078 0.033613 0.709851 0.026436 0.725957 0.014181 0.731326 0.007178 0.734594 0.001576 0.734594 0.000000 0.640990 0.000000
1 0.655229 0.060049 0.658964 0.068627 0.660364 0.070728 0.663165 0.071954 0.712885 0.078081 0.717787 0.078081 0.723856 0.077556 0.736928 0.074580 0.742297 0.072479 0.745098 0.068978 0.742063 0.053221 0.742297 0.034489 0.739262 0.030987 0.734127 0.028011 0.720355 0.027136 0.715920 0.025735 0.709851 0.027311 0.700047 0.032738 0.693277 0.034489 0.683240 0.035714 0.676004 0.034839 0.664799 0.034664 0.660831 0.038690 0.656162 0.049545 0.654762 0.053746 0.655229 0.060049
1 0.744164 0.059699 0.748133 0.068277 0.751401 0.072479 0.754902 0.073529 0.770775 0.075105 0.785714 0.080882 0.793184 0.086485 0.801587 0.086835 0.810458 0.088761 0.828898 0.089986 0.839402 0.091737 0.845472 0.091387 0.848273 0.090336 0.852241 0.086134 0.852708 0.077381 0.852007 0.074755 0.853408 0.071254 0.852474 0.064601 0.846405 0.049895 0.840336 0.041842 0.832633 0.033613 0.817694 0.023284 0.807423 0.020133 0.792484 0.017507 0.777778 0.017157 0.769841 0.018207 0.765406 0.019258 0.757236 0.023985 0.746032 0.033964 0.743231 0.040091 0.742997 0.050595 0.744164 0.059699
1 0.748133 0.000000 0.748133 0.001751 0.754202 0.009454 0.758403 0.013130 0.765406 0.017332 0.784080 0.016282 0.790850 0.016632 0.818161 0.021534 0.824463 0.020308 0.829599 0.017507 0.834967 0.016282 0.838235 0.014006 0.843137 0.008403 0.844771 0.005077 0.845238 0.000000 0.748133 0.000000
1 0.883053 0.000000 0.883053 0.001576 0.879318 0.003151 0.857843 0.008578 0.852241 0.015756 0.849673 0.022759 0.847572 0.025910 0.849206 0.050070 0.852241 0.055322 0.860878 0.059524 0.862745 0.061450 0.866246 0.060399 0.878151 0.053221 0.891223 0.049020 0.895658 0.048319 0.925537 0.047444 0.927171 0.046744 0.924370 0.043242 0.926704 0.039566 0.926004 0.032563 0.922736 0.024510 0.916433 0.014356 0.913399 0.012080 0.909664 0.007003 0.904762 0.003326 0.902428 0.000000 0.883053 0.000000
1 0.859944 0.085084 0.862045 0.091211 0.864846 0.093312 0.875584 0.095413 0.897292 0.098214 0.904062 0.099965 0.925070 0.103466 0.939542 0.103641 0.942810 0.103291 0.946078 0.101891 0.957750 0.089111 0.960551 0.081057 0.960784 0.074405 0.956816 0.065126 0.930906 0.049720 0.922502 0.048319 0.897526 0.048319 0.884220 0.051120 0.873249 0.056723 0.868581 0.060224 0.863679 0.065126 0.860411 0.071078 0.859477 0.077381 0.859944 0.085084
1 0.949813 0.000000 0.949346 0.001926 0.945845 0.003151 0.937208 0.008578 0.932540 0.013655 0.929739 0.019083 0.929505 0.032038 0.933940 0.046744 0.940476 0.053396 0.951914 0.060749 0.961018 0.064776 0.968954 0.065476 0.977591 0.065301 0.984594 0.063725 0.989496 0.061800 0.995331 0.058123 0.998133 0.055322 0.999767 0.055322 0.999767 0.000000 0.949813 0.000000
1 0.965686 0.096289 0.969888 0.105742 0.994398 0.110994 0.999767 0.110994 0.999767 0.057598 0.998133 0.057598 0.990196 0.062150 0.975490 0.068452 0.967787 0.076331 0.964519 0.082283 0.964286 0.089461 0.965686 0.096289
1 0.340103 0.119223 0.345472 0.123424 0.352708 0.127626 0.364846 0.138130 0.369514 0.147584 0.371382 0.154237 0.371148 0.160189 0.367647 0.168417 0.368814 0.170518 0.370915 0.171744 0.382353 0.174370 0.386088 0.175945 0.389122 0.175595 0.390289 0.170693 0.388189 0.160189 0.387955 0.152486 0.389122 0.144083 0.391923 0.134804 0.399393 0.122549 0.404995 0.117472 0.408030 0.116071 0.415033 0.109594 0.423903 0.105742 0.421802 0.104167 0.403128 0.102766 0.359010 0.105392 0.339869 0.110819 0.332866 0.115721 0.332633 0.116246 0.340103 0.119223
1 0.701914 0.526085 0.706583 0.531162 0.709851 0.536239 0.722923 0.547794 0.726891 0.549020 0.730859 0.548845 0.732026 0.547794 0.739029 0.532213 0.746499 0.521884 0.757470 0.511029 0.765873 0.504552 0.778011 0.496324 0.793884 0.487220 0.807190 0.481443 0.817227 0.475840 0.839169 0.466912 0.841036 0.460434 0.841737 0.451331 0.840103 0.435399 0.835434 0.425070 0.831466 0.420168 0.825864 0.415791 0.817927 0.411064 0.803455 0.405637 0.789449 0.405112 0.781979 0.405987 0.775444 0.404937 0.763072 0.407213 0.753035 0.411064 0.749533 0.412990 0.745565 0.416667 0.743931 0.419993 0.742063 0.428396 0.736461 0.435749 0.729925 0.440476 0.720121 0.445378 0.714753 0.449405 0.705182 0.466562 0.702614 0.477241 0.700747 0.480567 0.700280 0.487045 0.699346 0.502451 0.701914 0.526085
1 0.523576 0.478641 0.527077 0.487220 0.536181 0.500875 0.550187 0.512955 0.552988 0.513655 0.560535 0.517740 0.563725 0.520483 0.567460 0.521884 0.570728 0.522934 0.574463 0.522409 0.593604 0.514881 0.602708 0.512955 0.629318 0.511204 0.644725 0.511905 0.656629 0.514181 0.665733 0.516807 0.675070 0.520483 0.681606 0.521534 0.689076 0.524335 0.692110 0.523284 0.693277 0.521884 0.696779 0.513655 0.697246 0.496324 0.696545 0.489671 0.693044 0.480917 0.676004 0.462885 0.671569 0.459209 0.658497 0.451506 0.633287 0.448704 0.623249 0.445903 0.608077 0.443452 0.601774 0.440826 0.587302 0.436450 0.570028 0.428571 0.564426 0.426646 0.560458 0.426471 0.549953 0.427521 0.545051 0.429797 0.543417 0.429797 0.529412 0.442227 0.527311 0.445903 0.522409 0.463410 0.521942 0.473214 0.523576 0.478641
1 0.349907 0.600490 0.351541 0.601366 0.359477 0.612745 0.362512 0.614671 0.369514 0.617122 0.376517 0.612220 0.390523 0.605742 0.406396 0.600840 0.428105 0.596464 0.439076 0.595413 0.446545 0.593487 0.456349 0.592437 0.477591 0.585959 0.487395 0.584909 0.501167 0.584909 0.519141 0.586835 0.539683 0.591737 0.541783 0.591211 0.545285 0.589286 0.551120 0.583333 0.556956 0.574580 0.560224 0.567752 0.560458 0.563901 0.559057 0.561275 0.558590 0.557773 0.557890 0.542367 0.554155 0.529762 0.544351 0.521534 0.532913 0.515406 0.515406 0.513655 0.499767 0.514881 0.476891 0.519433 0.469188 0.520133 0.454949 0.524510 0.439309 0.527311 0.410131 0.536415 0.393557 0.543067 0.387021 0.547094 0.380019 0.550245 0.367647 0.559349 0.355742 0.571078 0.351307 0.578431 0.348039 0.588235 0.347806 0.595238 0.349907 0.600490
1 0.894491 0.234244 0.899627 0.240896 0.904995 0.243172 0.912698 0.249825 0.922502 0.262430 0.926237 0.271709 0.926237 0.283088 0.928338 0.286765 0.949113 0.280112 0.960317 0.275385 0.977358 0.270833 0.988562 0.266282 0.999767 0.262780 0.999767 0.246499 0.997666 0.246148 0.993464 0.242647 0.983427 0.237570 0.970121 0.232493 0.965920 0.231793 0.963585 0.230567 0.938142 0.227591 0.914099 0.228466 0.893791 0.227766 0.891457 0.230392 0.893791 0.232143 0.894491 0.234244
1 0.935574 0.225140 0.937675 0.226891 0.961951 0.230567 0.970822 0.232843 0.991363 0.240371 0.999767 0.240896 0.999767 0.160364 0.998133 0.160364 0.995798 0.164041 0.989729 0.166492 0.984360 0.170168 0.971755 0.176646 0.955415 0.188200 0.947246 0.195553 0.937908 0.205882 0.935808 0.210084 0.934641 0.215511 0.934407 0.222164 0.935574 0.225140
1 0.921569 0.311800 0.925303 0.315651 0.939076 0.324930 0.942577 0.324405 0.945378 0.322479 0.957049 0.318803 0.968254 0.316176 0.987162 0.312325 0.999767 0.310924 0.999767 0.264181 0.986461 0.267507 0.973856 0.271884 0.970588 0.272059 0.944444 0.281688 0.932306 0.287115 0.926004 0.288866 0.920168 0.295693 0.917134 0.300770 0.916900 0.303922 0.921569 0.311800
1 0.932073 0.350840 0.999767 0.362570 0.999767 0.311275 0.981092 0.313550 0.974323 0.315651 0.954248 0.320028 0.945145 0.323179 0.936741 0.326681 0.931839 0.330707 0.930205 0.333333 0.929272 0.337360 0.929739 0.348915 0.932073 0.350840
1 0.788749 0.348915 0.795985 0.355042 0.801354 0.360994 0.807190 0.373775 0.810691 0.377276 0.813959 0.376401 0.821662 0.369923 0.843371 0.360469 0.852241 0.357318 0.862512 0.355217 0.893557 0.350840 0.907096 0.350315 0.915033 0.351015 0.919001 0.350140 0.925303 0.350315 0.927871 0.348564 0.929272 0.333859 0.932073 0.329657 0.934407 0.328081 0.934407 0.324580 0.928805 0.320553 0.920401 0.318803 0.908030 0.314251 0.901727 0.313550 0.886555 0.313725 0.852474 0.319503 0.848506 0.321254 0.845238 0.321604 0.838469 0.324230 0.824463 0.327556 0.818161 0.330007 0.799953 0.332458 0.793184 0.335084 0.788982 0.341737 0.787115 0.345413 0.788749 0.348915
1 0.926704 0.459909 0.942344 0.469713 0.950514 0.478817 0.954248 0.485119 0.959384 0.497724 0.959617 0.503151 0.957516 0.512430 0.952381 0.521183 0.949813 0.527486 0.944911 0.532913 0.945378 0.536590 0.949113 0.537990 0.951681 0.540266 0.964753 0.546919 0.977124 0.549720 0.984360 0.549895 0.999767 0.547094 0.999767 0.410714 0.998133 0.410714 0.994865 0.412290 0.965686 0.427171 0.939076 0.436975 0.935341 0.439426 0.933707 0.442752 0.930672 0.446078 0.926937 0.453782 0.926237 0.456583 0.926704 0.459909
1 0.841036 0.463410 0.841970 0.465686 0.845472 0.465161 0.855976 0.461485 0.868581 0.460084 0.873716 0.458158 0.888189 0.456057 0.907796 0.456232 0.921802 0.458859 0.924370 0.457283 0.932773 0.439251 0.930906 0.438375 0.927404 0.438200 0.905462 0.441527 0.884220 0.441352 0.876984 0.440826 0.858310 0.437325 0.842204 0.433298 0.841036 0.434699 0.842437 0.449580 0.841036 0.463410
1 0.922502 0.551821 0.877918 0.571078 0.880719 0.572829 0.886788 0.578782 0.897759 0.586134 0.900794 0.587360 0.915500 0.587710 0.918301 0.588585 0.926004 0.588410 0.935574 0.586835 0.956349 0.576681 0.964753 0.568978 0.971055 0.560924 0.974556 0.553746 0.975257 0.550245 0.966153 0.547619 0.950047 0.539916 0.943978 0.538515 0.942577 0.537115 0.939076 0.538866 0.930205 0.547094 0.922502 0.551821
1 0.973856 0.605567 0.980626 0.613796 0.983894 0.616597 0.992063 0.620273 0.995098 0.621499 0.999767 0.622024 0.999767 0.572479 0.998133 0.572479 0.986695 0.577906 0.981326 0.581758 0.973856 0.591211 0.972222 0.595763 0.971755 0.599090 0.973856 0.605567
1 0.889589 0.685924 0.893324 0.694503 0.901494 0.709209 0.911298 0.720588 0.922969 0.729167 0.928338 0.731268 0.942810 0.729342 0.953081 0.724790 0.971522 0.711485 0.978058 0.704132 0.982026 0.696604 0.985994 0.693452 0.988095 0.689251 0.992530 0.683648 0.994631 0.678571 0.997199 0.666492 0.996499 0.647584 0.993464 0.637605 0.990430 0.632003 0.989262 0.626576 0.985761 0.619748 0.973389 0.608894 0.970355 0.600665 0.968954 0.598915 0.962418 0.595413 0.946545 0.591562 0.938842 0.592612 0.936275 0.591737 0.934407 0.591912 0.926237 0.594013 0.918534 0.597864 0.912932 0.605217 0.914332 0.609944 0.914799 0.616772 0.914332 0.621148 0.911531 0.630077 0.912232 0.632878 0.911064 0.634804 0.898459 0.645483 0.883520 0.654412 0.884454 0.668417 0.889589 0.685924
1 0.739963 0.589111 0.733894 0.599440 0.723623 0.608894 0.722456 0.611520 0.723701 0.613421 0.735860 0.621582 0.745798 0.629027 0.762138 0.636204 0.764472 0.638305 0.769374 0.639531 0.774276 0.642157 0.790149 0.646709 0.799953 0.648109 0.805789 0.650910 0.809757 0.651436 0.829286 0.654710 0.831845 0.655430 0.835365 0.655670 0.837924 0.655910 0.838235 0.656513 0.855042 0.657388 0.869748 0.656863 0.880019 0.654412 0.893791 0.648109 0.898926 0.644258 0.908263 0.633578 0.913632 0.618697 0.914099 0.612745 0.911765 0.606092 0.902194 0.591036 0.882353 0.576331 0.877684 0.574230 0.874183 0.573529 0.870215 0.573880 0.844071 0.581758 0.838002 0.582458 0.813725 0.587710 0.787115 0.589636 0.768908 0.588761 0.755836 0.586310 0.748599 0.583333 0.741130 0.577906 0.740430 0.578606 0.739729 0.580707 0.739963 0.589111
1 0.836601 0.810399 0.838002 0.814951 0.841970 0.818452 0.862512 0.825105 0.890523 0.824755 0.904295 0.821779 0.922269 0.811625 0.933007 0.802521 0.937208 0.797969 0.950980 0.778011 0.958217 0.765056 0.965920 0.748249 0.971522 0.730742 0.972456 0.721113 0.972222 0.716387 0.971055 0.714111 0.970121 0.713585 0.967087 0.714636 0.963119 0.718487 0.952848 0.725140 0.942577 0.729167 0.931839 0.731092 0.921569 0.730042 0.922736 0.746148 0.919935 0.759454 0.914332 0.767507 0.901027 0.776611 0.890523 0.780987 0.873716 0.786064 0.861811 0.790616 0.846405 0.793242 0.841970 0.794643 0.839169 0.796919 0.839169 0.804447 0.836601 0.810399
1 0.748366 0.758754 0.749300 0.762605 0.755369 0.772759 0.756303 0.778186 0.756303 0.790091 0.758403 0.792892 0.766106 0.794818 0.776144 0.794818 0.786648 0.796394 0.799953 0.797269 0.828198 0.796043 0.830999 0.795343 0.835201 0.795693 0.841270 0.793417 0.862045 0.789916 0.889589 0.780287 0.893791 0.779412 0.900093 0.776436 0.911998 0.769083 0.917834 0.762780 0.920868 0.755427 0.922035 0.741422 0.921335 0.730742 0.915500 0.725315 0.908263 0.720413 0.901027 0.712710 0.887255 0.702031 0.876751 0.698004 0.873016 0.695728 0.866480 0.693978 0.844538 0.691702 0.841970 0.692227 0.837068 0.703256 0.833800 0.707458 0.817460 0.720938 0.810691 0.723739 0.804622 0.728291 0.791550 0.733718 0.774510 0.739321 0.751867 0.743873 0.749300 0.747899 0.750000 0.753326 0.748366 0.758754
1 0.674603 0.671744 0.678571 0.671919 0.691176 0.675420 0.696312 0.678746 0.706583 0.681723 0.722689 0.690651 0.742063 0.712010 0.748366 0.724440 0.750000 0.737045 0.749533 0.741597 0.751634 0.743172 0.762372 0.742122 0.782913 0.736520 0.802521 0.728466 0.805089 0.727241 0.808123 0.724440 0.816993 0.720588 0.826797 0.713585 0.832633 0.708158 0.838702 0.698529 0.841036 0.692752 0.840336 0.681548 0.838936 0.675070 0.833800 0.666667 0.827965 0.661765 0.817460 0.654062 0.809991 0.651961 0.791550 0.649510 0.783532 0.648709 0.780345 0.647934 0.776144 0.646884 0.744631 0.645483 0.720588 0.647934 0.700280 0.651611 0.682306 0.656513 0.678571 0.658613 0.675303 0.658964 0.671335 0.663866 0.671102 0.668067 0.674603 0.671744
1 0.493697 0.718838 0.504435 0.733894 0.514472 0.744398 0.521242 0.749300 0.526377 0.751926 0.529879 0.755077 0.543651 0.761905 0.549720 0.763655 0.570728 0.768908 0.588235 0.774335 0.593604 0.774510 0.605976 0.778361 0.613912 0.778887 0.619981 0.780287 0.645658 0.782213 0.686741 0.782213 0.702614 0.779937 0.716853 0.776261 0.730626 0.768207 0.736695 0.763831 0.739029 0.759629 0.742764 0.756127 0.748599 0.741597 0.748133 0.727241 0.744631 0.717612 0.734127 0.703081 0.720121 0.689251 0.710551 0.685049 0.706349 0.682073 0.671335 0.669993 0.640523 0.665091 0.622549 0.665091 0.588469 0.668417 0.580065 0.674370 0.576564 0.678571 0.561858 0.687500 0.553221 0.691352 0.525910 0.700280 0.510271 0.704307 0.494631 0.707283 0.491830 0.709559 0.492063 0.713936 0.493697 0.718838
1 0.563259 0.602591 0.573529 0.606793 0.583333 0.614671 0.585434 0.617822 0.588235 0.623950 0.589869 0.633578 0.589869 0.641282 0.591270 0.646709 0.591036 0.658088 0.589636 0.664216 0.590570 0.666317 0.605742 0.666317 0.633520 0.663515 0.661531 0.667367 0.665033 0.667542 0.668768 0.666667 0.674837 0.653536 0.676237 0.641982 0.672502 0.629027 0.669935 0.624475 0.665733 0.620448 0.643557 0.617297 0.622549 0.609594 0.619748 0.608368 0.615546 0.604867 0.603875 0.599615 0.595472 0.593838 0.589636 0.590861 0.584967 0.589461 0.563725 0.589811 0.553221 0.591912 0.549720 0.593838 0.544818 0.595238 0.553688 0.596464 0.563259 0.602591
1 0.543184 0.826506 0.549020 0.838410 0.556956 0.844363 0.563259 0.847864 0.578198 0.852241 0.595472 0.853466 0.626984 0.852766 0.636555 0.851015 0.656396 0.849440 0.667834 0.847689 0.685574 0.842962 0.701214 0.837360 0.720355 0.827906 0.735528 0.815301 0.743697 0.807598 0.746732 0.802871 0.749533 0.800245 0.753501 0.793242 0.755369 0.780112 0.754202 0.772584 0.748366 0.762955 0.741130 0.759454 0.735761 0.765581 0.718954 0.776085 0.710084 0.779062 0.691410 0.782563 0.673903 0.783613 0.659197 0.782913 0.642624 0.783088 0.633520 0.782563 0.605509 0.778711 0.602241 0.779762 0.591503 0.786590 0.575630 0.793943 0.570728 0.795343 0.567460 0.797269 0.557423 0.799895 0.553688 0.800245 0.550420 0.802171 0.545985 0.806723 0.542484 0.816877 0.542250 0.822129 0.543184 0.826506
1 0.700280 0.843662 0.717320 0.844538 0.728525 0.843137 0.748599 0.842087 0.765873 0.838936 0.797152 0.829307 0.818161 0.821254 0.832866 0.810749 0.835668 0.806723 0.837302 0.799895 0.835668 0.797269 0.833567 0.796569 0.813492 0.796744 0.806956 0.797619 0.792951 0.797444 0.781046 0.796043 0.764472 0.795168 0.755135 0.792892 0.742997 0.809174 0.724790 0.825105 0.709851 0.834034 0.706583 0.834909 0.703315 0.837360 0.695612 0.839986 0.693511 0.841562 0.694678 0.842437 0.700280 0.843662
1 0.369514 0.762080 0.373483 0.767507 0.376284 0.775910 0.379552 0.780156 0.379552 0.782913 0.383520 0.790441 0.386555 0.791667 0.389122 0.794118 0.395425 0.797794 0.399860 0.799195 0.409197 0.804447 0.426237 0.809699 0.438142 0.811099 0.443044 0.810924 0.447246 0.812150 0.461718 0.812850 0.473856 0.814776 0.484360 0.814251 0.497666 0.812325 0.536415 0.803746 0.549953 0.799545 0.563959 0.796919 0.571195 0.793417 0.581933 0.790091 0.590803 0.784664 0.595938 0.782388 0.598739 0.779412 0.595238 0.776261 0.587302 0.774860 0.571662 0.769783 0.550420 0.764881 0.536415 0.759629 0.531746 0.756828 0.510037 0.741947 0.493231 0.720413 0.488796 0.710959 0.485761 0.709559 0.457750 0.710959 0.446078 0.712535 0.442344 0.714111 0.414566 0.715511 0.405929 0.718838 0.400327 0.719013 0.396592 0.719888 0.387488 0.723214 0.376517 0.730917 0.369514 0.740371 0.367180 0.744748 0.366947 0.747024 0.366713 0.752101 0.369514 0.762080
1 0.354809 0.873074 0.359477 0.880077 0.365313 0.884979 0.369981 0.887605 0.375117 0.889181 0.383520 0.890406 0.408964 0.890406 0.422269 0.889706 0.439776 0.887780 0.480392 0.881303 0.497666 0.876926 0.513772 0.870273 0.525910 0.863095 0.532913 0.855742 0.543651 0.841912 0.544585 0.834734 0.538515 0.817927 0.538749 0.813901 0.535014 0.806723 0.533147 0.805497 0.522876 0.807248 0.516573 0.809349 0.509104 0.810399 0.494865 0.813725 0.481092 0.815476 0.472923 0.815651 0.457516 0.813550 0.439309 0.811800 0.435107 0.811975 0.428571 0.810924 0.409897 0.805672 0.404762 0.803571 0.401027 0.801120 0.396359 0.799895 0.394024 0.800245 0.389589 0.802346 0.380719 0.810399 0.374883 0.813725 0.373950 0.817752 0.370915 0.824055 0.367180 0.827556 0.364613 0.831408 0.361111 0.833508 0.358777 0.838060 0.355275 0.840861 0.352708 0.848214 0.352241 0.857668 0.354809 0.873074
1 0.185107 0.747024 0.209617 0.782913 0.212652 0.786239 0.216853 0.793592 0.237395 0.815301 0.246965 0.822129 0.265406 0.830707 0.286648 0.837185 0.313725 0.838761 0.327031 0.837885 0.345938 0.834209 0.348739 0.832983 0.359944 0.824230 0.364146 0.819328 0.366480 0.814251 0.370682 0.810924 0.373249 0.807598 0.375584 0.803046 0.377918 0.791667 0.377451 0.786590 0.373716 0.772584 0.361811 0.754202 0.346639 0.734069 0.331466 0.718312 0.310224 0.701506 0.293417 0.692052 0.289683 0.692227 0.269608 0.699055 0.258870 0.701506 0.253735 0.703957 0.235294 0.706933 0.210317 0.708683 0.197012 0.710784 0.189776 0.711134 0.182073 0.713060 0.179739 0.715861 0.181373 0.738971 0.185107 0.747024
1 0.329832 0.669993 0.316760 0.678746 0.317227 0.681723 0.320261 0.687150 0.325864 0.693627 0.334267 0.699755 0.338469 0.700805 0.345472 0.703957 0.352708 0.705007 0.355742 0.706408 0.373016 0.709909 0.380252 0.710084 0.390523 0.711835 0.407330 0.711835 0.416433 0.712885 0.425537 0.712885 0.429972 0.712185 0.433707 0.710434 0.438609 0.710084 0.431606 0.709384 0.426004 0.706232 0.414799 0.703606 0.411064 0.701681 0.401494 0.698529 0.379552 0.687325 0.369281 0.679797 0.360644 0.672269 0.354342 0.665616 0.348973 0.655287 0.345472 0.654587 0.338469 0.662640 0.329832 0.669993
1 0.738562 0.238095 0.741597 0.238270 0.743931 0.237570 0.748366 0.238095 0.751401 0.236345 0.755836 0.236169 0.782446 0.239846 0.785948 0.241246 0.789683 0.241597 0.793651 0.243172 0.799486 0.244048 0.817227 0.248599 0.834967 0.255252 0.840570 0.256653 0.851074 0.261204 0.861345 0.270133 0.864613 0.276085 0.866480 0.282913 0.866947 0.291492 0.865780 0.297269 0.862045 0.305147 0.855742 0.310574 0.858077 0.313901 0.862278 0.315826 0.889823 0.313200 0.895191 0.311625 0.909430 0.304622 0.915500 0.299370 0.923203 0.289741 0.925537 0.282913 0.926004 0.272234 0.924136 0.266457 0.920168 0.258754 0.914799 0.252101 0.910131 0.248599 0.908030 0.245973 0.887021 0.229867 0.884687 0.229867 0.879552 0.227766 0.873249 0.223915 0.856209 0.217787 0.852241 0.215511 0.831232 0.211310 0.812325 0.209034 0.793184 0.208859 0.781746 0.209909 0.761671 0.214986 0.751401 0.219363 0.743931 0.224440 0.735761 0.233894 0.736228 0.236695 0.738562 0.238095
1 0.673669 0.243172 0.675303 0.243697 0.688375 0.240196 0.720121 0.236169 0.723389 0.236695 0.730859 0.236169 0.734594 0.234069 0.741363 0.227241 0.742997 0.223564 0.741830 0.220938 0.739496 0.219538 0.720822 0.214636 0.713119 0.214286 0.697712 0.216912 0.680906 0.221639 0.675537 0.223564 0.674136 0.226541 0.672035 0.241422 0.673669 0.243172
1 0.220588 0.409489 0.224090 0.409839 0.230159 0.411765 0.240663 0.418417 0.252101 0.423494 0.259104 0.427521 0.273109 0.438550 0.300187 0.462185 0.303455 0.462885 0.313725 0.452556 0.330532 0.440476 0.352941 0.428746 0.355275 0.426646 0.360177 0.425245 0.360411 0.424195 0.360644 0.421744 0.359244 0.421043 0.350140 0.419643 0.345705 0.418067 0.334500 0.417542 0.328198 0.415966 0.317460 0.415441 0.306956 0.413866 0.279412 0.406688 0.271942 0.403887 0.255135 0.395658 0.251401 0.396008 0.243931 0.398634 0.231092 0.401611 0.225023 0.404062 0.219421 0.407388 0.218721 0.407913 0.220588 0.409489
1 0.263072 0.573880 0.264939 0.576506 0.269141 0.579482 0.272642 0.580707 0.294818 0.581057 0.310458 0.582808 0.314893 0.585084 0.324230 0.587885 0.334734 0.593487 0.342204 0.598915 0.345705 0.599965 0.347572 0.597514 0.347806 0.587885 0.349440 0.581583 0.353875 0.573354 0.363445 0.562675 0.382353 0.549195 0.390756 0.544293 0.411531 0.535539 0.446078 0.525210 0.463352 0.522584 0.468254 0.520833 0.469655 0.518908 0.462885 0.514881 0.453081 0.511905 0.450280 0.511730 0.416200 0.514531 0.369048 0.513305 0.356209 0.513831 0.341970 0.515581 0.341270 0.536590 0.339402 0.544118 0.335901 0.550070 0.323529 0.558648 0.307190 0.562850 0.300187 0.563200 0.292951 0.562850 0.286648 0.560924 0.282680 0.560924 0.268908 0.558298 0.263305 0.558648 0.261671 0.560749 0.261438 0.565126 0.263072 0.573880
1 0.683940 0.630427 0.687208 0.637255 0.694911 0.646359 0.699580 0.649860 0.703548 0.650210 0.710551 0.648634 0.729225 0.646359 0.746265 0.645308 0.765873 0.645308 0.772642 0.643908 0.770308 0.642682 0.769374 0.640406 0.758637 0.635679 0.755369 0.633053 0.743697 0.627801 0.732960 0.621674 0.720355 0.612045 0.704248 0.617647 0.691410 0.619748 0.685574 0.621148 0.683007 0.622549 0.682540 0.623775 0.683940 0.630427
1 0.029879 0.591036 0.029645 0.595588 0.030579 0.598214 0.034781 0.603291 0.039683 0.606793 0.050187 0.612395 0.064426 0.616246 0.079132 0.616772 0.089169 0.616071 0.098739 0.614496 0.112278 0.610644 0.126517 0.605392 0.150327 0.599440 0.185574 0.583158 0.192810 0.578431 0.200514 0.571429 0.213585 0.556548 0.219188 0.543417 0.219655 0.539741 0.213585 0.534664 0.198413 0.525210 0.187442 0.515581 0.184874 0.511905 0.174837 0.502101 0.167834 0.491772 0.165500 0.486870 0.158030 0.479342 0.147993 0.477766 0.141923 0.478992 0.137021 0.478992 0.122782 0.482143 0.109477 0.486870 0.086368 0.499825 0.065826 0.513831 0.059991 0.519958 0.045285 0.532038 0.038049 0.539566 0.031979 0.548845 0.028478 0.557073 0.026844 0.563901 0.025677 0.571078 0.029879 0.591036
1 0.036415 0.501576 0.039916 0.501926 0.046685 0.500350 0.049253 0.501576 0.055322 0.501926 0.067694 0.500700 0.073296 0.499125 0.084967 0.497724 0.089869 0.496324 0.115546 0.483894 0.133520 0.478992 0.146825 0.477416 0.157796 0.477941 0.158263 0.477066 0.152661 0.466036 0.143091 0.442402 0.140523 0.432948 0.137021 0.432073 0.130252 0.433999 0.118814 0.435749 0.090570 0.436275 0.085201 0.436800 0.080766 0.438200 0.068627 0.445728 0.045051 0.464986 0.037815 0.473389 0.034547 0.480917 0.033147 0.487745 0.032446 0.494573 0.036415 0.501576
1 0.005369 0.397234 0.011438 0.405287 0.022642 0.414916 0.029412 0.417892 0.036648 0.422269 0.050187 0.427171 0.053455 0.427696 0.057190 0.429797 0.077498 0.433473 0.094771 0.435574 0.113212 0.435574 0.138655 0.431197 0.140523 0.428571 0.141923 0.414741 0.144958 0.409839 0.148693 0.404937 0.155462 0.399685 0.163165 0.396709 0.174603 0.395133 0.188609 0.396709 0.205415 0.401436 0.216853 0.405987 0.220588 0.404937 0.228058 0.401085 0.229225 0.397759 0.227824 0.392682 0.225724 0.390406 0.197246 0.377276 0.166433 0.359419 0.158964 0.353817 0.151027 0.349090 0.147059 0.347689 0.111111 0.344013 0.095005 0.343838 0.060691 0.345938 0.039449 0.349615 0.032213 0.351541 0.026144 0.354342 0.022176 0.357493 0.015873 0.360294 0.013539 0.362395 0.008403 0.370448 0.007003 0.380427 0.003968 0.386730 0.003735 0.390756 0.005369 0.397234
1 0.036415 0.327381 0.041783 0.332983 0.057423 0.342962 0.084967 0.343312 0.102708 0.342087 0.109244 0.341211 0.125584 0.334734 0.129085 0.331758 0.130486 0.327906 0.127684 0.324580 0.126751 0.321254 0.123950 0.318277 0.119748 0.304972 0.119281 0.297269 0.121382 0.290091 0.126050 0.285189 0.136788 0.281863 0.156863 0.278711 0.171802 0.279062 0.174136 0.277661 0.175070 0.276261 0.174837 0.265231 0.180906 0.238095 0.179972 0.234594 0.180439 0.230742 0.178805 0.229867 0.174837 0.229517 0.170168 0.227766 0.161998 0.226190 0.157563 0.225840 0.148226 0.226891 0.132120 0.230042 0.125117 0.230742 0.120682 0.232493 0.109244 0.234769 0.098739 0.238445 0.093604 0.241071 0.069561 0.254202 0.055556 0.264881 0.053688 0.268032 0.043884 0.278536 0.037115 0.289741 0.034314 0.297794 0.033147 0.307248 0.032913 0.318277 0.036415 0.327381
1 0.015173 0.727066 0.021709 0.741071 0.028011 0.750000 0.031513 0.754027 0.050420 0.770308 0.063725 0.778011 0.077965 0.782913 0.100607 0.784839 0.110644 0.784314 0.122316 0.782563 0.138422 0.777486 0.148459 0.773284 0.165500 0.762080 0.166900 0.759804 0.172269 0.755252 0.176004 0.748775 0.177871 0.744573 0.178805 0.738445 0.178571 0.736345 0.176937 0.734769 0.176937 0.727241 0.179038 0.724090 0.179038 0.719013 0.178338 0.716211 0.175303 0.713761 0.164332 0.715336 0.143557 0.721113 0.122782 0.723739 0.101307 0.728641 0.091503 0.731618 0.085434 0.732318 0.079832 0.731618 0.072362 0.728291 0.064659 0.720588 0.059991 0.706758 0.061625 0.689251 0.063959 0.685574 0.063725 0.682073 0.069561 0.668943 0.069561 0.667892 0.067927 0.666492 0.064192 0.666317 0.053455 0.668242 0.039449 0.673319 0.032446 0.677696 0.021942 0.688200 0.017507 0.694678 0.014706 0.702556 0.013539 0.712185 0.015173 0.727066
1 0.067227 0.834559 0.070261 0.843137 0.073296 0.848389 0.084034 0.857318 0.091970 0.858718 0.104342 0.856793 0.112512 0.856268 0.118114 0.854517 0.126751 0.850490 0.130719 0.849440 0.173203 0.829482 0.182773 0.827031 0.189076 0.823179 0.199346 0.820553 0.201214 0.818452 0.210317 0.813375 0.221989 0.804622 0.222222 0.801120 0.211951 0.787465 0.186275 0.750000 0.185574 0.749300 0.181606 0.748775 0.178338 0.749300 0.176937 0.750350 0.165966 0.763130 0.141923 0.776786 0.122782 0.782913 0.112278 0.784489 0.097572 0.785014 0.092670 0.784139 0.081699 0.784139 0.078431 0.785189 0.074697 0.789391 0.070728 0.796394 0.066060 0.817227 0.065826 0.825455 0.067227 0.834559
1 0.206349 0.860469 0.210084 0.872549 0.212185 0.873775 0.220822 0.885154 0.223156 0.890931 0.230159 0.898109 0.236928 0.903011 0.240896 0.904762 0.251634 0.907563 0.264472 0.907213 0.283847 0.903361 0.300654 0.901611 0.321195 0.890581 0.324463 0.889881 0.334967 0.884804 0.341503 0.878852 0.345705 0.876576 0.351541 0.869748 0.350373 0.867297 0.344304 0.862220 0.344538 0.858368 0.345472 0.858018 0.346405 0.855567 0.344071 0.852241 0.346405 0.848739 0.343838 0.846814 0.343137 0.844888 0.345705 0.838761 0.345472 0.835609 0.344071 0.836485 0.333567 0.838235 0.322129 0.839111 0.309757 0.839111 0.292250 0.838060 0.286181 0.837010 0.271242 0.832808 0.249066 0.823354 0.236228 0.815301 0.230859 0.808648 0.227358 0.805847 0.223856 0.808999 0.213119 0.827206 0.209617 0.834734 0.206583 0.846814 0.205882 0.852241 0.206349 0.860469
1 0.294585 0.692577 0.303455 0.697304 0.317460 0.706232 0.321195 0.706232 0.329132 0.703081 0.333567 0.699755 0.326331 0.694678 0.317460 0.682773 0.315593 0.681373 0.310458 0.681548 0.300420 0.685749 0.294585 0.689076 0.294585 0.692577
1 0.480626 0.513655 0.483894 0.515931 0.494865 0.515581 0.504669 0.513480 0.519141 0.512605 0.522409 0.513480 0.531279 0.514181 0.539449 0.516807 0.543417 0.517332 0.545752 0.515406 0.547386 0.512255 0.545285 0.508754 0.540616 0.505252 0.535948 0.500000 0.531279 0.493172 0.525210 0.482668 0.521709 0.472339 0.519141 0.468312 0.512138 0.475490 0.480859 0.498249 0.476190 0.502451 0.476424 0.506478 0.480626 0.513655
1 0.199346 0.578256 0.217787 0.575630 0.233427 0.575280 0.245331 0.575630 0.263539 0.578081 0.264239 0.574580 0.261204 0.566176 0.261438 0.557248 0.255135 0.553922 0.248599 0.551996 0.239613 0.547882 0.234127 0.544293 0.227591 0.541317 0.223856 0.540091 0.220355 0.540091 0.218721 0.547619 0.212885 0.558123 0.198179 0.574580 0.197246 0.578081 0.199346 0.578256
1 0.154295 0.605567 0.164799 0.601015 0.171335 0.599790 0.178571 0.596814 0.197246 0.592962 0.209150 0.589461 0.214753 0.589111 0.218954 0.587010 0.233660 0.584734 0.241830 0.584559 0.268207 0.581583 0.262138 0.578081 0.251401 0.576856 0.243931 0.575105 0.221989 0.574930 0.212652 0.575980 0.204248 0.577906 0.199346 0.578081 0.195845 0.578782 0.189076 0.581583 0.173436 0.589986 0.161531 0.594713 0.155462 0.597689 0.149160 0.602416 0.148693 0.605742 0.154295 0.605567
1 0.938142 0.805672 0.942577 0.807248 0.959851 0.810749 0.980859 0.810574 0.999767 0.808298 0.999767 0.716562 0.998366 0.716562 0.997199 0.718487 0.994164 0.719888 0.992063 0.722339 0.987162 0.724440 0.985061 0.722689 0.981092 0.721814 0.976657 0.721639 0.973389 0.722864 0.971755 0.732843 0.968954 0.738095 0.963119 0.756127 0.960084 0.760329 0.950747 0.778361 0.937442 0.798319 0.935107 0.800245 0.934407 0.803746 0.938142 0.805672
1 0.483894 0.409314 0.488562 0.408789 0.494631 0.410189 0.504435 0.416842 0.510271 0.421919 0.512138 0.425245 0.518207 0.429447 0.518908 0.432423 0.525910 0.444153 0.533847 0.438025 0.554622 0.425245 0.552754 0.421744 0.510504 0.400735 0.505135 0.392157 0.501167 0.393557 0.494865 0.397584 0.479925 0.407913 0.483894 0.409314
1 0.612979 0.196254 0.616013 0.198004 0.629785 0.197829 0.631653 0.196254 0.631419 0.188901 0.634454 0.178396 0.636321 0.175070 0.636321 0.171919 0.630486 0.171744 0.624883 0.173319 0.619748 0.173845 0.619048 0.175070 0.617414 0.186275 0.612979 0.196254
1 0.513072 0.296043 0.517740 0.302171 0.526144 0.317577 0.526611 0.321604 0.529412 0.324405 0.536181 0.317752 0.537815 0.313725 0.547852 0.303746 0.548319 0.300070 0.546919 0.291667 0.543417 0.290091 0.538049 0.289741 0.507003 0.289216 0.506303 0.289916 0.513072 0.296043
1 0.663866 0.454132 0.678571 0.463761 0.679505 0.463761 0.682306 0.463235 0.689542 0.457983 0.696312 0.455357 0.699813 0.453081 0.701447 0.450280 0.703548 0.449580 0.696078 0.449230 0.691643 0.449755 0.682073 0.448179 0.675303 0.447829 0.663632 0.449580 0.662932 0.450455 0.662698 0.453081 0.663866 0.454132
1 0.961485 0.572304 0.957283 0.575805 0.940710 0.584909 0.941176 0.588410 0.949346 0.590161 0.964286 0.594713 0.970355 0.597339 0.975724 0.587710 0.981793 0.580707 0.997199 0.572304 0.999767 0.571779 0.999767 0.548494 0.988095 0.549895 0.973623 0.550595 0.973623 0.557248 0.961485 0.572304
1 0.982260 0.128501 0.984827 0.136905 0.984594 0.141282 0.981793 0.150735 0.981793 0.154587 0.985528 0.157388 0.987628 0.160539 0.991363 0.162990 0.995331 0.160014 0.997199 0.156688 0.999767 0.155987 0.999767 0.111520 0.991363 0.112220 0.979225 0.116597 0.976891 0.118522 0.976657 0.119923 0.982260 0.128501
1 0.642157 0.333859 0.644024 0.334909 0.645892 0.331758 0.651027 0.326681 0.659897 0.322129 0.669234 0.319503 0.681373 0.318627 0.690476 0.319153 0.695845 0.317577 0.682073 0.310924 0.679272 0.310574 0.662698 0.305147 0.660598 0.303746 0.650794 0.300945 0.649160 0.303396 0.647993 0.313025 0.640990 0.328957 0.640523 0.331583 0.642157 0.333859
1 0.997899 0.656863 0.997432 0.669118 0.990896 0.685924 0.987395 0.689076 0.985761 0.692752 0.986461 0.693803 0.991363 0.695728 0.999767 0.696954 0.999767 0.636029 0.996032 0.637080 0.995331 0.638480 0.995331 0.644083 0.997899 0.656863
1 0.126751 0.345413 0.140523 0.346814 0.144258 0.346814 0.147526 0.345938 0.145191 0.341912 0.137488 0.333859 0.133520 0.331933 0.128385 0.336310 0.126284 0.339636 0.125350 0.342262 0.126751 0.345413
1 0.315593 0.109244 0.322596 0.110469 0.331466 0.113971 0.335201 0.113796 0.349673 0.108018 0.360644 0.105742 0.357143 0.102066 0.348973 0.099615 0.342670 0.098564 0.328431 0.099440 0.320028 0.101190 0.315359 0.103466 0.311391 0.105917 0.315593 0.109244
1 0.821895 0.655462 0.832633 0.664391 0.837068 0.669818 0.840103 0.675420 0.841737 0.686099 0.845238 0.687850 0.852241 0.688200 0.862045 0.685224 0.876284 0.679097 0.880486 0.675070 0.882820 0.667892 0.881886 0.657038 0.880019 0.654237 0.872549 0.654412 0.862045 0.656162 0.845238 0.656162 0.828431 0.653536 0.820261 0.654062 0.819328 0.654412 0.821895 0.655462