1 0.124650 0.264706 0.130719 0.272759 0.134687 0.282563 0.140756 0.290091 0.148459 0.297444 0.154295 0.302346 0.157796 0.303221 0.160598 0.300420 0.164799 0.297794 0.168067 0.293417 0.175070 0.286940 0.183240 0.281863 0.198880 0.274685 0.211562 0.271884 0.221055 0.271534 0.226190 0.269433 0.227824 0.267332 0.227591 0.264356 0.220355 0.251926 0.213352 0.246324 0.194211 0.235644 0.185574 0.231793 0.165733 0.226190 0.147993 0.224090 0.143557 0.224440 0.137955 0.226015 0.130019 0.230217 0.127218 0.232668 0.120915 0.241246 0.120448 0.243873 0.120915 0.255777 0.124650 0.264706
1 0.198413 0.237570 0.213819 0.245623 0.220588 0.251050 0.223623 0.255427 0.227358 0.258929 0.230392 0.258228 0.231326 0.257178 0.236695 0.244223 0.243231 0.237220 0.248833 0.234069 0.256069 0.233193 0.261905 0.234244 0.267507 0.235994 0.279412 0.241422 0.284547 0.234769 0.285014 0.229692 0.284781 0.227241 0.280579 0.220238 0.278011 0.211835 0.278011 0.205532 0.281746 0.192752 0.281513 0.188901 0.276144 0.181022 0.268908 0.176471 0.262838 0.175420 0.255135 0.175245 0.243231 0.178046 0.226657 0.184349 0.213352 0.195553 0.207983 0.202381 0.200047 0.216387 0.195378 0.230567 0.195145 0.234419 0.198413 0.237570
1 0.281979 0.220413 0.285714 0.226366 0.288282 0.228992 0.299020 0.234594 0.313959 0.239846 0.318394 0.240196 0.325397 0.240021 0.352708 0.236695 0.359244 0.231968 0.370915 0.219013 0.378852 0.212535 0.390990 0.204132 0.402894 0.199055 0.408030 0.194328 0.411298 0.190476 0.419701 0.172269 0.433707 0.157038 0.437208 0.154237 0.438842 0.150385 0.441176 0.147584 0.439776 0.143032 0.436041 0.138480 0.428805 0.133754 0.419935 0.130602 0.408263 0.128326 0.390056 0.127626 0.366246 0.131828 0.360644 0.133578 0.331699 0.147059 0.322829 0.152486 0.309991 0.161765 0.299253 0.171218 0.292484 0.178221 0.284781 0.189076 0.281046 0.197654 0.278945 0.206408 0.279412 0.214286 0.281979 0.220413
1 0.233427 0.265931 0.234827 0.268382 0.237862 0.270308 0.241363 0.270658 0.247666 0.272584 0.254902 0.278711 0.257236 0.282913 0.260504 0.285714 0.263072 0.289391 0.264239 0.303746 0.255602 0.321254 0.254902 0.324580 0.252334 0.327906 0.252801 0.330882 0.257236 0.331933 0.278478 0.332283 0.300187 0.338936 0.312558 0.344013 0.317927 0.347339 0.322362 0.348915 0.324463 0.352766 0.325397 0.352416 0.331466 0.345063 0.334967 0.338410 0.335668 0.331232 0.338469 0.321254 0.338469 0.304972 0.335668 0.294993 0.332400 0.288165 0.320962 0.276786 0.317927 0.272759 0.303688 0.259629 0.288749 0.249825 0.282213 0.243697 0.264939 0.235644 0.258637 0.233894 0.251634 0.233543 0.244865 0.236345 0.236928 0.244398 0.233894 0.251751 0.234594 0.262605 0.233427 0.265931
1 0.135154 0.366246 0.140289 0.372374 0.147292 0.375875 0.160598 0.377276 0.168301 0.377101 0.182073 0.375000 0.200747 0.368873 0.203782 0.366071 0.210317 0.356443 0.216387 0.352591 0.225023 0.345413 0.238095 0.337185 0.241130 0.336134 0.245565 0.332808 0.255135 0.320553 0.261905 0.306723 0.262838 0.299545 0.262138 0.292717 0.260504 0.289041 0.258403 0.286064 0.257470 0.282913 0.251867 0.275910 0.247199 0.272584 0.235061 0.270133 0.229925 0.270133 0.217787 0.272059 0.206583 0.272584 0.195845 0.276261 0.178105 0.285539 0.156863 0.305672 0.147059 0.319153 0.141923 0.328256 0.136321 0.340861 0.133754 0.354517 0.133520 0.359244 0.135154 0.366246
1 0.215453 0.407913 0.216853 0.408789 0.223623 0.410189 0.231326 0.410539 0.235061 0.411415 0.246265 0.416842 0.251867 0.421043 0.254902 0.421744 0.260504 0.421043 0.268674 0.421218 0.283847 0.418417 0.291083 0.415616 0.299253 0.410539 0.310458 0.406338 0.327965 0.390931 0.330299 0.387255 0.330999 0.383929 0.331466 0.377451 0.329832 0.368347 0.324463 0.355917 0.319561 0.349265 0.312558 0.344713 0.303221 0.340861 0.296919 0.337360 0.279412 0.332633 0.267974 0.332283 0.255135 0.333508 0.244631 0.336134 0.233660 0.340511 0.224090 0.346639 0.211718 0.356092 0.201447 0.371499 0.202848 0.387955 0.215453 0.407913
1 0.118114 0.422794 0.129318 0.437150 0.133520 0.439251 0.137488 0.442577 0.140523 0.443627 0.146592 0.444853 0.157796 0.445028 0.161298 0.441001 0.163165 0.436450 0.175537 0.423669 0.188842 0.415966 0.206583 0.410364 0.210551 0.407738 0.209384 0.400385 0.200514 0.385329 0.199580 0.372899 0.195845 0.372549 0.192344 0.373249 0.191410 0.376401 0.189542 0.377451 0.186508 0.375700 0.162932 0.377976 0.157096 0.377801 0.148926 0.376401 0.143791 0.376576 0.127451 0.386905 0.123249 0.390581 0.123249 0.394083 0.119748 0.398109 0.117180 0.406688 0.116246 0.417017 0.118114 0.422794
1 0.045752 0.380252 0.047852 0.383754 0.052288 0.387780 0.053455 0.390581 0.059991 0.395308 0.070962 0.399510 0.084967 0.399860 0.105275 0.395833 0.117180 0.391632 0.124650 0.388130 0.140990 0.376576 0.140289 0.373074 0.135387 0.367822 0.133287 0.362220 0.133287 0.348915 0.135854 0.340336 0.141690 0.327031 0.149160 0.314601 0.152661 0.310924 0.152428 0.307248 0.143091 0.306723 0.122782 0.308473 0.113679 0.311450 0.109010 0.312150 0.083800 0.321954 0.079365 0.325105 0.076019 0.329540 0.064192 0.336310 0.055789 0.344013 0.047152 0.356092 0.042717 0.367472 0.042717 0.373249 0.045752 0.380252
0 0.007703 0.519433 0.008403 0.533438 0.009570 0.536415 0.013539 0.543067 0.017974 0.547619 0.024043 0.559174 0.030112 0.567752 0.032913 0.573354 0.042951 0.581933 0.053922 0.588936 0.063025 0.595938 0.070495 0.600140 0.088469 0.606268 0.098739 0.608894 0.108777 0.610119 0.124416 0.609419 0.137722 0.610119 0.144024 0.609419 0.150560 0.607493 0.159664 0.602416 0.166900 0.595238 0.168067 0.586485 0.167134 0.564776 0.165733 0.561099 0.164799 0.550245 0.161298 0.537115 0.154062 0.515406 0.151027 0.501751 0.145892 0.491772 0.135854 0.481092 0.123716 0.471989 0.098506 0.457108 0.081232 0.453957 0.068627 0.452556 0.053688 0.453081 0.043184 0.455182 0.039916 0.457283 0.032913 0.459909 0.025910 0.464811 0.018908 0.468487 0.011905 0.473739 0.006769 0.480742 0.003035 0.489146 0.003501 0.505252 0.007703 0.519433
1 0.174837 0.613270 0.180205 0.625875 0.184641 0.630077 0.192810 0.634804 0.196078 0.637780 0.204715 0.641457 0.213352 0.643382 0.221289 0.647409 0.232960 0.650735 0.237862 0.652836 0.244631 0.653186 0.251401 0.651611 0.260504 0.644258 0.265640 0.638130 0.270542 0.630427 0.273576 0.623424 0.278011 0.609069 0.279412 0.599440 0.278711 0.582808 0.276144 0.578081 0.251634 0.565301 0.243231 0.558999 0.238329 0.554097 0.233660 0.542367 0.231793 0.540441 0.227824 0.538866 0.220588 0.537815 0.210551 0.538165 0.201914 0.541141 0.192577 0.542892 0.189309 0.544818 0.182773 0.550245 0.174370 0.560749 0.172269 0.564251 0.170635 0.570028 0.170168 0.595588 0.174837 0.613270
0 0.160131 0.502276 0.166900 0.514006 0.171102 0.518032 0.174370 0.520483 0.183007 0.523459 0.192577 0.523284 0.208450 0.518908 0.223623 0.510854 0.234827 0.502451 0.246032 0.488445 0.257003 0.471464 0.261438 0.461660 0.262838 0.449930 0.262372 0.440126 0.258870 0.431373 0.248366 0.419643 0.244865 0.417192 0.234127 0.412115 0.212652 0.409839 0.204248 0.411415 0.188142 0.416842 0.182306 0.419993 0.175770 0.424895 0.172502 0.428746 0.168534 0.431373 0.163632 0.438375 0.157563 0.452906 0.154995 0.471989 0.154762 0.484769 0.160131 0.502276
1 0.299486 0.451681 0.300420 0.466211 0.299953 0.484594 0.303455 0.498074 0.308590 0.509279 0.316293 0.516457 0.321662 0.519608 0.338235 0.524160 0.348973 0.524335 0.359244 0.522759 0.366246 0.520833 0.388655 0.505602 0.395658 0.497024 0.405462 0.480917 0.407096 0.476891 0.409197 0.470588 0.410364 0.459909 0.408497 0.457283 0.403595 0.454307 0.392157 0.443102 0.385854 0.432423 0.373249 0.414566 0.366480 0.400910 0.362745 0.383403 0.355742 0.382878 0.345005 0.384279 0.338469 0.386204 0.328431 0.392332 0.314893 0.403887 0.309290 0.411590 0.302754 0.424370 0.298786 0.444853 0.298553 0.449580 0.299486 0.451681
0 0.366013 0.397234 0.369514 0.407738 0.383520 0.428922 0.385387 0.430497 0.390523 0.440301 0.398926 0.449580 0.404295 0.453957 0.414799 0.459909 0.417834 0.460609 0.422035 0.460434 0.431606 0.453081 0.435574 0.450980 0.447246 0.437150 0.457750 0.417717 0.461951 0.404762 0.464519 0.390931 0.464986 0.380077 0.458217 0.355567 0.451914 0.343662 0.442810 0.335084 0.434174 0.328431 0.430906 0.326331 0.426937 0.325105 0.422272 0.324878 0.415935 0.323357 0.406396 0.322654 0.401488 0.323547 0.392857 0.324580 0.390523 0.324405 0.386321 0.327206 0.378151 0.335084 0.369748 0.348915 0.365546 0.362745 0.364146 0.375875 0.363912 0.381828 0.366013 0.397234
0 0.341503 0.310574 0.346639 0.314601 0.355042 0.319328 0.359244 0.323529 0.364379 0.324930 0.373950 0.324930 0.387722 0.319503 0.392857 0.315476 0.404062 0.309349 0.408263 0.305847 0.420868 0.291492 0.429038 0.278186 0.433940 0.258754 0.434174 0.251926 0.433007 0.234419 0.430205 0.224965 0.416433 0.213585 0.413632 0.210259 0.409197 0.201856 0.408030 0.201331 0.401027 0.201681 0.390756 0.205357 0.383520 0.209559 0.369748 0.221113 0.354108 0.241071 0.345705 0.256127 0.341270 0.262430 0.338469 0.272584 0.338002 0.293417 0.341503 0.310574
1 0.341737 0.310224 0.347339 0.314601 0.350607 0.316176 0.359477 0.323529 0.365780 0.324930 0.373249 0.324930 0.387255 0.319503 0.401494 0.309699 0.404528 0.308473 0.408030 0.305497 0.420401 0.291667 0.427638 0.280462 0.430205 0.274685 0.433707 0.259104 0.432773 0.234944 0.429739 0.224440 0.425770 0.221989 0.416900 0.214461 0.413632 0.210434 0.409664 0.203081 0.408263 0.202031 0.400794 0.202206 0.390990 0.205532 0.383520 0.209909 0.371148 0.220413 0.354342 0.241246 0.349673 0.250350 0.341737 0.262080 0.338702 0.272409 0.338235 0.294293 0.341737 0.310224
1 0.415033 0.210259 0.421802 0.217087 0.426004 0.220238 0.432306 0.223214 0.448413 0.224265 0.463819 0.223214 0.490663 0.216211 0.494865 0.214461 0.500000 0.211835 0.504902 0.208158 0.507470 0.202731 0.513305 0.194853 0.522176 0.189776 0.528478 0.188200 0.535714 0.187500 0.539683 0.185924 0.554622 0.169118 0.567694 0.148985 0.571195 0.140581 0.571895 0.133578 0.569094 0.121148 0.560924 0.116947 0.553922 0.115021 0.542484 0.115196 0.519141 0.117472 0.508403 0.121324 0.486928 0.127276 0.476190 0.131478 0.473389 0.133228 0.469888 0.133578 0.463352 0.137605 0.460084 0.138130 0.443044 0.149685 0.437908 0.155112 0.430439 0.160539 0.425303 0.166317 0.419234 0.175420 0.416200 0.181723 0.412932 0.188901 0.411531 0.195378 0.411064 0.199580 0.415033 0.210259
1 0.433707 0.234244 0.434641 0.239671 0.435574 0.256653 0.439076 0.258754 0.445612 0.259979 0.463585 0.258929 0.470588 0.257528 0.475724 0.255602 0.489963 0.248775 0.494631 0.245798 0.506536 0.234594 0.508870 0.230917 0.506069 0.216387 0.505135 0.213761 0.503035 0.213235 0.497899 0.214111 0.485761 0.218137 0.463585 0.223564 0.458450 0.223389 0.451447 0.224265 0.432073 0.223915 0.431373 0.224965 0.431139 0.227591 0.433707 0.234244
1 0.329832 0.364671 0.333567 0.383053 0.334734 0.385329 0.338936 0.383929 0.355275 0.382178 0.359711 0.382353 0.362045 0.381653 0.362979 0.379552 0.365079 0.360644 0.368114 0.350315 0.379318 0.331583 0.380486 0.328081 0.379785 0.325455 0.377218 0.324930 0.373249 0.325630 0.362512 0.325280 0.359477 0.324230 0.356676 0.321078 0.351074 0.317402 0.345238 0.313901 0.341970 0.312850 0.338469 0.324055 0.335201 0.342087 0.327965 0.353992 0.327498 0.359244 0.329832 0.364671
1 0.511204 0.234069 0.523343 0.251576 0.526844 0.252801 0.532913 0.257178 0.543417 0.262430 0.550420 0.263480 0.572362 0.259454 0.583333 0.259279 0.591737 0.260679 0.602708 0.264006 0.609477 0.264356 0.616246 0.261380 0.630019 0.253326 0.634220 0.247724 0.637722 0.237920 0.637722 0.233193 0.636555 0.224090 0.631653 0.213936 0.624183 0.203606 0.617414 0.197654 0.616246 0.195728 0.612979 0.193627 0.607843 0.192227 0.599206 0.188375 0.581699 0.184174 0.566760 0.183648 0.557890 0.184874 0.551821 0.186975 0.526844 0.189076 0.522409 0.190651 0.514472 0.195028 0.508403 0.203081 0.507470 0.206057 0.507703 0.219188 0.511204 0.234069
1 0.544118 0.186450 0.550187 0.186099 0.553455 0.184874 0.567227 0.182773 0.581466 0.183123 0.598973 0.187325 0.612512 0.193102 0.616246 0.192927 0.619981 0.189951 0.623016 0.188725 0.643324 0.175770 0.655462 0.164916 0.658030 0.161590 0.662465 0.154237 0.663165 0.151261 0.662698 0.147059 0.658730 0.137780 0.652428 0.132353 0.639122 0.125525 0.635154 0.124300 0.629785 0.121324 0.616013 0.117997 0.605742 0.116947 0.591503 0.117647 0.576797 0.119748 0.570728 0.121849 0.568861 0.123249 0.570962 0.125350 0.572362 0.131653 0.571895 0.140756 0.561391 0.161239 0.552988 0.171919 0.550187 0.174020 0.545285 0.180497 0.542717 0.182248 0.541783 0.184524 0.541550 0.185749 0.544118 0.186450
0 0.462652 0.362220 0.467787 0.380252 0.476891 0.393908 0.480859 0.397409 0.484127 0.398985 0.490196 0.404412 0.498599 0.407738 0.512372 0.411239 0.518674 0.412290 0.523810 0.412290 0.542717 0.410364 0.549020 0.407913 0.554155 0.404062 0.560458 0.397234 0.565126 0.389881 0.566293 0.374650 0.569328 0.366772 0.570495 0.354692 0.567927 0.347164 0.559057 0.334909 0.549020 0.327031 0.532680 0.320728 0.517974 0.317227 0.508870 0.316001 0.493464 0.316001 0.488095 0.316702 0.473623 0.322304 0.459851 0.334034 0.457283 0.339636 0.457283 0.348915 0.462652 0.362220
1 0.479692 0.318803 0.494398 0.314251 0.501634 0.315301 0.515640 0.316001 0.541550 0.323179 0.543184 0.324405 0.548786 0.326155 0.554855 0.330357 0.559757 0.334559 0.567227 0.344188 0.571429 0.345938 0.574930 0.344888 0.605275 0.328606 0.614146 0.324580 0.624416 0.317927 0.631886 0.306022 0.632820 0.301646 0.632820 0.293417 0.630486 0.286590 0.624416 0.278361 0.609244 0.266632 0.593604 0.262080 0.581466 0.259629 0.571429 0.260504 0.551587 0.264356 0.540850 0.264531 0.534547 0.266457 0.524977 0.270833 0.517974 0.276085 0.512138 0.278711 0.510037 0.280812 0.505369 0.281688 0.497899 0.286239 0.490663 0.292892 0.483894 0.302171 0.479458 0.306197 0.477358 0.314951 0.477124 0.317577 0.479692 0.318803
1 0.538982 0.449755 0.552521 0.463585 0.557190 0.466912 0.564192 0.470238 0.566760 0.470063 0.570728 0.471464 0.584500 0.472864 0.593137 0.473039 0.598506 0.472339 0.613212 0.468487 0.632586 0.460784 0.640523 0.456758 0.651027 0.447479 0.657330 0.437850 0.664799 0.429447 0.670635 0.418592 0.674370 0.407913 0.677404 0.393382 0.677871 0.380427 0.673903 0.366071 0.669001 0.355742 0.657796 0.348389 0.650794 0.348039 0.639356 0.350140 0.626984 0.354867 0.595705 0.358368 0.583100 0.362045 0.571429 0.369748 0.569795 0.372199 0.567227 0.383578 0.567227 0.388831 0.559290 0.401085 0.554388 0.405637 0.547619 0.410189 0.544818 0.411239 0.543417 0.412990 0.539216 0.423669 0.536648 0.436275 0.536648 0.446078 0.538982 0.449755
1 0.574230 0.363095 0.577965 0.364146 0.581933 0.361520 0.589169 0.358543 0.605042 0.356092 0.623483 0.354867 0.632120 0.352066 0.637021 0.349440 0.644258 0.348915 0.650794 0.346814 0.654995 0.347164 0.664332 0.351366 0.669468 0.355392 0.673203 0.362045 0.678571 0.379202 0.679739 0.380077 0.682540 0.380427 0.689542 0.377101 0.699580 0.373599 0.723389 0.361345 0.739963 0.347689 0.746965 0.334734 0.745331 0.331583 0.729925 0.320903 0.720355 0.314776 0.713585 0.311975 0.689309 0.308824 0.682073 0.308648 0.675070 0.309874 0.664332 0.310399 0.648459 0.313200 0.641223 0.316001 0.637021 0.316001 0.622316 0.320728 0.615780 0.324930 0.592437 0.336134 0.578898 0.345063 0.574930 0.348915 0.572596 0.355217 0.572362 0.359594 0.574230 0.363095
1 0.617414 0.269608 0.626050 0.278186 0.632586 0.287640 0.633987 0.300245 0.633287 0.303922 0.636321 0.308298 0.643557 0.311099 0.651261 0.311450 0.664566 0.308999 0.671802 0.308473 0.686041 0.305497 0.691176 0.302346 0.698179 0.299370 0.700514 0.296569 0.700980 0.293242 0.699813 0.289741 0.694678 0.281162 0.693277 0.276436 0.692577 0.270133 0.693277 0.261905 0.697946 0.247549 0.699813 0.245973 0.704482 0.238620 0.711251 0.234244 0.711018 0.232668 0.707283 0.230742 0.696078 0.231968 0.692577 0.233368 0.689076 0.233193 0.660831 0.239671 0.647759 0.244048 0.640056 0.247724 0.634921 0.250525 0.631653 0.253676 0.618114 0.262430 0.616713 0.265581 0.617414 0.269608
1 0.435574 0.276085 0.441877 0.278711 0.443044 0.279587 0.446895 0.282575 0.449306 0.285438 0.453081 0.285714 0.457750 0.288165 0.465181 0.291165 0.468396 0.294782 0.469655 0.298669 0.479649 0.303221 0.480859 0.303571 0.484360 0.300070 0.489963 0.292192 0.497199 0.286239 0.499300 0.283088 0.489496 0.267857 0.477358 0.258754 0.469888 0.258754 0.455182 0.261029 0.435808 0.261029 0.432306 0.272234 0.432306 0.276261 0.435574 0.276085
1 0.501634 0.283263 0.505135 0.282913 0.518207 0.275910 0.525210 0.270833 0.532913 0.267332 0.538982 0.265581 0.542484 0.262080 0.532446 0.257353 0.525910 0.252801 0.522176 0.252276 0.514239 0.256478 0.508170 0.261555 0.504669 0.266106 0.502101 0.273284 0.500700 0.279412 0.501634 0.283263
1 0.485528 0.258403 0.491830 0.264181 0.501634 0.269433 0.508870 0.260854 0.520542 0.252976 0.521942 0.251225 0.521008 0.248074 0.512138 0.236345 0.508637 0.233368 0.507470 0.235119 0.491130 0.248950 0.484827 0.251751 0.483427 0.255252 0.485528 0.258403
1 0.548319 0.681548 0.560458 0.689076 0.564192 0.693978 0.566527 0.693978 0.571895 0.695903 0.578198 0.700105 0.613212 0.699230 0.618814 0.698529 0.626284 0.694853 0.644024 0.688901 0.658964 0.679447 0.669001 0.666842 0.670868 0.661940 0.672035 0.654412 0.669935 0.650735 0.655929 0.633228 0.654295 0.631478 0.652894 0.631303 0.649860 0.631478 0.643324 0.635679 0.631419 0.639881 0.619048 0.642507 0.594071 0.643732 0.588469 0.643557 0.578898 0.641982 0.574463 0.642332 0.571662 0.644433 0.569328 0.651261 0.562092 0.661940 0.548319 0.674895 0.545752 0.678746 0.548319 0.681548
1 0.486695 0.596989 0.490430 0.603291 0.498366 0.610819 0.524977 0.626926 0.528945 0.627626 0.556956 0.636905 0.574463 0.640931 0.590803 0.643032 0.619514 0.641632 0.633053 0.638655 0.639823 0.636029 0.649627 0.629552 0.651494 0.623424 0.651727 0.616246 0.653595 0.610644 0.656629 0.605917 0.655929 0.598915 0.651494 0.591387 0.637255 0.577381 0.624183 0.570378 0.612745 0.566352 0.606676 0.565651 0.602474 0.563025 0.595238 0.562500 0.588002 0.560749 0.578898 0.560399 0.562733 0.562150 0.514939 0.562150 0.506303 0.564251 0.497199 0.570203 0.491130 0.572829 0.485994 0.579132 0.485061 0.589636 0.486695 0.596989
1 0.321195 0.679447 0.326797 0.686275 0.334267 0.689076 0.348739 0.691877 0.382353 0.692227 0.411298 0.695553 0.419001 0.695378 0.425303 0.696604 0.428805 0.696429 0.449113 0.693277 0.459150 0.692402 0.469888 0.690301 0.482260 0.685224 0.491363 0.682598 0.518674 0.666141 0.527544 0.654587 0.528245 0.651436 0.527778 0.643908 0.523109 0.630077 0.520775 0.626401 0.511671 0.620973 0.490663 0.613095 0.480859 0.610994 0.474790 0.610819 0.464986 0.609244 0.447012 0.608543 0.424837 0.609244 0.407796 0.611345 0.398926 0.613620 0.393791 0.613796 0.384220 0.616246 0.381419 0.617647 0.373016 0.619223 0.363445 0.623249 0.345472 0.632353 0.335901 0.639706 0.331699 0.644608 0.327965 0.647409 0.323763 0.654587 0.320495 0.664741 0.320261 0.674195 0.321195 0.679447
1 0.283613 0.663165 0.282680 0.688901 0.283380 0.695728 0.284547 0.698354 0.284781 0.703081 0.290383 0.716912 0.293884 0.721289 0.298553 0.729517 0.304855 0.736695 0.309290 0.740196 0.320495 0.747549 0.328431 0.751225 0.338002 0.754202 0.359244 0.757003 0.366246 0.757353 0.372082 0.755952 0.376984 0.751576 0.375584 0.740896 0.377918 0.727241 0.383754 0.719363 0.390056 0.714461 0.397526 0.710084 0.400794 0.706583 0.401494 0.702556 0.399860 0.696078 0.394258 0.694153 0.379318 0.693627 0.369748 0.692402 0.363479 0.692927 0.347106 0.692577 0.332166 0.689951 0.327965 0.688375 0.323763 0.685399 0.321195 0.681723 0.319795 0.675945 0.320261 0.661064 0.322129 0.654587 0.331041 0.645117 0.333545 0.642863 0.334296 0.641173 0.333800 0.639531 0.335434 0.638305 0.339869 0.637080 0.343838 0.633754 0.348973 0.630952 0.348570 0.630280 0.350373 0.629027 0.348273 0.627801 0.346639 0.625175 0.345238 0.624475 0.341503 0.624300 0.338235 0.620973 0.334734 0.620798 0.325397 0.617997 0.317927 0.616947 0.306489 0.617122 0.300654 0.618697 0.288282 0.625525 0.283380 0.633578 0.282213 0.639881 0.281979 0.649335 0.283613 0.663165
1 0.168301 0.704657 0.171335 0.711660 0.175303 0.717962 0.184641 0.727066 0.193744 0.734769 0.205182 0.742822 0.213585 0.746499 0.223856 0.749300 0.234360 0.750000 0.248366 0.748599 0.255369 0.746499 0.269141 0.737745 0.274977 0.727766 0.277544 0.719713 0.277778 0.712360 0.275910 0.696078 0.266106 0.680497 0.261671 0.675420 0.251634 0.666842 0.237628 0.658613 0.232260 0.656162 0.224323 0.654762 0.216387 0.652311 0.204015 0.650385 0.199346 0.650735 0.193978 0.653711 0.185107 0.656863 0.178805 0.661064 0.170635 0.674195 0.168301 0.682248 0.166667 0.696429 0.168301 0.704657
0 0.168768 0.706232 0.170635 0.710434 0.175303 0.717612 0.179272 0.720413 0.180672 0.722864 0.193511 0.734419 0.204715 0.742472 0.213119 0.746324 0.223389 0.749300 0.233193 0.750175 0.245098 0.749125 0.254902 0.746674 0.269141 0.737745 0.274743 0.728466 0.277544 0.720588 0.277778 0.709734 0.275910 0.695728 0.272176 0.691001 0.265873 0.679972 0.261671 0.675420 0.251167 0.666492 0.247666 0.665091 0.234360 0.656688 0.216853 0.652136 0.203782 0.650210 0.199346 0.650560 0.194211 0.653536 0.184641 0.657038 0.178571 0.661064 0.170635 0.674020 0.168067 0.683824 0.166667 0.697129 0.168768 0.706232
1 0.279879 0.604342 0.275677 0.619048 0.276377 0.622024 0.279412 0.623599 0.286648 0.624125 0.303922 0.617297 0.308123 0.616597 0.321195 0.616422 0.327264 0.617297 0.331232 0.618697 0.338469 0.619048 0.339869 0.618172 0.341503 0.614321 0.344538 0.610994 0.349440 0.609769 0.356209 0.603641 0.359477 0.598915 0.355742 0.597339 0.348739 0.597164 0.327731 0.593662 0.324230 0.592087 0.321195 0.591912 0.303688 0.587710 0.286181 0.581758 0.283147 0.581057 0.279412 0.581408 0.280345 0.589111 0.279879 0.604342
1 0.122782 0.619398 0.126984 0.622024 0.137021 0.631828 0.147759 0.637955 0.161064 0.641982 0.171335 0.644083 0.182651 0.645813 0.189770 0.646451 0.192108 0.645893 0.193595 0.646132 0.194976 0.646530 0.198695 0.646849 0.221859 0.648284 0.221753 0.647566 0.212083 0.643821 0.203902 0.641590 0.200747 0.640406 0.196779 0.638655 0.196078 0.637080 0.191789 0.635214 0.181606 0.627976 0.177171 0.620798 0.172736 0.605742 0.168301 0.596464 0.158964 0.603992 0.151727 0.607668 0.139589 0.610469 0.122782 0.610294 0.119981 0.612395 0.119981 0.616246 0.122782 0.619398
1 0.248599 0.511380 0.255135 0.519433 0.258403 0.521709 0.263305 0.522234 0.283147 0.521183 0.288982 0.519958 0.306956 0.518557 0.312325 0.516282 0.312792 0.515581 0.310924 0.512080 0.306489 0.506478 0.302754 0.499475 0.301354 0.494223 0.299720 0.482213 0.299486 0.456232 0.299020 0.452906 0.297386 0.451331 0.290616 0.451681 0.286648 0.452731 0.271008 0.458859 0.263305 0.463410 0.261671 0.464811 0.251401 0.480917 0.248599 0.487570 0.247432 0.493172 0.246732 0.504027 0.248599 0.511380
1 0.393791 0.612570 0.396125 0.612920 0.399160 0.612745 0.407563 0.610469 0.428338 0.608368 0.464052 0.608543 0.479225 0.610294 0.482026 0.609244 0.482260 0.606618 0.481793 0.602766 0.477591 0.591562 0.468954 0.579307 0.464286 0.574230 0.449580 0.563200 0.441643 0.559524 0.435574 0.558298 0.432306 0.559174 0.430439 0.560574 0.432306 0.567752 0.427171 0.581408 0.424370 0.585084 0.414799 0.590861 0.411298 0.592087 0.407796 0.591912 0.406396 0.593312 0.397526 0.596814 0.395425 0.598739 0.392390 0.605917 0.392157 0.610819 0.393791 0.612570
1 0.393091 0.531688 0.394258 0.536239 0.402661 0.541667 0.422269 0.551646 0.425070 0.554622 0.427638 0.555847 0.432540 0.556373 0.446078 0.553396 0.457049 0.550245 0.464519 0.546744 0.468721 0.543417 0.468021 0.536239 0.465686 0.529237 0.465686 0.525385 0.468254 0.518557 0.473623 0.511380 0.487862 0.499475 0.494865 0.495798 0.501634 0.493347 0.505369 0.492997 0.512372 0.490021 0.513539 0.486520 0.513539 0.479342 0.512372 0.474790 0.505135 0.466387 0.500467 0.462885 0.493931 0.460609 0.490896 0.458333 0.479925 0.456408 0.465920 0.455882 0.448413 0.458683 0.432073 0.464286 0.427404 0.467787 0.418301 0.471814 0.412232 0.476891 0.407096 0.481618 0.402894 0.487570 0.397759 0.498599 0.397059 0.502976 0.394491 0.526261 0.393091 0.531688
1 0.415966 0.469013 0.417600 0.469538 0.421569 0.469013 0.436508 0.462185 0.455649 0.456583 0.463119 0.455357 0.475957 0.455707 0.486928 0.457108 0.491130 0.456057 0.499300 0.449580 0.504202 0.441527 0.516106 0.425420 0.521242 0.414741 0.518908 0.413340 0.511905 0.411415 0.497432 0.408263 0.489963 0.405287 0.482649 0.400502 0.473856 0.393207 0.469888 0.391632 0.466853 0.393382 0.464519 0.397059 0.459384 0.414741 0.448179 0.436450 0.437208 0.449930 0.432073 0.453256 0.426471 0.458333 0.420868 0.461310 0.416667 0.462010 0.414332 0.465861 0.414332 0.467787 0.415966 0.469013
1 0.788282 0.569678 0.798086 0.582283 0.807190 0.589811 0.812325 0.592262 0.817227 0.593487 0.823996 0.592612 0.838702 0.584034 0.840803 0.581583 0.849907 0.575980 0.864613 0.563725 0.874183 0.557598 0.878852 0.553046 0.887255 0.546919 0.894258 0.539391 0.901027 0.533613 0.906396 0.525560 0.908030 0.521359 0.909897 0.515231 0.911298 0.505077 0.907563 0.503501 0.892390 0.505952 0.877218 0.506127 0.866246 0.505252 0.848739 0.502626 0.841970 0.500700 0.827731 0.498074 0.825397 0.509804 0.822362 0.516106 0.811625 0.530462 0.794818 0.544118 0.784781 0.550245 0.783613 0.552171 0.783380 0.556723 0.788282 0.569678
1 0.644491 0.550070 0.647526 0.554972 0.651027 0.558298 0.652428 0.561625 0.654295 0.562500 0.658497 0.562850 0.662232 0.565301 0.669468 0.568452 0.675303 0.570203 0.681839 0.571078 0.702848 0.572654 0.730859 0.569853 0.762372 0.559174 0.768674 0.557948 0.782680 0.552171 0.786415 0.548845 0.803922 0.536765 0.811391 0.529937 0.822129 0.515756 0.826097 0.504902 0.826564 0.497899 0.824230 0.495798 0.813725 0.491772 0.804388 0.486169 0.796452 0.483368 0.790383 0.482143 0.755135 0.483718 0.724090 0.490196 0.696078 0.497549 0.682073 0.503676 0.671802 0.509629 0.661064 0.516807 0.651494 0.526085 0.647292 0.531688 0.643557 0.540091 0.643324 0.544818 0.644491 0.550070
0 0.655229 0.630252 0.660831 0.638655 0.664332 0.641982 0.675070 0.655987 0.679972 0.656863 0.683940 0.661940 0.686741 0.664041 0.688842 0.667367 0.695145 0.672444 0.709384 0.679797 0.737162 0.687850 0.757003 0.688200 0.763072 0.687150 0.770775 0.684524 0.779412 0.680147 0.784314 0.676120 0.789683 0.668067 0.791317 0.661940 0.790383 0.653887 0.788049 0.647759 0.784080 0.642332 0.773810 0.631653 0.764472 0.625000 0.748133 0.615546 0.726891 0.607843 0.706349 0.601541 0.688609 0.597339 0.681839 0.596989 0.671802 0.598564 0.661765 0.602941 0.656629 0.609244 0.653128 0.617122 0.652894 0.622899 0.655229 0.630252
0 0.706116 0.751751 0.712418 0.758403 0.721522 0.763480 0.730859 0.766982 0.743464 0.767857 0.751634 0.769608 0.756303 0.768732 0.765873 0.769783 0.773109 0.768207 0.779412 0.767682 0.797152 0.764356 0.802754 0.762605 0.813025 0.757178 0.825163 0.752101 0.841503 0.742297 0.852941 0.733368 0.866246 0.724965 0.879085 0.713936 0.881886 0.709909 0.883053 0.703957 0.882353 0.699930 0.879318 0.695028 0.872549 0.689251 0.852474 0.681548 0.844771 0.679972 0.834267 0.679097 0.814659 0.678922 0.796452 0.680497 0.786881 0.683648 0.781513 0.683999 0.761671 0.688550 0.758170 0.690126 0.751634 0.691176 0.737628 0.698179 0.722222 0.708158 0.711251 0.716912 0.704949 0.724265 0.702148 0.731092 0.702381 0.742297 0.706116 0.751751
1 0.595005 0.731092 0.599206 0.748074 0.602241 0.753326 0.605742 0.756828 0.621615 0.764356 0.633053 0.766282 0.642157 0.765231 0.661765 0.764356 0.669935 0.763130 0.681373 0.759629 0.696312 0.751926 0.700747 0.744923 0.700980 0.733718 0.704015 0.724965 0.710551 0.717262 0.723623 0.706232 0.737628 0.697479 0.741130 0.696604 0.744631 0.692577 0.742530 0.689251 0.737628 0.688901 0.727591 0.686450 0.702614 0.677696 0.692577 0.672094 0.688842 0.671919 0.682773 0.673669 0.678338 0.673494 0.675303 0.674720 0.664799 0.676120 0.651027 0.685574 0.643091 0.689776 0.626984 0.695553 0.607143 0.709559 0.598739 0.717262 0.594538 0.723564 0.595005 0.731092
1 0.506769 0.778887 0.513772 0.792367 0.522176 0.802171 0.526611 0.805672 0.536181 0.811275 0.539683 0.812850 0.545985 0.814251 0.554622 0.814601 0.560458 0.814076 0.574930 0.809524 0.577965 0.806723 0.584734 0.802696 0.590803 0.796744 0.594071 0.791141 0.600140 0.774510 0.601307 0.765581 0.598039 0.748074 0.592204 0.725490 0.584500 0.709559 0.578665 0.702731 0.573296 0.698354 0.567694 0.695728 0.564192 0.695028 0.563492 0.695553 0.558590 0.712885 0.550654 0.724265 0.539683 0.734419 0.522409 0.746324 0.506769 0.754552 0.504902 0.757353 0.505135 0.767332 0.506769 0.778887
1 0.858543 0.584384 0.883520 0.597864 0.890289 0.599790 0.894024 0.599615 0.899393 0.602241 0.904295 0.603641 0.918534 0.604517 0.935808 0.603291 0.944211 0.601541 0.961018 0.596639 0.975490 0.584034 0.978525 0.578081 0.978992 0.573354 0.978525 0.567402 0.975023 0.560574 0.970355 0.555322 0.956583 0.544818 0.950514 0.541667 0.941410 0.538515 0.936275 0.535014 0.929272 0.531863 0.907796 0.524160 0.901494 0.534314 0.887955 0.546569 0.864379 0.564076 0.852241 0.575630 0.851307 0.578081 0.858543 0.584384
1 0.907096 0.459209 0.911298 0.468838 0.915966 0.476015 0.919701 0.484069 0.921102 0.491597 0.918067 0.498249 0.919234 0.499650 0.922035 0.500000 0.926237 0.498599 0.939542 0.491422 0.964519 0.474090 0.965686 0.470413 0.964052 0.466036 0.953315 0.457808 0.935808 0.452731 0.904995 0.448880 0.900794 0.449230 0.901727 0.452906 0.907096 0.459209
1 0.869981 0.417017 0.884921 0.430847 0.897292 0.444503 0.901727 0.446954 0.911298 0.448529 0.914799 0.448354 0.928571 0.451506 0.937208 0.452556 0.952614 0.455882 0.956816 0.456057 0.968021 0.453081 0.980626 0.446604 0.985528 0.442402 0.992297 0.432598 0.994398 0.423494 0.994398 0.411415 0.992297 0.404412 0.987862 0.397759 0.970355 0.382703 0.961018 0.378326 0.949580 0.375175 0.946545 0.374650 0.942577 0.375175 0.936975 0.384979 0.933940 0.387430 0.919935 0.394958 0.911298 0.398459 0.901027 0.400735 0.896825 0.400560 0.883987 0.402311 0.875117 0.402486 0.869748 0.403536 0.869048 0.404412 0.868814 0.413515 0.869981 0.417017
1 0.643791 0.456583 0.644024 0.460084 0.647059 0.463410 0.655696 0.470763 0.672035 0.481268 0.682073 0.488971 0.689076 0.492822 0.695612 0.495098 0.699813 0.495273 0.707049 0.494048 0.723856 0.489321 0.749533 0.484244 0.752101 0.483193 0.754202 0.480917 0.753268 0.467087 0.742997 0.436099 0.734827 0.421744 0.732452 0.420010 0.726392 0.415258 0.721984 0.410713 0.716750 0.407201 0.711241 0.405341 0.705457 0.404102 0.697193 0.402862 0.688609 0.400210 0.680672 0.401611 0.678571 0.402136 0.676704 0.404237 0.669001 0.423845 0.643791 0.456583
1 0.560458 0.491597 0.568627 0.491772 0.609477 0.497374 0.630719 0.504027 0.635621 0.507528 0.638655 0.511730 0.638889 0.515756 0.636321 0.522234 0.635854 0.527136 0.637255 0.528887 0.640056 0.529762 0.647292 0.528361 0.658263 0.517857 0.668301 0.510154 0.689309 0.498074 0.688142 0.494223 0.675303 0.484244 0.662698 0.476541 0.640756 0.461310 0.637488 0.460434 0.620215 0.466036 0.614379 0.468662 0.595705 0.473389 0.587068 0.473564 0.572362 0.472339 0.568161 0.472864 0.566760 0.473915 0.560458 0.487745 0.559057 0.491071 0.560458 0.491597
1 0.379318 0.750875 0.388655 0.760854 0.394491 0.763831 0.405929 0.767507 0.411765 0.770133 0.425303 0.773985 0.433240 0.774510 0.446078 0.773634 0.462185 0.770833 0.474090 0.766982 0.482726 0.763130 0.501167 0.756478 0.515640 0.749300 0.525910 0.743347 0.547386 0.727241 0.554622 0.717962 0.558590 0.710784 0.562325 0.699580 0.561391 0.692752 0.558824 0.689076 0.553688 0.685924 0.546685 0.682948 0.539216 0.681723 0.536415 0.682773 0.530112 0.683123 0.526144 0.681548 0.518674 0.681373 0.509804 0.682423 0.505135 0.682248 0.502101 0.683473 0.498366 0.683648 0.477358 0.691352 0.473389 0.691527 0.458917 0.694328 0.446078 0.695028 0.439542 0.696779 0.425070 0.699055 0.414332 0.703081 0.409197 0.706057 0.404528 0.706933 0.388189 0.717087 0.380019 0.725490 0.377218 0.735644 0.377218 0.744398 0.379318 0.750875
1 0.345005 0.620798 0.352241 0.625175 0.355742 0.626050 0.370915 0.619398 0.391457 0.612745 0.392624 0.605567 0.394491 0.602241 0.395191 0.598739 0.392857 0.597164 0.388189 0.596464 0.372782 0.596639 0.361345 0.598214 0.359711 0.598915 0.356209 0.604517 0.349440 0.611345 0.341970 0.615371 0.341737 0.619748 0.345005 0.620798
1 0.494865 0.459909 0.502801 0.463936 0.510738 0.471464 0.513539 0.477066 0.514239 0.484069 0.513539 0.487920 0.514472 0.489146 0.517974 0.490021 0.533613 0.489496 0.549486 0.490721 0.554855 0.490546 0.557890 0.489496 0.562092 0.483193 0.565359 0.473214 0.562558 0.470238 0.557656 0.468312 0.551821 0.464111 0.535948 0.447654 0.532913 0.446078 0.526844 0.445553 0.515173 0.446604 0.507236 0.448529 0.499300 0.451681 0.494631 0.455007 0.493464 0.456758 0.494865 0.459909
1 0.466387 0.529237 0.471055 0.543417 0.473156 0.545868 0.486695 0.555322 0.496265 0.558123 0.504669 0.558298 0.508170 0.561275 0.519374 0.560224 0.521942 0.561099 0.528478 0.561450 0.557423 0.560924 0.588702 0.557423 0.591970 0.556548 0.596172 0.553046 0.605509 0.549370 0.609244 0.549020 0.620215 0.540966 0.630952 0.531513 0.634220 0.527661 0.637955 0.518382 0.638189 0.511730 0.635854 0.507878 0.630019 0.503852 0.607376 0.497374 0.581466 0.493873 0.547386 0.490896 0.528945 0.490371 0.515173 0.491071 0.500934 0.494573 0.487162 0.500700 0.475724 0.509804 0.470355 0.515756 0.466620 0.523459 0.465920 0.525735 0.466387 0.529237
0 0.236928 0.550420 0.239729 0.554972 0.246032 0.560749 0.259104 0.568978 0.280579 0.580007 0.300187 0.586485 0.311158 0.589461 0.341737 0.595938 0.348506 0.596989 0.362512 0.597339 0.397526 0.595938 0.408730 0.590861 0.415033 0.589986 0.421802 0.586310 0.426004 0.581408 0.428338 0.574580 0.430672 0.571078 0.430672 0.564076 0.428571 0.559524 0.423669 0.556022 0.422269 0.553746 0.415733 0.549370 0.387255 0.535189 0.362745 0.526961 0.358310 0.526786 0.353641 0.525560 0.339169 0.526436 0.328198 0.523985 0.324463 0.522234 0.307890 0.520308 0.289916 0.520833 0.287582 0.521534 0.256769 0.523634 0.254202 0.525560 0.244398 0.528361 0.233894 0.536415 0.232960 0.540091 0.236928 0.550420
1 0.081466 0.453957 0.099206 0.457458 0.102474 0.459909 0.108777 0.462535 0.124183 0.471989 0.135154 0.480567 0.138655 0.484419 0.146125 0.489671 0.147526 0.492297 0.149393 0.491597 0.152428 0.487745 0.155229 0.464461 0.155229 0.456057 0.153828 0.453256 0.147993 0.450630 0.140523 0.444853 0.130486 0.442227 0.102007 0.442577 0.098039 0.443277 0.091970 0.446429 0.088469 0.447129 0.080065 0.452731 0.079599 0.453081 0.081466 0.453957
1 0.471678 0.579596 0.474732 0.580055 0.485421 0.583261 0.484963 0.579825 0.489496 0.573004 0.494398 0.569503 0.509337 0.561975 0.515173 0.560574 0.515356 0.560577 0.512138 0.559699 0.506035 0.558295 0.502801 0.556723 0.499767 0.557073 0.491130 0.555497 0.484594 0.553046 0.479225 0.549020 0.470588 0.544118 0.467320 0.545343 0.463585 0.548144 0.448179 0.553746 0.446545 0.555847 0.445845 0.557248 0.448413 0.560574 0.466853 0.575280 0.469388 0.578566 0.471678 0.579596
1 0.760738 0.594188 0.761204 0.598739 0.764006 0.602416 0.774977 0.628676 0.777778 0.633578 0.788282 0.646709 0.790616 0.651085 0.792017 0.657738 0.794818 0.663866 0.806489 0.676821 0.809757 0.677696 0.840336 0.678221 0.851074 0.680147 0.856209 0.682248 0.867180 0.684874 0.869514 0.686275 0.874183 0.686975 0.880252 0.685749 0.889122 0.682598 0.898226 0.677871 0.907796 0.675245 0.909897 0.673669 0.911298 0.671919 0.911298 0.669293 0.908964 0.661064 0.901494 0.646534 0.895191 0.638480 0.892624 0.632878 0.889823 0.630427 0.887021 0.625875 0.873483 0.612395 0.867880 0.608368 0.859244 0.599790 0.851307 0.594713 0.847572 0.593312 0.841970 0.589811 0.835668 0.588761 0.830999 0.589461 0.823996 0.593312 0.818161 0.594013 0.815126 0.593662 0.806256 0.589286 0.795985 0.581408 0.793184 0.577906 0.788982 0.576681 0.779412 0.576856 0.764706 0.580007 0.760738 0.582108 0.758870 0.584734 0.758637 0.588585 0.760738 0.594188
1 0.602007 0.564076 0.612745 0.565301 0.618581 0.567752 0.622782 0.568627 0.637255 0.576331 0.644725 0.582458 0.647059 0.585784 0.652894 0.591211 0.654528 0.594363 0.661064 0.600840 0.672502 0.597339 0.680672 0.596289 0.686975 0.596289 0.695145 0.597514 0.720355 0.604517 0.724556 0.603291 0.731559 0.595413 0.735294 0.588585 0.736695 0.582108 0.735528 0.577206 0.731559 0.571429 0.728525 0.570553 0.725257 0.570553 0.710084 0.572654 0.699580 0.573004 0.692577 0.571429 0.675303 0.570203 0.658964 0.565126 0.654062 0.563025 0.650560 0.559349 0.650093 0.557248 0.647292 0.555847 0.646825 0.553922 0.642624 0.547969 0.640756 0.540266 0.637021 0.535014 0.630019 0.534489 0.609477 0.550595 0.603408 0.563725 0.602007 0.564076
0 0.751167 0.432423 0.752801 0.438375 0.757937 0.447654 0.761905 0.452206 0.769141 0.457808 0.770308 0.459909 0.778945 0.467787 0.796685 0.480917 0.814192 0.490896 0.828198 0.496849 0.837535 0.499825 0.845238 0.501751 0.869048 0.505427 0.890756 0.505602 0.897526 0.505077 0.911298 0.502801 0.916900 0.499650 0.920168 0.491246 0.918301 0.481443 0.907796 0.461485 0.903361 0.455882 0.899860 0.449230 0.890523 0.440126 0.884454 0.432423 0.873016 0.421744 0.866013 0.417192 0.852474 0.410189 0.840803 0.405987 0.835434 0.404762 0.822596 0.399685 0.816293 0.398109 0.810924 0.397059 0.786415 0.396884 0.772642 0.399860 0.764939 0.403711 0.757937 0.410364 0.752568 0.418592 0.751167 0.424720 0.751167 0.432423
1 0.758403 0.354867 0.760504 0.359244 0.763539 0.363095 0.772176 0.370273 0.775910 0.372374 0.779178 0.373249 0.782213 0.372549 0.789916 0.372374 0.800187 0.373775 0.807423 0.378151 0.819561 0.390406 0.834267 0.395308 0.838469 0.397409 0.850607 0.399510 0.870448 0.402136 0.885854 0.401611 0.908263 0.398109 0.919468 0.394083 0.932073 0.388305 0.936741 0.384279 0.941176 0.376225 0.942577 0.362395 0.940710 0.358543 0.934874 0.351891 0.930205 0.348564 0.918301 0.344013 0.914799 0.341737 0.893791 0.334734 0.865780 0.331232 0.855042 0.330882 0.848506 0.331408 0.846872 0.332108 0.840570 0.331933 0.828431 0.329832 0.812792 0.331232 0.792951 0.331933 0.775677 0.334734 0.764939 0.337535 0.761204 0.339811 0.757470 0.345413 0.757236 0.349265 0.758403 0.354867
1 0.825397 0.317927 0.827965 0.325455 0.830999 0.328081 0.834267 0.328606 0.841270 0.328081 0.848273 0.328957 0.855976 0.328256 0.895892 0.335084 0.903128 0.337010 0.921335 0.343838 0.925537 0.346113 0.930439 0.347339 0.935574 0.347339 0.952614 0.343662 0.963352 0.339986 0.970355 0.335084 0.973856 0.331408 0.976190 0.324930 0.976891 0.320728 0.974090 0.309699 0.968954 0.300945 0.959851 0.289566 0.941410 0.279412 0.921569 0.273109 0.904995 0.269433 0.887955 0.267682 0.869514 0.268557 0.856209 0.271008 0.841970 0.275735 0.835201 0.279062 0.827264 0.285889 0.825397 0.289916 0.823529 0.302171 0.823296 0.307248 0.825397 0.317927
1 0.703315 0.296744 0.709617 0.303746 0.721522 0.313901 0.737395 0.325630 0.754902 0.336134 0.758403 0.337010 0.762138 0.336835 0.786881 0.331583 0.800187 0.330007 0.816060 0.329832 0.821195 0.328081 0.824463 0.328081 0.825163 0.324405 0.822129 0.311625 0.821895 0.306022 0.823063 0.286239 0.818161 0.275910 0.805089 0.258578 0.789216 0.242297 0.779879 0.236169 0.769141 0.230392 0.758870 0.227591 0.742997 0.226366 0.737162 0.226716 0.724090 0.228992 0.716853 0.231618 0.713352 0.234069 0.709150 0.235644 0.702848 0.241597 0.698179 0.248249 0.696545 0.251576 0.693277 0.265406 0.694211 0.277836 0.703315 0.296744
1 0.808357 0.261555 0.815826 0.271008 0.819561 0.276261 0.824463 0.286765 0.829132 0.284664 0.834500 0.279062 0.848973 0.272409 0.852241 0.272059 0.854575 0.270833 0.864146 0.268557 0.873716 0.267332 0.883987 0.267157 0.887722 0.265581 0.888655 0.247199 0.887722 0.241246 0.884220 0.230917 0.880486 0.226891 0.865546 0.220763 0.854108 0.213060 0.844071 0.209034 0.841737 0.206758 0.838469 0.206583 0.838469 0.210259 0.835668 0.217612 0.822596 0.228466 0.817927 0.230567 0.810924 0.235119 0.804388 0.237220 0.791783 0.239496 0.789683 0.240721 0.792017 0.244923 0.808357 0.261555
1 0.683545 0.163499 0.687029 0.164544 0.694696 0.166635 0.696078 0.169993 0.699813 0.172619 0.701214 0.175070 0.701681 0.178922 0.698880 0.196078 0.699346 0.199580 0.706583 0.203782 0.709617 0.207458 0.717320 0.213410 0.728291 0.219188 0.734360 0.224440 0.744164 0.225665 0.755836 0.225665 0.764939 0.227766 0.770075 0.229342 0.771942 0.230917 0.775910 0.232493 0.778245 0.234769 0.786648 0.238796 0.803922 0.236520 0.810691 0.234419 0.824463 0.226190 0.833100 0.217612 0.835901 0.211134 0.835901 0.203782 0.833100 0.192402 0.828665 0.184874 0.822129 0.177171 0.814893 0.171043 0.789683 0.153887 0.782913 0.150910 0.770075 0.147059 0.755135 0.143732 0.741130 0.141982 0.727358 0.141632 0.720355 0.142507 0.715686 0.145133 0.709150 0.150385 0.707049 0.154237 0.706816 0.160014 0.707798 0.165171 0.706265 0.166112 0.702641 0.164126 0.698041 0.158899 0.697344 0.157540 0.697065 0.155240 0.696090 0.153254 0.694975 0.151581 0.690514 0.154718 0.689076 0.157563 0.685078 0.160676 0.683545 0.163499
1 0.628151 0.207808 0.635621 0.220763 0.638422 0.233018 0.638189 0.237745 0.636321 0.244223 0.637021 0.247199 0.671569 0.236520 0.676004 0.232843 0.681373 0.221814 0.690476 0.208683 0.697246 0.196604 0.700514 0.184174 0.700514 0.174895 0.697946 0.170693 0.692577 0.166317 0.682540 0.164041 0.661064 0.163690 0.654528 0.166667 0.643324 0.176471 0.632353 0.183824 0.623483 0.188725 0.617880 0.192752 0.617180 0.194678 0.617180 0.196429 0.628151 0.207808
1 0.527311 0.656513 0.523810 0.661415 0.516807 0.668592 0.509570 0.671744 0.499533 0.678746 0.501634 0.680497 0.524977 0.679622 0.535714 0.680847 0.543184 0.680147 0.549020 0.673494 0.560924 0.662290 0.568161 0.652661 0.571662 0.644258 0.570495 0.640581 0.551354 0.635854 0.529645 0.628852 0.526844 0.629027 0.525444 0.629902 0.528711 0.649160 0.527311 0.656513
1 0.858077 0.599615 0.864846 0.604342 0.869281 0.609244 0.881886 0.620448 0.894725 0.635854 0.897292 0.640931 0.901027 0.645658 0.904295 0.644958 0.908730 0.638480 0.911765 0.628326 0.911298 0.616947 0.909197 0.610819 0.907096 0.608018 0.901727 0.604692 0.869514 0.593487 0.859010 0.592087 0.854575 0.594013 0.853875 0.595413 0.858077 0.599615
1 0.733894 0.573004 0.738562 0.579482 0.744164 0.581232 0.751401 0.581583 0.758637 0.581057 0.784314 0.574405 0.786181 0.573354 0.787348 0.571078 0.786881 0.566877 0.782913 0.555497 0.781279 0.553746 0.779879 0.553396 0.753968 0.562325 0.735994 0.567577 0.733427 0.569503 0.731559 0.571078 0.733894 0.573004
1 0.283847 0.244573 0.291550 0.251576 0.297386 0.254552 0.309524 0.264706 0.331466 0.286415 0.334967 0.286765 0.337068 0.282913 0.337535 0.273634 0.339169 0.265406 0.353641 0.241246 0.352474 0.238445 0.344538 0.238445 0.328665 0.240546 0.316760 0.240546 0.306956 0.238095 0.297152 0.234069 0.290383 0.232143 0.287582 0.233368 0.284080 0.237745 0.282213 0.241246 0.283847 0.244573
1 0.257470 0.647759 0.251167 0.651961 0.246032 0.653536 0.241130 0.653361 0.238562 0.654587 0.240663 0.657563 0.252101 0.665616 0.263772 0.676120 0.270075 0.679272 0.279879 0.681197 0.281746 0.679622 0.283147 0.670343 0.281746 0.639181 0.285014 0.630077 0.285481 0.626225 0.283147 0.624650 0.275677 0.624125 0.266340 0.638480 0.257470 0.647759
1 0.682073 0.232843 0.697012 0.231443 0.713352 0.231268 0.730859 0.226716 0.734360 0.225490 0.735994 0.224090 0.730859 0.220763 0.726657 0.219538 0.719888 0.215861 0.712185 0.210259 0.706583 0.204832 0.699580 0.201506 0.696545 0.200980 0.692810 0.204832 0.684407 0.217262 0.680906 0.223915 0.678338 0.230917 0.682073 0.232843
1 0.167134 0.555672 0.168301 0.558298 0.171802 0.560049 0.175303 0.557773 0.180672 0.551120 0.186741 0.545518 0.192344 0.541842 0.200514 0.539391 0.203081 0.539566 0.210084 0.536940 0.212885 0.536590 0.227824 0.537815 0.230859 0.539041 0.239262 0.530812 0.246732 0.526786 0.255135 0.524335 0.256536 0.522409 0.247666 0.509979 0.244631 0.498950 0.242997 0.497549 0.241130 0.497199 0.236695 0.502276 0.231793 0.505952 0.212418 0.517682 0.205649 0.520658 0.193044 0.523985 0.182073 0.524335 0.175303 0.522934 0.173436 0.523284 0.165966 0.528887 0.162698 0.533789 0.162465 0.536415 0.167134 0.555672
1 0.737162 0.424020 0.743231 0.435224 0.746499 0.444503 0.756069 0.480742 0.758870 0.481968 0.762138 0.481268 0.775910 0.480742 0.781905 0.481449 0.788589 0.480841 0.796287 0.480993 0.780487 0.469143 0.769374 0.459209 0.763772 0.455007 0.753735 0.442577 0.750233 0.429447 0.752801 0.418417 0.760738 0.406863 0.765873 0.402661 0.770775 0.400910 0.772642 0.399335 0.782213 0.397409 0.796084 0.396523 0.802566 0.396523 0.810264 0.396979 0.816948 0.397738 0.817556 0.395155 0.813708 0.390902 0.809057 0.382353 0.807423 0.379027 0.803221 0.375875 0.790850 0.373249 0.786969 0.374646 0.779879 0.375000 0.774004 0.377077 0.769141 0.378151 0.765497 0.381027 0.760037 0.382353 0.752801 0.387255 0.748133 0.391457 0.743931 0.396183 0.738095 0.404937 0.735061 0.413165 0.735061 0.418417 0.737162 0.424020
1 0.383745 0.329631 0.387801 0.326589 0.392870 0.324498 0.400474 0.323928 0.409599 0.322787 0.417456 0.324498 0.422035 0.324755 0.432306 0.328431 0.439309 0.332808 0.444444 0.336835 0.453081 0.346113 0.454949 0.343662 0.458450 0.332458 0.458217 0.330882 0.454949 0.326331 0.444444 0.319503 0.428338 0.313725 0.422502 0.313200 0.407796 0.314251 0.393557 0.318102 0.387955 0.321078 0.381886 0.327381 0.379785 0.330707 0.380019 0.332108 0.383745 0.329631