0 0.286181 0.324405 0.291783 0.338761 0.300187 0.355567 0.321895 0.388831 0.327965 0.401611 0.338469 0.417717 0.346405 0.426821 0.348739 0.430672 0.362745 0.443452 0.390523 0.458859 0.408497 0.466211 0.431839 0.472514 0.440243 0.473039 0.453081 0.475140 0.464986 0.473564 0.475724 0.473389 0.484360 0.472339 0.500233 0.465336 0.510971 0.458683 0.515173 0.454482 0.519374 0.451856 0.530345 0.435749 0.532213 0.427871 0.531513 0.418417 0.526611 0.404587 0.518441 0.390756 0.507937 0.376225 0.501401 0.370448 0.496265 0.363620 0.483894 0.351366 0.458917 0.329132 0.428805 0.307773 0.411298 0.299895 0.395191 0.294118 0.390523 0.291492 0.385387 0.290966 0.382586 0.288690 0.381886 0.286415 0.380252 0.285014 0.369514 0.285889 0.366013 0.284839 0.350373 0.282738 0.327731 0.282913 0.306256 0.286765 0.290383 0.292542 0.286415 0.295518 0.284547 0.299720 0.284080 0.308298 0.286181 0.324405
0 0.042717 0.424195 0.046452 0.438025 0.046919 0.442752 0.065359 0.477941 0.076797 0.491597 0.080999 0.495273 0.083800 0.499825 0.090336 0.506303 0.095705 0.510329 0.098039 0.513480 0.107376 0.521008 0.114146 0.525035 0.120915 0.530812 0.145658 0.545343 0.161298 0.551646 0.178805 0.556373 0.189076 0.557773 0.248133 0.561099 0.257703 0.559874 0.268908 0.557073 0.272176 0.554797 0.278478 0.552696 0.296919 0.541317 0.299953 0.536940 0.301354 0.532913 0.301120 0.529587 0.297852 0.521359 0.288049 0.501401 0.283380 0.493522 0.281279 0.491597 0.275677 0.480742 0.271942 0.477941 0.270308 0.473564 0.257937 0.452556 0.257236 0.449230 0.249533 0.431548 0.238095 0.414916 0.227591 0.403186 0.221289 0.397409 0.208217 0.388130 0.203004 0.385271 0.199813 0.382178 0.175537 0.371324 0.150794 0.363095 0.145658 0.362745 0.137722 0.360994 0.126751 0.360119 0.102241 0.359944 0.082400 0.364671 0.066760 0.370973 0.051354 0.383053 0.042951 0.396709 0.041550 0.403361 0.041317 0.413340 0.042717 0.424195
0 0.640756 0.359594 0.643791 0.369748 0.648459 0.380077 0.657330 0.393032 0.671335 0.404587 0.678571 0.409489 0.695845 0.415966 0.703548 0.417542 0.727824 0.419818 0.740896 0.417717 0.747899 0.415791 0.763772 0.409314 0.770308 0.405112 0.782446 0.390581 0.792951 0.366422 0.793884 0.341912 0.790383 0.332458 0.786415 0.325630 0.782680 0.321078 0.776377 0.315826 0.772409 0.312850 0.765173 0.309349 0.761671 0.306197 0.744865 0.300070 0.741363 0.297969 0.729225 0.297969 0.724323 0.296919 0.710317 0.296394 0.700980 0.296744 0.690943 0.298845 0.673203 0.305322 0.662232 0.311975 0.652428 0.320553 0.645658 0.331583 0.641223 0.345588 0.640523 0.348915 0.640756 0.359594
0 0.829832 0.515756 0.832166 0.529062 0.838936 0.547969 0.838469 0.550945 0.842204 0.551471 0.845705 0.554972 0.855509 0.559174 0.859244 0.559699 0.882586 0.567227 0.897526 0.574580 0.907796 0.578256 0.922035 0.576155 0.935341 0.569503 0.950747 0.557773 0.960784 0.545518 0.965219 0.538515 0.969655 0.529237 0.977124 0.508578 0.979925 0.491772 0.979458 0.476190 0.976657 0.457458 0.976424 0.446078 0.974790 0.433123 0.972456 0.426646 0.970822 0.418242 0.955649 0.397409 0.942577 0.385154 0.928571 0.379552 0.922269 0.378676 0.911765 0.379377 0.897993 0.382878 0.883754 0.389181 0.873249 0.396183 0.863445 0.404237 0.855742 0.411415 0.845705 0.424720 0.843371 0.430672 0.838702 0.438550 0.832866 0.452906 0.829365 0.470238 0.827965 0.483894 0.827498 0.494923 0.829832 0.515756
0 0.597106 0.665441 0.608310 0.688025 0.612278 0.692752 0.630019 0.707633 0.652894 0.722514 0.659664 0.727941 0.670168 0.733193 0.675770 0.738445 0.682540 0.741071 0.684641 0.742997 0.688842 0.744573 0.696545 0.749825 0.706116 0.754027 0.713585 0.756828 0.719188 0.757878 0.724556 0.760329 0.741130 0.764181 0.753501 0.763831 0.762605 0.761730 0.776144 0.755952 0.778478 0.753501 0.783380 0.750700 0.790850 0.741422 0.795051 0.731618 0.797386 0.721113 0.798553 0.711660 0.798086 0.695378 0.793651 0.680322 0.791783 0.678046 0.790616 0.673845 0.781979 0.657913 0.781046 0.654762 0.778711 0.653011 0.775210 0.647409 0.762372 0.632003 0.756303 0.625525 0.750233 0.620798 0.734360 0.605917 0.706583 0.583333 0.693744 0.575980 0.682773 0.570728 0.675770 0.568803 0.669001 0.568102 0.661531 0.566352 0.658263 0.567052 0.654295 0.566702 0.650093 0.569678 0.633287 0.573179 0.626517 0.575630 0.611111 0.587010 0.604575 0.593487 0.598506 0.605742 0.596172 0.612920 0.592904 0.629727 0.592670 0.650910 0.597106 0.665441
0 0.728291 0.598915 0.730392 0.601190 0.734827 0.603992 0.746965 0.616246 0.757236 0.624475 0.779879 0.651085 0.820962 0.681197 0.829365 0.685574 0.849907 0.693452 0.859010 0.696429 0.869748 0.698880 0.890289 0.702031 0.900093 0.703081 0.918534 0.703081 0.928805 0.702381 0.949346 0.697304 0.957983 0.693978 0.967554 0.687500 0.975724 0.679097 0.978058 0.675245 0.980159 0.667367 0.981559 0.665091 0.982493 0.647234 0.978291 0.634454 0.975490 0.631653 0.972222 0.626050 0.949580 0.605917 0.933473 0.595063 0.908030 0.579832 0.904295 0.578606 0.887955 0.570378 0.873249 0.564776 0.838002 0.556197 0.825630 0.554622 0.811391 0.553922 0.792951 0.554097 0.783147 0.555497 0.775444 0.558298 0.772409 0.558648 0.770308 0.560924 0.757236 0.567927 0.744164 0.572654 0.737628 0.577556 0.733894 0.581758 0.728758 0.590336 0.728058 0.591912 0.728291 0.598915
0 0.527778 0.763305 0.527544 0.772759 0.536415 0.803571 0.542717 0.817577 0.552754 0.832633 0.563725 0.846639 0.577498 0.863445 0.590103 0.876926 0.593371 0.879027 0.611345 0.894958 0.623483 0.904237 0.626751 0.905287 0.636555 0.911590 0.652428 0.916667 0.657563 0.917542 0.667600 0.917192 0.682306 0.914391 0.696078 0.909664 0.700747 0.906688 0.709617 0.903186 0.721522 0.887430 0.725490 0.876576 0.727358 0.863270 0.727124 0.844363 0.726190 0.837710 0.718954 0.813901 0.712885 0.800595 0.707750 0.792542 0.695612 0.777661 0.693044 0.772584 0.684641 0.762780 0.670168 0.748424 0.657796 0.737745 0.655929 0.733018 0.647292 0.726366 0.639589 0.716912 0.627684 0.707983 0.611345 0.693978 0.605509 0.691001 0.594538 0.683298 0.584967 0.679272 0.575163 0.677696 0.569795 0.678046 0.559757 0.681373 0.550420 0.687150 0.542951 0.695553 0.536181 0.706057 0.531746 0.717262 0.528011 0.730742 0.526377 0.743347 0.525910 0.755077 0.527778 0.763305
1 0.000000 0.863620 0.001634 0.863620 0.006303 0.867297 0.021942 0.875350 0.035948 0.879027 0.049486 0.880427 0.071195 0.881127 0.098739 0.878501 0.113212 0.875875 0.129785 0.871674 0.133520 0.869923 0.143324 0.867122 0.148459 0.864496 0.167367 0.857493 0.176471 0.852066 0.185341 0.848039 0.205415 0.835784 0.236928 0.818627 0.254902 0.807598 0.268674 0.798144 0.272409 0.794293 0.279412 0.789566 0.287815 0.781863 0.294585 0.772934 0.298786 0.765581 0.300654 0.756303 0.299253 0.741246 0.287815 0.725140 0.276144 0.717087 0.262138 0.713585 0.255135 0.710784 0.238095 0.707983 0.230392 0.707633 0.185107 0.720588 0.175537 0.721814 0.169468 0.723739 0.150794 0.727766 0.135154 0.729517 0.124883 0.731443 0.091970 0.733894 0.078665 0.736169 0.074463 0.739321 0.052521 0.750175 0.047619 0.753676 0.039683 0.757003 0.034547 0.762080 0.011438 0.778361 0.009104 0.781162 0.000000 0.787990 0.000000 0.863620
0 0.012138 0.152661 0.015873 0.155462 0.022409 0.158789 0.058357 0.165266 0.081933 0.163690 0.097806 0.158613 0.110411 0.149510 0.115546 0.144783 0.119981 0.137955 0.121382 0.133929 0.121849 0.125175 0.120915 0.120273 0.116713 0.112920 0.109010 0.106968 0.102474 0.104342 0.085201 0.102416 0.076097 0.102416 0.054388 0.104867 0.036181 0.111520 0.019608 0.122199 0.011671 0.133403 0.009570 0.140406 0.009337 0.144433 0.012138 0.152661
1 0.000000 0.317752 0.008170 0.321078 0.017740 0.326681 0.047852 0.346989 0.080065 0.351190 0.098973 0.350665 0.102474 0.349615 0.116013 0.347864 0.130486 0.342612 0.141923 0.334734 0.146125 0.329307 0.149627 0.321429 0.149393 0.314776 0.147526 0.307248 0.144725 0.298669 0.130019 0.279762 0.123249 0.268732 0.118581 0.262955 0.108543 0.245273 0.101307 0.235469 0.095472 0.230392 0.088469 0.226190 0.084967 0.222689 0.075864 0.216387 0.056956 0.207108 0.049720 0.204832 0.047152 0.202906 0.036415 0.200630 0.032446 0.200980 0.025910 0.199405 0.015873 0.198354 0.003968 0.198704 0.000000 0.199055 0.000000 0.317752
1 0.000000 0.189426 0.006303 0.189426 0.016340 0.190651 0.021942 0.192927 0.029178 0.194678 0.031279 0.194503 0.032446 0.193452 0.034547 0.185574 0.034547 0.178221 0.031513 0.167017 0.028011 0.161415 0.015406 0.156338 0.010738 0.151786 0.008403 0.146183 0.001867 0.143207 0.000000 0.143207 0.000000 0.189426
1 0.045518 0.200280 0.076564 0.215336 0.088702 0.223739 0.092437 0.225315 0.104342 0.228116 0.109244 0.228291 0.112745 0.225840 0.132353 0.199755 0.134220 0.196078 0.132820 0.190126 0.132353 0.182248 0.129085 0.175420 0.123016 0.170518 0.109711 0.163165 0.102007 0.160364 0.095705 0.160189 0.081232 0.164566 0.067694 0.165266 0.059991 0.166667 0.056723 0.169993 0.053455 0.175245 0.044818 0.195903 0.044585 0.199580 0.045518 0.200280
1 0.101074 0.234244 0.102474 0.237570 0.109711 0.246148 0.116246 0.258578 0.130252 0.279412 0.140990 0.292542 0.144024 0.297969 0.145892 0.297269 0.147526 0.296394 0.153828 0.283964 0.159430 0.275560 0.162465 0.272584 0.167134 0.265756 0.166200 0.261204 0.155462 0.251751 0.144024 0.243697 0.136555 0.240721 0.125584 0.238095 0.115546 0.233894 0.111811 0.233018 0.109010 0.230392 0.105976 0.229167 0.098973 0.227066 0.094538 0.227066 0.095938 0.230742 0.101074 0.234244
1 0.139122 0.358368 0.144024 0.360644 0.151027 0.360819 0.161765 0.353992 0.177638 0.346989 0.182540 0.343137 0.191643 0.337710 0.199346 0.334559 0.223856 0.321429 0.252101 0.312675 0.278711 0.307423 0.280345 0.305322 0.281046 0.300245 0.283380 0.295343 0.289916 0.289916 0.289216 0.286765 0.275677 0.265756 0.269374 0.258053 0.262605 0.251401 0.254669 0.247374 0.248366 0.243172 0.234594 0.238796 0.227824 0.237570 0.224556 0.238095 0.219188 0.237745 0.213352 0.238620 0.199346 0.243873 0.196545 0.245973 0.192577 0.247024 0.185341 0.251225 0.168301 0.265756 0.152194 0.287815 0.147526 0.299545 0.147526 0.303922 0.151261 0.317752 0.151027 0.321779 0.145892 0.332283 0.138889 0.338410 0.135621 0.344713 0.136088 0.352416 0.139122 0.358368
1 0.213119 0.240021 0.215920 0.238971 0.220588 0.238445 0.223156 0.237220 0.236461 0.238971 0.250000 0.243873 0.257003 0.247374 0.262138 0.250875 0.269841 0.257878 0.280345 0.271534 0.289916 0.287990 0.292717 0.289916 0.296685 0.289216 0.307190 0.285539 0.332633 0.281338 0.351307 0.281338 0.373716 0.284139 0.378618 0.282738 0.384921 0.279412 0.387021 0.277136 0.387021 0.265581 0.385154 0.262255 0.387021 0.258578 0.387021 0.254552 0.386088 0.251751 0.383053 0.249475 0.377684 0.240896 0.373950 0.237570 0.359477 0.229867 0.345238 0.225490 0.324463 0.222164 0.313492 0.221289 0.310458 0.220588 0.307190 0.218312 0.299720 0.218312 0.289683 0.219363 0.281746 0.221113 0.262138 0.223039 0.248133 0.225490 0.231092 0.229517 0.223856 0.232143 0.221289 0.234244 0.220822 0.235644 0.212885 0.237395 0.212185 0.238270 0.213119 0.240021
1 0.310691 0.219188 0.314893 0.220763 0.345472 0.224965 0.357376 0.228466 0.366480 0.232668 0.376517 0.239496 0.384687 0.250175 0.388422 0.252976 0.392390 0.253151 0.401494 0.251926 0.409897 0.249650 0.418534 0.244048 0.423436 0.239321 0.429272 0.235644 0.435808 0.224965 0.437208 0.220413 0.436975 0.209559 0.434874 0.202906 0.427638 0.189251 0.415266 0.174545 0.409430 0.169293 0.401494 0.163866 0.384220 0.156162 0.370215 0.153536 0.354809 0.153711 0.342204 0.156338 0.332633 0.160364 0.323296 0.167717 0.313959 0.176996 0.310224 0.182948 0.308590 0.190301 0.309524 0.217087 0.310691 0.219188
1 0.438142 0.209909 0.438609 0.213410 0.438375 0.221113 0.434874 0.231618 0.435341 0.237745 0.438142 0.242122 0.444678 0.248950 0.453548 0.256127 0.456816 0.255952 0.469888 0.249475 0.477124 0.247374 0.491363 0.241422 0.494865 0.241071 0.501634 0.238796 0.504669 0.238620 0.518441 0.235119 0.536648 0.234069 0.542951 0.232143 0.545985 0.229342 0.546218 0.224265 0.542250 0.212710 0.539916 0.208683 0.533613 0.201856 0.525677 0.195203 0.516573 0.189251 0.499066 0.181022 0.489729 0.177696 0.468954 0.176471 0.464286 0.177346 0.453081 0.177871 0.440943 0.181898 0.431373 0.189076 0.430439 0.191352 0.430205 0.192752 0.438142 0.209909
1 0.387488 0.263831 0.387722 0.272409 0.389122 0.278887 0.401027 0.278536 0.405462 0.279587 0.428105 0.288690 0.428805 0.289566 0.431139 0.288165 0.431839 0.286064 0.430906 0.284664 0.428338 0.284139 0.427171 0.282738 0.426704 0.280637 0.428338 0.277136 0.432073 0.277136 0.435107 0.275210 0.438842 0.274685 0.450280 0.265581 0.450514 0.261730 0.443277 0.257878 0.413632 0.251751 0.404762 0.252276 0.390990 0.254377 0.388889 0.255252 0.386321 0.257878 0.385854 0.258929 0.387488 0.263831
1 0.153361 0.363095 0.179038 0.371148 0.182073 0.373249 0.188375 0.375350 0.199813 0.380777 0.202848 0.383578 0.211485 0.388480 0.216620 0.393557 0.225257 0.399685 0.232493 0.407213 0.245565 0.423494 0.250467 0.431373 0.258870 0.451331 0.261905 0.455707 0.269141 0.454307 0.288515 0.444153 0.305322 0.431197 0.320495 0.418242 0.329832 0.408088 0.321429 0.390581 0.298786 0.355917 0.288515 0.333683 0.285014 0.322829 0.283147 0.312325 0.280345 0.309349 0.275910 0.309174 0.258403 0.311800 0.247899 0.314251 0.227358 0.320553 0.211485 0.328081 0.186041 0.341737 0.178338 0.346989 0.161298 0.354867 0.154528 0.359419 0.152661 0.362745 0.153361 0.363095
1 0.380719 0.289566 0.390289 0.290791 0.395191 0.293417 0.414332 0.300770 0.426471 0.306898 0.429038 0.307423 0.430205 0.306548 0.431373 0.298845 0.429972 0.292542 0.421569 0.285889 0.418301 0.285014 0.414799 0.282213 0.407096 0.279762 0.398226 0.279062 0.390990 0.279762 0.381653 0.282913 0.375817 0.286415 0.380719 0.289566
1 0.434407 0.307598 0.443044 0.315826 0.444911 0.318627 0.453782 0.324580 0.459851 0.327206 0.463585 0.327906 0.468721 0.323880 0.473856 0.321254 0.481559 0.318978 0.496265 0.317402 0.512372 0.317577 0.529645 0.320378 0.552288 0.326331 0.562325 0.330182 0.564192 0.331583 0.574230 0.334559 0.579832 0.338936 0.585201 0.339461 0.604108 0.334909 0.623483 0.327556 0.638189 0.319328 0.642390 0.314426 0.651261 0.310574 0.669935 0.293417 0.677171 0.279237 0.679272 0.265406 0.676471 0.258754 0.672502 0.255077 0.665033 0.250700 0.660831 0.249300 0.637021 0.244748 0.629318 0.244748 0.627218 0.245448 0.623483 0.244223 0.619048 0.244398 0.605976 0.241597 0.600607 0.242297 0.583800 0.241071 0.563025 0.237045 0.557190 0.234594 0.554388 0.235644 0.550187 0.234069 0.523343 0.235294 0.505369 0.238445 0.486695 0.243347 0.482026 0.245798 0.472923 0.248775 0.456349 0.257353 0.435574 0.278711 0.433240 0.285714 0.432773 0.293417 0.432773 0.303396 0.434407 0.307598
1 0.672736 0.290441 0.667134 0.297794 0.661298 0.303221 0.660131 0.306022 0.657563 0.307248 0.660131 0.310924 0.661765 0.310749 0.663632 0.307948 0.668301 0.306898 0.672502 0.304797 0.694444 0.297794 0.699346 0.296744 0.708450 0.295868 0.730859 0.297619 0.734594 0.297269 0.737628 0.297969 0.741597 0.297269 0.741130 0.293067 0.737395 0.288866 0.734127 0.282563 0.727358 0.275385 0.720822 0.271008 0.706816 0.266632 0.694911 0.264881 0.682773 0.265931 0.680205 0.268032 0.678105 0.280112 0.672736 0.290441
1 0.774043 0.313200 0.781279 0.318978 0.790616 0.330882 0.794585 0.342087 0.795285 0.360469 0.798786 0.366246 0.809057 0.369923 0.835434 0.376751 0.850373 0.381828 0.858310 0.387080 0.860644 0.389881 0.869514 0.394083 0.873483 0.394083 0.889823 0.385329 0.895892 0.383053 0.914099 0.378326 0.922269 0.377976 0.928571 0.378852 0.932073 0.380777 0.942577 0.383228 0.945378 0.380077 0.950047 0.371849 0.953782 0.367647 0.956116 0.363095 0.954949 0.355392 0.953315 0.348915 0.947946 0.341036 0.926237 0.323354 0.900093 0.310049 0.887255 0.304972 0.855742 0.297619 0.833100 0.295518 0.803455 0.294643 0.789449 0.296043 0.775910 0.298669 0.767507 0.302346 0.764472 0.305672 0.764239 0.307598 0.774043 0.313200
1 0.781046 0.394083 0.771942 0.404062 0.770775 0.406513 0.768207 0.407913 0.769608 0.408613 0.785948 0.410364 0.797386 0.413515 0.802988 0.415091 0.818161 0.421919 0.826331 0.427521 0.829599 0.430672 0.834967 0.439076 0.838469 0.436625 0.844771 0.425245 0.853408 0.413340 0.862745 0.404237 0.864379 0.400910 0.859944 0.391807 0.856209 0.387430 0.850607 0.383228 0.845705 0.380777 0.833100 0.376576 0.821195 0.373424 0.797152 0.369223 0.793417 0.369223 0.790383 0.373249 0.788515 0.380077 0.781046 0.394083
1 0.581466 0.478817 0.623249 0.478116 0.626050 0.478992 0.641223 0.480042 0.659197 0.482318 0.699346 0.489846 0.702848 0.491246 0.706816 0.491597 0.714052 0.493522 0.731326 0.500350 0.751167 0.510504 0.755135 0.511204 0.768674 0.507003 0.790850 0.498599 0.805556 0.491246 0.825630 0.478466 0.826797 0.477066 0.828198 0.471989 0.830532 0.457458 0.833800 0.446779 0.834500 0.439251 0.829365 0.431548 0.816527 0.421394 0.804855 0.416141 0.782913 0.410714 0.771709 0.410714 0.769141 0.409664 0.765640 0.409839 0.761438 0.411239 0.758170 0.413340 0.750233 0.415791 0.728291 0.420168 0.715219 0.419643 0.707049 0.418242 0.691643 0.417192 0.668301 0.426821 0.663866 0.430147 0.662932 0.432248 0.662698 0.439951 0.660364 0.447304 0.655462 0.454832 0.650560 0.459384 0.644024 0.462010 0.637021 0.463585 0.633520 0.463585 0.613212 0.467612 0.591970 0.463936 0.584267 0.466387 0.582166 0.470588 0.579132 0.473915 0.578198 0.477416 0.581466 0.478817
1 0.526144 0.532213 0.528945 0.540791 0.536181 0.550245 0.550187 0.562325 0.563725 0.568627 0.575630 0.572479 0.578198 0.574405 0.595472 0.582808 0.609244 0.585084 0.613912 0.584034 0.626284 0.575630 0.630252 0.574930 0.634687 0.572829 0.638422 0.568803 0.637955 0.564251 0.645191 0.561275 0.654295 0.567402 0.663399 0.566352 0.678571 0.568627 0.685574 0.570903 0.698179 0.578081 0.703081 0.580182 0.705415 0.580182 0.720355 0.577731 0.751167 0.568627 0.762138 0.564076 0.769374 0.558648 0.772876 0.553746 0.773576 0.542892 0.771008 0.535014 0.767274 0.527836 0.762838 0.521534 0.753735 0.513480 0.746265 0.508228 0.731326 0.500700 0.707516 0.492472 0.685808 0.487570 0.650560 0.481618 0.620215 0.478641 0.605042 0.478641 0.587535 0.479167 0.563959 0.482318 0.559290 0.483718 0.552054 0.486870 0.546218 0.490546 0.541783 0.493873 0.538982 0.497724 0.535714 0.500175 0.533613 0.505077 0.531046 0.508228 0.528245 0.518557 0.525444 0.522584 0.524043 0.529937 0.526144 0.532213
1 0.466853 0.336134 0.471055 0.338585 0.485061 0.351190 0.499767 0.366772 0.501634 0.369748 0.507003 0.374300 0.524977 0.400560 0.530112 0.411415 0.532446 0.421569 0.532680 0.433473 0.531513 0.436450 0.528945 0.439076 0.530345 0.442577 0.532446 0.444153 0.546218 0.451155 0.564192 0.457633 0.579832 0.461310 0.584967 0.463936 0.587535 0.463585 0.598973 0.464461 0.609010 0.466211 0.623016 0.466036 0.626284 0.464811 0.637021 0.463235 0.647292 0.459909 0.652194 0.457108 0.661298 0.443627 0.662232 0.431373 0.659664 0.421569 0.651961 0.406513 0.625584 0.374475 0.611345 0.361169 0.589947 0.345997 0.588235 0.341562 0.552754 0.326681 0.536415 0.321954 0.515406 0.318803 0.507003 0.318102 0.493931 0.318277 0.481326 0.319678 0.473156 0.322654 0.467087 0.325805 0.464052 0.329132 0.463352 0.331408 0.466853 0.336134
1 0.000000 0.423845 0.013539 0.424545 0.028011 0.423669 0.036648 0.421744 0.038982 0.419293 0.040149 0.415616 0.040149 0.404412 0.041550 0.396534 0.050887 0.381653 0.053688 0.380252 0.062792 0.373074 0.063259 0.369398 0.057890 0.361169 0.052521 0.355217 0.045285 0.347864 0.033847 0.338060 0.018207 0.327381 0.001634 0.318803 0.000000 0.318803 0.000000 0.423845
1 0.586368 0.345238 0.592204 0.346639 0.607376 0.357493 0.628385 0.377101 0.638889 0.390406 0.643557 0.395133 0.647526 0.398459 0.651027 0.397584 0.654062 0.394083 0.653128 0.390231 0.641457 0.366772 0.639122 0.352066 0.637722 0.348039 0.623016 0.336134 0.616246 0.332983 0.609010 0.334034 0.602708 0.336310 0.592204 0.338585 0.584500 0.341912 0.586368 0.345238
1 0.470355 0.485819 0.483660 0.493172 0.487162 0.495973 0.494865 0.498775 0.511905 0.493697 0.522642 0.485469 0.525910 0.481793 0.528245 0.477241 0.528711 0.470238 0.528011 0.466211 0.525910 0.460084 0.521709 0.455007 0.518674 0.453606 0.515640 0.455182 0.507937 0.461485 0.488796 0.471113 0.473856 0.473915 0.453315 0.475315 0.444911 0.476716 0.444211 0.477416 0.470355 0.485819
1 0.288749 0.448004 0.290383 0.460259 0.292250 0.465861 0.293417 0.466737 0.297852 0.466912 0.326797 0.464461 0.357843 0.463585 0.382353 0.465511 0.396592 0.467612 0.400794 0.467787 0.407096 0.466912 0.401961 0.464811 0.397993 0.462185 0.390523 0.459384 0.365546 0.445203 0.349440 0.431548 0.339402 0.420343 0.334967 0.412990 0.331466 0.411064 0.326564 0.414041 0.291783 0.442752 0.288749 0.446078 0.288749 0.448004
1 0.528945 0.470063 0.528478 0.477241 0.524977 0.482843 0.517974 0.489671 0.508403 0.494923 0.515173 0.497724 0.522176 0.499300 0.532680 0.499475 0.536181 0.497899 0.544818 0.490546 0.563259 0.480392 0.565359 0.477416 0.563959 0.460084 0.561625 0.456408 0.545985 0.451856 0.534314 0.445378 0.529645 0.443627 0.526144 0.445378 0.521709 0.452906 0.527311 0.463585 0.528945 0.470063
1 0.295518 0.513831 0.299720 0.522409 0.301821 0.528887 0.302054 0.533438 0.301120 0.536590 0.294818 0.544293 0.290383 0.547094 0.285714 0.548845 0.275910 0.555322 0.272409 0.556022 0.270308 0.557423 0.273109 0.560049 0.276611 0.561800 0.300187 0.570553 0.308824 0.572829 0.318161 0.574055 0.324230 0.576506 0.335901 0.577731 0.356209 0.582458 0.369281 0.584384 0.380252 0.584559 0.395425 0.586310 0.408263 0.586310 0.429972 0.584909 0.447946 0.582633 0.459851 0.580182 0.475724 0.574580 0.488095 0.568978 0.499767 0.561275 0.507003 0.551821 0.510971 0.536239 0.510037 0.534314 0.507937 0.518382 0.503968 0.510854 0.496965 0.502276 0.485061 0.494048 0.479458 0.491772 0.470822 0.486695 0.456349 0.481092 0.435574 0.475140 0.407796 0.468838 0.390990 0.467787 0.377684 0.464986 0.372782 0.465161 0.369748 0.464286 0.364613 0.464461 0.356209 0.463410 0.327965 0.464286 0.303455 0.466387 0.279178 0.471289 0.274743 0.473915 0.272876 0.477241 0.283380 0.491597 0.295518 0.513831
1 0.360878 0.629027 0.364146 0.636905 0.367414 0.641807 0.373249 0.658613 0.376517 0.671919 0.381186 0.674895 0.383520 0.677521 0.386788 0.678396 0.390523 0.681197 0.410131 0.686975 0.426004 0.689426 0.432773 0.691176 0.445612 0.692402 0.464052 0.691877 0.472923 0.690826 0.491363 0.686975 0.513772 0.680147 0.556956 0.663340 0.569561 0.659314 0.573763 0.656863 0.584267 0.652661 0.588936 0.649335 0.590570 0.647584 0.591503 0.644608 0.592437 0.622199 0.597339 0.605392 0.600840 0.598739 0.601774 0.595588 0.601541 0.592262 0.596405 0.586310 0.582400 0.577906 0.561391 0.569153 0.529879 0.562850 0.514706 0.561450 0.504902 0.561275 0.501634 0.561625 0.498133 0.563200 0.493231 0.567402 0.478291 0.574755 0.463585 0.580007 0.452848 0.581933 0.450047 0.583158 0.409430 0.587360 0.396825 0.587710 0.378151 0.585784 0.372782 0.586485 0.364613 0.591562 0.358310 0.597689 0.353408 0.610294 0.353641 0.615896 0.360878 0.629027
1 0.268674 0.568803 0.272409 0.571779 0.275910 0.572304 0.278945 0.574580 0.287348 0.577206 0.295518 0.581583 0.299953 0.587535 0.303221 0.589111 0.309057 0.594188 0.313259 0.599265 0.319094 0.603466 0.320962 0.606443 0.324697 0.609944 0.329365 0.619223 0.329365 0.634104 0.326331 0.646884 0.321662 0.656688 0.313959 0.668242 0.311858 0.670168 0.296919 0.680672 0.279412 0.689951 0.261671 0.696078 0.256303 0.699055 0.249533 0.701155 0.246732 0.703081 0.251634 0.707283 0.276144 0.716036 0.282369 0.719655 0.290383 0.726366 0.300187 0.739496 0.310224 0.741772 0.321662 0.741071 0.334500 0.736870 0.345238 0.729517 0.350840 0.728291 0.355042 0.725840 0.359244 0.724965 0.366246 0.718662 0.370915 0.710784 0.374883 0.698704 0.376050 0.682073 0.375584 0.674895 0.372782 0.661590 0.366947 0.644608 0.359244 0.628676 0.353408 0.618873 0.342904 0.605217 0.324463 0.587710 0.318627 0.583333 0.314192 0.581057 0.311158 0.577556 0.303688 0.572129 0.288749 0.567577 0.270542 0.560574 0.261905 0.560574 0.257937 0.562500 0.251867 0.564076 0.258403 0.565301 0.268674 0.568803
1 0.322129 0.775210 0.326331 0.782563 0.326564 0.786239 0.329365 0.789916 0.332633 0.792367 0.338235 0.794293 0.341970 0.796919 0.349440 0.799195 0.373016 0.811275 0.382120 0.816877 0.390523 0.824230 0.394491 0.826331 0.401494 0.832808 0.419935 0.853291 0.426471 0.864146 0.431139 0.873424 0.434641 0.882878 0.435808 0.890756 0.438842 0.899160 0.442577 0.899160 0.449113 0.897934 0.453548 0.896008 0.457283 0.895483 0.461251 0.892682 0.463585 0.892157 0.471289 0.887255 0.473156 0.884804 0.480392 0.880077 0.482960 0.876751 0.484594 0.875875 0.487862 0.870273 0.492297 0.866071 0.498833 0.856793 0.505135 0.842087 0.507703 0.832108 0.508870 0.818978 0.508637 0.809524 0.507003 0.800245 0.502101 0.787290 0.501867 0.782388 0.500700 0.779587 0.497199 0.772409 0.486461 0.756478 0.484360 0.751576 0.478758 0.742822 0.463819 0.724965 0.449580 0.710259 0.444444 0.706232 0.442110 0.702906 0.437908 0.700280 0.435574 0.697479 0.430672 0.693803 0.423436 0.690826 0.404295 0.686450 0.397292 0.685749 0.394024 0.686800 0.391223 0.683473 0.387255 0.682248 0.379085 0.684349 0.377451 0.685749 0.376517 0.688901 0.376517 0.698179 0.374883 0.706408 0.369748 0.713761 0.366480 0.720413 0.359010 0.727416 0.356676 0.730917 0.356209 0.737745 0.359711 0.741071 0.352941 0.744748 0.349673 0.743347 0.345705 0.740196 0.334500 0.738971 0.327264 0.741597 0.321662 0.744748 0.323063 0.748249 0.321195 0.750000 0.320495 0.752976 0.320261 0.765406 0.322129 0.775210
1 0.455415 0.714811 0.478525 0.740896 0.484827 0.750525 0.490663 0.761905 0.502101 0.779062 0.505135 0.778711 0.514239 0.775560 0.525910 0.770308 0.526611 0.764181 0.525210 0.750175 0.526144 0.737570 0.528011 0.727066 0.531513 0.714986 0.534547 0.708333 0.545985 0.689951 0.552988 0.683999 0.561858 0.679447 0.570728 0.676296 0.576797 0.676296 0.583333 0.677521 0.597339 0.683298 0.598973 0.685224 0.602241 0.686975 0.604342 0.685574 0.596872 0.668592 0.591970 0.653711 0.588469 0.650735 0.578431 0.655987 0.564426 0.660889 0.561391 0.662815 0.525910 0.675595 0.514939 0.680322 0.498133 0.685924 0.494631 0.686275 0.470822 0.692402 0.452148 0.693627 0.445612 0.699055 0.444444 0.701331 0.444211 0.703431 0.455415 0.714811
1 0.764706 0.522934 0.771242 0.533438 0.774276 0.542017 0.773576 0.554447 0.774743 0.556197 0.776377 0.556548 0.783380 0.554622 0.796452 0.553396 0.812558 0.553396 0.829599 0.554447 0.835668 0.554447 0.838002 0.553746 0.837768 0.549895 0.830766 0.528186 0.828431 0.516282 0.827031 0.500000 0.827264 0.480042 0.824697 0.479517 0.822129 0.480742 0.805789 0.491772 0.793417 0.497899 0.768908 0.507353 0.763772 0.508578 0.756536 0.511905 0.757003 0.515581 0.764706 0.522934
1 0.918534 0.585259 0.943511 0.600840 0.963585 0.616597 0.975257 0.626751 0.977124 0.630602 0.978992 0.632003 0.980859 0.632703 0.985761 0.630077 0.989729 0.625175 0.991597 0.620098 0.992297 0.612920 0.997432 0.602241 0.999767 0.600140 0.999767 0.504902 0.997666 0.504377 0.995331 0.501225 0.984360 0.493873 0.980859 0.493697 0.979692 0.495273 0.978291 0.507003 0.969188 0.532738 0.964052 0.541842 0.954482 0.554272 0.950747 0.558473 0.936041 0.569678 0.923669 0.576155 0.916433 0.578256 0.914332 0.580532 0.913866 0.581408 0.918534 0.585259
1 0.696545 0.775560 0.698646 0.779237 0.705882 0.787640 0.714753 0.801821 0.718487 0.809174 0.722923 0.820903 0.725490 0.831232 0.727124 0.834034 0.730626 0.837010 0.745098 0.836134 0.751634 0.836485 0.765873 0.834734 0.838469 0.820728 0.866246 0.811625 0.879085 0.804972 0.890523 0.797619 0.906396 0.783263 0.916433 0.764356 0.920168 0.752276 0.919701 0.730742 0.912465 0.715861 0.908030 0.709559 0.903595 0.705532 0.901027 0.704482 0.862979 0.698529 0.839869 0.691176 0.831699 0.687850 0.827498 0.687675 0.821429 0.689426 0.817694 0.689601 0.812558 0.691352 0.802288 0.695378 0.800187 0.697129 0.799020 0.699405 0.799486 0.707458 0.798553 0.720588 0.794118 0.737395 0.788515 0.745623 0.783147 0.751401 0.777077 0.756127 0.770775 0.759454 0.762838 0.762430 0.749066 0.764881 0.740896 0.764531 0.731793 0.762955 0.709150 0.757178 0.706349 0.757878 0.698880 0.766982 0.696078 0.772409 0.696545 0.775560
1 0.784547 0.661239 0.795051 0.681373 0.796685 0.690301 0.800187 0.695203 0.824930 0.685749 0.822129 0.682423 0.812325 0.675770 0.798319 0.664391 0.786415 0.656688 0.783847 0.656863 0.783380 0.658088 0.784547 0.661239
1 0.434874 0.929272 0.439076 0.935749 0.451447 0.943102 0.456816 0.947479 0.465219 0.948354 0.498366 0.948004 0.509804 0.943978 0.532913 0.933648 0.542951 0.926120 0.553455 0.915091 0.557190 0.912815 0.561158 0.908964 0.576097 0.891807 0.583800 0.881653 0.586835 0.876751 0.585668 0.873249 0.567927 0.853116 0.560458 0.842087 0.552521 0.833683 0.541550 0.816352 0.535481 0.803396 0.528478 0.779062 0.525910 0.773810 0.522409 0.773459 0.516807 0.776436 0.512138 0.777836 0.503968 0.783263 0.503735 0.787115 0.507937 0.800595 0.509570 0.810049 0.509104 0.826856 0.507703 0.835084 0.502801 0.850315 0.492997 0.866597 0.485528 0.875700 0.470588 0.888831 0.460551 0.894433 0.439776 0.900910 0.438375 0.904062 0.437442 0.916141 0.434874 0.929272
1 0.174837 0.880427 0.176937 0.883754 0.180439 0.894258 0.188375 0.907913 0.191643 0.910714 0.195145 0.916141 0.205882 0.927171 0.218254 0.937150 0.244398 0.949055 0.264006 0.954832 0.276611 0.956933 0.282913 0.958859 0.291317 0.959909 0.300187 0.962360 0.304388 0.962535 0.317227 0.966036 0.325864 0.967087 0.336835 0.970063 0.341270 0.971989 0.348973 0.973389 0.355742 0.976190 0.362278 0.977241 0.365780 0.979167 0.370215 0.979342 0.372782 0.980392 0.387255 0.980042 0.401494 0.972164 0.416900 0.958508 0.423669 0.949230 0.430672 0.936625 0.433707 0.925595 0.435808 0.915266 0.436508 0.900035 0.433473 0.883929 0.430906 0.875175 0.420401 0.855917 0.415266 0.848564 0.401027 0.833859 0.387488 0.822129 0.376751 0.815476 0.373016 0.812325 0.345705 0.798845 0.310691 0.785189 0.303221 0.783613 0.293417 0.780287 0.289916 0.780987 0.280112 0.790266 0.271475 0.797094 0.253035 0.809699 0.226657 0.825455 0.220588 0.827906 0.213352 0.832808 0.208450 0.834909 0.184407 0.848739 0.178338 0.852941 0.175070 0.853992 0.172502 0.856092 0.171335 0.860119 0.171102 0.862745 0.174837 0.880427
1 0.000000 0.715861 0.002801 0.716737 0.014239 0.723214 0.019374 0.724615 0.025677 0.727591 0.056022 0.731618 0.064893 0.731968 0.077965 0.733718 0.130019 0.730042 0.140523 0.728641 0.175770 0.721639 0.204482 0.714461 0.236695 0.703957 0.248133 0.700980 0.266106 0.694678 0.282913 0.687500 0.289216 0.683473 0.296685 0.680847 0.299953 0.677696 0.306256 0.674370 0.313725 0.667192 0.318861 0.661239 0.326097 0.646534 0.328431 0.630602 0.327031 0.616597 0.325630 0.612745 0.321895 0.607493 0.302754 0.589811 0.297152 0.583683 0.288982 0.578782 0.276844 0.573880 0.269141 0.569153 0.259570 0.567752 0.248133 0.564076 0.224790 0.561275 0.197479 0.559524 0.177638 0.559349 0.154995 0.561625 0.140523 0.564951 0.122549 0.570553 0.105742 0.576856 0.095938 0.581933 0.088235 0.584734 0.078198 0.589636 0.067460 0.596814 0.057190 0.601366 0.043417 0.609069 0.019141 0.620973 0.011438 0.624125 0.004202 0.629902 0.000000 0.630427 0.000000 0.715861
1 0.014239 0.563725 0.021242 0.581583 0.029178 0.595588 0.039916 0.607843 0.044351 0.607318 0.060924 0.599440 0.090103 0.583158 0.102241 0.578606 0.121849 0.569853 0.143091 0.563375 0.172035 0.557248 0.150327 0.547969 0.125350 0.534139 0.104575 0.519258 0.084967 0.501751 0.066060 0.479342 0.051354 0.454482 0.050187 0.449580 0.043651 0.437325 0.040616 0.439076 0.039449 0.441527 0.035481 0.445903 0.032913 0.451681 0.028478 0.458508 0.027311 0.463410 0.025444 0.466562 0.024977 0.470938 0.022176 0.477416 0.014239 0.518382 0.013772 0.529062 0.011671 0.543067 0.012605 0.556373 0.014239 0.563725
1 0.000000 0.999825 0.133520 0.999825 0.133520 0.998249 0.142390 0.993697 0.146125 0.989146 0.151261 0.986345 0.165733 0.968662 0.173203 0.957633 0.182540 0.935399 0.185107 0.918417 0.184641 0.907913 0.174603 0.884629 0.170635 0.869573 0.166667 0.861520 0.164799 0.860294 0.161298 0.860119 0.146592 0.866597 0.136555 0.869223 0.123249 0.874125 0.095705 0.879552 0.071195 0.881478 0.046452 0.880777 0.029645 0.878326 0.016106 0.873950 0.007003 0.868522 0.001401 0.866071 0.000000 0.866071 0.000000 0.999825
1 0.147059 0.997549 0.147526 0.999825 0.459851 0.999825 0.462185 0.991246 0.464986 0.973214 0.461485 0.959384 0.457049 0.950980 0.449580 0.943627 0.442344 0.938550 0.435574 0.935224 0.432073 0.935399 0.418768 0.957458 0.404762 0.970588 0.398459 0.975315 0.393791 0.977766 0.382120 0.980392 0.373016 0.979692 0.369748 0.978466 0.352708 0.975140 0.338235 0.969888 0.293184 0.960784 0.278711 0.956933 0.265173 0.954482 0.258170 0.952031 0.244631 0.949055 0.238796 0.946954 0.227824 0.941001 0.218487 0.936975 0.209384 0.930672 0.206583 0.929622 0.202614 0.929622 0.197246 0.931373 0.184174 0.938200 0.174837 0.956583 0.165966 0.970763 0.162465 0.974090 0.157096 0.982143 0.146359 0.991246 0.144725 0.994923 0.147059 0.997549
1 0.507937 0.551646 0.503268 0.557248 0.504435 0.560399 0.539449 0.562325 0.544118 0.561275 0.544585 0.560749 0.542017 0.556898 0.538982 0.554447 0.531746 0.545868 0.525444 0.535364 0.522642 0.533613 0.515173 0.533263 0.512138 0.535014 0.510504 0.538690 0.509804 0.545868 0.507937 0.551646
1 0.497199 0.503151 0.505836 0.511905 0.509804 0.525385 0.512138 0.528887 0.515173 0.526786 0.524977 0.512780 0.529412 0.508929 0.531513 0.505077 0.530345 0.501751 0.525910 0.500000 0.510504 0.497549 0.501167 0.498249 0.496732 0.501050 0.496265 0.501751 0.497199 0.503151
1 0.022409 0.748424 0.026377 0.759979 0.029178 0.763305 0.032913 0.762255 0.037815 0.758578 0.065593 0.743172 0.077031 0.737745 0.076564 0.735294 0.073763 0.734244 0.029645 0.728992 0.025444 0.728817 0.023343 0.729517 0.021475 0.730917 0.022409 0.748424
1 0.557190 0.234419 0.566060 0.237745 0.577731 0.238796 0.588235 0.241246 0.600373 0.241772 0.609244 0.241246 0.604108 0.237745 0.597572 0.236169 0.592437 0.234069 0.584967 0.233193 0.581466 0.230742 0.557190 0.227241 0.551587 0.227416 0.550187 0.228116 0.546919 0.234244 0.557190 0.234419