0 0.166200 0.291667 0.168301 0.299370 0.168534 0.304797 0.177638 0.331758 0.185341 0.345238 0.190943 0.352591 0.205882 0.366947 0.225023 0.380252 0.243931 0.387605 0.258870 0.391457 0.271942 0.393382 0.284781 0.393908 0.297386 0.393557 0.303221 0.392507 0.311391 0.388831 0.324463 0.380427 0.329832 0.375000 0.337302 0.366071 0.346172 0.350140 0.347339 0.345238 0.355509 0.330707 0.360411 0.320028 0.364613 0.307248 0.366713 0.297619 0.373950 0.279412 0.376984 0.268032 0.378852 0.251401 0.376050 0.237745 0.371148 0.226190 0.366713 0.219188 0.359944 0.209909 0.354809 0.205182 0.352708 0.201681 0.345005 0.195378 0.324463 0.182598 0.310924 0.177346 0.293184 0.171919 0.276377 0.169293 0.262138 0.168768 0.251867 0.169293 0.239262 0.171218 0.227124 0.174370 0.216620 0.178046 0.211718 0.180672 0.199580 0.189251 0.187675 0.202906 0.179038 0.216737 0.177171 0.222164 0.172269 0.231092 0.168534 0.244573 0.165500 0.258403 0.166200 0.291667
0 0.658263 0.675595 0.666433 0.693452 0.675303 0.706933 0.690710 0.725140 0.700747 0.735644 0.704715 0.741246 0.760271 0.797619 0.772409 0.808473 0.838469 0.854517 0.843371 0.854517 0.859244 0.858018 0.861811 0.857143 0.865546 0.857843 0.868814 0.856968 0.874883 0.857318 0.879552 0.856618 0.883287 0.855042 0.887955 0.854517 0.906629 0.846814 0.917134 0.834559 0.923203 0.823354 0.925537 0.817227 0.929739 0.794993 0.930439 0.785364 0.928105 0.758403 0.922269 0.728992 0.918768 0.719713 0.909897 0.701331 0.902661 0.691527 0.894258 0.678046 0.893324 0.675245 0.887955 0.669818 0.878618 0.654762 0.874183 0.650385 0.863445 0.635854 0.853175 0.626576 0.850140 0.622549 0.812092 0.590336 0.796685 0.579132 0.780579 0.571078 0.771942 0.568452 0.758637 0.566352 0.754902 0.565126 0.744164 0.564776 0.741830 0.564076 0.725023 0.564251 0.711951 0.566702 0.703548 0.569503 0.690243 0.576856 0.671802 0.592262 0.661298 0.606793 0.655462 0.622899 0.652428 0.639006 0.652428 0.650560 0.658263 0.675595
0 0.443277 0.345938 0.454015 0.380252 0.461018 0.393908 0.475724 0.415791 0.479692 0.420868 0.487628 0.428396 0.491130 0.430322 0.502801 0.439426 0.514939 0.446604 0.532913 0.454132 0.543184 0.457108 0.560224 0.459209 0.574463 0.457283 0.582400 0.455007 0.585201 0.453256 0.588469 0.452381 0.599206 0.444853 0.610644 0.429272 0.612045 0.424370 0.617880 0.412640 0.621615 0.401436 0.627218 0.373074 0.626984 0.368697 0.628151 0.366246 0.629552 0.349615 0.628852 0.313901 0.625350 0.293067 0.620915 0.281162 0.612512 0.266457 0.609010 0.258578 0.605742 0.255427 0.599907 0.246324 0.588469 0.233193 0.580065 0.227241 0.567927 0.216211 0.555556 0.208859 0.543417 0.204832 0.535948 0.203782 0.529412 0.201331 0.522642 0.199930 0.516340 0.199230 0.501634 0.199405 0.484360 0.204307 0.481092 0.206408 0.474556 0.208158 0.454949 0.217087 0.448880 0.223564 0.443978 0.230917 0.439542 0.245273 0.437908 0.261029 0.440710 0.331933 0.443277 0.345938
1 0.228758 0.439251 0.230159 0.442577 0.229925 0.446779 0.232960 0.453256 0.234360 0.459734 0.245565 0.477591 0.258403 0.488270 0.264006 0.492297 0.267507 0.493873 0.275444 0.500875 0.279178 0.501926 0.285948 0.506303 0.303221 0.514181 0.320728 0.524335 0.334500 0.529237 0.341970 0.533964 0.366713 0.542017 0.380952 0.545518 0.397526 0.546218 0.421335 0.543592 0.431839 0.539916 0.446312 0.533263 0.457283 0.525910 0.464986 0.518908 0.477358 0.500350 0.481559 0.484244 0.482493 0.474265 0.481793 0.466737 0.478525 0.449230 0.476190 0.442402 0.471289 0.432948 0.464753 0.423845 0.456349 0.416492 0.450514 0.410014 0.435341 0.398810 0.423669 0.393032 0.407796 0.383403 0.369748 0.367472 0.352007 0.362920 0.341970 0.361345 0.332166 0.374300 0.325630 0.380952 0.317927 0.386380 0.313959 0.387780 0.308590 0.391282 0.296919 0.394958 0.279412 0.395133 0.272876 0.394258 0.268908 0.394433 0.255369 0.391807 0.250000 0.389881 0.244398 0.388831 0.237162 0.394258 0.231326 0.400910 0.228758 0.410714 0.228291 0.432073 0.228758 0.439251
1 0.000000 0.929097 0.001634 0.929097 0.005369 0.931197 0.026144 0.927696 0.029178 0.925945 0.039449 0.922619 0.046685 0.917717 0.060691 0.903536 0.063725 0.896709 0.068394 0.892157 0.077965 0.873074 0.084734 0.852766 0.086835 0.842437 0.086601 0.838410 0.088469 0.834909 0.091270 0.818102 0.092437 0.794293 0.094538 0.780812 0.094538 0.751401 0.089636 0.731268 0.086835 0.708333 0.087068 0.699405 0.084967 0.689076 0.082400 0.681022 0.073063 0.661765 0.065359 0.651611 0.058357 0.640406 0.046685 0.628326 0.043417 0.626926 0.034781 0.618172 0.019141 0.607143 0.002101 0.599265 0.000000 0.599265 0.000000 0.929097
1 0.130719 0.845413 0.133287 0.859769 0.136088 0.866071 0.138422 0.876576 0.143324 0.884454 0.145658 0.890406 0.153595 0.902486 0.159897 0.910189 0.173203 0.922619 0.183473 0.929972 0.198413 0.937500 0.217787 0.943277 0.247432 0.945553 0.260037 0.945378 0.272642 0.943627 0.289449 0.938375 0.304388 0.930497 0.320962 0.911415 0.333333 0.892682 0.340103 0.876576 0.344304 0.863270 0.347106 0.852416 0.353641 0.816001 0.355509 0.799720 0.356209 0.779412 0.355976 0.767682 0.354575 0.758578 0.352241 0.750350 0.346639 0.738445 0.342204 0.734069 0.333567 0.729692 0.323296 0.722689 0.308824 0.714286 0.298786 0.706583 0.290850 0.699580 0.277778 0.685399 0.271475 0.677521 0.265173 0.667717 0.259104 0.666317 0.252334 0.665791 0.243464 0.665616 0.238329 0.666667 0.235528 0.668067 0.230859 0.672269 0.224323 0.681548 0.218721 0.686625 0.214052 0.692752 0.197712 0.704307 0.192577 0.707458 0.188609 0.708859 0.178571 0.715511 0.162232 0.720588 0.154295 0.721989 0.151727 0.723739 0.146592 0.734069 0.142157 0.752101 0.134220 0.790441 0.130486 0.813901 0.129785 0.835259 0.130719 0.845413
0 0.620448 0.265581 0.624183 0.275385 0.623950 0.279412 0.633520 0.294643 0.640289 0.303221 0.648926 0.310749 0.672969 0.329482 0.675070 0.332283 0.679739 0.332983 0.692110 0.341912 0.705415 0.354867 0.709617 0.357143 0.720355 0.366597 0.721755 0.369573 0.751634 0.388305 0.769141 0.396359 0.774977 0.396884 0.783147 0.396534 0.793651 0.394608 0.810224 0.386730 0.814426 0.383754 0.819561 0.379727 0.820962 0.377276 0.824697 0.375175 0.832400 0.366071 0.836835 0.359244 0.841270 0.348915 0.844538 0.329482 0.844538 0.321254 0.841503 0.306022 0.839402 0.298845 0.832400 0.285189 0.828898 0.275210 0.815826 0.251225 0.799253 0.229692 0.787582 0.217962 0.767740 0.201331 0.745331 0.186975 0.723623 0.176821 0.702614 0.173144 0.695612 0.172619 0.685808 0.173494 0.678805 0.175070 0.661298 0.181898 0.647526 0.190826 0.639589 0.195028 0.631886 0.202556 0.626284 0.210434 0.623016 0.216737 0.623016 0.220938 0.620915 0.223915 0.619281 0.232843 0.618814 0.252976 0.620448 0.265581
1 0.449113 0.567927 0.452381 0.574580 0.461951 0.588235 0.482260 0.625000 0.496265 0.656863 0.503501 0.667542 0.511204 0.676120 0.525910 0.688550 0.536648 0.696078 0.546218 0.700980 0.557423 0.704832 0.564659 0.705182 0.568861 0.704482 0.581232 0.699755 0.602708 0.683824 0.613445 0.671043 0.615546 0.665441 0.620915 0.656162 0.625584 0.644258 0.628151 0.631478 0.629552 0.598915 0.628852 0.585084 0.625817 0.570553 0.622782 0.561975 0.621849 0.556548 0.615079 0.537990 0.600607 0.509804 0.591270 0.498249 0.583333 0.485994 0.580999 0.484244 0.570962 0.472164 0.563492 0.465336 0.553688 0.459559 0.540383 0.457458 0.512372 0.448354 0.495098 0.449230 0.484594 0.451681 0.482026 0.452906 0.481092 0.456057 0.484127 0.470063 0.483193 0.473214 0.482726 0.485469 0.479925 0.497374 0.476190 0.505427 0.471522 0.512955 0.465219 0.520833 0.456583 0.528186 0.443744 0.536765 0.442344 0.543592 0.449113 0.567927
1 0.358310 0.803396 0.360177 0.814426 0.370215 0.853992 0.376050 0.887955 0.379552 0.900735 0.385854 0.917892 0.395658 0.933473 0.408497 0.946254 0.414332 0.949930 0.425070 0.954307 0.443744 0.959034 0.451214 0.959734 0.468487 0.958508 0.482026 0.955182 0.487628 0.954482 0.497899 0.950280 0.514706 0.941352 0.528478 0.931548 0.544351 0.916492 0.559757 0.893908 0.565593 0.878852 0.570728 0.860119 0.573296 0.842087 0.573296 0.820028 0.572129 0.800070 0.568627 0.784839 0.561391 0.761029 0.555556 0.735119 0.547852 0.719363 0.541083 0.708508 0.534314 0.701506 0.522642 0.692752 0.505135 0.685224 0.500233 0.685049 0.497666 0.687675 0.497899 0.692752 0.492764 0.706583 0.485761 0.715861 0.484594 0.720413 0.481559 0.723739 0.484360 0.729167 0.502288 0.753204 0.499858 0.755481 0.496518 0.756164 0.486193 0.742271 0.477124 0.735994 0.474323 0.734419 0.471755 0.734069 0.470355 0.731092 0.466853 0.731443 0.462885 0.734069 0.462885 0.737920 0.464052 0.739671 0.463352 0.741947 0.451447 0.744748 0.449580 0.744048 0.442344 0.744748 0.435574 0.747549 0.419234 0.749475 0.399393 0.748775 0.382586 0.746148 0.376751 0.744398 0.373016 0.744223 0.369981 0.746849 0.367180 0.752101 0.361578 0.766632 0.358777 0.779937 0.358077 0.785539 0.358310 0.803396
1 0.000000 0.519783 0.001867 0.519958 0.004902 0.524160 0.015406 0.531863 0.053688 0.549720 0.056956 0.549195 0.074230 0.551296 0.088235 0.549895 0.096172 0.548319 0.109944 0.543242 0.120915 0.540091 0.130019 0.535889 0.144024 0.527661 0.166200 0.509979 0.173669 0.502451 0.185574 0.486870 0.189076 0.477591 0.192110 0.463235 0.200514 0.445728 0.204715 0.433123 0.205882 0.425595 0.204482 0.397234 0.203081 0.391457 0.202381 0.380077 0.199813 0.369573 0.197246 0.362745 0.192344 0.356268 0.189776 0.354167 0.179739 0.338936 0.171335 0.321254 0.154528 0.312675 0.147526 0.310399 0.139589 0.308824 0.136788 0.306898 0.120215 0.304797 0.113912 0.304797 0.105742 0.305847 0.087302 0.305497 0.074697 0.306723 0.050420 0.312150 0.032913 0.320028 0.025910 0.324230 0.022409 0.325105 0.012372 0.332283 0.007470 0.334559 0.002568 0.338235 0.000000 0.338936 0.000000 0.519783
1 0.000000 0.338060 0.001401 0.338060 0.004902 0.336310 0.011905 0.330532 0.029178 0.320378 0.036415 0.317927 0.048319 0.312325 0.067460 0.307248 0.088002 0.304447 0.106209 0.304622 0.112745 0.303746 0.120215 0.303922 0.129785 0.305672 0.137021 0.305322 0.138655 0.300595 0.137955 0.292542 0.133754 0.278711 0.127918 0.267157 0.119048 0.254552 0.106209 0.239846 0.091503 0.226891 0.084734 0.222339 0.071429 0.215336 0.050887 0.208333 0.040616 0.207108 0.022176 0.206408 0.014472 0.207108 0.005135 0.209034 0.000000 0.210959 0.000000 0.338060
1 0.569328 0.469888 0.582400 0.484944 0.597106 0.504902 0.607843 0.522934 0.618114 0.544818 0.625817 0.569153 0.628852 0.586310 0.629552 0.603641 0.628852 0.623249 0.626284 0.644083 0.626751 0.644783 0.633520 0.644433 0.639122 0.641982 0.644491 0.640756 0.650794 0.637080 0.653128 0.623249 0.655929 0.614321 0.666433 0.595938 0.669935 0.591387 0.673903 0.588235 0.675303 0.585784 0.678805 0.583859 0.683240 0.579132 0.690243 0.574405 0.693744 0.571078 0.689076 0.567577 0.682073 0.566702 0.678571 0.565301 0.675070 0.565476 0.668301 0.562850 0.659664 0.557423 0.649627 0.548845 0.646125 0.544818 0.639589 0.536590 0.626284 0.516632 0.622316 0.508754 0.615780 0.487220 0.614613 0.457283 0.615079 0.446078 0.612979 0.439251 0.605976 0.440301 0.598584 0.447596 0.583800 0.455882 0.573996 0.459034 0.568861 0.459909 0.564192 0.463060 0.565826 0.466912 0.569328 0.469888
1 0.256303 0.588679 0.256536 0.605592 0.255602 0.619923 0.256303 0.630427 0.259104 0.643732 0.262138 0.650735 0.262838 0.655987 0.272176 0.675070 0.276844 0.682423 0.292951 0.700455 0.299720 0.706408 0.313025 0.715861 0.335201 0.729167 0.347806 0.735294 0.356209 0.738270 0.365313 0.740196 0.370448 0.742472 0.389823 0.746674 0.409197 0.748599 0.427871 0.747549 0.436275 0.745973 0.445845 0.743172 0.449813 0.743697 0.455521 0.739310 0.459851 0.735294 0.463416 0.731794 0.466150 0.730200 0.466453 0.727694 0.467364 0.727922 0.479208 0.734755 0.495607 0.756620 0.498947 0.755253 0.501984 0.753659 0.479208 0.723595 0.475867 0.720862 0.472831 0.719267 0.473156 0.716912 0.477824 0.718487 0.480626 0.718662 0.484360 0.715861 0.489963 0.708683 0.492764 0.703957 0.496265 0.693452 0.497432 0.686099 0.497199 0.681197 0.492997 0.654937 0.483193 0.629377 0.475257 0.613270 0.462885 0.591912 0.447246 0.569853 0.430672 0.551821 0.424370 0.545868 0.421802 0.544643 0.416200 0.544468 0.407796 0.546394 0.400093 0.547269 0.387021 0.546919 0.370215 0.543242 0.354809 0.538866 0.339869 0.533088 0.332166 0.528887 0.320728 0.524685 0.315359 0.521008 0.310458 0.519258 0.304155 0.514881 0.291783 0.510154 0.286181 0.506478 0.279645 0.504202 0.275910 0.504377 0.272642 0.505777 0.260971 0.515406 0.256536 0.529587 0.253501 0.548319 0.253501 0.565651 0.256303 0.588679
1 0.784080 0.213060 0.803922 0.233193 0.818861 0.253501 0.831699 0.276786 0.834267 0.286415 0.839636 0.296919 0.843371 0.308473 0.845238 0.317752 0.845472 0.328782 0.847339 0.334559 0.859711 0.342787 0.869748 0.347339 0.881653 0.349090 0.924837 0.359769 0.931839 0.357143 0.949813 0.356092 0.953081 0.354692 0.956349 0.354517 0.960317 0.351015 0.970588 0.346814 0.973389 0.343312 0.977358 0.341737 0.983193 0.333859 0.984827 0.328606 0.984827 0.323980 0.986695 0.314251 0.988796 0.279062 0.986461 0.266457 0.982026 0.216387 0.978758 0.199405 0.974323 0.189076 0.960084 0.167717 0.948413 0.155637 0.939309 0.150210 0.934407 0.145308 0.924370 0.141106 0.920401 0.138655 0.905462 0.133578 0.893791 0.131127 0.888889 0.130777 0.873950 0.130602 0.854108 0.131653 0.845005 0.135679 0.827965 0.139356 0.820261 0.142507 0.812325 0.146884 0.803455 0.154062 0.797619 0.161064 0.789683 0.174370 0.784547 0.189251 0.782446 0.200630 0.782213 0.207808 0.784080 0.213060
1 0.805556 0.442402 0.815126 0.463761 0.823529 0.477766 0.840336 0.499475 0.855509 0.517332 0.862512 0.523810 0.880252 0.538165 0.885854 0.540791 0.909430 0.557423 0.921802 0.563025 0.926471 0.564251 0.935107 0.569503 0.940943 0.571779 0.956583 0.576331 0.976190 0.579307 0.987395 0.579132 0.999767 0.575805 0.999767 0.414391 0.997666 0.412990 0.997432 0.411415 0.984127 0.397759 0.972222 0.388480 0.947479 0.372549 0.923436 0.361169 0.915266 0.358368 0.893557 0.352941 0.880019 0.351015 0.869514 0.350840 0.845472 0.355742 0.839636 0.359069 0.823529 0.379027 0.812792 0.387255 0.807656 0.389706 0.802988 0.393908 0.801120 0.403711 0.800887 0.418943 0.805556 0.442402
1 0.377918 0.269083 0.370682 0.289741 0.361578 0.320203 0.345472 0.354342 0.345472 0.359244 0.347806 0.360819 0.352474 0.361345 0.356909 0.363095 0.367647 0.365371 0.394258 0.376050 0.397292 0.377976 0.400794 0.378852 0.436975 0.398985 0.448880 0.407038 0.456116 0.414566 0.465453 0.422444 0.471055 0.429622 0.473856 0.435749 0.475957 0.437500 0.477358 0.440126 0.481793 0.436099 0.484360 0.432423 0.484360 0.427521 0.477358 0.418592 0.475257 0.417367 0.472689 0.414216 0.470588 0.409664 0.460551 0.394783 0.455182 0.385154 0.448179 0.367122 0.441410 0.342262 0.438375 0.307773 0.437208 0.270833 0.438375 0.244398 0.436041 0.242122 0.428338 0.238445 0.418067 0.236345 0.406863 0.235119 0.393324 0.234769 0.384687 0.236345 0.380019 0.237745 0.377918 0.240896 0.379785 0.248249 0.377918 0.269083
1 0.561858 0.758228 0.572362 0.791492 0.581232 0.812150 0.600607 0.845763 0.613912 0.864496 0.629085 0.888130 0.655929 0.919818 0.683707 0.946078 0.692577 0.952731 0.702614 0.956758 0.709384 0.960784 0.727124 0.966211 0.741130 0.968312 0.755135 0.968487 0.761671 0.967437 0.768674 0.964286 0.776144 0.958508 0.787348 0.947129 0.790149 0.943277 0.796919 0.925420 0.798786 0.909314 0.797152 0.887255 0.771475 0.810399 0.769841 0.807248 0.734594 0.773109 0.693744 0.730042 0.668301 0.698704 0.663632 0.692052 0.661064 0.685224 0.658030 0.680847 0.647292 0.677171 0.640756 0.675770 0.628151 0.674720 0.615079 0.674720 0.612745 0.675245 0.602007 0.686099 0.594304 0.692052 0.588235 0.695553 0.583100 0.699755 0.574697 0.703957 0.566993 0.706583 0.565593 0.707808 0.563025 0.713060 0.559290 0.729517 0.559057 0.738971 0.561858 0.758228
1 0.906396 0.695378 0.912698 0.705532 0.914099 0.710084 0.920635 0.722164 0.924603 0.734594 0.929505 0.762955 0.930906 0.777661 0.930906 0.793768 0.926471 0.816877 0.923903 0.823880 0.917600 0.835784 0.907096 0.846989 0.899860 0.850665 0.887255 0.855217 0.883987 0.856268 0.880719 0.856092 0.875117 0.857843 0.841970 0.851190 0.839636 0.852591 0.839169 0.855917 0.869281 0.876050 0.877918 0.880252 0.886555 0.882878 0.890523 0.885854 0.894024 0.886204 0.901494 0.889356 0.913399 0.892507 0.918534 0.894608 0.942810 0.898634 0.945845 0.899860 0.959851 0.900735 0.970822 0.899860 0.982726 0.895658 0.987862 0.895658 0.999767 0.888305 0.999767 0.779412 0.997899 0.779062 0.996265 0.772409 0.993697 0.767507 0.989029 0.747899 0.980392 0.723915 0.971989 0.709209 0.969188 0.706583 0.964986 0.700455 0.959384 0.694678 0.955415 0.692402 0.951681 0.688550 0.935574 0.676296 0.911765 0.660714 0.900327 0.654587 0.876751 0.645658 0.873249 0.645833 0.872082 0.647409 0.876751 0.652311 0.906396 0.695378
1 0.799486 0.469538 0.799020 0.481793 0.796919 0.496499 0.792484 0.512080 0.780812 0.531513 0.770075 0.544643 0.754435 0.556548 0.746965 0.560749 0.750934 0.563901 0.776144 0.568627 0.791550 0.575630 0.802521 0.582283 0.810224 0.588060 0.843604 0.616772 0.852708 0.622899 0.856209 0.621148 0.863445 0.612745 0.870448 0.600140 0.875117 0.588761 0.877451 0.580707 0.880252 0.564076 0.881186 0.553922 0.880486 0.542717 0.871849 0.532563 0.854809 0.517682 0.826564 0.483894 0.820028 0.474790 0.806956 0.449580 0.803221 0.446078 0.797386 0.446078 0.796452 0.446954 0.795985 0.449580 0.799486 0.469538
1 0.000000 0.999825 0.120448 0.999825 0.124416 0.974615 0.130019 0.923669 0.131886 0.914916 0.132353 0.904237 0.134921 0.890931 0.135621 0.873249 0.130952 0.856618 0.125817 0.821078 0.120915 0.808648 0.117414 0.803571 0.116480 0.799895 0.105742 0.783613 0.102241 0.779412 0.098739 0.776961 0.095705 0.778186 0.093838 0.795343 0.092904 0.817752 0.091270 0.824230 0.091270 0.828081 0.089169 0.834734 0.086835 0.852591 0.071895 0.890931 0.069561 0.894433 0.065126 0.897759 0.058824 0.908088 0.053688 0.911415 0.051821 0.914216 0.045985 0.919643 0.041317 0.922794 0.035481 0.925595 0.012255 0.931548 0.000000 0.932773 0.000000 0.999825
1 0.988562 0.308123 0.985528 0.324405 0.985061 0.331583 0.982260 0.338060 0.978992 0.342262 0.975724 0.344713 0.959617 0.353116 0.949813 0.355217 0.946312 0.356968 0.929272 0.357668 0.924837 0.359244 0.927871 0.362920 0.947946 0.372024 0.959851 0.380077 0.969188 0.385154 0.981092 0.394258 0.983894 0.395133 0.991597 0.388305 0.997899 0.379377 0.999767 0.379202 0.999767 0.294818 0.997899 0.294643 0.995331 0.289741 0.991597 0.286239 0.990663 0.286239 0.989262 0.289216 0.988562 0.308123
1 0.045051 0.579919 0.044118 0.592262 0.048786 0.623599 0.051587 0.630077 0.070028 0.654587 0.075630 0.663515 0.082400 0.676471 0.087068 0.692927 0.090336 0.700455 0.107143 0.715336 0.116246 0.719013 0.119281 0.720938 0.126517 0.722864 0.140756 0.723739 0.150794 0.722689 0.158030 0.720238 0.164799 0.719363 0.179038 0.713936 0.183707 0.710609 0.193277 0.705882 0.212652 0.692577 0.215686 0.688025 0.225023 0.678746 0.229925 0.672269 0.233193 0.666141 0.237162 0.661940 0.248366 0.633754 0.250467 0.626401 0.252801 0.613095 0.254202 0.592612 0.253968 0.584034 0.251167 0.564251 0.247199 0.549720 0.235528 0.520133 0.228525 0.508053 0.220822 0.497724 0.214052 0.490546 0.207750 0.485994 0.199113 0.480917 0.192810 0.478992 0.191176 0.479167 0.189309 0.480217 0.188142 0.484244 0.183473 0.491947 0.171102 0.506828 0.158497 0.517857 0.151261 0.522409 0.144491 0.528186 0.129085 0.537290 0.122782 0.540616 0.101541 0.547794 0.081466 0.551996 0.064192 0.551646 0.053455 0.549545 0.050187 0.551120 0.048086 0.557248 0.044118 0.574580 0.045051 0.579919
1 0.000000 0.594013 0.001634 0.594013 0.008870 0.590861 0.011905 0.590336 0.019608 0.586835 0.027544 0.581408 0.033147 0.576506 0.044351 0.561800 0.048319 0.550245 0.045752 0.546744 0.039683 0.544118 0.035714 0.540966 0.031979 0.539041 0.023576 0.536415 0.013305 0.530987 0.003735 0.523985 0.001634 0.521183 0.000000 0.521183 0.000000 0.594013
1 0.090803 0.731268 0.093137 0.737570 0.095238 0.751751 0.096405 0.754552 0.099206 0.755777 0.106209 0.754027 0.116480 0.752801 0.134220 0.746324 0.141457 0.741071 0.143324 0.738796 0.148459 0.727591 0.149160 0.723915 0.147526 0.723214 0.138889 0.723739 0.127218 0.723039 0.120448 0.721464 0.108077 0.715336 0.091970 0.701856 0.088469 0.700630 0.087768 0.702731 0.088469 0.717437 0.090803 0.731268
1 0.564426 0.214811 0.567694 0.217787 0.572129 0.219538 0.584967 0.230742 0.590570 0.234419 0.592904 0.238095 0.600840 0.246324 0.605976 0.255077 0.611345 0.261204 0.618114 0.273284 0.619281 0.277836 0.622082 0.281338 0.623016 0.286590 0.626050 0.292367 0.626517 0.297444 0.629318 0.307598 0.631186 0.345588 0.628852 0.361520 0.629552 0.366772 0.624416 0.390931 0.623249 0.404762 0.623483 0.403361 0.625350 0.401786 0.626751 0.401611 0.629085 0.397234 0.635154 0.389706 0.643091 0.382003 0.646592 0.380252 0.651261 0.376401 0.656863 0.369923 0.659430 0.363270 0.665500 0.353817 0.669001 0.343838 0.671335 0.331232 0.669701 0.328081 0.652894 0.315126 0.638422 0.302346 0.630019 0.290441 0.624183 0.283789 0.623716 0.279412 0.621849 0.275560 0.617414 0.251576 0.618114 0.235819 0.620448 0.223739 0.622782 0.217087 0.622082 0.215861 0.619514 0.214461 0.609477 0.211660 0.595705 0.210784 0.566527 0.209909 0.562092 0.212885 0.561858 0.213585 0.564426 0.214811
0 0.615313 0.472164 0.617647 0.494748 0.624883 0.514181 0.629552 0.520483 0.635621 0.531688 0.642157 0.538866 0.648226 0.547794 0.661998 0.559174 0.671102 0.563550 0.681373 0.565301 0.711018 0.564076 0.722222 0.562675 0.738095 0.562675 0.741597 0.561975 0.754435 0.555497 0.759337 0.550945 0.762138 0.549720 0.769841 0.543768 0.781513 0.529587 0.790616 0.513831 0.793651 0.505777 0.796452 0.494048 0.798086 0.484594 0.798553 0.468137 0.794118 0.446078 0.789916 0.436975 0.781746 0.424895 0.776144 0.419293 0.771709 0.416492 0.764472 0.408789 0.754669 0.397934 0.748833 0.389356 0.733193 0.377451 0.720588 0.370623 0.710551 0.367472 0.696078 0.364496 0.688609 0.364496 0.682773 0.365371 0.672969 0.368522 0.655696 0.376050 0.642624 0.385154 0.636321 0.390931 0.630952 0.397409 0.624883 0.408613 0.620915 0.418067 0.617647 0.432248 0.615313 0.446078 0.615313 0.472164
1 0.140523 0.306898 0.148693 0.308824 0.164566 0.315651 0.166900 0.317577 0.171802 0.318803 0.172502 0.317577 0.172035 0.314076 0.169935 0.310574 0.166900 0.301296 0.165266 0.271534 0.165500 0.257178 0.166433 0.251225 0.164799 0.248950 0.160598 0.251401 0.157563 0.254552 0.150093 0.265056 0.143791 0.278536 0.140056 0.293768 0.139589 0.304097 0.140523 0.306898
1 0.204015 0.379552 0.205649 0.411590 0.207049 0.421394 0.205882 0.432598 0.203081 0.439426 0.202148 0.446078 0.205415 0.447654 0.210084 0.448354 0.224556 0.448354 0.226891 0.447829 0.228291 0.446429 0.226424 0.435574 0.226891 0.425070 0.226190 0.421569 0.226424 0.414216 0.228058 0.405987 0.233427 0.395658 0.236228 0.391457 0.237862 0.390406 0.233894 0.388130 0.229225 0.382878 0.217787 0.375875 0.203081 0.365196 0.200980 0.365896 0.201214 0.369923 0.204015 0.379552
1 0.196779 0.478291 0.207750 0.484944 0.214986 0.490546 0.225023 0.501751 0.234594 0.517332 0.242764 0.533613 0.248133 0.550245 0.250467 0.551296 0.251634 0.553046 0.254202 0.533088 0.259104 0.516982 0.263305 0.511029 0.275210 0.501576 0.272176 0.498249 0.263072 0.492822 0.246732 0.480042 0.236461 0.465511 0.229692 0.452381 0.227358 0.450455 0.223389 0.450980 0.218487 0.450630 0.213585 0.451506 0.209851 0.455707 0.199813 0.461660 0.194911 0.465511 0.192344 0.473739 0.192344 0.477591 0.196779 0.478291