0 0.262838 0.345063 0.263305 0.349090 0.268207 0.359769 0.274510 0.368172 0.277077 0.373074 0.283147 0.378151 0.291550 0.389181 0.310458 0.408789 0.322829 0.423144 0.329365 0.432598 0.336368 0.438200 0.342904 0.445903 0.348506 0.450805 0.359244 0.453957 0.371615 0.459734 0.390756 0.470938 0.397526 0.471289 0.405462 0.469363 0.414799 0.465861 0.432540 0.452906 0.445845 0.439076 0.454015 0.428922 0.458917 0.421744 0.466853 0.406513 0.470355 0.392857 0.474790 0.335959 0.474556 0.313725 0.472923 0.300245 0.469188 0.279587 0.464753 0.268908 0.454482 0.254727 0.443511 0.243522 0.435107 0.236695 0.419701 0.226190 0.415266 0.223389 0.408263 0.220763 0.400327 0.220238 0.387488 0.218137 0.358543 0.217787 0.346639 0.218312 0.328198 0.220938 0.323529 0.222339 0.297852 0.237220 0.294585 0.240721 0.286181 0.247199 0.280579 0.256303 0.277311 0.258578 0.266807 0.298494 0.260037 0.316001 0.259337 0.319853 0.258637 0.332633 0.262838 0.345063
0 0.475257 0.303746 0.477591 0.337360 0.478758 0.342087 0.484127 0.354692 0.483894 0.377626 0.484827 0.386905 0.482026 0.400560 0.481326 0.414916 0.485994 0.430497 0.493931 0.440651 0.503035 0.447129 0.508637 0.449755 0.518674 0.452206 0.529412 0.452731 0.534080 0.454482 0.542951 0.456408 0.557656 0.456933 0.566993 0.455007 0.570962 0.456408 0.577031 0.456057 0.579132 0.452906 0.584500 0.451155 0.589869 0.448004 0.595705 0.446254 0.605509 0.441527 0.628618 0.422619 0.642157 0.404587 0.642624 0.402311 0.651261 0.387430 0.658263 0.356618 0.660831 0.322129 0.659897 0.313901 0.656162 0.300420 0.651727 0.289916 0.645191 0.279062 0.630019 0.258403 0.624183 0.253676 0.623249 0.251576 0.618114 0.248249 0.608777 0.239146 0.598739 0.232843 0.589402 0.228992 0.580999 0.227766 0.570728 0.225140 0.563725 0.224440 0.550187 0.226541 0.536415 0.226015 0.525910 0.226891 0.522642 0.227766 0.507703 0.236169 0.494398 0.245098 0.488095 0.253501 0.483660 0.257878 0.475257 0.272759 0.471989 0.281863 0.471755 0.286415 0.475257 0.303746
0 0.757003 0.488270 0.758170 0.491422 0.760738 0.494748 0.764706 0.513305 0.768441 0.518908 0.775444 0.525910 0.779178 0.528361 0.786648 0.531863 0.793884 0.533789 0.800654 0.537465 0.810458 0.539566 0.815359 0.541317 0.820495 0.542192 0.828431 0.542192 0.834734 0.540441 0.841970 0.539741 0.851074 0.536940 0.855976 0.534489 0.863445 0.528186 0.876284 0.522059 0.880486 0.520833 0.893091 0.514006 0.899393 0.509454 0.908030 0.506303 0.972222 0.446078 0.974323 0.442752 0.982026 0.421043 0.985294 0.415616 0.989262 0.397234 0.991130 0.396534 0.993931 0.390231 0.996032 0.377451 0.995565 0.369748 0.991830 0.349615 0.989029 0.341737 0.984127 0.332108 0.983193 0.327906 0.974790 0.313550 0.956583 0.304797 0.937208 0.304972 0.928571 0.304272 0.907330 0.305497 0.897292 0.308824 0.887021 0.314076 0.861345 0.330707 0.855275 0.333333 0.844304 0.339636 0.840103 0.342962 0.829132 0.356268 0.823296 0.361870 0.818394 0.369748 0.818861 0.371324 0.782913 0.425595 0.774977 0.434874 0.765406 0.441352 0.761204 0.446078 0.758403 0.456933 0.757003 0.470238 0.756303 0.480042 0.757003 0.488270
0 0.166900 0.528186 0.172035 0.532563 0.173203 0.534664 0.175537 0.535714 0.186508 0.544643 0.191176 0.546569 0.204482 0.557248 0.207516 0.558648 0.212652 0.563725 0.220121 0.573704 0.228291 0.580707 0.232026 0.586310 0.250233 0.601366 0.253735 0.606092 0.300420 0.640406 0.330999 0.647584 0.355275 0.655987 0.369981 0.660014 0.393091 0.663340 0.407796 0.667192 0.414799 0.667017 0.445845 0.658438 0.454015 0.654937 0.458683 0.651436 0.463352 0.649685 0.466853 0.647409 0.470355 0.646534 0.476891 0.642332 0.483894 0.636730 0.489262 0.630077 0.492997 0.623074 0.493464 0.615546 0.489029 0.591912 0.483894 0.577731 0.476891 0.564076 0.468954 0.551996 0.451681 0.534314 0.442577 0.517857 0.421802 0.497199 0.413165 0.490196 0.406629 0.482668 0.401611 0.479429 0.398226 0.474440 0.383754 0.469363 0.380952 0.466562 0.373249 0.461310 0.366713 0.458333 0.352474 0.454657 0.331699 0.453957 0.323996 0.450805 0.310691 0.447304 0.303922 0.446429 0.293184 0.446254 0.278945 0.443452 0.266807 0.442927 0.247899 0.443627 0.233193 0.445728 0.221755 0.449580 0.220588 0.451681 0.218721 0.452731 0.216620 0.453256 0.213119 0.452556 0.206583 0.453431 0.196078 0.458158 0.187908 0.463410 0.168301 0.481793 0.164799 0.487745 0.164332 0.491246 0.161998 0.494573 0.160131 0.501576 0.159897 0.515756 0.166900 0.528186
0 0.605742 0.762955 0.618581 0.785539 0.626751 0.796394 0.640289 0.810924 0.649860 0.818627 0.655929 0.822304 0.671569 0.827906 0.683940 0.828081 0.701214 0.825630 0.720822 0.818627 0.726891 0.815301 0.732726 0.810749 0.748366 0.795518 0.770542 0.768908 0.778011 0.758754 0.785481 0.741071 0.793184 0.713235 0.795051 0.701681 0.797619 0.692577 0.798086 0.685574 0.796452 0.647059 0.790383 0.619923 0.782913 0.606092 0.779645 0.603641 0.776377 0.598564 0.767974 0.592262 0.741130 0.578957 0.720822 0.575105 0.712652 0.575105 0.707283 0.575980 0.696078 0.580182 0.682773 0.586660 0.669468 0.597864 0.665266 0.603466 0.650327 0.619748 0.635154 0.641807 0.630719 0.646534 0.619281 0.664041 0.610878 0.681548 0.605976 0.699405 0.602474 0.717087 0.602708 0.742472 0.605742 0.762955
0 0.244865 0.831933 0.246499 0.834909 0.246965 0.845413 0.250467 0.855742 0.265406 0.874125 0.272176 0.880602 0.275910 0.882878 0.279178 0.888305 0.293417 0.900385 0.313725 0.911940 0.320962 0.914741 0.327965 0.916141 0.330766 0.915966 0.355509 0.921744 0.373016 0.924020 0.387488 0.924020 0.396592 0.922969 0.408497 0.922619 0.418534 0.920868 0.430906 0.916842 0.439076 0.915441 0.444211 0.913690 0.470588 0.910014 0.475490 0.907913 0.480859 0.904412 0.491130 0.901961 0.494631 0.899510 0.505135 0.895833 0.520075 0.887955 0.525910 0.883053 0.530112 0.877451 0.532913 0.876576 0.538982 0.872199 0.548086 0.867822 0.552521 0.862220 0.554388 0.857493 0.554622 0.846814 0.552754 0.834734 0.547152 0.824580 0.529879 0.802346 0.518908 0.794468 0.491597 0.778361 0.477591 0.772059 0.457049 0.766282 0.449346 0.764881 0.405929 0.762430 0.390289 0.759979 0.386788 0.758754 0.383754 0.759979 0.376751 0.759629 0.373249 0.761029 0.363212 0.762255 0.355742 0.762430 0.345472 0.763831 0.337768 0.763130 0.324463 0.765756 0.286648 0.776961 0.272409 0.782738 0.266807 0.786239 0.255135 0.800420 0.247666 0.812675 0.246032 0.817402 0.246499 0.824055 0.244865 0.831933
1 0.158030 0.140931 0.161298 0.155112 0.177404 0.185749 0.181373 0.190651 0.181606 0.192577 0.184641 0.195203 0.189309 0.205357 0.201214 0.220588 0.208683 0.227241 0.212185 0.229167 0.220355 0.237570 0.236461 0.250175 0.264706 0.269958 0.269141 0.272234 0.272409 0.273459 0.278011 0.257528 0.281979 0.251401 0.288515 0.243697 0.299020 0.235294 0.320962 0.222164 0.328431 0.219363 0.348973 0.216211 0.359010 0.217087 0.373483 0.217087 0.375817 0.216562 0.384220 0.216737 0.386788 0.215686 0.387722 0.213761 0.387722 0.195728 0.384921 0.175245 0.382120 0.167367 0.380019 0.157563 0.371849 0.133754 0.360411 0.112220 0.346172 0.091912 0.314192 0.057773 0.309290 0.050420 0.297152 0.042542 0.283613 0.036064 0.262138 0.031863 0.241363 0.030112 0.233660 0.030112 0.227591 0.030987 0.216620 0.034314 0.204248 0.036064 0.200455 0.038384 0.193744 0.039391 0.189309 0.041141 0.177404 0.049720 0.170635 0.061450 0.167834 0.063375 0.166433 0.069503 0.157796 0.086310 0.154295 0.104517 0.154062 0.116422 0.158030 0.140931
1 0.429972 0.000000 0.429739 0.001926 0.424136 0.012080 0.422502 0.019783 0.419001 0.029237 0.415033 0.036415 0.410831 0.050770 0.410131 0.056898 0.409197 0.069853 0.410131 0.085259 0.413399 0.102416 0.419234 0.120448 0.423436 0.129377 0.430205 0.137955 0.435341 0.147584 0.447479 0.162290 0.452381 0.169993 0.458450 0.175595 0.463352 0.182423 0.465920 0.183999 0.467087 0.185749 0.470588 0.187150 0.480859 0.197304 0.527077 0.223214 0.537815 0.224615 0.560924 0.222514 0.566760 0.219013 0.574463 0.215861 0.586601 0.203431 0.594304 0.197479 0.618114 0.168768 0.626751 0.151786 0.630252 0.139881 0.633520 0.123950 0.638655 0.092087 0.639122 0.083508 0.638422 0.076068 0.640523 0.074405 0.641223 0.064076 0.632120 0.036765 0.631653 0.032738 0.628618 0.027661 0.627451 0.022584 0.620915 0.007703 0.616246 0.001576 0.616246 0.000000 0.429972 0.000000
1 0.313259 0.053922 0.346172 0.090336 0.356909 0.104342 0.371382 0.128501 0.377451 0.144783 0.380252 0.148634 0.384921 0.151261 0.386788 0.154237 0.397292 0.153711 0.410131 0.147584 0.415033 0.147234 0.417834 0.146008 0.421802 0.145658 0.426937 0.144083 0.427404 0.140581 0.420168 0.127451 0.414566 0.112395 0.410131 0.092087 0.407563 0.074580 0.407330 0.065476 0.409197 0.051120 0.411998 0.038165 0.414799 0.032738 0.415966 0.026261 0.417600 0.022584 0.416900 0.020833 0.414566 0.019958 0.411765 0.022409 0.405929 0.022409 0.396825 0.025735 0.393557 0.028011 0.383754 0.029937 0.379318 0.032038 0.362278 0.037640 0.339402 0.042542 0.331466 0.043417 0.319561 0.045868 0.314893 0.047094 0.312792 0.048845 0.311858 0.050245 0.313259 0.053922
1 0.642157 0.060924 0.642624 0.068803 0.640756 0.087185 0.636788 0.106268 0.634454 0.126751 0.631419 0.139881 0.626050 0.156863 0.620448 0.167017 0.614613 0.176120 0.608777 0.182073 0.597806 0.195903 0.592904 0.203431 0.591970 0.206583 0.593838 0.207983 0.596639 0.216912 0.603875 0.224265 0.612745 0.239671 0.616597 0.242735 0.637021 0.263831 0.638889 0.262780 0.640523 0.259104 0.640756 0.235294 0.644958 0.214636 0.644958 0.202381 0.651494 0.176296 0.657096 0.136204 0.662232 0.123950 0.664099 0.116597 0.674603 0.099265 0.689776 0.079307 0.699580 0.074580 0.707283 0.064076 0.708450 0.060749 0.697712 0.049020 0.689776 0.041667 0.683940 0.040091 0.672969 0.035014 0.650093 0.031688 0.639589 0.032913 0.635854 0.035189 0.635154 0.036415 0.635387 0.043067 0.642157 0.060924
1 0.389356 0.207283 0.390523 0.213585 0.395658 0.216912 0.415500 0.221814 0.422269 0.226015 0.443277 0.241422 0.451681 0.249300 0.463352 0.263130 0.465686 0.264356 0.467087 0.267157 0.470822 0.270308 0.473856 0.270658 0.479458 0.261204 0.488796 0.248424 0.501634 0.238445 0.520308 0.227416 0.521709 0.223739 0.520075 0.219888 0.515640 0.216562 0.501167 0.209734 0.490896 0.202731 0.479925 0.197304 0.464286 0.185224 0.460084 0.179272 0.450514 0.169293 0.439309 0.154062 0.429038 0.146008 0.425770 0.146359 0.421335 0.148109 0.411064 0.149510 0.400093 0.154062 0.392857 0.160189 0.388189 0.168242 0.386788 0.172969 0.389356 0.195619 0.389356 0.207283
1 0.000000 0.245798 0.010504 0.247374 0.025910 0.247549 0.029178 0.248950 0.040149 0.248599 0.042717 0.249300 0.056256 0.250000 0.098739 0.248249 0.123016 0.242472 0.133987 0.239146 0.165966 0.221639 0.182540 0.209734 0.185341 0.206583 0.185107 0.202731 0.183473 0.198529 0.168301 0.172269 0.158030 0.150910 0.154995 0.132528 0.152661 0.128501 0.149393 0.126576 0.144024 0.124650 0.122082 0.122024 0.075864 0.121849 0.051587 0.124825 0.039916 0.127101 0.034547 0.129552 0.022642 0.131653 0.018207 0.133929 0.011905 0.135329 0.003501 0.139356 0.000000 0.141106 0.000000 0.245798
1 0.021008 0.283088 0.029645 0.286940 0.043417 0.290441 0.053688 0.291317 0.074463 0.299895 0.088936 0.302346 0.091970 0.303746 0.095472 0.303746 0.111111 0.307598 0.125817 0.313901 0.146125 0.325455 0.151727 0.329657 0.154062 0.332633 0.160364 0.336485 0.178105 0.353116 0.182073 0.359594 0.184174 0.360294 0.185107 0.361520 0.185574 0.363270 0.186975 0.362745 0.188142 0.359244 0.187208 0.357318 0.195145 0.344013 0.194911 0.340511 0.192810 0.339111 0.192810 0.337710 0.194444 0.337010 0.194911 0.335959 0.194678 0.333859 0.193044 0.332283 0.193044 0.330882 0.194678 0.328606 0.192344 0.324405 0.193277 0.320903 0.188142 0.314601 0.187208 0.310749 0.181139 0.301296 0.179272 0.293417 0.175770 0.286940 0.164799 0.273459 0.162232 0.271534 0.161064 0.269258 0.158263 0.267682 0.154295 0.263480 0.144024 0.257178 0.137021 0.255252 0.133754 0.253501 0.129785 0.250000 0.123249 0.246674 0.116246 0.245973 0.100840 0.249475 0.036415 0.250875 0.031046 0.252626 0.027311 0.255252 0.024043 0.259454 0.022409 0.260329 0.019141 0.267507 0.017040 0.275735 0.016340 0.279412 0.021008 0.283088
1 0.000000 0.449055 0.002101 0.449580 0.014006 0.460084 0.019374 0.462535 0.029645 0.468838 0.033380 0.470063 0.037348 0.472514 0.043184 0.473915 0.046452 0.476190 0.056956 0.480217 0.059057 0.482143 0.063492 0.484244 0.068861 0.485119 0.086601 0.490721 0.102241 0.493697 0.123483 0.495448 0.137488 0.492822 0.140523 0.491422 0.144024 0.491246 0.153828 0.486520 0.161064 0.484594 0.164799 0.482318 0.190943 0.458859 0.194444 0.457108 0.199113 0.453081 0.202848 0.443452 0.202848 0.438901 0.205649 0.431197 0.205882 0.417717 0.200747 0.400735 0.197246 0.383578 0.176704 0.355392 0.159430 0.337360 0.151494 0.332283 0.144258 0.326155 0.123249 0.313200 0.109244 0.307948 0.067227 0.297794 0.054622 0.292192 0.044818 0.290966 0.013772 0.282563 0.004435 0.281863 0.000000 0.282388 0.000000 0.449055
1 0.205882 0.411415 0.207983 0.414741 0.209851 0.416141 0.225257 0.418592 0.236928 0.419293 0.241130 0.420343 0.260271 0.420693 0.273576 0.422444 0.293884 0.422269 0.300187 0.421043 0.307190 0.420693 0.313025 0.418417 0.310691 0.411415 0.305789 0.406863 0.294585 0.393032 0.285714 0.383929 0.279879 0.375350 0.275444 0.370973 0.267274 0.358718 0.261438 0.345588 0.261204 0.342262 0.258403 0.335259 0.258403 0.331232 0.257236 0.328431 0.257703 0.320028 0.256069 0.317927 0.254435 0.317927 0.248366 0.321078 0.229692 0.334734 0.219888 0.343487 0.201214 0.370098 0.199346 0.375350 0.200047 0.390406 0.205882 0.411415
1 0.091737 0.595938 0.095938 0.619573 0.105742 0.638655 0.119748 0.653711 0.140056 0.663515 0.147526 0.665266 0.161998 0.665091 0.175770 0.664041 0.181373 0.662465 0.186741 0.659839 0.194211 0.654587 0.196078 0.651786 0.198880 0.630952 0.202148 0.620973 0.206349 0.613620 0.216620 0.600665 0.231559 0.588235 0.230392 0.584909 0.227824 0.581408 0.219655 0.574405 0.211251 0.562675 0.192344 0.547619 0.189076 0.546394 0.174837 0.535889 0.165966 0.526786 0.161064 0.517857 0.158964 0.509804 0.160131 0.500350 0.163399 0.487920 0.161531 0.486169 0.157563 0.488445 0.147526 0.490371 0.135854 0.494748 0.132353 0.497374 0.127218 0.504902 0.123950 0.508053 0.113679 0.522759 0.104809 0.538866 0.093137 0.570553 0.091970 0.580007 0.092670 0.586134 0.091737 0.595938
1 0.000000 0.542717 0.013305 0.539041 0.015640 0.539391 0.018908 0.538165 0.029412 0.538690 0.032913 0.537815 0.045518 0.533613 0.060691 0.526436 0.067927 0.522759 0.073063 0.518908 0.075163 0.515581 0.076564 0.509279 0.081699 0.501751 0.080532 0.498775 0.081699 0.494398 0.080065 0.491246 0.070495 0.486520 0.060691 0.483368 0.054155 0.479867 0.043184 0.476015 0.027544 0.468662 0.014939 0.461660 0.001634 0.451681 0.000000 0.451681 0.000000 0.542717
1 0.455882 0.429447 0.452848 0.432598 0.450747 0.436975 0.430672 0.457108 0.425770 0.459909 0.416900 0.466912 0.417367 0.471113 0.428571 0.486870 0.442810 0.500700 0.446078 0.501225 0.453081 0.505602 0.463585 0.509279 0.474090 0.510679 0.478058 0.512080 0.479225 0.513831 0.481092 0.514706 0.484594 0.515231 0.488329 0.514531 0.495098 0.517857 0.508403 0.521359 0.513772 0.524860 0.515173 0.526786 0.520075 0.526261 0.522176 0.528361 0.526144 0.527136 0.527778 0.527486 0.532446 0.529587 0.534314 0.532563 0.536181 0.533438 0.546919 0.533613 0.560924 0.536940 0.578431 0.542192 0.587068 0.543592 0.605976 0.554097 0.610411 0.554447 0.623016 0.552171 0.626751 0.550245 0.635854 0.547444 0.650560 0.540791 0.668768 0.529237 0.672269 0.525910 0.675537 0.518382 0.669468 0.492822 0.667600 0.480567 0.664799 0.473915 0.658030 0.464986 0.651027 0.461310 0.646825 0.460609 0.643324 0.454657 0.641690 0.449055 0.641690 0.445728 0.639122 0.438550 0.630019 0.424895 0.626751 0.424895 0.623249 0.426646 0.614379 0.435574 0.602708 0.443627 0.590336 0.448354 0.588702 0.449755 0.577965 0.453256 0.571195 0.454657 0.554622 0.456057 0.542717 0.455357 0.536648 0.454657 0.532680 0.453081 0.513072 0.451506 0.505135 0.448704 0.497432 0.444328 0.486928 0.433123 0.484360 0.428746 0.480859 0.414741 0.480859 0.405112 0.479458 0.399860 0.477358 0.397234 0.474090 0.396534 0.473156 0.397234 0.461251 0.420868 0.455882 0.429447
1 0.670635 0.487745 0.671569 0.494748 0.676937 0.511029 0.677638 0.517332 0.682306 0.525560 0.683473 0.531162 0.685107 0.533263 0.680672 0.534839 0.679038 0.536415 0.679972 0.538165 0.680672 0.547269 0.682306 0.550245 0.682773 0.553746 0.694444 0.566176 0.698646 0.572829 0.698880 0.574580 0.703548 0.574580 0.706349 0.573354 0.712885 0.572829 0.720822 0.573004 0.737862 0.576506 0.743931 0.576856 0.751401 0.580357 0.755135 0.580357 0.761905 0.578431 0.769841 0.572654 0.779412 0.561275 0.791083 0.543417 0.792017 0.536239 0.790149 0.534839 0.782680 0.532388 0.773576 0.526436 0.767274 0.519783 0.763772 0.514531 0.759104 0.495798 0.756303 0.489846 0.754669 0.483543 0.754202 0.476891 0.755369 0.474090 0.755836 0.462535 0.754902 0.452731 0.751634 0.451681 0.745798 0.453081 0.721055 0.462185 0.703315 0.467612 0.691877 0.468662 0.668067 0.468838 0.665966 0.470063 0.666900 0.476716 0.670635 0.487745
1 0.636088 0.425070 0.637021 0.432423 0.643324 0.443452 0.646125 0.455182 0.647526 0.457283 0.650794 0.457458 0.654295 0.458859 0.664799 0.467437 0.680205 0.467612 0.684641 0.468312 0.693044 0.467962 0.702148 0.466211 0.706583 0.466036 0.713585 0.464286 0.738796 0.455357 0.750000 0.450455 0.756536 0.446604 0.765406 0.438725 0.768441 0.437150 0.773576 0.432773 0.778711 0.426120 0.785714 0.420168 0.790149 0.414916 0.801587 0.395133 0.809290 0.383929 0.818627 0.360119 0.822829 0.345938 0.825397 0.334909 0.827264 0.316702 0.835201 0.300420 0.835668 0.289566 0.831933 0.276261 0.820028 0.258578 0.815359 0.253676 0.811158 0.250700 0.806256 0.248950 0.797852 0.244048 0.776144 0.237570 0.772642 0.238095 0.769841 0.236520 0.766573 0.235819 0.744631 0.235994 0.735994 0.238445 0.728291 0.242822 0.717087 0.246324 0.693744 0.258403 0.683940 0.266632 0.679038 0.269783 0.664099 0.275385 0.657796 0.282738 0.654762 0.289391 0.661998 0.316702 0.662698 0.329832 0.661998 0.335259 0.663632 0.339461 0.663632 0.343662 0.652894 0.387080 0.646825 0.397409 0.644258 0.403711 0.636788 0.414741 0.638189 0.418592 0.636088 0.425070
1 0.765873 0.588410 0.769374 0.590336 0.777077 0.597164 0.783847 0.604692 0.786415 0.609419 0.788049 0.610819 0.793417 0.621674 0.794818 0.622549 0.796919 0.628852 0.800187 0.633578 0.800187 0.637080 0.803688 0.636555 0.807190 0.639181 0.814192 0.639881 0.821895 0.638831 0.839169 0.639006 0.863445 0.642682 0.869981 0.642682 0.873483 0.642157 0.875350 0.640581 0.880486 0.639356 0.893557 0.632878 0.897059 0.631653 0.904295 0.630777 0.914799 0.626576 0.928805 0.615546 0.949813 0.596814 0.952848 0.592962 0.964753 0.573529 0.970588 0.561975 0.977824 0.542192 0.979225 0.531162 0.978758 0.522934 0.979925 0.509279 0.978758 0.501401 0.976891 0.494748 0.971755 0.486520 0.964519 0.477241 0.959150 0.473039 0.956583 0.471989 0.949113 0.471464 0.946312 0.472514 0.934641 0.484244 0.929972 0.487045 0.913165 0.503501 0.909430 0.506127 0.904528 0.509104 0.900794 0.510329 0.889356 0.517157 0.879552 0.521183 0.866246 0.528361 0.863445 0.530637 0.858543 0.532388 0.855042 0.535539 0.850373 0.537815 0.839169 0.540966 0.825163 0.542542 0.803221 0.540966 0.799720 0.539916 0.786415 0.552521 0.774977 0.569328 0.765640 0.579832 0.764472 0.583158 0.765873 0.588410
1 0.799486 0.692752 0.795752 0.709384 0.795285 0.720413 0.799253 0.726015 0.805556 0.732493 0.819328 0.744048 0.836835 0.755777 0.845238 0.759979 0.876984 0.770658 0.884687 0.772584 0.908030 0.780987 0.918534 0.781338 0.956816 0.776961 0.966153 0.773634 0.971989 0.769608 0.982960 0.758754 0.989963 0.748074 0.991363 0.736345 0.990896 0.730742 0.989262 0.727591 0.988796 0.723915 0.976190 0.713585 0.970121 0.706408 0.963819 0.695553 0.959851 0.692752 0.952848 0.689951 0.936975 0.680147 0.934641 0.673494 0.933940 0.668242 0.931139 0.664566 0.912465 0.657213 0.890289 0.650035 0.869514 0.645133 0.845472 0.641282 0.822829 0.640406 0.809290 0.642507 0.800187 0.645308 0.798086 0.647234 0.797386 0.650385 0.799720 0.673494 0.799486 0.692752
1 0.612278 0.914916 0.618114 0.923144 0.633520 0.934874 0.654295 0.944153 0.673669 0.946254 0.697246 0.945203 0.717787 0.941352 0.724323 0.938550 0.728992 0.937500 0.732260 0.935574 0.739963 0.933473 0.750934 0.928221 0.766340 0.915791 0.770075 0.911239 0.773576 0.904237 0.775444 0.895483 0.779178 0.890756 0.793184 0.881828 0.811858 0.872024 0.825864 0.865896 0.863445 0.854517 0.893324 0.848039 0.915033 0.842437 0.922035 0.839986 0.929272 0.834909 0.935107 0.828081 0.936508 0.821254 0.935808 0.814076 0.932073 0.810924 0.929038 0.804097 0.919234 0.793067 0.910831 0.787290 0.908030 0.784489 0.893791 0.777311 0.876517 0.772759 0.853408 0.764531 0.843604 0.762430 0.838235 0.760329 0.817927 0.758403 0.786181 0.759279 0.780579 0.760854 0.775677 0.764531 0.745098 0.800945 0.735761 0.809874 0.723623 0.818627 0.702848 0.826331 0.688842 0.829132 0.676471 0.830007 0.672269 0.829832 0.668301 0.828782 0.651027 0.821954 0.647526 0.822479 0.645658 0.824755 0.639589 0.829132 0.633754 0.831232 0.627918 0.834909 0.620215 0.841912 0.618347 0.844538 0.612512 0.848915 0.607843 0.856268 0.605509 0.865021 0.605742 0.875350 0.612278 0.914916
1 0.338235 0.759629 0.340336 0.762080 0.355042 0.762255 0.372549 0.760154 0.388655 0.759279 0.411765 0.760854 0.421569 0.762430 0.440009 0.763480 0.463585 0.767507 0.474556 0.770833 0.491130 0.777311 0.505836 0.786590 0.521008 0.794993 0.527778 0.799720 0.533147 0.805147 0.544818 0.819853 0.551587 0.830182 0.554622 0.838235 0.556256 0.851891 0.554622 0.866597 0.557423 0.870623 0.564192 0.872549 0.570962 0.871499 0.577965 0.871849 0.584034 0.870798 0.593604 0.867122 0.602241 0.859244 0.603641 0.855217 0.606909 0.849965 0.614379 0.841387 0.619514 0.838060 0.630252 0.828957 0.633520 0.827906 0.634687 0.825980 0.640990 0.821078 0.640523 0.817752 0.638422 0.813375 0.633520 0.809699 0.612512 0.779937 0.603408 0.762080 0.601774 0.751576 0.600373 0.748424 0.600140 0.737220 0.598973 0.731092 0.596405 0.726716 0.588002 0.717612 0.583333 0.707283 0.579365 0.705007 0.484127 0.686975 0.480859 0.687850 0.477124 0.687150 0.473623 0.689426 0.470355 0.687500 0.460317 0.688200 0.453081 0.686450 0.448880 0.687325 0.439776 0.684699 0.436041 0.686275 0.431839 0.685924 0.423203 0.688901 0.414799 0.689426 0.407796 0.692752 0.398926 0.694853 0.390289 0.698880 0.383287 0.703782 0.370798 0.710872 0.367880 0.710609 0.366246 0.708859 0.364146 0.714111 0.362745 0.714636 0.360878 0.716912 0.357843 0.722514 0.353641 0.727766 0.350840 0.734244 0.348506 0.735819 0.344071 0.741246 0.340803 0.743522 0.338002 0.748249 0.336601 0.751926 0.338235 0.759629
1 0.199346 0.670868 0.200980 0.678746 0.203081 0.683999 0.214286 0.706758 0.222222 0.720413 0.230392 0.731618 0.240430 0.741246 0.251634 0.748599 0.266106 0.756303 0.282913 0.761380 0.294118 0.761555 0.303455 0.760154 0.321895 0.754552 0.331466 0.749300 0.339869 0.741422 0.348039 0.728466 0.355275 0.720588 0.363679 0.706583 0.370448 0.688901 0.370448 0.669675 0.370915 0.666492 0.372082 0.664916 0.371382 0.663340 0.368814 0.661415 0.355976 0.656863 0.341970 0.653011 0.338235 0.650735 0.327264 0.649160 0.314426 0.644083 0.306956 0.643732 0.303455 0.642857 0.277077 0.623249 0.266340 0.616597 0.250700 0.604342 0.248133 0.600665 0.242997 0.596814 0.238796 0.591912 0.234360 0.589461 0.230859 0.590161 0.216853 0.601190 0.208217 0.612745 0.200747 0.626576 0.197712 0.647584 0.197479 0.658088 0.199346 0.670868
1 0.000000 0.754727 0.006069 0.755777 0.016807 0.758929 0.025910 0.764356 0.029412 0.764356 0.040383 0.769258 0.069328 0.772234 0.111111 0.782738 0.116246 0.784664 0.123950 0.785539 0.134454 0.787815 0.145892 0.789041 0.169468 0.789916 0.182540 0.789391 0.185107 0.788690 0.210317 0.789391 0.221055 0.787465 0.228525 0.784314 0.271242 0.775910 0.272876 0.776085 0.274743 0.773109 0.275910 0.773109 0.278011 0.768207 0.278478 0.765231 0.277778 0.764181 0.269608 0.758578 0.265640 0.757703 0.256769 0.752801 0.239029 0.741422 0.230626 0.733368 0.225023 0.726190 0.216387 0.712710 0.211951 0.703081 0.209851 0.700630 0.202148 0.686275 0.196078 0.665091 0.196078 0.661239 0.192577 0.659139 0.186508 0.662115 0.171802 0.665266 0.154528 0.666842 0.147526 0.666842 0.140523 0.665616 0.127218 0.659839 0.118581 0.654412 0.105275 0.640581 0.100840 0.637605 0.095238 0.625525 0.090570 0.625525 0.088469 0.624475 0.086835 0.626225 0.081466 0.625875 0.076797 0.633403 0.066527 0.642332 0.000000 0.674195 0.000000 0.754727
1 0.000000 0.672444 0.004202 0.671744 0.016573 0.666492 0.025444 0.661590 0.032213 0.658964 0.035714 0.656162 0.049486 0.648985 0.053922 0.648109 0.062325 0.643908 0.070261 0.637080 0.079132 0.624475 0.082633 0.617122 0.084967 0.603466 0.084267 0.592612 0.081933 0.584909 0.071895 0.569503 0.067227 0.565301 0.053688 0.558473 0.038515 0.555147 0.029412 0.551996 0.012605 0.548845 0.001634 0.547794 0.000000 0.547794 0.000000 0.672444
1 0.000000 0.947479 0.011905 0.949405 0.021008 0.949755 0.047152 0.943277 0.084967 0.922094 0.095705 0.913866 0.102474 0.907738 0.106676 0.902311 0.110177 0.891282 0.110644 0.886380 0.114613 0.876751 0.116013 0.869748 0.110177 0.848739 0.100607 0.830532 0.095472 0.824230 0.088936 0.818627 0.085901 0.814251 0.082866 0.812500 0.081232 0.810224 0.078431 0.809174 0.076331 0.806898 0.067460 0.802696 0.062325 0.801471 0.060691 0.800245 0.049953 0.800245 0.046919 0.799020 0.029645 0.796744 0.015640 0.797619 0.008637 0.799370 0.001867 0.802171 0.000000 0.802171 0.000000 0.947479
1 0.115780 0.855567 0.118347 0.862045 0.119281 0.868522 0.118814 0.874475 0.120682 0.881828 0.121615 0.891106 0.130019 0.913866 0.143791 0.938200 0.149393 0.946429 0.161998 0.960259 0.182306 0.974615 0.189076 0.978466 0.200187 0.987850 0.213352 0.996674 0.218254 0.997549 0.221289 0.999825 0.387255 0.999825 0.390756 0.988095 0.390523 0.982493 0.387255 0.966737 0.381419 0.956758 0.380252 0.953256 0.371615 0.942227 0.368347 0.931898 0.363912 0.925945 0.359477 0.923669 0.340336 0.921394 0.332633 0.918417 0.324463 0.917542 0.317227 0.915441 0.301821 0.908088 0.295285 0.903361 0.285948 0.898459 0.284547 0.896183 0.281279 0.893908 0.277778 0.889706 0.274276 0.888305 0.272176 0.886555 0.270542 0.883053 0.266573 0.880077 0.260738 0.873424 0.255836 0.864496 0.249533 0.856793 0.243931 0.843137 0.242764 0.836310 0.242764 0.827906 0.241130 0.825980 0.231326 0.822654 0.213352 0.814076 0.192577 0.807073 0.186041 0.805672 0.176237 0.804797 0.171802 0.803396 0.154295 0.801821 0.151261 0.804097 0.143791 0.802871 0.137021 0.803571 0.129552 0.807423 0.122782 0.813725 0.120215 0.817752 0.114379 0.834559 0.112745 0.841912 0.115780 0.855567
1 0.403595 0.931197 0.408030 0.932948 0.409897 0.937325 0.415966 0.940301 0.422035 0.945728 0.424603 0.949755 0.430439 0.953256 0.432306 0.956933 0.434407 0.957108 0.449346 0.963761 0.466853 0.978466 0.483427 0.985469 0.486228 0.985994 0.506614 0.986520 0.525677 0.987920 0.530112 0.987570 0.534080 0.988270 0.560458 0.981618 0.574463 0.973039 0.585434 0.963585 0.597339 0.949930 0.600140 0.939776 0.600607 0.931197 0.599440 0.921919 0.594771 0.911590 0.585434 0.897934 0.581466 0.893032 0.568705 0.882411 0.558824 0.875350 0.549253 0.870798 0.546685 0.870798 0.540616 0.873249 0.523343 0.887605 0.509804 0.895133 0.492530 0.902836 0.480392 0.906863 0.402194 0.925245 0.401494 0.925945 0.401961 0.929797 0.403595 0.931197
1 0.036415 0.552171 0.042951 0.554622 0.055789 0.558473 0.064426 0.563025 0.072829 0.569678 0.084267 0.587885 0.085434 0.591912 0.086368 0.602766 0.084034 0.617472 0.084967 0.618697 0.087068 0.619223 0.091737 0.620098 0.093838 0.619748 0.094538 0.615896 0.091503 0.599090 0.092437 0.571604 0.104108 0.539741 0.109711 0.529412 0.112512 0.521709 0.110644 0.520658 0.093604 0.518732 0.079832 0.519433 0.057656 0.528186 0.033847 0.539741 0.033613 0.550245 0.036415 0.552171
1 0.203315 0.449405 0.203782 0.450630 0.205649 0.451506 0.209851 0.450980 0.232493 0.443803 0.241130 0.442752 0.245098 0.442927 0.248366 0.442052 0.251634 0.442577 0.254435 0.441702 0.264239 0.441877 0.326097 0.449055 0.327965 0.450280 0.334734 0.451681 0.336835 0.450980 0.338702 0.447829 0.338936 0.446078 0.336368 0.444503 0.334967 0.441877 0.333800 0.442227 0.332633 0.443978 0.329832 0.443627 0.329132 0.441702 0.328198 0.441001 0.326797 0.441352 0.325397 0.440301 0.326097 0.439251 0.326097 0.431898 0.324697 0.428922 0.319795 0.423669 0.317460 0.422094 0.314192 0.421218 0.306956 0.421569 0.304622 0.422269 0.266340 0.422444 0.255135 0.420868 0.248366 0.421919 0.241130 0.421394 0.238095 0.419993 0.226657 0.419118 0.212885 0.421218 0.209851 0.420343 0.208217 0.424545 0.205649 0.443452 0.203315 0.449405
1 0.198413 0.336485 0.193744 0.368873 0.192344 0.369923 0.194211 0.371499 0.196078 0.375525 0.200980 0.367997 0.203782 0.366772 0.206349 0.363620 0.215686 0.347864 0.221989 0.340861 0.231559 0.332808 0.249533 0.319853 0.255135 0.317577 0.258403 0.314776 0.262372 0.307248 0.266106 0.296744 0.270542 0.279587 0.270542 0.275910 0.251401 0.261029 0.244398 0.257353 0.241363 0.256653 0.239963 0.257003 0.236228 0.261905 0.232026 0.263831 0.229692 0.266106 0.215686 0.275385 0.205649 0.286415 0.201447 0.296394 0.198646 0.300245 0.198413 0.303922 0.195845 0.310749 0.197012 0.331408 0.198413 0.336485
1 0.460317 0.664916 0.465453 0.671919 0.480859 0.682423 0.487628 0.685049 0.494398 0.686625 0.519374 0.690476 0.525677 0.693452 0.538282 0.695203 0.542717 0.694328 0.553688 0.693978 0.557656 0.692402 0.560458 0.692402 0.566760 0.690651 0.580299 0.685749 0.586601 0.682423 0.597572 0.671569 0.598973 0.668768 0.612045 0.657738 0.620215 0.647934 0.627451 0.637780 0.633754 0.623074 0.635387 0.616772 0.637021 0.605392 0.631186 0.584909 0.623016 0.571779 0.617880 0.567402 0.616246 0.564601 0.612512 0.562150 0.609477 0.558473 0.600840 0.552696 0.594304 0.549020 0.581699 0.543768 0.566293 0.540266 0.560691 0.538340 0.543884 0.536940 0.540383 0.535889 0.528478 0.536239 0.504902 0.539566 0.483894 0.543943 0.473623 0.548669 0.471755 0.550245 0.471755 0.553922 0.486228 0.581758 0.490430 0.594013 0.493931 0.612220 0.494398 0.620973 0.491830 0.629377 0.485994 0.637255 0.477124 0.644783 0.473856 0.645658 0.471289 0.647584 0.470121 0.649335 0.459851 0.653011 0.457283 0.654237 0.456816 0.655287 0.456583 0.657913 0.460317 0.664916
1 0.036415 0.779237 0.039216 0.782738 0.052754 0.792542 0.055089 0.796569 0.069795 0.801646 0.076797 0.804972 0.087535 0.812675 0.094538 0.820903 0.098973 0.823529 0.112278 0.824755 0.114613 0.823704 0.116246 0.822479 0.121615 0.813550 0.124883 0.810049 0.132820 0.803571 0.133520 0.801646 0.136788 0.800245 0.139122 0.796919 0.140523 0.796919 0.139122 0.796394 0.138422 0.792717 0.143091 0.789916 0.126284 0.789566 0.125584 0.789916 0.126050 0.791842 0.124183 0.793592 0.120915 0.793242 0.115780 0.789566 0.109711 0.782913 0.102474 0.779237 0.067460 0.772059 0.051120 0.770658 0.038049 0.770483 0.035948 0.769083 0.034781 0.776085 0.036415 0.779237
1 0.174603 0.000000 0.175303 0.005252 0.172969 0.008754 0.176471 0.015406 0.181139 0.019958 0.193978 0.028887 0.199813 0.031338 0.203081 0.033613 0.210084 0.033964 0.233660 0.028186 0.245565 0.028011 0.253735 0.029237 0.259804 0.028361 0.282680 0.034489 0.307190 0.046218 0.314192 0.045868 0.324930 0.044118 0.359711 0.037640 0.401961 0.022759 0.409430 0.019258 0.414566 0.015581 0.418067 0.009979 0.421569 0.007178 0.423436 0.003151 0.425537 0.001576 0.425537 0.000000 0.174603 0.000000