0 0.346405 0.397584 0.349440 0.411590 0.352941 0.420168 0.355742 0.435224 0.374416 0.484594 0.380719 0.498074 0.388889 0.512430 0.392157 0.515581 0.397292 0.525735 0.399860 0.527136 0.404062 0.533789 0.410131 0.540091 0.425770 0.552521 0.432540 0.554622 0.452614 0.555497 0.471522 0.552346 0.478525 0.549545 0.484594 0.548494 0.489496 0.545693 0.501401 0.541317 0.513539 0.534839 0.525444 0.526611 0.534781 0.518732 0.554155 0.498775 0.559524 0.491071 0.563492 0.481793 0.570028 0.471814 0.574930 0.459909 0.579132 0.446254 0.584034 0.423319 0.586368 0.390581 0.583100 0.362395 0.572596 0.335259 0.568627 0.326681 0.563259 0.317927 0.558824 0.306898 0.554388 0.299195 0.541783 0.284489 0.533613 0.279062 0.522176 0.273810 0.512138 0.267857 0.500467 0.263655 0.484594 0.261204 0.463352 0.261905 0.451214 0.263831 0.440009 0.267507 0.423669 0.274160 0.415033 0.278711 0.395425 0.291667 0.380486 0.306723 0.378385 0.310399 0.374650 0.313901 0.373950 0.316527 0.368347 0.323354 0.359244 0.338410 0.355509 0.342962 0.352708 0.348739 0.349673 0.356443 0.346405 0.369048 0.345938 0.375875 0.345472 0.384104 0.346405 0.397584
0 0.664332 0.522234 0.663632 0.533438 0.665266 0.538866 0.664566 0.543943 0.666433 0.553396 0.672736 0.567577 0.675303 0.570203 0.677404 0.570903 0.681139 0.581583 0.688842 0.589286 0.694444 0.593137 0.696078 0.595763 0.701214 0.597164 0.708450 0.602416 0.730859 0.609769 0.744631 0.611169 0.771709 0.609769 0.801354 0.599965 0.822596 0.588761 0.841970 0.574405 0.849673 0.565301 0.854108 0.561450 0.856909 0.556548 0.870682 0.540616 0.880019 0.526085 0.882353 0.521008 0.884220 0.519083 0.885154 0.515756 0.887021 0.514181 0.894024 0.501576 0.894958 0.497724 0.904995 0.476541 0.910364 0.456758 0.916900 0.439251 0.923436 0.394083 0.923203 0.350140 0.922035 0.342612 0.921802 0.324930 0.918301 0.307073 0.912932 0.293768 0.908030 0.286064 0.894258 0.272759 0.890756 0.271359 0.880019 0.264706 0.866480 0.259804 0.855742 0.257528 0.820728 0.256303 0.803922 0.257703 0.793884 0.260329 0.789683 0.259979 0.776377 0.265406 0.768674 0.271008 0.755135 0.278887 0.744351 0.288200 0.733427 0.296218 0.725724 0.303396 0.720121 0.310049 0.718021 0.314601 0.711251 0.321078 0.705649 0.328081 0.698646 0.340511 0.696078 0.343137 0.690943 0.352941 0.689076 0.354867 0.687908 0.358718 0.684874 0.362745 0.683473 0.369048 0.681606 0.372024 0.679739 0.379902 0.677871 0.383228 0.677404 0.387080 0.675070 0.390406 0.673436 0.401261 0.671802 0.404237 0.670635 0.414216 0.668768 0.441877 0.669468 0.446254 0.668301 0.449405 0.667134 0.463060 0.664099 0.515581 0.665733 0.518732 0.664332 0.522234
0 0.464286 0.661765 0.467554 0.685749 0.472222 0.706583 0.476424 0.720238 0.482726 0.734244 0.491363 0.748775 0.509104 0.771359 0.513539 0.775910 0.519141 0.779587 0.523810 0.784139 0.532446 0.790091 0.537115 0.792367 0.552521 0.803396 0.557423 0.806197 0.571195 0.811975 0.583100 0.815826 0.601541 0.819503 0.618814 0.821254 0.624650 0.821254 0.638189 0.819853 0.657796 0.812850 0.667134 0.804972 0.673203 0.796569 0.674837 0.792892 0.679505 0.787115 0.685808 0.774685 0.688375 0.766106 0.693978 0.753326 0.704248 0.719013 0.707283 0.704482 0.711951 0.689426 0.714753 0.675945 0.716853 0.648634 0.715453 0.627976 0.712652 0.617122 0.712418 0.612570 0.708217 0.605917 0.703548 0.603641 0.692110 0.595238 0.678105 0.580532 0.670401 0.568452 0.667134 0.561450 0.665733 0.555847 0.663866 0.552521 0.661531 0.540791 0.659197 0.537290 0.638422 0.524160 0.605742 0.511555 0.578898 0.508228 0.560458 0.507878 0.553688 0.508403 0.549486 0.509454 0.539916 0.515581 0.529412 0.525910 0.521942 0.530987 0.497432 0.544293 0.483193 0.550070 0.479225 0.552696 0.470822 0.564251 0.465219 0.584909 0.462418 0.606618 0.462185 0.620973 0.464286 0.661765
0 0.014706 0.643557 0.019141 0.654237 0.021008 0.664916 0.029178 0.679972 0.036648 0.691176 0.042250 0.696779 0.056489 0.707983 0.064426 0.712535 0.084034 0.721289 0.105742 0.728466 0.125817 0.732493 0.138189 0.733193 0.150093 0.731268 0.158964 0.728291 0.166433 0.720588 0.170868 0.713936 0.183940 0.699580 0.204949 0.666317 0.222923 0.644083 0.235994 0.625175 0.246032 0.603641 0.247899 0.596113 0.250700 0.548845 0.252101 0.538340 0.256303 0.523109 0.257003 0.511905 0.253501 0.501576 0.249300 0.493697 0.245798 0.487570 0.241130 0.482318 0.225490 0.468487 0.213352 0.459734 0.195612 0.452206 0.177638 0.447654 0.159197 0.445203 0.142857 0.445728 0.129785 0.447129 0.109711 0.450630 0.098273 0.455007 0.092204 0.458158 0.087535 0.463936 0.084034 0.466737 0.082166 0.470413 0.077965 0.474615 0.074463 0.479692 0.055322 0.498249 0.049720 0.502626 0.044118 0.511905 0.040383 0.515756 0.036181 0.523109 0.022409 0.551471 0.020542 0.558999 0.017974 0.564776 0.013305 0.584559 0.011204 0.604517 0.010738 0.614146 0.014706 0.643557
0 0.074697 0.310224 0.084734 0.328256 0.097106 0.356268 0.102941 0.379202 0.106676 0.407913 0.111345 0.418242 0.116713 0.422619 0.133520 0.433123 0.140056 0.435399 0.144258 0.438025 0.157563 0.442577 0.166200 0.444328 0.190243 0.447479 0.203081 0.447654 0.213819 0.446604 0.227124 0.443803 0.230859 0.441001 0.234127 0.439776 0.247666 0.429972 0.252568 0.423845 0.255369 0.421569 0.267274 0.404412 0.271942 0.393908 0.275210 0.381828 0.280812 0.366246 0.289216 0.335434 0.290149 0.306898 0.286881 0.293242 0.274510 0.272409 0.262838 0.258228 0.254902 0.251401 0.242997 0.243873 0.234360 0.238971 0.220121 0.233543 0.199813 0.228291 0.184641 0.226716 0.165266 0.226891 0.154295 0.228116 0.139589 0.231092 0.125817 0.235819 0.111578 0.243172 0.104809 0.248249 0.091503 0.261204 0.083800 0.272584 0.075163 0.293242 0.073996 0.300070 0.074697 0.310224
1 0.000000 0.203431 0.001867 0.203606 0.005135 0.209734 0.008403 0.211310 0.011204 0.206408 0.021475 0.195728 0.026144 0.191702 0.044118 0.180147 0.051354 0.176646 0.062792 0.173319 0.070962 0.169643 0.091970 0.164741 0.088469 0.161239 0.074463 0.159314 0.060458 0.158964 0.046218 0.161064 0.039216 0.163690 0.036415 0.164041 0.025910 0.168242 0.017974 0.174020 0.004669 0.188200 0.001867 0.194503 0.000000 0.194678 0.000000 0.203431
1 0.006769 0.223739 0.017040 0.231092 0.026144 0.240371 0.031513 0.247374 0.040149 0.261204 0.041783 0.268382 0.046685 0.276261 0.051587 0.281162 0.067227 0.301471 0.070962 0.304797 0.072362 0.302521 0.079365 0.279937 0.083100 0.272234 0.097106 0.254027 0.110878 0.242997 0.126517 0.234944 0.141223 0.230042 0.153828 0.227416 0.170635 0.225665 0.189309 0.225490 0.192344 0.224790 0.193277 0.223915 0.191176 0.209559 0.186975 0.199580 0.178805 0.188901 0.169701 0.180497 0.161064 0.175070 0.147292 0.169293 0.136321 0.165966 0.118114 0.163165 0.109477 0.162990 0.102007 0.164041 0.077965 0.164216 0.072829 0.168768 0.067694 0.170168 0.063492 0.169993 0.061391 0.172269 0.053221 0.174545 0.048553 0.176646 0.046919 0.178396 0.040383 0.180322 0.035014 0.183648 0.029178 0.188550 0.024743 0.190651 0.010971 0.202731 0.009337 0.206583 0.007470 0.207633 0.006303 0.209559 0.005369 0.220938 0.006769 0.223739
1 0.193744 0.224090 0.195845 0.225665 0.206349 0.228817 0.213352 0.229342 0.214286 0.227241 0.213819 0.219363 0.214986 0.204482 0.217087 0.195728 0.219188 0.191527 0.224556 0.186099 0.226891 0.181723 0.223623 0.180847 0.209384 0.185224 0.189776 0.198529 0.189076 0.200280 0.193744 0.224090
1 0.215453 0.230742 0.220822 0.232143 0.236228 0.238796 0.248599 0.245623 0.257937 0.252976 0.264006 0.258228 0.274510 0.270658 0.281513 0.280637 0.287815 0.292017 0.291783 0.307073 0.291783 0.323704 0.291083 0.333508 0.286881 0.352416 0.286181 0.360119 0.293884 0.364321 0.300187 0.365371 0.309991 0.365371 0.319561 0.363796 0.325630 0.360994 0.327498 0.359419 0.323296 0.338761 0.322362 0.330007 0.322829 0.306548 0.322129 0.295868 0.323763 0.275560 0.330299 0.251926 0.334734 0.244048 0.343371 0.233543 0.359944 0.218662 0.375117 0.209734 0.378618 0.206583 0.377684 0.202906 0.369748 0.194328 0.362045 0.187675 0.346172 0.176996 0.336134 0.171569 0.326331 0.167367 0.309524 0.162640 0.297619 0.160364 0.284781 0.159664 0.273810 0.160364 0.265406 0.162115 0.251167 0.167192 0.239496 0.172969 0.236928 0.175595 0.234594 0.176471 0.228992 0.180672 0.220355 0.189251 0.217320 0.194503 0.214286 0.204482 0.213819 0.224965 0.215453 0.230742
1 0.343838 0.175070 0.347572 0.176996 0.364846 0.189251 0.379785 0.204482 0.383287 0.205707 0.397759 0.200105 0.421802 0.194503 0.447712 0.191702 0.467787 0.191527 0.469421 0.191001 0.470822 0.189426 0.455882 0.175245 0.440009 0.164741 0.428805 0.160189 0.418534 0.156863 0.411765 0.155462 0.398459 0.154062 0.385387 0.153887 0.373016 0.155637 0.359010 0.160014 0.349440 0.165966 0.344071 0.168067 0.341737 0.171043 0.341503 0.171919 0.343838 0.175070
1 0.326797 0.351891 0.328898 0.359419 0.332633 0.367297 0.336601 0.373950 0.341970 0.379377 0.344304 0.375525 0.348506 0.356268 0.351541 0.348564 0.357843 0.337185 0.377918 0.307773 0.396125 0.289916 0.409664 0.280812 0.417134 0.277136 0.420868 0.274160 0.442810 0.265406 0.463352 0.260854 0.485528 0.260679 0.503268 0.263480 0.515173 0.268382 0.536181 0.280462 0.539683 0.281688 0.541783 0.281338 0.543417 0.280287 0.544118 0.278361 0.544585 0.257528 0.542484 0.244398 0.540383 0.237220 0.532446 0.224265 0.526611 0.216562 0.513072 0.206232 0.496499 0.198704 0.481326 0.194328 0.460551 0.191877 0.452381 0.191702 0.439542 0.192752 0.415266 0.196254 0.409897 0.198179 0.397292 0.200630 0.378151 0.209034 0.363679 0.216737 0.347572 0.230217 0.335434 0.244573 0.327965 0.258228 0.323296 0.287115 0.323063 0.325455 0.326797 0.351891
1 0.519141 0.209734 0.531513 0.221289 0.537115 0.230042 0.541783 0.239671 0.545518 0.257703 0.545518 0.272234 0.543417 0.279762 0.546685 0.279412 0.565126 0.267157 0.584734 0.260679 0.591503 0.259104 0.610878 0.257878 0.619981 0.258053 0.630019 0.258929 0.640523 0.262080 0.647993 0.262080 0.648226 0.258053 0.645191 0.250700 0.636788 0.237045 0.630719 0.229167 0.623249 0.221639 0.616246 0.216211 0.598739 0.205707 0.581232 0.199580 0.564192 0.196779 0.557423 0.196429 0.552988 0.196429 0.539449 0.198354 0.528478 0.200980 0.522876 0.203081 0.518207 0.206583 0.519141 0.209734
1 0.647993 0.227416 0.650560 0.244923 0.654995 0.262080 0.660598 0.266982 0.677871 0.274160 0.696545 0.285364 0.720355 0.303046 0.727124 0.299720 0.732726 0.294293 0.755602 0.276786 0.778245 0.262080 0.779178 0.247374 0.781979 0.234944 0.784080 0.229867 0.785714 0.226716 0.809290 0.195903 0.809524 0.180672 0.808357 0.172269 0.805322 0.161590 0.801821 0.154237 0.796919 0.146884 0.787815 0.139531 0.775677 0.133578 0.762372 0.129902 0.748599 0.127801 0.739963 0.127801 0.732960 0.128501 0.711718 0.133578 0.692577 0.141807 0.681606 0.149335 0.667600 0.161239 0.661998 0.167892 0.657796 0.175070 0.656162 0.179097 0.654295 0.189076 0.648693 0.201155 0.647759 0.212360 0.647993 0.227416
1 0.833567 0.182248 0.834967 0.182948 0.845472 0.180322 0.865780 0.176996 0.882120 0.177171 0.888889 0.177871 0.899860 0.180147 0.909664 0.183473 0.933473 0.194678 0.947012 0.205007 0.961718 0.223739 0.968954 0.239321 0.970822 0.247899 0.971522 0.261029 0.973389 0.264706 0.977124 0.263655 0.979458 0.260854 0.984127 0.258228 0.989963 0.253501 0.997666 0.249825 0.999767 0.249650 0.999767 0.179097 0.997899 0.178922 0.995331 0.175595 0.986461 0.168067 0.976657 0.161415 0.956349 0.151085 0.933240 0.142857 0.918534 0.139531 0.911531 0.138480 0.903361 0.138305 0.890289 0.138831 0.883754 0.140056 0.869514 0.143908 0.858543 0.151261 0.853875 0.153361 0.841970 0.163165 0.833800 0.175245 0.833333 0.181197 0.833567 0.182248
1 0.782913 0.260329 0.789916 0.257528 0.794818 0.252626 0.802988 0.247199 0.820495 0.238796 0.828898 0.235994 0.844538 0.233543 0.851307 0.233193 0.867880 0.233718 0.880019 0.235469 0.904995 0.245623 0.911531 0.249650 0.920868 0.257003 0.933940 0.271008 0.943511 0.285189 0.949580 0.296569 0.953081 0.295868 0.960551 0.282213 0.970121 0.268908 0.971055 0.265756 0.970355 0.251225 0.967787 0.238095 0.964286 0.230042 0.956583 0.217087 0.947479 0.205882 0.935574 0.196429 0.913632 0.185399 0.901494 0.181197 0.884454 0.178221 0.865780 0.177871 0.848039 0.180847 0.834500 0.184874 0.818161 0.193102 0.800187 0.208158 0.795985 0.215511 0.788515 0.223915 0.786415 0.227241 0.782446 0.237570 0.780112 0.249475 0.780112 0.258578 0.782913 0.260329
1 0.796452 0.257003 0.802988 0.255427 0.807190 0.256653 0.824930 0.255077 0.834967 0.256127 0.848973 0.256478 0.869514 0.259629 0.880486 0.264006 0.894958 0.272584 0.901727 0.279412 0.904528 0.281162 0.909664 0.287290 0.915500 0.296744 0.919234 0.306197 0.922969 0.323529 0.924837 0.374650 0.923203 0.405287 0.920868 0.421218 0.920168 0.433123 0.918301 0.440826 0.918301 0.443803 0.921802 0.444153 0.924603 0.442402 0.926471 0.439251 0.933240 0.411239 0.937908 0.399685 0.951914 0.374125 0.959617 0.366246 0.963352 0.360994 0.964286 0.357668 0.962652 0.341912 0.950747 0.300070 0.946779 0.291492 0.936275 0.275210 0.928805 0.265406 0.913399 0.251050 0.901261 0.243697 0.891223 0.240196 0.886788 0.237920 0.876050 0.235119 0.859244 0.233543 0.834967 0.234944 0.820728 0.239321 0.807890 0.247199 0.804155 0.248249 0.800420 0.250350 0.794818 0.254902 0.795051 0.256127 0.796452 0.257003
1 0.961718 0.333683 0.967087 0.355917 0.970355 0.355042 0.982260 0.344538 0.999767 0.332983 0.999767 0.250700 0.996265 0.251401 0.984360 0.258403 0.972222 0.268382 0.959617 0.286590 0.954482 0.297269 0.952614 0.304097 0.961718 0.333683
1 0.932773 0.456583 0.934874 0.459909 0.938142 0.470238 0.945378 0.485294 0.959150 0.505602 0.963352 0.508929 0.965686 0.512430 0.979692 0.527311 0.989963 0.534839 0.998133 0.542367 0.999767 0.542367 0.999767 0.334209 0.998133 0.334209 0.994865 0.336134 0.984360 0.343312 0.966853 0.359244 0.955182 0.372899 0.945845 0.387255 0.935574 0.409839 0.932540 0.422269 0.930906 0.435049 0.930439 0.442577 0.932773 0.456583
1 0.760971 0.654062 0.760971 0.661765 0.761905 0.665966 0.760971 0.676120 0.762372 0.680847 0.763539 0.692577 0.767040 0.706933 0.771475 0.720063 0.778711 0.734769 0.787582 0.748074 0.798553 0.762255 0.815126 0.775910 0.827264 0.784489 0.831466 0.786239 0.835434 0.789741 0.843838 0.793242 0.848973 0.798144 0.858777 0.801996 0.860878 0.804447 0.866013 0.807598 0.872782 0.810224 0.875817 0.812325 0.892624 0.817752 0.904762 0.818627 0.911765 0.818102 0.916667 0.816527 0.928805 0.810924 0.932773 0.808123 0.935808 0.807248 0.953081 0.794118 0.957983 0.791667 0.963585 0.787465 0.984827 0.768557 0.986928 0.765581 0.999767 0.752801 0.999767 0.557948 0.997899 0.557773 0.991363 0.550945 0.975724 0.538866 0.968721 0.535539 0.957516 0.527661 0.952381 0.525385 0.949346 0.523109 0.937442 0.518557 0.929739 0.513480 0.921802 0.510154 0.910831 0.506478 0.897526 0.504377 0.894491 0.505777 0.892624 0.507703 0.891223 0.511730 0.888422 0.515231 0.887255 0.519083 0.883287 0.523810 0.879318 0.532563 0.875117 0.536415 0.874183 0.539916 0.867880 0.548845 0.863212 0.554447 0.857610 0.557248 0.854575 0.563550 0.844771 0.574405 0.841737 0.576155 0.838936 0.579307 0.825864 0.589461 0.816993 0.594188 0.814192 0.594888 0.807190 0.600315 0.779412 0.608718 0.776144 0.610469 0.771942 0.610819 0.768207 0.612920 0.766573 0.617472 0.764239 0.638655 0.760971 0.654062
1 0.708917 0.703081 0.707516 0.713410 0.703782 0.724265 0.697712 0.748249 0.693277 0.758578 0.693044 0.762080 0.689076 0.768908 0.684174 0.783088 0.676471 0.795693 0.672502 0.800245 0.671335 0.803571 0.665500 0.809874 0.653361 0.817227 0.638422 0.821078 0.633754 0.823179 0.632353 0.824580 0.635621 0.834034 0.638422 0.846814 0.652661 0.873599 0.655696 0.876576 0.663632 0.888305 0.673203 0.899510 0.680672 0.910014 0.685808 0.914741 0.692577 0.923845 0.698646 0.927696 0.702614 0.932248 0.709384 0.937150 0.713352 0.938725 0.716387 0.941176 0.728992 0.948179 0.734127 0.949930 0.738562 0.950455 0.758870 0.957108 0.768908 0.954657 0.770075 0.953081 0.772409 0.951856 0.777077 0.951681 0.779412 0.953256 0.780112 0.950980 0.792484 0.943803 0.806256 0.931373 0.811625 0.924370 0.815126 0.918067 0.818394 0.915091 0.829832 0.894783 0.843604 0.862220 0.856209 0.825280 0.859010 0.814076 0.859477 0.806898 0.856909 0.803571 0.848973 0.799895 0.838469 0.792017 0.824230 0.784139 0.812092 0.774860 0.803688 0.766632 0.798553 0.763480 0.786415 0.748249 0.781513 0.741246 0.769841 0.719363 0.767274 0.709909 0.765173 0.705882 0.761671 0.692227 0.760738 0.682948 0.757703 0.677871 0.755602 0.668768 0.753035 0.665091 0.740896 0.661940 0.723856 0.659664 0.718721 0.661415 0.713352 0.692577 0.708917 0.703081
1 0.964928 0.787859 0.941877 0.803571 0.934874 0.809174 0.921569 0.816001 0.919234 0.818277 0.919701 0.821254 0.925303 0.829132 0.963352 0.870448 0.981559 0.888130 0.985528 0.891282 0.988095 0.892157 0.989262 0.893908 0.994865 0.897759 0.998133 0.899685 0.999767 0.899685 0.999767 0.755952 0.997899 0.756127 0.985761 0.769433 0.964928 0.787859
1 0.815126 0.932423 0.838702 0.950630 0.852474 0.960259 0.862745 0.965336 0.868581 0.969363 0.873249 0.973739 0.883287 0.977591 0.889823 0.982493 0.892857 0.983894 0.898693 0.988796 0.908964 0.991071 0.915500 0.993697 0.919001 0.995973 0.925070 0.996499 0.928805 0.997549 0.930205 0.998249 0.930205 0.999825 0.999767 0.999825 0.999767 0.901961 0.988562 0.894083 0.984827 0.888831 0.965686 0.872899 0.944911 0.851541 0.935808 0.840861 0.932073 0.837885 0.929739 0.834384 0.924603 0.829307 0.920168 0.822129 0.917367 0.819678 0.913165 0.818978 0.904528 0.819853 0.898693 0.819678 0.890523 0.818452 0.879552 0.814251 0.862512 0.809174 0.860177 0.813901 0.859944 0.817927 0.855275 0.834209 0.846872 0.855742 0.846172 0.859594 0.835901 0.882353 0.833333 0.890056 0.819328 0.916317 0.816993 0.918417 0.812792 0.925420 0.812325 0.928746 0.815126 0.932423
1 0.597572 0.863796 0.586368 0.880077 0.568161 0.897409 0.568394 0.901085 0.573063 0.908438 0.580299 0.914916 0.584034 0.919468 0.610411 0.941877 0.614846 0.946954 0.625817 0.956758 0.646825 0.973564 0.658030 0.980917 0.661298 0.981968 0.672035 0.987920 0.680439 0.990546 0.685574 0.994048 0.699113 0.998074 0.699346 0.999825 0.732726 0.999825 0.733193 0.997899 0.741597 0.995273 0.748366 0.991772 0.763539 0.980917 0.766106 0.978291 0.777077 0.964636 0.780812 0.958333 0.781979 0.953957 0.781046 0.949755 0.779412 0.949055 0.775910 0.951506 0.772409 0.951856 0.762838 0.956758 0.751867 0.955007 0.745331 0.951681 0.744865 0.949405 0.735605 0.949930 0.732493 0.949055 0.720121 0.943627 0.709384 0.936625 0.695845 0.926471 0.693511 0.922794 0.684874 0.915091 0.671335 0.897584 0.660598 0.885854 0.651727 0.872549 0.640056 0.852416 0.631186 0.825105 0.622782 0.823179 0.617414 0.823179 0.612278 0.824405 0.607843 0.839986 0.597572 0.863796
1 0.390756 0.748424 0.393324 0.754027 0.394725 0.763655 0.408263 0.789041 0.414099 0.796043 0.415733 0.801821 0.440943 0.846989 0.475490 0.901961 0.493931 0.915791 0.498133 0.917717 0.508170 0.919643 0.516106 0.919293 0.529645 0.917192 0.541550 0.912640 0.547386 0.909839 0.563259 0.899510 0.574697 0.890231 0.584500 0.880427 0.595472 0.865196 0.598273 0.859419 0.608077 0.834909 0.609944 0.823880 0.609010 0.821954 0.607143 0.820903 0.582866 0.816176 0.566760 0.810924 0.559524 0.807598 0.549720 0.802521 0.541550 0.797094 0.535247 0.792017 0.529412 0.788866 0.518207 0.780287 0.515873 0.777661 0.511671 0.775210 0.504669 0.765406 0.490663 0.749300 0.484360 0.737570 0.481559 0.734244 0.475490 0.720413 0.466853 0.688725 0.465686 0.671569 0.463352 0.661590 0.463119 0.653011 0.461951 0.650735 0.459851 0.650035 0.454949 0.650560 0.447246 0.652836 0.444678 0.654412 0.440476 0.660714 0.437908 0.668067 0.434174 0.674370 0.425303 0.686625 0.421802 0.692927 0.410364 0.706583 0.401494 0.714286 0.390523 0.719538 0.388422 0.722864 0.388889 0.738095 0.390756 0.748424
1 0.254435 0.622549 0.259104 0.636905 0.265406 0.650735 0.272176 0.660714 0.288515 0.679447 0.304155 0.693277 0.314192 0.700105 0.326331 0.706933 0.347572 0.715336 0.360177 0.718838 0.369281 0.719888 0.377218 0.719888 0.383520 0.719363 0.391223 0.717437 0.399860 0.713936 0.408497 0.707108 0.421569 0.690826 0.429272 0.679797 0.435808 0.668417 0.439076 0.660189 0.444444 0.651611 0.456116 0.621499 0.459150 0.616246 0.461718 0.598915 0.461485 0.593137 0.462418 0.587535 0.467087 0.567402 0.470822 0.557248 0.467087 0.554797 0.463585 0.555672 0.446078 0.556373 0.428571 0.554622 0.422502 0.551821 0.419468 0.548669 0.410364 0.541842 0.403361 0.534664 0.393791 0.523459 0.375584 0.490546 0.364613 0.460259 0.355509 0.439076 0.353408 0.431022 0.350840 0.425245 0.348739 0.423319 0.331232 0.425595 0.314426 0.432598 0.300887 0.440126 0.289916 0.451506 0.287115 0.453256 0.281279 0.464636 0.278945 0.466912 0.275677 0.472689 0.272876 0.478992 0.267040 0.495448 0.264706 0.505252 0.262838 0.508929 0.261204 0.517157 0.256769 0.529062 0.253968 0.543242 0.251167 0.573704 0.251167 0.605917 0.254435 0.622549
1 0.170401 0.817402 0.172736 0.821254 0.173436 0.825805 0.176004 0.831758 0.185341 0.846639 0.187675 0.848915 0.189076 0.852416 0.191410 0.854167 0.195378 0.859244 0.200747 0.863270 0.202848 0.865896 0.206116 0.866947 0.209150 0.870273 0.215453 0.874475 0.221989 0.877101 0.228058 0.880777 0.233894 0.882878 0.237628 0.885154 0.254202 0.889181 0.273576 0.891106 0.280579 0.892682 0.297152 0.892682 0.310924 0.889181 0.326097 0.881127 0.331933 0.875350 0.337068 0.865546 0.345238 0.856968 0.359711 0.831758 0.373016 0.797619 0.377218 0.779762 0.382353 0.769083 0.387255 0.751926 0.387488 0.745448 0.385387 0.723739 0.383754 0.721113 0.382353 0.720588 0.373016 0.720938 0.362278 0.719888 0.340103 0.713761 0.324697 0.706758 0.310224 0.698179 0.301821 0.692227 0.298319 0.688550 0.292250 0.683999 0.273343 0.664741 0.263072 0.648810 0.254902 0.632703 0.251167 0.630252 0.237628 0.630252 0.234360 0.631127 0.232026 0.633578 0.203315 0.672094 0.196779 0.684524 0.192577 0.689076 0.191410 0.692752 0.189309 0.694678 0.185341 0.701681 0.177871 0.709209 0.172502 0.716912 0.171335 0.729517 0.169001 0.741071 0.166667 0.765756 0.166667 0.800770 0.170401 0.817402
1 0.000000 0.941702 0.006536 0.943277 0.011671 0.945378 0.016106 0.945028 0.031979 0.947479 0.036881 0.947654 0.040616 0.946779 0.046685 0.946779 0.059524 0.943978 0.063025 0.942052 0.069561 0.935574 0.071429 0.931373 0.083567 0.916492 0.084734 0.913165 0.123249 0.854342 0.130019 0.846639 0.158730 0.807598 0.163399 0.798494 0.164799 0.793592 0.164332 0.781513 0.167367 0.733193 0.166433 0.729867 0.164799 0.728641 0.161531 0.728466 0.157563 0.730567 0.150794 0.731793 0.144024 0.734069 0.129785 0.734244 0.108077 0.730042 0.092204 0.724965 0.087302 0.722689 0.078665 0.720588 0.051354 0.706232 0.048319 0.702731 0.042017 0.698179 0.032213 0.687150 0.026611 0.677696 0.024743 0.670168 0.022176 0.666492 0.018908 0.663866 0.015640 0.663866 0.012372 0.665791 0.001867 0.674895 0.000000 0.675070 0.000000 0.941702
1 0.124650 0.893908 0.133754 0.907038 0.165033 0.945378 0.169701 0.949405 0.192577 0.973739 0.204015 0.981618 0.212418 0.988620 0.215453 0.989846 0.224323 0.996499 0.228525 0.997899 0.228992 0.999825 0.288515 0.999825 0.288982 0.997899 0.296218 0.995098 0.308590 0.985819 0.321195 0.971814 0.330299 0.957983 0.334500 0.949405 0.339402 0.934874 0.341970 0.921744 0.342437 0.904237 0.340803 0.890056 0.338469 0.884979 0.336601 0.883578 0.327965 0.881303 0.320261 0.885854 0.304388 0.891982 0.299486 0.893207 0.285247 0.894083 0.252101 0.889356 0.241130 0.886029 0.237628 0.885679 0.230626 0.882878 0.215219 0.875175 0.205882 0.867997 0.200747 0.865371 0.189542 0.854692 0.182540 0.842612 0.170168 0.824580 0.166667 0.810924 0.166433 0.806898 0.164799 0.804622 0.161298 0.806022 0.158263 0.811975 0.153361 0.818277 0.150093 0.821078 0.124650 0.854867 0.115780 0.869223 0.118114 0.880077 0.124650 0.893908
1 0.000000 0.999825 0.077498 0.999825 0.100140 0.978466 0.110878 0.964636 0.119748 0.949580 0.127451 0.929972 0.131653 0.910364 0.130486 0.904587 0.126050 0.898985 0.117880 0.884804 0.114146 0.874650 0.112745 0.872724 0.110878 0.873599 0.109244 0.874650 0.108077 0.877451 0.102241 0.884804 0.090803 0.904237 0.089402 0.908088 0.079365 0.922969 0.074463 0.928746 0.069561 0.936450 0.060691 0.944328 0.046919 0.948004 0.028711 0.948354 0.018441 0.946779 0.001867 0.942227 0.000000 0.942227 0.000000 0.999825
1 0.338235 0.880777 0.343838 0.890756 0.352708 0.899860 0.354342 0.903011 0.364613 0.913515 0.368581 0.918943 0.379785 0.930672 0.387488 0.937500 0.396825 0.949055 0.401727 0.952556 0.409897 0.960259 0.428571 0.974090 0.445612 0.983018 0.463119 0.989321 0.484127 0.993347 0.498366 0.994223 0.519374 0.992822 0.543417 0.986520 0.553688 0.982143 0.566993 0.973739 0.573296 0.967962 0.576097 0.963235 0.577965 0.956758 0.576331 0.934349 0.572362 0.916317 0.567694 0.905987 0.560458 0.902661 0.556022 0.905462 0.553688 0.908088 0.549486 0.908789 0.539916 0.914741 0.529645 0.918067 0.525910 0.918067 0.516340 0.920168 0.512605 0.920168 0.503968 0.919118 0.495331 0.916317 0.490663 0.912465 0.478058 0.904412 0.470121 0.894433 0.456349 0.873249 0.453081 0.866422 0.444678 0.853291 0.436275 0.835084 0.431373 0.830007 0.425303 0.818452 0.419468 0.810574 0.414799 0.800420 0.404295 0.784139 0.397526 0.771008 0.395658 0.769083 0.394491 0.764531 0.390523 0.762780 0.387021 0.764006 0.383520 0.770133 0.367880 0.816702 0.361578 0.831758 0.357610 0.839811 0.355742 0.841912 0.353641 0.848214 0.348739 0.853641 0.335668 0.873424 0.334734 0.876751 0.338235 0.880777
1 0.596872 0.865196 0.586134 0.880427 0.568394 0.897409 0.568861 0.901261 0.572829 0.907913 0.579832 0.914041 0.584267 0.919293 0.607376 0.938901 0.626050 0.956758 0.646125 0.972864 0.658030 0.980742 0.663165 0.982843 0.668301 0.986169 0.680439 0.990371 0.685341 0.993873 0.699113 0.998074 0.699346 0.999825 0.732726 0.999825 0.732960 0.998074 0.741363 0.995273 0.748133 0.991947 0.763072 0.981268 0.766573 0.977941 0.777077 0.964636 0.780579 0.958333 0.781979 0.953606 0.781046 0.949930 0.779412 0.949230 0.776844 0.950980 0.772876 0.951681 0.770775 0.953256 0.762605 0.956758 0.751634 0.955007 0.748133 0.953081 0.744398 0.952556 0.744631 0.949230 0.734360 0.949930 0.719655 0.943277 0.709617 0.936800 0.698646 0.927871 0.695845 0.926471 0.693744 0.922794 0.686275 0.916492 0.674136 0.901961 0.671802 0.897934 0.659664 0.884279 0.640056 0.852066 0.631186 0.824930 0.629552 0.824055 0.620915 0.822829 0.614846 0.823004 0.612278 0.823880 0.607610 0.840336 0.596872 0.865196
1 0.558590 0.303396 0.562092 0.310224 0.564192 0.316702 0.570261 0.327206 0.579132 0.347164 0.584034 0.360994 0.585668 0.368873 0.587068 0.387255 0.588002 0.390056 0.587535 0.406454 0.585434 0.424195 0.580999 0.446429 0.575864 0.459909 0.575397 0.463585 0.571895 0.470938 0.588002 0.485819 0.591970 0.488270 0.595005 0.488971 0.598273 0.491772 0.609477 0.498249 0.615079 0.500525 0.623483 0.505602 0.643091 0.513831 0.661298 0.518557 0.663399 0.511029 0.664332 0.470063 0.666667 0.452906 0.666900 0.430847 0.670868 0.397759 0.676937 0.377276 0.684174 0.360644 0.700980 0.332458 0.709384 0.320203 0.717787 0.310749 0.717787 0.307073 0.711951 0.299720 0.705415 0.293768 0.692577 0.284139 0.684641 0.279237 0.670168 0.272584 0.658263 0.268382 0.651027 0.264706 0.623716 0.259279 0.608310 0.258578 0.595472 0.259454 0.584967 0.261204 0.564426 0.269083 0.550420 0.278011 0.545752 0.282388 0.545285 0.286415 0.558590 0.303396
1 0.214986 0.456583 0.216853 0.459909 0.225257 0.466211 0.243231 0.482318 0.249767 0.490896 0.251634 0.495098 0.253501 0.496499 0.258637 0.507178 0.261905 0.508053 0.266573 0.492997 0.273576 0.474790 0.284080 0.457633 0.295051 0.445028 0.302521 0.439076 0.314192 0.432423 0.316060 0.430322 0.318627 0.429097 0.320728 0.428922 0.323296 0.427171 0.331466 0.424895 0.348506 0.421744 0.348739 0.414916 0.346405 0.407213 0.343137 0.385854 0.331699 0.368697 0.327965 0.365371 0.325397 0.366246 0.313959 0.366597 0.300420 0.367997 0.283380 0.372024 0.279412 0.374650 0.276611 0.380077 0.275210 0.387080 0.271008 0.399160 0.266340 0.408088 0.256769 0.421919 0.246265 0.432773 0.239729 0.437675 0.229458 0.443978 0.221755 0.446604 0.216153 0.449580 0.216153 0.453256 0.214986 0.456583
1 0.000000 0.518382 0.021008 0.514356 0.046685 0.502451 0.067460 0.484419 0.096172 0.451506 0.103175 0.432248 0.105275 0.415791 0.103875 0.394608 0.099907 0.369748 0.093371 0.350140 0.081699 0.325280 0.074463 0.313025 0.054622 0.285714 0.045285 0.276436 0.040149 0.268908 0.038982 0.265756 0.035714 0.264006 0.028711 0.255777 0.019374 0.251050 0.015406 0.247024 0.008637 0.244923 0.003035 0.247024 0.000000 0.247374 0.000000 0.518382
1 0.715686 0.622549 0.718254 0.643908 0.718254 0.654412 0.720355 0.657738 0.727124 0.657913 0.745565 0.652311 0.755135 0.647934 0.760271 0.643908 0.762138 0.640056 0.764006 0.631478 0.764939 0.614671 0.762605 0.612570 0.741597 0.612395 0.730392 0.611169 0.717087 0.607843 0.713352 0.608543 0.713352 0.613270 0.715686 0.622549
1 0.925770 0.510504 0.938842 0.518032 0.950980 0.522934 0.959384 0.527311 0.973389 0.536590 0.978058 0.538690 0.989963 0.548144 0.991363 0.550245 0.998133 0.555322 0.999767 0.555322 0.999767 0.544293 0.997899 0.544118 0.995098 0.539916 0.981559 0.529762 0.966853 0.513831 0.959384 0.507353 0.955415 0.502451 0.942110 0.480567 0.936975 0.470238 0.930205 0.452381 0.928571 0.444678 0.925303 0.445203 0.918301 0.448354 0.914799 0.452556 0.905229 0.480567 0.897526 0.498950 0.897526 0.502101 0.925770 0.510504
1 0.000000 0.241071 0.008637 0.243697 0.010504 0.245448 0.016807 0.248599 0.020075 0.251751 0.033147 0.260679 0.035714 0.264706 0.039916 0.268382 0.040850 0.265931 0.039916 0.261555 0.029879 0.245448 0.019141 0.233543 0.006303 0.223915 0.005135 0.221639 0.002334 0.220763 0.000000 0.220763 0.000000 0.241071