0 0.222923 0.485119 0.230626 0.496849 0.234827 0.499650 0.239729 0.501401 0.244865 0.504377 0.285714 0.516457 0.299953 0.519433 0.317227 0.521709 0.348973 0.524685 0.352474 0.524510 0.369514 0.527661 0.383987 0.527661 0.398226 0.526261 0.463819 0.526436 0.472923 0.525210 0.489729 0.521183 0.491363 0.521359 0.504902 0.516807 0.512605 0.513305 0.521709 0.507528 0.532913 0.502626 0.537348 0.499475 0.551821 0.486695 0.561625 0.475140 0.568161 0.464811 0.571895 0.453256 0.571662 0.439251 0.570261 0.431898 0.565359 0.419293 0.554622 0.403536 0.540149 0.390056 0.532680 0.385329 0.525910 0.382178 0.511905 0.377451 0.495098 0.374125 0.474090 0.372024 0.454949 0.371148 0.428571 0.372024 0.422502 0.373599 0.409430 0.372199 0.366947 0.374300 0.320962 0.381303 0.310691 0.383929 0.295051 0.389356 0.272642 0.400560 0.253501 0.414041 0.240196 0.426996 0.227358 0.445903 0.221522 0.465161 0.221522 0.478116 0.222923 0.485119
0 0.206116 0.655987 0.209851 0.666667 0.215453 0.675070 0.224090 0.685574 0.233427 0.693277 0.244398 0.700280 0.258170 0.706933 0.272409 0.712710 0.300420 0.719888 0.394258 0.730392 0.404528 0.730567 0.418067 0.733543 0.439309 0.734244 0.448880 0.732843 0.456816 0.732493 0.465920 0.730217 0.470822 0.730392 0.487628 0.728817 0.511905 0.722689 0.521709 0.718487 0.532446 0.715336 0.548319 0.709384 0.567227 0.699580 0.578431 0.695203 0.602474 0.681723 0.616713 0.669468 0.631886 0.647584 0.633520 0.643032 0.638889 0.633578 0.641223 0.620098 0.641457 0.612220 0.639122 0.599090 0.629318 0.578081 0.626517 0.576506 0.623016 0.571078 0.615546 0.563901 0.598739 0.553571 0.589169 0.549370 0.568627 0.542717 0.539916 0.536590 0.477358 0.528186 0.454248 0.527136 0.404295 0.526786 0.366246 0.529587 0.320962 0.538165 0.303922 0.543417 0.297852 0.546394 0.290383 0.547969 0.279412 0.551821 0.258870 0.562150 0.237395 0.578256 0.224323 0.591737 0.222222 0.595413 0.219655 0.597689 0.213819 0.605742 0.210551 0.612220 0.207750 0.619923 0.206583 0.628326 0.204949 0.632528 0.204248 0.639881 0.206116 0.655987
0 0.633754 0.539041 0.638422 0.544118 0.637955 0.547444 0.640289 0.555147 0.647059 0.566877 0.652894 0.571254 0.654062 0.574580 0.658497 0.577556 0.661064 0.581408 0.691643 0.606968 0.697479 0.610294 0.705415 0.616246 0.712418 0.618697 0.718487 0.623074 0.726891 0.625875 0.737162 0.632178 0.750934 0.637080 0.758403 0.637955 0.762138 0.639531 0.775677 0.641632 0.814192 0.642682 0.869048 0.634454 0.886788 0.633228 0.911298 0.630427 0.928805 0.624650 0.942577 0.621499 0.963819 0.613796 0.971522 0.609944 0.975335 0.606559 0.984127 0.601015 0.987628 0.600140 0.989496 0.598214 0.990896 0.594713 0.999767 0.587360 0.999767 0.521008 0.997899 0.520833 0.989262 0.510329 0.978058 0.500175 0.958917 0.487220 0.942810 0.479867 0.936275 0.477941 0.928338 0.473739 0.925303 0.473389 0.910831 0.468838 0.887021 0.463761 0.880252 0.461310 0.873249 0.459734 0.859477 0.457458 0.786648 0.449230 0.758637 0.447654 0.746499 0.448529 0.734827 0.447304 0.720355 0.447654 0.710084 0.448880 0.706116 0.450455 0.695845 0.452556 0.684641 0.457808 0.677871 0.459559 0.658263 0.471814 0.651961 0.478116 0.647993 0.480567 0.640523 0.490371 0.634921 0.501401 0.632586 0.518032 0.632120 0.529587 0.633754 0.539041
1 0.095705 0.578256 0.098506 0.581583 0.108777 0.589461 0.152661 0.610819 0.187908 0.624650 0.203081 0.629552 0.204949 0.626576 0.208450 0.613971 0.220822 0.594713 0.235761 0.578782 0.252568 0.565826 0.278478 0.551996 0.308590 0.540966 0.328198 0.535889 0.338936 0.534489 0.345238 0.532563 0.348739 0.532738 0.359944 0.529237 0.352708 0.526085 0.322596 0.523985 0.293884 0.519258 0.258870 0.510154 0.255135 0.508403 0.240896 0.504377 0.226891 0.496849 0.222456 0.496324 0.195612 0.496849 0.164566 0.501751 0.136555 0.511555 0.125117 0.517332 0.109010 0.528011 0.105042 0.532038 0.097339 0.543242 0.093604 0.557248 0.093137 0.567577 0.095705 0.578256
1 0.041083 0.458683 0.043184 0.463410 0.050420 0.473564 0.053455 0.475140 0.058590 0.479517 0.065359 0.482493 0.073063 0.487920 0.081232 0.492297 0.098039 0.498424 0.119748 0.503151 0.147526 0.505602 0.151027 0.505077 0.162698 0.501225 0.176237 0.498775 0.216620 0.493697 0.220355 0.494048 0.222923 0.491246 0.220588 0.477766 0.220355 0.469013 0.223156 0.454832 0.230626 0.438901 0.236695 0.429797 0.251867 0.413866 0.272176 0.399685 0.276144 0.398109 0.279412 0.395483 0.293651 0.389006 0.309290 0.383403 0.320962 0.380952 0.324463 0.381828 0.331466 0.378501 0.335434 0.379027 0.345472 0.377626 0.347339 0.376576 0.345705 0.373074 0.331232 0.362570 0.312092 0.353817 0.290383 0.346289 0.265406 0.341737 0.245098 0.339286 0.216620 0.339811 0.204949 0.341036 0.179972 0.347164 0.172736 0.350140 0.167600 0.351366 0.141690 0.364321 0.132820 0.369573 0.115546 0.376050 0.100607 0.383929 0.095238 0.385679 0.083333 0.392507 0.076564 0.397409 0.065126 0.403711 0.052521 0.414916 0.046452 0.424370 0.039683 0.438901 0.039449 0.446779 0.041083 0.458683
1 0.068394 0.304447 0.076097 0.314426 0.089869 0.325455 0.105742 0.334209 0.116246 0.337535 0.121849 0.340511 0.126984 0.341211 0.141690 0.345413 0.154528 0.348039 0.171802 0.349090 0.190243 0.343662 0.203081 0.340861 0.232260 0.338761 0.251634 0.339286 0.266106 0.340861 0.289683 0.344888 0.299486 0.345238 0.327264 0.340161 0.331699 0.339986 0.352241 0.334209 0.366246 0.328081 0.369281 0.324580 0.367414 0.322479 0.356909 0.316001 0.342437 0.303922 0.329832 0.289916 0.324230 0.280462 0.322362 0.276085 0.320728 0.263655 0.323296 0.249825 0.329832 0.239146 0.341503 0.227416 0.333800 0.223564 0.324463 0.221289 0.290616 0.217962 0.285948 0.218137 0.276144 0.216036 0.262372 0.214811 0.247899 0.214811 0.239963 0.215861 0.219888 0.216036 0.214286 0.217787 0.209851 0.217962 0.204015 0.219888 0.188609 0.221639 0.177171 0.224265 0.158030 0.227241 0.115780 0.239146 0.084967 0.254727 0.072596 0.264706 0.069094 0.268908 0.065593 0.275910 0.063259 0.285014 0.063259 0.293242 0.068394 0.304447
1 0.091036 0.154762 0.094304 0.161765 0.095938 0.167892 0.105742 0.181548 0.109010 0.184524 0.120215 0.192927 0.130252 0.197304 0.131886 0.199580 0.134454 0.201155 0.154528 0.208333 0.161298 0.211485 0.168534 0.212885 0.185574 0.218487 0.189776 0.219188 0.202614 0.219013 0.216620 0.216211 0.227358 0.216387 0.230859 0.215161 0.237862 0.215161 0.240896 0.214286 0.246732 0.214111 0.264706 0.214461 0.319328 0.219013 0.331933 0.219188 0.338469 0.217612 0.343838 0.214986 0.351774 0.209384 0.362045 0.198704 0.369514 0.187325 0.375584 0.185749 0.379552 0.182948 0.381186 0.179972 0.387021 0.175070 0.390990 0.167717 0.391223 0.161064 0.384220 0.156338 0.369748 0.148634 0.361811 0.142682 0.354809 0.135329 0.346405 0.124650 0.340803 0.112745 0.338469 0.095938 0.339869 0.088410 0.337535 0.085959 0.328198 0.081933 0.323529 0.081758 0.303922 0.078256 0.299953 0.078431 0.272642 0.074055 0.255602 0.072304 0.220355 0.070378 0.206116 0.071429 0.175070 0.076155 0.153361 0.082983 0.136321 0.091211 0.129085 0.096113 0.127218 0.099615 0.123016 0.102416 0.115780 0.105742 0.098506 0.125175 0.093604 0.133754 0.091503 0.140406 0.090336 0.146884 0.091036 0.154762
0 0.289216 0.852591 0.292017 0.859944 0.300187 0.872724 0.306956 0.880777 0.320962 0.893908 0.341503 0.908088 0.354108 0.913340 0.371148 0.921744 0.404295 0.930847 0.421102 0.933648 0.434641 0.934874 0.461018 0.935574 0.488095 0.932948 0.495565 0.931548 0.505369 0.931548 0.522409 0.926471 0.529879 0.926120 0.553455 0.920693 0.560691 0.920518 0.595938 0.910539 0.602241 0.909489 0.626284 0.903186 0.632353 0.900210 0.637255 0.899335 0.640756 0.897234 0.650794 0.895133 0.661765 0.891457 0.670635 0.887080 0.673903 0.883403 0.675770 0.882878 0.678805 0.883754 0.680672 0.882178 0.685574 0.880427 0.689776 0.877276 0.694678 0.875350 0.703081 0.868873 0.706816 0.867122 0.718954 0.848564 0.719655 0.845763 0.721989 0.842262 0.723856 0.834734 0.722689 0.820903 0.720355 0.813200 0.714052 0.799895 0.707750 0.792017 0.692577 0.778011 0.651027 0.751401 0.647292 0.750700 0.644258 0.748775 0.637722 0.746849 0.630952 0.743347 0.605976 0.735294 0.581933 0.730742 0.546685 0.728641 0.532757 0.729517 0.521008 0.728992 0.512372 0.730042 0.507937 0.731443 0.504902 0.730917 0.487862 0.733718 0.477591 0.738445 0.470121 0.737745 0.460084 0.740196 0.456349 0.742122 0.428571 0.748249 0.422035 0.749125 0.407563 0.752801 0.404528 0.752976 0.396825 0.755952 0.387488 0.757703 0.383987 0.759629 0.379785 0.760329 0.366713 0.765581 0.360411 0.768732 0.341970 0.775910 0.323063 0.786239 0.314192 0.791667 0.303221 0.800420 0.298553 0.805847 0.293417 0.814251 0.287815 0.834909 0.287582 0.845063 0.289216 0.852591
1 0.090803 0.975140 0.094771 0.981268 0.097339 0.988796 0.102241 0.995623 0.103175 0.999825 0.484127 0.999825 0.484127 0.998249 0.492530 0.992472 0.495098 0.989496 0.498599 0.987570 0.505369 0.981268 0.511438 0.974090 0.513072 0.970588 0.516340 0.968137 0.518908 0.963410 0.524043 0.946429 0.524510 0.932248 0.522409 0.929272 0.519374 0.930322 0.508637 0.931373 0.502568 0.933298 0.497666 0.932598 0.488796 0.934524 0.470822 0.936450 0.452148 0.937325 0.435341 0.936625 0.432540 0.935924 0.427638 0.936275 0.422269 0.935749 0.414566 0.933648 0.404528 0.932073 0.383754 0.926821 0.380252 0.925070 0.368347 0.922094 0.335201 0.905812 0.313725 0.889531 0.304388 0.880077 0.295051 0.867822 0.288749 0.857318 0.284781 0.843487 0.282446 0.842087 0.272642 0.844363 0.265406 0.844713 0.256069 0.849265 0.192344 0.868697 0.160364 0.880777 0.152194 0.883053 0.138422 0.889006 0.123016 0.897059 0.110878 0.904062 0.102007 0.910539 0.095238 0.918067 0.091036 0.925070 0.088469 0.932248 0.085668 0.946078 0.086134 0.955707 0.090803 0.975140
1 0.721755 0.791492 0.730159 0.810924 0.734594 0.815301 0.736695 0.819503 0.744631 0.827031 0.748599 0.829657 0.749533 0.831583 0.764706 0.846814 0.768207 0.848739 0.771475 0.852591 0.785948 0.863796 0.801354 0.872199 0.814426 0.881127 0.822129 0.885154 0.831699 0.888480 0.841737 0.893732 0.859477 0.898810 0.872782 0.905287 0.881419 0.906162 0.893791 0.910014 0.899160 0.910539 0.907796 0.912990 0.910831 0.911765 0.916200 0.912640 0.929272 0.912465 0.934174 0.911415 0.949813 0.911590 0.952848 0.910539 0.957049 0.910189 0.966153 0.907038 0.978291 0.904762 0.985061 0.900210 0.994631 0.895833 0.997432 0.893382 0.999767 0.892857 0.999767 0.694503 0.991130 0.692402 0.984127 0.689601 0.967087 0.686625 0.942577 0.683123 0.923203 0.681898 0.894024 0.682773 0.879785 0.685924 0.869981 0.686450 0.854809 0.689601 0.841503 0.691176 0.810691 0.700280 0.802754 0.701506 0.799020 0.703256 0.793417 0.704657 0.763772 0.716737 0.753268 0.721989 0.741597 0.729867 0.738095 0.732843 0.736228 0.735644 0.733193 0.737745 0.729458 0.743347 0.727358 0.745098 0.725724 0.749475 0.723856 0.751576 0.725724 0.754727 0.725724 0.757528 0.721522 0.759979 0.718021 0.761029 0.718954 0.778887 0.721755 0.791492
1 0.788982 0.688725 0.792717 0.695903 0.793417 0.699755 0.796218 0.701155 0.803922 0.700280 0.807890 0.698704 0.836134 0.691352 0.848739 0.688901 0.869281 0.686275 0.886088 0.682773 0.905462 0.681197 0.924837 0.681022 0.962418 0.684524 0.981092 0.687675 0.994865 0.691527 0.999767 0.691877 0.999767 0.600840 0.991130 0.599965 0.984360 0.603116 0.974323 0.610469 0.964052 0.615721 0.941643 0.623074 0.929038 0.626225 0.921335 0.629377 0.903828 0.632528 0.855509 0.637605 0.817927 0.644608 0.799953 0.644608 0.796919 0.645308 0.794118 0.647409 0.790616 0.654762 0.786648 0.672969 0.786648 0.679097 0.788982 0.688725
1 0.629085 0.577731 0.638889 0.595238 0.642157 0.612745 0.642157 0.623775 0.639122 0.635854 0.627918 0.656162 0.622316 0.661239 0.617414 0.669118 0.602241 0.681898 0.595238 0.685224 0.591737 0.688025 0.588702 0.688901 0.577264 0.696429 0.551821 0.708508 0.532680 0.715686 0.522642 0.717087 0.520308 0.720763 0.509804 0.723915 0.510271 0.724965 0.511905 0.725140 0.514239 0.727241 0.536881 0.727241 0.538749 0.726541 0.542951 0.727066 0.556723 0.726891 0.586134 0.729342 0.602941 0.732843 0.626984 0.740196 0.633987 0.740371 0.644491 0.738445 0.667600 0.733368 0.674370 0.731268 0.685808 0.729167 0.689776 0.727066 0.696078 0.722164 0.710084 0.714636 0.728291 0.700980 0.735761 0.693452 0.745098 0.681373 0.752334 0.669293 0.756769 0.659664 0.760971 0.644258 0.759337 0.640581 0.750467 0.638655 0.737162 0.633754 0.703782 0.617122 0.666900 0.588936 0.657796 0.578782 0.652894 0.574755 0.650093 0.570903 0.644024 0.566527 0.636788 0.566001 0.627451 0.568978 0.625350 0.570378 0.625817 0.574580 0.629085 0.577731
1 0.488796 0.529412 0.512838 0.531863 0.525677 0.534314 0.547152 0.537115 0.564426 0.540616 0.583333 0.546394 0.595938 0.551120 0.605742 0.557598 0.615079 0.562325 0.620215 0.566702 0.623016 0.567927 0.637255 0.564426 0.640523 0.562150 0.641223 0.560399 0.633987 0.546043 0.630952 0.533088 0.633053 0.505777 0.636788 0.495798 0.641223 0.488445 0.647292 0.480742 0.650794 0.477591 0.658263 0.473564 0.660598 0.467787 0.659664 0.459909 0.658263 0.456758 0.650794 0.451506 0.644024 0.450280 0.637021 0.447829 0.617180 0.445553 0.602241 0.446254 0.574697 0.451681 0.572596 0.454132 0.569561 0.463410 0.561858 0.475840 0.550654 0.488796 0.536181 0.500875 0.504669 0.517682 0.491830 0.521709 0.482726 0.522584 0.474556 0.525735 0.478058 0.527311 0.488796 0.529412
1 0.066060 0.758578 0.067460 0.765406 0.070728 0.769258 0.074930 0.779412 0.080299 0.786590 0.086835 0.793943 0.103408 0.806022 0.124883 0.818277 0.130952 0.821078 0.140756 0.823704 0.147526 0.826856 0.178571 0.834034 0.205882 0.836134 0.211951 0.835434 0.247666 0.836660 0.283147 0.835084 0.285481 0.834034 0.287348 0.831057 0.288749 0.821779 0.291550 0.813901 0.295051 0.807948 0.299720 0.802521 0.307423 0.794993 0.313025 0.790791 0.329365 0.780812 0.342204 0.774335 0.354809 0.769608 0.362979 0.765231 0.384454 0.757528 0.390523 0.755777 0.393791 0.755602 0.404528 0.751225 0.431606 0.746324 0.438842 0.743697 0.442810 0.743347 0.445845 0.741772 0.451214 0.741246 0.451914 0.737220 0.451447 0.736169 0.449580 0.735469 0.434407 0.735644 0.417600 0.734419 0.390523 0.731092 0.383520 0.729517 0.335434 0.725140 0.314659 0.721989 0.304388 0.721113 0.293184 0.719013 0.289916 0.717437 0.286415 0.717087 0.264706 0.710784 0.241130 0.699230 0.232960 0.693978 0.223856 0.686275 0.215453 0.676996 0.210551 0.670168 0.205882 0.668943 0.192577 0.669818 0.178571 0.672444 0.168301 0.675420 0.164799 0.675595 0.151261 0.679622 0.147526 0.679972 0.139356 0.683473 0.137255 0.683648 0.122782 0.688725 0.095472 0.704832 0.080299 0.716387 0.067460 0.730742 0.064426 0.742472 0.064426 0.755252 0.066060 0.758578
1 0.640289 0.746499 0.650327 0.750350 0.664332 0.759629 0.678105 0.766632 0.681373 0.769608 0.684641 0.771008 0.689309 0.775035 0.692344 0.776085 0.700280 0.782213 0.702848 0.786239 0.706816 0.789216 0.709150 0.793242 0.712885 0.796394 0.717787 0.804272 0.724323 0.821078 0.725257 0.834909 0.723623 0.842087 0.717554 0.852766 0.707750 0.866947 0.695378 0.876576 0.685574 0.881127 0.668768 0.890756 0.654062 0.896008 0.633520 0.901085 0.618581 0.906513 0.599907 0.910889 0.595005 0.911239 0.584967 0.915266 0.574697 0.917717 0.568627 0.921218 0.568394 0.921919 0.570962 0.923144 0.586368 0.925070 0.607843 0.925595 0.630486 0.923669 0.649860 0.920868 0.688609 0.919118 0.703081 0.917542 0.721755 0.914391 0.738562 0.908088 0.759104 0.895658 0.776611 0.881653 0.783380 0.875175 0.787348 0.869398 0.787815 0.866246 0.786648 0.865021 0.764472 0.848564 0.753968 0.837535 0.743231 0.829132 0.735994 0.821604 0.729925 0.813725 0.721989 0.798144 0.717554 0.782913 0.716387 0.776085 0.716153 0.765231 0.719421 0.762080 0.718721 0.761204 0.730626 0.737920 0.734594 0.734769 0.735528 0.730917 0.734127 0.730217 0.730159 0.730392 0.720355 0.728817 0.711018 0.728817 0.703081 0.729867 0.691877 0.730217 0.675070 0.732493 0.668534 0.734419 0.663866 0.734769 0.651494 0.737395 0.645191 0.739671 0.637955 0.741246 0.634220 0.744398 0.637488 0.746148 0.640289 0.746499
1 0.764006 0.907738 0.768441 0.924195 0.774977 0.936800 0.781746 0.946604 0.796919 0.961134 0.808123 0.966387 0.820962 0.969363 0.855976 0.970938 0.872782 0.969713 0.883520 0.968137 0.892390 0.965686 0.903128 0.963761 0.929505 0.956232 0.974090 0.945553 0.993697 0.940301 0.998133 0.938025 0.999767 0.938025 0.999767 0.895658 0.994631 0.896709 0.985294 0.902486 0.978058 0.905462 0.974556 0.906688 0.966853 0.907913 0.960551 0.910889 0.956349 0.910364 0.949580 0.911940 0.935808 0.912990 0.928338 0.912465 0.917834 0.913165 0.904295 0.912465 0.901261 0.911239 0.890056 0.909839 0.883287 0.907563 0.874183 0.905987 0.865313 0.902661 0.859244 0.899335 0.855742 0.898634 0.849907 0.896008 0.835434 0.891282 0.820261 0.884629 0.800887 0.873074 0.793651 0.869223 0.790149 0.868347 0.788049 0.869748 0.783847 0.875700 0.766807 0.890581 0.763539 0.894783 0.762838 0.897584 0.764006 0.907738
1 0.857843 0.999825 0.999767 0.999825 0.999767 0.961835 0.991597 0.960084 0.970121 0.960434 0.956816 0.962010 0.943277 0.965336 0.922035 0.968838 0.911298 0.972689 0.897526 0.978992 0.883053 0.983894 0.874883 0.988971 0.862745 0.994573 0.857843 0.998249 0.857843 0.999825
1 0.386321 0.371674 0.390289 0.372374 0.411064 0.370973 0.425770 0.371674 0.432073 0.370448 0.452848 0.370098 0.479925 0.371499 0.498599 0.374125 0.511671 0.376751 0.524510 0.381127 0.537815 0.387430 0.548553 0.395833 0.555322 0.402311 0.565826 0.417367 0.569094 0.424370 0.572596 0.435399 0.573996 0.448354 0.574463 0.449755 0.575397 0.449930 0.588235 0.448354 0.603408 0.444678 0.616013 0.437675 0.626050 0.429622 0.633754 0.421919 0.637955 0.415791 0.642857 0.399160 0.653128 0.380602 0.653828 0.377451 0.652194 0.366597 0.648459 0.358368 0.641923 0.350140 0.634220 0.344013 0.622549 0.337010 0.608777 0.331758 0.578898 0.325805 0.567460 0.327031 0.532913 0.336835 0.522176 0.338410 0.516106 0.340161 0.497432 0.343662 0.484127 0.345588 0.467320 0.347339 0.453315 0.346989 0.446078 0.345238 0.439076 0.344713 0.425303 0.344713 0.418534 0.346639 0.411998 0.351366 0.397526 0.358894 0.392624 0.362220 0.385154 0.369223 0.384921 0.370273 0.386321 0.371674
1 0.646825 0.442227 0.650560 0.447304 0.660131 0.455532 0.661298 0.462010 0.664332 0.463936 0.674837 0.460434 0.681139 0.457108 0.697479 0.451155 0.711485 0.447654 0.726190 0.446604 0.737628 0.447129 0.740663 0.446254 0.747432 0.447129 0.761905 0.446604 0.771475 0.447829 0.789916 0.448004 0.793417 0.449405 0.827965 0.452556 0.842670 0.454657 0.875584 0.456758 0.880019 0.458158 0.882586 0.456583 0.880019 0.453957 0.880719 0.452031 0.887255 0.449580 0.896825 0.448529 0.904295 0.446254 0.911998 0.445028 0.926471 0.439251 0.928805 0.438901 0.933551 0.435516 0.941643 0.432423 0.944911 0.429622 0.963119 0.418242 0.966853 0.412290 0.974323 0.408438 0.990663 0.390581 0.995565 0.380602 0.997666 0.372724 0.999767 0.371324 0.999767 0.358018 0.997432 0.355217 0.995331 0.349615 0.990663 0.344713 0.991130 0.341737 0.983427 0.328256 0.979458 0.323354 0.970121 0.315476 0.954015 0.307423 0.935574 0.303046 0.915266 0.300595 0.901027 0.299895 0.855742 0.302696 0.841503 0.304622 0.800654 0.311975 0.760971 0.320903 0.751634 0.323529 0.748133 0.325805 0.725724 0.332808 0.717320 0.337535 0.713585 0.338410 0.709384 0.340511 0.706583 0.340511 0.679505 0.357668 0.677871 0.359944 0.668067 0.367472 0.658730 0.376751 0.656863 0.380252 0.650794 0.387080 0.649160 0.392157 0.645425 0.397409 0.641923 0.410714 0.641223 0.418067 0.641457 0.428571 0.646825 0.442227
1 0.720355 0.289566 0.723856 0.296919 0.726657 0.299020 0.729225 0.303571 0.736228 0.310399 0.745331 0.317052 0.748599 0.318803 0.758403 0.320903 0.765640 0.318627 0.786181 0.314251 0.796452 0.313025 0.809757 0.309524 0.837302 0.304447 0.858777 0.302171 0.897059 0.299370 0.919935 0.300245 0.936275 0.302171 0.950980 0.305672 0.963352 0.310399 0.967320 0.311099 0.977358 0.304622 0.983660 0.298494 0.989029 0.290441 0.992530 0.279937 0.992530 0.265231 0.990430 0.252626 0.988796 0.248249 0.984127 0.241597 0.978291 0.235469 0.971289 0.229342 0.961018 0.223039 0.950047 0.218487 0.944444 0.215336 0.928805 0.209734 0.904528 0.203782 0.877451 0.199580 0.869281 0.199930 0.863212 0.198179 0.856443 0.199405 0.852241 0.197304 0.835668 0.197479 0.827731 0.198529 0.823996 0.198179 0.808357 0.200805 0.803688 0.200980 0.786181 0.205007 0.758637 0.213585 0.750000 0.217962 0.737395 0.225840 0.727358 0.235994 0.722222 0.244748 0.720355 0.253151 0.717320 0.258053 0.716387 0.264356 0.716853 0.278536 0.720355 0.289566
1 0.543884 0.185749 0.545985 0.191877 0.550187 0.198004 0.552754 0.199580 0.565126 0.204132 0.578198 0.211485 0.590803 0.217437 0.598739 0.222864 0.610878 0.227941 0.616013 0.229342 0.619514 0.228291 0.627918 0.228992 0.635854 0.230917 0.642157 0.231443 0.700514 0.230567 0.710317 0.229692 0.726424 0.226891 0.730859 0.227941 0.736928 0.223564 0.740896 0.222339 0.743697 0.219538 0.761905 0.211134 0.789449 0.202906 0.791783 0.201681 0.807190 0.198704 0.822129 0.193452 0.824930 0.193102 0.831466 0.195028 0.852007 0.188200 0.857610 0.183473 0.860411 0.182073 0.874183 0.168943 0.885387 0.152836 0.889823 0.140581 0.889122 0.126751 0.887488 0.123950 0.883987 0.112745 0.880486 0.108368 0.875350 0.097864 0.871615 0.095238 0.868814 0.090686 0.865313 0.088235 0.861578 0.084209 0.852474 0.078606 0.845472 0.075280 0.831933 0.069853 0.813725 0.065476 0.799020 0.063025 0.774977 0.061975 0.748833 0.064251 0.727358 0.068277 0.702848 0.074755 0.692810 0.078256 0.652661 0.093662 0.595472 0.119573 0.573529 0.133228 0.563259 0.140931 0.556489 0.147234 0.549253 0.155112 0.545051 0.164391 0.543184 0.172094 0.542717 0.179447 0.543884 0.185749
0 0.323063 0.265581 0.324697 0.268032 0.326097 0.276261 0.328898 0.278186 0.331933 0.283789 0.332866 0.290091 0.345938 0.305147 0.361578 0.317577 0.366480 0.319853 0.369748 0.323004 0.397526 0.335084 0.407796 0.337535 0.414799 0.340161 0.424837 0.341211 0.433240 0.343137 0.439309 0.342962 0.444211 0.343662 0.452614 0.345763 0.461718 0.346113 0.479458 0.345238 0.512605 0.340161 0.556022 0.329657 0.575864 0.323179 0.584967 0.317752 0.591737 0.311975 0.598739 0.308123 0.609944 0.297794 0.614146 0.292192 0.618814 0.282913 0.621849 0.266282 0.621382 0.258403 0.619748 0.255777 0.617414 0.247899 0.612045 0.237745 0.605509 0.230742 0.595472 0.222689 0.586601 0.218312 0.578431 0.212535 0.558824 0.204482 0.546685 0.198179 0.515406 0.190476 0.501867 0.188550 0.494865 0.189251 0.480859 0.188200 0.470355 0.188550 0.458917 0.190301 0.429272 0.196954 0.425070 0.198704 0.408030 0.202206 0.400560 0.202906 0.394024 0.205707 0.386788 0.205707 0.383520 0.206758 0.354809 0.219363 0.343838 0.226716 0.338469 0.233368 0.333100 0.237745 0.331466 0.241422 0.327965 0.244573 0.325864 0.256127 0.324463 0.258403 0.324697 0.261730 0.323063 0.265581
1 0.458450 0.000000 0.457983 0.001926 0.446312 0.007353 0.438375 0.013130 0.395425 0.036239 0.375817 0.050420 0.360177 0.063375 0.347339 0.077731 0.343137 0.085434 0.339869 0.095413 0.340803 0.108894 0.347572 0.124650 0.355742 0.134979 0.362745 0.141807 0.376517 0.151261 0.383754 0.155112 0.411765 0.165966 0.415500 0.166842 0.442577 0.169993 0.446078 0.171218 0.463119 0.171218 0.473623 0.168768 0.491597 0.167192 0.508637 0.164041 0.518207 0.161239 0.529879 0.159489 0.546685 0.154237 0.562092 0.140581 0.579832 0.127626 0.589169 0.121674 0.595472 0.119048 0.603408 0.114496 0.623249 0.105742 0.625350 0.103817 0.632120 0.095938 0.635621 0.085259 0.636321 0.076331 0.635854 0.063901 0.633520 0.056898 0.626517 0.043067 0.622782 0.038165 0.618114 0.034139 0.614146 0.028536 0.597106 0.012080 0.583800 0.004377 0.577264 0.001926 0.576797 0.000000 0.458450 0.000000
1 0.359944 0.213235 0.362512 0.214636 0.374650 0.208859 0.383754 0.206583 0.388189 0.204657 0.394491 0.203957 0.404295 0.201155 0.415266 0.200280 0.446545 0.191877 0.472923 0.187325 0.502101 0.187675 0.535481 0.193803 0.544118 0.196078 0.540850 0.179622 0.543184 0.161064 0.540850 0.158964 0.537115 0.158789 0.503735 0.165966 0.482026 0.168242 0.466620 0.170693 0.449113 0.171218 0.429739 0.169468 0.418067 0.170518 0.394258 0.177871 0.387021 0.181197 0.381419 0.185749 0.370448 0.192577 0.362745 0.202906 0.359711 0.209559 0.359944 0.213235
1 0.633754 0.098564 0.636088 0.100140 0.640990 0.098915 0.652428 0.093137 0.659897 0.090861 0.695845 0.076856 0.716387 0.071078 0.720355 0.069328 0.732493 0.066877 0.744865 0.065476 0.751167 0.063901 0.768674 0.061625 0.779412 0.061800 0.782913 0.062500 0.793884 0.061975 0.816527 0.065476 0.827965 0.068102 0.836601 0.070903 0.841737 0.073529 0.848973 0.075980 0.862745 0.083508 0.870682 0.090511 0.877218 0.098564 0.886088 0.115021 0.890289 0.126050 0.891457 0.132178 0.891223 0.140931 0.889122 0.147584 0.890523 0.148810 0.897526 0.142157 0.901261 0.136555 0.908497 0.123249 0.913165 0.109594 0.914566 0.099090 0.913399 0.091912 0.907563 0.081057 0.903595 0.070378 0.898226 0.063375 0.884687 0.052521 0.872782 0.046744 0.852007 0.038866 0.839169 0.035714 0.830299 0.034314 0.827965 0.033263 0.806723 0.030287 0.802988 0.029237 0.766807 0.026436 0.747899 0.026261 0.727824 0.027311 0.720121 0.028361 0.689309 0.034489 0.674837 0.039216 0.660598 0.045518 0.650327 0.051996 0.645191 0.056022 0.637255 0.064076 0.637255 0.083683 0.633754 0.098564
1 0.635854 0.272409 0.639589 0.278361 0.643557 0.282738 0.654295 0.291492 0.664799 0.296394 0.677404 0.304272 0.699813 0.313375 0.712885 0.317227 0.719188 0.322129 0.728291 0.322479 0.731092 0.321604 0.741597 0.321429 0.744631 0.317577 0.740663 0.313550 0.733193 0.309174 0.722689 0.296919 0.719655 0.290966 0.716153 0.279587 0.715453 0.265406 0.716620 0.258053 0.721522 0.244573 0.729225 0.231092 0.728058 0.228291 0.723856 0.228116 0.710551 0.230217 0.657330 0.231443 0.643791 0.232668 0.638422 0.234594 0.633754 0.241071 0.631653 0.252101 0.632820 0.264706 0.635854 0.272409
1 0.877918 0.460084 0.911998 0.468137 0.925070 0.471989 0.957983 0.485644 0.975023 0.496148 0.992297 0.511029 0.994631 0.514181 0.998133 0.516282 0.999767 0.516282 0.999767 0.488445 0.997899 0.488095 0.992764 0.478992 0.981092 0.466737 0.970355 0.458508 0.956583 0.451331 0.939309 0.443803 0.928571 0.441001 0.921802 0.442052 0.912698 0.445378 0.893557 0.450455 0.883520 0.451856 0.875817 0.455707 0.874650 0.456758 0.877918 0.460084