1 0.374650 0.112395 0.379318 0.121849 0.390056 0.137605 0.411531 0.158613 0.416200 0.160189 0.422736 0.165091 0.440009 0.173845 0.467554 0.183298 0.511671 0.194503 0.522409 0.198704 0.534080 0.201506 0.565126 0.206057 0.577498 0.206583 0.584500 0.206057 0.602007 0.202031 0.611345 0.196604 0.617880 0.189251 0.621148 0.181723 0.623016 0.172269 0.626984 0.160014 0.624883 0.145658 0.617880 0.129727 0.610177 0.119048 0.602474 0.111169 0.568861 0.083508 0.547386 0.068803 0.529412 0.061275 0.523109 0.060399 0.518674 0.060574 0.514472 0.059699 0.509337 0.060924 0.501867 0.060224 0.492764 0.060924 0.484360 0.060399 0.478992 0.061099 0.463352 0.060924 0.456583 0.058648 0.444911 0.058298 0.442577 0.057423 0.438609 0.057948 0.436041 0.057073 0.422035 0.056723 0.415266 0.055147 0.399860 0.054272 0.387021 0.051296 0.381419 0.055497 0.376050 0.064251 0.372549 0.070903 0.369748 0.081408 0.370215 0.095413 0.374650 0.112395
1 0.211485 0.162640 0.215920 0.169468 0.226190 0.178746 0.233660 0.183824 0.241363 0.188200 0.253968 0.193627 0.272409 0.199930 0.289449 0.203081 0.307890 0.204657 0.331466 0.204482 0.341270 0.202731 0.365313 0.200980 0.402428 0.191176 0.429739 0.178571 0.433007 0.175420 0.432540 0.172094 0.427871 0.167192 0.426004 0.165966 0.423319 0.165791 0.419468 0.164391 0.407563 0.155812 0.389823 0.138305 0.385621 0.132878 0.374650 0.114671 0.372316 0.109069 0.369048 0.095763 0.368114 0.083683 0.366480 0.080707 0.363445 0.079657 0.355976 0.080007 0.349673 0.081933 0.339402 0.082983 0.306723 0.090861 0.296919 0.095063 0.272876 0.101891 0.262372 0.105742 0.260037 0.108018 0.256536 0.109769 0.241363 0.115196 0.226190 0.125875 0.221755 0.131127 0.218954 0.133228 0.214753 0.139881 0.209851 0.151961 0.209851 0.157213 0.211485 0.162640
1 0.115780 0.313725 0.121615 0.321604 0.126517 0.325455 0.143324 0.334734 0.152428 0.338235 0.158030 0.341387 0.161298 0.341562 0.175070 0.346289 0.185107 0.349090 0.190943 0.349965 0.206583 0.354692 0.219188 0.356618 0.227591 0.357143 0.237628 0.352766 0.266106 0.336485 0.280812 0.331057 0.298086 0.328081 0.314192 0.328431 0.332166 0.330882 0.334034 0.330357 0.335901 0.328081 0.334734 0.321078 0.327965 0.313025 0.320261 0.306197 0.303922 0.294993 0.274043 0.279412 0.251167 0.268908 0.247899 0.266632 0.227358 0.259279 0.211018 0.256653 0.199580 0.255952 0.178105 0.256478 0.165033 0.258053 0.142624 0.263831 0.127918 0.270658 0.122316 0.276085 0.119281 0.277661 0.115079 0.284489 0.113445 0.292717 0.113445 0.304797 0.115780 0.313725
1 0.095938 0.383754 0.097106 0.387080 0.098973 0.389006 0.105275 0.391106 0.115313 0.393207 0.144491 0.402836 0.151961 0.406338 0.169701 0.416492 0.186275 0.427871 0.198179 0.438025 0.210784 0.454307 0.215219 0.464286 0.220355 0.466737 0.223389 0.464986 0.225023 0.452556 0.229925 0.443277 0.238095 0.432073 0.236695 0.430322 0.232026 0.429622 0.223623 0.426646 0.220355 0.424195 0.216387 0.422969 0.209617 0.418242 0.200047 0.402136 0.198413 0.394783 0.200047 0.387080 0.205649 0.376576 0.212652 0.369923 0.211251 0.367997 0.178571 0.355217 0.162232 0.351015 0.149160 0.348739 0.134220 0.348039 0.122549 0.349090 0.112278 0.353641 0.104809 0.360469 0.098039 0.368172 0.096172 0.373074 0.095472 0.376225 0.095938 0.383754
1 0.007703 0.415091 0.016106 0.437150 0.019141 0.450455 0.025677 0.460084 0.032913 0.465686 0.046218 0.471289 0.057190 0.477766 0.060458 0.478992 0.063959 0.479342 0.071662 0.482493 0.083100 0.485644 0.106209 0.490196 0.143324 0.494923 0.150794 0.496499 0.173903 0.498599 0.178105 0.498249 0.186041 0.498950 0.192577 0.496674 0.204248 0.491246 0.210084 0.485644 0.212652 0.480217 0.214519 0.466912 0.210317 0.455182 0.204482 0.446604 0.201447 0.443803 0.198646 0.439426 0.191877 0.432948 0.177871 0.422794 0.158497 0.410364 0.144258 0.403711 0.119281 0.394958 0.102474 0.390931 0.098739 0.390756 0.087302 0.388305 0.070495 0.387255 0.057890 0.387780 0.040149 0.391807 0.026377 0.397584 0.014706 0.404412 0.007236 0.411590 0.007703 0.415091
1 0.028245 0.547269 0.043184 0.555322 0.053922 0.558473 0.070495 0.560924 0.085201 0.561099 0.087302 0.560399 0.098739 0.560224 0.106676 0.557948 0.115780 0.556898 0.126517 0.554447 0.130252 0.551821 0.140990 0.547444 0.158964 0.536415 0.169001 0.528011 0.179972 0.515581 0.187442 0.505602 0.189309 0.501751 0.188842 0.499650 0.187908 0.498249 0.186508 0.497899 0.173903 0.498775 0.154762 0.497374 0.119981 0.491772 0.103408 0.490021 0.084734 0.486695 0.067460 0.481618 0.060224 0.480567 0.057190 0.481968 0.035948 0.512605 0.027778 0.527311 0.025444 0.535539 0.025677 0.542892 0.028245 0.547269
1 0.202614 0.227066 0.208917 0.242297 0.214286 0.248599 0.223389 0.255952 0.236695 0.260854 0.249066 0.266282 0.251634 0.268207 0.255602 0.269258 0.300187 0.291492 0.310691 0.293768 0.327498 0.296218 0.348973 0.296043 0.374183 0.293067 0.382820 0.289741 0.383287 0.286064 0.381653 0.282213 0.376284 0.275910 0.364379 0.255602 0.360878 0.241246 0.360644 0.225665 0.359010 0.223915 0.353175 0.221113 0.331466 0.206408 0.327264 0.205532 0.300420 0.205182 0.276144 0.201331 0.265406 0.198529 0.259804 0.196078 0.252101 0.193978 0.237862 0.187500 0.234127 0.187500 0.223623 0.192227 0.209617 0.201506 0.205182 0.206758 0.201681 0.215686 0.201447 0.220763 0.202614 0.227066
1 0.364846 0.251926 0.369281 0.262255 0.386321 0.287640 0.393557 0.294293 0.397759 0.296919 0.400794 0.297619 0.404295 0.296394 0.424370 0.287290 0.443277 0.280287 0.463119 0.277486 0.484127 0.277136 0.485761 0.276085 0.487395 0.272409 0.486461 0.268732 0.482726 0.265056 0.467320 0.253326 0.455415 0.240896 0.444911 0.225140 0.434407 0.204132 0.432540 0.202556 0.426471 0.200980 0.421802 0.198179 0.409430 0.194328 0.402428 0.193978 0.388189 0.196078 0.374416 0.200630 0.370448 0.203081 0.368814 0.205532 0.365079 0.220413 0.362745 0.223915 0.362045 0.228817 0.362278 0.242297 0.364846 0.251926
1 0.439076 0.212185 0.442810 0.217787 0.447012 0.227416 0.460084 0.245273 0.473856 0.257878 0.505135 0.280112 0.510037 0.281513 0.513772 0.284664 0.530345 0.293417 0.536181 0.295518 0.554388 0.299895 0.566293 0.300945 0.584967 0.298845 0.586835 0.296919 0.586835 0.285189 0.591737 0.273810 0.618347 0.260854 0.630486 0.256653 0.634687 0.254202 0.636555 0.251926 0.636321 0.237570 0.630952 0.222864 0.628852 0.220588 0.623249 0.209559 0.619981 0.206758 0.617180 0.202556 0.612512 0.199930 0.609244 0.199230 0.598973 0.203782 0.584967 0.206933 0.573996 0.207108 0.556723 0.205532 0.528011 0.200105 0.513305 0.195553 0.495098 0.191001 0.487395 0.188025 0.476891 0.186450 0.452848 0.178746 0.443277 0.176646 0.439076 0.177171 0.436508 0.188375 0.436508 0.203081 0.439076 0.212185
1 0.330766 0.397409 0.333800 0.405462 0.334734 0.406863 0.341036 0.400910 0.345705 0.397409 0.354342 0.393732 0.366480 0.390756 0.372549 0.389881 0.387488 0.390756 0.413399 0.399510 0.418301 0.400560 0.444444 0.389881 0.449813 0.385679 0.451914 0.375175 0.458683 0.361520 0.472689 0.342437 0.487395 0.326155 0.512838 0.306548 0.515406 0.303746 0.516106 0.300070 0.511905 0.293943 0.504202 0.285714 0.499300 0.283088 0.498133 0.281513 0.494398 0.281338 0.484594 0.278361 0.469655 0.277661 0.449580 0.279587 0.439309 0.282213 0.425070 0.287465 0.406629 0.296218 0.401027 0.299195 0.389823 0.307248 0.380252 0.316527 0.376050 0.319503 0.353641 0.341562 0.346172 0.352066 0.341737 0.355567 0.337302 0.361695 0.330299 0.376751 0.329132 0.382178 0.328665 0.387430 0.330766 0.397409
1 0.326564 0.442752 0.334734 0.461485 0.348273 0.479342 0.355742 0.486870 0.363445 0.492997 0.366480 0.494573 0.369981 0.495273 0.404062 0.484244 0.403828 0.480392 0.396359 0.468838 0.392390 0.457283 0.392857 0.453256 0.398459 0.442927 0.402428 0.439951 0.417367 0.432423 0.432073 0.426471 0.443511 0.423319 0.445145 0.421744 0.442810 0.418242 0.433240 0.410714 0.424837 0.406338 0.418534 0.401961 0.407563 0.397409 0.392157 0.392507 0.386555 0.391106 0.373249 0.390406 0.355976 0.393557 0.345238 0.398810 0.338002 0.405112 0.329365 0.414916 0.327498 0.418943 0.325630 0.428571 0.325397 0.434524 0.326564 0.442752
1 0.200514 0.401611 0.208683 0.416141 0.216387 0.422269 0.223856 0.426120 0.243931 0.430672 0.258637 0.431723 0.279178 0.429972 0.283380 0.428922 0.292951 0.428046 0.299486 0.425945 0.303688 0.425420 0.324463 0.417717 0.330532 0.411239 0.332166 0.408088 0.332166 0.403711 0.328431 0.391106 0.328198 0.383403 0.329599 0.377276 0.332166 0.369748 0.335901 0.362395 0.344304 0.351541 0.350140 0.345413 0.351307 0.341912 0.345238 0.336835 0.338702 0.334209 0.331232 0.332983 0.324230 0.330357 0.317927 0.328957 0.298086 0.328782 0.292017 0.329482 0.279178 0.332458 0.265640 0.337885 0.255602 0.343838 0.245098 0.348915 0.232960 0.355742 0.222067 0.364437 0.216853 0.367472 0.206349 0.376576 0.203081 0.381478 0.199813 0.390406 0.199580 0.397934 0.200514 0.401611
1 0.227358 0.473915 0.230626 0.480392 0.239496 0.491246 0.249533 0.500350 0.265640 0.510504 0.290149 0.519258 0.300887 0.520658 0.306022 0.522059 0.307190 0.523109 0.310924 0.522409 0.338002 0.512780 0.352241 0.505427 0.364379 0.497899 0.365313 0.494748 0.356676 0.488270 0.348039 0.479517 0.335901 0.464636 0.330065 0.453782 0.323296 0.436450 0.317927 0.432773 0.307190 0.429272 0.299953 0.428221 0.271008 0.431373 0.244631 0.432598 0.237628 0.436099 0.230859 0.443978 0.228058 0.449230 0.225957 0.457108 0.225724 0.467612 0.227358 0.473915
1 0.175303 0.537115 0.180672 0.543592 0.185808 0.547444 0.190943 0.551120 0.199113 0.555147 0.210084 0.557423 0.214286 0.557248 0.220588 0.555497 0.230859 0.546744 0.232960 0.544118 0.252101 0.529937 0.258637 0.526961 0.269141 0.523459 0.276144 0.522409 0.281279 0.519083 0.278011 0.517682 0.276844 0.515406 0.264472 0.510504 0.250700 0.501926 0.239496 0.492122 0.233193 0.484944 0.228058 0.476716 0.227358 0.473564 0.224323 0.469538 0.216853 0.466737 0.215686 0.469013 0.214286 0.479692 0.211718 0.485819 0.208917 0.489146 0.204248 0.492472 0.191410 0.499300 0.184407 0.511380 0.174603 0.522059 0.172269 0.525910 0.171569 0.529412 0.175303 0.537115
1 0.349519 0.544551 0.349538 0.544551 0.349538 0.544157 0.349519 0.544157 0.349519 0.544551
1 0.285014 0.584384 0.286415 0.589986 0.290383 0.598214 0.296919 0.604867 0.306956 0.608543 0.313959 0.609419 0.318161 0.609069 0.327965 0.605392 0.336134 0.604517 0.362278 0.599440 0.376517 0.595938 0.388889 0.591912 0.402661 0.589111 0.407563 0.587185 0.425070 0.582633 0.429038 0.580532 0.452614 0.550420 0.460784 0.543067 0.466620 0.536064 0.477358 0.529937 0.479225 0.528186 0.483894 0.522409 0.483427 0.517682 0.484127 0.515581 0.478525 0.513480 0.460317 0.511204 0.456349 0.509629 0.444444 0.507003 0.425303 0.498074 0.413165 0.488971 0.407796 0.485819 0.404295 0.485469 0.390756 0.489146 0.373249 0.495273 0.362745 0.500000 0.351774 0.506828 0.339169 0.513305 0.333333 0.515406 0.327731 0.519608 0.316293 0.529062 0.314426 0.532038 0.309757 0.535364 0.293417 0.553221 0.286648 0.564251 0.285247 0.570903 0.284547 0.576856 0.285014 0.584384
0 0.394725 0.463410 0.397526 0.469888 0.406629 0.483718 0.412698 0.488620 0.429972 0.499650 0.441877 0.505077 0.449113 0.507528 0.467087 0.511204 0.497432 0.514531 0.508637 0.514356 0.515873 0.512955 0.539683 0.510679 0.570962 0.505427 0.580065 0.502801 0.600373 0.499650 0.616246 0.493697 0.622782 0.490196 0.630486 0.488270 0.635154 0.486169 0.645191 0.477591 0.652194 0.466912 0.654295 0.460609 0.653828 0.452556 0.652194 0.446078 0.642390 0.430847 0.640523 0.428746 0.623249 0.417367 0.616246 0.415091 0.613679 0.413165 0.608543 0.411064 0.592204 0.406688 0.582400 0.402836 0.571429 0.401085 0.540149 0.398284 0.511905 0.402136 0.501634 0.405112 0.484127 0.411415 0.482026 0.412990 0.473856 0.415091 0.466387 0.418242 0.452381 0.422444 0.442810 0.424370 0.423203 0.430497 0.405696 0.439076 0.400093 0.442927 0.397526 0.446078 0.393791 0.453606 0.393557 0.458158 0.394725 0.463410
1 0.453782 0.391632 0.457983 0.397059 0.462885 0.400910 0.464052 0.404412 0.473856 0.412640 0.480859 0.412115 0.495798 0.406338 0.511671 0.401261 0.525677 0.398985 0.539216 0.397759 0.550420 0.397759 0.581699 0.401085 0.591036 0.395833 0.612278 0.379902 0.617414 0.373074 0.624416 0.365721 0.637021 0.349090 0.639356 0.345413 0.639823 0.341912 0.636788 0.339811 0.626050 0.335434 0.610644 0.325280 0.600373 0.316877 0.588469 0.302871 0.586368 0.301646 0.580532 0.301120 0.575630 0.301821 0.562325 0.301996 0.550654 0.300070 0.537115 0.296569 0.529412 0.296043 0.508870 0.309699 0.486928 0.327381 0.473856 0.341912 0.472222 0.345238 0.463119 0.355567 0.452381 0.376576 0.451914 0.384454 0.453782 0.391632
1 0.206349 0.597864 0.220588 0.598214 0.234360 0.601366 0.247666 0.607668 0.250467 0.610119 0.256303 0.612920 0.268674 0.620623 0.272409 0.622024 0.289683 0.617297 0.297852 0.613095 0.302754 0.609244 0.290850 0.600840 0.288282 0.596814 0.283613 0.581758 0.283847 0.576506 0.286181 0.564426 0.292250 0.553922 0.295752 0.544293 0.299020 0.539916 0.299020 0.536064 0.301821 0.532563 0.305322 0.530637 0.306256 0.529062 0.306956 0.525910 0.305322 0.523634 0.303688 0.522409 0.293651 0.521359 0.275910 0.522759 0.258637 0.527661 0.245331 0.534664 0.230392 0.547094 0.218954 0.559524 0.207983 0.577731 0.204482 0.589811 0.204949 0.595763 0.206349 0.597864
1 0.181139 0.661415 0.185574 0.676471 0.197712 0.696604 0.217320 0.717787 0.220588 0.720413 0.221989 0.723915 0.230392 0.728992 0.241830 0.738445 0.264939 0.747199 0.272176 0.747724 0.278945 0.747199 0.287115 0.743873 0.293884 0.742472 0.298319 0.739846 0.302521 0.735644 0.306256 0.721113 0.314192 0.704132 0.319561 0.695728 0.320028 0.688901 0.318394 0.681373 0.316060 0.675595 0.313259 0.672094 0.304622 0.656688 0.297619 0.646709 0.284080 0.633053 0.271475 0.624125 0.267507 0.620448 0.241830 0.605042 0.226190 0.599790 0.211951 0.598564 0.206583 0.599265 0.203081 0.600665 0.196312 0.605742 0.192344 0.610469 0.190243 0.614671 0.185808 0.619923 0.182773 0.626401 0.179739 0.639531 0.179272 0.648109 0.181139 0.661415
1 0.306022 0.771709 0.306489 0.775910 0.312558 0.786590 0.314192 0.789041 0.329365 0.801471 0.334500 0.804797 0.343838 0.808123 0.352474 0.809699 0.366947 0.808648 0.380252 0.806197 0.387488 0.803046 0.396825 0.796744 0.407096 0.786765 0.410131 0.782913 0.418301 0.767857 0.422035 0.751751 0.421335 0.744748 0.414799 0.738270 0.392857 0.720413 0.381653 0.708683 0.368814 0.689251 0.363912 0.678396 0.361811 0.671218 0.359244 0.667542 0.352474 0.669993 0.340570 0.676821 0.327731 0.686450 0.321195 0.694503 0.313959 0.706408 0.306956 0.721989 0.302754 0.742997 0.303688 0.765581 0.306022 0.771709
1 0.365313 0.680672 0.369748 0.690126 0.380252 0.706933 0.393557 0.720938 0.420168 0.742122 0.424603 0.744223 0.435574 0.752976 0.447712 0.760329 0.453315 0.762605 0.470355 0.766807 0.477591 0.767157 0.485761 0.764181 0.492530 0.759104 0.499066 0.752801 0.502801 0.746499 0.507236 0.733718 0.510738 0.711134 0.510738 0.702206 0.508870 0.688901 0.503735 0.675245 0.499533 0.667017 0.496732 0.663515 0.494398 0.662640 0.487628 0.665091 0.474323 0.667367 0.460551 0.666492 0.452381 0.667192 0.446078 0.666492 0.443511 0.665791 0.423611 0.651995 0.402331 0.661759 0.393978 0.659935 0.410446 0.649012 0.413632 0.643032 0.415033 0.640581 0.411531 0.633578 0.410131 0.626401 0.413632 0.611520 0.417134 0.602416 0.415033 0.599790 0.411298 0.600140 0.400327 0.603116 0.394024 0.605567 0.387722 0.606268 0.375350 0.612045 0.369281 0.619923 0.366013 0.626751 0.362045 0.638130 0.360644 0.647059 0.361111 0.667717 0.365313 0.680672
1 0.415033 0.636029 0.416433 0.641632 0.420868 0.644258 0.423436 0.649860 0.434641 0.660889 0.439076 0.663690 0.443978 0.664566 0.445845 0.665791 0.463585 0.667017 0.480626 0.665791 0.484360 0.664041 0.498133 0.662465 0.501401 0.660889 0.505135 0.660364 0.523109 0.653186 0.530112 0.647584 0.533613 0.646359 0.544351 0.639181 0.550420 0.633929 0.569094 0.611695 0.574230 0.602066 0.576564 0.599265 0.584734 0.578081 0.590103 0.567927 0.594304 0.550595 0.595005 0.543592 0.594304 0.529587 0.588002 0.514006 0.581232 0.508228 0.577731 0.507003 0.565359 0.506653 0.549953 0.509454 0.545752 0.510854 0.518674 0.513130 0.505836 0.515756 0.501634 0.515931 0.499066 0.516807 0.486228 0.524510 0.484127 0.526786 0.480859 0.528011 0.478291 0.530462 0.474090 0.532563 0.466853 0.537815 0.454715 0.549545 0.438842 0.568452 0.427638 0.584384 0.419001 0.599090 0.416433 0.605567 0.411531 0.623950 0.411765 0.630252 0.415033 0.636029
1 0.512838 0.714111 0.518908 0.730742 0.532213 0.744573 0.537582 0.747024 0.541783 0.750000 0.559290 0.755077 0.567927 0.755602 0.577965 0.754552 0.580532 0.753676 0.588702 0.753852 0.595705 0.751401 0.602241 0.747549 0.609477 0.745273 0.612278 0.743172 0.616246 0.744223 0.617880 0.740896 0.623249 0.735819 0.626284 0.726366 0.630252 0.720413 0.629318 0.717087 0.626050 0.713936 0.623016 0.705182 0.622316 0.692402 0.624883 0.685049 0.631653 0.677171 0.644024 0.668592 0.647526 0.665091 0.656396 0.661765 0.663866 0.660014 0.666200 0.657913 0.663165 0.647934 0.659430 0.641457 0.656396 0.632703 0.654528 0.623599 0.652194 0.619748 0.637722 0.616947 0.616713 0.615896 0.612045 0.616071 0.595472 0.619048 0.588002 0.622024 0.567694 0.632878 0.554388 0.642332 0.546218 0.646359 0.531746 0.657388 0.528711 0.660189 0.516807 0.675245 0.513305 0.682423 0.512372 0.688725 0.511905 0.696779 0.512838 0.714111
1 0.640523 0.574755 0.645892 0.590161 0.648693 0.602416 0.652661 0.611520 0.660598 0.640756 0.669935 0.657038 0.683707 0.662290 0.688609 0.663340 0.695145 0.663690 0.713352 0.661765 0.731326 0.657913 0.735528 0.653887 0.739496 0.652311 0.745565 0.647759 0.751634 0.644608 0.762372 0.634104 0.771475 0.623249 0.783613 0.601541 0.788282 0.588410 0.792250 0.559174 0.792017 0.544293 0.788982 0.522409 0.786415 0.520658 0.777077 0.521709 0.762372 0.520658 0.750700 0.517857 0.740430 0.514181 0.719188 0.499825 0.707283 0.489846 0.692577 0.479167 0.688609 0.477416 0.674370 0.482493 0.667834 0.486169 0.659430 0.494573 0.657096 0.498249 0.653828 0.501050 0.645425 0.513305 0.638422 0.528536 0.637255 0.535714 0.637255 0.557773 0.640523 0.574755
1 0.626517 0.713235 0.633520 0.721814 0.638811 0.725432 0.645658 0.731618 0.660598 0.742997 0.703081 0.766282 0.715453 0.772234 0.728291 0.777136 0.740430 0.780812 0.744865 0.783613 0.774977 0.786765 0.783147 0.786064 0.785714 0.786940 0.796218 0.786064 0.811625 0.783613 0.824697 0.780112 0.842904 0.773109 0.856676 0.763480 0.863212 0.756653 0.866246 0.751401 0.869981 0.736520 0.869981 0.730917 0.868581 0.724090 0.865546 0.717262 0.860177 0.709734 0.852474 0.702731 0.843371 0.695903 0.831466 0.689426 0.823529 0.686800 0.810691 0.680672 0.796685 0.675595 0.768674 0.666667 0.749066 0.663165 0.737162 0.659664 0.732026 0.658964 0.719888 0.660889 0.716153 0.662290 0.710084 0.662990 0.706349 0.664216 0.694444 0.664741 0.686508 0.663866 0.672502 0.659139 0.668301 0.659314 0.647526 0.666141 0.640756 0.670693 0.627684 0.681898 0.623950 0.689951 0.623716 0.703957 0.626517 0.713235
1 0.756069 0.654587 0.764472 0.662290 0.768441 0.664916 0.772409 0.666842 0.795518 0.674020 0.823996 0.686275 0.836601 0.690826 0.845472 0.695903 0.866013 0.702031 0.893324 0.705182 0.912932 0.704832 0.928105 0.703256 0.932306 0.701856 0.942577 0.700980 0.948179 0.699580 0.974090 0.689776 0.980159 0.685749 0.980626 0.682248 0.977358 0.681898 0.973856 0.679797 0.970355 0.679272 0.963585 0.676296 0.959851 0.675770 0.952848 0.672794 0.945845 0.670868 0.921335 0.658263 0.909897 0.650735 0.894725 0.636204 0.890990 0.631478 0.884921 0.616772 0.884220 0.607318 0.885854 0.601891 0.880719 0.597164 0.877451 0.596289 0.873249 0.595763 0.809524 0.596113 0.796452 0.597514 0.791550 0.598915 0.786181 0.601190 0.773343 0.623074 0.753735 0.645483 0.752568 0.647759 0.756069 0.654587
1 0.841270 0.435749 0.842904 0.452906 0.841970 0.465861 0.839869 0.476366 0.833333 0.489671 0.827965 0.494923 0.822596 0.502276 0.819094 0.505427 0.806723 0.513130 0.799953 0.515406 0.794818 0.518908 0.795051 0.522409 0.803688 0.529412 0.817460 0.535714 0.821662 0.535364 0.824230 0.533613 0.827965 0.534314 0.829599 0.537640 0.830999 0.538515 0.841970 0.539741 0.854108 0.539566 0.865546 0.538340 0.869981 0.536064 0.879785 0.534489 0.908263 0.521359 0.935341 0.504377 0.958917 0.485469 0.973389 0.471113 0.983193 0.456408 0.987628 0.446254 0.989029 0.439776 0.989963 0.432423 0.989262 0.424545 0.988095 0.418067 0.985061 0.410714 0.977358 0.401436 0.973156 0.397584 0.964753 0.392332 0.958217 0.389531 0.950280 0.388130 0.942344 0.387780 0.934641 0.387780 0.914566 0.390406 0.887021 0.398284 0.876984 0.403361 0.866480 0.406688 0.857376 0.411064 0.846172 0.416842 0.838702 0.422619 0.838002 0.425945 0.841270 0.435749
0 0.635154 0.407913 0.636788 0.410364 0.637955 0.415266 0.643791 0.427521 0.649393 0.435924 0.658030 0.445553 0.660364 0.449580 0.680906 0.467962 0.687442 0.474790 0.705182 0.486870 0.710084 0.491422 0.738095 0.512080 0.748133 0.515931 0.765406 0.520658 0.776144 0.521359 0.783613 0.520483 0.790149 0.518557 0.793184 0.519083 0.803688 0.515056 0.817927 0.505602 0.824463 0.499650 0.832400 0.489671 0.840336 0.472689 0.841970 0.454657 0.841503 0.439426 0.840336 0.432248 0.830766 0.407913 0.824230 0.396884 0.817927 0.389356 0.811391 0.383228 0.806256 0.380252 0.796919 0.370973 0.789449 0.365896 0.775910 0.354692 0.747666 0.337185 0.725957 0.327031 0.703081 0.320028 0.690710 0.318978 0.682540 0.320028 0.675070 0.322829 0.666900 0.327381 0.661298 0.331933 0.655462 0.338585 0.647526 0.345588 0.637488 0.366597 0.633520 0.383053 0.633520 0.398284 0.635154 0.407913
1 0.795518 0.369223 0.806956 0.380252 0.811391 0.382878 0.818161 0.389181 0.828665 0.402836 0.834734 0.417192 0.838469 0.420518 0.850140 0.413515 0.860878 0.408263 0.867180 0.403186 0.874883 0.394433 0.878385 0.388480 0.880486 0.380777 0.880719 0.375875 0.879318 0.369573 0.874183 0.360994 0.866480 0.352416 0.859944 0.347689 0.846872 0.342262 0.845472 0.338410 0.838469 0.339636 0.817227 0.345938 0.775210 0.352241 0.775677 0.355742 0.795518 0.369223
1 0.793417 0.545868 0.793184 0.562850 0.788982 0.588585 0.789683 0.590861 0.792717 0.592262 0.807190 0.594188 0.817227 0.594713 0.849206 0.595063 0.875117 0.594188 0.880486 0.594538 0.883520 0.596113 0.884921 0.595938 0.887021 0.595063 0.889356 0.589986 0.897292 0.583683 0.901961 0.577731 0.909197 0.572654 0.921802 0.568452 0.932306 0.566176 0.937675 0.564251 0.933707 0.560574 0.921802 0.555847 0.916900 0.551471 0.915033 0.547094 0.914566 0.539391 0.917600 0.529762 0.924370 0.515756 0.922736 0.513655 0.921802 0.513480 0.918534 0.516282 0.904995 0.523109 0.897759 0.525735 0.889356 0.530637 0.869748 0.536940 0.856209 0.539916 0.844071 0.540091 0.834500 0.538866 0.831466 0.537115 0.824930 0.536239 0.822129 0.536590 0.811975 0.533789 0.806723 0.531513 0.803922 0.529412 0.800420 0.528361 0.796685 0.524860 0.793417 0.523634 0.791550 0.525560 0.791783 0.534839 0.793417 0.545868
1 0.887955 0.623074 0.890289 0.629027 0.895892 0.637080 0.911531 0.650910 0.925303 0.659839 0.950047 0.672269 0.960084 0.675945 0.971055 0.678396 0.973856 0.679972 0.984827 0.682773 0.990896 0.683648 0.999767 0.683298 0.999767 0.568978 0.941877 0.566352 0.921335 0.569853 0.911298 0.573354 0.903128 0.578081 0.896592 0.588060 0.888189 0.598564 0.887021 0.602591 0.885854 0.609944 0.887955 0.623074
1 0.918301 0.551471 0.922035 0.554447 0.938842 0.561625 0.959617 0.566176 0.979692 0.567052 0.995331 0.567052 0.999767 0.566352 0.999767 0.463235 0.998133 0.463235 0.986695 0.468137 0.973156 0.476015 0.952848 0.490896 0.941410 0.500875 0.928338 0.514006 0.922969 0.521008 0.917600 0.532388 0.915966 0.537815 0.916200 0.546919 0.918301 0.551471
1 0.882353 0.321429 0.897059 0.342962 0.908030 0.355917 0.914799 0.362570 0.933940 0.377801 0.944678 0.385329 0.961951 0.389706 0.969888 0.394258 0.976424 0.396709 0.980159 0.396534 0.984127 0.397934 0.990896 0.398985 0.999767 0.398985 0.999767 0.259804 0.990896 0.256653 0.981559 0.254377 0.959150 0.250525 0.942577 0.249650 0.922502 0.250175 0.918534 0.250875 0.904062 0.256303 0.898693 0.258754 0.895658 0.261029 0.887722 0.269083 0.876751 0.278536 0.873483 0.286239 0.873249 0.300595 0.882353 0.321429
1 0.580532 0.508578 0.585434 0.510679 0.587535 0.512430 0.594071 0.525910 0.595472 0.542192 0.594538 0.553396 0.590803 0.567052 0.579599 0.591912 0.578198 0.599090 0.579365 0.600315 0.588469 0.604867 0.617880 0.613620 0.651027 0.618172 0.652661 0.616246 0.651961 0.612395 0.647292 0.598214 0.645892 0.591211 0.639823 0.574405 0.636088 0.554972 0.635621 0.545668 0.636555 0.533789 0.638422 0.525910 0.641223 0.519258 0.640523 0.515756 0.637955 0.514006 0.618581 0.508754 0.607376 0.504027 0.597806 0.501576 0.594538 0.501401 0.578431 0.504902 0.577965 0.505427 0.580532 0.508578
1 0.609944 0.503501 0.612045 0.505077 0.633287 0.512430 0.640289 0.513831 0.644024 0.513130 0.647759 0.508754 0.649860 0.504202 0.658030 0.495098 0.659664 0.492122 0.669468 0.483718 0.683940 0.477241 0.685341 0.473739 0.682773 0.470238 0.662465 0.453256 0.658730 0.449405 0.657563 0.445903 0.654295 0.444328 0.653128 0.445553 0.655229 0.460434 0.650560 0.472339 0.647993 0.476366 0.632820 0.489146 0.620915 0.491947 0.615313 0.494748 0.612745 0.497024 0.605742 0.498775 0.604342 0.501576 0.609944 0.503501
1 0.621382 0.410714 0.621849 0.411415 0.621382 0.413690 0.619748 0.414741 0.634687 0.423494 0.637021 0.425770 0.639356 0.425420 0.637255 0.417542 0.635387 0.415616 0.633520 0.408088 0.630486 0.409839 0.629085 0.407913 0.627684 0.407563 0.623016 0.407563 0.620448 0.406863 0.617647 0.407388 0.617414 0.409664 0.621382 0.410714
1 0.587535 0.293592 0.589402 0.300245 0.590803 0.303571 0.596172 0.310574 0.604108 0.318627 0.608310 0.321254 0.612512 0.325455 0.615546 0.326506 0.626284 0.334209 0.634454 0.338235 0.647292 0.342262 0.650560 0.341737 0.654995 0.338235 0.663632 0.329132 0.673669 0.322829 0.682773 0.319503 0.696779 0.318627 0.720355 0.324055 0.729225 0.327556 0.740663 0.332983 0.744631 0.335609 0.748599 0.337010 0.760971 0.344013 0.768908 0.349440 0.772176 0.350315 0.777544 0.350490 0.814426 0.345938 0.831466 0.341211 0.838702 0.338585 0.845705 0.334909 0.852241 0.329832 0.862745 0.316527 0.864146 0.312675 0.869981 0.303571 0.871382 0.295343 0.871148 0.286064 0.866480 0.272934 0.856909 0.259279 0.846172 0.250175 0.838235 0.244923 0.823763 0.237395 0.804622 0.230042 0.782913 0.224965 0.770308 0.223564 0.761204 0.223389 0.747666 0.224265 0.723623 0.227241 0.706583 0.230217 0.692810 0.234769 0.689309 0.235294 0.633520 0.255602 0.630719 0.257353 0.610177 0.265581 0.602474 0.269958 0.595005 0.272584 0.591970 0.275210 0.589402 0.279237 0.588235 0.286239 0.588469 0.290266 0.587535 0.293592
1 0.779645 0.223739 0.789683 0.225315 0.805556 0.229692 0.822829 0.236169 0.836835 0.243522 0.846872 0.250000 0.856676 0.258053 0.863679 0.265756 0.866246 0.271534 0.869748 0.274160 0.874883 0.273284 0.879085 0.271359 0.892857 0.261029 0.906863 0.253676 0.921102 0.249300 0.940710 0.248249 0.943044 0.245623 0.942810 0.237220 0.937208 0.223915 0.925303 0.209734 0.914332 0.199055 0.900794 0.188375 0.866246 0.165966 0.862745 0.165966 0.859244 0.168592 0.846872 0.182598 0.833100 0.193627 0.823296 0.200280 0.817227 0.203081 0.814426 0.205182 0.802054 0.209909 0.797386 0.212535 0.785948 0.216211 0.778011 0.220063 0.777778 0.221464 0.779645 0.223739
1 0.624650 0.193452 0.630252 0.202906 0.634220 0.206933 0.644258 0.214111 0.654528 0.218487 0.667367 0.222689 0.688609 0.226366 0.696078 0.226366 0.724090 0.225490 0.737162 0.223389 0.769608 0.221289 0.783147 0.217087 0.817694 0.202206 0.829832 0.194853 0.846639 0.181723 0.856909 0.170168 0.863212 0.160189 0.866713 0.151786 0.868581 0.140056 0.864613 0.126401 0.860177 0.119748 0.854108 0.114846 0.852474 0.111870 0.845472 0.108368 0.838235 0.108368 0.831699 0.106618 0.827731 0.106793 0.815593 0.104342 0.804855 0.098564 0.796919 0.095938 0.793884 0.094013 0.786415 0.091211 0.782913 0.091211 0.779645 0.092787 0.775677 0.091036 0.772176 0.092262 0.758870 0.094013 0.719421 0.105042 0.702848 0.110819 0.683940 0.119748 0.661298 0.133228 0.641457 0.147584 0.631886 0.158088 0.626517 0.167717 0.623483 0.182073 0.623249 0.186975 0.624650 0.193452
1 0.555322 0.072304 0.556723 0.074755 0.570261 0.083508 0.600140 0.107843 0.610878 0.118873 0.617880 0.128501 0.624883 0.142507 0.628151 0.156863 0.629552 0.158088 0.633754 0.155287 0.641690 0.146884 0.657563 0.135154 0.669001 0.127801 0.682306 0.119923 0.696078 0.112920 0.716153 0.103817 0.721055 0.102416 0.720355 0.099790 0.717787 0.097864 0.716387 0.095413 0.703548 0.084209 0.696078 0.080532 0.689542 0.078957 0.681839 0.075980 0.678571 0.073880 0.665266 0.070728 0.654062 0.068627 0.633053 0.066001 0.609244 0.063725 0.598739 0.064426 0.595472 0.063550 0.581466 0.064076 0.569561 0.066001 0.564192 0.067052 0.560691 0.068627 0.557190 0.068803 0.553688 0.070553 0.552988 0.071078 0.555322 0.072304
1 0.341737 0.213936 0.359244 0.223389 0.362745 0.222689 0.369281 0.203081 0.368114 0.201681 0.362745 0.201331 0.341970 0.202731 0.334967 0.203957 0.333333 0.205007 0.332633 0.206583 0.341737 0.213936
1 0.327731 0.310399 0.332866 0.316527 0.336368 0.322479 0.337535 0.331408 0.342204 0.334909 0.352474 0.339461 0.355742 0.338936 0.374650 0.320553 0.397759 0.300070 0.396125 0.296919 0.393324 0.295518 0.389356 0.291492 0.387021 0.290266 0.383520 0.289741 0.376284 0.292717 0.365780 0.294993 0.350373 0.296569 0.331466 0.297269 0.328431 0.298669 0.326797 0.302346 0.326564 0.307248 0.327731 0.310399
1 0.421569 0.404237 0.430439 0.408964 0.446545 0.421744 0.450047 0.421744 0.456583 0.420168 0.466620 0.417367 0.472456 0.414916 0.471522 0.411590 0.466853 0.407563 0.463352 0.405287 0.456583 0.403711 0.453782 0.401786 0.451914 0.397759 0.452381 0.393908 0.449580 0.388831 0.442577 0.390581 0.419001 0.400910 0.421569 0.404237
1 0.311858 0.939251 0.323296 0.942752 0.344071 0.945728 0.352474 0.945903 0.355509 0.945028 0.359477 0.945728 0.372782 0.942752 0.376751 0.939601 0.380952 0.932248 0.367180 0.930847 0.317227 0.931022 0.312558 0.931898 0.310458 0.934524 0.309991 0.936275 0.311858 0.939251
1 0.368581 0.999825 0.369514 0.987045 0.368347 0.980917 0.363445 0.969188 0.357843 0.959384 0.352941 0.953606 0.347339 0.949580 0.345472 0.947304 0.307190 0.940476 0.301821 0.943978 0.292017 0.955357 0.286881 0.965861 0.280812 0.974615 0.269841 0.994748 0.268441 0.999825 0.368581 0.999825
1 0.409664 0.977416 0.414799 0.987745 0.420868 0.990546 0.426704 0.995623 0.431839 0.996674 0.439542 0.997024 0.450280 0.996148 0.456583 0.994748 0.473856 0.984069 0.485761 0.974090 0.487862 0.971113 0.492063 0.964286 0.493231 0.956583 0.490196 0.953081 0.479925 0.947479 0.472222 0.942052 0.465219 0.934699 0.461718 0.928571 0.458683 0.927521 0.446078 0.926821 0.431139 0.928221 0.422035 0.929797 0.416667 0.932248 0.414099 0.936625 0.412465 0.942752 0.408964 0.961835 0.408497 0.969888 0.409664 0.977416
1 0.374183 0.972164 0.375350 0.974790 0.379318 0.978291 0.383287 0.980917 0.389823 0.983018 0.400327 0.982143 0.405462 0.980392 0.407796 0.980392 0.409430 0.977766 0.408497 0.971113 0.408730 0.962535 0.413632 0.935399 0.408030 0.934174 0.403595 0.934174 0.400327 0.932773 0.395658 0.932248 0.389356 0.931723 0.384454 0.932248 0.375117 0.943102 0.372549 0.952556 0.372549 0.964286 0.374183 0.972164
1 0.370215 0.986520 0.369281 0.999825 0.431606 0.999825 0.431606 0.998249 0.423903 0.995798 0.415733 0.989671 0.411298 0.983368 0.407796 0.980042 0.397993 0.983018 0.391223 0.983368 0.387021 0.982843 0.383520 0.981443 0.375350 0.974265 0.373249 0.970588 0.373016 0.967262 0.372782 0.968312 0.369748 0.969013 0.369048 0.970238 0.368814 0.977941 0.370215 0.986520
1 0.495565 0.986520 0.496732 0.987920 0.505135 0.992472 0.515173 0.995448 0.521709 0.996148 0.529412 0.996324 0.546685 0.994923 0.549953 0.991422 0.560691 0.989321 0.571662 0.985294 0.573529 0.983718 0.578198 0.982493 0.583800 0.979517 0.614613 0.952906 0.616947 0.949755 0.617414 0.946078 0.614613 0.942927 0.610644 0.940301 0.603175 0.931548 0.595238 0.918417 0.584967 0.915441 0.574463 0.915441 0.564426 0.916667 0.562092 0.918417 0.560458 0.928746 0.553922 0.942052 0.546919 0.949405 0.538982 0.954657 0.533147 0.956408 0.526611 0.957283 0.497666 0.957283 0.494631 0.960609 0.492297 0.971289 0.492063 0.974090 0.495565 0.986520
1 0.461951 0.929447 0.466387 0.936099 0.473156 0.942927 0.494398 0.955707 0.499300 0.956758 0.508637 0.957458 0.527778 0.957283 0.536181 0.955707 0.539916 0.954132 0.546685 0.949230 0.551821 0.944328 0.558357 0.932073 0.561625 0.918067 0.560224 0.915791 0.557190 0.914916 0.543184 0.914566 0.537115 0.916492 0.532913 0.916842 0.529178 0.914916 0.521942 0.914391 0.505602 0.919643 0.499066 0.922794 0.479692 0.927521 0.473389 0.927171 0.470588 0.927871 0.459851 0.928396 0.459851 0.929097 0.461951 0.929447
1 0.462185 0.998249 0.462185 0.999825 0.552521 0.999825 0.552054 0.997899 0.546919 0.996499 0.533847 0.997724 0.515173 0.996499 0.508870 0.994748 0.498366 0.990371 0.494631 0.990371 0.480859 0.992472 0.473856 0.994573 0.468954 0.996674 0.462185 0.998249
1 0.465453 0.989496 0.462418 0.991071 0.439776 0.998249 0.439776 0.999825 0.463352 0.999825 0.463585 0.998074 0.480626 0.991947 0.488095 0.991597 0.491363 0.990721 0.492764 0.988796 0.492997 0.985994 0.491130 0.975490 0.489729 0.972689 0.487862 0.971989 0.472689 0.984944 0.465453 0.989496
1 0.695145 0.999825 0.694211 0.994573 0.691410 0.987920 0.690943 0.982248 0.690710 0.970413 0.692810 0.962185 0.692810 0.958683 0.688842 0.956057 0.685808 0.955182 0.668768 0.957458 0.659664 0.957458 0.646825 0.956057 0.626751 0.951155 0.623249 0.951506 0.614146 0.956057 0.591737 0.973915 0.584734 0.980917 0.580766 0.987745 0.577965 0.994748 0.577498 0.999825 0.695145 0.999825
1 0.605275 0.933298 0.620448 0.947304 0.629318 0.951506 0.636088 0.953606 0.647759 0.956057 0.660598 0.957458 0.668067 0.957108 0.678571 0.955357 0.692577 0.951155 0.697246 0.945903 0.704482 0.931723 0.704715 0.928571 0.704015 0.927871 0.699113 0.927346 0.696078 0.928221 0.689076 0.928571 0.687208 0.928046 0.681139 0.925595 0.669468 0.916667 0.665266 0.915616 0.636555 0.917717 0.632820 0.918943 0.619514 0.920868 0.602241 0.919468 0.598973 0.919468 0.598506 0.920518 0.598739 0.922794 0.605275 0.933298
1 0.696545 0.999825 0.797152 0.999825 0.811391 0.981793 0.816760 0.971113 0.819094 0.962185 0.819094 0.952906 0.816527 0.939076 0.809290 0.925420 0.806956 0.923494 0.802754 0.922094 0.789683 0.922094 0.769141 0.919118 0.762138 0.919293 0.755602 0.920693 0.742063 0.921919 0.729692 0.921569 0.714052 0.924720 0.709384 0.927871 0.706583 0.931197 0.698646 0.945903 0.693978 0.960784 0.692344 0.970238 0.692344 0.983894 0.696545 0.999825
1 0.811625 0.999825 0.925303 0.999825 0.925537 0.980392 0.922502 0.960259 0.917600 0.945903 0.911298 0.935574 0.907796 0.932598 0.903361 0.930497 0.873483 0.920343 0.864846 0.920693 0.857843 0.919993 0.834734 0.921744 0.830299 0.923144 0.821195 0.930497 0.818161 0.935749 0.817460 0.939076 0.820261 0.952556 0.819795 0.963936 0.816993 0.973214 0.810691 0.984244 0.808824 0.989146 0.809524 0.994923 0.811625 0.999825
1 0.915500 0.939951 0.922736 0.957108 0.926237 0.980042 0.926004 0.999825 0.985994 0.999825 0.985061 0.994573 0.982260 0.987745 0.957983 0.965511 0.953548 0.962885 0.947129 0.957020 0.938142 0.946429 0.936508 0.942752 0.925303 0.937675 0.920635 0.936975 0.918301 0.935749 0.914566 0.936625 0.914332 0.939251 0.915500 0.939951
1 0.280812 0.630077 0.290616 0.637955 0.298319 0.646359 0.304855 0.655987 0.313725 0.671569 0.321195 0.681022 0.325864 0.682598 0.331466 0.681898 0.350607 0.669643 0.359244 0.665616 0.360644 0.642157 0.360177 0.636029 0.358310 0.633754 0.344304 0.623775 0.336601 0.614846 0.329832 0.608894 0.327965 0.608193 0.320495 0.609944 0.303455 0.611520 0.279879 0.623074 0.278945 0.625000 0.278711 0.626751 0.280812 0.630077
1 0.330065 0.609419 0.336835 0.614846 0.347572 0.626751 0.359244 0.635154 0.362745 0.631828 0.365079 0.624475 0.371382 0.614846 0.373483 0.613095 0.374650 0.610469 0.377451 0.609069 0.380486 0.605742 0.380252 0.603291 0.381886 0.601015 0.381886 0.597689 0.380486 0.596289 0.376751 0.596639 0.373716 0.597689 0.366013 0.598389 0.357843 0.601366 0.348739 0.602066 0.345472 0.603466 0.338235 0.603641 0.331466 0.604867 0.330065 0.605742 0.330065 0.609419
1 0.296919 0.550770 0.303688 0.543768 0.305322 0.540266 0.309057 0.535539 0.320261 0.525735 0.324930 0.522584 0.325397 0.521183 0.329599 0.519083 0.329132 0.518382 0.327731 0.518032 0.321195 0.519258 0.313959 0.521709 0.308357 0.525035 0.299253 0.535189 0.295285 0.542192 0.293184 0.548669 0.293417 0.551996 0.296919 0.550770