1 0.126984 0.000000 0.126984 0.001576 0.121148 0.004027 0.116246 0.009279 0.112512 0.010154 0.107843 0.013480 0.102941 0.018732 0.098273 0.022059 0.093838 0.026786 0.088936 0.034314 0.074463 0.050420 0.069561 0.060049 0.063259 0.069678 0.061391 0.074580 0.058357 0.078256 0.054622 0.087535 0.049953 0.094188 0.044585 0.119573 0.043651 0.137080 0.045518 0.144783 0.045285 0.151436 0.049953 0.168067 0.061391 0.179097 0.064192 0.182773 0.071195 0.188025 0.079132 0.192402 0.091737 0.196954 0.115780 0.199930 0.140756 0.198004 0.162465 0.191352 0.167834 0.186450 0.169701 0.183298 0.183240 0.168943 0.202614 0.151436 0.217009 0.140815 0.228525 0.133929 0.234594 0.131478 0.242764 0.126926 0.246265 0.122549 0.256536 0.112920 0.260037 0.107143 0.267507 0.098564 0.270542 0.092087 0.271242 0.088585 0.274977 0.081583 0.278011 0.071429 0.279178 0.061625 0.279178 0.047969 0.277778 0.036239 0.276144 0.031338 0.265873 0.014531 0.259570 0.007878 0.251634 0.001751 0.251634 0.000000 0.126984 0.000000
1 0.000000 0.000000 0.000000 0.158438 0.018674 0.166667 0.029412 0.170343 0.036648 0.170868 0.046685 0.173494 0.052054 0.173669 0.053688 0.172969 0.053922 0.171744 0.050420 0.167717 0.045518 0.157738 0.043884 0.136730 0.044818 0.115721 0.046218 0.107668 0.050887 0.092612 0.056489 0.081232 0.067927 0.062500 0.071662 0.054447 0.084034 0.038515 0.089169 0.033263 0.094304 0.025210 0.108777 0.011555 0.112745 0.008578 0.116246 0.007878 0.118347 0.005077 0.116947 0.000000 0.000000 0.000000
1 0.000000 0.000000 0.000000 0.158438 0.017974 0.166317 0.029412 0.170343 0.036648 0.170868 0.046452 0.173494 0.052054 0.173669 0.053688 0.173144 0.053922 0.171744 0.050420 0.167542 0.045518 0.157563 0.043884 0.136730 0.044818 0.115546 0.047152 0.103817 0.051120 0.091912 0.056489 0.081057 0.067694 0.062850 0.073063 0.051821 0.089169 0.033263 0.094304 0.025210 0.108777 0.011555 0.111578 0.009454 0.116246 0.008053 0.118347 0.005252 0.116947 0.000000 0.000000 0.000000
1 0.028011 0.338936 0.031046 0.352241 0.036181 0.368172 0.040616 0.374300 0.044351 0.376751 0.049253 0.383929 0.054388 0.388655 0.067227 0.395483 0.087302 0.379027 0.098973 0.371849 0.113212 0.364496 0.126984 0.358193 0.132353 0.356443 0.160831 0.349790 0.167600 0.350840 0.172035 0.350315 0.175303 0.351190 0.177404 0.350490 0.182306 0.353817 0.194211 0.358368 0.203782 0.364671 0.217087 0.365546 0.220588 0.365196 0.221989 0.364146 0.228525 0.356618 0.229925 0.352416 0.228992 0.351366 0.221289 0.350665 0.209851 0.351366 0.196312 0.349965 0.192577 0.348389 0.178571 0.348739 0.175303 0.347164 0.173786 0.347164 0.162932 0.342962 0.160364 0.341211 0.153828 0.339111 0.144491 0.334209 0.129085 0.322304 0.124416 0.316877 0.121615 0.311625 0.119981 0.303746 0.119981 0.297006 0.121382 0.288866 0.137021 0.259979 0.148693 0.234244 0.158730 0.202031 0.162232 0.196429 0.161298 0.193803 0.157796 0.193627 0.142157 0.199055 0.116538 0.201155 0.102474 0.199930 0.086601 0.196779 0.080766 0.194503 0.072596 0.189951 0.064192 0.183999 0.056256 0.188725 0.052288 0.195028 0.049486 0.201506 0.045752 0.214636 0.042951 0.255427 0.040383 0.276085 0.031979 0.311099 0.028945 0.319328 0.027544 0.320903 0.027311 0.335084 0.028011 0.338936
1 0.000000 0.315301 0.003501 0.315651 0.006303 0.316877 0.015173 0.325105 0.019141 0.325630 0.020308 0.324055 0.023576 0.322829 0.025910 0.323179 0.029412 0.316527 0.037348 0.286940 0.041783 0.259104 0.044818 0.215336 0.049253 0.195028 0.048553 0.192402 0.044351 0.186625 0.032213 0.173845 0.025677 0.169818 0.008170 0.163515 0.001634 0.159664 0.000000 0.159664 0.000000 0.315301
1 0.000000 0.604867 0.005135 0.603992 0.015173 0.597864 0.024043 0.590161 0.030579 0.582108 0.031513 0.578431 0.031979 0.566001 0.031279 0.531338 0.035481 0.508403 0.042250 0.488971 0.049720 0.474615 0.055789 0.465511 0.069328 0.449230 0.070728 0.445553 0.069328 0.433824 0.066760 0.425420 0.055089 0.407738 0.047386 0.400560 0.037348 0.393732 0.028011 0.388655 0.015406 0.383929 0.012138 0.381828 0.000000 0.381828 0.000000 0.604867
1 0.058590 0.411415 0.067227 0.424020 0.070261 0.432423 0.071195 0.438725 0.074463 0.441702 0.081699 0.436975 0.090803 0.428221 0.101307 0.420168 0.109244 0.415441 0.113445 0.411765 0.122082 0.406162 0.129552 0.402136 0.151027 0.393557 0.168067 0.391106 0.178571 0.387780 0.184874 0.386555 0.204482 0.384454 0.210551 0.384629 0.226657 0.387605 0.233660 0.391106 0.248133 0.394433 0.249767 0.393382 0.250233 0.390406 0.241363 0.382528 0.230626 0.375525 0.225957 0.373424 0.220588 0.368522 0.218721 0.369398 0.217087 0.371849 0.213585 0.369223 0.210084 0.369923 0.206349 0.366422 0.197246 0.360644 0.189776 0.357843 0.186041 0.355392 0.175070 0.351891 0.161064 0.350840 0.136555 0.355392 0.126984 0.358368 0.102474 0.370098 0.092670 0.376050 0.077965 0.386730 0.069094 0.395308 0.061625 0.404062 0.058590 0.407913 0.058590 0.411415
0 0.032213 0.580882 0.032213 0.595588 0.032913 0.619923 0.034080 0.630077 0.041783 0.651436 0.044818 0.654412 0.049953 0.664216 0.053221 0.668417 0.059757 0.674020 0.063959 0.679097 0.084734 0.693978 0.091970 0.697479 0.108310 0.701331 0.130252 0.701681 0.140289 0.700805 0.144258 0.699230 0.161298 0.695203 0.172736 0.690651 0.183707 0.687500 0.188609 0.682948 0.206349 0.674720 0.227358 0.660539 0.255836 0.635329 0.261905 0.627801 0.273109 0.609419 0.284547 0.583508 0.286181 0.573179 0.292250 0.550245 0.298553 0.515406 0.299486 0.490546 0.301120 0.483543 0.299953 0.476366 0.300654 0.471289 0.300187 0.459384 0.298553 0.450105 0.295752 0.442927 0.295518 0.439251 0.290149 0.425245 0.282913 0.416317 0.276144 0.409839 0.272176 0.408088 0.267040 0.404412 0.265406 0.402311 0.258170 0.400560 0.254435 0.397234 0.248599 0.394958 0.235061 0.391282 0.227358 0.388130 0.217554 0.387255 0.206583 0.384104 0.193044 0.386730 0.182306 0.387430 0.170168 0.391282 0.147292 0.394783 0.129085 0.402836 0.114846 0.411415 0.110177 0.415966 0.095005 0.424895 0.085434 0.435399 0.075630 0.442752 0.072362 0.448179 0.066527 0.453081 0.062558 0.458158 0.053688 0.470938 0.047386 0.480742 0.036881 0.506127 0.033380 0.523459 0.032446 0.542542 0.033147 0.573529 0.032213 0.580882
1 0.000000 0.869048 0.001634 0.869048 0.009337 0.864671 0.019374 0.860469 0.022176 0.858018 0.029412 0.854692 0.032913 0.851541 0.045518 0.843137 0.068861 0.821429 0.083100 0.806723 0.092904 0.795168 0.097806 0.791492 0.102708 0.785364 0.105976 0.779062 0.115780 0.765406 0.130719 0.738971 0.141457 0.716912 0.145892 0.703606 0.145658 0.702381 0.143791 0.701331 0.118581 0.702731 0.106676 0.701856 0.099440 0.700455 0.083567 0.694153 0.064659 0.680497 0.060224 0.675420 0.051821 0.668417 0.048319 0.664041 0.037815 0.644433 0.035247 0.637780 0.031513 0.622374 0.030812 0.605392 0.032213 0.602416 0.031746 0.598739 0.030345 0.597689 0.025910 0.596639 0.019374 0.597339 0.016106 0.598739 0.003735 0.607143 0.000000 0.608368 0.000000 0.869048
1 0.304622 0.348739 0.305089 0.352591 0.302988 0.355742 0.305556 0.360469 0.307423 0.372374 0.311391 0.379902 0.313025 0.387430 0.317694 0.393732 0.321195 0.401085 0.327965 0.410189 0.339636 0.399335 0.350140 0.391457 0.364379 0.384979 0.366947 0.384279 0.372782 0.384804 0.373950 0.384104 0.373716 0.382178 0.369748 0.380427 0.370448 0.375875 0.369281 0.372549 0.370215 0.371674 0.373016 0.372374 0.376751 0.371849 0.379085 0.372549 0.387021 0.377626 0.387955 0.376225 0.390756 0.375175 0.407563 0.371499 0.424603 0.369923 0.442810 0.370273 0.456116 0.372374 0.467087 0.375000 0.477591 0.378852 0.487395 0.384454 0.490896 0.385679 0.494631 0.385679 0.506069 0.378676 0.532680 0.360294 0.542017 0.351015 0.545985 0.344713 0.557656 0.332283 0.563492 0.318978 0.566060 0.310924 0.569561 0.293592 0.570028 0.271359 0.567927 0.254377 0.565359 0.245623 0.560691 0.234594 0.553688 0.224090 0.540850 0.210259 0.536415 0.207283 0.522176 0.199930 0.513072 0.196254 0.509804 0.193803 0.504202 0.192752 0.498366 0.189776 0.494398 0.189076 0.492997 0.187675 0.477591 0.184524 0.469655 0.184174 0.453315 0.186275 0.446312 0.188550 0.441877 0.189076 0.432306 0.192577 0.403595 0.208683 0.388889 0.219188 0.384454 0.223915 0.376984 0.229517 0.355509 0.251576 0.327731 0.284839 0.325864 0.289216 0.314192 0.308123 0.309524 0.321078 0.308123 0.327731 0.307190 0.342787 0.304622 0.348739
1 0.125350 0.317227 0.140523 0.330532 0.153128 0.336310 0.155696 0.338410 0.166667 0.343662 0.173436 0.345238 0.175303 0.347339 0.178338 0.348214 0.186041 0.347514 0.192810 0.347864 0.198880 0.349265 0.205415 0.349090 0.209384 0.349965 0.221755 0.349440 0.224090 0.350140 0.230159 0.348739 0.234594 0.349090 0.244865 0.347689 0.257236 0.344538 0.272876 0.337360 0.288515 0.332983 0.293184 0.332283 0.298786 0.329832 0.306956 0.324580 0.307423 0.321078 0.313725 0.307598 0.329599 0.280812 0.361111 0.243697 0.380719 0.224090 0.383287 0.219538 0.387021 0.204132 0.386788 0.188725 0.384220 0.178746 0.377918 0.167542 0.373483 0.161590 0.358543 0.147584 0.355976 0.146884 0.350840 0.142507 0.327965 0.127626 0.324697 0.125875 0.318627 0.124475 0.299486 0.121499 0.275910 0.121499 0.255602 0.125875 0.236695 0.132528 0.220822 0.140056 0.210084 0.147234 0.205882 0.151085 0.202614 0.152661 0.197479 0.157913 0.189076 0.164566 0.175303 0.178571 0.166900 0.189251 0.157096 0.210084 0.148459 0.236695 0.137722 0.259979 0.128151 0.276436 0.127684 0.279762 0.122316 0.287815 0.120682 0.298845 0.120448 0.303922 0.125350 0.317227
1 0.296919 0.000000 0.290616 0.018908 0.287115 0.035189 0.287348 0.057423 0.290850 0.078606 0.294118 0.088060 0.299486 0.097689 0.313492 0.114146 0.320962 0.120973 0.324230 0.122374 0.348273 0.139181 0.363212 0.146534 0.379085 0.151261 0.390289 0.153711 0.410598 0.155287 0.422502 0.155287 0.435107 0.152836 0.448880 0.147409 0.451681 0.145658 0.463352 0.142332 0.464986 0.138480 0.468954 0.135154 0.470355 0.134804 0.472222 0.131127 0.475023 0.129902 0.477591 0.126401 0.476190 0.124300 0.477937 0.122363 0.481136 0.118525 0.482416 0.113726 0.486255 0.109887 0.484335 0.105568 0.484127 0.100490 0.485994 0.092437 0.485528 0.074055 0.482726 0.049720 0.474090 0.012955 0.470822 0.008403 0.470355 0.005952 0.465686 0.000000 0.296919 0.000000
1 0.547152 0.000000 0.543417 0.005427 0.539683 0.008578 0.524743 0.035714 0.517740 0.050420 0.509570 0.071254 0.504809 0.086854 0.518245 0.074858 0.520165 0.078217 0.523364 0.083495 0.510271 0.091387 0.504202 0.098739 0.501634 0.103641 0.497899 0.105567 0.500000 0.110119 0.499300 0.134279 0.502334 0.150910 0.505602 0.161239 0.507703 0.164916 0.509104 0.169993 0.511905 0.171569 0.514239 0.175420 0.514939 0.178922 0.530345 0.196078 0.535714 0.200980 0.543884 0.206232 0.553455 0.209559 0.557423 0.212710 0.567694 0.216387 0.586134 0.219013 0.603175 0.218662 0.616480 0.216562 0.626517 0.213060 0.630952 0.210784 0.640056 0.203431 0.644958 0.201331 0.666433 0.182248 0.669001 0.177871 0.674837 0.171744 0.676237 0.168592 0.678338 0.166667 0.687675 0.152836 0.689076 0.148810 0.693511 0.141982 0.709150 0.105392 0.712185 0.092087 0.712652 0.080182 0.712418 0.064251 0.710317 0.050420 0.705882 0.036590 0.698646 0.022234 0.687442 0.006303 0.682306 0.001576 0.682306 0.000000 0.547152 0.000000
1 0.389823 0.215686 0.394491 0.213761 0.402894 0.207808 0.433240 0.191176 0.454482 0.184874 0.461951 0.183473 0.474556 0.183123 0.508870 0.192402 0.526144 0.200980 0.531279 0.200455 0.531513 0.199580 0.528945 0.197304 0.526611 0.192752 0.523576 0.189776 0.519141 0.182248 0.507236 0.166141 0.504202 0.159489 0.499066 0.135329 0.498833 0.115896 0.499767 0.112920 0.499767 0.105217 0.498133 0.102591 0.496032 0.106443 0.492997 0.109069 0.488329 0.112745 0.484360 0.114146 0.476424 0.119748 0.479225 0.123074 0.478291 0.125525 0.457049 0.144783 0.446545 0.149685 0.431839 0.154587 0.424837 0.156162 0.414099 0.157388 0.401027 0.155987 0.392157 0.155812 0.390056 0.156688 0.388422 0.160889 0.387955 0.214111 0.389823 0.215686
0 0.554855 0.387605 0.557190 0.394433 0.564192 0.404937 0.567227 0.408263 0.580065 0.418067 0.588235 0.419818 0.595238 0.423319 0.601774 0.424370 0.607610 0.426471 0.619514 0.428922 0.667834 0.426996 0.685808 0.422269 0.691410 0.419818 0.697012 0.418417 0.714986 0.409314 0.728758 0.403361 0.734360 0.398810 0.742063 0.394083 0.756536 0.381828 0.776844 0.359594 0.794118 0.335259 0.804622 0.316877 0.813259 0.298144 0.820028 0.286590 0.823529 0.275735 0.825864 0.271884 0.829599 0.261555 0.831699 0.245973 0.830999 0.237395 0.829132 0.231092 0.825397 0.223039 0.820261 0.216211 0.803455 0.201681 0.800654 0.200630 0.782446 0.188375 0.761905 0.182073 0.745565 0.180147 0.727358 0.180847 0.713352 0.183123 0.704365 0.185574 0.689309 0.187850 0.682073 0.190476 0.656629 0.203081 0.637255 0.215336 0.611345 0.235469 0.603175 0.244398 0.594071 0.257003 0.579832 0.286765 0.567927 0.317927 0.563025 0.328431 0.555322 0.351891 0.554155 0.361695 0.553922 0.374825 0.554855 0.387605
0 0.311625 0.480217 0.310224 0.501050 0.311858 0.537465 0.314192 0.556022 0.320962 0.583158 0.327731 0.602416 0.341503 0.623599 0.355042 0.639181 0.370448 0.651786 0.375817 0.654237 0.387255 0.661239 0.394024 0.663866 0.400560 0.668242 0.421802 0.674020 0.435341 0.676821 0.450280 0.677871 0.469655 0.675770 0.487395 0.669993 0.491363 0.669468 0.498366 0.666492 0.505602 0.662290 0.514006 0.654587 0.526844 0.635329 0.533380 0.621148 0.535247 0.616422 0.542484 0.580182 0.545985 0.567577 0.549953 0.555147 0.557890 0.537290 0.561391 0.526436 0.562558 0.519083 0.562792 0.494573 0.558824 0.473739 0.555556 0.463410 0.540383 0.434699 0.527077 0.417192 0.512838 0.403361 0.505135 0.396884 0.492530 0.388130 0.478992 0.381127 0.468254 0.376576 0.445612 0.372199 0.435107 0.371324 0.417600 0.371674 0.387021 0.376401 0.382820 0.380077 0.380719 0.380777 0.369748 0.380952 0.366713 0.385854 0.362745 0.386380 0.355509 0.389706 0.343371 0.397759 0.329599 0.411415 0.327031 0.415091 0.325397 0.421569 0.318394 0.438725 0.317227 0.450280 0.314659 0.457108 0.312092 0.472514 0.312558 0.477766 0.311625 0.480217
1 0.749767 0.000000 0.733660 0.025385 0.731326 0.031863 0.728291 0.036590 0.721522 0.056723 0.720355 0.063901 0.719888 0.086485 0.721755 0.103466 0.725257 0.115896 0.729925 0.126576 0.732726 0.130427 0.744631 0.142857 0.764239 0.152836 0.775677 0.156162 0.789449 0.158964 0.804155 0.159139 0.816293 0.154762 0.827031 0.153011 0.848739 0.142507 0.857610 0.136380 0.861578 0.134804 0.864846 0.127976 0.875350 0.124475 0.881653 0.118347 0.897759 0.107843 0.904528 0.104167 0.909430 0.102416 0.917600 0.097689 0.933940 0.092437 0.946545 0.089811 0.951681 0.085959 0.959150 0.078256 0.963819 0.076331 0.973156 0.064251 0.975724 0.062675 0.978992 0.058648 0.995798 0.028711 0.997666 0.021534 0.999767 0.020133 0.999767 0.000000 0.749767 0.000000
1 0.848973 0.197129 0.854342 0.213936 0.856676 0.226716 0.862745 0.241071 0.872549 0.252976 0.892157 0.268908 0.931839 0.291141 0.939309 0.294993 0.950514 0.299195 0.972222 0.310049 0.975023 0.312150 0.994631 0.319153 0.999767 0.319853 0.999767 0.091211 0.993931 0.091737 0.989729 0.090511 0.983427 0.090161 0.980626 0.089286 0.965920 0.089636 0.944211 0.091912 0.921802 0.097514 0.897526 0.109419 0.883053 0.119223 0.864379 0.139356 0.861811 0.144783 0.859010 0.147409 0.858777 0.150385 0.852941 0.161590 0.849673 0.175245 0.848739 0.181898 0.848973 0.197129
1 0.759570 0.429622 0.760504 0.439426 0.764006 0.457283 0.771475 0.471989 0.782213 0.488270 0.785247 0.491597 0.792717 0.496674 0.796685 0.498424 0.800187 0.498599 0.803688 0.496324 0.815593 0.480567 0.834034 0.461835 0.848506 0.451856 0.876284 0.437675 0.900794 0.432423 0.926237 0.429272 0.934874 0.429447 0.948880 0.431373 0.953315 0.431373 0.957049 0.430322 0.971755 0.401085 0.973389 0.394958 0.974090 0.383053 0.976190 0.369923 0.976424 0.334909 0.975490 0.321779 0.972689 0.314076 0.968954 0.309524 0.964286 0.306548 0.943277 0.297619 0.908964 0.278711 0.897292 0.273634 0.894024 0.271534 0.890523 0.270483 0.877218 0.270658 0.862278 0.272584 0.855742 0.274160 0.850840 0.276436 0.841970 0.278011 0.828431 0.284489 0.823296 0.287815 0.817927 0.294118 0.813725 0.303571 0.794351 0.337710 0.778478 0.360119 0.764472 0.376401 0.762372 0.381653 0.762138 0.400385 0.759570 0.429622
1 0.563959 0.516632 0.561158 0.533088 0.549953 0.559349 0.547619 0.567052 0.546919 0.574230 0.549020 0.578782 0.553455 0.583333 0.571195 0.596989 0.573529 0.597864 0.577965 0.601541 0.587302 0.605392 0.592437 0.609244 0.605976 0.615721 0.623016 0.620448 0.633053 0.622199 0.638422 0.622374 0.643324 0.623599 0.650794 0.623424 0.665033 0.622199 0.688142 0.617297 0.695612 0.613796 0.706349 0.610469 0.727824 0.598039 0.741597 0.587885 0.750000 0.579307 0.755602 0.571429 0.763072 0.554972 0.764939 0.545693 0.765173 0.532563 0.764239 0.525560 0.759570 0.508578 0.754202 0.494748 0.746032 0.480742 0.735061 0.464986 0.725023 0.452906 0.710084 0.441001 0.706816 0.439076 0.692344 0.433473 0.672736 0.428922 0.633520 0.429447 0.630719 0.430672 0.621615 0.431373 0.594771 0.438550 0.579365 0.445903 0.572362 0.450105 0.566527 0.452381 0.561858 0.456408 0.557190 0.463235 0.563725 0.492297 0.563959 0.516632
1 0.537815 0.608543 0.534080 0.622199 0.527077 0.636905 0.515873 0.653887 0.512372 0.657913 0.499300 0.667017 0.492764 0.669818 0.477358 0.674195 0.469655 0.677346 0.449346 0.678746 0.428571 0.677171 0.425770 0.678746 0.426004 0.682423 0.429739 0.695903 0.438142 0.720238 0.445845 0.733894 0.452848 0.743522 0.465453 0.755602 0.472689 0.760854 0.474090 0.762955 0.480859 0.764881 0.485994 0.765056 0.500233 0.768382 0.503968 0.770658 0.515406 0.775035 0.525910 0.777136 0.536648 0.777136 0.550887 0.774685 0.565826 0.769433 0.571195 0.766106 0.574697 0.764881 0.578898 0.762080 0.592437 0.749650 0.602708 0.737045 0.605742 0.734944 0.613445 0.722339 0.617880 0.712885 0.626284 0.685224 0.631419 0.662815 0.633053 0.651261 0.633754 0.640406 0.631886 0.626225 0.630252 0.623424 0.618347 0.620973 0.602708 0.615896 0.597339 0.612395 0.591036 0.609769 0.582166 0.603992 0.577965 0.602241 0.556956 0.587885 0.546685 0.579132 0.544351 0.580532 0.543184 0.582458 0.537815 0.608543
1 0.637488 0.655112 0.636088 0.667192 0.636321 0.676296 0.637021 0.682248 0.643091 0.706933 0.645425 0.712710 0.647292 0.721639 0.657563 0.744748 0.668301 0.761380 0.675070 0.769433 0.679272 0.773985 0.682073 0.775735 0.689309 0.775560 0.692577 0.774685 0.701447 0.773985 0.715219 0.773985 0.726657 0.775035 0.748833 0.780987 0.772642 0.790441 0.775910 0.791317 0.778011 0.790441 0.794351 0.779587 0.796919 0.778711 0.805089 0.771183 0.818161 0.756127 0.821195 0.751576 0.823063 0.744748 0.817694 0.740371 0.806956 0.734069 0.804855 0.731793 0.801587 0.726891 0.796685 0.712710 0.790383 0.685749 0.790149 0.677521 0.784781 0.636380 0.781046 0.623424 0.776144 0.596113 0.774510 0.583158 0.775677 0.563375 0.774510 0.559699 0.771942 0.558999 0.769374 0.557248 0.770775 0.553746 0.769141 0.551120 0.767740 0.554797 0.765406 0.556197 0.761905 0.561450 0.759570 0.567227 0.750700 0.580707 0.748133 0.582458 0.742063 0.589461 0.734360 0.593838 0.725724 0.600315 0.705649 0.611520 0.689542 0.617997 0.678105 0.620973 0.664799 0.623074 0.647993 0.624475 0.638889 0.623950 0.636788 0.626225 0.636321 0.632003 0.636321 0.649160 0.637488 0.655112
1 0.777311 0.595413 0.780812 0.616422 0.785948 0.634804 0.793184 0.693452 0.796218 0.706232 0.800420 0.718662 0.802988 0.722514 0.804388 0.727416 0.807190 0.732143 0.814192 0.735994 0.817460 0.736695 0.823763 0.741246 0.832400 0.744748 0.848973 0.748599 0.862745 0.750350 0.873249 0.750525 0.889823 0.749475 0.911298 0.745973 0.936041 0.738620 0.964753 0.723389 0.970355 0.718487 0.979692 0.713060 0.992530 0.701331 0.996965 0.695728 0.997666 0.692927 0.999767 0.691702 0.999767 0.451681 0.987628 0.443627 0.976891 0.438375 0.962418 0.433999 0.932540 0.430322 0.922035 0.430672 0.908030 0.432248 0.893324 0.435399 0.883287 0.436450 0.874883 0.439076 0.862745 0.445028 0.852241 0.451155 0.847339 0.453081 0.829365 0.467087 0.822362 0.476015 0.816527 0.480917 0.809057 0.491422 0.806022 0.494398 0.797152 0.508578 0.794118 0.515931 0.789916 0.522409 0.784781 0.536064 0.783613 0.543943 0.780812 0.549720 0.777778 0.563725 0.776611 0.577381 0.777311 0.595413
1 0.593371 0.972864 0.596405 0.987395 0.602708 0.999825 0.835201 0.999825 0.849673 0.968137 0.853875 0.956057 0.855509 0.947304 0.858310 0.938901 0.861111 0.919293 0.860644 0.903186 0.858777 0.890406 0.851774 0.869748 0.844771 0.856268 0.840336 0.850840 0.836134 0.843838 0.827498 0.835084 0.822129 0.827731 0.812792 0.820553 0.809290 0.816702 0.794118 0.805322 0.775677 0.793592 0.766340 0.789216 0.735294 0.778361 0.724323 0.776436 0.703548 0.775560 0.696779 0.776611 0.691877 0.776261 0.686508 0.776961 0.680672 0.778361 0.651961 0.788515 0.644725 0.793242 0.642857 0.795868 0.637021 0.797619 0.632820 0.800245 0.619281 0.814251 0.615313 0.822479 0.611345 0.827906 0.606443 0.841387 0.604575 0.852241 0.599673 0.869223 0.596405 0.890756 0.595938 0.905287 0.592204 0.928396 0.592204 0.960084 0.593371 0.972864
1 0.323063 0.999825 0.521242 0.999825 0.523576 0.994048 0.528245 0.987570 0.538049 0.970413 0.543417 0.963410 0.558590 0.933123 0.570495 0.904412 0.574930 0.877626 0.573063 0.848564 0.570495 0.834909 0.565826 0.820903 0.561858 0.813200 0.554855 0.803922 0.547152 0.795868 0.533147 0.785364 0.529178 0.783789 0.524743 0.780812 0.506769 0.774160 0.497899 0.769083 0.491363 0.767157 0.490663 0.769958 0.491830 0.772584 0.490663 0.773459 0.487162 0.772759 0.480626 0.773985 0.478525 0.773459 0.476891 0.769083 0.475023 0.768382 0.470822 0.767507 0.463585 0.768557 0.459617 0.768382 0.441643 0.771884 0.422736 0.778887 0.407096 0.788165 0.390990 0.800245 0.372782 0.819678 0.358077 0.839986 0.348739 0.856092 0.344771 0.864671 0.343604 0.869573 0.339169 0.876926 0.333100 0.892857 0.327498 0.912815 0.323063 0.956408 0.321429 0.976716 0.323063 0.999825
0 0.081466 0.950280 0.086601 0.960259 0.095005 0.968838 0.098506 0.973564 0.105742 0.977941 0.112745 0.983718 0.121148 0.987745 0.130019 0.990196 0.140756 0.991246 0.146359 0.992997 0.157796 0.993347 0.160831 0.991422 0.165266 0.992997 0.168067 0.991772 0.172035 0.991947 0.175537 0.990546 0.178805 0.992997 0.183240 0.993522 0.186741 0.992822 0.189076 0.991246 0.192577 0.992647 0.196312 0.992647 0.213585 0.989671 0.222222 0.986870 0.226657 0.983543 0.229458 0.982493 0.230859 0.980917 0.234127 0.980742 0.238562 0.979342 0.250467 0.972864 0.258637 0.967087 0.265640 0.964986 0.276611 0.958333 0.285014 0.950455 0.293417 0.944153 0.300887 0.935049 0.307190 0.930672 0.320028 0.916667 0.322596 0.911940 0.326331 0.908438 0.329599 0.901261 0.333800 0.885504 0.346172 0.857493 0.357143 0.837710 0.363912 0.828081 0.369048 0.817577 0.369514 0.814601 0.373249 0.808824 0.375117 0.797969 0.376984 0.793943 0.380252 0.779587 0.380252 0.765231 0.379318 0.758578 0.376751 0.750525 0.373483 0.744223 0.366480 0.735469 0.362979 0.732843 0.352241 0.727591 0.346405 0.723039 0.338235 0.718137 0.335201 0.717262 0.331699 0.714286 0.324463 0.710784 0.311158 0.707808 0.283380 0.706933 0.268207 0.708859 0.246265 0.716036 0.238329 0.721113 0.225023 0.726541 0.199346 0.741246 0.192110 0.744573 0.171569 0.758403 0.153361 0.772934 0.144024 0.782563 0.138422 0.787115 0.129785 0.800245 0.121849 0.813901 0.110411 0.845413 0.104809 0.855917 0.102007 0.864146 0.086601 0.897409 0.085901 0.902836 0.082400 0.911064 0.079599 0.925245 0.078431 0.934699 0.081466 0.950280
1 0.189542 0.699405 0.194911 0.707108 0.200747 0.711134 0.202848 0.713585 0.223623 0.722339 0.230859 0.722689 0.239262 0.717612 0.245798 0.714811 0.262605 0.708859 0.268674 0.707458 0.282680 0.705882 0.301120 0.705357 0.321195 0.708508 0.325163 0.708333 0.334734 0.706583 0.340336 0.704132 0.345238 0.703256 0.356209 0.696078 0.360644 0.694503 0.365079 0.690301 0.371849 0.685749 0.378618 0.680147 0.383287 0.673494 0.388189 0.668417 0.388422 0.664916 0.385621 0.661940 0.368581 0.651786 0.354342 0.639706 0.346405 0.631478 0.334267 0.614846 0.323529 0.594888 0.319561 0.583683 0.317694 0.573529 0.314426 0.563550 0.311391 0.542717 0.310224 0.539916 0.308357 0.514006 0.308590 0.494398 0.307190 0.492822 0.303688 0.493697 0.300887 0.498599 0.299953 0.512255 0.297619 0.526436 0.285714 0.581583 0.281279 0.594188 0.269841 0.616947 0.258637 0.633403 0.234594 0.655987 0.204482 0.677171 0.192810 0.682248 0.189309 0.684524 0.187675 0.685749 0.186508 0.688200 0.186975 0.692227 0.189542 0.699405
1 0.050187 0.859419 0.055322 0.869923 0.069795 0.888130 0.077965 0.895133 0.084967 0.899160 0.091970 0.884279 0.096872 0.870623 0.109711 0.843312 0.113679 0.831232 0.121382 0.813375 0.135854 0.788866 0.154482 0.771043 0.167834 0.759979 0.194678 0.742122 0.202848 0.737920 0.210084 0.732843 0.221522 0.727066 0.222689 0.724090 0.221522 0.723039 0.202848 0.714811 0.193277 0.706758 0.189776 0.702556 0.185808 0.693277 0.182773 0.688901 0.175537 0.690826 0.169701 0.693627 0.151027 0.699580 0.147526 0.702906 0.142157 0.717262 0.130719 0.739846 0.113445 0.769958 0.103641 0.785014 0.073996 0.817227 0.047619 0.842262 0.046685 0.846289 0.050187 0.859419
1 0.859010 0.886905 0.862045 0.901611 0.862278 0.921869 0.858777 0.943627 0.852708 0.964986 0.847806 0.977066 0.841970 0.987745 0.842904 0.991071 0.848973 0.999825 0.999767 0.999825 0.999767 0.764881 0.995098 0.763831 0.983660 0.764006 0.980392 0.763480 0.959150 0.767332 0.956349 0.768732 0.942577 0.771884 0.927404 0.778011 0.914566 0.785014 0.909430 0.789741 0.905462 0.791667 0.895892 0.798845 0.864613 0.828782 0.853175 0.841737 0.846872 0.852416 0.846172 0.855217 0.853175 0.869748 0.859010 0.886905
1 0.616713 0.719713 0.610177 0.728641 0.608077 0.730392 0.606443 0.734244 0.600140 0.742297 0.596872 0.744923 0.595238 0.748074 0.583100 0.758578 0.580299 0.761905 0.574463 0.766106 0.568394 0.769258 0.552988 0.774860 0.528245 0.779412 0.531046 0.782913 0.532913 0.783438 0.548786 0.796043 0.558357 0.806197 0.562325 0.812325 0.568861 0.825630 0.572596 0.840336 0.575864 0.861695 0.576331 0.872549 0.576331 0.880427 0.572829 0.901261 0.559057 0.934699 0.555089 0.942752 0.550420 0.949580 0.548086 0.956408 0.550187 0.959909 0.563959 0.963761 0.572129 0.963585 0.581466 0.964461 0.588702 0.963761 0.590570 0.961485 0.591270 0.958158 0.591970 0.920868 0.593604 0.914741 0.593604 0.904412 0.597806 0.872899 0.606209 0.838410 0.611811 0.825280 0.619514 0.813025 0.631653 0.800070 0.647292 0.789391 0.674136 0.779412 0.678571 0.775910 0.676471 0.772234 0.666667 0.761029 0.659197 0.749825 0.652894 0.738620 0.644725 0.720063 0.644024 0.716562 0.640523 0.710959 0.638655 0.709384 0.633754 0.707808 0.623016 0.706933 0.621148 0.708333 0.619748 0.710259 0.616713 0.719713
1 0.371382 0.687500 0.356443 0.698354 0.342437 0.705707 0.338702 0.706758 0.333333 0.710084 0.333567 0.713410 0.338002 0.714636 0.344304 0.720413 0.348039 0.721464 0.353641 0.724965 0.359244 0.730567 0.363445 0.732318 0.368114 0.736169 0.371615 0.740021 0.378385 0.751225 0.381419 0.765231 0.381653 0.779762 0.375117 0.807073 0.375117 0.811099 0.376517 0.813025 0.391457 0.798845 0.399860 0.792192 0.420168 0.779237 0.434874 0.773284 0.446312 0.769783 0.453081 0.769258 0.459150 0.766807 0.464753 0.765581 0.463119 0.762605 0.464052 0.758403 0.461018 0.752976 0.449346 0.741246 0.438609 0.723739 0.431839 0.706408 0.424837 0.681197 0.422035 0.675245 0.403361 0.670518 0.397292 0.668592 0.394258 0.666667 0.390289 0.666492 0.381653 0.678221 0.371382 0.687500
1 0.248833 0.383578 0.250467 0.387255 0.256536 0.393908 0.265873 0.395658 0.268674 0.397409 0.272876 0.398459 0.274510 0.401436 0.274977 0.407738 0.284781 0.416492 0.291317 0.425420 0.295051 0.432248 0.301354 0.453081 0.303688 0.476541 0.307190 0.478817 0.309757 0.474090 0.312092 0.458333 0.314426 0.451856 0.317927 0.435049 0.324930 0.418768 0.326797 0.411064 0.315126 0.393732 0.311391 0.383578 0.309057 0.379727 0.304855 0.358193 0.304622 0.344888 0.306723 0.334909 0.306489 0.330882 0.304855 0.328606 0.303688 0.328256 0.298397 0.331524 0.289216 0.333508 0.276144 0.337710 0.261905 0.343487 0.257703 0.346289 0.256069 0.348739 0.254435 0.354342 0.249767 0.376401 0.249767 0.381653 0.248833 0.383578
1 0.597339 0.247024 0.598973 0.247724 0.611345 0.233894 0.630602 0.218925 0.643557 0.210784 0.650093 0.205007 0.654528 0.203256 0.657563 0.200805 0.681839 0.189951 0.689309 0.187500 0.720121 0.181022 0.739963 0.179447 0.755135 0.179972 0.769374 0.183123 0.776144 0.186275 0.782680 0.186800 0.783147 0.181197 0.782213 0.175070 0.778711 0.161239 0.774743 0.157738 0.760037 0.152311 0.751634 0.148109 0.743581 0.142595 0.729925 0.127976 0.724323 0.118347 0.720355 0.106968 0.716620 0.105567 0.712185 0.105217 0.709851 0.106618 0.703782 0.122724 0.686275 0.156338 0.666433 0.183473 0.650327 0.196254 0.646359 0.201155 0.640523 0.203606 0.635854 0.207983 0.628151 0.213235 0.623950 0.215161 0.607376 0.219538 0.597339 0.220413 0.594071 0.223039 0.595705 0.244748 0.597339 0.247024
1 0.810458 0.203256 0.811158 0.206408 0.821429 0.215861 0.825864 0.221464 0.830299 0.229867 0.833100 0.243347 0.833100 0.252101 0.830299 0.265581 0.824463 0.278887 0.824230 0.283438 0.828198 0.283613 0.831466 0.281513 0.840803 0.277836 0.866246 0.271008 0.886321 0.269083 0.884921 0.265581 0.870682 0.252626 0.862278 0.242122 0.858543 0.235819 0.854575 0.224265 0.854108 0.220063 0.851307 0.213585 0.850373 0.206057 0.848039 0.198004 0.847572 0.181723 0.850840 0.165091 0.857143 0.150035 0.863912 0.140581 0.863912 0.137080 0.862745 0.136204 0.859010 0.136730 0.848973 0.143557 0.842437 0.146359 0.833567 0.151436 0.818161 0.155462 0.803221 0.161239 0.790850 0.174020 0.786181 0.181898 0.786181 0.189426 0.810458 0.203256
1 0.960317 0.432423 0.978058 0.437850 0.995565 0.447479 0.998133 0.449930 0.999767 0.449930 0.999767 0.388130 0.998133 0.388130 0.976891 0.399335 0.972222 0.404062 0.969188 0.408613 0.960551 0.425595 0.959617 0.428396 0.960317 0.432423
1 0.851541 0.755252 0.854809 0.762605 0.865313 0.778011 0.869514 0.782738 0.883754 0.794993 0.892624 0.798144 0.896825 0.796744 0.899160 0.794468 0.920401 0.780987 0.933007 0.774860 0.955882 0.767682 0.967320 0.765581 0.970588 0.764356 0.976891 0.763480 0.995331 0.763831 0.999767 0.763305 0.999767 0.695903 0.998133 0.696078 0.988562 0.706232 0.977124 0.714286 0.974090 0.717437 0.970588 0.718838 0.961251 0.726015 0.936041 0.739321 0.913866 0.746499 0.897526 0.748424 0.890990 0.749825 0.878852 0.750700 0.854575 0.750350 0.851774 0.751050 0.851074 0.751576 0.851541 0.755252
1 0.251634 0.126401 0.256069 0.124825 0.269141 0.122024 0.281046 0.120798 0.299020 0.120798 0.314659 0.123249 0.321895 0.123249 0.319328 0.121674 0.318627 0.119573 0.311858 0.113445 0.299953 0.099615 0.291783 0.085434 0.288049 0.067577 0.285481 0.046569 0.283147 0.045168 0.281746 0.046043 0.280812 0.048319 0.279879 0.065476 0.274510 0.087010 0.267274 0.100490 0.248366 0.123599 0.247666 0.126576 0.251634 0.126401
1 0.952848 0.089111 0.975257 0.088585 0.980392 0.087360 0.984594 0.083683 0.988329 0.082283 0.990663 0.080532 0.991830 0.080357 0.994631 0.081758 0.996265 0.078957 0.999767 0.078431 0.999767 0.024335 0.998133 0.024510 0.996265 0.030462 0.979458 0.058999 0.967787 0.072829 0.953782 0.085084 0.951447 0.088410 0.952848 0.089111