0 0.069561 0.258639 0.077965 0.292110 0.088936 0.317322 0.094304 0.336014 0.098973 0.348620 0.098739 0.352749 0.100373 0.355575 0.098273 0.359487 0.102941 0.362095 0.105275 0.369485 0.105509 0.373180 0.109711 0.383395 0.113212 0.397088 0.113445 0.401000 0.116246 0.407520 0.119748 0.421865 0.121148 0.422952 0.123716 0.429037 0.127918 0.442512 0.139122 0.461639 0.141690 0.470333 0.145191 0.474027 0.147526 0.479896 0.150794 0.482938 0.154528 0.491198 0.159664 0.495979 0.167600 0.500109 0.172502 0.501630 0.175770 0.505108 0.183940 0.510759 0.195845 0.513801 0.217087 0.514671 0.231326 0.513584 0.248599 0.510759 0.263072 0.506846 0.265406 0.505325 0.273576 0.502934 0.290850 0.494023 0.317694 0.478157 0.341270 0.457944 0.359244 0.435557 0.373016 0.413823 0.382353 0.390350 0.388889 0.363834 0.390289 0.331522 0.391690 0.321017 0.390990 0.303630 0.387955 0.280156 0.386088 0.272549 0.385154 0.257987 0.381886 0.237557 0.379085 0.227994 0.378852 0.223647 0.374183 0.203434 0.360411 0.159748 0.352241 0.140187 0.349206 0.135405 0.346639 0.126277 0.332633 0.101065 0.319795 0.083243 0.301587 0.063899 0.290149 0.055857 0.281046 0.053249 0.276611 0.049989 0.264939 0.045425 0.248366 0.041078 0.233193 0.039774 0.224790 0.038035 0.202381 0.038470 0.197946 0.039991 0.185574 0.041513 0.165733 0.050206 0.156396 0.055857 0.150560 0.061943 0.147526 0.062812 0.125584 0.086938 0.116480 0.098892 0.114146 0.103238 0.111578 0.105629 0.098506 0.126712 0.084734 0.154532 0.080299 0.164964 0.079599 0.168659 0.076564 0.173875 0.070028 0.199522 0.068394 0.210172 0.066527 0.229515 0.069561 0.258639
0 0.390056 0.275158 0.391923 0.296675 0.394725 0.308411 0.395658 0.321452 0.418534 0.401217 0.421569 0.407303 0.424837 0.422082 0.436975 0.453162 0.441643 0.461204 0.445378 0.470333 0.454949 0.480548 0.458217 0.486851 0.463819 0.494675 0.477358 0.507933 0.489729 0.515757 0.497432 0.519018 0.505135 0.520756 0.524043 0.523364 0.540149 0.523147 0.543184 0.521843 0.558123 0.522060 0.572596 0.520539 0.577498 0.517279 0.581232 0.516192 0.602241 0.503369 0.609477 0.498153 0.624650 0.482721 0.627684 0.476853 0.630252 0.474679 0.652194 0.435775 0.663399 0.407955 0.673903 0.373180 0.680205 0.322973 0.683707 0.283199 0.680439 0.237122 0.675770 0.202999 0.671802 0.182352 0.664099 0.154314 0.657796 0.140622 0.650794 0.128450 0.644024 0.119105 0.632586 0.106064 0.623249 0.097153 0.616246 0.091937 0.591503 0.082591 0.580999 0.081721 0.571895 0.079765 0.532213 0.079765 0.524977 0.082373 0.519141 0.083025 0.487162 0.092154 0.477124 0.097153 0.470355 0.102586 0.467087 0.103238 0.447012 0.119105 0.433007 0.133884 0.422502 0.147359 0.413165 0.161487 0.400093 0.189524 0.395191 0.202782 0.394725 0.208216 0.391457 0.216909 0.391223 0.222560 0.388889 0.230602 0.388189 0.237340 0.389122 0.272332 0.390056 0.275158
1 0.725257 0.278200 0.733427 0.316670 0.733660 0.321452 0.737862 0.334710 0.745331 0.373180 0.748599 0.383395 0.749300 0.394045 0.758637 0.428168 0.767040 0.449250 0.778478 0.470767 0.781746 0.474245 0.792951 0.491632 0.804622 0.505108 0.812558 0.510976 0.817227 0.515757 0.837768 0.532710 0.858077 0.544447 0.867180 0.548576 0.879785 0.552271 0.896359 0.555749 0.920401 0.557270 0.924603 0.558357 0.935574 0.558357 0.949580 0.556618 0.956816 0.554879 0.970121 0.549663 0.984594 0.542056 0.993697 0.534232 0.997899 0.528146 0.999767 0.527929 0.999767 0.172354 0.997432 0.171484 0.987395 0.161921 0.982493 0.158444 0.978291 0.153445 0.975023 0.151923 0.950514 0.133232 0.932306 0.122147 0.927171 0.118018 0.904762 0.107585 0.875350 0.096718 0.852474 0.090632 0.828898 0.088024 0.813259 0.088024 0.800187 0.090198 0.786648 0.094110 0.771942 0.099978 0.758637 0.106933 0.751634 0.114106 0.746265 0.117366 0.745098 0.119539 0.742530 0.121278 0.731559 0.138448 0.719655 0.168007 0.717787 0.174962 0.717554 0.181265 0.714519 0.198000 0.715453 0.217127 0.725257 0.278200
1 0.047152 0.447077 0.047386 0.474027 0.050187 0.519018 0.063025 0.588350 0.064659 0.592697 0.065359 0.600087 0.070028 0.612693 0.072129 0.623343 0.074930 0.628994 0.075397 0.633558 0.078665 0.643773 0.081232 0.648772 0.081699 0.654640 0.091270 0.677027 0.099440 0.692676 0.111578 0.709846 0.120448 0.720061 0.138889 0.736144 0.159664 0.748750 0.178571 0.755053 0.182306 0.757009 0.205649 0.760704 0.221055 0.761139 0.234594 0.758313 0.241830 0.755923 0.246265 0.752228 0.253035 0.748750 0.262138 0.742447 0.264939 0.738752 0.270308 0.734188 0.279879 0.722017 0.289916 0.705281 0.297152 0.689198 0.307190 0.658335 0.312558 0.637253 0.317227 0.609867 0.319795 0.584656 0.322129 0.543360 0.321429 0.514019 0.318861 0.487285 0.317694 0.485764 0.313959 0.483808 0.310224 0.484460 0.274977 0.503586 0.248133 0.512497 0.211951 0.516844 0.195845 0.515105 0.184641 0.512715 0.178571 0.510541 0.177404 0.508585 0.172035 0.504238 0.171569 0.502717 0.157563 0.497066 0.147292 0.484243 0.145191 0.479244 0.143557 0.477505 0.142857 0.474027 0.139589 0.469681 0.136788 0.460335 0.133287 0.456205 0.129085 0.446207 0.125817 0.441643 0.119281 0.425560 0.118114 0.418387 0.116246 0.414910 0.111578 0.400130 0.106909 0.379265 0.104575 0.373180 0.103641 0.366659 0.100373 0.358835 0.098039 0.355792 0.098739 0.352315 0.097806 0.348620 0.095705 0.346664 0.091737 0.347750 0.087535 0.351445 0.080299 0.355792 0.063959 0.372745 0.051354 0.395784 0.046919 0.417518 0.046218 0.443599 0.047152 0.447077
1 0.016106 0.859378 0.021008 0.914801 0.028945 0.942621 0.033147 0.949576 0.035481 0.955879 0.044351 0.969572 0.053922 0.979787 0.067460 0.987394 0.075864 0.988698 0.102474 0.989133 0.126517 0.986090 0.130719 0.983482 0.138422 0.981743 0.157796 0.973701 0.181839 0.958487 0.193744 0.948272 0.198179 0.941100 0.209384 0.930667 0.218021 0.918279 0.223856 0.911976 0.225957 0.907629 0.230626 0.901543 0.240430 0.884156 0.248599 0.862421 0.253968 0.842208 0.259570 0.803956 0.260971 0.765486 0.259104 0.756357 0.259104 0.751793 0.257236 0.750054 0.254902 0.749185 0.241363 0.757227 0.231326 0.760922 0.226891 0.760704 0.221755 0.762226 0.213119 0.762660 0.182306 0.758096 0.166433 0.752662 0.152894 0.746359 0.133287 0.733319 0.118581 0.719844 0.106676 0.706368 0.101307 0.696370 0.096172 0.690285 0.093137 0.682678 0.090336 0.678765 0.086368 0.668116 0.083800 0.664855 0.082633 0.659857 0.077965 0.650076 0.074463 0.651815 0.060691 0.668768 0.049720 0.684634 0.037115 0.706586 0.032913 0.718757 0.027311 0.730928 0.022176 0.747664 0.019141 0.765051 0.019374 0.770050 0.017507 0.785047 0.017740 0.804608 0.016106 0.859378
1 0.340336 0.564008 0.351307 0.596175 0.353408 0.600087 0.355742 0.609215 0.365546 0.637035 0.370448 0.646381 0.377218 0.663986 0.392857 0.692676 0.396125 0.696153 0.402661 0.706368 0.415266 0.720278 0.432073 0.733754 0.439309 0.737448 0.458917 0.743099 0.469188 0.744186 0.486695 0.742665 0.505135 0.736796 0.520775 0.728755 0.530345 0.721582 0.546218 0.706151 0.548553 0.702021 0.553455 0.697022 0.555089 0.692893 0.561858 0.685720 0.574463 0.663551 0.579599 0.650945 0.583800 0.636818 0.586835 0.623125 0.587768 0.613562 0.588002 0.605521 0.586835 0.602912 0.587535 0.594871 0.587068 0.577483 0.581933 0.543143 0.576564 0.529450 0.574463 0.526190 0.567694 0.522060 0.558357 0.523582 0.533147 0.525321 0.515173 0.524234 0.511905 0.522930 0.507937 0.522930 0.497199 0.520104 0.487628 0.516409 0.474323 0.507281 0.459617 0.491632 0.452148 0.479896 0.443277 0.468594 0.440243 0.460335 0.434407 0.450120 0.425303 0.427733 0.418067 0.405129 0.414799 0.390350 0.411298 0.381439 0.407563 0.381874 0.403128 0.383830 0.398226 0.387959 0.390990 0.397522 0.384921 0.408172 0.373249 0.419691 0.369281 0.425560 0.365430 0.437405 0.361811 0.441426 0.358777 0.449250 0.355742 0.452510 0.349440 0.467072 0.345705 0.480113 0.345472 0.484677 0.340570 0.498153 0.340103 0.504673 0.337768 0.515105 0.337535 0.522278 0.337068 0.540752 0.340336 0.564008
1 0.678338 0.348837 0.678805 0.352967 0.672736 0.387090 0.670868 0.390350 0.668067 0.401000 0.663399 0.411215 0.658030 0.427298 0.651961 0.439252 0.651027 0.444251 0.647526 0.447729 0.646359 0.451641 0.644725 0.453162 0.644258 0.456640 0.641923 0.459031 0.640056 0.463595 0.636321 0.466855 0.631186 0.474027 0.630252 0.477288 0.626517 0.480982 0.624650 0.485329 0.609010 0.500543 0.605742 0.501630 0.602007 0.507281 0.598506 0.508150 0.594771 0.512280 0.587302 0.514888 0.584967 0.517279 0.580999 0.519018 0.579132 0.520756 0.578431 0.522930 0.582400 0.533145 0.589402 0.545316 0.594771 0.557270 0.610177 0.577918 0.612512 0.582265 0.624416 0.596609 0.640523 0.613128 0.655929 0.627255 0.664566 0.637035 0.709384 0.681808 0.717320 0.687894 0.723389 0.694414 0.733427 0.700935 0.754902 0.717670 0.760971 0.720930 0.772176 0.725060 0.782446 0.725277 0.794585 0.720930 0.803688 0.716149 0.817694 0.706368 0.832866 0.692676 0.835201 0.688546 0.838469 0.685938 0.840336 0.682460 0.845472 0.677027 0.856676 0.654423 0.860177 0.650293 0.862512 0.643556 0.866947 0.622908 0.868347 0.609650 0.868347 0.593567 0.867414 0.584003 0.861578 0.556835 0.859477 0.549880 0.857376 0.546186 0.837302 0.534449 0.801821 0.504890 0.791083 0.491632 0.775444 0.468159 0.764939 0.447946 0.757937 0.430559 0.752568 0.409476 0.749767 0.404477 0.748366 0.397740 0.748833 0.394045 0.746032 0.383178 0.744631 0.378831 0.740896 0.373180 0.741130 0.369702 0.736461 0.356010 0.732960 0.352097 0.707049 0.333623 0.689076 0.326233 0.682306 0.326016 0.681139 0.327972 0.680205 0.343404 0.678338 0.348837
1 0.688842 0.000000 0.688842 0.001521 0.685341 0.004347 0.673903 0.022169 0.661064 0.050424 0.654528 0.071289 0.650794 0.091285 0.650794 0.119974 0.652194 0.126277 0.655696 0.131710 0.661298 0.144316 0.663866 0.147794 0.671802 0.171919 0.679739 0.212345 0.685341 0.262334 0.694678 0.277331 0.709384 0.291241 0.716853 0.294501 0.724090 0.294067 0.725724 0.292328 0.725957 0.286242 0.719188 0.245816 0.716620 0.237774 0.715920 0.213432 0.714753 0.209737 0.716387 0.202782 0.714519 0.198435 0.714286 0.194958 0.716153 0.174745 0.717554 0.168224 0.728758 0.140839 0.733894 0.131928 0.738095 0.126712 0.742530 0.118018 0.745331 0.116062 0.745798 0.114106 0.749066 0.111498 0.755369 0.108889 0.766807 0.100848 0.783380 0.093458 0.807890 0.086503 0.820495 0.086068 0.836835 0.086503 0.852241 0.089763 0.862045 0.090632 0.866013 0.092154 0.873716 0.092806 0.875117 0.091937 0.875117 0.076940 0.873716 0.056944 0.872082 0.054553 0.871615 0.051511 0.868814 0.028907 0.869281 0.025647 0.865313 0.008476 0.862045 0.001739 0.862045 0.000000 0.688842 0.000000
1 0.863212 0.000000 0.863212 0.001521 0.865546 0.005651 0.872082 0.032602 0.873016 0.050641 0.875584 0.066942 0.876050 0.087807 0.874883 0.092371 0.876284 0.095414 0.883987 0.099109 0.909197 0.108672 0.925303 0.116496 0.928105 0.116279 0.929272 0.113236 0.929739 0.105629 0.928805 0.088024 0.925303 0.064334 0.925070 0.056944 0.918534 0.026299 0.907096 0.001521 0.907096 0.000000 0.863212 0.000000
1 0.584267 0.040209 0.589869 0.059987 0.591970 0.074766 0.594538 0.081504 0.610411 0.087590 0.621148 0.093675 0.629318 0.100196 0.647526 0.119974 0.649393 0.115627 0.649627 0.099978 0.653128 0.071941 0.659197 0.052380 0.666200 0.035862 0.666900 0.032602 0.665733 0.030428 0.661531 0.027603 0.651027 0.023691 0.642624 0.022169 0.622082 0.021082 0.592670 0.026081 0.587535 0.028037 0.584267 0.031080 0.583333 0.032819 0.584267 0.040209
1 0.407330 0.000000 0.405696 0.003260 0.399160 0.008259 0.391690 0.018257 0.386788 0.022604 0.381186 0.031515 0.376984 0.036296 0.363445 0.064334 0.360878 0.071724 0.359944 0.080417 0.358310 0.084982 0.357376 0.098240 0.357610 0.114975 0.361111 0.132145 0.360644 0.147794 0.361345 0.154749 0.369048 0.179526 0.371849 0.185394 0.372082 0.189307 0.383987 0.234732 0.387021 0.233645 0.389823 0.216909 0.392624 0.206042 0.399860 0.185177 0.411064 0.164529 0.415500 0.154532 0.435107 0.129320 0.448646 0.116279 0.459617 0.107151 0.474323 0.097805 0.487628 0.091067 0.509804 0.084329 0.518674 0.082591 0.525444 0.079765 0.542717 0.077809 0.552754 0.078679 0.564426 0.077809 0.571195 0.078027 0.588702 0.080635 0.590570 0.079331 0.591036 0.077374 0.587535 0.056727 0.582633 0.039122 0.579132 0.029341 0.576331 0.024995 0.574697 0.018909 0.568394 0.006520 0.564659 0.001739 0.564659 0.000000 0.407330 0.000000
1 0.096872 0.000000 0.095355 0.003151 0.090103 0.009563 0.083800 0.014562 0.070728 0.037818 0.064893 0.053901 0.059524 0.084112 0.059991 0.112802 0.061391 0.123234 0.064659 0.136709 0.070495 0.151706 0.074463 0.157792 0.077965 0.160617 0.081466 0.156053 0.086368 0.144968 0.092904 0.134101 0.096639 0.124755 0.098973 0.123017 0.110177 0.104542 0.125350 0.084764 0.139589 0.069333 0.149393 0.059987 0.158030 0.053249 0.162698 0.051511 0.180672 0.041730 0.199346 0.037166 0.221522 0.036296 0.242764 0.038470 0.268908 0.045208 0.289916 0.053901 0.302288 0.062378 0.319094 0.079548 0.333567 0.098892 0.338235 0.109107 0.341036 0.112150 0.345238 0.120191 0.347572 0.121495 0.348739 0.124973 0.352241 0.128668 0.355042 0.126929 0.352941 0.098457 0.351307 0.091502 0.350373 0.072702 0.350840 0.056292 0.349440 0.039774 0.345938 0.022604 0.338002 0.000000 0.096872 0.000000
1 0.339402 0.000000 0.347106 0.025647 0.350607 0.043034 0.352007 0.057814 0.351541 0.071724 0.352241 0.082808 0.354342 0.095631 0.355742 0.096935 0.356676 0.084547 0.360644 0.069333 0.372782 0.043034 0.385387 0.023908 0.404762 0.001521 0.404762 0.000000 0.339402 0.000000
1 0.319561 0.484460 0.321895 0.501630 0.322829 0.530102 0.320028 0.591176 0.320962 0.594219 0.324930 0.594219 0.334734 0.593349 0.344771 0.588350 0.345472 0.586612 0.344304 0.577918 0.338702 0.560313 0.336368 0.547924 0.336368 0.514671 0.347572 0.467942 0.357376 0.446642 0.360177 0.442947 0.359244 0.438600 0.355509 0.442512 0.354809 0.444686 0.352241 0.446207 0.342048 0.458524 0.320028 0.477505 0.318394 0.481200 0.319561 0.484460
1 0.376751 0.412954 0.382586 0.407737 0.388189 0.397957 0.398926 0.385134 0.408730 0.376657 0.408263 0.369702 0.406162 0.364269 0.404295 0.354488 0.394024 0.326233 0.391690 0.335579 0.389823 0.365138 0.388655 0.371224 0.382353 0.397088 0.376284 0.407955 0.376050 0.412084 0.376751 0.412954
1 0.000000 0.401217 0.001401 0.401217 0.002334 0.402521 0.014006 0.439470 0.020075 0.462073 0.029178 0.508150 0.033613 0.552923 0.033147 0.571615 0.034080 0.605955 0.035481 0.608998 0.039449 0.611389 0.043184 0.611824 0.049720 0.614214 0.066293 0.616170 0.067694 0.614649 0.067694 0.610737 0.060458 0.578787 0.058824 0.574875 0.053688 0.536188 0.047152 0.506412 0.046919 0.482938 0.045752 0.475331 0.044585 0.449468 0.044585 0.429907 0.045518 0.415562 0.048086 0.403391 0.050887 0.393610 0.055089 0.385351 0.067227 0.367963 0.081699 0.354053 0.088469 0.349707 0.093604 0.345142 0.094071 0.337753 0.092670 0.331667 0.089169 0.321235 0.074463 0.287764 0.070962 0.286025 0.065593 0.288416 0.050420 0.292762 0.043651 0.296023 0.039216 0.299283 0.029412 0.307324 0.021008 0.316670 0.017740 0.321017 0.006069 0.342752 0.001867 0.354705 0.000000 0.355140 0.000000 0.401217
1 0.000000 0.353184 0.001634 0.353184 0.006303 0.339709 0.008637 0.334710 0.015873 0.323843 0.019608 0.314497 0.012138 0.301022 0.001634 0.288850 0.000000 0.288850 0.000000 0.353184
1 0.737862 0.793088 0.742297 0.821561 0.748133 0.847642 0.757937 0.875679 0.764706 0.890024 0.769141 0.895023 0.779412 0.901760 0.789683 0.904151 0.797619 0.904586 0.814192 0.903717 0.827965 0.901326 0.840103 0.896979 0.847572 0.895240 0.876050 0.877853 0.894024 0.861334 0.913399 0.835036 0.922035 0.814171 0.929505 0.782873 0.931373 0.758531 0.931373 0.740709 0.929972 0.736144 0.909897 0.716149 0.896592 0.698978 0.885621 0.679852 0.876517 0.657466 0.869748 0.646164 0.866246 0.642686 0.862745 0.648120 0.862045 0.651163 0.858777 0.654423 0.850140 0.673549 0.840103 0.687459 0.817460 0.708324 0.801821 0.718757 0.785948 0.726364 0.777311 0.727668 0.770308 0.726581 0.756069 0.720061 0.733894 0.703325 0.730626 0.702673 0.727824 0.706151 0.728758 0.713323 0.727124 0.715062 0.725257 0.723756 0.725023 0.748316 0.737862 0.793088
0 0.303221 0.674853 0.302988 0.678765 0.297852 0.691806 0.290616 0.707672 0.282446 0.721365 0.271008 0.735710 0.265406 0.741143 0.263772 0.744621 0.269141 0.818518 0.270542 0.823734 0.270308 0.828081 0.274977 0.859161 0.278245 0.873940 0.282913 0.888502 0.287582 0.897631 0.292017 0.909368 0.296218 0.915236 0.299253 0.923278 0.304155 0.928059 0.307656 0.933493 0.313025 0.939144 0.317927 0.943273 0.321429 0.945012 0.329599 0.947837 0.336368 0.948489 0.342437 0.950228 0.359477 0.950663 0.371148 0.948924 0.376517 0.946751 0.380019 0.947185 0.386555 0.945012 0.401727 0.937622 0.405696 0.934362 0.409197 0.932841 0.423903 0.919583 0.429739 0.916323 0.437442 0.904586 0.443044 0.900456 0.447479 0.891980 0.449580 0.890241 0.454482 0.882852 0.459384 0.873506 0.460551 0.868724 0.464986 0.859161 0.465453 0.855466 0.471055 0.842208 0.475724 0.814388 0.475957 0.808737 0.477358 0.803956 0.478992 0.788307 0.478525 0.751576 0.476891 0.746359 0.470588 0.744838 0.460551 0.744621 0.453081 0.742447 0.446312 0.741578 0.438609 0.738535 0.414099 0.720930 0.400794 0.706151 0.390056 0.689415 0.383754 0.678548 0.381886 0.673549 0.379785 0.671158 0.378852 0.668116 0.376050 0.664421 0.368347 0.643121 0.364846 0.637253 0.351541 0.599000 0.348273 0.594219 0.345472 0.592697 0.343604 0.592697 0.338002 0.594653 0.324463 0.605955 0.318861 0.612693 0.311158 0.650945 0.303221 0.674853
1 0.313959 0.636818 0.311391 0.650728 0.303455 0.675288 0.303455 0.678765 0.288282 0.712236 0.278011 0.727668 0.265406 0.741143 0.263539 0.744838 0.264472 0.763312 0.267740 0.791132 0.268908 0.814388 0.270542 0.823082 0.271242 0.835253 0.278011 0.873071 0.282680 0.887633 0.291783 0.908498 0.295985 0.914584 0.298786 0.921973 0.306956 0.932841 0.317927 0.943273 0.327965 0.947620 0.335434 0.948489 0.343371 0.950880 0.362979 0.950446 0.369981 0.949359 0.377451 0.946968 0.382120 0.946968 0.402428 0.937405 0.405462 0.934797 0.409664 0.933058 0.426937 0.918061 0.429739 0.916540 0.438375 0.904586 0.443277 0.900456 0.454482 0.883069 0.464052 0.862639 0.471289 0.841774 0.477358 0.806564 0.478992 0.791784 0.478992 0.751141 0.477124 0.745490 0.460551 0.744403 0.446078 0.741361 0.438375 0.738318 0.432773 0.735058 0.418301 0.723321 0.413632 0.720496 0.400794 0.706151 0.390056 0.689633 0.378852 0.668333 0.376050 0.664638 0.368347 0.643773 0.364613 0.637035 0.351307 0.598783 0.348506 0.594436 0.345238 0.592480 0.341970 0.592915 0.334967 0.596609 0.324463 0.605955 0.318861 0.612910 0.315593 0.633123 0.313959 0.636818
1 0.487628 0.797218 0.491130 0.828950 0.493464 0.842426 0.499300 0.863073 0.508403 0.886764 0.514239 0.898935 0.521242 0.908933 0.533380 0.919148 0.545518 0.926538 0.554155 0.930233 0.566293 0.933927 0.581699 0.933927 0.595238 0.932189 0.612512 0.928494 0.618114 0.925451 0.625117 0.923930 0.640056 0.916540 0.657796 0.904586 0.669001 0.895240 0.675537 0.887850 0.693044 0.860682 0.700280 0.843295 0.705182 0.827864 0.719888 0.765703 0.722222 0.751576 0.723856 0.731580 0.724790 0.709628 0.723623 0.700935 0.721755 0.696153 0.715453 0.689198 0.707750 0.682460 0.680906 0.654423 0.654528 0.630080 0.652194 0.626603 0.647642 0.623017 0.619281 0.593349 0.613912 0.585525 0.598973 0.567268 0.595238 0.564443 0.591270 0.564443 0.589402 0.566616 0.589169 0.599652 0.589869 0.609867 0.588702 0.623125 0.587068 0.626603 0.583567 0.643990 0.581232 0.650728 0.574230 0.667464 0.568394 0.678765 0.547852 0.705716 0.531279 0.722669 0.524276 0.727885 0.512372 0.734840 0.498366 0.741143 0.485061 0.744621 0.484127 0.748098 0.483660 0.751576 0.487628 0.797218
1 0.016807 0.849381 0.015873 0.860030 0.020775 0.914149 0.024510 0.924799 0.028945 0.943056 0.033147 0.949576 0.036181 0.957183 0.043184 0.968485 0.052288 0.978266 0.063959 0.986090 0.067460 0.987394 0.072829 0.987611 0.076331 0.988698 0.102474 0.988915 0.121148 0.986959 0.126751 0.985873 0.129318 0.983917 0.137255 0.981960 0.155462 0.974571 0.182540 0.958053 0.189076 0.951315 0.194678 0.947185 0.198179 0.941317 0.209384 0.930885 0.218021 0.918496 0.222456 0.913932 0.240196 0.885025 0.246032 0.869594 0.254202 0.841556 0.259570 0.803738 0.261204 0.778961 0.260971 0.764399 0.259337 0.751576 0.254902 0.748968 0.241830 0.756792 0.233660 0.759835 0.220822 0.762226 0.214052 0.762443 0.182073 0.757661 0.167367 0.752662 0.152894 0.745925 0.135387 0.734840 0.119514 0.720496 0.107376 0.706586 0.101541 0.696153 0.095472 0.687894 0.093838 0.683112 0.090803 0.678765 0.087068 0.668116 0.084267 0.664638 0.080532 0.653119 0.077965 0.649424 0.074230 0.651380 0.060691 0.668333 0.051587 0.681156 0.036648 0.706586 0.029645 0.725712 0.027077 0.730493 0.021942 0.747446 0.018908 0.764834 0.016807 0.786133 0.017507 0.799391 0.016807 0.849381
1 0.000000 0.714627 0.001634 0.714627 0.006303 0.707020 0.007236 0.703108 0.015873 0.686155 0.024743 0.658118 0.032913 0.606607 0.033613 0.586612 0.031746 0.536188 0.028011 0.509454 0.015873 0.449468 0.001634 0.404912 0.000000 0.404912 0.000000 0.714627
1 0.000000 0.908715 0.001634 0.908715 0.003735 0.904369 0.003035 0.900239 0.005135 0.899587 0.006303 0.897631 0.008637 0.882852 0.011671 0.873071 0.015406 0.855032 0.017507 0.772441 0.020075 0.751576 0.023343 0.737883 0.026844 0.728755 0.035481 0.707672 0.045051 0.689415 0.047852 0.680070 0.047852 0.675288 0.045752 0.672028 0.045285 0.668333 0.039449 0.657466 0.038282 0.653119 0.031046 0.640730 0.029645 0.639426 0.028711 0.640296 0.026611 0.647468 0.025210 0.657900 0.019841 0.677027 0.013772 0.692241 0.005369 0.708542 0.001867 0.714193 0.000000 0.714410 0.000000 0.908715
1 0.867880 0.574875 0.870915 0.601174 0.868814 0.622473 0.869748 0.640296 0.893791 0.692458 0.904295 0.707020 0.915733 0.720496 0.922736 0.727451 0.928571 0.731580 0.933707 0.738100 0.938609 0.742447 0.953315 0.753097 0.967320 0.760270 0.990430 0.770702 0.999767 0.772006 0.999767 0.532928 0.998133 0.532928 0.989029 0.540535 0.982260 0.544882 0.969188 0.551402 0.956583 0.556183 0.940710 0.558792 0.922891 0.559226 0.908497 0.558140 0.892857 0.555966 0.876517 0.551837 0.862745 0.549663 0.863445 0.557053 0.867880 0.574875
1 0.937675 0.770267 0.946312 0.792002 0.954949 0.817866 0.961485 0.829168 0.965920 0.839383 0.977358 0.856553 0.982260 0.862421 0.986695 0.870246 0.996265 0.880461 0.998133 0.883504 0.999767 0.883504 0.999767 0.772223 0.994631 0.772006 0.988095 0.770050 0.952614 0.752445 0.946078 0.747446 0.938842 0.743534 0.935574 0.742882 0.934407 0.744621 0.934174 0.756140 0.937675 0.770267