1 0.215920 0.230567 0.229225 0.235469 0.246499 0.244398 0.263539 0.257703 0.276844 0.273810 0.287815 0.292017 0.291317 0.304622 0.291783 0.323179 0.291083 0.332983 0.286181 0.359594 0.294118 0.363796 0.300187 0.365021 0.307890 0.365546 0.317694 0.364496 0.325864 0.360819 0.327498 0.359244 0.323296 0.338936 0.322362 0.330357 0.322129 0.295168 0.323763 0.275560 0.329832 0.252976 0.334500 0.244223 0.343604 0.233193 0.359010 0.219188 0.374416 0.210259 0.378852 0.206583 0.377918 0.203081 0.370448 0.195028 0.362278 0.187850 0.346405 0.177346 0.335901 0.171569 0.325864 0.167192 0.309757 0.162815 0.298319 0.160539 0.288515 0.159839 0.276844 0.160014 0.264939 0.162290 0.250233 0.167542 0.239496 0.172969 0.237628 0.175245 0.235061 0.176120 0.228525 0.181022 0.220121 0.189251 0.217320 0.194328 0.214519 0.202906 0.214052 0.224615 0.215920 0.230567
1 0.073529 0.307423 0.077264 0.315826 0.087535 0.334384 0.097106 0.356443 0.102941 0.378676 0.107143 0.408263 0.109010 0.410714 0.112278 0.418417 0.123016 0.426296 0.126517 0.427871 0.134454 0.433298 0.140756 0.434874 0.143557 0.436975 0.148226 0.438200 0.154528 0.441176 0.167834 0.444328 0.195612 0.447304 0.211018 0.446604 0.227358 0.443102 0.238796 0.436800 0.247432 0.429972 0.255369 0.421569 0.269141 0.400910 0.283847 0.357143 0.289449 0.335434 0.290149 0.306898 0.287115 0.293242 0.274743 0.272409 0.262838 0.258228 0.258870 0.254727 0.248366 0.247024 0.233894 0.238620 0.220355 0.233543 0.199346 0.228291 0.185574 0.227066 0.171569 0.226716 0.161064 0.227241 0.143324 0.230392 0.133520 0.233018 0.121849 0.237745 0.110411 0.244048 0.101307 0.251401 0.091737 0.261204 0.083800 0.272759 0.074930 0.293943 0.073529 0.299720 0.073529 0.307423
1 0.000000 0.518382 0.008403 0.517332 0.015173 0.515231 0.019841 0.514706 0.046685 0.502451 0.067227 0.484419 0.095472 0.452556 0.102941 0.432248 0.105275 0.415266 0.104108 0.397234 0.099673 0.369223 0.095472 0.355217 0.081699 0.325455 0.074463 0.313375 0.060458 0.293768 0.051354 0.282213 0.044818 0.276261 0.039449 0.267507 0.035948 0.265406 0.027544 0.256303 0.011905 0.246148 0.008637 0.246324 0.004902 0.249125 0.000000 0.249475 0.000000 0.518382
0 0.014472 0.642857 0.018441 0.654237 0.020775 0.664916 0.028711 0.679272 0.036181 0.690651 0.044351 0.698704 0.056256 0.707983 0.069328 0.714986 0.084967 0.721814 0.107610 0.728992 0.123016 0.732143 0.139122 0.733193 0.148693 0.731618 0.159197 0.728466 0.165733 0.721639 0.171335 0.713410 0.183707 0.700105 0.202614 0.670168 0.223156 0.644083 0.236695 0.624125 0.246265 0.603817 0.248133 0.596113 0.247666 0.589986 0.250934 0.550945 0.252568 0.537640 0.256536 0.522759 0.257236 0.512080 0.253735 0.501926 0.247899 0.490896 0.241363 0.482493 0.225023 0.467787 0.213119 0.459559 0.196312 0.452206 0.178571 0.447479 0.158030 0.444853 0.141457 0.445553 0.125117 0.447479 0.109711 0.450455 0.096872 0.455357 0.091737 0.458333 0.083567 0.467087 0.081699 0.470588 0.077965 0.474265 0.074930 0.478817 0.055089 0.498074 0.050420 0.501401 0.042951 0.512780 0.040149 0.515581 0.036181 0.522409 0.028945 0.539566 0.025444 0.544118 0.022176 0.550420 0.020075 0.559699 0.017507 0.564601 0.011671 0.591211 0.010504 0.605917 0.010037 0.613796 0.014472 0.642857
1 0.254669 0.622724 0.259104 0.636555 0.265640 0.650910 0.272409 0.660714 0.287582 0.678571 0.304388 0.693452 0.313959 0.699930 0.327031 0.707283 0.347806 0.715336 0.359711 0.718838 0.368814 0.719888 0.376984 0.719888 0.383754 0.719188 0.394258 0.716562 0.399160 0.714286 0.408030 0.707633 0.421802 0.690476 0.429505 0.679272 0.435574 0.668592 0.438142 0.661590 0.443744 0.652661 0.455882 0.621849 0.458917 0.616422 0.461718 0.599090 0.462418 0.588761 0.467087 0.567577 0.471055 0.557248 0.470355 0.556197 0.466853 0.554622 0.453315 0.556723 0.432073 0.555497 0.429272 0.554797 0.424837 0.553221 0.421802 0.551120 0.410364 0.541842 0.402894 0.534139 0.394024 0.523985 0.375350 0.490021 0.370682 0.476541 0.367647 0.470413 0.364613 0.459909 0.359944 0.450455 0.355509 0.438550 0.353641 0.431548 0.350840 0.424720 0.348739 0.423144 0.331699 0.425420 0.314426 0.432423 0.300420 0.440476 0.290616 0.450805 0.287115 0.453081 0.281046 0.464811 0.278711 0.467087 0.272409 0.479867 0.262838 0.508578 0.261204 0.517682 0.256769 0.529237 0.254202 0.542192 0.251167 0.573354 0.251167 0.605742 0.254669 0.622724
0 0.346872 0.400560 0.349673 0.411590 0.353641 0.422094 0.355742 0.434874 0.362045 0.449230 0.363912 0.456583 0.367880 0.463410 0.369514 0.471464 0.380019 0.496499 0.385387 0.504552 0.388889 0.512255 0.396592 0.522934 0.397526 0.525735 0.400093 0.527136 0.401261 0.529762 0.407330 0.537290 0.413866 0.543417 0.425537 0.552521 0.432306 0.554447 0.453782 0.555322 0.469888 0.552696 0.478291 0.549545 0.484360 0.548669 0.489963 0.545518 0.501167 0.541317 0.511905 0.535714 0.525444 0.526611 0.534547 0.518908 0.553688 0.499125 0.559290 0.491422 0.564192 0.480392 0.569795 0.472164 0.576331 0.456408 0.584034 0.424020 0.585901 0.405462 0.586368 0.389531 0.583100 0.362745 0.572362 0.335084 0.558824 0.307073 0.553688 0.298319 0.546919 0.289741 0.541550 0.284489 0.533613 0.279237 0.526377 0.276085 0.511905 0.267857 0.499533 0.263480 0.484594 0.261380 0.462418 0.261905 0.448880 0.264531 0.438842 0.268032 0.425070 0.273985 0.419935 0.277486 0.414799 0.279062 0.397759 0.290091 0.380252 0.306898 0.378151 0.310574 0.374883 0.313725 0.372549 0.318277 0.355742 0.342437 0.349907 0.355917 0.346639 0.369573 0.345705 0.384454 0.346872 0.400560
1 0.327031 0.352591 0.328898 0.359594 0.332866 0.367997 0.336835 0.374300 0.342204 0.379377 0.344304 0.377101 0.346405 0.362920 0.348506 0.356268 0.351541 0.348739 0.358077 0.336835 0.377918 0.307773 0.395191 0.290616 0.421102 0.274160 0.440710 0.266106 0.462418 0.260854 0.478992 0.260154 0.488095 0.260679 0.498599 0.262255 0.515873 0.268908 0.522642 0.272234 0.532213 0.278361 0.540149 0.281513 0.543417 0.279412 0.544585 0.273810 0.544585 0.257528 0.542717 0.244923 0.540383 0.237045 0.530812 0.221989 0.526144 0.216211 0.512372 0.206057 0.505836 0.202731 0.497899 0.199230 0.484360 0.195028 0.466853 0.192227 0.450514 0.191702 0.421802 0.194678 0.414799 0.196078 0.411064 0.197654 0.397526 0.200105 0.391923 0.202031 0.365079 0.215686 0.355742 0.222514 0.340336 0.237570 0.330766 0.251751 0.327731 0.258754 0.325163 0.271884 0.323296 0.292367 0.323063 0.327031 0.327031 0.352591
0 0.663866 0.523284 0.663399 0.533613 0.665033 0.539391 0.664099 0.543242 0.666200 0.553746 0.672035 0.567227 0.676004 0.571254 0.681139 0.581933 0.695378 0.595588 0.699346 0.596814 0.707750 0.602416 0.730859 0.610119 0.746965 0.611870 0.754902 0.610819 0.769141 0.610819 0.797386 0.601891 0.809757 0.596289 0.823063 0.588936 0.842437 0.574580 0.854342 0.561975 0.871148 0.540616 0.887021 0.515406 0.894258 0.501576 0.905462 0.475840 0.909897 0.459034 0.915966 0.443978 0.919701 0.425595 0.921569 0.405112 0.923669 0.394083 0.923436 0.350140 0.922035 0.342612 0.921802 0.325805 0.920168 0.314251 0.918534 0.311275 0.917600 0.304097 0.913165 0.293417 0.908030 0.285714 0.894491 0.272584 0.879785 0.264356 0.873483 0.261730 0.862745 0.258578 0.855742 0.257353 0.840103 0.256478 0.813492 0.256478 0.803922 0.257353 0.793884 0.259979 0.789683 0.259804 0.776144 0.265406 0.768207 0.271008 0.759104 0.275910 0.733193 0.296394 0.723389 0.305847 0.719421 0.310574 0.717554 0.314251 0.705415 0.327906 0.699346 0.338936 0.696078 0.342787 0.691410 0.351716 0.689076 0.354342 0.687675 0.359069 0.684874 0.362570 0.679272 0.380077 0.675070 0.389356 0.670401 0.414041 0.670635 0.420203 0.669234 0.432073 0.669701 0.436099 0.668534 0.442227 0.665500 0.487745 0.665500 0.512955 0.663632 0.515581 0.665500 0.518207 0.663866 0.523284
1 0.555089 0.298494 0.561858 0.310049 0.564426 0.317402 0.570495 0.328256 0.578898 0.346989 0.584034 0.361345 0.585668 0.368697 0.587068 0.387255 0.588002 0.389706 0.587535 0.406279 0.585668 0.422094 0.580999 0.445903 0.575630 0.460084 0.575163 0.464111 0.571895 0.470063 0.572362 0.471989 0.581933 0.481443 0.588235 0.486520 0.610411 0.499125 0.642857 0.513831 0.658030 0.516982 0.661298 0.518732 0.662698 0.515406 0.663399 0.509629 0.664332 0.470238 0.665266 0.467787 0.666667 0.453081 0.667134 0.430147 0.671802 0.394958 0.676704 0.377976 0.685341 0.358894 0.690710 0.348739 0.703315 0.329307 0.709851 0.319853 0.717787 0.310574 0.717554 0.307073 0.712418 0.300245 0.706583 0.294643 0.685341 0.279587 0.651027 0.264706 0.623950 0.259104 0.607843 0.258403 0.595238 0.259104 0.584967 0.260854 0.563959 0.268732 0.549020 0.278887 0.545051 0.283789 0.544818 0.286415 0.555089 0.298494
1 0.464052 0.661590 0.468254 0.692752 0.470588 0.697129 0.471755 0.706408 0.476424 0.720588 0.482493 0.734244 0.492063 0.750350 0.498599 0.758403 0.503501 0.766982 0.510271 0.775035 0.517040 0.778361 0.528478 0.787815 0.539683 0.794293 0.545752 0.799195 0.556723 0.806022 0.570728 0.811975 0.583333 0.816001 0.599440 0.819503 0.623716 0.821429 0.637722 0.820028 0.657563 0.813200 0.666200 0.806197 0.682306 0.782738 0.693978 0.753676 0.704248 0.719713 0.707983 0.701856 0.711951 0.690301 0.714519 0.678922 0.716853 0.648109 0.714986 0.626050 0.712185 0.616597 0.711951 0.612745 0.707750 0.605917 0.703782 0.603992 0.691643 0.595063 0.677638 0.580357 0.669234 0.566702 0.666667 0.560924 0.665733 0.556373 0.663165 0.551471 0.661531 0.541667 0.658964 0.537465 0.640523 0.525210 0.612045 0.513655 0.605742 0.511730 0.599440 0.510504 0.584734 0.509454 0.579832 0.508228 0.557190 0.507878 0.549253 0.509454 0.539683 0.515581 0.529178 0.525910 0.517974 0.533964 0.511905 0.536415 0.501634 0.542542 0.483193 0.550070 0.478758 0.553046 0.470822 0.564076 0.465219 0.584559 0.463119 0.598915 0.462185 0.621849 0.464052 0.661590
1 0.170401 0.817052 0.172736 0.821078 0.173203 0.825105 0.176004 0.831583 0.185341 0.846289 0.188142 0.848915 0.189776 0.852241 0.192810 0.855042 0.196078 0.859769 0.203081 0.865196 0.207049 0.867297 0.209150 0.870098 0.212652 0.872549 0.237628 0.884979 0.254669 0.889006 0.274977 0.890931 0.281513 0.893032 0.296919 0.893032 0.311158 0.889006 0.325864 0.881653 0.328198 0.878501 0.332633 0.874825 0.335201 0.869223 0.345472 0.857143 0.356209 0.836485 0.360177 0.831232 0.372316 0.800070 0.377684 0.780287 0.382586 0.769258 0.387488 0.751751 0.387021 0.737745 0.385154 0.723389 0.382820 0.720763 0.372316 0.720763 0.359711 0.719363 0.339869 0.713585 0.324463 0.706583 0.311391 0.698880 0.302054 0.692402 0.297852 0.688025 0.294118 0.685574 0.273576 0.664916 0.261438 0.645658 0.255135 0.632353 0.251634 0.629902 0.234360 0.630952 0.203081 0.672094 0.196779 0.684349 0.192577 0.689076 0.186275 0.700105 0.178105 0.709034 0.172269 0.716912 0.170635 0.734594 0.169001 0.741246 0.166667 0.769258 0.166667 0.800770 0.170401 0.817052
1 0.081698 0.770711 0.082620 0.770711 0.082620 0.770308 0.081698 0.770308 0.081698 0.770711
1 0.000000 0.941702 0.006069 0.943102 0.011671 0.945378 0.015873 0.944853 0.036881 0.947479 0.042017 0.946254 0.047152 0.946429 0.060224 0.943627 0.067460 0.937675 0.071429 0.931022 0.082633 0.917542 0.084734 0.912815 0.092904 0.901085 0.093371 0.899335 0.125350 0.852241 0.158497 0.808123 0.162698 0.800420 0.164799 0.793943 0.164099 0.783789 0.167367 0.730917 0.164799 0.728817 0.161531 0.728641 0.157563 0.730567 0.144258 0.734069 0.133520 0.734419 0.127451 0.733894 0.108543 0.730042 0.083333 0.721639 0.052054 0.706758 0.047619 0.702031 0.042017 0.698179 0.031746 0.686625 0.026844 0.678571 0.024276 0.669818 0.019608 0.664566 0.015640 0.664041 0.010738 0.667017 0.008403 0.669643 0.000000 0.675245 0.000000 0.941702
1 0.389122 0.740021 0.394491 0.762430 0.408964 0.789741 0.411998 0.793417 0.416667 0.802871 0.424136 0.813725 0.432773 0.831408 0.448880 0.859419 0.451447 0.862220 0.458217 0.875175 0.475257 0.901436 0.494398 0.915616 0.498599 0.917367 0.508403 0.919118 0.515640 0.918768 0.527311 0.917367 0.536415 0.914741 0.543651 0.910714 0.546919 0.909664 0.550654 0.906513 0.562558 0.899860 0.568861 0.895308 0.582400 0.883053 0.585901 0.877801 0.588702 0.875175 0.596172 0.864321 0.604108 0.846639 0.608077 0.834734 0.610177 0.824580 0.609244 0.821604 0.606209 0.820553 0.599206 0.819853 0.584500 0.816877 0.570495 0.812325 0.557423 0.806723 0.550187 0.802696 0.535948 0.792367 0.529412 0.788690 0.518207 0.779937 0.510271 0.772584 0.504435 0.764706 0.501634 0.762430 0.499066 0.758403 0.490896 0.749475 0.481793 0.734244 0.475724 0.720763 0.466853 0.688901 0.465686 0.671394 0.463352 0.661765 0.463119 0.652136 0.463819 0.650910 0.463119 0.650560 0.454015 0.650560 0.446078 0.653186 0.444678 0.654412 0.440476 0.660889 0.437208 0.668943 0.431139 0.679272 0.422969 0.690826 0.405696 0.711134 0.399393 0.715336 0.390289 0.719538 0.388889 0.720763 0.388422 0.722689 0.388189 0.731443 0.389122 0.740021
1 0.709150 0.702906 0.707283 0.713761 0.701447 0.734594 0.692577 0.762255 0.689076 0.768382 0.683940 0.782913 0.670168 0.804272 0.665266 0.809699 0.652661 0.817052 0.637955 0.821078 0.633754 0.822829 0.632120 0.824580 0.636088 0.835259 0.638422 0.846464 0.652894 0.873424 0.655696 0.876050 0.663399 0.887605 0.672969 0.898284 0.680906 0.909489 0.692577 0.922269 0.699113 0.926296 0.703081 0.931723 0.709617 0.936625 0.712885 0.938025 0.721989 0.944153 0.731326 0.948529 0.737628 0.950105 0.742297 0.950280 0.751867 0.954482 0.758403 0.955707 0.763772 0.955357 0.768908 0.953782 0.772409 0.951506 0.775444 0.951331 0.778245 0.952556 0.779412 0.954657 0.780812 0.951331 0.783147 0.949230 0.794118 0.942402 0.807190 0.930497 0.815359 0.917892 0.817927 0.915616 0.824930 0.904237 0.839169 0.873599 0.848739 0.848039 0.856443 0.824755 0.859477 0.807248 0.856443 0.803746 0.851774 0.801821 0.839869 0.793067 0.827731 0.786590 0.819795 0.781338 0.795985 0.759804 0.787582 0.750000 0.771942 0.724790 0.761671 0.692752 0.760504 0.682598 0.756536 0.676646 0.756069 0.672094 0.752334 0.664916 0.724556 0.660014 0.720822 0.660189 0.718954 0.661239 0.713352 0.692227 0.709150 0.702906
1 0.118114 0.880427 0.120915 0.886905 0.133754 0.907388 0.137255 0.910714 0.152894 0.931197 0.156162 0.934174 0.165266 0.945728 0.192577 0.973915 0.201914 0.979867 0.212418 0.988620 0.216620 0.990371 0.223856 0.996148 0.228525 0.997899 0.228992 0.999825 0.288749 0.999825 0.289216 0.997899 0.296452 0.994923 0.308357 0.985819 0.321195 0.971639 0.330299 0.957983 0.334034 0.950105 0.338936 0.935924 0.341737 0.922094 0.342437 0.903536 0.340803 0.890231 0.337068 0.883578 0.331699 0.881127 0.327965 0.880777 0.316760 0.887255 0.305789 0.891282 0.300420 0.892682 0.286181 0.893908 0.272176 0.891632 0.261204 0.890756 0.246265 0.887780 0.241130 0.885679 0.237628 0.885329 0.227358 0.880952 0.210084 0.871499 0.207283 0.868697 0.200747 0.864846 0.194678 0.859944 0.190009 0.854692 0.170635 0.824580 0.166900 0.810749 0.166900 0.807423 0.164799 0.804447 0.161298 0.805672 0.157096 0.813200 0.147759 0.823880 0.141923 0.833683 0.125117 0.854517 0.117414 0.866246 0.115780 0.870273 0.118114 0.880427
1 0.000000 0.999825 0.077264 0.999825 0.096639 0.981968 0.110644 0.964811 0.119514 0.949755 0.127918 0.927871 0.131419 0.911415 0.131653 0.907563 0.130486 0.904412 0.128151 0.902136 0.121382 0.891282 0.117647 0.884454 0.116246 0.879027 0.114146 0.875000 0.112745 0.873074 0.111811 0.873424 0.109244 0.875175 0.101774 0.886029 0.091036 0.904237 0.089869 0.907738 0.074697 0.928746 0.071662 0.934174 0.060458 0.944503 0.046919 0.948004 0.028945 0.948354 0.019374 0.946954 0.002101 0.942227 0.000000 0.942227 0.000000 0.999825
1 0.016573 0.230217 0.031513 0.246674 0.040616 0.261555 0.042017 0.267857 0.046685 0.276085 0.070962 0.304972 0.079365 0.280112 0.083333 0.272059 0.094304 0.257178 0.106209 0.246674 0.111811 0.242647 0.126517 0.234944 0.140756 0.230217 0.148226 0.228466 0.169001 0.225665 0.180439 0.225315 0.187908 0.224265 0.190476 0.222164 0.191176 0.217087 0.189776 0.207108 0.186275 0.199580 0.178805 0.189251 0.171569 0.182073 0.159664 0.174720 0.143324 0.168242 0.136555 0.166317 0.116480 0.163515 0.091270 0.164916 0.077965 0.167717 0.068161 0.171394 0.064192 0.171919 0.049953 0.177346 0.032913 0.187150 0.022642 0.194503 0.013772 0.203431 0.012605 0.206232 0.008637 0.210609 0.006303 0.216036 0.007236 0.223739 0.016573 0.230217
1 0.000000 0.241071 0.001634 0.241071 0.007236 0.243347 0.016573 0.248424 0.032913 0.260854 0.035014 0.264356 0.039916 0.269608 0.040850 0.267857 0.040149 0.262080 0.031279 0.247374 0.019141 0.233718 0.006303 0.224440 0.005369 0.222689 0.001867 0.220763 0.000000 0.220763 0.000000 0.241071
1 0.337768 0.880077 0.343604 0.890581 0.349440 0.896008 0.354342 0.903011 0.364379 0.913340 0.368347 0.918768 0.396359 0.948704 0.401261 0.952206 0.409897 0.960259 0.428571 0.974090 0.446078 0.983193 0.463119 0.989321 0.483660 0.993347 0.498133 0.994223 0.519374 0.992822 0.531279 0.989146 0.543184 0.986520 0.553922 0.981968 0.567460 0.973389 0.573063 0.968312 0.576097 0.963235 0.577965 0.956758 0.576331 0.934524 0.572596 0.917017 0.567927 0.906338 0.565126 0.904412 0.560458 0.902661 0.536415 0.915441 0.529412 0.918067 0.525677 0.918067 0.515873 0.920168 0.511204 0.920168 0.501867 0.918943 0.494865 0.916141 0.489029 0.911415 0.478914 0.905054 0.472923 0.898459 0.456116 0.872899 0.453081 0.866422 0.444211 0.852416 0.436041 0.834909 0.431606 0.830182 0.422269 0.813375 0.419701 0.810749 0.418768 0.807248 0.406396 0.786415 0.404528 0.784489 0.397526 0.771183 0.395658 0.769258 0.393791 0.763655 0.390289 0.762955 0.387021 0.764006 0.383520 0.770133 0.378618 0.783088 0.372549 0.804097 0.358777 0.837710 0.355742 0.841912 0.352941 0.849440 0.348739 0.853641 0.340103 0.867122 0.337768 0.869398 0.334967 0.875700 0.334734 0.876751 0.337768 0.880077
1 0.343838 0.175070 0.362979 0.188025 0.375117 0.198880 0.379785 0.204482 0.382820 0.205707 0.386788 0.204832 0.397292 0.200280 0.419234 0.195203 0.449346 0.191527 0.467087 0.191702 0.469188 0.191176 0.470822 0.189251 0.453081 0.173144 0.440009 0.164741 0.428805 0.160189 0.419001 0.157038 0.411531 0.155462 0.392857 0.153887 0.382820 0.154062 0.373716 0.155462 0.359244 0.159839 0.349440 0.165966 0.343838 0.168067 0.341970 0.170343 0.341503 0.171919 0.343838 0.175070
1 0.530812 0.220413 0.541317 0.238270 0.544818 0.251576 0.545518 0.257878 0.545752 0.269301 0.543417 0.279587 0.546685 0.279587 0.564659 0.267332 0.589869 0.259454 0.598739 0.258228 0.613912 0.257703 0.629785 0.258929 0.640523 0.262080 0.647526 0.262430 0.648226 0.261905 0.648459 0.258578 0.644958 0.250175 0.636788 0.237045 0.630719 0.229167 0.623950 0.222339 0.616013 0.216036 0.604809 0.209034 0.595938 0.204482 0.585668 0.200805 0.578198 0.199055 0.564192 0.196779 0.552754 0.196429 0.539449 0.198354 0.527311 0.201331 0.522876 0.203081 0.518441 0.206232 0.519141 0.209909 0.530812 0.220413
1 0.648693 0.234419 0.650327 0.240371 0.650327 0.244573 0.654762 0.262080 0.660831 0.267157 0.672035 0.271534 0.692110 0.282213 0.699580 0.286940 0.706816 0.293242 0.714986 0.298144 0.720355 0.303046 0.726891 0.299545 0.734672 0.292484 0.755836 0.276436 0.778245 0.261905 0.779412 0.245273 0.783847 0.230392 0.785481 0.227241 0.809290 0.195903 0.809524 0.181373 0.807890 0.170168 0.805089 0.161239 0.800654 0.152311 0.796919 0.147059 0.787348 0.139356 0.782913 0.136730 0.771942 0.132353 0.761204 0.129727 0.748366 0.127801 0.740663 0.127801 0.734127 0.128326 0.711951 0.133578 0.702848 0.137080 0.689309 0.143908 0.675303 0.154412 0.667600 0.161415 0.662698 0.167017 0.657563 0.175595 0.654762 0.187150 0.649160 0.199580 0.648693 0.202381 0.647526 0.212535 0.648693 0.234419
1 0.782913 0.260504 0.789916 0.257703 0.796919 0.251401 0.808590 0.244573 0.813259 0.242997 0.820261 0.238971 0.829832 0.235994 0.851774 0.233368 0.866480 0.233718 0.879318 0.235294 0.901494 0.244048 0.909897 0.248775 0.917134 0.254027 0.931139 0.267682 0.943277 0.285189 0.949580 0.296744 0.953081 0.296218 0.961718 0.280637 0.963352 0.279412 0.970121 0.269083 0.971055 0.265756 0.970355 0.250700 0.967787 0.237920 0.964286 0.230042 0.957283 0.217962 0.947246 0.205532 0.935341 0.196254 0.913399 0.185224 0.901727 0.181197 0.885154 0.178221 0.873249 0.177521 0.865546 0.177871 0.846872 0.181022 0.834267 0.184874 0.818161 0.193102 0.800187 0.207983 0.796685 0.214286 0.791083 0.221464 0.788049 0.223915 0.782213 0.237395 0.780112 0.247549 0.780112 0.258754 0.782913 0.260504
1 0.795985 0.257703 0.803455 0.256303 0.826097 0.255427 0.849206 0.256478 0.858777 0.258228 0.866246 0.258754 0.871615 0.260329 0.888189 0.268207 0.897526 0.274860 0.906629 0.283789 0.912232 0.291492 0.919701 0.307073 0.923203 0.323880 0.924603 0.384104 0.922502 0.412465 0.918067 0.442402 0.918301 0.445028 0.921802 0.445903 0.925537 0.442577 0.926937 0.439076 0.933007 0.412465 0.939309 0.397234 0.951681 0.374650 0.959617 0.366071 0.964052 0.359419 0.964052 0.355567 0.962885 0.352591 0.963352 0.348389 0.955182 0.314251 0.950514 0.300070 0.938609 0.278536 0.928805 0.265406 0.921802 0.258053 0.912698 0.250700 0.901494 0.243697 0.886788 0.238095 0.876984 0.235294 0.866480 0.233894 0.852941 0.233543 0.845472 0.233543 0.842670 0.234419 0.834734 0.234769 0.820728 0.239496 0.800187 0.249825 0.794818 0.254377 0.794351 0.256478 0.795985 0.257703
1 0.760971 0.675420 0.763539 0.692052 0.766807 0.705357 0.771942 0.720588 0.778945 0.734594 0.786648 0.746148 0.791317 0.751050 0.793417 0.755077 0.795752 0.757178 0.799020 0.762255 0.804155 0.764881 0.809057 0.770133 0.827264 0.784489 0.830766 0.785889 0.835201 0.789741 0.840103 0.791667 0.848739 0.798144 0.858777 0.802521 0.862512 0.805847 0.869748 0.810049 0.887255 0.816527 0.897292 0.818452 0.911298 0.818277 0.920168 0.815651 0.935574 0.808473 0.959617 0.791492 0.976657 0.777311 0.999767 0.753326 0.999767 0.557248 0.997666 0.556898 0.991130 0.550420 0.975724 0.538340 0.949813 0.522759 0.940476 0.519783 0.930439 0.513655 0.921335 0.509454 0.907563 0.505777 0.897059 0.504552 0.894024 0.506127 0.892624 0.508053 0.891223 0.512255 0.883520 0.523459 0.879085 0.532738 0.876050 0.536064 0.868347 0.548319 0.862979 0.554972 0.858310 0.557248 0.857143 0.561450 0.844538 0.574580 0.824930 0.589986 0.813959 0.595063 0.806956 0.599965 0.797619 0.603466 0.772642 0.610819 0.768207 0.613095 0.766573 0.618347 0.765173 0.634629 0.762838 0.644258 0.761204 0.658263 0.762138 0.665441 0.760971 0.675420
1 0.932773 0.456583 0.945378 0.485294 0.958917 0.505427 0.963819 0.509279 0.966153 0.513130 0.982026 0.529412 0.993931 0.537990 0.998133 0.542367 0.999767 0.542367 0.999767 0.334384 0.998133 0.334384 0.994631 0.336310 0.984127 0.343838 0.966853 0.359244 0.955415 0.372724 0.946078 0.387080 0.935574 0.410189 0.932540 0.422444 0.930906 0.435574 0.930672 0.444153 0.932773 0.456583
1 0.891499 0.912791 0.891690 0.912791 0.891690 0.912114 0.891499 0.912114 0.891499 0.912791
1 0.814659 0.932073 0.832633 0.946078 0.842204 0.952206 0.852474 0.960084 0.861578 0.964111 0.874183 0.973564 0.883053 0.976891 0.890056 0.982493 0.900093 0.988445 0.910831 0.991246 0.919234 0.995973 0.928571 0.997899 0.929038 0.999825 0.999767 0.999825 0.999767 0.902311 0.965920 0.873249 0.931839 0.838235 0.917134 0.819853 0.913399 0.819153 0.905929 0.819853 0.897292 0.819678 0.890289 0.818452 0.866013 0.809874 0.862979 0.808999 0.862278 0.809349 0.859944 0.814251 0.860177 0.817752 0.854342 0.837010 0.846872 0.855742 0.846172 0.859419 0.833567 0.889531 0.819561 0.915966 0.816993 0.918242 0.812792 0.925245 0.812558 0.929097 0.814659 0.932073
1 0.967087 0.786239 0.941643 0.803746 0.934174 0.809699 0.920635 0.816527 0.919234 0.817577 0.919234 0.818627 0.919468 0.820903 0.925303 0.829132 0.963119 0.870098 0.981559 0.888305 0.990896 0.895308 0.998133 0.899685 0.999767 0.899685 0.999767 0.756127 0.997899 0.756303 0.986228 0.769083 0.967087 0.786239
1 0.597339 0.864671 0.586134 0.880602 0.568627 0.897409 0.569094 0.901085 0.573763 0.908613 0.579832 0.913866 0.584500 0.919293 0.606909 0.938375 0.615079 0.946954 0.630019 0.960084 0.648226 0.974265 0.658030 0.980742 0.663399 0.982843 0.668301 0.985994 0.700047 0.999825 0.731326 0.999825 0.731559 0.998074 0.741597 0.994923 0.748133 0.991246 0.755135 0.986870 0.766106 0.978116 0.777544 0.963410 0.781279 0.953606 0.780579 0.951506 0.779178 0.950805 0.773576 0.952206 0.762605 0.956933 0.751634 0.955182 0.748133 0.953431 0.743931 0.953081 0.743231 0.950980 0.742063 0.950455 0.732960 0.949405 0.720355 0.943627 0.707049 0.935224 0.698646 0.927871 0.695845 0.926296 0.693277 0.922619 0.688842 0.919293 0.680439 0.909839 0.671802 0.897934 0.659664 0.884454 0.651727 0.872899 0.640056 0.852416 0.637021 0.844713 0.634921 0.836134 0.630486 0.825280 0.623249 0.823004 0.612745 0.823529 0.612278 0.824230 0.607843 0.840336 0.597339 0.864671
1 0.718254 0.654587 0.720355 0.657913 0.727591 0.657738 0.746032 0.652136 0.754902 0.647934 0.759804 0.644433 0.761905 0.640756 0.763539 0.633754 0.765173 0.615546 0.764239 0.613445 0.762138 0.612395 0.737162 0.612045 0.730392 0.611169 0.717087 0.607843 0.713119 0.608543 0.718021 0.642857 0.718254 0.654587
1 0.834734 0.182773 0.839169 0.182248 0.845238 0.180322 0.865546 0.176996 0.887955 0.177696 0.896825 0.179447 0.910131 0.183648 0.933473 0.194678 0.947712 0.205707 0.961951 0.224265 0.969421 0.240896 0.970822 0.247724 0.971522 0.261730 0.973389 0.264706 0.977358 0.263480 0.979692 0.260504 0.984127 0.258228 0.990196 0.253326 0.997899 0.249650 0.999767 0.249650 0.999767 0.179097 0.986461 0.168067 0.976424 0.161239 0.956349 0.151085 0.932773 0.142682 0.918534 0.139531 0.903828 0.138305 0.890289 0.138831 0.883754 0.140056 0.869514 0.143908 0.859244 0.150735 0.852708 0.154062 0.841270 0.164041 0.838235 0.167892 0.833567 0.176471 0.833333 0.180847 0.834734 0.182773
1 0.960317 0.328957 0.965920 0.352941 0.967320 0.355742 0.970355 0.355042 0.982493 0.344188 0.993931 0.335784 0.999767 0.332983 0.999767 0.250700 0.997899 0.250700 0.994631 0.252276 0.984827 0.258228 0.972222 0.268382 0.959617 0.286590 0.954715 0.296569 0.952614 0.304097 0.960317 0.328957
1 0.193744 0.223915 0.198179 0.226541 0.206816 0.228992 0.213352 0.229867 0.214519 0.227416 0.214519 0.209909 0.216387 0.198354 0.219888 0.190651 0.224556 0.186099 0.226891 0.181898 0.223623 0.181022 0.209617 0.185224 0.190243 0.198529 0.189309 0.200105 0.193744 0.223915
1 0.000000 0.203606 0.001867 0.203782 0.005135 0.209559 0.008637 0.209909 0.014706 0.202206 0.025910 0.191877 0.038282 0.183648 0.049486 0.177346 0.081232 0.166492 0.091970 0.164741 0.088702 0.161239 0.074697 0.159314 0.061391 0.158789 0.046452 0.160889 0.036181 0.164041 0.026144 0.168242 0.017274 0.174720 0.004902 0.187850 0.001867 0.194678 0.000000 0.194853 0.000000 0.203606
1 0.000000 0.672444 0.001634 0.672444 0.003268 0.670343 0.008637 0.667017 0.014239 0.661765 0.016807 0.657913 0.016340 0.650910 0.013305 0.641807 0.011204 0.626926 0.010037 0.608268 0.010271 0.594188 0.013305 0.576856 0.017040 0.563025 0.023576 0.545518 0.031513 0.529412 0.033147 0.522759 0.029178 0.514356 0.025910 0.513305 0.023343 0.513831 0.005135 0.519608 0.000000 0.519608 0.000000 0.672444