0 0.419701 0.446078 0.426937 0.477066 0.433940 0.494573 0.438375 0.504202 0.450980 0.523459 0.455415 0.531863 0.478758 0.558298 0.503735 0.577381 0.539916 0.598739 0.558590 0.608368 0.567694 0.611169 0.572362 0.611169 0.576797 0.612045 0.585901 0.611520 0.591503 0.612570 0.605976 0.612920 0.619514 0.611695 0.624183 0.610294 0.630252 0.606092 0.634921 0.598214 0.637021 0.578606 0.636555 0.564076 0.631419 0.537990 0.630019 0.522059 0.627218 0.504377 0.620215 0.480742 0.607376 0.445553 0.594771 0.425420 0.588469 0.418067 0.566293 0.397759 0.540149 0.381303 0.527077 0.376751 0.515173 0.373775 0.498366 0.371148 0.480392 0.372199 0.465219 0.375350 0.443744 0.385329 0.437442 0.391807 0.428805 0.398985 0.422736 0.409314 0.419701 0.417542 0.418768 0.425245 0.419701 0.446078
0 0.677638 0.567577 0.679972 0.571954 0.681373 0.577731 0.681839 0.588936 0.683707 0.599090 0.687908 0.612745 0.697012 0.636730 0.701447 0.644783 0.702848 0.651261 0.716387 0.684174 0.723156 0.693102 0.727591 0.696779 0.730159 0.700105 0.734127 0.702381 0.744631 0.706232 0.751401 0.707808 0.760271 0.708333 0.772409 0.707458 0.779645 0.705007 0.796685 0.696604 0.804388 0.691702 0.807423 0.688025 0.810924 0.687150 0.816060 0.682248 0.820028 0.681548 0.821895 0.680497 0.830065 0.671043 0.835201 0.667017 0.840103 0.660189 0.847572 0.651961 0.861811 0.629727 0.869281 0.609769 0.872316 0.598915 0.874883 0.584909 0.875350 0.568277 0.874650 0.549720 0.871849 0.529937 0.864846 0.508578 0.860644 0.500525 0.853408 0.491246 0.839869 0.479517 0.835434 0.476366 0.824697 0.471113 0.806489 0.465511 0.793184 0.464111 0.785948 0.464461 0.775910 0.467787 0.756069 0.476541 0.716387 0.491246 0.705882 0.498074 0.702848 0.502626 0.697012 0.508228 0.686275 0.522584 0.680672 0.536415 0.677638 0.550245 0.677638 0.567577
0 0.786181 0.415091 0.788749 0.419818 0.792017 0.429972 0.795985 0.437325 0.803455 0.446254 0.812792 0.453256 0.827264 0.467787 0.842670 0.477241 0.857376 0.481618 0.866246 0.483368 0.889589 0.484069 0.897292 0.483543 0.909197 0.481443 0.915266 0.481268 0.921802 0.479517 0.923903 0.477941 0.936275 0.465336 0.939542 0.460084 0.943511 0.456583 0.953081 0.442927 0.957283 0.435399 0.958683 0.432248 0.960551 0.421394 0.961718 0.396884 0.961018 0.387255 0.957049 0.376050 0.943044 0.349440 0.928805 0.335084 0.925537 0.333333 0.920401 0.328081 0.901261 0.319853 0.883987 0.317402 0.869048 0.317752 0.851074 0.319853 0.827965 0.326506 0.804388 0.341912 0.795985 0.355742 0.795285 0.359419 0.786181 0.372724 0.785247 0.384804 0.785014 0.400560 0.786181 0.415091
0 0.000000 0.522234 0.001867 0.522409 0.003735 0.525560 0.008403 0.528011 0.019841 0.531688 0.026377 0.535364 0.034781 0.536765 0.047386 0.536940 0.067694 0.535364 0.088002 0.532213 0.095472 0.529937 0.105275 0.528536 0.113912 0.525035 0.119514 0.521359 0.130019 0.517507 0.136321 0.514006 0.141690 0.512430 0.144958 0.510329 0.150560 0.509279 0.153361 0.507703 0.157796 0.506653 0.162465 0.503151 0.171569 0.498599 0.175303 0.494573 0.178805 0.494223 0.182073 0.492297 0.196078 0.481268 0.203782 0.477416 0.206349 0.474965 0.209851 0.473214 0.221289 0.464986 0.227358 0.459559 0.249300 0.430672 0.259337 0.415791 0.264939 0.404762 0.268207 0.391807 0.268207 0.383228 0.266340 0.373249 0.262372 0.366597 0.259570 0.359419 0.254669 0.352766 0.249533 0.348214 0.244631 0.345588 0.241130 0.341912 0.237862 0.340336 0.233660 0.339986 0.227358 0.336310 0.210084 0.332283 0.196545 0.327031 0.181606 0.324930 0.161298 0.323529 0.147292 0.325630 0.119748 0.333333 0.105509 0.338585 0.095472 0.343137 0.087535 0.348039 0.070028 0.361520 0.037115 0.389706 0.030112 0.397409 0.023343 0.407738 0.019841 0.411590 0.006536 0.442402 0.002334 0.457108 0.000000 0.460084 0.000000 0.522234
0 0.304388 0.932423 0.309057 0.941352 0.313959 0.948004 0.324930 0.954482 0.329365 0.958683 0.342670 0.963585 0.353641 0.965861 0.358543 0.967787 0.362979 0.970588 0.375350 0.973389 0.383287 0.976015 0.387488 0.976190 0.390289 0.977241 0.395191 0.976891 0.404528 0.978817 0.412932 0.978992 0.421569 0.981268 0.435341 0.983543 0.443277 0.985994 0.469888 0.990371 0.477824 0.990896 0.491130 0.993697 0.510504 0.995273 0.521942 0.997024 0.541083 0.997724 0.543184 0.999825 0.601307 0.999825 0.604575 0.997724 0.623249 0.996499 0.628618 0.994573 0.637255 0.993522 0.651727 0.986870 0.664799 0.974615 0.669001 0.971989 0.677871 0.959909 0.681139 0.946604 0.680906 0.932073 0.679038 0.924370 0.676237 0.918417 0.671335 0.911415 0.665033 0.905637 0.659197 0.902311 0.650794 0.893732 0.646825 0.891982 0.644024 0.889706 0.610411 0.875525 0.595005 0.870273 0.592204 0.870098 0.588702 0.868522 0.567460 0.863095 0.563959 0.862920 0.558123 0.860819 0.542717 0.859244 0.532913 0.857318 0.504902 0.855917 0.480859 0.856968 0.447012 0.860469 0.438842 0.860644 0.426004 0.863270 0.421802 0.863445 0.414099 0.865546 0.397292 0.867997 0.373016 0.873424 0.366480 0.874300 0.341737 0.882178 0.316993 0.896709 0.312092 0.900035 0.307190 0.904762 0.303688 0.910714 0.302521 0.914741 0.302288 0.921218 0.304388 0.932423
0 0.647526 0.240196 0.652894 0.243522 0.669234 0.249125 0.684174 0.250875 0.703081 0.250875 0.738796 0.250000 0.758637 0.248775 0.769141 0.247374 0.776144 0.242472 0.780112 0.238620 0.793417 0.231443 0.831933 0.218838 0.841503 0.218137 0.847339 0.215511 0.859244 0.214811 0.872782 0.212710 0.893791 0.210609 0.910598 0.207983 0.921802 0.205357 0.934641 0.200630 0.958917 0.187150 0.971989 0.176296 0.978758 0.167717 0.984827 0.154762 0.982726 0.141282 0.980626 0.135679 0.980859 0.115896 0.979458 0.112745 0.973856 0.106793 0.964986 0.103116 0.957983 0.097339 0.940009 0.093137 0.935574 0.091036 0.932073 0.091211 0.920168 0.089636 0.890056 0.089986 0.887255 0.089286 0.862979 0.091737 0.845938 0.095588 0.834500 0.097164 0.789916 0.110819 0.774743 0.118697 0.768441 0.124300 0.755602 0.132528 0.731326 0.145483 0.721522 0.151786 0.715920 0.154237 0.696779 0.165966 0.688609 0.169818 0.679505 0.175245 0.670868 0.181548 0.658030 0.196429 0.652661 0.206057 0.650560 0.212185 0.647292 0.215686 0.646359 0.219363 0.643557 0.223915 0.643324 0.234594 0.647526 0.240196
1 0.712652 0.000000 0.696545 0.006127 0.689076 0.007703 0.679272 0.008228 0.675537 0.009279 0.667834 0.009279 0.658030 0.011905 0.654762 0.016106 0.650794 0.016457 0.647292 0.019258 0.643091 0.020658 0.640990 0.022234 0.637021 0.021534 0.630719 0.023810 0.630252 0.024685 0.609244 0.028536 0.609244 0.029587 0.605742 0.031688 0.597806 0.034664 0.594771 0.034489 0.592204 0.035539 0.588469 0.035364 0.586601 0.039041 0.581699 0.041317 0.574463 0.042017 0.573763 0.043242 0.566993 0.047619 0.546919 0.056548 0.531746 0.064601 0.520075 0.072829 0.515173 0.075805 0.511438 0.077031 0.497432 0.088761 0.491597 0.097864 0.489029 0.110119 0.485061 0.138130 0.478758 0.164566 0.478992 0.171919 0.484827 0.179797 0.503735 0.194328 0.507470 0.196429 0.519141 0.201155 0.536181 0.205707 0.550420 0.207633 0.559524 0.206408 0.574697 0.205707 0.602941 0.201506 0.609711 0.198880 0.626984 0.196078 0.630952 0.194503 0.638422 0.193102 0.656629 0.186975 0.669468 0.180147 0.681373 0.171744 0.699346 0.161239 0.717087 0.152311 0.725957 0.146709 0.741363 0.139181 0.755135 0.131127 0.771475 0.119048 0.788749 0.109244 0.795518 0.103817 0.809991 0.089636 0.821429 0.072829 0.824463 0.058123 0.822362 0.039566 0.811625 0.021534 0.795752 0.008403 0.782913 0.002801 0.779178 0.001926 0.778711 0.000000 0.712652 0.000000
1 0.468954 0.212535 0.470588 0.213410 0.471289 0.216737 0.474090 0.220063 0.475656 0.221796 0.478999 0.224075 0.479458 0.225315 0.485528 0.224965 0.497899 0.225665 0.506069 0.226891 0.517040 0.230567 0.520308 0.232143 0.523343 0.234769 0.529178 0.236870 0.537115 0.244223 0.545518 0.254727 0.549486 0.264531 0.550420 0.269783 0.553688 0.273284 0.555322 0.273284 0.570028 0.270483 0.577498 0.267682 0.616246 0.237570 0.621382 0.230392 0.623950 0.225140 0.626050 0.216912 0.628151 0.215161 0.630719 0.210784 0.631886 0.206933 0.631886 0.202031 0.633754 0.199580 0.632120 0.198004 0.629785 0.197304 0.626984 0.198179 0.612512 0.199405 0.602941 0.202906 0.598739 0.202906 0.595472 0.204132 0.588235 0.204307 0.575163 0.206758 0.551120 0.207983 0.543184 0.207633 0.525210 0.203606 0.507470 0.197304 0.497666 0.191527 0.493697 0.187675 0.487395 0.183648 0.481092 0.176646 0.477358 0.175070 0.471522 0.193277 0.466853 0.203606 0.466387 0.207983 0.468954 0.212535
1 0.376284 0.331408 0.380019 0.341387 0.386088 0.352766 0.390523 0.357843 0.395425 0.361520 0.397526 0.364846 0.400794 0.365196 0.404528 0.367122 0.414566 0.370098 0.431839 0.373424 0.438375 0.372199 0.456816 0.371499 0.460551 0.369923 0.473856 0.367297 0.479692 0.362920 0.488329 0.360994 0.491597 0.358018 0.518674 0.342262 0.527311 0.334209 0.538749 0.319328 0.543417 0.310749 0.547386 0.300420 0.549953 0.289391 0.549720 0.271709 0.546685 0.258929 0.538049 0.246849 0.530579 0.239321 0.522642 0.233894 0.515640 0.231968 0.512138 0.229167 0.502801 0.225840 0.488562 0.225490 0.474556 0.226366 0.456349 0.230567 0.453315 0.231968 0.449113 0.235469 0.441410 0.248775 0.430205 0.262430 0.422736 0.269608 0.409197 0.280812 0.397993 0.288340 0.380019 0.297094 0.378385 0.299545 0.376517 0.306723 0.375350 0.316527 0.375117 0.324580 0.376284 0.331408
1 0.596172 0.300945 0.598039 0.310924 0.600373 0.314426 0.601307 0.318627 0.608543 0.334909 0.612979 0.340511 0.619514 0.343137 0.623716 0.343312 0.644958 0.346989 0.654295 0.349965 0.658497 0.350140 0.661765 0.351541 0.664099 0.351716 0.674370 0.356092 0.681839 0.358368 0.690243 0.362745 0.722689 0.374650 0.734594 0.377626 0.741130 0.377626 0.744631 0.379377 0.758403 0.379377 0.774977 0.374825 0.783380 0.371674 0.786415 0.368522 0.788515 0.362745 0.801821 0.342262 0.808824 0.336485 0.813492 0.334034 0.821429 0.328081 0.824463 0.324580 0.825163 0.314776 0.824463 0.307073 0.820728 0.303571 0.817927 0.302696 0.796919 0.291492 0.774510 0.275910 0.765873 0.262255 0.765406 0.251401 0.764472 0.250000 0.762372 0.249125 0.738562 0.250875 0.721055 0.250875 0.690009 0.252451 0.674837 0.251225 0.665500 0.249650 0.652894 0.245098 0.645425 0.240371 0.640523 0.234419 0.637021 0.233543 0.633520 0.234419 0.628385 0.237220 0.624183 0.242297 0.613445 0.251401 0.610177 0.256127 0.605509 0.260329 0.599206 0.272584 0.596405 0.285889 0.595705 0.293067 0.596172 0.300945
1 0.511905 0.372024 0.523810 0.375350 0.536181 0.380602 0.539916 0.381127 0.541550 0.382178 0.543417 0.385329 0.554855 0.389356 0.556022 0.390756 0.560458 0.392507 0.566760 0.397059 0.573529 0.404412 0.577498 0.407038 0.581466 0.411415 0.590103 0.418242 0.596639 0.425770 0.598506 0.429797 0.600840 0.431898 0.608310 0.444503 0.614613 0.459209 0.619981 0.477066 0.622316 0.480742 0.624183 0.482318 0.630952 0.483543 0.637021 0.486169 0.643791 0.486870 0.647759 0.488445 0.661298 0.491246 0.667600 0.491772 0.678805 0.491422 0.681139 0.491947 0.696078 0.491246 0.699580 0.489146 0.707750 0.489496 0.726657 0.486520 0.764239 0.471289 0.780579 0.463761 0.789916 0.457283 0.793651 0.451155 0.795051 0.446604 0.794351 0.439076 0.784080 0.418067 0.780812 0.414916 0.775910 0.407038 0.761905 0.395483 0.750700 0.388655 0.721289 0.375700 0.681839 0.360469 0.679038 0.360119 0.671102 0.357318 0.665033 0.353992 0.656162 0.352416 0.650794 0.349440 0.637722 0.346464 0.616013 0.343662 0.602941 0.344013 0.591970 0.342787 0.588702 0.341737 0.581232 0.341737 0.578198 0.342437 0.571195 0.342087 0.550887 0.344713 0.536181 0.344188 0.529412 0.346113 0.515873 0.351716 0.499300 0.361870 0.495565 0.366071 0.495331 0.369748 0.511905 0.372024
1 0.958917 0.434174 0.950047 0.450105 0.934407 0.470413 0.930439 0.477416 0.932306 0.479692 0.938842 0.482493 0.962418 0.489321 0.973389 0.493522 0.988095 0.502626 0.996265 0.508929 0.998133 0.511204 0.999767 0.511204 0.999767 0.386029 0.991597 0.384979 0.984827 0.385679 0.970121 0.384979 0.966387 0.385679 0.964052 0.387080 0.962885 0.414916 0.958917 0.434174
1 0.872782 0.525910 0.872782 0.530287 0.874883 0.538866 0.876984 0.563725 0.876751 0.577031 0.874416 0.595238 0.870215 0.609244 0.869981 0.612745 0.863445 0.629902 0.864146 0.633578 0.869048 0.639881 0.883520 0.650385 0.890289 0.653711 0.893713 0.656279 0.904295 0.667017 0.911298 0.670693 0.919001 0.671919 0.921569 0.672969 0.929038 0.673845 0.935574 0.672269 0.942110 0.668943 0.967320 0.651436 0.987395 0.639881 0.993697 0.633578 0.999767 0.630427 0.999767 0.515056 0.997899 0.514881 0.995098 0.509979 0.985294 0.501576 0.972456 0.493873 0.949813 0.485819 0.929038 0.482318 0.921335 0.482843 0.907796 0.485294 0.883520 0.495273 0.873249 0.501926 0.867880 0.508578 0.869748 0.518032 0.872782 0.525910
1 0.694211 0.707458 0.703081 0.714111 0.710784 0.717962 0.716853 0.722164 0.726891 0.725490 0.741363 0.731793 0.765873 0.738971 0.787348 0.743873 0.793184 0.748074 0.806256 0.748074 0.810224 0.746674 0.816760 0.745973 0.866947 0.745623 0.873716 0.747374 0.882820 0.748424 0.890289 0.750175 0.894725 0.750350 0.900794 0.748775 0.909897 0.741947 0.915733 0.734769 0.919001 0.724615 0.919701 0.714636 0.918768 0.703256 0.916200 0.696779 0.915500 0.691352 0.907563 0.677696 0.905462 0.671919 0.894958 0.659664 0.878351 0.648609 0.862745 0.636380 0.861345 0.636204 0.859244 0.636029 0.849206 0.651786 0.824930 0.679972 0.813492 0.687675 0.807423 0.690126 0.800187 0.695903 0.776377 0.707108 0.769374 0.707983 0.758170 0.708158 0.746732 0.707108 0.737162 0.703957 0.729458 0.699755 0.717787 0.688375 0.716853 0.686099 0.714286 0.685224 0.713352 0.681723 0.700047 0.695203 0.693044 0.699580 0.692344 0.703606 0.694211 0.707458
1 0.920401 0.706583 0.920635 0.712010 0.920401 0.720588 0.918534 0.729867 0.917134 0.734419 0.913399 0.740021 0.904062 0.748249 0.902194 0.751576 0.916900 0.757178 0.932073 0.761555 0.939076 0.762780 0.961251 0.770308 0.976657 0.774510 0.980392 0.776611 0.987628 0.778887 0.994631 0.782913 0.999767 0.784314 0.999767 0.665441 0.994865 0.666141 0.969421 0.674195 0.962418 0.676996 0.949346 0.680672 0.938609 0.685049 0.921802 0.689076 0.917834 0.693277 0.917367 0.696604 0.920401 0.706583
1 0.731559 0.825280 0.734360 0.839636 0.737628 0.848214 0.744631 0.858193 0.765406 0.871324 0.770075 0.872199 0.775910 0.876401 0.784314 0.878852 0.786415 0.880602 0.789683 0.880777 0.796452 0.883403 0.800187 0.886730 0.804622 0.887255 0.814659 0.891632 0.827731 0.894433 0.885621 0.897934 0.892157 0.898985 0.897759 0.898634 0.904062 0.899685 0.911531 0.899510 0.921335 0.897759 0.937208 0.898985 0.942577 0.898634 0.947246 0.896709 0.956816 0.896709 0.980159 0.892857 0.991130 0.889531 0.996265 0.887255 0.998133 0.885154 0.999767 0.885154 0.999767 0.785714 0.997666 0.785539 0.985061 0.778887 0.977358 0.776436 0.969888 0.772934 0.959851 0.770483 0.939776 0.763655 0.929038 0.761555 0.900093 0.753151 0.877451 0.749300 0.850140 0.747199 0.834500 0.747199 0.800187 0.750700 0.790383 0.753676 0.783380 0.757178 0.775210 0.758578 0.762372 0.765406 0.752334 0.773109 0.739262 0.786415 0.734127 0.793417 0.730859 0.800770 0.729225 0.811275 0.729925 0.821429 0.731559 0.825280
1 0.494631 0.838761 0.500467 0.846289 0.505602 0.849965 0.514239 0.853817 0.523343 0.855042 0.534314 0.855217 0.550654 0.857493 0.556956 0.859419 0.581699 0.863620 0.595705 0.867472 0.630952 0.848915 0.636555 0.845413 0.649627 0.834909 0.673203 0.809349 0.678805 0.804622 0.682306 0.800245 0.686041 0.793417 0.689542 0.783263 0.689776 0.761029 0.686275 0.744048 0.679038 0.730392 0.665966 0.714811 0.663866 0.711310 0.661298 0.709734 0.657330 0.709734 0.654995 0.710434 0.543884 0.721639 0.537582 0.723389 0.528011 0.731968 0.518908 0.745448 0.515406 0.755952 0.512138 0.758228 0.510738 0.761029 0.508403 0.762780 0.503035 0.772934 0.500233 0.782563 0.497432 0.786239 0.490430 0.807073 0.490430 0.826681 0.494631 0.838761
1 0.390056 0.642157 0.392390 0.647234 0.395658 0.651786 0.400794 0.656162 0.414799 0.679447 0.422035 0.686275 0.434174 0.693978 0.444444 0.698179 0.446078 0.699755 0.457516 0.704132 0.459851 0.705882 0.464986 0.707108 0.470121 0.709384 0.474090 0.709734 0.484827 0.713936 0.501401 0.717087 0.514006 0.718838 0.526844 0.719188 0.536648 0.721639 0.543884 0.720763 0.550887 0.721113 0.558357 0.719888 0.571662 0.719538 0.603175 0.714286 0.620682 0.714461 0.633287 0.712885 0.650560 0.709384 0.661765 0.707983 0.685341 0.699755 0.687675 0.697654 0.699113 0.692927 0.706583 0.685749 0.708683 0.682248 0.709384 0.677346 0.706816 0.667542 0.700047 0.651085 0.699580 0.647584 0.693511 0.638480 0.687675 0.632528 0.670168 0.618172 0.664799 0.612570 0.654528 0.608718 0.651027 0.605742 0.640756 0.601366 0.637021 0.601015 0.635621 0.601541 0.628618 0.609594 0.612745 0.614321 0.610177 0.613971 0.601307 0.615196 0.584500 0.613796 0.581699 0.612920 0.577498 0.613270 0.564192 0.611345 0.557656 0.608193 0.544468 0.603379 0.532913 0.594538 0.504669 0.579657 0.501401 0.578782 0.466853 0.577031 0.460317 0.576155 0.453081 0.576681 0.436041 0.579307 0.425303 0.582458 0.409197 0.594013 0.404062 0.598915 0.393791 0.612745 0.389122 0.627101 0.388422 0.634104 0.390056 0.642157
1 0.286336 0.531357 0.287114 0.531357 0.287114 0.531045 0.286336 0.531045 0.286336 0.531357
1 0.226891 0.488270 0.230626 0.516807 0.234827 0.524860 0.237162 0.533263 0.249300 0.553221 0.254902 0.558999 0.271242 0.572304 0.276144 0.575280 0.279645 0.576331 0.283147 0.580007 0.289683 0.581933 0.295051 0.585084 0.303221 0.587010 0.317694 0.587710 0.321195 0.587010 0.328198 0.587185 0.338235 0.586310 0.366013 0.582458 0.376050 0.577556 0.394024 0.571604 0.396125 0.569503 0.418768 0.557248 0.421802 0.554797 0.431373 0.543417 0.436041 0.529587 0.437908 0.508228 0.433007 0.495098 0.427871 0.484419 0.424603 0.473739 0.423436 0.465161 0.417600 0.442927 0.417134 0.424195 0.418301 0.419818 0.418301 0.411239 0.416667 0.408088 0.402661 0.393557 0.394024 0.382703 0.389823 0.379377 0.387488 0.373074 0.376751 0.363095 0.368347 0.357668 0.366947 0.355742 0.359010 0.349790 0.348973 0.344363 0.323716 0.335399 0.318627 0.332983 0.312325 0.332458 0.307423 0.333158 0.299953 0.337360 0.293884 0.341912 0.292484 0.344888 0.287582 0.348915 0.279178 0.363445 0.271475 0.372199 0.269608 0.379727 0.269841 0.394783 0.268441 0.400910 0.261438 0.416317 0.254902 0.425070 0.248366 0.435924 0.244164 0.439601 0.240896 0.446078 0.240196 0.450105 0.238095 0.451856 0.234360 0.453256 0.232960 0.456057 0.230859 0.457283 0.228758 0.459909 0.227358 0.463410 0.225957 0.480042 0.225724 0.484594 0.226891 0.488270
1 0.078198 0.352416 0.088235 0.346814 0.092670 0.343312 0.098273 0.340686 0.102474 0.339636 0.106909 0.336835 0.133520 0.328081 0.137021 0.327731 0.150560 0.323880 0.154528 0.323880 0.157796 0.322829 0.172502 0.322654 0.175303 0.323704 0.179038 0.323179 0.182540 0.324580 0.203081 0.328256 0.216853 0.332983 0.227591 0.335259 0.234594 0.337710 0.238095 0.337885 0.241830 0.336660 0.246732 0.330532 0.256303 0.322304 0.270308 0.305497 0.274043 0.299020 0.280345 0.291492 0.285247 0.283263 0.294351 0.262080 0.289683 0.248599 0.289449 0.218312 0.290850 0.203782 0.290149 0.196954 0.287582 0.192227 0.273810 0.179972 0.263072 0.173669 0.247666 0.167542 0.240663 0.166141 0.222222 0.164216 0.202848 0.163515 0.190009 0.166492 0.182540 0.169643 0.178805 0.169118 0.171335 0.172794 0.164799 0.173494 0.154062 0.178396 0.138189 0.187850 0.128852 0.195378 0.118347 0.204832 0.108310 0.216562 0.101074 0.229342 0.094071 0.244748 0.089869 0.258403 0.087068 0.271884 0.078898 0.327206 0.077264 0.344538 0.077031 0.349965 0.078198 0.352416
1 0.253735 0.349440 0.258170 0.354167 0.269141 0.371849 0.276611 0.363971 0.282680 0.355742 0.284781 0.351541 0.291550 0.343487 0.299253 0.336485 0.303922 0.333508 0.310458 0.331408 0.321895 0.332983 0.324230 0.335084 0.327965 0.336835 0.334500 0.338761 0.338235 0.339111 0.348739 0.343137 0.355742 0.346989 0.360177 0.347689 0.364379 0.345588 0.368114 0.338410 0.369048 0.334734 0.373016 0.334559 0.373483 0.333683 0.373716 0.318198 0.375350 0.300245 0.373483 0.299195 0.362979 0.299545 0.352708 0.298669 0.342437 0.295868 0.334967 0.294993 0.325397 0.292192 0.313959 0.285189 0.306022 0.275035 0.303688 0.270308 0.296685 0.263480 0.295285 0.265231 0.294351 0.269258 0.293417 0.269433 0.289916 0.274685 0.286881 0.281688 0.278245 0.295868 0.274977 0.299195 0.266573 0.311625 0.258170 0.320903 0.255836 0.324755 0.247899 0.331583 0.243931 0.337885 0.244631 0.341912 0.253735 0.349440
1 0.091270 0.546919 0.096872 0.564251 0.103408 0.575805 0.105275 0.581057 0.113912 0.593838 0.119281 0.599265 0.128151 0.604867 0.133520 0.606092 0.137955 0.606092 0.151027 0.603992 0.166200 0.596814 0.189309 0.580357 0.202848 0.569153 0.217787 0.552871 0.228291 0.543417 0.234594 0.533613 0.232726 0.525910 0.229458 0.518032 0.227824 0.504377 0.225957 0.498599 0.224790 0.487920 0.225023 0.470063 0.223856 0.466387 0.220355 0.466562 0.206116 0.477416 0.183940 0.492297 0.178571 0.494398 0.168534 0.501225 0.157796 0.506478 0.151027 0.510854 0.142624 0.512780 0.111111 0.526961 0.090803 0.532913 0.089402 0.534839 0.088702 0.536415 0.091270 0.546919
1 0.089169 0.684699 0.088235 0.694853 0.089169 0.703081 0.091970 0.709734 0.093838 0.721639 0.097806 0.734244 0.102708 0.744398 0.123249 0.779762 0.144958 0.806898 0.158263 0.820903 0.178105 0.834909 0.192810 0.841912 0.202848 0.846113 0.215453 0.848564 0.220121 0.850140 0.237628 0.852066 0.265406 0.851891 0.275910 0.848389 0.279412 0.848564 0.286415 0.842437 0.293184 0.840686 0.299253 0.835084 0.303688 0.827556 0.307423 0.817927 0.307890 0.810399 0.306256 0.797094 0.302054 0.788515 0.298786 0.775560 0.290616 0.769083 0.284547 0.758228 0.281046 0.755252 0.275910 0.748775 0.271942 0.747724 0.270308 0.744748 0.262138 0.736870 0.258403 0.730217 0.250934 0.710084 0.250934 0.706057 0.248833 0.697129 0.249767 0.688550 0.252101 0.685049 0.254435 0.667892 0.252801 0.663515 0.243931 0.654937 0.239729 0.648459 0.234594 0.643557 0.220355 0.633228 0.217320 0.632353 0.192577 0.619048 0.179038 0.613095 0.165500 0.610994 0.157330 0.610644 0.150794 0.611169 0.144024 0.612570 0.139823 0.614496 0.133520 0.615371 0.112745 0.622724 0.102241 0.630777 0.095238 0.633578 0.093137 0.636905 0.092437 0.641982 0.088002 0.647234 0.086368 0.657563 0.086368 0.678396 0.089169 0.684699
1 0.308824 0.794993 0.310458 0.811450 0.309757 0.817752 0.304622 0.831232 0.304388 0.835434 0.305322 0.838761 0.309057 0.845588 0.316293 0.854692 0.323763 0.866422 0.330999 0.874475 0.338469 0.879727 0.342204 0.880252 0.345472 0.878676 0.349206 0.878326 0.357376 0.875875 0.452614 0.856968 0.459851 0.857493 0.484127 0.855742 0.494631 0.854867 0.497432 0.853291 0.497199 0.848915 0.491130 0.839286 0.488329 0.832108 0.487162 0.817052 0.487628 0.813200 0.486928 0.807073 0.485994 0.805847 0.477124 0.801646 0.472806 0.800858 0.470355 0.799545 0.463585 0.798669 0.452148 0.794118 0.449346 0.792367 0.442810 0.790441 0.434874 0.783613 0.428105 0.773985 0.422502 0.769083 0.421335 0.766282 0.414799 0.762080 0.412232 0.758403 0.408263 0.754902 0.397759 0.749825 0.387021 0.747374 0.379785 0.751225 0.373716 0.756478 0.357610 0.765231 0.350840 0.769783 0.339636 0.774160 0.319328 0.778011 0.307656 0.776261 0.305089 0.776786 0.303922 0.778011 0.303688 0.783613 0.308824 0.794993
1 0.430439 0.776261 0.436275 0.783438 0.444911 0.790266 0.460317 0.796394 0.470588 0.798669 0.483660 0.799545 0.489029 0.799020 0.490896 0.797619 0.495098 0.790441 0.498833 0.782913 0.502334 0.772234 0.506069 0.765056 0.510971 0.758228 0.511905 0.755252 0.514006 0.753151 0.525444 0.734069 0.528478 0.730567 0.532913 0.727941 0.535481 0.724090 0.534080 0.720763 0.532680 0.720063 0.524977 0.720413 0.510971 0.719713 0.484360 0.715686 0.483193 0.716036 0.466153 0.725315 0.457516 0.728817 0.449580 0.731092 0.445145 0.734244 0.443044 0.740546 0.433940 0.755952 0.430205 0.765756 0.429505 0.772584 0.430439 0.776261
1 0.673669 0.721814 0.683473 0.735644 0.687908 0.746674 0.690476 0.758403 0.691410 0.769783 0.690009 0.785539 0.686041 0.795168 0.680672 0.804797 0.670635 0.813901 0.667134 0.818978 0.654995 0.830882 0.651961 0.835609 0.652894 0.837360 0.661064 0.839111 0.679972 0.839636 0.695845 0.837360 0.713819 0.833683 0.721989 0.830532 0.726424 0.827906 0.727358 0.825105 0.727124 0.810399 0.729925 0.799545 0.735061 0.789916 0.746965 0.776611 0.766106 0.761204 0.775910 0.757003 0.782913 0.756303 0.784781 0.754902 0.786415 0.748074 0.782680 0.743873 0.779645 0.743697 0.766340 0.740196 0.755135 0.736169 0.739029 0.731793 0.723623 0.725665 0.720588 0.723564 0.713119 0.720588 0.692344 0.707983 0.685808 0.706408 0.681839 0.707808 0.674603 0.712185 0.672736 0.715511 0.670635 0.716912 0.671802 0.720238 0.673669 0.721814
1 0.613212 0.873599 0.615079 0.876576 0.619281 0.878676 0.628385 0.881653 0.644024 0.888480 0.655929 0.896008 0.660131 0.901085 0.672969 0.910539 0.676471 0.915091 0.681606 0.925420 0.685341 0.943803 0.689776 0.946078 0.695378 0.946954 0.698880 0.946078 0.700514 0.942577 0.703548 0.942927 0.706816 0.941877 0.710084 0.943277 0.711251 0.942402 0.712652 0.938901 0.710784 0.929272 0.710784 0.916842 0.712652 0.908088 0.717320 0.900735 0.729692 0.888305 0.742063 0.879902 0.752801 0.869748 0.748133 0.863971 0.744164 0.861520 0.736928 0.852591 0.731092 0.837010 0.727358 0.830707 0.692577 0.839111 0.682073 0.840336 0.654295 0.841036 0.650794 0.837710 0.629318 0.852241 0.620682 0.855742 0.613445 0.860644 0.608543 0.862395 0.603408 0.866246 0.601307 0.869223 0.601074 0.869748 0.613212 0.873599
1 0.712185 0.925420 0.713119 0.931373 0.716620 0.942927 0.725490 0.957983 0.727824 0.960084 0.732260 0.962360 0.737628 0.967087 0.744865 0.970238 0.753968 0.972514 0.772409 0.975315 0.776377 0.975315 0.778945 0.976190 0.791083 0.976015 0.799720 0.976891 0.812325 0.976190 0.848973 0.969538 0.865780 0.964811 0.878852 0.959559 0.894258 0.951155 0.905462 0.943627 0.923436 0.925245 0.949813 0.904937 0.952148 0.900735 0.950514 0.899160 0.943978 0.898634 0.936508 0.899685 0.921569 0.898985 0.918534 0.899860 0.908030 0.900385 0.891023 0.899860 0.880019 0.898284 0.870915 0.898109 0.836134 0.895308 0.791317 0.885504 0.790149 0.883578 0.786181 0.882178 0.784314 0.880252 0.772176 0.875525 0.765873 0.873950 0.760037 0.873950 0.748133 0.877801 0.730626 0.888655 0.725724 0.894258 0.721755 0.897409 0.716620 0.904237 0.713819 0.911239 0.712418 0.918242 0.713119 0.922269 0.712185 0.925420
1 0.653361 0.995273 0.652428 0.999825 0.768207 0.999825 0.768207 0.998074 0.765873 0.994573 0.758170 0.986520 0.734360 0.969013 0.720121 0.960609 0.706583 0.954132 0.692577 0.948704 0.685808 0.947129 0.682073 0.948880 0.680205 0.957983 0.672969 0.969888 0.669701 0.973389 0.661298 0.979517 0.654528 0.987745 0.656629 0.990896 0.653361 0.995273
1 0.764239 0.983718 0.764239 0.987745 0.765406 0.991246 0.768674 0.992822 0.770775 0.996324 0.773810 0.998249 0.773810 0.999825 0.999767 0.999825 0.999767 0.917017 0.982726 0.914391 0.972923 0.913866 0.963585 0.911940 0.946312 0.910189 0.942577 0.910889 0.937675 0.915616 0.925537 0.924545 0.919001 0.932073 0.908030 0.942577 0.896359 0.950105 0.888189 0.953957 0.885621 0.956583 0.882820 0.957283 0.878852 0.960259 0.873016 0.962710 0.845238 0.971113 0.828431 0.974440 0.824697 0.974440 0.814192 0.977066 0.799020 0.978116 0.778945 0.977416 0.771709 0.976190 0.765406 0.976716 0.764472 0.977416 0.765640 0.980917 0.764239 0.983718
1 0.768441 0.263831 0.777311 0.275910 0.785714 0.283088 0.808357 0.296744 0.831466 0.307423 0.838002 0.309349 0.845705 0.314426 0.852241 0.316702 0.869281 0.314426 0.884687 0.315651 0.894725 0.316877 0.904762 0.319853 0.921569 0.325805 0.940476 0.345238 0.943044 0.346989 0.954949 0.348039 0.971522 0.348389 0.991130 0.347864 0.999767 0.346639 0.999767 0.215861 0.997043 0.215044 0.995098 0.213410 0.977358 0.210609 0.970355 0.210259 0.965219 0.211134 0.957283 0.209209 0.935341 0.208683 0.921102 0.209209 0.901961 0.211134 0.894725 0.212710 0.876050 0.213585 0.845238 0.217787 0.841970 0.219013 0.835201 0.219538 0.827264 0.221464 0.806956 0.228641 0.796919 0.231092 0.782680 0.238270 0.770542 0.248249 0.767974 0.251751 0.767274 0.260154 0.768441 0.263831
1 0.983427 0.120798 0.986228 0.140756 0.994398 0.164741 0.997432 0.169993 0.998133 0.172969 0.999767 0.172969 0.999767 0.071954 0.998133 0.072129 0.993697 0.077206 0.989496 0.084209 0.985528 0.094363 0.983427 0.111695 0.983427 0.120798
1 0.548319 0.299720 0.537348 0.324580 0.542951 0.326331 0.554622 0.326331 0.570495 0.324580 0.579324 0.324540 0.595877 0.322569 0.594300 0.310549 0.593371 0.300945 0.592904 0.282388 0.593512 0.281189 0.593137 0.277661 0.593838 0.275910 0.593371 0.273810 0.592204 0.273109 0.593137 0.268732 0.591970 0.267332 0.589169 0.267857 0.587068 0.265756 0.584734 0.265581 0.580532 0.267682 0.553688 0.273810 0.551120 0.275560 0.550887 0.286415 0.548319 0.299720
1 0.632820 0.539391 0.638189 0.569678 0.638189 0.582108 0.640523 0.585259 0.644258 0.585084 0.653361 0.582633 0.675303 0.574580 0.675537 0.556373 0.677638 0.541842 0.682540 0.526085 0.687208 0.519083 0.689776 0.511905 0.681139 0.502626 0.677404 0.497374 0.672969 0.494398 0.660131 0.492122 0.644258 0.487220 0.637255 0.486169 0.630486 0.483894 0.626984 0.483368 0.623016 0.483718 0.630719 0.518032 0.632820 0.539391
1 0.408263 0.737745 0.422269 0.736520 0.438842 0.733368 0.457750 0.727591 0.467087 0.723915 0.478758 0.716912 0.480859 0.713410 0.473856 0.710084 0.470121 0.709734 0.452381 0.703606 0.435808 0.695028 0.421569 0.689076 0.420401 0.689951 0.419701 0.692227 0.420635 0.694853 0.411064 0.714286 0.407796 0.718312 0.405696 0.724090 0.402661 0.728817 0.397526 0.734244 0.397292 0.737920 0.408263 0.737745
1 0.256303 0.720413 0.260037 0.727241 0.264939 0.735294 0.268674 0.738095 0.271942 0.742122 0.276844 0.744923 0.285247 0.756127 0.288049 0.758403 0.293184 0.769433 0.299953 0.773634 0.303221 0.774685 0.318161 0.776786 0.334967 0.774335 0.345238 0.771008 0.372782 0.755252 0.387722 0.744223 0.390523 0.741071 0.398693 0.734594 0.402428 0.729517 0.409197 0.716912 0.416900 0.709909 0.417834 0.706583 0.421802 0.701331 0.430205 0.698704 0.434407 0.698704 0.435107 0.697129 0.434874 0.696078 0.431839 0.695553 0.425303 0.692052 0.423436 0.688901 0.417600 0.684524 0.411998 0.678746 0.401027 0.660189 0.392624 0.651261 0.387722 0.644083 0.386788 0.629727 0.388889 0.620098 0.392157 0.611520 0.394024 0.609244 0.394725 0.606092 0.401027 0.598039 0.404062 0.592087 0.403128 0.590511 0.400327 0.589636 0.398693 0.586835 0.397526 0.586310 0.396592 0.584034 0.398459 0.581408 0.395892 0.579832 0.394725 0.578081 0.393791 0.577731 0.383754 0.579307 0.363679 0.584384 0.331933 0.588936 0.306956 0.589811 0.302988 0.588761 0.300420 0.589461 0.296296 0.596055 0.284781 0.608018 0.278245 0.617647 0.274510 0.627276 0.261905 0.647584 0.257703 0.664566 0.257470 0.669993 0.254435 0.681723 0.253035 0.691702 0.252568 0.706583 0.256303 0.720413
1 0.914799 0.688901 0.918534 0.689076 0.928105 0.684874 0.937208 0.682073 0.940243 0.678922 0.939542 0.675945 0.937442 0.673494 0.926004 0.673845 0.921569 0.673319 0.904062 0.668242 0.903828 0.672269 0.914799 0.688901
1 0.256069 0.581232 0.258170 0.600665 0.263305 0.605567 0.271008 0.610469 0.275910 0.612395 0.279412 0.612395 0.287582 0.600315 0.295051 0.592962 0.297619 0.588410 0.295051 0.585959 0.282446 0.577731 0.270775 0.571779 0.255135 0.560749 0.254202 0.562325 0.254669 0.575455 0.256069 0.581232
0 0.294351 0.254902 0.300187 0.265231 0.307656 0.273284 0.313259 0.283263 0.316993 0.286415 0.327965 0.292192 0.353641 0.297969 0.369748 0.298669 0.376751 0.297269 0.394024 0.289916 0.400560 0.286064 0.414799 0.275910 0.429272 0.262255 0.442577 0.246499 0.446779 0.237395 0.451681 0.230217 0.464052 0.206583 0.473156 0.184699 0.478758 0.163165 0.484360 0.136380 0.490196 0.094888 0.491830 0.088936 0.494398 0.060924 0.493464 0.054272 0.491363 0.047794 0.484594 0.038515 0.480159 0.035189 0.470355 0.030462 0.463352 0.030462 0.426237 0.039916 0.410364 0.045693 0.407796 0.047094 0.402661 0.051996 0.398926 0.053571 0.396125 0.056022 0.393791 0.056723 0.383520 0.063901 0.369281 0.075980 0.365780 0.078081 0.365546 0.079132 0.357143 0.085259 0.354342 0.088410 0.348973 0.092262 0.346172 0.095763 0.340480 0.099670 0.337417 0.101967 0.335532 0.104972 0.309757 0.143207 0.308123 0.151261 0.305322 0.157913 0.302073 0.163819 0.300887 0.168768 0.297852 0.175245 0.295518 0.182248 0.294351 0.193277 0.292717 0.199055 0.291317 0.219188 0.291783 0.248424 0.294351 0.254902
1 0.293184 0.192577 0.298086 0.172969 0.304530 0.157595 0.309757 0.143908 0.314893 0.135154 0.322362 0.125350 0.328376 0.114988 0.332400 0.109419 0.334500 0.104692 0.338936 0.100840 0.341281 0.099312 0.343666 0.097524 0.345472 0.096639 0.347106 0.093312 0.350140 0.091912 0.352082 0.090475 0.354046 0.088792 0.355976 0.085959 0.354809 0.087010 0.350140 0.088410 0.347572 0.091036 0.343947 0.093211 0.340336 0.095413 0.339869 0.096639 0.338469 0.096639 0.336793 0.098786 0.334034 0.100665 0.325852 0.107624 0.320261 0.112570 0.317227 0.114496 0.312558 0.119573 0.306256 0.128676 0.296218 0.147409 0.292250 0.160889 0.290149 0.175945 0.289916 0.182423 0.293184 0.192577
1 0.465920 0.029937 0.470822 0.031162 0.481559 0.036064 0.487862 0.042717 0.492764 0.051646 0.493931 0.056898 0.493464 0.072129 0.491130 0.088761 0.494631 0.088235 0.500233 0.083859 0.505369 0.081408 0.508170 0.078256 0.508870 0.075105 0.509104 0.063901 0.502334 0.043943 0.497432 0.035014 0.493231 0.030637 0.488095 0.027136 0.483427 0.025385 0.477824 0.025035 0.471755 0.026085 0.466153 0.028536 0.464986 0.029412 0.465920 0.029937